-0.959664 1.790656 16.485651 6
17.771528 7.389956 7.351323 6
-0.389755 2.487209 16.213910 1
17.201619 8.086509 7.623064 1
-1.130873 1.563325 17.808603 6
17.942737 7.162625 6.028371 6
-0.658603 2.099738 18.418830 1
17.470468 7.699038 5.418144 1
17.071333 0.580087 18.309180 6
-0.259468 6.179387 5.527794 6
16.846146 0.352756 19.639283 8
-0.034281 5.952056 4.197691 8
-1.491433 0.970919 20.669040 6
18.303297 6.570219 3.167934 6
-1.904129 0.750306 21.520020 1
18.715994 6.349606 2.316954 1
-1.509868 1.932878 20.540320 1
18.321733 7.532178 3.296653 1
-0.573303 0.661837 20.664273 1
17.385167 6.261137 3.172701 1
16.421382 11.019422 17.379538 6
0.390483 5.420122 6.457436 6
15.448980 10.122415 17.639122 8
1.362885 4.523115 6.197852 8
14.899842 9.710306 16.364083 6
1.912022 4.111006 7.472891 6
14.896236 8.720350 16.321176 1
1.915629 3.121050 7.515798 1
13.473318 10.228801 16.063737 6
3.338546 4.629501 7.773237 6
12.562106 9.917480 17.074424 8
4.249759 4.318180 6.762550 8
12.461414 8.572528 17.479653 6
4.350451 2.973228 6.357321 6
11.784211 8.490779 18.166158 1
5.027654 2.891479 5.670816 1
13.315896 8.275765 17.830057 1
3.495969 2.676465 6.006917 1
12.218540 8.023797 16.716870 1
4.593324 2.424497 7.120104 1
13.535357 0.576728 16.051818 6
3.276508 6.176028 7.785156 6
13.961494 0.881330 16.890880 1
2.850370 6.480630 6.946094 1
12.244686 1.150096 15.968389 8
4.567179 6.749396 7.868585 8
11.824935 0.798460 15.346244 1
4.986929 6.397760 8.490730 1
14.358903 1.078425 14.879039 6
2.452961 6.677725 8.957935 6
14.995872 1.754821 15.193687 1
1.815992 7.354121 8.643287 1
13.767334 1.501732 14.221139 1
3.044531 7.101032 9.615835 1
16.229040 0.479300 13.284346 6
0.582825 6.078600 10.552628 6
15.791120 1.060507 12.612143 1
1.020745 6.659807 11.224831 1
17.270097 1.339353 14.042361 6
-0.458233 6.938653 9.794613 6
-0.899821 1.229606 13.603761 1
17.711685 6.828906 10.233213 1
17.013472 2.281155 13.956548 1
-0.201607 7.880455 9.880426 1
17.433272 1.021312 15.515486 6
-0.621407 6.620612 8.321488 6
16.679481 11.173963 16.023214 6
0.132383 5.574663 7.813760 6
15.832156 10.259037 15.229443 6
0.979709 4.659737 8.607531 6
15.130188 11.120210 14.204453 6
1.681676 5.520910 9.632521 6
16.621467 9.119020 14.545321 6
0.190398 3.519720 9.291652 6
17.117072 8.622922 15.231826 1
-0.305208 3.023622 8.605148 1
15.986014 8.498618 14.132942 1
0.825851 2.899318 9.704032 1
17.572762 9.589361 13.513181 6
-0.760897 3.990061 10.323793 6
-1.112024 8.816658 13.022139 1
17.923888 3.217358 10.814835 1
-0.712943 10.040665 13.947013 1
17.524808 4.441365 9.889960 1
16.913893 10.540122 12.536341 7
-0.102029 4.940822 11.300633 7
16.251263 10.066422 12.109183 1
0.560602 4.467122 11.727791 1
17.840927 10.999265 11.498956 6
-1.029063 5.399965 12.338018 6
-0.797575 10.232161 11.062740 1
17.609440 4.632861 12.774234 1
-0.503030 0.342677 11.904185 1
17.314895 5.941977 11.932789 1
17.359339 0.329239 10.845823 1
-0.547475 5.928539 12.991151 1
14.022882 10.247839 13.544169 6
2.788982 4.648539 10.292805 6
14.434292 9.534488 13.012604 1
2.377572 3.935188 10.824370 1
13.475023 10.798810 12.948244 1
3.336841 5.199510 10.888730 1
13.135250 9.630796 14.669274 6
3.676615 4.031496 9.167700 6
13.376622 8.672196 14.714564 1
3.435242 3.072896 9.122410 1
11.667263 9.678950 14.323638 6
5.144601 4.079650 9.513336 6
11.481996 9.004794 13.637133 1
5.329869 3.405494 10.199841 1
11.147359 9.440420 15.119793 1
5.664506 3.841120 8.717181 1
11.220377 10.953351 13.849282 8
5.591488 5.354051 9.987692 8
10.393713 10.952231 13.792073 1
6.418151 5.352931 10.044901 1
-1.199039 5.553386 16.194840 6
18.010903 11.152686 7.642134 6
-0.758710 5.104322 15.496417 1
17.570575 10.703622 8.340557 1
16.429408 5.576903 16.254433 6
0.382457 11.176203 7.582541 6
15.942754 5.183832 15.553625 1
0.869110 10.783132 8.283348 1
15.740184 6.151391 17.293725 6
1.071680 0.552091 6.543249 6
14.390642 6.079720 17.493955 8
2.421222 0.480420 6.343019 8
13.681835 5.161435 16.664428 6
3.130029 10.760735 7.172545 6
12.734809 5.196150 16.876578 1
4.077056 10.795450 6.960396 1
14.014093 4.263307 16.816985 1
2.797772 9.862607 7.019989 1
13.812710 5.399965 15.732403 1
2.999154 10.999265 8.104571 1
16.493191 6.817708 18.261506 6
0.318674 1.218408 5.575468 6
16.044892 7.288049 19.473139 8
0.766972 1.688749 4.363835 8
-1.832505 7.516500 20.366311 6
18.644370 1.917200 3.470663 6
-1.905975 8.410149 20.785841 1
18.717840 2.810849 3.051133 1
-1.652289 6.460472 21.453277 6
18.464153 0.861172 2.383697 6
16.244650 6.416798 22.307117 8
0.567214 0.817498 1.529857 8
15.899483 7.565774 23.067040 6
0.912382 1.966474 0.769934 6
15.112779 7.376518 23.600988 1
1.699085 1.777218 0.235986 1
15.713812 8.306002 22.466348 1
1.098052 2.706702 1.370626 1
16.638846 7.800945 23.651046 1
0.173019 2.201645 0.185928 1
-1.520250 5.131199 20.814446 6
18.332115 10.730499 3.022528 6
16.779566 5.011374 20.168464 1
0.032299 10.610674 3.668510 1
-1.550096 4.044934 21.765541 8
18.361960 9.644234 2.071433 8
16.700326 3.864637 21.953853 1
0.111539 9.463937 1.883121 1
-0.167202 5.047209 20.046895 6
16.979066 10.646509 3.790079 6
-0.312818 4.654138 19.160160 1
17.124682 10.253438 4.676814 1
0.455190 4.471601 20.537937 1
16.356675 10.070901 3.299037 1
1.532222 6.419038 18.812140 6
15.279642 0.819738 5.024834 6
2.216890 5.767279 19.105335 1
14.594975 0.167979 4.731639 1
1.008483 5.967734 17.448665 6
15.803382 0.368434 6.388309 6
1.522618 6.430236 16.755009 1
15.289246 0.830936 7.081965 1
1.184936 5.009134 17.353317 1
15.626929 10.608434 6.483657 1
-0.463714 6.207384 17.188842 6
17.275578 0.608084 6.648132 6
-1.174936 6.883779 18.137553 6
17.986801 1.284479 5.699420 6
-0.581161 7.497463 19.362774 6
17.393026 1.898163 4.474200 6
0.454845 6.485109 19.889571 6
16.357019 0.885809 3.947403 6
0.040620 8.874891 19.126788 6
16.771245 3.275590 4.710186 6
-0.636029 9.474016 18.747780 1
17.447894 3.874716 5.089194 1
0.325767 9.248924 19.987303 1
16.486097 3.649624 3.849671 1
1.234322 8.816658 18.189995 6
15.577543 3.217358 5.646979 6
0.934367 8.590446 17.284190 1
15.877497 2.991146 6.552784 1
1.673435 9.692388 18.156623 1
15.138429 4.093088 5.680351 1
2.207567 7.779667 18.675316 7
14.604297 2.180367 5.161658 7
2.467530 8.033876 19.520098 1
14.344335 2.434576 4.316876 1
3.444913 7.724794 17.841975 6
13.366952 2.125494 5.994999 6
3.838210 8.609484 17.789534 1
12.973654 3.010184 6.047440 1
3.220000 7.417953 16.948088 1
13.591864 1.818653 6.888885 1
4.079353 7.112231 18.244820 1
12.732512 1.512931 5.592154 1
0.908061 6.866982 21.315022 6
15.903804 1.267682 2.521952 6
1.324004 7.753911 21.305487 1
15.487860 2.154611 2.531487 1
1.568890 6.219702 21.639205 1
15.242975 0.620402 2.197769 1
-0.339619 6.871461 22.258966 6
17.151483 1.272161 1.578008 6
-0.462633 7.793106 22.597451 1
17.274498 2.193806 1.239523 1
-0.146901 5.930779 23.477036 6
16.958765 0.331479 0.359938 6
1.202948 5.715765 0.023837 1
15.608917 0.116465 23.813137 1
0.265529 5.093123 23.179073 1
16.546335 10.692423 0.657900 1
2.886772 6.519825 0.626912 8
13.925092 0.920525 23.210062 8
3.685639 6.413438 0.431449 1
13.126226 0.814138 23.405525 1
7.778318 6.961050 19.307949 6
9.033546 1.361750 4.529025 6
7.110922 7.600490 19.481959 1
9.700942 2.001190 4.355015 1
8.260555 6.804269 18.018369 6
8.551310 1.204969 5.818605 6
7.858909 7.293648 17.324713 1
8.952955 1.694348 6.512261 1
9.319301 5.948696 17.710872 6
7.492563 0.349396 6.126102 6
9.962611 5.877025 16.510918 8
6.849253 0.277725 7.326056 8
9.552076 6.789711 15.484498 6
7.259789 1.190411 8.352476 6
10.074330 6.632931 14.683576 1
6.737535 1.033631 9.153398 1
9.691334 7.701277 15.787228 1
7.120530 2.101977 8.049746 1
8.610769 6.654208 15.289035 1
8.201096 1.054908 8.547939 1
9.767826 5.137918 18.738245 6
7.044039 10.737218 5.098729 6
10.900174 4.367454 18.722990 8
5.911691 9.966754 5.113984 8
11.165560 3.945267 20.080267 6
5.646304 9.544567 3.756707 6
11.234446 2.958670 20.096953 1
5.577419 8.557970 3.740021 1
12.468926 4.547751 20.659505 6
4.342938 10.147051 3.177469 6
13.633276 4.318180 19.914600 8
3.178589 9.917480 3.922374 8
13.867475 2.935153 19.527249 6
2.944390 8.534453 4.309725 6
14.681623 2.878040 19.005219 1
2.130241 8.477340 4.831755 1
13.119181 2.617113 18.998068 1
3.692683 8.216413 4.838906 1
13.953014 2.387542 20.323404 1
2.858851 7.986842 3.513570 1
12.279872 6.089799 20.645203 6
4.531993 0.490499 3.191771 6
12.056174 6.358565 19.717945 1
4.755691 0.759265 4.119029 1
13.462738 6.785232 21.026595 8
3.349126 1.185932 2.810379 8
13.298923 7.596010 21.088571 1
3.512942 1.996710 2.748403 1
11.131396 6.526544 21.546241 6
5.680468 0.927244 2.290733 6
11.486033 7.049519 22.294722 1
5.325831 1.450219 1.542252 1
10.518180 7.097673 21.038513 1
6.293685 1.498373 2.798461 1
9.035169 5.724724 22.769078 6
7.776696 0.125424 1.067896 6
9.262466 6.333928 23.515175 1
7.549398 0.734628 0.321799 1
8.103540 6.497428 21.817982 6
8.708325 0.898128 2.018992 6
7.175574 6.309291 22.070654 1
9.636291 0.709991 1.766320 1
8.255249 7.457148 21.946702 1
8.556615 1.857848 1.890272 1
8.274785 6.176028 20.352008 6
8.537079 0.576728 3.484966 6
9.182979 5.209589 19.984919 6
7.628885 10.808889 3.852055 6
9.955571 4.370814 20.926479 6
6.856294 9.970114 2.910495 6
10.378964 5.318215 22.080189 6
6.432901 10.917515 1.756785 6
9.152501 3.187122 21.431823 6
7.659363 8.786422 2.405151 6
8.834362 2.675346 20.659505 1
7.977502 8.274646 3.177469 1
9.747915 2.604794 21.946702 1
7.063950 8.204094 1.890272 1
7.982271 3.538758 22.280420 6
8.829593 9.138058 1.556554 6
7.627246 2.724619 22.697567 1
9.184619 8.323919 1.139407 1
7.278759 3.922870 21.720251 1
9.533105 9.522170 2.116723 1
8.358902 4.529834 23.364048 7
8.452962 10.129134 0.472926 7
11.208239 4.113246 0.061976 1
5.603625 9.712546 23.774998 1
9.431618 4.848994 0.390926 6
7.380247 10.448294 23.446048 6
9.702784 5.481715 1.075048 1
7.109080 11.081015 22.761926 1
9.110417 4.037095 0.812841 1
7.701447 9.636395 23.024133 1
6.494835 5.236465 23.691568 1
10.317030 10.835765 0.145406 1
11.376540 4.563429 22.997912 6
5.435325 10.162730 0.839061 6
10.914249 3.835521 23.462733 1
5.897616 9.434821 0.374240 1
11.738304 5.177113 23.670115 1
5.073561 10.776413 0.166859 1
12.545189 3.979982 22.125479 6
4.266675 9.579282 1.711495 6
12.409645 3.001225 22.068270 1
4.402219 8.600525 1.768703 1
13.880095 4.208434 22.835821 6
2.931769 9.807734 1.001153 6
14.165819 5.131199 22.671346 1
2.646046 10.730499 1.165628 1
13.740391 4.111006 23.801218 1
3.071474 9.710306 0.035755 1
14.900498 3.355101 22.449662 8
1.911366 8.954401 1.387312 8
14.696097 2.574558 22.640358 1
2.115767 8.173858 1.196616 1
7.273782 10.945512 19.307949 6
9.538082 5.346212 4.529025 6
6.766810 10.311671 19.782305 1
10.045054 4.712371 4.054669 1
8.681447 11.029501 19.524865 6
8.130418 5.430201 4.312109 6
9.073673 10.500927 20.197068 1
7.738191 4.901627 3.639906 1
9.488195 0.671916 18.776384 6
7.323669 6.271216 5.060590 6
10.846204 0.727909 18.787111 8
5.965661 6.327209 5.049863 8
11.499018 11.057498 19.751317 6
5.312847 5.458198 4.085657 6
12.459012 11.187401 19.706026 1
4.352852 5.588101 4.130948 1
11.287576 10.132493 19.548702 1
5.524288 4.533193 4.288272 1
11.185346 0.073911 20.642819 1
5.626518 5.673211 3.194155 1
8.842742 1.512931 17.880114 6
7.969123 7.112231 5.956860 6
9.446087 2.252038 16.924490 8
7.365777 7.851338 6.912484 8
8.405878 2.734698 16.035132 6
8.405986 8.333998 7.801842 6
8.488372 3.716815 15.946936 1
8.323493 9.316115 7.890038 1
8.472764 2.103097 14.646867 6
8.339101 7.702397 9.190107 6
9.712760 2.245319 13.997071 8
7.099105 7.844619 9.839903 8
10.360585 3.533158 14.044745 6
6.451279 9.132458 9.792229 6
11.201410 3.489484 13.563238 1
5.610455 9.088784 10.273736 1
10.529515 3.776168 14.967236 1
6.282350 9.375468 8.869738 1
9.787961 4.198355 13.632365 1
7.023903 9.797655 10.204609 1
8.259300 0.581207 14.812296 6
8.552564 6.180507 9.024678 6
8.884939 0.267647 15.513103 1
7.926926 5.866947 8.323871 1
8.555217 11.057498 13.619732 8
8.256647 5.458198 10.217242 8
8.152381 0.203815 12.981616 1
8.659484 5.803115 10.855358 1
6.864215 0.287804 15.296186 6
9.947650 5.887104 8.540788 6
6.906388 10.858163 16.047051 1
9.905477 5.258863 7.789923 1
6.352689 11.061977 14.576310 1
10.459176 5.462677 9.260664 1
4.905213 1.183692 16.578615 6
11.906652 6.782992 7.258359 6
4.322538 0.621522 16.008912 1
12.489327 6.220822 7.828062 1
5.238072 0.378513 17.865812 6
11.573792 5.977813 5.971162 6
4.596152 0.627122 18.561852 1
12.215712 6.226422 5.275122 1
5.115001 10.624112 17.675116 1
11.696863 5.024812 6.161858 1
6.645687 0.585687 18.409295 6
10.166178 6.184987 5.427679 6
7.449950 1.500612 17.789295 6
9.361915 7.099912 6.047679 6
7.042211 2.402100 16.671818 6
9.769654 8.001400 7.165156 6
6.140632 1.572283 15.745513 6
10.671233 7.171583 8.091461 6
6.295045 3.648504 17.169772 6
10.516820 9.247804 6.667202 6
6.858724 4.116605 17.820522 1
9.953141 9.715905 6.016452 1
6.148825 4.253228 16.411757 1
10.663039 9.852528 7.425217 1
4.969478 3.339423 17.806220 6
11.842387 8.938723 6.030754 6
5.122810 2.902677 18.671502 1
11.689055 8.501977 5.165472 1
4.489333 4.177078 17.973078 1
12.322532 9.776378 5.863896 1
4.124335 2.449134 16.948327 7
12.687529 8.048434 6.888647 7
2.818965 2.160210 17.613140 6
13.992900 7.759510 6.223834 6
2.369527 2.995626 17.818138 1
14.442338 8.594926 6.018836 1
2.976306 1.668591 18.435516 1
13.835559 7.267891 5.401458 1
2.263045 1.630516 17.021983 1
14.548820 7.229816 6.814991 1
5.909681 2.361785 14.447590 6
10.902183 7.961085 9.389384 6
5.370860 3.159125 14.631135 1
11.441004 8.758425 9.205839 1
5.429774 1.807454 13.796841 1
11.382090 7.406754 10.040133 1
7.323640 2.782852 13.863584 6
9.488224 8.382152 9.973390 6
7.414547 3.758250 14.011373 1
9.397318 9.357550 9.825601 1
7.105606 1.260962 11.918010 8
9.706258 6.860262 11.918964 8
7.163808 1.229606 11.091344 1
9.648057 6.828906 12.745630 1
7.386341 2.558880 12.357087 6
9.425523 8.158180 11.479887 6
6.752447 3.171444 11.928022 1
10.059417 8.770744 11.908952 1
8.283478 2.800770 12.047207 1
8.528386 8.400070 11.789767 1
4.503706 8.224252 21.629670 6
12.308158 2.624952 2.207304 6
4.109533 7.286929 20.876422 8
12.702332 1.687629 2.960552 8
5.149624 8.106667 22.683980 8
11.662240 2.507367 1.152994 8
4.069945 9.649834 21.198221 6
12.741919 4.050534 2.638753 6
3.196033 9.780857 20.362973 8
13.615832 4.181557 3.474001 8
4.713124 10.600595 21.754099 8
12.098741 5.001295 2.082875 8
5.279610 10.284794 22.270885 1
11.532255 4.685494 1.566089 1
2.031561 8.560210 13.875503 6
14.780304 2.960910 9.961471 6
1.823434 8.451583 12.659340 8
14.988431 2.852283 11.177634 8
2.130950 7.607209 14.686436 8
14.680914 2.007909 9.150538 8
2.255755 9.973473 14.471427 6
14.556110 4.374173 9.365547 6
1.686124 10.892878 13.790643 8
15.125740 5.293578 10.046331 8
1.946316 0.436745 14.054280 1
14.865549 6.036045 9.782694 1
2.909067 10.113456 15.487359 8
13.902798 4.514156 8.349615 8
4.384492 2.626072 21.744088 6
12.427372 8.225372 2.092886 6
4.205139 1.676430 20.933154 8
12.606725 7.275730 2.903820 8
4.407103 0.958600 21.298336 1
12.404762 6.557900 2.538638 1
4.790093 2.511846 22.884448 8
12.021771 8.111146 0.952525 8
3.995025 3.991181 21.205372 6
12.816840 9.590481 2.631602 6
3.132680 4.143482 20.388956 8
13.679185 9.742782 3.448018 8
4.725750 4.954261 21.678059 8
12.086114 10.553561 2.158915 8
4.461346 5.678810 21.369847 1
12.350518 0.079510 2.467127 1
3.951114 0.068311 11.487038 6
12.860751 5.667611 12.349936 6
4.262372 10.402380 12.251489 8
12.549492 4.803080 11.585484 8
4.730789 1.038110 11.089437 8
12.081076 6.637410 12.747537 8
5.473775 0.960840 11.451282 1
11.338090 6.560140 12.385692 1
2.608470 0.108626 10.757626 6
14.203395 5.707926 13.079348 6
1.865264 10.206404 10.826038 8
14.946600 4.607104 13.010935 8
2.045544 9.795415 11.525177 1
14.766320 4.196115 12.311797 1
2.285352 1.059388 10.099726 8
14.526513 6.658688 13.737248 8
1.905381 2.974348 13.819962 6
14.906484 8.573648 10.017012 6
1.114076 2.903797 12.881024 8
15.697788 8.503097 10.955950 8
2.380188 2.007909 14.484537 8
14.431677 7.607209 9.352437 8
2.342702 4.370814 14.335556 6
14.469162 9.970114 9.501418 6
1.775716 5.347332 13.699824 8
15.036148 10.946632 10.137150 8
1.937486 6.061802 14.087652 1
14.874378 0.462502 9.749322 1
3.133228 4.487279 15.242076 8
13.678636 10.086579 8.594898 8
5.225418 6.608294 12.805222 6
11.586447 1.008994 11.031752 6
5.250506 5.660892 12.597841 1
11.561358 0.061592 11.239133 1
5.701029 7.102152 12.116334 1
11.110835 1.502852 11.720640 1
4.304615 6.908416 12.838594 1
12.507250 1.309116 10.998380 1
5.868291 6.843464 14.116256 6
10.943573 1.244164 9.720718 6
6.355325 5.961015 14.690727 8
10.456539 0.361715 9.146247 8
5.961417 8.248889 14.647820 6
10.850447 2.649589 9.189153 6
6.424297 8.241050 15.501184 1
10.387568 2.641750 8.335790 1
5.066644 8.607244 14.769389 1
11.745220 3.007944 9.067585 1
6.448596 8.802100 14.018524 1
10.363268 3.202800 9.818450 1
11.229910 0.863412 23.365002 8
5.581955 6.462712 0.471972 8
10.378776 9.681190 22.571231 8
6.433088 4.081890 1.265743 8
13.705195 9.634156 21.427056 8
3.106669 4.034856 2.409918 8
