6.172471 2.868551 9.110354 16
5.769779 7.091349 28.277054 16
1.789029 7.848501 10.056346 16
2.191721 2.111399 29.223046 16
6.686864 1.000472 6.070477 8
5.255386 8.959428 25.237177 8
1.274636 5.980422 13.096223 8
2.706114 3.979478 32.262923 8
2.855790 3.122827 7.401413 8
1.124960 6.837073 26.568113 8
5.105710 8.102777 11.765287 8
6.836540 1.857123 30.931987 8
7.006120 1.715294 9.372516 8
4.936130 8.244606 28.539216 8
0.955380 6.695244 9.794184 8
3.025370 3.264656 28.960884 8
4.958422 2.169864 7.082479 7
6.983828 7.790036 26.249179 7
3.003078 7.149814 12.084221 7
0.977672 2.810086 31.250921 7
5.729892 3.221032 7.652497 7
6.212358 6.738868 26.819197 7
2.231608 8.200982 11.514203 7
1.749142 1.758918 30.680903 7
5.506970 1.178256 6.241444 6
6.435280 8.781644 25.408144 6
2.454530 6.158206 12.925256 6
1.526220 3.801694 32.091956 6
4.347775 0.462139 5.674110 6
7.594475 9.497761 24.840810 6
3.613725 5.442089 13.492590 6
0.367025 4.517811 32.659290 6
4.311152 9.299559 4.854158 6
7.631098 0.660341 24.020858 6
3.650348 4.319609 14.312542 6
0.330402 5.640291 33.479242 6
5.108098 8.900167 4.527175 1
6.834152 1.059733 23.693875 1
2.853402 3.920217 14.639525 1
1.127348 6.039683 33.806225 1
3.063585 8.788616 4.536758 6
0.917165 1.171284 23.703458 6
4.897915 3.808666 14.629942 6
7.044335 6.151234 33.796642 6
3.003078 8.017719 3.986674 1
0.977672 1.942180 23.153374 1
4.958422 3.037769 15.180026 1
6.983828 6.922130 34.346726 1
1.897225 9.383222 5.009409 6
2.083525 0.576678 24.176109 6
6.064275 4.403272 14.157291 6
5.877975 5.556628 33.323991 6
1.057287 9.002754 4.780175 1
2.923463 0.957146 23.946875 1
6.904213 4.022804 14.386525 1
5.038037 5.937096 33.553225 1
1.933052 0.562734 5.812493 6
2.047698 9.397166 24.979193 6
6.028448 5.542684 13.354207 6
5.913802 4.417216 32.520907 6
1.137698 0.976070 6.129511 1
2.843052 8.983830 25.296211 1
6.823802 5.956020 13.037189 1
5.118448 4.003880 32.203889 1
3.184600 1.063717 6.125677 6
0.796150 8.896183 25.292377 6
4.776900 6.043667 13.041023 6
7.165350 3.916233 32.207723 6
3.565160 2.247949 6.943329 6
0.415590 7.711951 26.110029 6
4.396340 7.227899 12.223371 6
7.545910 2.732001 31.390071 6
6.996566 4.362436 9.541183 6
4.945684 5.597464 28.707883 6
0.964934 9.342386 9.625517 6
3.015816 0.617514 28.792217 6
7.789532 4.471995 8.977682 1
4.152718 5.487905 28.144382 1
0.171968 9.451945 10.189018 1
3.808782 0.507955 29.355718 1
7.268053 4.325585 10.480352 1
4.674197 5.634315 29.647052 1
0.693447 9.305535 8.686348 1
3.287303 0.654365 27.853048 1
6.390696 5.120385 9.407016 1
5.551554 4.839515 28.573716 1
1.570804 0.140435 9.759684 1
2.409946 9.819465 28.926384 1
4.768142 2.751920 10.182884 6
7.174108 7.207980 29.349584 6
3.193358 7.731870 8.983816 6
0.787392 2.228030 28.150516 6
3.777732 3.721019 10.093184 6
0.203018 6.238881 29.259884 6
4.183768 8.700969 9.073516 6
7.758482 1.258931 28.240216 6
3.889989 4.470003 9.518183 1
0.090761 5.489897 28.684883 1
4.071511 9.449953 9.648517 1
7.870739 0.509947 28.815217 1
2.631276 3.585564 10.844136 6
1.349474 6.374336 30.010836 6
5.330224 8.565514 8.322564 6
6.612026 1.394386 27.489264 6
1.957733 4.253873 10.790852 1
2.023017 5.706027 29.957552 1
6.003767 9.233823 8.375848 1
5.938483 0.726077 27.542548 1
2.441792 2.494955 11.674437 6
1.538958 7.464945 30.841137 6
5.519708 7.474905 7.492263 6
6.422542 2.484995 26.658963 6
3.449718 1.551752 11.764520 6
0.531032 8.408148 30.931220 6
4.511782 6.531702 7.402180 6
7.430468 3.428198 26.568880 6
3.331888 0.802768 12.339521 1
0.648862 9.157132 31.506221 1
4.629612 5.782718 6.827179 1
7.312638 4.177182 25.993879 1
4.632001 1.670275 11.037719 6
7.310249 8.289625 30.204419 6
3.329499 6.650225 8.128981 6
0.651251 3.309675 27.295681 6
5.326244 1.026866 11.124353 1
6.616007 8.933034 30.291053 1
2.635256 6.006816 8.042347 1
1.345494 3.953084 27.209047 1
1.152029 2.333605 12.442638 6
2.828721 7.626295 31.609338 6
6.809471 7.313555 6.724062 6
5.132779 2.646345 25.890762 6
1.312055 1.785810 13.240356 1
2.668695 8.174090 32.407056 1
6.649445 6.765760 5.926344 1
5.292805 3.194140 25.093044 1
0.484855 1.896365 11.871854 1
3.495895 8.063535 31.038554 1
7.476645 6.876315 7.294846 1
4.465605 3.083585 26.461546 1
0.820831 3.216052 12.715189 1
3.159919 6.743848 31.881889 1
7.140669 8.196002 6.451511 1
4.801581 1.763898 25.618211 1
0.929983 4.869694 4.382773 16
3.050767 5.090206 23.549473 16
7.031517 9.849644 14.783927 16
4.910733 0.110256 33.950627 16
7.359611 7.872006 3.379089 8
4.582639 2.087894 22.545789 8
0.601889 2.892056 15.787611 8
3.378861 7.067844 34.954311 8
0.403648 4.373790 0.612568 8
3.577102 5.586110 19.779268 8
7.557852 9.353740 18.554132 8
4.384398 0.606160 37.720832 8
1.469693 6.039086 5.045059 8
2.511057 3.920814 24.211759 8
6.491807 1.059136 14.121641 8
5.450443 8.900764 33.288341 8
0.104296 5.923949 2.313804 7
3.876454 4.035951 21.480504 7
7.857204 0.943999 16.852896 7
4.085046 9.015901 36.019596 7
7.720267 5.007838 3.344972 7
4.221983 4.952062 22.511672 7
0.241233 0.027888 15.821728 7
3.739517 9.932012 34.988428 7
7.783959 7.302599 2.407338 6
4.158291 2.657301 21.574038 6
0.177541 2.322649 16.759362 6
3.803209 7.637251 35.926062 6
0.104296 7.835453 1.042668 6
3.876454 2.124447 20.209368 6
7.857204 2.855503 18.124032 6
4.085046 7.104397 37.290732 6
0.101111 9.143188 0.588801 6
3.879639 0.816712 19.755501 6
7.860389 4.163238 18.577899 6
4.081861 5.796662 37.744599 6
7.885866 9.870261 1.173002 1
4.056384 0.089639 20.339702 1
0.075634 4.890311 17.993698 1
3.905116 5.069589 37.160398 1
0.367025 9.346370 37.580149 6
3.613725 0.613530 18.413449 6
7.594475 4.366420 19.919951 6
4.347775 5.593480 0.753251 6
0.362248 0.270909 37.233231 1
3.618502 9.688991 18.066531 1
7.599252 5.250859 20.266869 1
4.342998 4.709041 1.100169 1
0.640901 8.286637 36.731064 6
3.339849 1.673263 17.564364 6
7.320599 3.306687 20.769036 6
4.621651 6.653213 1.602336 6
0.831181 8.455955 35.814896 1
3.149569 1.503945 16.648196 1
7.130319 3.476005 21.685204 1
4.811931 6.483895 2.518504 1
0.641697 6.978902 37.200648 6
3.339053 2.980998 18.033948 6
7.319803 1.998952 20.299452 6
4.622447 7.960948 1.132752 6
0.820831 6.249837 36.619897 1
3.159919 3.710063 17.453197 1
7.140669 1.269887 20.880203 1
4.801581 8.690013 1.713503 1
0.374987 6.773728 0.197417 6
3.605763 3.186172 19.364117 6
7.586513 1.793778 18.969283 6
4.355737 8.166122 38.135983 6
0.316072 5.525753 0.987085 6
3.664678 4.434147 20.153785 6
7.645428 0.545803 18.179615 6
4.296822 9.414097 37.346315 6
0.192668 3.770818 5.522310 6
3.788082 6.189082 24.689010 6
7.768832 8.750768 13.644390 6
4.173418 1.209132 32.811090 6
7.369961 4.196106 5.926344 1
4.572289 5.763794 25.093044 1
0.591539 9.176056 13.240356 1
3.389211 0.783844 32.407056 1
0.839142 3.544728 6.221511 1
3.141608 6.415172 25.388211 1
7.122358 8.524678 12.945189 1
4.819892 1.435222 32.111889 1
7.878700 2.953110 5.056175 1
4.063550 7.006790 24.222875 1
0.082800 7.933060 14.110525 1
3.897950 2.026840 33.277225 1
2.331923 3.972008 3.742490 6
1.648827 5.987892 22.909190 6
5.629577 8.951958 15.424210 6
6.312673 1.007942 34.590910 6
2.160751 2.929207 2.848555 6
1.819999 7.030693 22.015255 6
5.800749 7.909157 16.318145 6
6.141501 2.050743 35.484845 6
1.293744 2.698137 2.537671 1
2.687006 7.261763 21.704371 1
6.667756 7.678087 16.629029 1
5.274494 2.281813 35.795729 1
3.270584 2.227034 2.415004 6
0.710166 7.732866 21.581704 6
4.690916 7.206984 16.751696 6
7.251334 2.752916 35.918396 6
3.157531 1.502949 1.809336 1
0.823219 8.456951 20.976036 1
4.803969 6.482899 17.357364 1
7.138281 3.477001 36.524064 1
4.550793 2.561686 2.848555 6
7.391457 7.398214 22.015255 6
3.410707 7.541636 16.318145 6
0.570043 2.418264 35.484845 6
4.687731 3.613452 3.742490 6
7.254519 6.346448 22.909190 6
3.273769 8.593402 15.424210 6
0.706981 1.366498 34.590910 6
5.553942 3.853485 4.051840 1
6.388308 6.106415 23.218540 1
2.407558 8.833435 15.114860 1
1.573192 1.126465 34.281560 1
3.589840 4.317617 4.193291 6
0.390910 5.642283 23.359991 6
4.371660 9.297567 14.973409 6
7.570590 0.662333 34.140109 6
3.698913 5.033733 4.807008 1
0.281837 4.926167 23.973708 1
4.262587 0.053783 14.359692 1
7.679663 9.906117 33.526392 1
5.776068 1.820670 2.359804 6
6.166182 8.139230 21.526504 6
2.185432 6.800620 16.806896 6
1.795318 3.159280 35.973596 6
6.505342 2.459099 2.208004 1
5.436908 7.500801 21.374704 1
1.456158 7.439049 16.958696 1
2.524592 2.520851 36.125396 1
5.566681 1.360522 1.521836 1
6.375569 8.599378 20.688536 1
2.394819 6.340472 17.644864 1
1.585931 3.619428 36.811564 1
6.050740 1.163316 3.032172 1
5.891510 8.796584 22.198872 1
1.910760 6.143266 16.134528 1
2.069990 3.816634 35.301228 1
