2.508892 16.990496 4.156726 11
5.734416 6.906996 8.652117 11
4.425908 15.543715 3.904135 8
3.817400 5.460215 8.904708 8
5.576972 16.246132 2.164694 8
2.666336 6.162632 10.644149 8
3.813228 12.888125 3.085650 8
4.430080 2.804625 9.723193 8
1.880689 14.470226 4.363973 8
6.362619 4.386726 8.444870 8
2.592394 14.278236 4.111639 1
5.650914 4.194736 8.697204 1
-1.623684 15.364834 9.957595 8
9.866992 5.281334 2.851248 8
2.172168 17.793344 8.232243 8
6.071140 7.709844 4.576600 8
2.886949 16.573846 6.499207 8
5.356359 6.490346 6.309636 8
5.121884 15.300703 6.729766 8
3.121424 5.217203 6.079077 8
4.434041 16.073099 6.097009 1
3.809267 5.989599 6.711834 1
4.282862 18.342290 2.678329 8
3.960446 8.258790 10.130514 8
3.068167 19.297802 1.091313 8
5.175141 9.214302 11.717530 8
4.507046 0.825637 3.796541 8
3.736262 10.909137 9.012302 8
2.611108 19.272392 4.914753 8
5.632200 9.188892 7.894090 8
3.030048 19.521656 4.290962 1
5.213260 9.438156 8.517881 1
9.498970 18.063784 6.262243 8
-1.255662 7.980284 6.546600 8
-1.169806 15.447115 3.673576 8
9.413114 5.363615 9.135267 8
0.010928 17.269607 4.296086 8
8.232380 7.186107 8.512757 8
1.519118 17.430540 1.966157 8
6.724190 7.347040 10.842686 8
2.066417 17.867962 1.562679 1
6.176891 7.784462 11.246164 1
5.247588 15.324903 3.054909 6
2.995720 5.241403 9.753934 6
5.952384 13.965648 2.862776 6
2.290924 3.882147 9.946067 6
7.177213 14.143117 1.926450 6
1.066095 4.059617 10.882393 6
7.744244 14.867112 2.267165 1
0.499064 4.783612 10.541678 1
6.868109 14.366971 1.024707 1
1.375198 4.283471 11.784136 1
7.690268 13.310220 1.899551 1
0.553039 3.226720 10.909292 1
6.382939 13.499790 4.247412 6
1.860368 3.416290 8.561431 6
6.990179 12.735461 4.160312 1
1.253129 2.651960 8.648531 1
5.593166 13.231569 4.762328 1
2.650142 3.148069 8.046515 1
6.841647 14.231852 4.709812 1
1.401661 4.148352 8.099031 1
4.934712 13.035949 2.189031 6
3.308596 2.952449 10.619812 6
4.614153 13.473573 1.348771 1
3.629155 3.390073 11.460072 1
5.467470 11.648459 1.838069 6
2.775837 1.564959 10.970774 6
6.199005 11.735177 1.178414 1
2.044303 1.651677 11.630429 1
5.840020 11.224952 2.652711 1
2.403288 1.141452 10.156132 1
4.391485 10.769178 1.271918 6
3.851823 0.685678 11.536925 6
4.745523 9.851579 1.150234 1
3.497785 19.935080 11.658609 1
4.117785 11.112017 0.385546 1
4.125523 1.028517 12.423297 1
3.175656 10.726827 2.199278 6
5.067652 0.643327 10.609565 6
2.439384 10.228702 1.762497 1
5.803924 0.145202 11.046346 1
3.411318 10.254919 3.036977 1
4.831990 0.171419 9.771866 1
2.720824 12.142551 2.516938 6
5.522484 2.059051 10.291905 6
2.426508 12.588241 1.671554 1
5.816800 2.504741 11.137289 1
1.595254 12.197002 3.519870 6
6.648054 2.113502 9.288973 6
0.885208 11.573841 3.223986 1
7.358099 1.490341 9.584857 1
1.936633 11.864246 4.388310 1
6.306675 1.780746 8.420533 1
0.977070 13.550207 3.740182 6
7.266237 3.466707 9.068661 6
0.704713 13.923297 2.853810 1
7.538595 3.839797 9.955033 1
-0.263489 13.459456 4.629116 6
8.506797 3.375956 8.179727 6
-0.944473 12.904863 4.171840 1
9.187781 2.821363 8.637003 1
-0.019159 12.999648 5.471938 1
8.262467 2.916148 7.336905 1
-0.877515 14.802578 4.968550 6
9.120823 4.719078 7.840293 6
-0.202471 15.353137 5.460410 1
8.445779 5.269637 7.348433 1
-2.176934 14.762244 5.780631 6
10.420241 4.678744 7.028212 6
10.872674 15.687909 5.774226 1
-2.629366 5.604409 7.034617 1
10.189420 13.846662 5.179896 6
-1.946112 3.763162 7.628947 6
10.462848 12.912930 5.293895 1
-2.219540 2.829430 7.514948 1
10.092751 14.044299 4.224356 1
-1.849443 3.960799 8.584487 1
9.334567 13.995898 5.633329 1
-1.091259 3.912398 7.175514 1
-1.871682 14.413355 7.245963 6
10.114990 4.329855 5.562881 6
-1.606634 13.461473 7.301041 1
9.849942 3.377972 5.507803 1
-1.104019 14.959881 7.552094 1
9.347327 4.876381 5.256749 1
-3.054581 14.653342 8.184851 6
11.297889 4.569842 4.623992 6
10.030870 15.570941 8.040111 1
-1.787562 5.487441 4.768732 1
9.646679 14.020098 7.954292 1
-1.403371 3.936598 4.854552 1
-2.705632 14.485956 9.645059 6
10.948940 4.402456 3.163784 6
-2.398993 13.546174 9.789799 1
10.642301 3.462674 3.019044 1
-3.896256 14.750144 10.569857 6
12.139564 4.666644 2.238986 6
9.161992 15.649592 10.382848 1
-0.918684 5.566092 2.425995 1
8.819179 14.084633 10.390533 1
-0.575871 4.001133 2.418310 1
-3.483376 14.665442 12.031346 6
11.726683 4.581942 0.777497 6
-3.254222 13.729694 12.258063 1
11.497530 3.646194 0.550780 1
-4.237091 14.947780 12.606463 1
12.480399 4.864280 0.202380 1
-2.281121 15.562874 12.288804 6
10.524429 5.479374 0.520039 6
3.221448 15.431788 0.407321 1
5.021860 5.348288 12.401522 1
-2.546611 16.510723 12.185052 1
10.789919 6.427223 0.623791 1
-1.152584 15.236168 11.305085 6
9.395892 5.152669 1.503758 6
-0.858761 14.292353 11.454948 1
9.102069 4.208853 1.353895 1
0.048598 16.149734 11.452387 6
8.194709 6.066234 1.356456 6
0.323234 16.167884 12.402803 1
7.920074 6.084384 0.406040 1
-0.214285 17.069349 11.196210 1
8.457593 6.985849 1.612633 1
1.240252 15.716143 10.598037 6
7.003056 5.632643 2.210806 6
0.973366 15.728243 9.645059 1
7.269942 5.644743 3.163784 1
1.482408 14.786444 10.832439 1
6.760900 4.702944 1.976404 1
2.463785 16.613575 10.786327 6
5.779523 6.530075 2.022516 6
2.254711 17.525123 10.463544 1
5.988597 7.441623 2.345299 1
2.682215 16.672059 11.749552 1
5.561093 6.588559 1.059291 1
3.663343 16.077132 10.031886 6
4.579965 5.993632 2.776957 6
4.607559 15.405571 10.787608 6
3.635749 5.322071 2.021235 6
4.494579 15.361204 11.730338 1
3.748729 5.277704 1.078505 1
5.718126 14.794511 10.209929 6
2.525182 4.711011 2.598914 6
6.362824 14.360921 10.756866 1
1.880484 4.277421 2.051977 1
5.871569 14.818712 8.875247 6
2.371739 4.735212 3.933596 6
6.639564 14.417388 8.487139 1
1.603744 4.333888 4.321704 1
4.923027 15.425738 8.043953 6
3.320281 5.342238 4.764890 6
3.818961 16.099316 8.625475 6
4.424347 6.015816 4.183368 6
2.913842 16.825328 7.696834 6
5.329465 6.741828 5.112009 6
4.103950 19.241335 1.809890 6
4.139358 9.157835 10.998954 6
5.204112 0.118985 1.622880 6
3.039196 10.202485 11.185963 6
6.367179 19.572074 0.888934 6
1.876129 9.488573 11.919909 6
7.130664 0.014117 0.817204 1
1.112644 10.097617 11.991639 1
0.889765 19.307886 12.801158 1
7.353543 9.224386 0.007685 1
6.631025 18.773460 1.394883 1
1.612283 8.689960 11.413960 1
4.702314 1.276571 0.765969 6
3.540994 11.360071 12.042874 6
4.014518 1.772679 1.257828 1
4.228790 11.856179 11.551015 1
-0.863301 0.925665 12.743518 1
9.106609 11.009165 0.065325 1
5.449796 1.873514 0.554623 1
2.793512 11.957014 12.254220 1
5.683336 0.572743 2.993427 6
2.559972 10.656243 9.815416 6
6.196745 19.991547 3.413557 1
2.046563 9.908047 9.395286 1
6.564665 1.827130 2.992146 6
1.678643 11.910630 9.816697 6
7.400677 1.639577 2.499005 1
0.842631 11.723077 10.309838 1
6.091095 2.559192 2.523342 1
2.152213 12.642692 10.285501 1
6.906339 2.276854 4.413927 6
1.336968 12.360354 8.394916 6
7.502784 1.609327 4.837900 1
0.740524 11.692827 7.970943 1
7.383873 3.142019 4.381905 1
0.859435 13.225519 8.426938 1
5.634574 2.424073 5.243940 6
2.608734 12.507573 7.564903 6
5.866363 2.629777 6.184109 1
2.376945 12.713277 6.624734 1
5.083468 3.166219 4.890416 1
3.159840 13.249719 7.918427 1
4.850539 1.119269 5.177334 6
3.392769 11.202769 7.631509 6
5.443506 0.385190 5.510364 1
2.799802 10.468690 7.298479 1
3.571779 1.093051 5.988134 6
4.671528 11.176551 6.820709 6
2.896566 1.663778 5.539825 1
5.346742 11.747278 7.269018 1
3.750241 1.482274 6.880910 1
4.493066 11.565774 5.927933 1
2.991667 19.856428 6.167458 6
5.251641 9.772928 6.641385 6
3.686953 19.275619 6.592712 1
4.556355 9.192119 6.216132 1
1.754099 19.866512 7.058953 6
6.489209 9.783012 5.749890 6
1.983141 0.165369 7.903056 1
6.260167 10.248869 4.905787 1
1.051726 0.231921 6.608082 1
7.191582 10.315421 6.200761 1
1.176419 18.511289 7.404792 6
7.066889 8.427789 5.404051 6
1.009447 17.995014 6.563251 1
7.233861 7.911514 6.245592 1
-0.111790 18.547590 8.248895 6
8.355098 8.464090 4.559948 6
-0.254341 17.621925 8.601138 1
8.497649 7.538425 4.207705 1
0.014413 19.485355 9.479825 6
8.228895 9.401855 3.329018 6
0.881139 19.338136 9.912764 1
7.362168 9.254636 2.896079 1
-0.705411 19.287719 10.113862 1
8.948719 9.204219 2.694981 1
-0.051349 0.250071 9.187783 1
8.294657 10.333571 3.621060 1
-1.330827 18.892446 7.412477 6
9.574134 8.808946 5.396366 6
-1.326264 18.349953 6.585026 1
9.569572 8.266453 6.223817 1
-1.290047 19.848361 7.152458 1
9.533355 9.764861 5.656385 1
-2.631418 18.632291 8.181008 6
10.874726 8.548791 4.627835 6
-2.630531 17.688476 8.480735 1
10.873839 7.604976 4.328108 1
-2.633270 19.201001 8.991808 1
10.876577 9.117501 3.817035 1
9.501865 18.888412 7.416320 6
-1.258557 8.804912 5.392523 6
9.479681 19.846345 7.129402 1
-1.236373 9.762845 5.679441 1
8.265477 18.602041 8.278355 6
-0.022170 8.518541 4.530488 6
8.318229 17.680409 8.635722 1
-0.074921 7.596909 4.173121 1
8.247683 19.227218 9.045605 1
-0.004375 9.143718 3.763238 1
6.978855 18.759343 7.466275 6
1.264452 8.675843 5.342568 6
6.832830 19.713243 7.249805 1
1.410478 9.629743 5.559038 1
6.206512 18.440705 7.997842 1
2.036796 8.357205 4.811001 1
7.084829 17.946613 6.172581 6
1.158479 7.863113 6.636262 6
7.079129 16.980614 6.389051 1
1.164179 6.897114 6.419792 1
6.301977 18.136183 5.598745 1
1.941331 8.052683 7.210098 1
8.358235 18.287436 5.418141 6
-0.114927 8.203936 7.390702 6
8.331786 19.251418 5.151717 1
-0.088478 9.167918 7.657126 1
8.551595 17.440422 4.187211 6
-0.308287 7.356922 8.621632 6
7.747566 17.515040 3.615936 1
0.495742 7.431540 9.192907 1
8.639902 16.492573 4.460039 1
-0.396594 6.409073 8.348804 1
9.774691 17.833678 3.371287 6
-1.531384 7.750178 9.437556 6
10.564325 17.857879 3.968180 1
-2.321017 7.774379 8.840663 1
9.640553 18.747243 3.012640 1
-1.397245 8.663743 9.796203 1
10.057605 16.875746 2.204402 6
-1.814297 6.792246 10.604441 6
10.131228 15.952097 2.556645 1
-1.887920 5.868597 10.252198 1
9.294876 16.899946 1.574207 1
-1.051568 6.816446 11.234636 1
11.334003 17.222618 1.452523 6
-3.090695 7.139118 11.356320 6
11.236616 17.714693 0.153706 6
-2.993308 7.631193 12.655137 6
5.201554 17.799394 12.551385 1
3.041754 7.715894 0.257458 1
7.190829 18.081732 12.270872 6
1.052479 7.998232 0.537971 6
7.116273 18.394321 11.376814 1
1.127035 8.310821 1.432029 1
0.194191 17.999047 0.057640 6
8.049117 7.915548 12.751203 6
-4.213511 18.257185 12.382309 1
12.456819 8.173685 0.426534 1
0.309551 17.543273 1.355176 6
7.933757 7.459773 11.453667 6
-0.833444 17.131867 2.066066 6
9.076752 7.048366 10.742777 6
-0.621349 16.639792 3.459669 6
8.864657 6.556292 9.349175 6
8.396244 10.367855 9.564363 6
-0.152936 0.284355 3.244480 6
7.958451 9.589409 9.136548 1
0.284857 19.672909 3.672295 1
8.711449 10.089550 10.460982 1
-0.468141 0.006050 2.347861 1
7.296133 11.616192 9.718069 17
0.947175 1.532692 3.090774 17
9.858577 10.912364 8.525566 17
-1.615269 0.828864 4.283277 17
8.648412 9.516807 9.123739 1
-0.405104 19.600307 3.685104 1
7.493768 10.256936 9.956314 1
0.749540 0.173436 2.852529 1
8.373515 11.628292 8.412848 17
-0.130208 1.544792 4.395995 17
-3.871149 10.742961 10.836281 17
12.114457 0.659461 1.972562 17
12.056305 11.700893 0.546938 6
-3.812997 1.617393 12.261905 6
6.358486 11.335871 12.592374 1
1.884822 1.252371 0.216469 1
13.019937 11.581908 0.352243 1
-4.776629 1.498408 12.456600 1
11.698257 13.451187 0.724981 17
-3.454949 3.367687 12.083863 17
11.658389 10.854081 1.948225 17
-3.415082 0.770581 10.860618 17
11.928382 10.724811 0.448310 1
-3.685074 0.641311 12.360534 1
6.462349 12.108267 12.551385 1
1.780959 2.024767 0.257458 1
10.962828 12.180868 1.908518 17
-2.719520 2.097368 10.900325 17
13.235305 11.870296 0.407321 17
-4.991997 1.786796 12.401522 17
