7.379323 7.700758 13.008101 8
10.099813 7.700758 6.813264 8
17.249823 2.927758 13.008101 8
0.229313 2.927758 6.813264 8
10.853768 1.845242 0.206142 8
8.133278 1.845242 6.400979 8
0.983268 6.618242 0.206142 8
18.003778 6.618242 6.400979 8
7.641989 1.283937 0.118928 8
11.345057 1.283937 6.488193 8
17.512489 6.056937 0.118928 8
1.474557 6.056937 6.488193 8
10.591102 8.262063 13.095315 8
6.888034 8.262063 6.726050 8
0.720602 3.489063 13.095315 8
16.758534 3.489063 6.726050 8
7.135730 8.264927 2.600563 8
11.851315 8.264927 4.006558 8
17.006230 3.491927 2.600563 8
1.980815 3.491927 4.006558 8
11.097361 1.281073 10.613680 8
6.381775 1.281073 9.207684 8
1.226861 6.054073 10.613680 8
16.252275 6.054073 9.207684 8
6.624121 7.323691 0.129500 8
12.362925 7.323691 6.477622 8
16.494621 2.550691 0.129500 8
2.492425 2.550691 6.477622 8
11.608970 2.222309 13.084743 8
5.870166 2.222309 6.736621 8
1.738470 6.995309 13.084743 8
15.740666 6.995309 6.736621 8
6.301964 5.780103 3.056454 8
12.685082 5.780103 3.550667 8
16.172464 1.007103 3.056454 8
2.814582 1.007103 3.550667 8
11.931127 3.765897 10.157788 8
5.548009 3.765897 9.663576 8
2.060627 8.538897 10.157788 8
15.418509 8.538897 9.663576 8
6.157901 1.201841 1.793173 8
12.829144 1.201841 4.813949 8
16.028401 5.974841 1.793173 8
2.958644 5.974841 4.813949 8
12.075190 8.344159 11.421070 8
5.403946 8.344159 8.400294 8
2.204690 3.571159 11.421070 8
15.274446 3.571159 8.400294 8
8.078812 4.811184 2.120886 8
10.908233 4.811184 4.486235 8
17.949312 0.038184 2.120886 8
1.037733 0.038184 4.486235 8
10.154279 4.734816 11.093357 8
7.324858 4.734816 8.728007 8
0.283779 9.507816 11.093357 8
17.195358 9.507816 8.728007 8
9.264451 9.089701 2.075958 6
9.722595 9.089701 4.531164 6
19.134951 4.316701 2.075958 6
-0.147905 4.316701 4.531164 6
8.968640 0.456299 11.138285 6
8.510496 0.456299 8.683079 6
-0.901860 5.229299 11.138285 6
18.380996 5.229299 8.683079 6
9.897406 9.286349 1.355781 1
9.089640 9.286349 5.251340 1
0.026906 4.513349 1.355781 1
18.960140 4.513349 5.251340 1
8.335685 0.259651 11.858461 1
9.143451 0.259651 7.962903 1
18.206185 5.032651 11.858461 1
-0.727049 5.032651 7.962903 1
9.366271 7.603389 2.550349 6
9.620775 7.603389 4.056773 6
19.236771 2.830389 2.550349 6
-0.249725 2.830389 4.056773 6
8.866820 1.942611 10.663894 6
8.612316 1.942611 9.157470 6
-1.003680 6.715611 10.663894 6
18.482816 6.715611 9.157470 6
10.065168 7.116543 2.065386 1
8.921878 7.116543 4.541735 1
0.194668 2.343543 2.065386 1
18.792378 2.343543 4.541735 1
8.167923 2.429457 11.148857 1
9.311213 2.429457 8.672507 1
18.038423 7.202457 11.148857 1
-0.559287 7.202457 8.672507 1
7.972828 7.150909 2.132779 6
11.014218 7.150909 4.474343 6
17.843328 2.377909 2.132779 6
1.143718 2.377909 4.474343 6
10.260263 2.395091 11.081464 6
7.218873 2.395091 8.739900 6
0.389763 7.168091 11.081464 6
17.089373 7.168091 8.739900 6
7.816418 9.034334 1.565888 6
11.170628 9.034334 5.041234 6
17.686918 4.261334 1.565888 6
1.300128 4.261334 5.041234 6
10.416673 0.511666 11.648355 6
7.062463 0.511666 8.173009 6
0.546173 5.284666 11.648355 6
16.932963 5.284666 8.173009 6
7.452380 5.788694 2.455206 6
11.534665 5.788694 4.151915 6
17.322880 1.015694 2.455206 6
1.664165 1.015694 4.151915 6
10.780711 3.757306 10.759036 6
6.698426 3.757306 9.062328 6
0.910211 8.530306 10.759036 6
16.568926 8.530306 9.062328 6
5.696574 4.472301 3.310168 6
13.290471 4.472301 3.296954 6
15.567074 9.245301 3.310168 6
3.419971 9.245301 3.296954 6
12.536516 5.073699 9.904075 6
4.942620 5.073699 9.917289 6
2.666016 0.300699 9.904075 6
14.813120 0.300699 9.917289 6
4.855816 4.589717 3.758131 1
14.131229 4.589717 2.848991 1
14.726316 9.362717 3.758131 1
4.260729 9.362717 2.848991 1
13.377275 4.956283 9.456112 1
4.101862 4.956283 10.365252 1
3.506775 0.183283 9.456112 1
13.972362 0.183283 10.365252 1
6.284846 3.951089 3.863845 1
12.702199 3.951089 2.743277 1
16.155346 8.724089 3.863845 1
2.831699 8.724089 2.743277 1
11.948245 5.594911 9.350398 1
5.530892 5.594911 10.470966 1
2.077745 0.821911 9.350398 1
15.401392 0.821911 10.470966 1
5.554832 4.017911 2.476349 1
13.432214 4.017911 4.130772 1
15.425332 8.790911 2.476349 1
3.561714 8.790911 4.130772 1
12.678259 5.528089 10.737894 1
4.800877 5.528089 9.083470 1
2.807759 0.755089 10.737894 1
14.671377 0.755089 9.083470 1
7.109551 0.742679 1.203818 6
11.877495 0.742679 5.403304 6
16.980051 5.515679 1.203818 6
2.006995 5.515679 5.403304 6
11.123540 8.803321 12.010425 6
6.355596 8.803321 7.810939 6
1.253040 4.030321 12.010425 6
16.226096 4.030321 7.810939 6
5.476262 2.457140 12.783458 6
12.002874 2.457140 7.037906 6
15.346762 7.230140 12.783458 6
2.132374 7.230140 7.037906 6
12.756829 7.088860 0.430784 6
6.230217 7.088860 6.176337 6
2.886329 2.315860 0.430784 6
16.100717 2.315860 6.176337 6
5.955497 2.759749 12.009104 1
11.523639 2.759749 7.812260 1
15.825997 7.532749 12.009104 1
1.653139 7.532749 7.812260 1
12.277594 6.786251 1.205139 1
6.709452 6.786251 5.401982 1
2.407094 2.013251 1.205139 1
16.579952 2.013251 5.401982 1
6.969973 3.153998 0.229928 1
12.017073 3.153998 6.377194 1
16.840473 7.926998 0.229928 1
2.146573 7.926998 6.377194 1
11.263118 6.392002 12.984315 1
6.216018 6.392002 6.837049 1
1.392618 1.619002 12.984315 1
16.086518 1.619002 6.837049 1
4.576784 2.232809 12.535031 1
12.902353 2.232809 7.286333 1
14.447284 7.005809 12.535031 1
3.031853 7.005809 7.286333 1
13.656307 7.313191 0.679212 1
5.330738 7.313191 5.927909 1
3.785807 2.540191 0.679212 1
15.201238 2.540191 5.927909 1
7.831355 7.746579 0.691105 6
11.155690 7.746579 5.916016 6
17.701855 2.973579 0.691105 6
1.285190 2.973579 5.916016 6
10.401736 1.799421 12.523138 6
7.077401 1.799421 7.298226 6
0.531236 6.572421 12.523138 6
16.947901 6.572421 7.298226 6
7.669225 6.407275 12.457067 6
9.809912 6.407275 7.364297 6
17.539725 1.634275 12.457067 6
-0.060588 1.634275 7.364297 6
10.563866 3.138725 0.757176 6
8.423179 3.138725 5.849945 6
0.693366 7.911725 0.757176 6
18.293679 7.911725 5.849945 6
8.416774 6.475052 11.857140 1
9.062362 6.475052 7.964224 1
18.287274 1.702052 11.857140 1
-0.808138 1.702052 7.964224 1
9.816317 3.070948 1.357103 1
9.170729 3.070948 5.250019 1
-0.054183 7.843948 1.357103 1
19.041229 7.843948 5.250019 1
6.902585 6.082711 11.978711 1
10.576551 6.082711 7.842653 1
16.773085 1.309711 11.978711 1
0.706051 1.309711 7.842653 1
11.330506 3.463289 1.235532 1
7.656540 3.463289 5.371590 1
1.460006 8.236289 1.235532 1
17.527040 8.236289 5.371590 1
7.884365 5.798240 13.166671 1
9.594771 5.798240 6.654693 1
17.754865 1.025240 13.166671 1
-0.275729 1.025240 6.654693 1
10.348726 3.747760 0.047571 1
8.638319 3.747760 6.559550 1
0.478226 8.520760 0.047571 1
18.508819 8.520760 6.559550 1
4.662765 8.061597 12.196746 6
12.816372 8.061597 7.624618 6
14.533265 3.288597 12.196746 6
2.945872 3.288597 7.624618 6
13.570326 1.484403 1.017497 6
5.416719 1.484403 5.589625 6
3.699826 6.257403 1.017497 6
15.287219 6.257403 5.589625 6
3.831420 7.693121 11.887533 1
13.647717 7.693121 7.933831 1
13.701920 2.920121 11.887533 1
3.777217 2.920121 7.933831 1
14.401671 1.852879 1.326710 1
4.585374 1.852879 5.280411 1
4.531171 6.625879 1.326710 1
14.455874 6.625879 5.280411 1
5.318819 8.001457 11.499034 1
12.160317 8.001457 8.322330 1
15.189319 3.228457 11.499034 1
2.289817 3.228457 8.322330 1
12.914272 1.544543 1.715209 1
6.072774 1.544543 4.891913 1
3.043772 6.317543 1.715209 1
15.943274 6.317543 4.891913 1
4.536465 8.981831 12.438567 1
12.942671 8.981831 7.382797 1
14.406965 4.208831 12.438567 1
3.072171 4.208831 7.382797 1
13.696626 0.564169 0.775676 1
5.290419 0.564169 5.831445 1
3.826126 5.337169 0.775676 1
15.160919 5.337169 5.831445 1
9.493523 0.444844 3.303561 6
-0.376977 5.217844 3.303561 6
8.739568 9.101156 9.910682 6
-1.130932 4.328156 9.910682 6
8.721006 1.012831 3.447596 1
10.266039 1.012831 3.159525 1
18.591506 5.785831 3.447596 1
0.395539 5.785831 3.159525 1
9.512085 8.533169 9.766647 1
7.967052 8.533169 10.054717 1
-0.358415 3.760169 9.766647 1
17.837552 3.760169 10.054717 1
