11.593515 1.628557 31.768775 16
7.778085 21.790443 12.481775 16
5.136315 10.080943 6.805225 16
1.320885 13.338057 26.092225 16
11.900878 5.926646 31.261913 16
7.470722 17.492354 11.974913 16
5.443678 5.782854 7.312087 16
1.013522 17.636146 26.599087 16
1.107668 3.302313 31.215624 16
5.349532 20.116687 11.928624 16
7.564868 8.407187 7.358376 16
11.806732 15.011813 26.645376 16
9.180330 22.927435 31.781890 16
10.191270 0.491565 12.494890 16
2.723130 12.201065 6.792110 16
3.734070 11.217935 26.079110 16
9.696002 3.885446 31.604835 16
9.675598 19.533554 12.317835 16
3.238802 7.824054 6.969165 16
3.218398 15.594946 26.256165 16
7.185056 1.660875 31.504543 16
12.186544 21.758125 12.217543 16
0.727856 10.048625 7.069457 16
5.729344 13.370375 26.356457 16
0.312528 4.625253 26.319812 8
6.144672 18.793747 7.032812 8
6.769728 7.084248 12.254188 8
12.601872 16.334753 31.541188 8
10.644048 5.248198 26.702852 8
8.727552 18.170802 7.415852 8
4.186848 6.461302 11.871148 8
2.270352 16.957698 31.158148 8
11.287186 4.740006 26.697065 1
8.084414 18.678994 7.410065 1
4.829986 6.969494 11.876935 1
1.627214 16.449506 31.163935 1
11.143836 15.969416 22.515644 6
8.227764 7.449584 3.228644 6
4.686636 19.159084 16.058356 6
1.770564 4.259916 35.345356 6
0.605685 7.679090 26.845190 8
5.851515 15.739910 7.558190 8
7.062885 4.030410 11.728810 8
12.308715 19.388590 31.015810 8
0.049075 8.126393 27.248674 1
6.408125 15.292607 7.961674 1
6.506275 3.583107 11.325326 1
12.865325 19.835893 30.612326 1
7.934607 19.496317 22.858952 6
11.436993 3.922682 3.571952 6
1.477407 15.632183 15.715048 6
4.979793 7.786818 35.002048 6
7.195904 20.098186 22.963102 1
12.175696 3.320814 3.676102 1
0.738704 15.030314 15.610898 1
5.718496 8.388686 34.897898 1
8.728843 19.896782 23.221548 1
10.642757 3.522218 3.934548 1
2.271643 15.231718 15.352452 1
4.185557 8.187282 34.639452 1
7.748640 18.678994 23.325698 1
11.622960 4.740006 4.038698 1
1.291440 16.449506 15.248302 1
5.165760 6.969494 34.535302 1
8.274256 18.981099 20.370929 7
11.097344 4.437901 1.083929 7
1.817056 16.147400 18.203071 7
4.640144 7.271599 37.490071 7
11.744355 16.803133 21.478003 6
7.627245 6.615867 2.191003 6
5.287155 18.325367 17.095997 6
1.170045 5.093633 36.382997 6
11.077972 17.390949 21.115408 1
8.293628 6.028051 1.828408 1
4.620772 17.737551 17.458592 1
1.836428 5.681449 36.745592 1
12.093044 16.245760 20.779814 1
7.278556 7.173240 1.492814 1
5.635844 18.882740 17.794186 1
0.821356 4.536260 37.081186 1
12.455939 17.323034 21.856028 1
6.915661 6.095966 2.569028 1
5.998739 17.805466 16.717972 1
0.458461 5.613534 36.004972 1
4.917804 22.491608 20.893993 6
1.539396 0.927392 1.606993 6
11.375004 12.636892 17.680007 6
7.996596 10.782108 36.967007 6
4.623355 15.990493 22.249483 6
1.833845 7.428507 2.962483 6
11.080555 19.138007 16.324517 6
8.291045 4.280993 35.611517 6
10.886839 8.180257 27.479732 8
8.484761 15.238743 8.192732 8
4.429639 3.529243 11.094268 8
2.027561 19.889757 30.381268 8
4.757665 16.896809 21.042117 6
1.699535 6.522192 1.755117 6
11.214865 18.231692 17.531883 6
8.156735 5.187308 36.818883 6
4.480005 16.421403 20.255207 1
1.977195 6.997597 0.968207 1
10.937205 18.707097 18.318793 1
8.434395 4.711903 37.605793 1
5.673296 17.168469 20.945682 1
0.783904 6.250531 1.658682 1
12.130496 17.960031 17.628318 1
7.241104 5.458969 36.915318 1
4.203637 17.671977 21.157839 1
2.253563 5.747023 1.870839 1
10.660837 17.456523 17.416161 1
8.710763 5.962477 36.703161 1
7.347777 20.779445 30.760451 16
12.023823 2.639555 11.473451 16
0.890577 14.349055 7.813549 16
5.566623 9.069945 27.100549 16
5.015695 23.229072 30.534793 16
1.441505 0.189928 11.247793 16
11.472895 11.899428 8.039207 16
7.898705 11.519572 27.326207 16
7.637576 22.465847 31.065571 6
11.734024 0.953153 11.778571 6
1.180376 12.662653 7.508429 6
5.276824 10.756347 26.795429 6
9.896305 2.145180 31.646110 6
9.475295 21.273820 12.359110 6
3.439105 9.564320 6.927890 6
3.018095 13.854680 26.214890 6
11.223905 8.098290 29.823488 6
8.147695 15.320710 10.536488 6
4.766705 3.611210 8.750512 6
1.690495 19.807790 28.037512 6
11.062475 8.576038 30.650900 1
8.309125 14.842962 11.363900 1
4.605275 3.133462 7.923100 1
1.851925 20.285538 27.210100 1
12.174405 8.135761 29.636404 1
7.197195 15.283239 10.349404 1
5.717205 3.573739 8.937596 1
0.739995 19.845261 28.224596 1
10.805478 6.646312 29.994371 6
8.566122 16.772688 10.707371 6
4.348278 5.063188 8.579629 6
2.108922 18.355812 27.866629 6
10.899754 6.168565 29.154229 1
8.471846 17.250435 9.867229 1
4.442554 5.540935 9.419771 1
2.014646 17.878065 28.706771 1
9.879516 6.594790 30.280590 1
9.492084 16.824210 10.993590 1
3.422316 5.114710 8.293410 1
3.034884 18.304290 27.580410 1
8.885107 1.245891 31.630294 6
10.486493 22.173109 12.343294 6
2.427907 10.463609 6.943706 6
4.029293 12.955391 26.230706 6
12.276429 3.189668 31.364905 6
7.095171 20.229332 12.077905 6
5.819229 8.519832 7.209095 6
0.637971 14.899168 26.496095 6
1.207496 4.257574 20.679907 6
5.249704 19.161426 1.392907 6
7.664696 7.451926 17.894093 6
11.706904 15.967074 37.181093 6
5.785651 0.222480 27.849271 6
0.671549 23.196520 8.562271 6
12.242851 11.487020 10.724729 6
7.128749 11.931980 30.011729 6
5.715913 0.810297 27.082805 1
0.741287 22.608703 7.795805 1
12.173113 10.899203 11.491195 1
7.198487 12.519797 30.778195 1
6.711614 0.215455 28.139733 1
12.659986 23.203545 8.852733 1
0.254414 11.494045 10.434267 1
6.202786 11.924955 29.721267 1
4.904889 0.751750 28.976789 6
1.552311 22.667250 9.689789 6
11.362089 10.957750 9.597211 6
8.009511 12.461250 28.884211 6
3.981510 0.744724 28.675912 1
2.475690 22.674276 9.388912 1
10.438710 10.964776 9.898088 1
8.932890 12.454224 29.185088 1
5.148971 1.672117 29.154229 1
1.308229 21.746883 9.867229 1
11.606171 10.037383 9.419771 1
7.765429 13.381617 28.706771 1
11.376295 22.751559 21.346852 6
7.995305 0.667442 2.059852 6
4.919095 12.376941 17.227148 6
1.538105 11.042058 36.514148 6
8.723677 20.360479 29.660706 6
10.647923 3.058521 10.373706 6
2.266477 14.768021 8.913294 6
4.190723 8.650979 28.200294 6
8.644899 20.852278 28.826350 1
10.726701 2.566722 9.539350 1
2.187699 14.276222 9.747650 1
4.269501 9.142778 29.034650 1
9.566988 20.599352 30.076148 1
9.804612 2.819648 10.789148 1
3.109788 14.529148 8.497852 1
3.347412 8.889852 27.784852 1
8.679768 18.864005 29.390688 6
10.691832 4.554996 10.103688 6
2.222568 16.264495 9.183312 6
4.234632 7.154504 28.470312 6
8.859278 18.393283 30.218872 1
10.512322 5.025717 10.931872 1
2.402078 16.735217 8.355128 1
4.055122 6.683783 27.642128 1
7.783509 18.627473 29.104083 1
11.588091 4.791527 9.817083 1
1.326309 16.501027 9.469917 1
5.130891 6.917973 28.756917 1
7.455483 3.398097 21.358424 6
11.916117 20.020903 2.071424 6
0.998283 8.311403 17.215576 6
5.458917 15.107597 36.502576 6
6.773603 3.264609 20.698808 1
12.597997 20.154391 1.411808 1
0.316403 8.444891 17.875192 1
6.140797 14.974109 37.162192 1
7.737017 2.547987 21.705590 1
11.634583 20.871013 2.418590 1
1.279817 9.161513 16.868410 1
5.177383 14.257487 36.155410 1
8.205810 3.845400 20.961112 1
11.165790 19.573600 1.674112 1
1.748610 7.864100 17.612888 1
4.708590 15.554900 36.899888 1
6.690951 0.044496 30.967593 6
12.680649 23.374504 11.680593 6
0.233751 11.665004 7.606407 6
6.223449 11.753996 26.893407 6
1.336640 2.868828 29.458964 6
5.120560 20.550172 10.171964 6
7.793840 8.840673 9.115036 6
11.577760 14.578328 28.402036 6
2.284557 2.854776 29.254522 1
4.172643 20.564224 9.967522 1
8.741757 8.854724 9.319478 1
10.629843 14.564276 28.606478 1
0.982786 1.981247 29.300810 1
5.474414 21.437753 10.013810 1
7.439986 9.728253 9.273190 1
11.931614 13.690747 28.560190 1
1.845468 5.529226 20.081624 6
4.611732 17.889774 0.794624 6
8.302668 6.180274 18.492376 6
11.068932 17.238726 37.779376 6
1.997858 5.398080 19.140419 1
4.459342 18.020920 38.427419 1
8.455058 6.311420 19.433581 1
10.916542 17.107579 0.146581 1
2.682321 5.704868 20.517511 1
3.774879 17.714132 1.230511 1
9.139521 6.004632 18.056489 1
10.232079 17.414368 37.343489 1
1.253988 6.273950 20.208919 1
5.203212 17.145050 0.921919 1
7.711188 5.435550 18.365081 1
11.660412 17.983450 37.652081 1
1.016363 3.611210 27.090520 6
5.440837 19.807790 7.803520 6
7.473563 8.098290 11.483480 6
11.898037 15.320710 30.770480 6
1.975903 3.690834 26.970941 1
4.481297 19.728166 7.683941 1
8.433103 8.018666 11.603059 1
10.938497 15.400334 30.890059 1
0.741287 2.721288 26.816645 1
5.715913 20.697712 7.529645 1
7.198487 8.988212 11.757355 1
12.173113 14.430788 31.044355 1
5.373682 22.245708 27.454659 6
1.083518 1.173292 8.167659 6
11.830882 12.882792 11.119341 6
7.540718 10.536208 30.406341 6
5.396928 21.676626 28.240025 1
1.060272 1.742374 8.953025 1
11.854128 13.451874 10.333975 1
7.517472 9.967126 29.620975 1
4.459342 22.266785 27.129094 1
1.997858 1.152215 7.842094 1
10.916542 12.861715 11.444906 1
8.455058 10.557285 30.731906 1
10.483910 8.768074 28.722972 6
8.887690 14.650926 9.435972 6
4.026710 2.941426 9.851028 6
2.430490 20.477574 29.138028 6
9.528244 8.655662 28.849495 1
9.843356 14.763338 9.562495 1
3.071044 3.053838 9.724505 1
3.386156 20.365162 29.011505 1
10.682792 9.718885 28.718343 1
8.688808 13.700115 9.431343 1
4.225592 1.990615 9.855657 1
2.231608 21.428385 29.142657 1
8.360783 10.571337 22.924528 6
11.010817 12.847663 3.637528 6
1.903583 1.138163 15.649472 6
4.553617 22.280837 34.936472 6
0.631514 3.871161 28.527016 6
5.825686 19.547839 9.240016 6
7.088714 7.838339 10.046984 6
12.282886 15.580661 29.333984 6
12.585083 3.789194 28.625765 1
6.786517 19.629806 9.338765 1
6.127883 7.920306 9.948235 1
0.329317 15.498694 29.235235 1
0.883345 4.775134 28.772347 1
5.573855 18.643866 9.485347 1
7.340545 6.934366 9.801653 1
12.031055 16.484634 29.088653 1
2.167036 3.105359 20.471222 6
4.290164 20.313641 1.184222 6
8.624236 8.604141 18.102778 6
10.747364 14.814859 37.389778 6
2.364627 3.018709 19.533874 1
4.092573 20.400291 0.246874 1
8.821827 8.690791 19.040126 1
10.549773 14.728209 38.327126 1
1.765398 2.292720 20.787529 1
4.691802 21.126280 1.500529 1
8.222598 9.416780 17.786471 1
11.149002 14.002220 37.073471 1
2.978061 3.271634 20.957254 1
3.479139 20.147366 1.670254 1
9.435261 8.437866 17.616746 1
9.936339 14.981134 36.903746 1
10.671169 0.459012 20.625518 6
8.700431 22.959988 1.338518 6
4.213969 11.250488 17.948482 6
2.243231 12.168512 37.235482 6
11.080555 0.597185 19.769175 1
8.291045 22.821815 0.482175 1
4.623355 11.112315 18.804825 1
1.833845 12.306684 38.091825 1
10.739615 1.262284 21.146267 1
8.631985 22.156716 1.859267 1
4.282415 10.447216 17.427733 1
2.174785 12.971784 36.714733 1
9.746498 0.231848 20.505938 1
9.625102 23.187152 1.218938 1
3.289298 11.477652 18.068062 1
3.167902 11.941348 37.355062 1
9.360357 10.892177 21.856028 6
10.011243 12.526823 2.569028 6
2.903157 0.817323 16.717972 6
3.554043 22.601677 36.004972 6
9.823984 10.091247 21.601440 1
9.547616 13.327753 2.314440 1
3.366784 1.618253 16.972560 1
3.090416 21.800747 36.259560 1
9.990580 11.533857 22.191622 1
9.381020 11.885143 2.904622 1
3.533380 0.175643 16.382378 1
2.923820 23.243357 35.669378 1
8.907062 11.257513 21.092263 1
10.464538 12.161487 1.805263 1
2.449862 0.451987 17.481737 1
4.007338 22.967013 36.768737 1
6.901455 4.252890 22.496357 6
12.470145 19.166110 3.209357 6
0.444255 7.456610 16.077643 6
6.012945 15.962390 35.364643 6
6.379714 5.564354 21.944749 6
0.077486 17.854646 2.657749 6
12.836914 6.145146 16.629251 6
6.534686 17.273854 35.916251 6
6.033608 6.100650 22.662225 1
0.423592 17.318351 3.375225 1
12.490808 5.608850 15.911775 1
6.880792 17.810149 35.198775 1
5.679753 5.388712 21.308278 1
0.777447 18.030288 2.021278 1
12.136953 6.320788 17.265722 1
7.234647 17.098212 36.552722 1
7.093880 6.035076 21.508862 1
12.277720 17.383924 2.221862 1
0.636680 5.674424 17.065138 1
5.820520 17.744576 36.352138 1
7.469689 9.543242 22.164620 6
11.901911 13.875758 2.877620 6
1.012489 2.166258 16.409380 6
5.444711 21.252743 35.696380 6
6.763271 9.243479 22.743230 1
12.608329 14.175521 3.456230 1
0.306071 2.466021 15.830770 1
6.151129 20.952979 35.117770 1
8.004345 8.791493 21.898460 1
11.367255 14.627507 2.611460 1
1.547145 2.918007 16.675540 1
4.910055 20.500993 35.962540 1
7.092588 9.960101 21.385426 1
12.279012 13.458899 2.098426 1
0.635388 1.749399 17.188574 1
5.821812 21.669601 36.475574 1
5.710748 3.496457 23.144400 6
0.746452 19.922543 3.857400 6
12.167948 8.213043 15.429600 6
7.203652 15.205957 34.716600 6
5.347853 4.023384 23.858019 1
1.109347 19.395616 4.571019 1
11.805053 7.686116 14.715981 1
7.566547 15.732884 34.002981 1
6.015528 2.655715 23.487709 1
0.441672 20.763285 4.200709 1
12.472728 9.053785 15.086291 1
6.898872 14.365215 34.373291 1
5.030159 3.344233 22.480927 1
1.427041 20.074767 3.193927 1
11.487359 8.365267 16.093073 1
7.884241 15.053733 35.380073 1
2.343964 10.309044 22.025754 6
4.113236 13.109956 2.738754 6
8.801164 1.400456 16.548246 6
10.570436 22.018544 35.835246 6
1.593637 19.121613 36.190127 6
4.863563 4.297387 16.903127 6
8.050837 16.006887 2.383873 6
11.320763 7.412114 21.670873 6
1.510985 18.887424 34.874753 6
4.946215 4.531576 15.587753 6
7.968185 16.241077 3.699247 6
11.403415 7.177924 22.986247 6
1.370218 19.716456 34.411865 1
5.086982 3.702544 15.124865 1
7.827418 15.412044 4.162135 1
11.544182 8.006956 23.449135 1
0.776155 18.294923 34.701170 1
5.681045 5.124077 15.414170 1
7.233355 16.833577 3.872830 1
12.138245 6.585423 23.159830 1
2.327175 18.484617 34.570019 1
4.130025 4.934383 15.283019 1
8.784375 16.643883 4.003981 1
10.587225 6.775117 23.290981 1
12.858868 23.196520 21.559009 6
6.512732 0.222480 2.272009 6
6.401668 11.931980 17.014991 6
0.055532 11.487020 36.301991 6
0.347397 23.383872 20.706523 1
6.109803 0.035129 1.419523 1
6.804597 11.744628 17.867477 1
12.567003 11.674371 37.154477 1
0.430050 22.491608 21.994895 1
6.027150 0.927392 2.707895 1
6.887250 12.636892 16.579105 1
12.484350 10.782108 35.866105 1
12.880823 0.566740 22.102902 1
6.490777 22.852260 2.815902 1
6.423623 11.142760 16.471098 1
0.033577 12.276240 35.758098 1
8.124449 19.226999 21.520435 6
11.247151 4.192001 2.233435 6
1.667249 15.901501 17.053565 6
4.789951 7.517499 36.340565 6
1.474824 19.571258 37.374349 7
4.982376 3.847742 18.087349 7
7.932024 15.557242 1.199651 7
11.439576 7.861758 20.486651 7
5.403385 14.709474 22.060471 6
1.053815 8.709526 2.773471 6
11.860585 20.419026 16.513529 6
7.511015 2.999974 35.800529 6
5.094731 14.262171 21.265846 1
1.362469 9.156829 1.978846 1
11.551931 20.866329 17.308154 1
7.819669 2.552671 36.595154 1
5.274241 14.138050 22.820378 1
1.182959 9.280950 3.533378 1
11.731441 20.990450 15.753622 1
7.640159 2.428550 35.040622 1
6.337096 14.913219 21.967893 1
0.120104 8.505781 2.680893 1
12.794296 20.215281 16.606107 1
6.577304 3.203719 35.893107 1
3.120119 15.627499 22.411494 6
3.337081 7.791501 3.124494 6
9.577319 19.501001 16.162506 6
9.794281 3.917999 35.449506 6
2.821796 15.145067 21.636157 1
3.635404 8.273933 2.349157 1
9.278996 19.983433 16.937843 1
10.092604 3.435567 36.224843 1
2.604834 16.430770 22.507929 1
3.852366 6.988230 3.220929 1
9.062034 18.697730 16.066071 1
10.309566 4.721270 35.353071 1
3.005181 15.079494 23.194546 1
3.452019 8.339506 3.907546 1
9.462381 20.049006 15.379454 1
9.909219 3.369994 34.666454 1
12.833039 3.997623 19.869467 6
6.538561 19.421377 0.582467 6
6.375839 7.711877 18.704533 6
0.081361 15.707123 37.991533 6
0.134310 3.941418 18.935977 1
6.322890 19.477582 38.222977 1
6.591510 7.768082 19.638023 1
12.780090 15.650918 0.351023 1
12.215731 4.718929 20.012191 1
7.155869 18.700071 0.725191 1
5.758531 6.990571 18.561809 1
0.698669 16.428428 37.848809 1
12.435276 3.173275 20.154915 1
6.936324 20.245726 0.867915 1
5.978076 8.536226 18.419085 1
0.479124 14.882775 37.706085 1
3.031010 11.491703 22.353633 6
3.426190 11.927297 3.066633 6
9.488210 0.217797 16.220367 6
9.883390 23.201203 35.507367 6
3.448145 9.304369 21.265846 6
3.009055 14.114631 1.978846 6
9.905345 2.405131 17.308154 6
9.466255 21.013869 36.595154 6
6.160169 22.257418 20.062337 6
0.297031 1.161582 0.775337 6
12.617369 12.871082 18.511663 6
6.754231 10.547918 37.798663 6
5.462791 21.250401 20.178059 6
0.994409 2.168599 0.891059 6
11.919991 13.878099 18.395941 6
7.451609 9.540901 37.682941 6
11.334969 21.522061 20.490509 6
8.036631 1.896939 1.203509 6
4.877769 13.606439 18.083491 6
1.579431 9.812561 37.370491 6
11.710778 21.716439 19.630309 1
7.660822 1.702561 0.343309 1
5.253578 13.412061 18.943691 1
1.203622 10.006939 38.230691 1
10.424504 21.236349 20.386359 1
8.947096 2.182651 1.099359 1
3.967304 13.892151 18.187641 1
2.489896 9.526849 37.474641 1
11.842505 20.824175 20.910965 1
7.529095 2.594825 1.623965 1
5.385305 14.304325 17.663035 1
1.071895 9.114675 36.950035 1
10.176547 1.797408 28.079943 17
9.195053 21.621592 8.792943 17
3.719347 9.912092 10.494057 17
2.737853 13.506908 29.781057 17
12.273846 23.261390 27.796039 17
7.097754 0.157610 8.509039 17
5.816646 11.867110 10.777961 17
0.640554 11.551890 30.064961 17
11.404707 4.238839 31.327488 6
7.966893 19.180161 12.040488 6
4.947507 7.470661 7.246512 6
1.509693 15.948339 26.533512 6
9.650931 18.404992 28.355362 6
9.720669 5.014008 9.068362 6
3.193731 16.723508 10.218638 6
3.263469 6.695492 29.505638 6
10.538150 18.732858 28.567904 1
8.833450 4.686142 9.280904 1
4.080950 16.395642 10.006096 1
2.376250 7.023358 29.293096 1
9.681926 17.435446 28.344175 1
9.689674 5.983555 9.057175 1
3.224726 17.693055 10.229825 1
3.232474 5.725945 29.516825 1
10.676334 0.189694 28.409751 6
8.695266 23.229306 9.122751 6
4.219134 11.519806 10.164249 6
2.238066 11.899194 29.451249 6
10.042237 22.990432 28.008581 1
9.329363 0.428568 8.721581 1
3.585037 12.138068 10.565419 1
2.872163 11.280932 29.852419 1
10.667294 0.044496 29.370244 1
8.704306 23.374504 10.083244 1
4.210094 11.665004 9.203756 1
2.247106 11.753996 28.490756 1
7.609164 11.728235 23.395131 6
11.762436 11.690765 4.108131 6
1.151964 23.400265 15.178869 6
5.305236 0.018735 34.465869 6
6.978942 11.449549 24.062461 1
12.392658 11.969451 4.775461 1
0.521742 0.259951 14.511539 1
5.935458 23.159049 33.798539 1
7.140372 12.126358 22.662225 1
12.231228 11.292642 3.375225 1
0.683172 23.002142 15.911775 1
5.774028 0.416858 35.198775 1
8.213558 12.369916 23.777014 1
11.158042 11.049084 4.490014 1
1.756358 22.758584 14.796986 1
4.700842 0.660416 34.083986 1
0.885928 10.191949 24.166611 6
5.571272 13.227051 4.879611 6
7.343128 1.517551 14.407389 6
12.028472 21.901449 33.694389 6
0.530782 11.016298 23.927452 1
5.926418 12.402702 4.640452 1
6.987982 0.693202 14.646548 1
12.383618 22.725798 33.933548 1
10.003494 15.231718 21.786595 6
9.368106 8.187282 2.499595 6
3.546294 19.896782 16.787405 6
2.910906 3.522218 36.074405 6
9.304825 15.854663 21.574438 1
10.066775 7.564337 2.287438 1
2.847625 19.273837 16.999562 1
3.609575 4.145163 36.286562 1
9.654805 14.543199 22.357490 1
9.716795 8.875801 3.070490 1
3.197605 20.585301 16.216510 1
3.259595 2.833699 35.503510 1
10.340560 14.840620 20.980399 1
9.031040 8.578380 1.693399 1
3.883360 20.287880 17.593601 1
2.573840 3.131120 36.880601 1
12.197651 15.053733 22.924528 6
7.173949 8.365267 3.637528 6
5.740451 20.074767 15.649472 6
0.716749 3.344233 34.936472 6
11.868334 14.475284 23.615003 1
7.503266 8.943716 4.328003 1
5.411134 20.653216 14.958997 1
1.046066 2.765784 34.245997 1
0.032286 15.554900 23.256265 1
6.424914 7.864100 3.969265 1
6.489486 19.573600 15.317735 1
12.882114 3.845400 34.604735 1
12.474019 14.526806 22.172335 1
6.897581 8.892194 2.885335 1
6.016819 20.601694 16.401665 1
0.440381 2.817306 35.688665 1
1.199748 10.201316 21.061404 6
5.257452 13.217684 1.774404 6
7.656948 1.508184 17.512596 6
11.714652 21.910816 36.799596 6
3.809748 21.566557 20.370929 6
2.647452 1.852443 1.083929 6
10.266948 13.561943 18.203071 6
9.104652 9.857057 37.490071 6
5.540278 0.306789 20.320783 6
0.916922 23.112211 1.033783 6
11.997478 11.402711 18.253217 6
7.374122 12.016289 37.540217 6
3.365493 22.674276 20.760527 6
3.091707 0.744724 1.473527 6
9.822693 12.454224 17.813473 6
9.548907 10.964776 37.100473 6
1.423167 19.269153 21.400855 6
5.034033 4.149847 2.113855 6
7.880367 15.859347 17.173145 6
11.491233 7.559653 36.460145 6
1.437373 19.517395 22.430781 7
5.019827 3.901605 3.143781 7
7.894573 15.611105 16.143219 7
11.477027 7.807895 35.430219 7
1.385715 18.922552 19.962045 6
5.071485 4.496448 0.675045 6
7.842915 16.205948 18.611955 6
11.528685 7.213052 37.898955 6
0.525616 18.554874 19.746031 1
5.931584 4.864126 0.459031 1
6.982816 16.573626 18.827969 1
12.388784 6.845374 38.114969 1
2.067595 18.276188 19.769175 1
4.389605 5.142812 0.482175 1
8.524795 16.852312 18.804825 1
10.846805 6.566688 38.091825 1
1.538105 19.714114 19.441296 1
4.919095 3.704886 0.154296 1
7.995305 15.414386 19.132704 1
11.376295 8.004614 38.419704 1
1.973320 9.552610 20.783671 6
4.483880 13.866390 1.496671 6
8.430520 2.156890 17.790329 6
10.941080 21.262110 37.077329 6
3.818788 10.681406 22.145333 6
2.638412 12.737594 2.858333 6
10.275988 1.028094 16.428667 6
9.095612 22.390906 35.715667 6
4.326324 0.473064 20.772099 6
2.130876 22.945936 1.485099 6
10.783524 11.236436 17.801901 6
8.588076 12.182564 37.088901 6
4.995290 3.950785 27.291105 7
1.461910 19.468215 8.004105 7
11.452490 7.758715 11.282895 7
7.919110 15.660285 30.569895 7
5.993573 4.018700 27.723134 6
0.463627 19.400300 8.436134 6
12.450773 7.690800 10.850866 6
6.920827 15.728200 30.137866 6
7.291470 4.149847 28.398179 6
12.080130 19.269153 9.111179 6
0.834270 7.559653 10.175821 6
5.622930 15.859347 29.462821 6
7.389620 3.444935 29.042365 1
11.981980 19.974065 9.755365 1
0.932420 8.264565 9.531635 1
5.524780 15.154435 28.818635 1
7.336671 4.999956 28.845637 1
12.034929 18.419044 9.558637 1
0.879471 6.709543 9.728363 1
5.577729 16.709457 29.015363 1
7.996596 4.091299 27.750136 1
11.375004 19.327701 8.463136 1
1.539396 7.618201 10.823864 1
4.917804 15.800799 30.110864 1
3.556626 1.765793 25.408694 6
2.900574 21.653207 6.121694 6
10.013826 9.943707 13.165306 6
9.357774 13.475293 32.452306 6
2.815339 1.255258 24.263046 6
3.641861 22.163742 4.976046 6
9.272539 10.454242 14.310954 6
10.099061 12.964758 33.597954 6
2.229025 23.374504 26.376901 7
4.228175 0.044496 7.089901 7
8.686225 11.753996 12.197099 7
10.685375 11.665004 31.484099 7
1.539396 23.163733 25.123246 7
4.917804 0.255267 5.836246 7
7.996596 11.964767 13.450754 7
11.375004 11.454233 32.737754 7
2.613875 0.625287 25.481984 6
3.843325 22.793713 6.194984 6
9.071075 11.084213 13.092016 6
10.300525 12.334787 32.379016 6
9.134355 21.568899 26.446334 8
10.237245 1.850101 7.159334 8
2.677155 13.559601 12.127666 8
3.780045 9.859399 31.414666 8
9.560530 20.971715 26.812787 1
9.811070 2.447286 7.525787 1
3.103330 14.156786 11.761213 1
3.353870 9.262215 31.048213 1
6.229907 21.676626 26.426662 8
0.227293 1.742374 7.139662 8
12.687107 13.451874 12.147338 8
6.684493 9.967126 31.434338 8
9.052994 17.018587 25.559518 6
10.318606 6.400413 6.272518 6
2.595794 18.109913 13.014482 6
3.861406 5.309087 32.301482 6
6.249278 18.861663 26.911923 8
0.207922 4.557337 7.624923 8
12.706478 16.266837 11.662077 8
6.665122 7.152163 30.949077 8
5.789526 19.533788 27.005657 1
0.667674 3.885212 7.718657 1
12.246726 15.594712 11.568343 1
7.124874 7.824288 30.855343 1
6.268650 23.023219 23.005148 6
0.188550 0.395781 3.718148 6
12.725850 12.105281 15.568852 6
6.645750 11.313719 34.855852 6
6.734860 0.234190 22.504072 1
12.636740 23.184810 3.217072 1
0.277660 11.475310 16.069928 1
6.179540 11.943690 35.356928 1
9.253168 18.892107 27.070847 8
10.118432 4.526893 7.783847 8
2.795968 16.236393 11.503153 8
3.661232 7.182607 30.790153 8
10.836473 21.149699 24.782638 6
8.535127 2.269301 5.495638 6
4.379273 13.978801 13.791362 6
2.077927 9.440199 33.078362 6
4.833860 21.140331 24.528821 6
1.623340 2.278669 5.241821 6
11.291060 13.988169 14.045179 6
8.080540 9.430831 33.332179 6
11.331095 3.077257 24.758722 6
8.040505 20.341743 5.471722 6
4.873895 8.632243 13.815278 6
1.583305 14.786757 33.102278 6
11.163207 2.262275 24.259189 1
8.208393 21.156725 4.972189 1
4.706007 9.447225 14.314811 1
1.751193 13.971775 33.601811 1
11.520936 2.831357 25.678712 1
7.850664 20.587643 6.391712 1
5.063736 8.878143 12.895288 1
1.393464 14.540857 32.182288 1
10.888131 9.784458 25.738887 6
8.483469 13.634542 6.451887 6
4.430931 1.925042 12.835113 6
2.026269 21.493958 32.122113 6
0.529490 4.540944 24.941948 6
5.927710 18.878056 5.654948 6
6.986690 7.168556 13.632052 6
12.384910 16.250444 32.919052 6
9.710337 18.170802 25.971488 6
9.661263 5.248198 6.684488 6
3.253137 16.957698 12.602512 6
3.204063 6.461302 31.889512 6
8.477012 8.817253 24.791124 6
10.894588 14.601746 5.504124 6
2.019812 2.892247 13.782876 6
4.437388 20.526754 33.069876 6
7.664696 8.484704 24.486775 1
11.706904 14.934296 5.199775 1
1.207496 3.224796 14.087225 1
5.249704 20.194204 33.374225 1
9.020708 9.917946 24.123022 6
10.350892 13.501054 4.836022 6
2.563508 1.791554 14.450978 6
3.893692 21.627447 33.737978 6
5.861846 21.920184 25.114374 6
0.595354 1.498816 5.827374 6
12.319046 13.208316 13.459626 6
7.052554 10.210684 32.746626 6
9.064617 8.189624 25.876596 6
10.306983 15.229376 6.589596 6
2.607417 3.519876 12.697404 6
3.849783 19.899124 31.984404 6
9.138229 3.761091 23.694079 6
10.233371 19.657909 4.407079 6
2.681029 7.948409 14.879921 6
3.776171 15.470591 34.166920 6
9.313865 3.110043 23.055680 1
10.057735 20.308957 3.768680 1
2.856665 8.599457 15.518320 1
3.600535 14.819543 34.805320 1
8.460223 6.922656 26.482594 6
10.911377 16.496344 7.195594 6
2.003023 4.786844 12.091406 6
4.454177 18.632156 31.378406 6
8.878650 6.739988 27.337394 1
10.492950 16.679012 8.050394 1
2.421450 4.969512 11.236606 1
4.035750 18.449488 30.523606 1
7.511015 7.056145 26.635347 1
11.860585 16.362855 7.348347 1
1.053815 4.653355 11.938653 1
5.403385 18.765645 31.225653 1
7.835166 0.135830 24.883702 6
11.536434 23.283170 5.596702 6
1.377966 11.573670 13.690298 6
5.079234 11.845330 32.977298 6
7.788675 0.166275 25.852295 1
11.582925 23.252725 6.565295 1
1.331475 11.543225 12.721705 1
5.125725 11.875775 32.008705 1
7.844207 1.046829 24.552351 1
11.527393 22.372171 5.265351 1
1.387007 10.662671 14.021649 1
5.070193 12.756329 33.308649 1
12.554088 3.803246 24.158510 6
6.817512 19.615754 4.871510 6
6.096888 7.906254 14.415490 6
0.360312 15.512746 33.702490 6
10.247576 10.362908 24.614455 6
9.124024 13.056093 5.327455 6
3.790376 1.346592 13.959545 6
2.666824 22.072408 33.246545 6
10.667294 11.072503 24.182041 1
8.704306 12.346497 4.895041 1
4.210094 0.636997 14.391959 1
2.247106 22.782003 33.678959 1
8.665562 5.751706 25.559518 6
10.706038 17.667294 6.272518 6
2.208362 5.957794 13.014482 6
4.248838 17.461206 32.301482 6
10.074523 3.969521 24.718605 6
9.297077 19.449480 5.431605 6
3.617323 7.739980 13.855395 6
2.839877 15.679021 33.142395 6
9.701297 21.849927 25.223153 6
9.670303 1.569073 5.936153 6
3.244097 13.278573 13.350847 6
3.213103 10.140427 32.637847 6
10.635008 16.768004 23.719538 6
8.736592 6.650996 4.432538 6
4.177808 18.360496 14.854462 6
2.279392 5.058504 34.141462 6
1.562642 5.276301 24.360638 6
4.894558 18.142699 5.073638 6
8.019842 6.433199 14.213362 6
11.351758 16.985801 33.500362 6
10.787398 22.463505 22.710828 6
8.584202 0.955495 3.423828 6
4.330198 12.664995 15.863172 6
2.127002 10.754005 35.150172 6
9.112401 22.845235 24.456687 6
10.259199 0.573766 5.169687 6
2.655201 12.283265 14.117313 6
3.801999 11.135734 33.404313 6
6.542435 17.023271 25.441867 6
12.829165 6.395729 6.154867 6
0.085235 18.105229 13.132133 6
6.371965 5.313771 32.419133 6
10.788690 18.704755 25.249769 6
8.582910 4.714245 5.962769 6
4.331490 16.423745 13.324231 6
2.125710 6.995255 32.611231 6
4.819654 18.676652 24.963164 6
1.637546 4.742348 5.676164 6
11.276854 16.451847 13.610836 6
8.094746 6.967153 32.897836 6
11.344009 21.472881 23.543255 6
8.027591 1.946119 4.256255 6
4.886809 13.655619 15.030745 6
1.570391 9.763381 34.317745 6
12.093044 21.013869 23.240835 1
7.278556 2.405131 3.953835 1
5.635844 14.114631 15.333165 1
0.821356 9.304369 34.620165 1
0.450713 9.604132 25.329617 6
6.006487 13.814868 6.042617 6
6.907913 2.105368 13.244383 6
12.463687 21.313632 32.531383 6
2.409827 6.271608 25.157963 6
4.047373 17.147392 5.870963 6
8.867027 5.437892 13.416037 6
10.504573 17.981108 32.703037 6
2.331049 6.084256 26.106883 1
4.126151 17.334744 6.819883 1
8.788249 5.625244 12.467117 1
10.583351 17.793756 31.754117 1
3.342247 6.182616 24.907232 1
3.114953 17.236384 5.620232 1
9.799447 5.526884 13.666768 1
9.572153 17.892116 32.953768 1
12.783965 3.718937 22.778333 6
6.587635 19.700063 3.491333 6
6.326765 7.990563 15.795667 6
0.130435 15.428437 35.082667 6
12.206691 3.208403 22.257198 1
7.164909 20.210597 2.970198 1
5.749491 8.501097 16.316802 1
0.707709 14.917903 35.603802 1
6.109803 16.308992 24.323221 6
0.347397 7.110008 5.036221 6
12.567003 18.819508 14.250779 6
6.804597 4.599492 33.537779 6
6.528229 15.505720 24.120322 1
12.843371 7.913280 4.833322 1
0.071029 19.622780 14.453678 1
6.386171 3.796220 33.740678 1
6.622504 22.833525 24.340580 6
12.749096 0.585475 5.053580 6
0.165304 12.294975 14.233420 6
6.291896 11.124025 33.520420 6
4.146814 19.997484 25.255169 6
2.310386 3.421516 5.968169 6
10.604014 15.131016 13.318831 6
8.767586 8.287984 32.605831 6
4.167477 20.166101 26.211033 1
2.289723 3.252899 6.924033 1
10.624677 14.962399 12.362967 1
8.746923 8.456601 31.649967 1
3.216977 19.952988 24.976665 1
3.240223 3.466012 5.689665 1
9.674177 15.175512 13.597335 1
9.697423 8.243488 32.884335 1
11.232945 17.960031 24.151953 6
8.138655 5.458969 4.864953 6
4.775745 17.168469 14.422047 6
1.681455 6.250531 33.709047 6
11.971649 18.273846 23.680579 1
7.399951 5.145154 4.393579 1
5.514449 16.854654 14.893421 1
0.942751 6.564346 34.180421 1
12.263514 10.276257 26.133885 6
7.108086 13.142743 6.846885 6
5.806314 1.433243 12.440115 6
0.650886 21.985757 31.727115 6
12.405573 10.102957 27.078948 1
6.966027 13.316043 7.791948 1
5.948373 1.606543 11.495052 1
0.508827 21.812457 30.782052 1
12.310006 11.236436 25.998876 1
7.061594 12.182564 6.711876 1
5.852806 0.473064 12.575124 1
0.604394 22.945936 31.862124 1
7.957853 4.491764 23.593787 6
11.413747 18.927236 4.306787 6
1.500653 7.217736 14.980213 6
4.956547 16.201264 34.267213 6
9.829150 4.962486 25.643609 6
9.542450 18.456514 6.356609 6
3.371950 6.747014 12.930391 6
3.085250 16.671986 32.217391 6
11.436993 20.009194 25.588834 6
7.934607 3.409806 6.301834 6
4.979793 15.119306 12.985166 6
1.477407 8.299694 32.272166 6
12.388784 19.952988 25.408694 1
6.982816 3.466012 6.121694 1
5.931584 15.175512 13.165306 1
0.525616 8.243488 32.452306 1
11.323346 20.189520 26.535055 1
8.048254 3.229480 7.248055 1
4.866146 14.938980 12.038945 1
1.591054 8.480020 31.325945 1
9.524370 16.337094 24.451287 6
9.847230 7.081906 5.164287 6
3.067170 18.791406 14.122713 6
3.390030 4.627594 33.409713 6
9.085280 15.564267 24.182041 1
10.286320 7.854733 4.895041 1
2.628080 19.564233 14.391959 1
3.829120 3.854767 33.678959 1
1.933286 7.697825 24.874058 6
4.523914 15.721175 5.587058 6
8.390486 4.011675 13.699942 6
10.981114 19.407325 32.986942 6
5.084399 16.751611 23.505838 6
1.372801 6.667389 4.218838 6
11.541599 18.376889 15.068162 6
7.830001 5.042111 34.355162 6
1.848051 9.601790 23.314126 6
4.609149 13.817210 4.027126 6
8.305251 2.107710 15.259874 6
11.066349 21.311290 34.546874 6
5.873469 18.205931 25.777075 6
0.583731 5.213069 6.490075 6
12.330669 16.922569 12.796924 6
7.040931 6.496431 32.083924 6
5.225166 22.294888 22.383335 6
1.232034 1.124112 3.096335 6
11.682366 12.833612 16.190665 6
7.689234 10.585388 35.477665 6
2.363335 8.402737 23.726867 6
4.093865 15.016263 4.439867 6
8.820535 3.306763 14.847133 6
10.551065 20.112237 34.134133 6
3.043924 8.025691 23.217691 1
3.413276 15.393309 3.930691 1
9.501124 3.683809 15.356309 1
9.870476 19.735191 34.643309 1
9.678051 23.140314 23.196861 6
9.693549 0.278686 3.909861 6
3.220851 11.988186 15.377139 6
3.236349 11.430814 34.664139 6
9.294494 0.391097 22.677655 1
10.077106 23.027903 3.390655 1
2.837294 11.318403 15.896345 1
3.619906 12.100597 35.183345 1
10.251451 8.746996 26.351442 6
9.120149 14.672004 7.064442 6
3.794251 2.962503 12.222558 6
2.662949 20.456497 31.509558 6
0.929837 4.369985 22.168478 6
5.527363 19.049015 2.881478 6
7.387037 7.339515 16.405522 6
11.984563 16.079485 35.692522 6
1.769273 5.182625 23.010548 6
4.687927 18.236375 3.723548 6
8.226473 6.526875 15.563452 6
11.145127 16.892125 34.850452 6
2.470525 5.658030 22.627508 1
3.986675 17.760970 3.340508 1
8.927725 6.051470 15.946492 1
10.443875 17.367530 35.233492 1
7.751223 5.477704 24.533064 6
11.620377 17.941296 5.246064 6
1.294023 6.231796 14.040936 6
5.163177 17.187204 33.327936 6
6.972485 5.983555 24.482918 1
12.399115 17.435446 5.195918 1
0.515285 5.725945 14.091082 1
5.941915 17.693055 33.378082 1
4.551035 21.367496 23.169859 6
1.906165 2.051504 3.882859 6
11.008235 13.761004 15.404141 6
8.363365 9.657996 34.691141 6
3.873029 20.871013 22.774090 1
2.584171 2.547987 3.487090 1
10.330229 14.257487 15.799910 1
9.041371 9.161513 35.086910 1
0.978912 8.339506 25.686041 6
5.478288 15.079494 6.399041 6
7.436112 3.369994 12.887959 6
11.935488 20.049006 32.174959 6
7.756389 16.536156 26.224148 6
11.615211 6.882844 6.937148 6
1.299189 18.592344 12.349852 6
5.158011 4.826656 31.636852 6
7.751223 15.566609 26.261179 1
11.620377 7.852391 6.974179 1
1.294023 19.561891 12.312821 1
5.163177 3.857109 31.599821 1
7.713771 16.871048 27.132952 1
11.657829 6.547952 7.845952 1
1.256571 18.257452 11.441048 1
5.200629 5.161548 30.728048 1
1.565225 11.707158 21.786595 6
4.891975 11.711842 2.499595 6
8.022425 0.002342 16.787405 6
11.349175 23.416658 36.074405 6
4.459342 17.929586 23.840661 6
1.997858 5.489414 4.553661 6
10.916542 17.198914 14.733339 6
8.455058 6.220086 34.020339 6
3.769713 18.241059 23.298696 1
2.687487 5.177941 4.011696 1
10.226913 16.887441 15.275304 1
9.144687 6.531559 34.562304 1
