1.427572 5.927651 1.383776 53
6.363898 4.550694 10.413120 53
1.480048 3.057587 6.193370 8
6.311422 7.420758 5.603525 8
1.908194 1.612991 4.531188 7
5.883276 8.865353 7.265708 7
2.782047 8.718355 4.800157 1
5.009423 1.759990 6.996739 1
2.159784 2.724981 5.221306 6
5.631686 7.753363 6.575589 6
3.285417 3.613748 4.731735 6
4.506053 6.864597 7.065161 6
3.939360 3.073283 4.262218 1
3.852110 7.405061 7.534677 1
3.726759 4.020789 5.492634 1
4.064711 6.457556 6.304261 1
2.774346 4.712965 3.796241 6
5.017124 5.765379 8.000654 6
2.217635 5.322374 4.305867 1
5.573835 5.155971 7.491029 1
3.532488 5.216517 3.461209 1
4.258982 5.261827 8.335686 1
1.973555 4.186564 2.615372 6
5.817915 6.291781 9.181524 6
1.143644 3.806659 2.972818 1
6.647826 6.671685 8.824078 1
2.622241 3.124594 1.731784 6
5.169229 7.353751 10.065111 6
3.585471 3.190247 1.826159 1
4.205999 7.288097 9.970736 1
2.404564 3.317007 0.806908 1
5.386906 7.161337 10.989988 1
2.196938 1.685480 2.046761 6
5.594532 8.792865 9.750134 6
1.228488 1.647582 2.006652 1
6.562982 8.830763 9.790243 1
2.535420 1.115842 1.338948 1
5.256050 9.362503 10.457948 1
2.629022 1.085763 3.371553 6
5.162448 9.392582 8.425343 6
4.043214 7.697115 3.334982 1
3.748256 2.781229 8.461913 1
3.577098 1.249724 3.493061 1
4.214372 9.228620 8.303835 1
