12.902734 7.774068 1.243222 46
-4.963073 7.774068 9.231309 46
5.896234 0.832068 1.243222 46
2.043427 0.832068 9.231309 46
6.583659 8.562124 9.404558 35
1.356002 8.562124 1.069973 35
-0.422841 1.620124 9.404558 35
8.362502 1.620124 1.069973 35
2.984536 4.503970 8.947344 17
4.955126 4.503970 1.527187 17
-4.021964 11.445970 8.947344 17
11.961626 11.445970 1.527187 17
3.614963 6.757343 7.238948 17
4.324698 6.757343 3.235583 17
-3.391537 13.699343 7.238948 17
11.331198 13.699343 3.235583 17
5.623185 4.799699 7.987877 17
2.316476 4.799699 2.486654 17
-1.383315 11.741699 7.987877 17
9.322976 11.741699 2.486654 17
-0.889147 6.872580 3.051231 7
8.828808 6.872580 7.423300 7
6.117353 13.814580 3.051231 7
1.822308 13.814580 7.423300 7
-1.022411 5.232880 4.465293 8
8.962072 5.232880 6.009238 8
5.984089 12.174880 4.465293 8
1.955572 12.174880 6.009238 8
10.989373 7.211350 1.364831 6
-3.049712 7.211350 9.109700 6
3.982873 0.269350 1.364831 6
3.956788 0.269350 9.109700 6
10.034939 8.152685 0.985653 6
-2.095277 8.152685 9.488878 6
3.028439 1.210685 0.985653 6
4.911223 1.210685 9.488878 6
10.309761 8.998220 0.712268 1
-2.370099 8.998220 9.762263 1
3.303261 2.056220 0.712268 1
4.636401 2.056220 9.762263 1
8.690156 7.852790 1.006602 6
-0.750494 7.852790 9.467929 6
1.683656 0.910790 1.006602 6
6.256006 0.910790 9.467929 6
8.058571 8.476182 0.727980 1
-0.118909 8.476182 9.746551 1
1.052071 1.534182 0.727980 1
6.887591 1.534182 9.746551 1
8.318628 6.651824 1.437106 6
-0.378967 6.651824 9.037425 6
1.312128 13.593824 1.437106 6
6.627533 13.593824 9.037425 6
7.410772 6.451895 1.439201 1
0.528889 6.451895 9.035330 1
0.404272 13.393895 1.439201 1
7.535389 13.393895 9.035330 1
9.229101 5.645234 1.896938 6
-1.289439 5.645234 8.577593 6
2.222601 12.587234 1.896938 6
5.717061 12.587234 8.577593 6
8.921252 4.821913 2.200699 1
-0.981590 4.821913 8.273832 1
1.914752 11.763913 2.200699 1
6.024910 11.763913 8.273832 1
10.641567 5.950682 1.872846 6
-2.701906 5.950682 8.601685 6
3.635067 12.892682 1.872846 6
4.304594 12.892682 8.601685 6
11.660958 4.984356 2.422759 6
-3.721297 4.984356 8.051772 6
4.654458 11.926356 2.422759 6
3.285203 11.926356 8.051772 6
-1.411158 5.824338 3.318331 6
9.350819 5.824338 7.156200 6
5.595342 12.766338 3.318331 6
2.344319 12.766338 7.156200 6
-0.062675 6.085357 5.077005 6
8.002336 6.085357 5.397526 6
6.943825 13.027357 5.077005 6
0.995836 13.027357 5.397526 6
0.797857 5.645234 5.149279 1
7.141805 5.645234 5.325252 1
7.804357 12.587234 5.149279 1
0.135305 12.587234 5.325252 1
-0.353859 6.357484 5.961056 1
8.293520 6.357484 4.513475 1
6.652641 13.299484 5.961056 1
1.287020 13.299484 4.513475 1
0.009306 7.277993 4.131155 6
7.930355 7.277993 6.343376 6
7.015806 0.335993 4.131155 6
0.923855 0.335993 6.343376 6
-0.339867 8.592808 4.757532 6
8.279528 8.592808 5.716999 6
6.666633 1.650808 4.757532 6
1.273028 1.650808 5.716999 6
-1.756805 8.517834 5.132520 6
9.696466 8.517834 5.342011 6
5.249695 1.575834 5.132520 6
2.689966 1.575834 5.342011 6
-2.303794 8.573370 4.340646 1
10.243455 8.573370 6.133885 1
4.702706 1.631370 4.340646 1
3.236955 1.631370 6.133885 1
-1.977194 9.246744 5.718046 1
9.916855 9.246744 4.756485 1
5.029306 2.304744 5.718046 1
2.910355 2.304744 4.756485 1
-1.931451 7.686182 5.578735 1
9.871112 7.686182 4.895796 1
5.075049 0.744182 5.578735 1
2.864612 0.744182 4.895796 1
0.666949 9.002386 5.889829 6
7.272713 9.002386 4.584702 6
7.673449 2.060386 5.889829 6
0.266213 2.060386 4.584702 6
0.179405 9.250909 6.677513 1
7.760256 9.250909 3.797017 1
7.185905 2.308909 6.677513 1
0.753756 2.308909 3.797017 1
1.197557 9.746568 5.593400 1
6.742104 9.746568 4.881131 1
8.204057 2.804568 5.593400 1
-0.264396 2.804568 4.881131 1
1.241789 8.259592 6.089892 1
6.697873 8.259592 4.384639 1
8.248289 1.317592 6.089892 1
-0.308627 1.317592 4.384639 1
11.035429 3.819488 3.250247 6
-3.095768 3.819488 7.224284 6
4.028929 10.761488 3.250247 6
3.910732 10.761488 7.224284 6
10.505527 4.181861 3.963563 1
-2.565865 4.181861 6.510968 1
3.499027 11.123861 3.963563 1
4.440635 11.123861 6.510968 1
11.736510 3.275236 3.616856 1
-3.796848 3.275236 6.857675 1
4.730010 10.217236 3.616856 1
3.209652 10.217236 6.857675 1
10.480804 3.283566 2.679385 1
-2.541143 3.283566 7.795146 1
3.474304 10.225566 2.679385 1
4.465357 10.225566 7.795146 1
12.522683 4.348469 1.289415 6
-4.583022 4.348469 9.185116 6
5.516183 11.290469 1.289415 6
2.423478 11.290469 9.185116 6
11.984634 3.732019 0.786637 1
-4.044972 3.732019 9.687894 1
4.978134 10.674019 0.786637 1
2.961528 10.674019 9.687894 1
-0.746732 3.881966 1.676972 1
8.686393 3.881966 8.797559 1
6.259768 10.823966 1.676972 1
1.679893 10.823966 8.797559 1
12.846348 5.039892 0.707031 1
-4.906686 5.039892 9.767500 1
5.839848 11.981892 0.707031 1
2.099814 11.981892 9.767500 1
4.096142 5.621632 8.456089 6
3.843519 5.621632 2.018442 6
-2.910358 12.563632 8.456089 6
10.850019 12.563632 2.018442 6
0.904398 7.108608 3.781306 1
7.035264 7.108608 6.693225 1
7.910898 0.166608 3.781306 1
0.028764 0.166608 6.693225 1
-0.348389 9.250909 4.032694 1
8.288051 9.250909 6.441837 1
6.658111 2.308909 4.032694 1
1.281551 2.308909 6.441837 1
4.262307 6.220032 9.228062 1
3.677355 6.220032 1.246469 1
-2.744193 13.162032 9.228062 1
10.683855 13.162032 1.246469 1
