1.493153 1.046843 0.304291 8
2.969348 7.750157 16.152791 8
5.955653 3.351657 31.392709 8
7.431848 5.445343 15.544209 8
0.674730 5.321305 28.774537 7
3.787770 3.475695 12.926037 7
5.137230 7.874195 2.922463 7
8.250270 0.922805 18.770963 7
6.921337 6.096321 25.519255 7
6.466163 2.700679 9.670755 7
2.458838 7.099179 6.177745 7
2.003663 1.697821 22.026245 7
2.120580 7.626999 25.554121 7
2.341920 1.170001 9.705621 7
6.583080 5.568501 6.142879 7
6.804420 3.228499 21.991379 7
8.054813 8.211120 22.688713 7
5.332688 0.585880 6.840213 7
3.592312 4.984380 9.008287 7
0.870188 3.812620 24.856787 7
8.512665 2.233558 0.564207 7
4.874835 6.563442 16.412707 7
4.050165 2.164942 31.132793 7
0.412335 6.632058 15.284293 7
8.357370 2.230919 29.370440 6
5.030130 6.566081 13.521940 6
3.894870 2.167581 2.326560 6
0.567630 6.629419 18.175060 6
0.041947 1.248294 30.127999 6
4.420553 7.548706 14.279498 6
4.504447 3.150206 1.569001 6
8.883053 5.646794 17.417502 6
0.376635 0.047504 29.528925 6
4.085865 8.749496 13.680425 6
4.839135 4.350996 2.168075 6
8.548365 4.446004 18.016575 6
0.095497 8.616662 28.191312 6
4.367003 0.180339 12.342812 6
4.557997 4.578838 3.505688 6
8.829503 4.218161 19.354188 6
5.760195 0.618429 24.888484 6
7.627305 8.178571 9.039984 6
1.297695 3.780071 6.808516 6
3.164805 5.016929 22.657016 6
4.560675 1.251813 24.622230 6
8.826825 7.545187 8.773730 6
0.098175 3.146687 7.074770 6
4.364325 5.650313 22.923270 6
4.317915 2.500987 25.138891 6
0.144585 6.296013 9.290391 6
8.780415 1.897513 6.558109 6
4.607085 6.899487 22.406609 6
5.249685 3.129973 25.931316 6
8.137815 5.667027 10.082816 6
0.787185 1.268527 5.765684 6
3.675315 7.528473 21.614184 6
7.454160 3.041123 27.161159 6
5.933340 5.755877 11.312659 6
2.991660 1.357377 4.535841 6
1.470840 7.439623 20.384341 6
8.003048 0.570925 26.026407 6
5.384453 8.226075 10.177907 6
3.540548 3.827575 5.670593 6
0.921952 4.969425 21.519093 6
7.806698 4.350117 27.211875 6
5.580802 4.446884 11.363375 6
3.344198 0.048384 4.485125 6
1.118302 8.748617 20.333625 6
8.750070 8.661526 25.135721 6
4.637430 0.135474 9.287221 6
4.287570 4.533974 6.561279 6
0.174930 4.263026 22.409779 6
8.090513 2.028588 28.032827 6
5.296988 6.768412 12.184327 6
3.628012 2.369912 3.664173 6
0.834488 6.427088 19.512673 6
8.409135 0.797888 27.427414 6
4.978365 7.999112 11.578914 6
3.946635 3.600612 4.269586 6
0.515865 5.196388 20.118086 6
6.715170 1.226302 25.677740 6
6.672330 7.570698 9.829240 6
2.252670 3.172198 6.019260 6
2.209830 5.624802 21.867760 6
6.461700 2.494829 26.229267 6
6.925800 6.302171 10.380768 6
1.999200 1.903671 5.467732 6
2.463300 6.893329 21.316232 6
8.811653 4.867380 28.093051 6
4.575848 3.929620 12.244551 6
4.349153 8.328120 3.603949 6
0.113347 0.468880 19.452449 6
7.279230 5.318666 26.260965 6
6.108270 3.478334 10.412465 6
2.816730 7.876834 5.436035 6
1.645770 0.920166 21.284536 6
1.110270 8.082684 25.411485 6
3.352230 0.714316 9.562985 6
5.572770 5.112816 6.285515 6
7.814730 3.684184 22.134015 6
8.327025 8.440722 23.772750 6
5.060475 0.356279 7.924250 6
3.864525 4.754779 7.924250 6
0.597975 4.042222 23.772750 6
0.430185 1.498129 31.557533 6
4.032315 7.298871 15.709033 6
4.892685 2.900371 0.139467 6
8.494815 5.896629 15.987967 6
8.772383 2.697160 1.946196 6
4.615118 6.099840 17.794696 6
4.309882 1.701340 29.750804 6
0.152618 7.095660 13.902304 6
8.729543 4.219921 1.965214 6
4.657958 4.577079 17.813714 6
4.267042 0.178579 29.731786 6
0.195458 8.618421 13.883286 6
0.864832 4.826914 1.033322 6
3.597668 3.970086 16.881822 6
5.327333 8.368586 30.663678 6
8.060168 0.428414 14.815178 6
0.856800 6.353193 1.033322 6
3.605700 2.443807 16.881822 6
5.319300 6.842307 30.663678 6
8.068200 1.954693 14.815178 6
1.009417 6.876615 2.450178 6
3.453083 1.920385 18.298678 6
5.471917 6.318885 29.246822 6
7.915583 2.478115 13.398322 6
8.886623 6.315366 3.369391 6
4.500878 2.481634 19.217891 6
4.424123 6.880134 28.327609 6
0.038377 1.916866 12.479109 6
8.908043 4.794365 3.353543 6
4.479458 4.002635 19.202043 6
4.445543 8.401135 28.343457 6
0.016958 0.395865 12.494957 6
7.781708 2.004836 2.871748 6
5.605793 6.792164 18.720248 6
3.319208 2.393664 28.825252 6
1.143293 6.403336 12.976752 6
8.098545 3.093905 29.779331 1
5.288955 5.703095 13.930832 1
3.636045 1.304595 1.917668 1
0.826455 7.492405 17.766168 1
0.804143 8.140744 30.096301 1
3.658357 0.656256 14.247801 1
5.266643 5.054756 1.600698 1
8.120857 3.742244 17.449198 1
0.331117 7.756315 27.757063 1
4.131383 1.040685 11.908563 1
4.793617 5.439185 3.939937 1
8.593883 3.357815 19.788437 1
5.933340 8.504060 24.498611 1
7.454160 0.292940 8.650111 1
1.470840 4.691440 7.198389 1
2.991660 4.105560 23.046889 1
3.873450 0.830437 24.032665 1
0.589050 7.966563 8.184165 1
8.335950 3.568063 7.664335 1
5.051550 5.228937 23.512835 1
3.441480 2.921484 24.970897 1
1.021020 5.875516 9.122397 1
7.903980 1.477016 6.726103 1
5.483520 7.319984 22.574603 1
5.057798 4.022868 26.279983 1
8.329703 4.774132 10.431483 1
0.595297 0.375632 5.417017 1
3.867203 8.421368 21.265517 1
0.731850 2.417416 2.190263 1
3.730650 6.379584 18.038763 1
5.194350 1.981084 29.506737 1
8.193150 6.815916 13.658237 1
7.873635 4.482071 1.645074 1
5.513865 4.314929 17.493574 1
3.411135 8.713429 30.051926 1
1.051365 0.083572 14.203426 1
0.699720 4.533974 0.142636 1
3.762780 4.263026 15.991136 1
5.162220 8.661526 31.554364 1
8.225280 0.135474 15.705864 1
1.723418 4.528696 1.309086 1
2.739082 4.268304 17.157586 1
6.185918 8.666804 30.387914 1
7.201582 0.130196 14.539414 1
1.574370 6.677803 0.513491 1
2.888130 2.119197 16.361991 1
6.036870 6.517697 31.183509 1
7.350630 2.279303 15.335009 1
0.033023 6.666367 0.687825 1
4.429477 2.130633 16.536325 1
4.495523 6.529133 31.009175 1
8.891978 2.267867 15.160675 1
0.933555 7.831969 2.440669 1
3.528945 0.965031 18.289169 1
5.396055 5.363531 29.256331 1
7.991445 3.433469 13.407831 1
1.874250 6.646134 2.779827 1
2.588250 2.150867 18.628327 1
6.336750 6.549367 28.917173 1
7.050750 2.247634 13.068673 1
0.137445 6.619743 4.253737 1
4.325055 2.177258 20.102237 1
4.599945 6.575758 27.443263 1
8.787555 2.221242 11.594763 1
8.040533 6.623261 3.087288 1
5.346967 2.173739 18.935788 1
3.578033 6.572239 28.609712 1
0.884467 2.224761 12.761212 1
0.808605 4.497026 3.708549 1
3.653895 4.299974 19.557049 1
5.271105 8.698474 27.988451 1
8.116395 0.098526 12.139951 1
8.195828 4.485590 3.905070 1
5.191673 4.311410 19.753570 1
3.733327 8.709910 27.791930 1
0.729173 0.087090 11.943430 1
6.899918 2.268746 2.627681 1
6.487583 6.528254 18.476181 1
2.437417 2.129754 29.069319 1
2.025082 6.667246 13.220819 1
7.866495 1.064437 2.779827 1
5.521005 7.732563 18.628327 1
3.403995 3.334063 28.917173 1
1.058505 5.462937 13.068673 1
7.953960 2.257310 3.765604 1
5.433540 6.539690 19.614104 1
3.491460 2.141190 27.931396 1
0.971040 6.655810 12.082896 1
7.683533 2.485152 0.171164 1
5.703968 6.311848 16.019664 1
3.221033 1.913348 31.525836 1
1.241468 6.883653 15.677336 1
