3.472401 6.702760 12.962971 6
3.721295 3.622840 5.997334 6
7.318142 1.539960 15.477486 6
-0.124447 8.785640 3.482818 6
4.673950 6.469711 12.141990 8
2.519745 3.855889 6.818315 8
6.116593 1.306911 16.298468 8
1.077102 9.018689 2.661837 8
4.561974 5.305293 11.468330 6
2.631721 5.020307 7.491975 6
6.228569 0.142493 16.972127 6
0.965126 10.183107 1.988178 6
3.218150 4.710332 11.773970 6
3.975545 5.615268 7.186335 6
-1.243807 9.873132 16.666487 6
8.437502 0.452468 2.293818 6
2.965782 3.219832 11.696233 6
4.227913 7.105768 7.264072 6
-0.991439 8.382632 16.744224 6
8.185135 1.942968 2.216080 6
1.434795 3.000619 11.943096 6
5.758901 7.324981 7.017209 6
0.539548 8.163419 16.497361 6
6.654147 2.162181 2.462944 6
0.850442 3.989709 12.936426 6
6.343253 6.335891 6.023878 6
1.123901 9.152509 15.504031 6
6.069795 1.173091 3.456274 6
1.481181 5.027225 13.484190 6
5.712514 5.298375 5.476115 6
0.493162 10.190025 14.956268 6
6.700533 0.135575 4.004037 6
2.913306 5.298891 13.144990 6
4.280389 5.026709 5.815315 6
-0.938963 0.136091 15.295467 6
8.132658 10.189509 3.664837 6
5.426256 4.916844 10.724138 8
1.767439 5.408756 8.236167 8
5.364287 10.079644 17.716319 8
1.829409 0.245956 1.243986 8
3.865384 2.434260 12.631734 6
3.328311 7.891340 6.328571 6
6.925159 7.597060 15.808723 6
0.268536 2.728540 3.151582 6
3.496841 1.153060 12.680462 8
3.696855 9.172540 6.279843 8
7.293702 6.315860 15.759995 8
-0.100007 4.009740 3.200310 8
4.349265 0.274248 13.455370 6
2.844430 10.051352 5.504935 6
6.441278 5.437048 14.985087 6
0.752417 4.888552 3.975217 6
0.727638 3.015901 10.561648 6
6.466058 7.309699 8.398657 6
1.246705 8.178701 17.878809 6
5.946990 2.146899 1.081496 6
-0.804416 3.190610 10.591226 6
7.998111 7.134990 8.369078 6
2.778759 8.353410 17.849231 6
4.414936 1.972190 1.111074 6
7.320842 2.032698 11.275504 6
-0.127147 8.292902 7.684801 6
3.469701 7.195498 17.164953 6
3.723994 3.130102 1.795351 6
6.187084 1.673367 10.570749 8
1.006611 8.652233 8.389556 8
4.603459 6.836167 17.869708 8
2.590237 3.489433 1.090597 8
6.112997 2.388828 9.381180 6
1.080698 7.936772 9.579125 6
6.300051 7.551628 0.098973 6
0.893645 2.773972 18.861332 6
7.364942 3.214359 9.190060 6
-0.171247 7.111241 9.770245 6
5.048105 8.377159 0.290093 6
2.145590 1.948441 18.670212 6
-0.511142 2.674021 8.067610 6
7.704838 7.651579 10.892695 6
4.107990 7.836821 1.412543 6
3.085705 2.488779 17.547762 6
0.403908 1.606044 8.594896 6
6.789787 8.719556 10.365409 6
3.192940 6.768844 0.885257 6
4.000756 3.556756 18.075048 6
1.020948 1.771976 9.758110 6
6.172747 8.553624 9.202194 6
0.953395 6.934776 18.682347 6
6.240301 3.390824 0.277958 6
7.610579 1.448062 12.273384 8
-0.416884 8.877538 6.686920 8
3.179964 6.610862 16.167073 8
4.013731 3.714738 2.793232 8
5.155184 2.281132 8.687043 8
2.038511 8.044468 10.273262 8
7.257864 7.443932 0.793110 8
-0.064169 2.881668 18.167195 8
7.576746 2.239313 6.798407 6
-0.383051 8.086287 12.161898 6
4.836301 7.402113 2.681745 6
2.357394 2.923487 16.278559 6
4.812361 2.881875 13.224813 8
2.381334 7.443725 5.735492 8
5.978182 8.044675 15.215645 8
1.215514 2.280925 3.744660 8
3.709426 7.113719 13.843298 1
3.484269 3.211881 5.117007 1
7.081117 1.950919 14.597159 1
0.112578 8.374681 4.363145 1
2.819035 7.290596 12.485929 1
4.374660 3.035004 6.474375 1
-0.844692 2.127796 15.954528 1
8.038388 8.197804 3.005777 1
2.571138 5.138845 11.143350 1
4.622557 5.186755 7.816954 1
-0.596795 10.301645 17.297107 1
7.790491 0.023955 1.663198 1
3.175182 2.945790 10.757508 1
4.018514 7.379810 8.202797 1
-1.200839 8.108590 17.682949 1
8.394534 2.217010 1.277356 1
1.354659 2.081331 12.328369 1
5.839037 8.244269 6.631935 1
0.619684 7.244131 16.112088 1
6.574011 3.081469 2.848217 1
-0.101890 3.847628 13.206421 1
7.295585 6.477972 5.753884 1
2.076233 9.010428 15.234036 1
5.117463 1.315172 3.726269 1
0.996834 5.625180 14.122773 1
6.196862 4.700420 4.837532 1
0.977509 0.462380 14.317684 1
6.216186 9.863220 4.642620 1
3.453972 4.880601 13.874772 1
3.739723 5.444999 5.085533 1
7.336571 10.043401 14.565685 1
-0.142876 0.282199 4.394619 1
3.985316 9.668995 13.424654 1
3.208379 0.656605 5.535651 1
6.805227 4.506195 15.015803 1
0.388468 5.819405 3.944502 1
4.375681 0.590831 14.403575 1
2.818014 9.734769 4.556730 1
6.414862 5.753631 14.036882 1
0.778834 4.571969 4.923422 1
5.274028 0.283438 13.074837 1
1.919667 10.042162 5.885468 1
5.516515 5.446238 15.365621 1
1.677180 4.879362 3.594684 1
1.111074 3.771012 10.029812 1
6.082621 6.554588 8.930493 1
0.863269 8.933812 18.410645 1
6.330426 1.391788 0.549659 1
7.800585 4.052488 11.052341 1
-0.606890 6.273112 7.907964 1
2.989958 9.215288 17.388116 1
4.203738 1.110312 1.572188 1
7.094345 4.147484 8.953435 1
0.099351 6.178116 10.006870 1
5.318703 9.310284 0.526717 1
1.874992 1.015316 18.433587 1
0.054317 3.448234 7.783395 1
7.139378 6.877366 11.176910 1
3.542530 8.611034 1.696758 1
3.651165 1.714566 17.263547 1
0.547978 0.767605 8.069316 1
6.645717 9.557995 10.890989 1
3.048870 5.930405 1.410836 1
4.144826 4.395195 17.549468 1
1.666651 1.087286 10.095983 1
5.527045 9.238314 8.864322 1
0.307692 6.250086 18.344474 1
6.886003 4.075514 0.615831 1
8.240624 1.906932 6.128539 1
-1.046929 8.418668 12.831765 1
4.172424 7.069732 3.351613 1
3.021271 3.255868 15.608692 1
6.930163 1.508364 7.018915 1
0.263532 8.817236 11.941390 1
5.482885 6.671164 2.461237 1
1.710811 3.654436 16.499068 1
7.079537 3.019102 6.416926 1
0.114158 7.306498 12.543379 1
5.333510 8.181902 3.063227 1
1.860185 2.143698 15.897078 1
