-0.189037 10.784931 2.016244 9
8.309218 1.615631 1.551572 9
7.706600 7.553669 5.119387 9
-0.791655 16.722969 5.584060 9
5.062253 6.716879 1.766354 9
3.057929 15.886179 1.801461 9
2.455311 11.621721 5.369277 9
4.459634 2.452421 5.334170 9
5.954125 11.187646 2.023736 8
2.166056 2.018346 1.544079 8
1.563438 7.150954 5.111895 8
5.351507 16.320254 5.591552 8
7.689675 5.980401 1.649473 7
0.430506 15.149701 1.918343 7
-0.172112 12.358199 5.486159 7
7.087057 3.188899 5.217288 7
0.893940 8.111530 1.753653 7
7.226242 17.280830 1.814163 7
6.623624 10.227070 5.381978 7
0.291322 1.057770 5.321468 7
5.483500 8.917878 1.872604 7
2.636682 18.087178 1.695212 7
2.034064 9.420722 5.263027 7
4.880881 0.251422 5.440419 7
0.344993 5.767856 2.093594 6
7.775189 14.937156 1.474221 6
7.172571 12.570744 5.042037 6
-0.257626 3.401444 5.661410 6
1.297583 6.744570 1.434262 6
6.822598 15.913870 2.133554 6
6.219980 11.594030 5.701369 6
0.694965 2.424730 5.002077 6
7.740099 9.682047 1.917986 6
0.380083 0.512747 1.649829 6
-0.222535 8.656553 5.217645 6
7.137480 17.825853 5.485802 6
6.371909 9.902294 1.938751 6
1.748272 0.732994 1.629065 6
1.145654 8.436306 5.196880 6
5.769291 17.605606 5.506567 6
5.992275 7.706246 1.796324 6
2.127907 16.875546 1.771492 6
1.525289 10.632354 5.339307 6
5.389656 1.463054 5.364139 6
7.319396 7.338558 1.730533 6
0.800786 16.507858 1.837282 6
0.198168 11.000042 5.405098 6
6.716778 1.830742 5.298349 6
8.276615 8.397978 1.792114 6
-0.156433 17.567278 1.775702 6
-0.759051 9.940622 5.343517 6
7.673997 0.771322 5.359929 6
7.390134 5.334515 0.368199 6
0.730048 14.503815 3.199617 6
0.127430 13.004085 6.767433 6
6.787516 3.834785 3.936014 6
1.926568 9.134640 1.653326 6
6.193613 18.303940 1.914490 6
5.590995 9.203960 5.482305 6
1.323950 0.034660 5.221141 6
4.524665 11.383319 2.118569 6
3.595516 2.214019 1.449247 6
2.992898 6.955281 5.017062 6
3.922047 16.124581 5.686384 6
4.294817 12.859760 2.242015 6
3.825365 3.690460 1.325800 6
3.222747 5.478840 4.893616 6
3.692198 14.648140 5.809831 6
0.392076 5.866518 3.075457 1
7.728106 15.035818 0.492359 1
7.125488 12.472082 4.060174 1
-0.210542 3.302782 6.643273 1
0.599123 4.856061 1.890942 1
7.521059 14.025361 1.676873 1
6.918440 13.482539 5.244689 1
-0.003495 4.313239 5.458758 1
2.170859 6.622068 1.762501 1
5.949323 15.791368 1.805315 1
5.346705 11.716532 5.373130 1
1.568241 2.547232 5.330316 1
1.319592 6.605564 0.470952 1
6.800590 15.774864 3.096864 1
6.197972 11.733036 6.664680 1
0.716973 2.563736 4.038767 1
7.510163 4.359085 0.470952 1
0.610019 13.528385 3.096864 1
0.007401 13.979515 6.664680 1
6.907544 4.810215 4.038767 1
6.469274 5.518085 0.121306 1
1.650908 14.687385 3.446510 1
1.048289 12.820515 7.014325 1
5.866656 3.651215 3.689121 1
6.745131 5.688634 6.771714 1
0.169814 14.857934 3.931733 1
0.772433 12.649966 0.363917 1
7.347749 3.480666 3.203898 1
1.946581 9.735963 2.418979 1
6.173601 0.566663 1.148837 1
5.570983 8.602637 4.716652 1
1.343963 17.771937 5.986795 1
1.860124 9.625931 0.813462 1
6.260058 0.456631 2.754354 1
5.657439 8.712669 6.322169 1
1.257506 17.881969 4.381278 1
2.800739 8.688829 1.648331 1
5.319443 17.858129 1.919485 1
4.716825 9.649771 5.487300 1
2.198121 0.480471 5.216146 1
4.110185 10.992157 1.327227 1
4.009996 1.822857 2.240588 1
3.407378 7.346443 5.808404 1
3.507567 16.515743 4.895043 1
4.193612 10.893128 2.904202 1
3.926569 1.723828 0.663614 1
3.323951 7.445472 4.231429 1
3.590994 16.614772 6.472017 1
4.594081 13.267977 1.462804 1
3.526101 4.098677 2.105011 1
2.923483 5.070623 5.672827 1
3.991462 14.239923 5.030620 1
3.335630 13.014904 2.354758 1
4.784551 3.845604 1.213057 1
4.181933 5.323696 4.780873 1
2.733012 14.492996 5.922574 1
4.765069 13.223964 3.032643 1
3.355113 4.054664 0.535172 1
2.752495 5.114636 4.102988 1
4.162450 14.283936 6.600459 1
