-1.235200 0.747270 8.097191 8
6.115536 11.097270 3.203843 8
-1.185599 1.672560 6.042663 8
6.065934 12.022560 5.258371 8
1.272792 1.155060 4.064982 8
3.607544 11.505060 7.236052 8
0.745705 19.685700 1.174177 8
4.134631 9.335700 10.126857 8
-1.698263 18.671400 10.500921 8
6.578598 8.321400 0.800113 8
0.909180 16.775280 9.388899 8
3.971156 6.425280 1.912135 8
5.808187 17.323830 4.100015 7
-0.927851 6.973830 7.201019 7
0.514609 13.417740 0.582003 7
4.365727 3.067740 10.719031 7
3.111717 4.075830 4.831192 6
1.768619 14.425830 6.469842 6
4.269870 3.092580 4.687669 6
0.610466 13.442580 6.613365 6
4.341830 2.504700 3.299902 6
0.538505 12.854700 8.001132 6
5.474826 1.490400 3.133777 6
-0.594491 11.840400 8.167258 6
5.505453 0.374670 4.224327 6
-0.625117 10.724670 7.076708 6
5.286984 0.960480 5.634696 6
-0.406648 11.310480 5.666339 6
4.137249 1.962360 5.722844 6
0.743086 12.312360 5.578191 6
-0.687719 1.436580 7.272216 6
5.568055 11.786580 4.028819 6
0.626006 2.132100 7.471114 6
4.254330 12.482100 3.829921 6
6.896304 2.107260 3.172200 6
-2.015969 12.457260 8.128834 6
0.085753 1.047420 3.811839 6
4.794583 11.397420 7.489195 6
-0.757548 20.513700 4.081934 6
5.637884 10.163700 7.219101 6
-0.226339 19.536660 5.128409 6
5.106675 9.186660 6.172625 6
0.381274 18.261540 4.506852 6
4.499061 7.911540 6.794182 6
-0.563267 17.561880 3.515752 6
5.443602 7.211880 7.785283 6
4.692986 17.599140 3.178981 6
0.187350 7.249140 8.122053 6
4.526320 19.070910 2.816218 6
0.354016 8.720910 8.484817 6
4.392797 20.008620 4.018648 6
0.487539 9.658620 7.282387 6
5.688129 15.963840 4.640205 6
-0.807793 5.613840 6.660830 6
2.659652 19.665000 7.916375 6
2.220683 9.315000 3.384660 6
3.844812 18.917730 8.507419 6
1.035523 8.567730 2.793616 6
3.631480 18.638280 9.986724 6
1.248856 8.288280 1.314310 6
4.789430 17.859960 10.612801 6
0.090906 7.509960 0.688233 6
5.066468 16.528950 9.936999 6
-0.186132 6.178950 1.364035 6
5.163008 16.706970 8.367286 6
-0.282672 6.356970 2.933749 6
4.053102 17.580510 7.761550 6
0.827233 7.230510 3.539484 6
1.416280 19.559430 0.179686 6
3.464056 9.209430 11.121348 6
-0.179729 20.358450 11.147340 6
5.060065 10.008450 0.153694 6
-1.108485 17.187210 8.110752 6
5.988821 6.837210 3.190282 6
-0.287808 16.680060 9.271369 6
5.168143 6.330060 2.029666 6
-1.214731 16.001100 10.312194 6
6.095067 5.651100 0.988841 6
2.168739 16.112880 0.428309 6
2.711596 5.762880 10.872725 6
2.511722 14.814990 1.158356 6
2.368614 4.464990 10.142678 6
1.292223 14.032530 1.671423 6
3.588112 3.682530 9.629611 6
6.776579 13.693050 0.713095 6
-1.896243 3.343050 10.587939 6
6.453925 15.144120 0.349202 6
-1.573589 4.794120 10.951832 6
3.933290 15.518790 10.215005 6
0.947046 5.168790 1.086029 6
0.783501 11.977020 0.525498 6
4.096835 1.627020 10.775536 6
3.123062 4.874850 4.310214 1
1.757273 15.224850 6.990820 1
3.001452 4.634730 5.761267 1
1.878884 14.984730 5.539767 1
2.319267 3.802590 4.730613 1
2.561069 14.152590 6.570421 1
4.986641 3.579030 5.063993 1
-0.106305 13.929030 6.237041 1
4.472918 3.212640 2.690776 1
0.407418 13.562640 8.610258 1
3.478902 2.183850 2.987993 1
1.401434 12.533850 8.313041 1
5.467558 1.066050 2.354005 1
-0.587222 11.416050 8.947029 1
5.086443 0.207000 6.263033 1
-0.206108 10.557000 5.038001 1
4.205100 2.303910 6.559120 1
0.675235 12.653910 4.741914 1
3.242032 1.587690 5.685550 1
1.638303 11.937690 5.615484 1
0.525550 3.069810 7.361494 1
4.354786 13.419810 3.939541 1
0.974003 1.954080 8.344684 1
3.906333 12.304080 2.956351 1
1.263888 1.817460 6.826955 1
3.616447 12.167460 4.474079 1
-0.560872 2.345310 2.302021 1
5.441207 12.695310 8.999014 1
-0.685567 2.842110 3.799408 1
5.565902 13.192110 7.501627 1
-0.764087 20.039670 3.327025 1
5.644423 9.689670 7.974010 1
-1.048527 19.397970 5.798561 1
5.928862 9.047970 5.502474 1
0.453791 19.965150 5.744316 1
4.426544 9.615150 5.556719 1
0.796497 17.851680 5.311486 1
4.083839 7.501680 5.989548 1
1.184396 18.447840 4.070633 1
3.695940 8.097840 7.230402 1
-0.638031 18.064890 2.713378 1
5.518367 7.714890 8.587656 1
-0.074445 16.642800 3.043369 1
4.954780 6.292800 8.257666 1
4.851043 17.063010 2.338184 1
0.029292 6.713010 8.962850 1
3.826464 17.425260 3.569997 1
1.053871 7.075260 7.731038 1
5.133018 19.290330 2.155107 1
-0.252683 8.940330 9.145927 1
3.756968 19.031580 2.196921 1
1.123368 8.681580 9.104113 1
4.484744 19.621530 4.798419 1
0.395592 9.271530 6.502615 1
3.444352 0.006210 4.136179 1
1.435984 10.356210 7.164856 1
6.128092 15.945210 4.691059 1
-1.247756 5.595210 6.609975 1
5.786026 15.278670 3.827660 1
-0.905690 4.928670 7.473374 1
4.897707 15.852060 5.013139 1
-0.017371 5.502060 6.287895 1
0.523175 11.859030 0.220370 1
4.357160 1.509030 11.080664 1
0.654254 11.625120 1.293968 1
4.226082 1.275120 10.007066 1
1.620491 11.956320 0.435090 1
3.259845 1.606320 10.865945 1
0.661646 14.514840 2.298630 1
4.218689 4.164840 9.002404 1
1.708630 13.308030 2.307671 1
3.171706 2.958030 8.993363 1
2.765956 14.500350 0.734567 1
2.114380 4.150350 10.566467 1
3.073670 14.966100 1.849979 1
1.806666 4.616100 9.451055 1
1.666639 16.524810 0.932335 1
3.213696 6.174810 10.368699 1
3.013316 16.611750 0.319819 1
1.867019 6.261750 10.981215 1
-1.289038 14.999220 10.088433 1
6.169373 4.649220 1.212601 1
3.135503 15.862410 9.823989 1
1.744832 5.512410 1.477045 1
4.160792 14.701140 9.747142 1
0.719544 4.351140 1.553892 1
6.855423 16.071480 0.986580 1
-1.975087 5.721480 10.314454 1
5.531755 15.257970 0.876960 1
-0.651420 4.907970 10.424074 1
6.535241 13.535730 1.640910 1
-1.654905 3.185730 9.660124 1
6.289828 13.098960 0.170646 1
-1.409492 2.748960 11.130389 1
5.128386 15.837570 7.882471 1
-0.248050 5.487570 3.418563 1
-0.938045 18.054540 7.831617 1
5.818381 7.704540 3.469418 1
-0.570518 16.843590 7.240573 1
5.450854 6.493590 4.060462 1
7.636525 17.574300 0.190987 1
-2.756189 7.224300 11.110047 1
2.733606 18.006930 10.034188 1
2.146730 7.656930 1.266846 1
3.525519 19.410390 10.550646 1
1.354816 9.060390 0.750389 1
4.616350 19.433160 8.256536 1
0.263985 9.083160 3.044499 1
2.642174 20.056230 8.378587 1
2.238161 9.706230 2.922447 1
1.843376 19.400040 8.136745 1
3.036960 9.050040 3.164290 1
2.781765 19.727100 7.145644 1
2.098570 9.377100 4.155390 1
3.209774 17.094060 7.790933 1
1.670562 6.744060 3.510101 1
4.150141 17.659170 6.745587 1
0.730195 7.309170 4.555447 1
2.978809 0.180090 0.624947 1
1.901527 10.530090 10.676087 1
-0.309547 0.186300 10.374350 1
5.189883 10.536300 0.926685 1
0.246325 19.942380 10.843342 1
4.634011 9.592380 0.457692 1
