3.728830 8.635913 11.421146 6
2.188070 7.108687 2.362496 6
0.215770 0.763613 15.754804 6
1.756530 14.980987 6.696154 6
3.219977 7.834513 12.409082 8
2.696923 7.910087 3.350432 8
0.724623 15.706813 14.766868 8
1.247677 0.037787 5.708218 8
2.776998 7.195282 11.957418 1
3.139902 8.549318 2.898768 1
1.167602 15.067582 15.218532 1
0.804698 0.677018 6.159882 1
0.401560 9.810460 11.788927 6
1.570740 5.934140 2.730277 6
3.543040 1.938160 15.387023 6
2.373860 13.806440 6.328373 6
0.500767 10.262803 13.629645 35
1.471533 5.481797 4.570995 35
3.443833 2.390503 13.546305 35
2.473067 13.354097 4.487655 35
0.950254 10.692158 10.841392 6
1.022046 5.052442 1.782742 6
2.994346 2.819858 16.334558 6
2.922554 12.924742 7.275908 6
1.382977 11.490409 11.120399 1
0.589323 4.254191 2.061749 1
2.561623 3.618109 16.055551 1
3.355277 12.126491 6.996901 1
0.852428 10.385138 9.507959 6
1.119872 5.359462 0.449309 6
3.092172 2.512838 17.667991 6
2.824728 13.231762 8.609341 6
1.215331 10.983433 8.864795 1
0.756969 4.761167 17.923445 1
2.729269 3.111133 0.193855 1
3.187631 12.633467 9.252505 1
0.226815 9.202719 9.074956 6
1.745486 6.541881 0.016306 6
3.717785 1.330419 18.100994 6
2.199114 14.414181 9.042344 6
0.109265 8.895699 7.694417 6
1.863035 6.848901 16.753067 6
3.835335 1.023399 1.364233 6
2.081565 14.721201 10.422883 6
3.444425 7.733748 7.266849 6
2.472475 8.010852 16.325499 6
0.500175 15.606048 1.791801 6
1.472125 0.138552 10.850451 6
3.361194 7.533791 6.341055 1
2.555706 8.210809 15.399705 1
0.583406 15.406091 2.717595 1
1.388894 0.338509 11.776245 1
2.951350 6.855199 8.248807 6
2.965550 8.889401 17.307457 6
0.993250 14.727499 0.809843 6
0.979050 1.017101 9.868493 6
2.349404 5.713558 7.811093 9
3.567496 10.031042 16.869743 9
1.595196 13.585858 1.247557 9
0.377104 2.158742 10.306207 9
3.025508 7.096091 9.585863 6
2.891392 8.648509 0.527213 6
0.919092 14.968391 17.590087 6
1.053208 0.776209 8.531437 6
3.638894 8.291106 10.055102 6
2.278007 7.453494 0.996452 6
0.305706 0.418806 17.120849 6
1.666593 15.325794 8.062198 6
0.626402 9.836281 6.862652 8
1.345898 5.908319 15.921302 8
3.318198 1.963981 2.195998 8
2.598702 13.780619 11.254648 8
0.450868 9.646716 5.456931 6
1.521432 6.097884 14.515581 6
3.493732 1.774416 3.601719 6
2.423168 13.970184 12.660369 6
0.864656 10.389862 4.971387 1
1.107644 5.354738 14.030037 1
3.079944 2.517562 4.087263 1
2.836956 13.227038 13.145913 1
3.438508 9.612078 5.248582 1
2.478392 6.132522 14.307232 1
0.506092 1.739778 3.810068 1
1.466208 14.004822 12.868718 1
0.873729 8.804380 5.185171 1
1.098571 6.940220 14.243821 1
3.070871 0.932080 3.873479 1
2.846029 14.812520 12.932129 1
2.452358 6.192351 10.496077 8
3.464542 9.552249 1.437427 8
1.492242 14.064651 16.679873 8
0.480058 1.679949 7.621223 8
3.164358 4.937507 10.616738 6
2.752542 10.807093 1.558088 6
0.780242 12.809807 16.559212 6
1.192058 2.934793 7.500562 6
2.705996 4.362829 11.263525 1
3.210904 11.381771 2.204875 1
1.238604 12.235129 15.912425 1
0.733696 3.509471 6.853775 1
0.134905 5.109123 10.921108 1
1.837395 10.635477 1.862458 1
3.809695 12.981423 16.254842 1
2.107205 2.763177 7.196192 1
3.189209 4.491934 9.743484 1
2.727691 11.252666 0.684834 1
0.755391 12.364234 17.432466 1
1.216909 3.380366 8.373816 1
