5.618768 7.817962 14.438385 7
6.477904 7.906733 14.151677 1
13.567283 10.403768 15.469964 6
10.970169 1.967991 14.796824 1
13.003805 9.676411 15.162043 1
10.291580 4.171961 15.858364 8
8.780415 3.335776 14.402956 8
5.113475 9.987428 16.776003 6
5.686061 10.738756 17.036249 1
6.204930 1.925171 9.910767 7
5.694822 1.450649 10.143019 1
13.897653 9.587634 19.112309 8
13.212761 9.835354 17.891560 6
12.634253 9.070928 17.690143 1
7.243875 9.141038 15.980176 8
9.082815 2.484634 18.033492 6
11.668330 10.909342 18.693948 1
9.633667 3.214003 18.357159 1
8.440413 2.890702 16.734451 6
7.970437 3.729775 16.861294 1
7.787448 2.219815 16.478579 1
4.466202 3.921263 21.068963 8
9.454469 3.052302 15.612771 6
12.702609 7.109368 13.826917 8
6.457698 7.779403 11.958616 8
10.220504 5.037111 14.757459 6
11.110523 5.239134 14.429418 1
9.787216 5.868062 15.008957 1
11.115140 4.860043 8.430865 8
9.451116 4.357170 13.738346 6
8.821280 4.966320 13.322828 1
10.035180 3.994845 13.053834 1
3.273680 5.909864 9.971782 8
6.030255 8.781015 16.658127 6
6.255638 8.470941 17.558927 1
8.214500 9.799776 16.813181 6
7.773827 10.495907 17.327111 1
8.882124 10.222710 16.251138 1
1.088542 1.860895 3.142630 8
4.985879 3.421013 5.275770 8
8.891653 8.851992 17.751377 6
7.638484 9.496965 8.353010 8
8.770429 8.967519 19.072288 6
8.278849 9.659768 19.455002 1
9.437352 7.967690 19.898951 6
9.366732 8.013742 20.824026 1
7.580681 3.534224 10.585000 8
10.132587 7.005690 19.347842 6
10.545694 6.368962 19.883642 1
9.182148 9.638493 12.378070 8
10.248577 6.936184 18.050988 6
10.754032 6.253084 17.672648 1
9.650222 7.834276 17.254942 6
9.755326 7.760438 16.334241 1
10.434743 6.608160 0.533613 6
9.607889 7.009739 0.389275 1
11.012052 6.641694 1.797663 6
10.572441 7.065522 2.499670 1
3.115445 6.042331 2.014170 6
3.501828 6.065160 2.858328 1
3.773354 5.409156 0.964440 6
4.599295 5.007576 1.108778 1
5.954542 8.170015 21.569772 6
6.395341 7.746467 20.869951 1
13.852282 8.769601 21.355014 6
13.206469 8.745799 20.019232 6
13.201723 7.838111 19.678070 1
12.286314 9.041886 20.097962 1
5.473642 7.596754 15.859895 6
4.516497 7.523098 16.056500 1
6.139708 6.263592 16.242390 6
5.976710 5.624491 15.529448 1
7.098799 6.404294 16.294877 1
4.443149 5.093378 17.624535 6
3.891134 5.105178 16.876602 1
3.988511 4.517777 18.752995 6
3.130007 4.162372 18.781425 1
4.793296 4.459040 19.859586 6
6.065248 5.028786 19.774295 6
6.628149 5.008997 20.513480 1
6.486616 5.610182 18.623966 6
7.338733 5.980230 18.582414 1
5.679750 5.659961 17.534652 6
3.274965 3.250059 21.187057 6
0.427945 0.114438 0.209946 1
6.533585 11.110190 20.561593 1
11.681869 3.849898 21.001168 1
4.688474 7.499648 13.533648 6
5.076125 7.715052 12.100329 6
4.759214 6.943334 11.586399 1
4.336061 8.947523 11.588586 6
12.550718 8.939318 11.739484 1
4.733475 9.906975 11.037477 6
2.363006 1.404336 10.849400 1
9.996112 1.990040 10.788166 1
7.088819 7.028301 11.061533 6
8.025573 7.239001 11.070281 1
6.729555 7.201974 10.188945 1
6.967464 6.101103 11.280227 1
3.889410 6.116420 7.682714 6
4.742641 6.465639 7.982324 1
3.288256 6.865549 7.549311 1
4.080831 5.380737 6.361803 6
3.214048 5.136773 6.005332 1
4.508697 5.975407 5.725404 1
4.917020 4.141705 6.519700 6
5.824345 4.402501 6.786069 1
4.334840 3.226113 7.582115 6
3.439797 2.969680 7.275943 1
4.158283 3.959804 8.880719 6
5.030668 4.200988 9.228879 1
3.735023 3.368605 9.524116 1
3.325551 5.205499 8.734631 6
11.169061 5.706364 10.523547 6
10.806218 6.543660 10.851587 1
11.230947 5.085876 11.267106 1
10.348552 5.183268 9.521929 6
9.892754 4.391732 9.847783 1
9.678272 5.837427 9.270431 1
5.164127 1.915466 7.697148 6
5.383422 1.603472 6.794817 1
6.666605 8.868620 7.542750 6
2.862419 0.957758 7.092241 1
6.068275 8.352062 8.104793 1
8.094663 6.933005 6.947903 6
8.214092 6.820753 7.864230 1
8.704185 6.105608 6.112492 6
9.193005 5.385923 6.442720 1
8.613495 6.308428 4.802516 6
9.102465 5.777440 4.216417 1
7.791382 7.310361 4.308268 6
7.700355 7.437215 3.391941 1
7.084123 8.147777 5.235530 6
6.498426 8.807513 4.940293 1
7.294407 7.949397 6.499580 6
6.444158 2.017824 8.498223 6
6.827581 2.902539 8.323487 1
10.770807 9.561812 8.080737 6
11.426432 9.486855 8.791492 1
10.330185 8.701122 7.999820 1
9.158408 2.230001 6.770761 6
9.336656 2.707136 7.547124 1
9.847465 2.530722 5.648861 6
10.471457 3.219613 5.642301 1
9.600296 1.789287 4.518214 6
8.705520 0.813572 4.505093 6
11.839552 8.897760 3.737477 1
11.278795 9.156892 5.644488 6
10.627192 8.492972 5.631366 1
8.213961 1.256439 6.801378 6
1.603261 2.692838 3.260725 6
2.111417 2.874572 2.464679 1
2.202797 2.602595 4.006471 1
10.133407 3.424999 3.424745 1
6.054921 3.820548 4.470102 6
6.887033 3.651869 4.938106 1
5.991633 4.774488 4.306081 1
7.086727 3.448819 2.313781 6
7.709732 4.089944 2.565279 1
7.184848 2.859406 1.095656 6
7.857951 3.093197 0.498622 1
6.200700 1.852620 0.765428 6
9.002769 4.207237 21.814709 1
5.248039 1.557040 1.618334 6
4.602555 0.924981 1.397454 1
5.207883 2.187382 2.840833 6
4.543376 1.950415 3.446615 1
6.070138 3.105097 3.179808 6
6.804541 2.633662 10.837372 6
6.460519 2.321505 12.273097 6
7.296241 2.323332 12.784841 1
5.576885 3.432660 12.828580 6
5.938210 4.278291 12.690802 1
4.547419 3.469559 13.386249 6
4.093009 2.680453 13.576512 1
4.184046 4.287046 13.639934 1
9.622455 8.784540 13.250659 6
9.109162 7.975023 13.193798 1
9.537019 9.154836 14.131995 1
10.546131 8.591835 13.073517 1
