16.723258 1.490632 11.820106 35
19.773674 1.490632 10.051158 35
35.851008 3.825582 11.820106 35
0.645924 3.825582 10.051158 35
20.359863 3.179268 2.760737 35
17.309447 3.179268 4.529685 35
1.232113 0.844318 2.760737 35
36.437197 0.844318 4.529685 35
14.443205 0.117868 1.520199 35
23.226106 0.117868 5.770223 35
33.570955 2.452818 1.520199 35
4.098356 2.452818 5.770223 35
22.639916 4.552032 13.060644 35
13.857016 4.552032 8.810620 35
3.512166 2.217082 13.060644 35
32.984766 2.217082 8.810620 35
15.852430 0.205943 14.467113 8
20.644502 0.205943 7.404152 8
34.980180 2.540893 14.467113 8
1.516752 2.540893 7.404152 8
21.230692 4.463957 0.113731 8
16.438619 4.463957 7.176691 8
2.102942 2.129007 0.113731 8
35.566369 2.129007 7.176691 8
11.404549 2.069233 14.551681 8
25.092383 2.069233 7.319583 8
30.532299 4.404183 14.551681 8
5.964633 4.404183 7.319583 8
25.678572 2.600667 0.029162 8
11.990738 2.600667 7.261260 8
6.550822 0.265717 0.029162 8
31.118488 0.265717 7.261260 8
11.472697 1.775496 10.164306 8
25.024235 1.775496 11.706959 8
30.600447 4.110446 10.164306 8
5.896485 4.110446 11.706959 8
25.610425 2.894404 4.416537 8
12.058886 2.894404 2.873884 8
6.482675 0.559454 4.416537 8
31.186636 0.559454 2.873884 8
9.129140 4.156678 13.271483 8
27.367793 4.156678 8.599781 8
28.256890 1.821728 13.271483 8
8.240043 1.821728 8.599781 8
27.953982 0.513222 1.309360 8
9.715329 0.513222 5.981062 8
8.826232 2.848172 1.309360 8
28.843079 2.848172 5.981062 8
7.159135 2.294789 13.383756 8
29.337797 2.294789 8.487509 8
26.286885 4.629739 13.383756 8
10.210047 4.629739 8.487509 8
29.923986 2.375111 1.197087 8
7.745325 2.375111 6.093334 8
10.796236 0.040161 1.197087 8
26.873075 0.040161 6.093334 8
10.326017 1.947815 10.937090 7
26.170915 1.947815 10.934174 7
29.453767 4.282765 10.937090 7
7.043165 4.282765 10.934174 7
26.757104 2.722085 3.643753 7
10.912207 2.722085 3.646669 7
7.629354 0.387135 3.643753 7
30.039957 0.387135 3.646669 7
8.392266 2.069700 12.772819 7
28.104667 2.069700 9.098446 7
27.520016 4.404650 12.772819 7
8.976917 4.404650 9.098446 7
28.690856 2.600200 1.808025 7
8.978455 2.600200 5.482397 7
9.563106 0.265250 1.808025 7
28.106205 0.265250 5.482397 7
15.075570 1.644272 12.710121 6
21.421363 1.644272 9.161144 6
34.203320 3.979222 12.710121 6
2.293613 3.979222 9.161144 6
22.007552 3.025628 1.870722 6
15.661759 3.025628 5.419699 6
2.879802 0.690678 1.870722 6
34.789509 0.690678 5.419699 6
14.884919 0.993755 13.920331 6
21.612014 0.993755 7.950934 6
34.012669 3.328705 13.920331 6
2.484264 3.328705 7.950934 6
22.198203 3.676145 0.660512 6
15.471108 3.676145 6.629909 6
3.070453 1.341195 0.660512 6
34.598858 1.341195 6.629909 6
13.627157 1.101162 14.528352 6
22.869776 1.101162 7.342913 6
32.754907 3.436112 14.528352 6
3.742026 3.436112 7.342913 6
23.455965 3.568738 0.052491 6
14.213346 3.568738 7.237931 6
4.328215 1.233788 0.052491 6
33.341096 1.233788 7.237931 6
12.636871 1.915593 13.988861 6
23.860061 1.915593 7.882404 6
31.764621 4.250543 13.988861 6
4.732311 4.250543 7.882404 6
24.446250 2.754307 0.591982 6
13.223060 2.754307 6.698439 6
5.318500 0.419357 0.591982 6
32.350810 0.419357 6.698439 6
12.864784 2.607672 12.800522 6
23.632148 2.607672 9.070743 6
31.992534 0.272722 12.800522 6
4.504398 0.272722 9.070743 6
24.218338 2.062228 1.780321 6
13.450973 2.062228 5.510101 6
5.090588 4.397178 1.780321 6
32.578723 4.397178 5.510101 6
14.071598 2.447495 12.164797 6
22.425334 2.447495 9.706467 6
33.199348 0.112545 12.164797 6
3.297584 0.112545 9.706467 6
23.011523 2.222405 2.416046 6
14.657788 2.222405 4.874376 6
3.883773 4.557355 2.416046 6
33.785538 4.557355 4.874376 6
14.225943 2.891602 11.339522 1
22.270990 2.891602 10.531743 1
33.353693 0.556652 11.339522 1
3.143240 0.556652 10.531743 1
22.857179 1.778298 3.241321 1
14.812132 1.778298 4.049100 1
3.729429 4.113248 3.241321 1
33.939882 4.113248 4.049100 1
11.778613 3.496821 12.226037 6
24.718319 3.496821 9.645228 6
30.906363 1.161871 12.226037 6
5.590569 1.161871 9.645228 6
25.304509 1.173079 2.354806 6
12.364802 1.173079 4.935615 6
6.176759 3.508029 2.354806 6
31.492552 3.508029 4.935615 6
11.573803 4.215519 12.874885 1
24.923130 4.215519 8.996380 1
30.701553 1.880569 12.874885 1
5.795380 1.880569 8.996380 1
25.509319 0.454381 1.705959 1
12.159992 0.454381 5.584463 1
6.381569 2.789331 1.705959 1
31.287742 2.789331 5.584463 1
12.117083 3.924584 11.399303 1
24.379849 3.924584 10.471962 1
31.244833 1.589634 11.399303 1
5.252099 1.589634 10.471962 1
24.966038 0.745316 3.181540 1
12.703273 0.745316 4.108882 1
5.838288 3.080266 3.181540 1
31.831023 3.080266 4.108882 1
10.514812 2.757576 11.905258 6
25.982120 2.757576 9.966006 6
29.642562 0.422626 11.905258 6
6.854370 0.422626 9.966006 6
26.568309 1.912324 2.675585 6
11.101002 1.912324 4.614837 6
7.440559 4.247274 2.675585 6
30.228752 4.247274 4.614837 6
9.280657 3.051780 12.714495 6
27.216275 3.051780 9.156770 6
28.408407 0.716830 12.714495 6
8.088525 0.716830 9.156770 6
27.802464 1.618120 1.866348 6
9.866846 1.618120 5.424074 6
8.674714 3.953070 1.866348 6
28.994596 3.953070 5.424074 6
17.822224 0.913432 0.869018 6
19.847087 0.913432 6.421403 6
36.949974 3.248382 0.869018 6
0.719337 3.248382 6.421403 6
19.260898 3.756468 13.711825 6
17.236034 3.756468 8.159440 6
0.133148 1.421518 13.711825 6
36.363784 1.421518 8.159440 6
18.496464 0.308680 1.237914 1
19.172847 0.308680 6.052508 1
37.624214 2.643630 1.237914 1
0.045097 2.643630 6.052508 1
18.586658 4.361220 13.342930 1
17.910274 4.361220 8.528335 1
-0.541092 2.026270 13.342930 1
37.038024 2.026270 8.528335 1
17.239973 1.232387 1.592228 1
20.429338 1.232387 5.698194 1
36.367723 3.567337 1.592228 1
1.301588 3.567337 5.698194 1
19.843148 3.437513 12.988615 1
16.653784 3.437513 8.882650 1
0.715398 1.102563 12.988615 1
35.781534 1.102563 8.882650 1
18.261965 1.677428 0.443258 1
19.407345 1.677428 6.847164 1
37.389715 4.012378 0.443258 1
0.279595 4.012378 6.847164 1
18.821156 2.992472 14.137586 1
17.675776 2.992472 7.733679 1
-0.306594 0.657522 14.137586 1
36.803526 0.657522 7.733679 1
8.579755 1.125446 12.524944 1
27.917177 1.125446 9.346320 1
27.707505 3.460396 12.524944 1
8.789427 3.460396 9.346320 1
28.503366 3.544454 2.055899 1
9.165944 3.544454 5.234523 1
9.375616 1.209504 2.055899 1
28.293694 1.209504 5.234523 1
12.308459 1.732533 0.597815 1
25.360852 1.732533 6.692607 1
31.436209 4.067483 0.597815 1
6.233102 4.067483 6.692607 1
24.774663 2.937367 13.983029 1
11.722270 2.937367 7.888236 1
5.646913 0.602417 13.983029 1
30.850020 0.602417 7.888236 1
11.199029 0.952660 9.637937 1
25.297903 0.952660 12.233327 1
30.326779 3.287610 9.637937 1
6.170153 3.287610 12.233327 1
25.884092 3.717240 4.942906 1
11.785219 3.717240 2.347516 1
6.756342 1.382290 4.942906 1
30.912969 1.382290 2.347516 1
7.244265 2.437688 14.099675 1
29.252668 2.437688 7.771589 1
26.372015 0.102738 14.099675 1
10.124918 0.102738 7.771589 1
29.838857 2.232212 0.481168 1
7.830454 2.232212 6.809254 1
10.711107 4.567162 0.481168 1
26.958204 4.567162 6.809254 1
