7.296327 2.334740 10.271756 6
0.598131 7.283740 15.502139 6
0.792645 7.563260 6.910840 6
7.490841 2.614260 1.680458 6
6.429985 2.555565 11.528835 6
1.464473 7.504565 14.245060 6
1.658987 7.342435 5.653762 6
6.624499 2.393435 2.937537 6
6.666442 3.425698 11.936750 1
1.228017 8.374698 13.837145 1
1.422530 6.472302 5.245847 1
6.860956 1.523302 3.345452 1
5.476968 2.593276 11.263192 1
2.417490 7.542276 14.510703 1
2.612004 7.304724 5.919405 1
5.671482 2.355724 2.671894 1
6.620211 1.444019 12.567008 6
1.274248 6.393019 13.206887 6
1.468762 8.453981 4.615589 6
6.814724 3.504981 3.975709 6
6.543712 0.575074 12.077647 1
1.350746 5.524074 13.696248 1
1.545260 9.322926 5.104949 1
6.738226 4.373926 3.486349 1
8.057927 1.517561 13.120459 6
-0.163468 6.466561 12.653436 6
0.031046 8.380439 4.062138 6
8.252440 3.431439 4.529161 6
-0.256822 0.671084 13.627517 1
8.151281 5.620084 12.146378 1
8.345794 9.226916 3.555079 1
-0.062308 4.277916 5.036219 1
0.591735 1.557351 11.976442 6
7.302724 6.506351 13.797453 6
7.497238 8.340649 5.206155 6
0.786249 3.391649 3.385143 6
1.913809 1.192511 12.249129 6
5.980650 6.141511 13.524765 6
6.175163 8.705489 4.933467 6
2.108323 3.756489 3.657831 6
2.153539 0.958126 13.137813 1
5.740919 5.907126 12.636082 1
5.935433 8.939874 4.044783 1
2.348053 3.990874 4.546515 1
2.882489 1.163510 11.261302 6
5.011970 6.112510 14.512593 6
5.206484 8.734490 5.921295 6
3.077002 3.785490 2.670004 6
3.773309 0.906657 11.469383 1
4.121150 5.855657 14.304512 1
4.315664 8.991343 5.713213 1
3.967822 4.042343 2.878085 1
2.537279 1.514394 9.965047 6
5.357180 6.463394 15.808848 6
5.551694 8.383606 7.217550 6
2.731793 3.434606 1.373749 6
3.189681 1.489649 9.275166 1
4.704778 6.438649 16.498729 1
4.899292 8.408351 7.907431 1
3.384195 3.459351 0.683867 1
1.243527 1.898733 9.680847 6
6.650931 6.847733 16.093048 6
6.845445 7.999267 7.501750 6
1.438041 3.050267 1.089548 6
1.022653 2.145886 8.790616 1
6.871805 7.094886 16.983278 1
7.066319 7.752114 8.391980 1
1.217167 2.803114 0.199318 1
0.240485 1.936841 10.666097 6
7.653973 6.885841 15.107798 6
7.848487 7.961159 6.516500 6
0.434999 3.012159 2.074799 6
7.288996 3.642563 9.468470 6
0.605463 8.591563 16.305425 6
0.799977 6.255437 7.714127 6
7.483509 1.306437 0.877172 6
7.738208 4.345222 9.983089 1
0.156251 9.294222 15.790806 1
0.350764 5.552778 7.199508 1
7.932722 0.603778 1.391790 1
6.363533 3.910700 9.288912 1
1.530926 8.859700 16.484983 1
1.725440 5.987300 7.893685 1
6.558047 1.038300 0.697613 1
7.760580 3.507851 8.620509 1
0.133879 8.456851 17.153386 1
0.328392 6.390149 8.562088 1
7.955094 1.441149 0.029210 1
6.684055 1.221017 9.398880 6
1.210404 6.170017 16.375015 6
1.404918 8.676983 7.783716 6
6.878569 3.727983 0.807582 6
7.231289 1.097688 8.594735 1
0.663170 6.046688 17.179160 1
0.857684 8.800312 8.587862 1
7.425802 3.851312 0.003437 1
5.773457 1.473812 9.139423 1
2.121001 6.422812 16.634472 1
2.315515 8.424188 8.043173 1
5.967971 3.475188 0.548125 1
6.658127 0.384042 9.907485 1
1.236332 5.333042 15.866410 1
1.430845 9.513958 7.275111 1
6.852641 4.564958 1.316187 1
-0.189110 2.683744 14.100554 6
8.083569 7.632744 11.673341 6
8.278083 7.214256 3.082042 6
0.005403 2.265256 5.509256 6
0.739368 2.669491 14.412762 1
7.155090 7.618491 11.361133 1
7.349604 7.228509 2.769835 1
0.933882 2.279509 5.821464 1
7.685297 2.590307 14.866383 1
0.209162 7.539307 10.907512 1
0.403675 7.307693 2.316214 1
7.879811 2.358693 6.275084 1
8.110575 3.533586 13.644700 1
-0.216116 8.482586 12.129195 1
-0.021603 6.364414 3.537897 1
8.305089 1.415414 5.053402 1
5.566739 1.423134 13.667725 6
2.327720 6.372134 12.106170 6
2.522234 8.474866 3.514872 6
5.761252 3.525866 5.076426 6
5.234725 0.211025 14.278738 6
2.659733 5.160025 11.495157 6
2.854247 9.686975 2.903859 6
5.429239 4.737975 5.687439 6
5.675885 9.312038 14.010689 1
2.218574 4.363038 11.763206 1
2.413087 0.585962 3.171907 1
5.870399 5.534962 5.419391 1
4.263639 0.159457 15.275500 6
3.630819 5.108457 10.498395 6
3.825333 9.738543 1.907096 6
4.458153 4.789543 6.684202 6
4.049217 9.226916 15.684274 1
3.845242 4.277916 10.089621 1
4.039756 0.671084 1.498322 1
4.243730 5.620084 7.092976 1
3.606428 1.315444 15.676027 6
4.288031 6.264444 10.097868 6
4.482545 8.582556 1.506570 6
3.800942 3.633556 7.084728 6
2.938765 1.277832 16.350959 1
4.955694 6.226832 9.422936 1
5.150208 8.620168 0.831638 1
3.133279 3.671168 7.759661 1
3.934422 2.526366 15.081509 6
3.960037 7.475366 10.692386 6
4.154550 7.371634 2.101088 6
4.128936 2.422634 6.490210 6
3.495404 3.322759 15.356087 1
4.399055 8.271759 10.417808 1
4.593569 6.575241 1.826510 1
3.689917 1.626241 6.764788 1
4.906572 2.576746 14.082684 6
2.987886 7.525746 11.691211 6
3.182400 7.321254 3.099912 6
5.101086 2.372254 5.491386 6
5.121302 3.409861 13.679065 1
2.773157 8.358861 12.094830 1
2.967670 6.488139 3.503531 1
5.315816 1.539139 5.087767 1
