8.028234 6.621157 13.234942 6
6.297666 7.224843 3.223942 6
1.522366 13.544157 16.798058 6
3.252934 0.301843 6.787058 6
8.285146 5.190865 12.850920 6
6.040754 8.655135 2.839920 6
1.265454 12.113865 17.182080 6
3.509846 1.732135 7.171080 6
8.417899 5.138251 11.891066 1
5.908001 8.707749 1.880066 1
1.132701 12.061251 18.141934 1
3.642599 1.784749 8.130934 1
9.099812 4.887638 13.280593 1
5.226088 8.958362 3.269593 1
0.450788 11.810638 16.752407 1
4.324512 2.035362 6.741407 1
5.940473 4.741424 12.731189 6
8.385427 9.104576 2.720189 6
3.610127 11.664424 17.301811 6
1.165173 2.181576 7.290811 6
5.251875 4.099801 13.004289 1
9.074025 9.746199 2.993289 1
4.298725 11.022801 17.028711 1
0.476575 2.823199 7.017711 1
5.631034 6.103594 13.340458 6
8.694866 7.742406 3.329458 6
3.919566 13.026594 16.692542 6
0.855734 0.819406 6.681542 6
5.695978 6.032702 14.315730 1
8.629922 7.813298 4.304730 1
3.854622 12.955702 15.717270 1
0.920678 0.890298 5.706270 1
3.987375 7.831436 13.533871 6
0.787925 6.014564 3.522871 6
5.563224 0.908436 16.499129 6
8.762675 12.937564 6.488129 6
5.054178 8.870163 13.067959 6
9.271722 4.975837 3.056959 6
4.496422 1.947163 16.965041 6
0.278878 11.898837 6.954041 6
6.652948 7.116982 12.856527 6
7.672952 6.729018 2.845527 6
2.897652 0.193982 17.176473 6
1.877648 13.652018 7.165473 6
6.600420 7.168074 11.879053 1
7.725480 6.677926 1.868053 1
2.950180 0.245074 18.153947 1
1.825120 13.600926 8.142947 1
2.590123 8.152525 13.058348 6
2.185177 5.693475 3.047348 6
6.960477 1.229525 16.974652 6
7.365423 12.616475 6.963652 6
1.981749 7.480994 13.374696 1
2.793550 6.365006 3.363696 1
7.568850 0.557994 16.658304 1
6.757049 13.288006 6.647304 1
2.574842 8.170525 12.099295 1
2.200458 5.675475 2.088295 1
6.975758 1.247525 17.933705 1
7.350142 12.598475 7.922705 1
2.325571 9.010977 13.398722 1
2.449729 4.835023 3.387722 1
7.225029 2.087977 16.634278 1
7.100871 11.758023 6.623278 1
4.923334 10.214887 13.769129 6
9.402566 3.631113 3.758129 6
4.627266 3.291887 16.263871 6
0.148034 10.554113 6.252871 6
5.601427 10.812341 13.444773 1
8.724473 3.033659 3.433773 1
3.949173 3.889341 16.588227 1
0.826127 9.956659 6.577227 1
5.028391 10.093734 14.716170 1
9.297509 3.752266 4.705170 1
4.522209 3.170734 15.316830 1
0.253091 10.675266 5.305830 1
4.057095 10.586652 13.588931 1
0.718205 3.259348 3.577931 1
5.493505 3.663652 16.444069 1
8.832395 10.182348 6.433069 1
6.007327 3.591791 10.662516 6
8.318573 10.254209 0.651516 6
3.543273 10.514791 19.370484 6
1.232027 3.331209 9.359484 6
5.217493 3.065504 10.857931 1
9.108407 10.780496 0.846931 1
4.333107 9.988504 19.175069 1
0.442193 3.857496 9.164069 1
6.785701 3.100119 10.970054 1
7.540199 10.745881 0.959054 1
2.764899 10.023119 19.062946 1
2.010401 3.822881 9.051946 1
6.106654 3.836865 9.180487 6
8.219246 10.009135 19.191487 6
3.443946 10.759865 0.830513 6
1.331354 3.086135 10.841513 6
5.383673 4.836823 8.553599 6
8.942227 9.009177 18.564599 6
4.166927 11.759823 1.457401 6
0.608373 2.086177 11.468401 6
4.830693 5.390248 9.055951 1
9.495207 8.455752 19.066951 1
4.719907 12.313248 0.955049 1
0.055393 1.532752 10.966049 1
5.479179 5.021944 7.180089 6
8.846721 8.824056 17.191089 6
4.071421 11.944944 2.830911 6
0.703879 1.901056 12.841911 6
4.984458 5.692091 6.765434 1
9.341442 8.153909 16.776434 1
4.566142 12.615091 3.245566 1
0.209158 1.230909 13.256566 1
6.304351 4.211953 6.431066 6
8.021549 9.634047 16.442066 6
3.246249 11.134953 3.579934 6
1.529051 2.711047 13.590934 6
6.379801 4.344875 5.514059 1
7.946099 9.501125 15.525059 1
3.170799 11.267875 4.496941 1
1.604501 2.578125 14.507941 1
7.009185 3.217810 7.033729 6
7.316715 10.628190 17.044729 6
2.541415 10.140810 2.977271 6
2.233885 3.705190 12.988271 6
7.553570 2.662586 6.525170 1
6.772330 11.183414 16.536170 1
1.997030 9.585586 3.485830 1
2.778270 4.260414 13.496830 1
6.923230 3.032412 8.390419 6
7.402670 10.813588 18.401419 6
2.627370 9.955412 1.620581 6
2.147930 3.890588 11.631581 6
7.419861 2.355205 8.789658 1
6.906039 11.490795 18.800658 1
2.130739 9.278205 1.221342 1
2.644561 4.567795 11.232342 1
3.128777 7.050383 15.663010 6
1.646523 6.795617 5.652010 6
6.421823 0.127383 14.369990 6
7.904077 13.718617 4.358990 6
3.096305 6.144855 15.314828 1
1.678995 7.701145 5.303828 1
6.454295 13.067855 14.718172 1
7.871605 0.778145 4.707172 1
2.252987 7.453302 15.549085 1
2.522313 6.392698 5.538085 1
7.297613 0.530302 14.483915 1
7.028287 13.315698 4.472915 1
3.503160 7.029891 17.128421 6
1.272140 6.816109 7.117421 6
6.047440 0.106891 12.904579 6
8.278460 13.739109 2.893579 6
4.750468 7.383518 17.602542 6
0.024832 6.462482 7.591542 6
4.800132 0.460518 12.430458 6
9.525768 13.385482 2.419458 6
5.412325 7.663761 17.012693 1
8.913575 6.182239 7.001693 1
4.138275 0.740761 13.020307 1
0.637025 13.105239 3.009307 1
5.013110 7.317334 18.966240 6
9.312790 6.528666 8.955240 6
4.537490 0.394334 11.066760 6
0.237810 13.451666 1.055760 6
5.854518 7.551608 19.285190 1
8.471382 6.294392 9.274190 1
3.696082 0.628608 10.747810 1
1.079218 13.217392 0.736810 1
4.037039 6.908462 19.851813 6
0.738261 6.937538 9.840813 6
5.513561 13.831462 10.181187 6
8.812339 0.014538 0.170187 6
4.223275 6.860693 0.738812 1
0.552025 6.985307 10.749812 1
5.327325 13.783693 9.272188 1
8.998575 0.062307 19.283188 1
2.788775 6.571312 19.383298 6
1.986525 7.274688 9.372298 6
6.761825 13.494312 10.649702 6
7.564075 0.351688 0.638702 6
2.125964 6.309622 19.979954 1
2.649336 7.536378 9.968954 1
7.424636 13.232622 10.053046 1
6.901264 0.613378 0.042046 1
2.514673 6.619357 18.034416 6
2.260627 7.226643 8.023416 6
7.035927 13.542357 11.998584 6
7.289973 0.303643 1.987584 6
1.672310 6.378852 17.723474 1
3.102990 7.467148 7.712474 1
7.878290 13.301852 12.309526 1
6.447610 0.544148 2.298526 1
5.568955 9.996812 10.992078 6
8.756945 3.849188 0.981078 6
3.981645 3.073812 19.040922 6
0.793655 10.772188 9.029922 6
6.494408 10.035581 11.280395 1
7.831492 3.810419 1.269395 1
3.056192 3.112581 18.752605 1
1.719108 10.733419 8.741605 1
5.146818 10.844187 11.200307 1
9.179082 3.001813 1.189307 1
4.403782 3.921187 18.832693 1
0.371518 9.924813 8.821693 1
5.499235 9.735261 9.508848 6
8.826665 4.110739 19.519848 6
4.051365 2.812261 0.502152 6
0.723935 11.033739 10.513152 6
4.653052 10.463422 8.724787 6
0.122248 3.382578 18.735787 6
4.897548 3.540422 1.286213 6
9.428352 10.305578 11.297213 6
4.122039 11.116953 9.120021 1
0.653261 2.729047 19.131021 1
5.428561 4.193953 0.890979 1
8.897339 9.652047 10.901979 1
4.561367 10.257117 7.359887 6
0.213933 3.588883 17.370887 6
4.989233 3.334117 2.651113 6
9.336667 10.511883 12.662113 6
3.967319 10.761111 6.851528 1
0.807981 3.084889 16.862528 1
5.583281 3.838111 3.159472 1
8.742619 10.007889 13.170472 1
5.340696 9.321127 6.765634 6
8.985204 4.524873 16.776634 6
4.209904 2.398127 3.245366 6
0.565396 11.447873 13.256366 6
5.287212 9.177129 5.848426 1
9.038688 4.668871 15.859426 1
4.263388 2.254129 4.162574 1
0.511912 11.591871 14.173574 1
6.215530 8.584520 7.536281 6
8.110370 5.261480 17.547281 6
3.335070 1.661520 2.474719 6
1.440230 12.184480 12.485719 6
6.758960 7.943450 7.137843 1
7.566940 5.902550 17.148843 1
2.791640 1.020450 2.873157 1
1.983660 12.825550 12.884157 1
6.283340 8.797748 8.902582 6
8.042560 5.048252 18.913582 6
3.267260 1.874748 1.108418 6
1.508040 11.971252 11.119418 6
6.873567 8.293754 9.416347 1
7.452333 5.552246 19.427347 1
2.677033 1.370754 0.594653 1
2.098267 12.475246 10.605653 1
8.852451 7.285765 13.829596 8
5.473449 6.560235 3.818596 8
0.698149 0.362765 16.203404 8
4.077151 13.483235 6.192404 8
7.198287 4.320090 13.227735 8
7.127613 9.525910 3.216735 8
2.352313 11.243090 16.805265 8
2.422987 2.602910 6.794265 8
4.309708 6.536143 12.999684 8
0.465592 7.309857 2.988684 8
5.240892 13.459143 17.033316 8
9.085008 0.386857 7.022316 8
6.383621 8.411860 13.391915 8
7.942279 5.434140 3.380915 8
3.166979 1.488860 16.641085 8
1.608321 12.357140 6.630085 8
5.931878 4.863269 11.337858 8
8.394022 8.982731 1.326858 8
3.618722 11.786269 18.695142 8
1.156578 2.059731 8.684142 8
4.117646 7.815236 14.953230 8
0.657654 6.030764 4.942230 8
5.432954 0.892236 15.079770 8
8.892946 12.953764 5.068770 8
4.890480 8.932332 11.663816 8
9.435420 4.913668 1.652816 8
4.660120 2.009332 18.369184 8
0.115180 11.836668 8.358184 8
