3.365734 5.603639 12.225409 16
1.579366 4.490461 0.631409 16
6.524466 0.556589 22.556591 16
8.310834 9.537511 10.962591 16
0.860942 2.995727 9.043552 8
4.084158 7.098373 20.637552 8
9.029258 8.042777 2.550448 8
5.806042 2.051323 14.144448 8
5.469973 2.628403 10.294081 8
9.365327 7.465697 21.888081 8
4.420227 7.675453 1.299919 8
0.524873 2.418647 12.893919 8
2.042623 5.547919 7.650417 8
2.902477 4.546181 19.244417 8
7.847577 0.500869 3.943583 8
6.987723 9.593231 15.537583 8
2.534067 8.705152 7.081615 8
2.411033 1.388948 18.675615 8
7.356133 3.658102 4.512385 8
7.479167 6.435998 16.106385 8
3.818606 8.383857 5.225880 8
1.126494 1.710243 16.819880 8
6.071594 3.336807 6.368120 8
8.763706 6.757293 17.962120 8
2.284636 4.330369 10.234256 7
2.660464 5.763731 21.828256 7
7.605564 9.377419 1.359744 7
7.229736 0.716681 12.953744 7
9.825221 5.938056 8.396143 7
5.010079 4.156044 19.990143 7
0.064979 0.891006 3.197857 7
4.880121 9.203094 14.791857 7
4.471854 3.882998 8.695268 7
0.473246 6.211102 20.289268 7
5.418346 8.930048 2.898732 7
9.416954 1.164052 14.492732 7
5.160706 3.834749 8.150582 1
9.674594 6.259351 19.744582 1
4.729494 8.881799 3.443418 1
0.215606 1.212301 15.037418 1
3.753331 4.332388 8.458982 1
1.191769 5.761712 20.052982 1
6.136869 9.379438 3.135018 1
8.698431 0.714662 14.729018 1
1.897830 7.248573 5.525005 7
3.047270 2.845527 17.119005 7
7.992370 2.201523 6.068995 7
6.842930 7.892577 17.662995 7
2.426066 5.703772 10.661147 6
2.519034 4.390328 22.255147 6
7.464134 0.656722 0.932853 6
7.371166 9.437378 12.526853 6
2.955192 6.213928 9.982434 1
1.989908 3.880172 21.576434 1
6.935008 1.166878 1.611566 1
7.900292 8.927222 13.205566 1
3.504098 3.785187 12.181816 6
1.441002 6.308913 0.587816 6
6.386102 8.832237 22.600184 6
8.449198 1.261863 11.006184 6
4.407073 3.498615 12.468188 1
0.538027 6.595485 0.874188 1
5.483127 8.545665 22.313812 1
9.352173 1.548435 10.719812 1
2.834531 3.371429 12.783544 1
2.110569 6.722671 1.189544 1
7.055669 8.418479 21.998456 1
7.779631 1.675621 10.404456 1
3.247249 3.376981 10.730943 6
1.697851 6.717119 22.324943 6
6.642951 8.424031 0.863057 6
8.192349 1.670069 12.457057 6
2.810795 2.477092 10.738363 1
2.134305 7.617008 22.332363 1
7.079405 7.524142 0.855637 1
7.755895 2.569958 12.449637 1
1.151021 4.061765 9.553688 6
3.794079 6.032335 21.147688 6
8.739179 9.108815 2.040312 6
6.096121 0.985285 13.634312 6
0.218376 5.286482 9.695830 6
4.726724 4.807618 21.289830 6
9.671824 0.239432 1.898170 6
5.163476 9.854668 13.492170 6
0.982987 6.220691 10.682943 6
3.962113 3.873409 22.276943 6
8.907213 1.173641 0.911057 6
5.928087 8.920459 12.505057 6
0.941547 7.162773 10.381268 1
4.003553 2.931327 21.975268 1
8.948653 2.115723 1.212732 1
5.886647 7.978377 12.806732 1
0.600335 6.159420 11.594000 1
4.344765 3.934680 0.000000 1
9.289865 1.112370 0.000000 1
5.545435 8.981730 11.594000 1
8.644826 6.835321 8.358578 6
6.190474 3.258779 19.952578 6
1.245374 1.788271 3.235422 6
3.699726 8.305829 14.829422 6
8.448209 7.068898 7.417841 1
6.387091 3.025202 19.011841 1
1.441991 2.021848 4.176159 1
3.503109 8.072252 15.770159 1
8.861619 7.673535 8.839266 1
5.973681 2.420565 20.433266 1
1.028581 2.626485 2.754734 1
3.916519 7.467615 14.348734 1
7.408947 6.214937 8.981872 6
7.426353 3.879163 20.575872 6
2.481253 1.167887 2.612128 6
2.463847 8.926213 14.206128 6
7.108087 5.451823 8.426519 1
7.727213 4.642277 20.020519 1
2.782113 0.404773 3.167481 1
2.162987 9.689327 14.761481 1
6.679841 6.884176 9.001582 1
8.155459 3.209924 20.595582 1
3.210359 1.837126 2.592418 1
1.734741 8.256974 14.186418 1
7.690718 5.732439 10.394485 6
7.144582 4.361661 21.988485 6
2.199482 0.685389 1.199515 6
2.745618 9.408711 12.793515 6
6.880612 5.317572 10.782420 1
7.954688 4.776528 22.376420 1
3.009588 0.270522 0.811580 1
1.935512 9.823578 12.405580 1
7.961611 6.491516 10.967924 1
6.873689 3.602584 22.561924 1
1.928589 1.444466 0.626076 1
3.016511 8.649634 12.220076 1
8.815234 4.710614 10.304515 6
6.020066 5.383486 21.898515 6
1.074966 9.757664 1.289485 6
3.870134 0.336436 12.883485 6
8.512495 3.946793 9.752873 1
6.322805 6.147307 21.346873 1
1.377705 8.993843 1.841127 1
3.567395 1.100257 13.435127 1
9.011950 4.367717 11.211398 1
5.823350 5.726383 22.805398 1
0.878250 9.414767 0.382602 1
4.066850 0.679333 11.976602 1
4.515964 3.275535 9.878088 6
0.429136 6.818565 21.472088 6
5.374236 8.322585 1.715912 6
9.461064 1.771515 13.309912 6
0.961426 6.094515 7.509898 6
3.983674 3.999585 19.103898 6
8.928774 1.047465 4.084102 6
5.906526 9.046635 15.678102 6
0.678764 6.963415 6.266789 6
4.266336 3.130685 17.860789 6
9.211436 1.916365 5.327211 6
5.623864 8.177735 16.921211 6
0.223519 7.813843 6.529741 1
4.721581 2.280257 18.123741 1
9.666681 2.766793 5.064259 1
5.168619 7.327307 16.658259 1
1.982985 6.538958 4.250129 6
2.962115 3.555142 15.844129 6
7.907215 1.491908 7.343871 6
6.928085 8.602192 18.937871 6
2.867169 6.109959 4.136739 1
2.077931 3.984141 15.730739 1
7.023031 1.062909 7.457261 1
7.812269 9.031191 19.051261 1
1.816830 7.148642 3.487475 1
3.128270 2.945458 15.081475 1
8.073370 2.101592 8.106525 1
6.761930 7.992508 19.700525 1
0.878250 5.500275 4.376271 6
4.066850 4.593825 15.970271 6
9.011950 0.453225 7.217729 6
5.823350 9.640875 18.811729 6
1.210560 4.678615 4.818466 1
3.734540 5.415485 16.412466 1
8.679640 9.725665 6.775534 1
6.155660 0.368435 18.369534 1
0.509345 5.263064 3.489794 1
4.435755 4.831036 15.083794 1
9.380855 0.216014 8.104206 1
5.454445 9.878086 19.698206 1
9.721968 6.196970 5.235155 6
5.113332 3.897130 16.829155 6
0.168232 1.149920 6.358845 6
4.776868 8.944180 17.952845 6
9.128655 5.539642 5.678741 1
5.706645 4.554458 17.272741 1
0.761545 0.492592 5.915259 1
4.183555 9.601508 17.509259 1
9.171182 6.816546 4.693251 1
5.664118 3.277554 16.287251 1
0.719018 1.769496 6.900749 1
4.226082 8.324604 18.494749 1
2.834531 8.133725 5.894621 6
2.110569 1.960375 17.488621 6
7.055669 3.086675 5.699379 6
7.779631 7.007425 17.293379 6
3.550780 9.518938 7.783284 6
1.394320 0.575162 19.377284 6
6.339420 4.471888 3.810716 6
8.495880 5.622212 15.404716 6
3.913552 0.662173 6.988863 6
1.031548 9.431927 18.582863 6
5.976648 5.709223 4.605137 6
8.858652 4.384877 16.199137 6
4.402128 0.400736 6.181921 1
0.542972 9.693364 17.775921 1
5.488072 5.447786 5.412079 1
9.347228 4.646314 17.006079 1
4.476305 1.248640 7.536100 1
0.468795 8.845460 19.130100 1
5.413895 6.295690 4.057900 1
9.421405 3.798410 15.651900 1
3.095633 1.138614 6.736114 1
1.849467 8.955486 18.330114 1
6.794567 6.185664 4.857886 1
8.040733 3.908436 16.451886 1
4.764109 8.649634 8.071047 6
0.180991 1.444466 19.665047 6
5.126091 3.602584 3.522953 6
9.709209 6.491516 15.116953 6
5.191366 8.395263 7.227700 1
9.643934 1.698837 18.821700 1
4.698834 3.348213 4.366300 1
0.246266 6.745887 15.960300 1
4.482239 7.843116 8.551734 1
0.462861 2.250984 20.145734 1
5.407961 2.796066 3.042266 1
9.427339 7.298034 14.636266 1
5.402027 9.150302 8.621298 1
9.433273 0.943798 20.215298 1
4.488173 4.103252 2.972702 1
0.456927 5.990848 14.566702 1
2.827608 9.891209 9.065812 6
2.117492 0.202891 20.659812 6
7.062592 4.844159 2.528188 6
7.772708 5.249941 14.122188 6
2.554639 9.075605 9.534906 1
2.390461 1.018495 21.128906 1
7.335561 4.028555 2.059094 1
7.499739 6.065545 13.653094 1
2.034414 0.332096 8.850860 1
2.910686 9.762004 20.444860 1
7.855786 5.379146 2.743140 1
6.979514 4.714954 14.337140 1
3.426954 0.318974 9.639252 1
1.518146 9.775126 21.233252 1
6.463246 5.366024 1.954748 1
8.372054 4.728076 13.548748 1
