1.441063 0.970467 1.165828 46
0.705355 8.839967 5.258883 46
2.851773 14.768533 11.683594 46
3.587480 6.899033 7.590539 46
0.808742 2.925723 2.211128 17
1.337676 10.795223 4.213582 17
3.484093 12.813277 10.638293 17
2.955160 4.943777 8.635839 17
-1.193698 15.271552 11.775210 7
-0.307049 7.402052 7.498923 7
5.486533 0.467448 1.074212 7
4.599885 8.336948 5.350499 7
1.845137 15.088979 0.137489 7
0.301280 7.219479 6.287222 7
2.447698 0.650021 12.711933 7
3.991555 8.519521 6.562200 7
0.668946 15.104718 2.496643 7
1.477472 7.235218 3.928068 7
3.623889 0.634282 10.352779 7
2.815364 8.503782 8.921354 7
-0.018012 15.192857 3.691639 7
2.164430 7.323357 2.733072 7
4.310848 0.546143 9.157783 7
2.128405 8.415643 10.116350 7
-1.311993 1.811559 12.502487 6
-0.188754 9.681059 6.771645 6
5.604829 13.927441 0.346934 6
4.481589 6.057941 6.077776 6
-0.976084 3.149374 12.267343 6
-0.524663 11.018874 7.006790 6
5.268919 12.589626 0.582079 6
4.817498 4.720126 5.842632 6
-0.266545 3.542849 11.149443 6
-1.234202 11.412349 8.124689 6
4.559380 12.196151 1.699978 6
5.527038 4.326651 4.724732 6
0.126096 2.625265 10.233279 6
-1.626843 10.494765 9.040853 6
4.166739 13.113735 2.616142 6
5.919678 5.244235 3.808569 6
-0.173273 1.271711 10.390042 6
-1.327474 9.141211 8.884090 6
4.466109 14.467289 2.459379 6
5.620309 6.597789 3.965332 6
-0.881438 0.886106 11.531071 6
-0.619309 8.755606 7.743062 6
5.174273 14.852894 1.318351 6
4.912145 6.983394 5.106360 6
-0.938738 14.160378 10.893740 6
-0.562009 6.290878 8.380393 6
5.231574 1.578622 1.955682 6
4.854844 9.448122 4.469029 6
1.435510 13.944754 0.598783 6
0.710908 6.075254 5.825928 6
2.857325 1.794246 12.250639 6
3.581928 9.663746 7.023494 6
0.786713 13.965215 1.874731 6
1.359705 6.095715 4.549980 6
3.506123 1.773785 10.974691 6
2.933130 9.643285 8.299442 6
-0.507181 13.962067 4.273718 6
2.653599 6.092567 2.150993 6
4.800016 1.776933 8.575704 6
1.639237 9.646433 10.698429 6
0.493603 0.439118 4.571824 6
1.652815 8.308618 1.852887 6
3.799233 15.299882 8.277597 6
2.640021 7.430382 10.996535 6
-0.362415 1.073400 5.453295 6
2.508832 8.942900 0.971416 6
4.655250 14.665600 7.396127 6
1.784003 6.796100 11.878005 6
0.109865 2.027183 6.332195 6
2.036552 9.896683 0.092516 6
4.182970 13.711817 6.517227 6
2.256283 5.842317 12.756906 6
1.428464 2.368720 6.338620 6
0.717954 10.238219 0.086091 6
2.864372 13.370281 6.510802 6
3.574881 5.500781 12.763331 6
2.286027 1.737586 5.471284 6
-0.139610 9.607086 0.953427 6
2.006808 14.001414 7.378138 6
4.432445 6.131914 11.895995 6
1.824757 0.764915 4.603948 6
0.321661 8.634415 1.820763 6
2.468078 14.974085 8.245474 6
3.971175 7.104585 11.028659 6
2.424921 3.865498 0.033408 1
-0.278504 11.734998 6.391302 1
1.867914 11.873502 12.816013 1
4.571339 4.004002 6.458119 1
-0.032835 4.469876 11.081341 1
-1.467912 12.339376 8.192791 1
4.325670 11.269124 1.768080 1
5.760748 3.399624 4.656630 1
0.580124 2.858202 9.500862 1
-2.080871 10.727702 9.773270 1
3.712711 12.880798 3.348559 1
6.373707 5.011298 3.076152 1
0.119325 0.697238 9.789974 1
-1.620072 8.566738 9.484158 1
4.173510 15.041762 3.059447 1
5.912908 7.172262 3.365264 1
-0.994910 13.326211 11.312631 1
-0.505837 5.456711 7.961502 1
5.287745 2.412789 1.536791 1
4.798673 10.282289 4.887920 1
-1.582986 14.127326 10.122774 1
0.082239 6.257826 9.151358 1
5.875822 1.611674 2.726647 1
4.210596 9.481174 3.698064 1
-0.146009 14.065944 10.542951 1
-1.354738 6.196444 8.731182 1
4.438844 1.673056 2.306471 1
5.647574 9.542556 4.118240 1
1.475016 13.197152 0.006425 1
0.671401 5.327652 6.418286 1
2.817819 2.541849 12.842997 1
3.621434 10.411349 6.431136 1
0.388575 13.151508 2.161273 1
1.757843 5.282008 4.263438 1
3.904260 2.587492 10.688149 1
2.534993 10.456992 8.585984 1
0.207023 13.294733 4.431766 1
1.939395 5.425233 1.992945 1
4.085812 2.444267 8.417656 1
2.353441 10.313767 10.856476 1
6.729065 13.507210 3.804714 1
3.357353 5.637710 2.619997 1
-2.436229 2.231790 9.044708 1
0.935482 10.101290 10.229425 1
-0.754417 14.110014 5.130774 1
2.900835 6.240514 1.293937 1
5.047252 1.628986 7.718648 1
1.392001 9.498487 11.555485 1
-1.283842 0.851480 5.437875 1
3.430260 8.720980 0.986836 1
5.576677 14.887520 7.411546 1
0.862576 7.018020 11.862586 1
-0.593357 2.504075 6.974666 1
-0.907390 10.373575 12.299466 1
4.886192 13.234925 5.874756 1
5.200225 5.365425 0.549955 1
1.691953 3.032905 7.060757 1
-3.192700 10.902405 12.213375 1
2.600882 12.706095 5.788664 1
7.485535 4.836595 0.636046 1
3.256595 1.997279 5.467429 1
6.829822 9.866779 0.957282 1
1.036240 13.741721 7.381993 1
-2.536987 5.872221 11.892140 1
2.456648 0.377736 3.966616 1
-0.310231 8.247236 2.458094 1
1.836187 15.361264 8.882805 1
4.603066 7.491764 10.391327 1
