1.086604 3.567766 1.047213 6
0.393645 10.875766 5.069684 6
1.873894 11.048234 11.186581 6
2.566852 3.740234 7.164109 6
-0.954018 3.145363 11.986671 6
0.700763 10.453363 6.364019 6
3.914515 11.470637 0.247123 6
2.259734 4.162637 5.869774 6
2.785019 2.169014 11.786037 6
1.655727 9.477014 6.564654 6
0.175478 12.446986 0.447757 6
1.304770 5.138986 5.669140 6
3.840152 1.590221 0.612913 6
2.334097 8.898221 5.503984 6
-0.879655 13.025779 11.620880 6
0.626401 5.717779 6.729810 6
3.193344 0.910577 0.463661 1
2.980904 8.218577 5.653236 1
-0.232847 13.705423 11.770133 1
-0.020407 6.397423 6.580558 1
4.133997 2.034547 1.928046 6
2.040252 9.342547 4.188851 6
-1.173499 12.581453 10.305748 6
0.920245 5.273453 8.044943 6
3.677488 1.660378 2.671861 1
2.496760 8.968378 3.445036 1
-0.716991 12.955622 9.561933 1
0.463737 5.647622 8.788757 1
0.390245 3.012358 2.118893 6
1.090004 10.320358 3.998004 6
2.570253 11.603642 10.114900 6
1.870493 4.295642 8.235790 6
0.576002 3.313447 3.000950 1
0.904247 10.621447 3.115947 1
2.384495 11.302553 9.232844 1
2.056251 3.994553 9.117846 1
-0.348512 3.667154 10.877066 8
0.095258 10.975154 7.473624 8
3.309009 10.948846 1.356728 8
2.865239 3.640846 4.760169 8
0.210761 4.248871 11.110731 1
-0.464015 11.556871 7.239959 1
2.749736 10.367129 1.123062 1
3.424512 3.059129 4.993835 1
2.582512 1.803614 10.462340 8
1.858233 9.111614 7.888350 8
0.377985 12.812386 1.771453 8
1.102264 5.504386 4.345443 8
1.475271 0.909115 10.173623 6
2.965475 8.217115 8.177068 6
1.485227 13.706885 2.060171 6
-0.004978 6.398885 4.056726 6
1.657539 0.027770 10.560211 1
2.783207 7.335770 7.790480 1
1.302958 14.588230 1.673583 1
0.177290 7.280230 4.443314 1
1.368823 0.824342 9.202259 1
3.071923 8.132342 9.148431 1
1.591674 13.791658 3.031534 1
-0.111426 6.483658 3.085363 1
0.651911 1.273054 10.561434 1
-0.905165 8.581054 7.789256 1
2.308586 13.342946 1.672360 1
3.865662 6.034946 4.444537 1
2.069217 4.612810 1.307793 6
-0.588968 11.920810 4.809104 6
0.891280 10.003190 10.926001 6
3.549465 2.695190 7.424689 6
2.253833 4.868590 2.204530 1
3.920416 12.176590 3.912367 1
0.706665 9.747410 10.029264 1
-0.959919 2.439410 8.321426 1
2.688187 5.193065 0.344993 7
3.486062 12.501065 5.771904 7
0.272311 9.422935 11.888801 7
-0.525565 2.114935 6.461890 7
3.574451 6.182568 0.818441 8
2.599797 13.490568 5.298456 8
-0.613954 8.433432 11.415353 8
0.360700 1.125432 6.935338 8
2.528477 6.774516 11.940182 6
1.912269 14.082516 6.410508 6
0.432021 7.841484 0.293611 6
1.048228 0.533484 5.823286 6
1.883640 7.161840 11.296685 1
2.557106 14.469840 7.054005 1
1.076857 7.454160 0.937109 1
0.403391 0.146160 5.179788 1
-1.614536 6.097795 11.470405 1
1.361282 13.405795 6.880285 1
4.575033 8.518205 0.763389 1
1.599215 1.210205 5.353508 1
