0.221485 6.022608 14.425147 34
-0.815531 12.538608 11.577666 34
4.389151 7.009392 2.910062 34
5.426167 0.493392 5.757543 34
-0.702906 8.721927 12.113497 34
0.108860 2.205927 13.889316 34
5.313542 4.310073 5.221712 34
4.501776 10.826073 3.445893 34
-0.564318 7.959685 14.235847 15
-0.029728 1.443685 11.766966 15
5.174954 5.072315 3.099362 15
4.640364 11.588315 5.568242 15
-2.341547 8.141090 14.767864 6
1.747501 1.625090 11.234949 6
6.952183 4.890910 2.567344 6
2.863135 11.406910 6.100260 6
4.658205 9.562882 14.540773 6
2.257750 3.046882 11.462040 6
-0.047568 3.469118 2.794436 6
2.352886 9.985118 5.873169 6
-2.411746 7.795742 16.251758 6
1.817700 1.279742 9.751055 6
7.022382 5.236258 1.083451 6
2.792936 11.752258 7.584154 6
4.309463 7.162387 13.972178 6
2.606491 0.646387 12.030635 6
0.301173 5.869613 3.363031 6
2.004145 12.385613 5.304574 6
0.368832 9.187560 15.194311 6
-0.962878 2.671560 10.808503 6
4.241804 3.844440 2.140898 6
5.573514 10.360440 6.526706 6
0.983269 8.786174 16.383506 6
-1.577315 2.270174 9.619307 6
3.627367 4.245826 0.951703 6
6.187951 10.761826 7.715901 6
1.628514 9.698414 17.177458 6
5.287440 3.182414 8.825355 6
2.982122 3.333586 0.157750 6
-0.676804 9.849586 8.509854 6
1.696108 11.009434 16.804751 6
5.219846 4.493434 9.198062 6
2.914528 2.022566 0.530457 6
-0.609210 8.538566 8.137147 6
1.122909 11.421245 15.629424 6
-1.716955 4.905245 10.373389 6
3.487727 1.610755 1.705785 6
6.327591 8.126755 6.961820 6
0.463462 10.523340 14.821604 6
-1.057508 4.007340 11.181210 6
4.147174 2.508660 2.513605 6
5.668144 9.024660 6.153999 6
1.097545 8.443433 11.501911 6
-1.691591 1.927433 14.500902 6
3.513091 4.588567 5.833298 6
6.302227 11.104567 2.834307 6
1.921767 9.538121 11.364963 6
4.994187 3.022121 14.637850 6
2.688869 3.493879 5.970246 6
-0.383551 10.009879 2.697358 6
3.145148 9.388253 10.718360 6
3.770806 2.872253 15.284454 6
1.465488 3.643747 6.616849 6
0.839830 10.159747 2.050755 6
3.514477 8.160638 10.243375 6
3.401477 1.644638 15.759438 6
1.096159 4.871362 7.091834 6
1.209159 11.387362 1.575770 6
2.692308 7.076376 10.421928 6
4.223646 0.560376 15.580886 6
1.918328 5.955624 6.913281 6
0.386990 12.471624 1.754323 6
1.489389 7.201483 11.049462 6
-2.083435 0.685483 14.953351 6
3.121247 5.830517 6.285747 6
6.694071 12.346517 2.381858 6
-2.204290 10.162354 14.863208 1
1.610244 3.646354 11.139605 1
6.814926 2.869646 2.472001 1
3.000392 9.385646 6.195604 1
4.504712 9.690595 13.622007 1
2.411242 3.174595 12.380806 1
0.105924 3.341405 3.713202 1
2.199394 9.857405 4.954403 1
3.844336 9.665834 15.024425 1
3.071618 3.149834 10.978388 1
0.766300 3.366166 2.310783 1
1.539018 9.882166 6.356821 1
-1.611330 8.103298 16.674737 1
1.017284 1.587298 9.328076 1
6.221966 4.928702 0.660471 1
3.593352 11.444702 8.007133 1
4.352323 8.220586 16.643534 1
2.563631 1.704586 9.359279 1
0.258313 4.811414 0.691675 1
2.047005 11.327414 7.975930 1
-2.478366 6.854832 16.362704 1
1.884320 0.338832 9.640110 1
7.089002 6.177168 0.972505 1
2.726316 12.693168 7.695099 1
4.579905 7.183238 13.015275 1
2.336050 0.667238 12.987538 1
0.030732 5.848762 4.319934 1
2.274587 12.364762 4.347670 1
3.403267 7.330500 14.015516 1
3.512687 0.814500 11.987297 1
1.207369 5.701500 3.319692 1
1.097949 12.217500 5.347912 1
4.485198 6.242328 14.246075 1
2.430756 12.758328 11.756739 1
0.125438 6.789672 3.089134 1
2.179880 0.273672 5.578470 1
0.957513 7.879147 16.645268 1
-1.551559 1.363147 9.357546 1
3.653123 5.152853 0.689941 1
6.162195 11.668853 7.977663 1
4.936663 9.422136 0.653537 1
4.878655 2.906136 8.014067 1
-0.326027 3.609864 16.681671 1
-0.268019 10.125864 9.321142 1
5.041739 11.646698 0.020802 1
4.773579 5.130698 8.646802 1
-0.431103 1.385302 17.314407 1
-0.162943 7.901302 8.688407 1
1.173501 12.341304 15.376330 1
-1.767547 5.825304 10.626483 1
3.437135 0.690696 1.958879 1
6.378183 7.206696 6.708726 1
0.071370 10.824379 14.013783 1
-0.665416 4.308379 11.989030 1
4.539266 2.207621 3.321426 1
5.276052 8.723621 5.346178 1
1.645885 10.393020 11.694332 1
-2.239931 3.877020 14.308481 1
2.964751 2.638980 5.640877 1
6.850567 9.154980 3.026727 1
3.726256 10.123258 10.616082 1
3.189699 3.607258 15.386731 1
0.884381 2.908742 6.719127 1
1.420937 9.424742 1.948477 1
4.332034 8.042047 9.773591 1
2.583920 1.526047 16.229222 1
0.278602 4.989953 7.561618 1
2.026716 11.505953 1.105986 1
2.962510 6.203232 10.122028 1
3.953444 12.719232 15.880785 1
1.648126 6.828768 7.213180 1
0.657192 0.312768 1.454424 1
0.914224 6.448234 11.165608 1
-1.508270 12.964234 14.837205 1
3.696412 6.583766 6.169601 1
6.118906 0.067766 2.498004 1
