-0.433790 5.516993 5.537534 9
12.974132 2.409493 3.191515 9
12.256473 0.698007 11.920563 9
-1.151449 3.805507 14.266582 9
11.863749 5.562052 7.432959 9
0.676592 2.454552 1.296089 9
-0.041066 0.652948 10.025138 9
11.146091 3.760448 16.162008 9
11.323282 4.074616 6.005062 9
1.217060 0.967116 2.723987 9
0.499401 2.140384 11.453035 9
10.605624 5.247884 14.734110 9
8.094780 0.640953 14.115395 9
3.010244 3.748453 12.071750 9
3.727903 5.574047 3.342702 9
8.812439 2.466547 5.386347 9
9.519987 0.750150 12.564418 9
1.585038 3.857651 13.622728 9
2.302696 5.464849 4.893679 9
10.237645 2.357350 3.835369 9
9.569126 2.149147 14.188894 9
1.535899 5.256647 11.998252 9
2.253557 4.065853 3.269203 9
10.286785 0.958353 5.459845 9
0.155487 3.825332 7.070006 6
12.384855 0.717832 1.659043 6
11.667196 2.389668 10.388092 6
-0.562172 5.497168 15.799054 6
0.369624 2.584818 6.487603 6
12.170717 5.692318 2.241445 6
11.453059 3.630182 10.970494 6
-0.348034 0.522682 15.216652 6
-0.172411 2.330625 5.757680 1
12.712752 5.438125 2.971368 1
11.995094 3.884375 11.700417 1
-0.890069 0.776875 14.486729 1
1.352600 1.753873 6.990397 6
11.187741 4.861373 1.738652 6
10.470083 4.461127 10.467700 6
0.634942 1.353627 15.719445 6
1.508251 0.894960 6.569482 1
11.032090 4.002460 2.159567 1
10.314432 5.320040 10.888615 1
0.790593 2.212540 15.298530 1
2.118854 2.147904 8.086067 6
10.421488 5.255404 0.642982 6
9.703829 4.067096 9.372030 6
1.401196 0.959596 16.815115 6
1.907732 3.408927 8.652757 6
10.632610 0.301427 0.076292 6
9.914951 2.806073 8.805340 6
1.190073 5.913573 17.381805 6
2.444621 3.673065 9.387219 1
8.660404 0.565565 16.799927 1
9.378062 2.541935 8.070878 1
3.162279 5.649435 0.658170 1
0.931977 4.240494 8.144377 6
11.608365 1.132994 0.584672 6
10.890706 1.974506 9.313720 6
0.214318 5.082006 16.873425 6
0.791302 5.114945 8.549230 1
11.749040 2.007445 0.179818 1
11.031381 1.100055 8.908867 1
0.073644 4.207555 17.278279 1
3.072697 1.243000 8.659391 6
9.467644 4.350500 0.069658 6
8.749986 4.972000 8.798706 6
2.355039 1.864500 17.388439 6
3.817052 0.452452 9.179642 6
7.287973 3.559952 17.007504 6
8.005631 5.762548 8.278455 6
4.534711 2.655048 0.450593 6
4.638768 5.763791 9.805515 6
6.466257 2.656291 16.381631 6
7.183915 0.451209 7.652582 6
5.356426 3.558709 1.076466 6
5.332641 4.973243 10.394726 6
5.772383 1.865743 15.792420 6
6.490042 1.241757 7.063372 6
6.050300 4.349257 1.665677 6
6.169987 4.082634 11.143329 6
4.935037 0.975134 15.043817 6
5.652696 2.132366 6.314768 6
6.887646 5.239866 2.414280 6
6.474547 2.802965 10.664104 6
4.630478 5.910465 15.523042 6
5.348136 3.412035 6.793993 6
7.192205 0.304535 1.935055 6
6.127176 2.517075 9.828909 1
4.977848 5.624575 16.358237 1
5.695507 3.697925 7.629188 1
6.844835 0.590425 1.099860 1
7.322460 1.979478 11.380934 6
3.782565 5.086977 14.806212 6
4.500223 4.235523 6.077164 6
8.040118 1.128022 2.651885 6
7.549625 1.100055 10.991618 1
3.555399 4.207555 15.195528 1
4.273058 5.114945 6.466479 1
8.267284 2.007445 2.262569 1
7.861997 2.417635 12.583098 6
3.243028 5.525135 13.604048 6
3.960686 3.797365 4.874999 6
8.579655 0.689865 3.854050 6
7.550401 3.676173 13.085018 6
3.554624 0.568672 13.102127 6
4.272282 2.538827 4.373079 6
8.268059 5.646327 4.355970 6
7.921012 3.983815 13.924578 1
3.184013 0.876315 12.262567 1
3.901671 2.231185 3.533519 1
8.638670 5.338685 5.195530 1
6.699801 4.504010 12.365396 6
4.405224 1.396510 13.821750 6
5.122883 1.710989 5.092702 6
7.417459 4.818490 3.636347 6
6.455926 5.375975 12.732190 1
4.649099 2.268475 13.454955 1
5.366758 0.839025 4.725907 1
7.173584 3.946525 4.003142 1
12.358000 4.733966 6.510648 6
0.182342 1.626466 2.218400 6
-0.535317 1.481034 10.947449 6
11.640341 4.588534 15.239697 6
8.769861 1.508380 13.359285 6
2.335163 4.615881 12.827861 6
3.052822 4.706619 4.098812 6
9.487520 1.599119 4.630237 6
