0.187428 2.375075 8.688185 7
7.997502 9.744675 6.397914 7
8.627425 12.364125 1.369214 7
0.817352 4.994525 3.659485 7
2.231440 1.264623 8.567094 7
5.953491 8.634223 6.519005 7
6.583414 13.474577 1.490305 7
2.861363 6.104977 3.538394 7
0.231346 4.653902 9.090380 7
7.953584 12.023502 5.995719 7
8.583507 10.085298 0.967019 7
0.861270 2.715698 4.061681 7
0.898952 1.190338 8.477080 6
7.285978 8.559938 6.609019 6
7.915901 13.548862 1.580319 6
1.528875 6.179262 3.448381 6
0.235130 14.736547 8.236608 6
7.949801 7.366947 6.849491 6
8.579724 0.002653 1.820792 6
0.865053 7.372253 3.207908 6
0.971069 13.590132 8.091982 6
7.213862 6.220532 6.994117 6
7.843785 1.149068 1.965417 6
1.600992 8.518668 3.063283 6
2.334070 13.643046 8.189338 6
5.850861 6.273446 6.896761 6
6.480784 1.096154 1.868061 6
2.963993 8.465754 3.160638 6
2.917371 0.120124 8.414724 6
5.267559 7.489724 6.671375 6
5.897483 14.619076 1.642675 6
3.547294 7.249476 3.386025 6
0.701456 3.649573 8.362325 6
7.483474 11.019173 6.723774 6
8.113398 11.089627 1.695074 6
1.331379 3.720027 3.333626 6
1.568010 3.832634 7.291615 6
6.616921 11.202234 7.794485 6
7.246844 10.906566 2.765785 6
2.197933 3.536966 2.262915 6
1.969590 5.115387 6.989993 6
6.215340 12.484987 8.096106 6
6.845263 9.623813 3.067406 6
2.599513 2.254213 1.961293 6
1.503106 6.159806 7.750232 6
6.681825 13.529406 7.335867 6
7.311748 8.579394 2.307167 6
2.133029 1.209794 2.721532 6
0.648871 5.886100 8.770052 6
7.536060 13.255700 6.316047 6
8.165983 8.853100 1.287347 6
1.278794 1.483500 3.741353 6
8.886353 2.313023 9.180998 6
-0.701422 9.682623 5.905102 6
-0.071499 12.426177 0.876402 6
9.516276 5.056577 4.152298 6
7.820718 2.359009 8.106767 6
0.364213 9.728609 6.979332 6
0.994136 12.380191 1.950633 6
8.450641 5.010591 3.078067 6
8.107412 2.246844 6.756662 6
0.077519 9.616444 8.329438 6
0.707442 12.492356 3.300738 6
8.737335 5.122756 1.727962 6
7.088957 2.241685 5.814082 6
1.095973 9.611285 9.272017 6
1.725896 12.497515 4.243317 6
7.718881 5.127915 0.785382 6
5.759091 2.353850 6.183289 6
2.425840 9.723450 8.902810 6
3.055763 12.385350 3.874110 6
6.389014 5.015750 1.154589 6
5.478656 2.488861 7.536512 6
2.706274 9.858461 7.549587 6
3.336198 12.250339 2.520887 6
6.108579 4.880739 2.507813 6
6.489265 2.484882 8.478187 6
1.695666 9.854482 6.607913 6
2.325589 12.254318 1.579213 6
7.119188 4.884718 3.449487 6
4.670432 2.292093 5.169000 6
3.514498 9.661693 9.917099 6
4.144421 12.447107 4.888399 6
5.300356 5.077507 0.140301 6
-0.673778 14.722987 8.113304 1
8.858709 7.353387 6.972795 1
9.488632 0.016213 1.944095 1
-0.043855 7.385813 3.084604 1
0.489733 12.771517 7.937300 1
7.695198 5.401917 7.148800 1
8.325121 1.967683 2.120100 1
1.119656 9.337283 2.908600 1
2.892791 12.883535 8.120344 1
5.292139 5.513935 6.965755 1
5.922063 1.855665 1.937055 1
3.522714 9.225265 3.091645 1
3.884247 0.200453 8.529680 1
4.300684 7.570053 6.556419 1
4.930607 14.538747 1.527719 1
4.514170 7.169147 3.500981 1
1.860078 3.101128 6.737452 1
6.324852 10.470728 8.348647 1
6.954775 11.638072 3.319948 1
2.490002 4.268472 1.708752 1
2.565588 5.225046 6.180272 1
5.619343 12.594646 8.905827 1
6.249266 9.514154 3.877127 1
3.195511 2.144554 1.151572 1
1.745813 7.058603 7.601382 1
6.439118 14.428203 7.484717 1
7.069041 7.680597 2.456017 1
2.375736 0.310997 2.572683 1
0.277839 6.606109 9.379531 1
7.907091 13.975709 5.706568 1
8.537015 8.133091 0.677869 1
0.907762 0.763491 4.350831 1
8.778724 3.028906 9.790878 1
-0.593794 10.398506 5.295221 1
0.036130 11.710294 0.266521 1
9.408647 4.340694 4.762179 1
8.785277 1.468024 9.698350 1
-0.600347 8.837624 5.387749 1
0.029576 13.271176 0.359049 1
9.415201 5.901576 4.669651 1
9.048391 2.168136 6.463891 1
-0.863460 9.537736 8.622209 1
-0.233537 12.571064 3.593509 1
9.678314 5.201464 1.435191 1
7.311592 2.119497 4.894936 1
2.133185 9.489097 0.133763 1
1.503262 12.619703 5.162463 1
6.681669 5.250103 9.923636 1
4.559666 2.564621 7.802530 1
3.625264 9.934221 7.283569 1
4.255187 12.174579 2.254869 1
5.189590 4.804979 2.773831 1
6.263341 2.533668 9.450938 1
1.921590 9.903268 5.635161 1
2.551513 12.205532 0.606461 1
6.893264 4.835932 4.422239 1
4.955526 2.280154 4.328705 1
4.489251 9.649754 0.699995 1
3.859328 12.459046 5.728695 1
4.325603 5.089446 9.357404 1
3.924699 1.936731 5.504415 1
4.260232 9.306331 9.581684 1
4.890155 12.802469 4.552985 1
4.554622 5.432869 0.475715 1
4.269026 3.064280 5.023671 1
5.175751 10.433880 0.005029 1
4.545828 11.674920 5.033728 1
3.639103 4.305320 10.052371 1
