1.330250 3.802574 2.642061 8
3.713166 6.747198 10.709773 8
0.936654 -0.060207 5.372778 8
4.106762 10.609979 7.979056 8
-1.055006 -1.566377 13.200558 8
6.098422 12.116148 0.151276 8
-1.575375 7.451727 13.070110 8
6.618791 3.098045 0.281724 8
-0.065630 6.875969 11.522366 8
5.109046 3.673803 1.829468 8
1.992672 -0.092229 3.394036 7
3.050744 10.642001 9.957798 7
2.265260 1.832429 2.100243 7
2.778155 8.717343 11.251590 7
3.186122 -0.264420 1.447339 7
1.857293 10.814192 11.904495 7
-2.556895 9.927168 12.967301 7
7.600310 0.622604 0.384533 7
2.497442 0.488839 2.256460 6
2.545974 10.060933 11.095374 6
1.495391 2.634446 2.918711 6
3.548025 7.915326 10.433123 6
0.847178 1.979372 4.125717 6
4.196237 8.570400 9.226117 6
1.265650 0.541353 4.372726 6
3.777766 10.008419 8.979108 6
1.169244 2.831334 5.380789 6
3.874171 7.718438 7.971045 6
0.802874 3.721183 5.260623 1
4.240542 6.828589 8.091211 1
0.735265 2.434912 6.151190 1
4.308151 8.114860 7.200644 1
2.632851 2.939238 5.647826 6
2.410564 7.610534 7.704008 6
3.097384 2.180056 5.916198 1
1.946031 8.369716 7.435636 1
3.294991 4.084104 5.515643 6
1.748424 6.465668 7.836191 6
2.845171 4.852480 5.248606 1
2.198244 5.697292 8.103228 1
4.208155 4.115145 5.690552 1
0.835261 6.434627 7.661282 1
-0.695828 1.991440 3.880043 6
5.739243 8.558332 9.471791 6
-1.144888 1.640534 4.665131 1
6.188304 8.909238 8.686703 1
-0.990047 2.906158 3.751865 1
6.033463 7.643614 9.599969 1
-1.092764 1.173538 2.678378 6
6.136179 9.376234 10.673456 6
10.842921 0.263190 2.817237 1
-5.799506 10.286582 10.534597 1
10.804292 1.581882 1.548813 6
-5.760877 8.967890 11.803021 6
10.920603 2.484695 1.359217 1
-5.877187 8.065077 11.992617 1
10.557976 0.992448 0.873210 1
-5.514560 9.557324 12.478624 1
3.703465 0.298563 0.269707 6
1.339951 10.251209 13.082127 6
-1.921508 10.045383 11.710894 6
6.964923 0.504389 1.640940 6
0.440763 -2.378491 10.905778 6
4.602652 12.928263 2.446056 6
-0.039779 -1.644503 11.211535 1
5.083194 12.194275 2.140299 1
-1.416000 11.239613 9.672068 6
6.459415 -0.689841 3.679765 6
0.962712 -1.557303 9.155353 1
4.080704 12.107075 4.196481 1
-0.681463 10.156266 9.183391 6
5.724878 0.393506 4.168443 6
-0.295678 10.187349 8.336885 1
5.339094 0.362423 5.014949 1
-0.537611 9.035940 9.981831 6
5.581027 1.513832 3.370003 6
-0.029193 8.320188 9.673404 1
5.072608 2.229584 3.678430 1
-1.139622 8.946813 11.247585 6
6.183038 1.602959 2.104249 6
-0.973701 7.710433 12.043354 6
6.017116 2.839339 1.308480 6
0.153504 5.576097 12.190224 6
4.889911 4.973675 1.161610 6
-0.683731 5.263942 12.593450 1
5.727147 5.285830 0.758384 1
1.191329 5.745612 13.247690 6
3.852087 4.804160 0.104144 6
2.022427 6.004112 12.841794 1
3.020989 4.545660 0.510040 1
5.870901 7.931717 0.364505 1
-0.827485 2.618055 12.987329 1
5.472977 9.440557 0.512710 1
-0.429562 1.109215 12.839123 1
0.565198 4.643193 11.083357 6
4.478218 5.906579 2.268477 6
-0.138794 4.587906 10.433123 1
5.182209 5.961866 2.918711 1
0.736790 3.772023 11.445192 1
4.306626 6.777749 1.906642 1
1.362481 4.976600 10.664110 1
3.680934 5.573172 2.687724 1
-0.294707 12.613521 3.431421 1
5.338122 -2.063750 9.920413 1
2.561341 2.191397 1.348535 1
2.482075 8.358375 12.003299 1
2.185909 12.077102 0.040056 1
2.857507 -1.527330 13.311778 1
-0.549520 10.489255 3.918763 8
5.592936 0.060517 9.433071 8
1.352141 7.051481 1.259078 8
3.691275 3.498290 12.092756 8
-1.800607 7.512896 6.660429 8
6.844022 3.036876 6.691405 8
-1.750642 2.578406 7.008511 8
6.794058 7.971366 6.343323 8
-2.886049 1.535591 8.632094 8
7.929465 9.014181 4.719740 8
0.315074 6.622907 3.211116 7
4.728341 3.926865 10.140718 7
-0.667337 8.312866 4.479540 7
5.710752 2.236906 8.872294 7
-0.780452 6.033668 5.142993 7
5.823868 4.516104 8.208841 7
-1.797096 5.254465 7.018659 7
6.840512 5.295307 6.333175 7
-0.412539 6.978106 4.323324 6
5.455955 3.571666 9.028510 6
-0.251673 9.333568 3.659738 6
5.295089 1.216204 9.692096 6
0.607895 8.985005 2.458073 6
4.435521 1.564767 10.893761 6
0.781304 7.480688 2.241773 6
4.262112 3.069084 11.110061 6
2.001565 9.628264 2.673037 6
3.041851 0.921508 10.678797 6
2.572251 9.378101 1.930675 1
2.471164 1.171671 11.421159 1
1.902033 10.591811 2.653009 1
3.141383 -0.042039 10.698825 1
2.685420 9.253525 3.936121 6
2.357995 1.296247 9.415713 6
2.169073 9.249574 4.710527 1
2.874342 1.300198 8.641307 1
3.911765 8.938216 4.058958 6
1.131651 1.611556 9.292876 6
4.465856 8.927696 3.312590 1
0.577560 1.622076 10.039244 1
4.253020 8.716625 4.896117 1
0.790396 1.833147 8.455716 1
-0.046805 9.597880 1.185643 6
5.090221 0.951892 12.166191 6
-0.144727 10.555392 1.312485 1
5.188143 -0.005620 12.039349 1
0.544956 9.459250 0.429929 1
4.498460 1.090522 12.921905 1
-1.377463 9.014159 0.869204 6
6.420879 1.535613 12.482630 6
-1.357923 8.106689 0.664921 1
6.401338 2.443083 12.686913 1
9.609173 9.493597 0.830484 6
-4.565758 1.056175 12.521350 6
9.495285 10.397300 1.021415 1
-4.451869 0.152472 12.330419 1
8.873977 8.969557 0.610179 1
-3.830561 1.580215 12.741655 1
-1.494801 6.369874 6.302066 6
6.538217 4.179898 7.049768 6
-2.420109 5.161329 8.278137 6
7.463525 5.388443 5.073697 6
-2.782133 6.286565 9.037856 6
7.825549 4.263207 4.313978 6
-2.639639 7.138894 8.693379 1
7.683055 3.410878 4.658455 1
-3.342185 6.143180 10.279577 6
8.385601 4.406592 3.072257 6
-3.576687 6.902180 10.762913 1
8.620102 3.647592 2.588921 1
-3.567892 4.887368 10.831008 6
8.611308 5.662404 2.520826 6
-3.923883 4.805341 11.686860 1
8.967299 5.744431 1.664974 1
-3.256636 3.760322 10.091316 6
8.300052 6.789450 3.260518 6
-3.417923 2.917940 10.451816 1
8.461338 7.631832 2.900018 1
-2.700881 3.864522 8.806870 6
7.744296 6.685250 4.544964 6
-2.389278 2.626849 8.052491 6
7.432693 7.922923 5.299343 6
-2.640959 0.232079 8.007095 6
7.684375 10.317693 5.344739 6
-1.750597 0.218833 7.597193 1
6.794012 10.330939 5.754640 1
8.379388 -0.015208 6.969657 6
-3.335973 10.564980 6.382177 6
7.511644 0.009192 7.378223 1
-2.468228 10.540580 5.973610 1
8.521528 -0.877605 6.571773 1
-3.478112 11.427377 6.780061 1
8.434602 0.662603 6.292719 1
-3.391187 9.887169 7.059115 1
-2.704121 -0.769494 9.132654 6
7.747537 11.319266 4.219180 6
-2.064464 -0.532743 9.808257 1
7.107880 11.082515 3.543577 1
-2.502423 -1.645157 8.793518 1
7.545838 12.194929 4.558316 1
8.479626 -0.768304 9.511846 1
-3.436210 11.318076 3.839987 1
0.422772 5.703075 3.097625 1
4.620644 4.846697 10.254208 1
-1.204478 8.444570 5.073697 1
6.247894 2.105202 8.278137 1
-1.636869 4.424835 6.595806 1
6.680285 6.124937 6.756028 1
