4.055035 6.246685 23.965570 6
4.303565 5.927715 11.752570 6
1.517365 0.159485 12.673430 6
1.268835 12.014915 0.460430 6
4.814554 5.740230 23.702990 1
3.544046 6.434170 11.489990 1
0.757846 11.827430 12.936010 1
2.028354 0.346970 0.723010 1
3.147292 6.660249 23.035428 6
5.211308 5.514151 10.822428 6
2.425108 0.573049 13.603572 6
0.361092 11.601351 1.390572 6
2.032254 7.384991 23.399619 6
0.753946 4.789409 11.186619 6
3.540146 1.297791 13.239381 6
4.818454 10.876609 1.026381 6
1.399787 7.658915 22.745491 1
1.386413 4.515485 10.532491 1
4.172613 1.571715 13.893509 1
4.185987 10.602685 1.680509 1
1.848365 7.707613 0.309477 6
0.937835 4.466787 12.522477 6
3.724035 1.620413 11.903523 6
4.634565 10.553987 24.116523 6
1.084946 8.206763 0.574011 1
1.701254 3.967637 12.787011 1
4.487454 2.119563 11.638989 1
3.871146 10.054837 23.851989 1
2.762796 7.309510 1.251344 6
0.023404 4.864890 13.464344 6
2.809604 1.222310 10.961656 6
5.548996 10.952090 23.174656 6
2.639089 7.544476 2.164144 1
0.147111 4.629924 14.377144 1
2.933311 1.457276 10.048856 1
5.425289 10.717124 22.261856 1
3.858887 6.570524 0.871520 6
4.499713 5.603876 13.084520 6
1.713513 0.483324 11.341480 6
1.072687 11.691076 23.554480 6
4.484668 6.280773 1.526625 1
3.873932 5.893627 13.739625 1
1.087732 0.193573 10.686375 1
1.698468 11.980827 22.899375 1
2.870343 8.333742 16.253793 6
5.488257 3.840658 4.040793 6
2.702057 2.246542 20.385207 6
0.084143 9.927858 8.172207 6
1.897959 7.805008 15.415004 6
0.888241 4.369392 3.202004 6
3.674441 1.717808 21.223996 6
4.684159 10.456592 9.010996 6
1.231500 7.227941 15.769426 1
1.554700 4.946459 3.556426 1
4.340900 1.140741 20.869574 1
4.017700 11.033659 8.656574 1
1.894059 8.111803 14.062292 6
0.892141 4.062597 1.849292 6
3.678341 2.024603 22.576708 6
4.680259 10.149797 10.363708 6
1.227042 7.741701 13.495365 1
1.559158 4.432699 1.282365 1
4.345358 1.654501 23.143635 1
4.013242 10.519899 10.930635 1
2.848054 8.949401 13.534935 6
5.510546 3.224999 1.321935 6
2.724346 2.862201 23.104065 6
0.061854 9.312199 10.891065 6
2.830779 9.168541 12.611144 1
5.527821 3.005859 0.398144 1
2.741621 3.081341 24.027856 1
0.044579 9.093059 11.814856 1
3.827124 9.466813 14.348809 6
4.531476 2.707587 2.135809 6
1.745276 3.379613 22.290191 6
1.040924 8.794787 10.077191 6
4.493583 10.039010 13.988770 1
3.865017 2.135390 1.775770 1
1.078817 3.951810 22.650230 1
1.707383 8.222590 10.437230 1
3.837712 9.149062 15.698346 6
4.520888 3.025338 3.485346 6
1.734688 3.061862 20.940654 6
1.051512 9.112538 8.727654 6
4.524232 9.499684 16.253060 1
3.834368 2.674716 4.040060 1
1.048168 3.412484 20.385940 1
1.738032 8.761916 8.172940 1
2.677538 6.816812 20.607239 6
0.108662 5.357588 8.394239 6
2.894862 0.729612 16.031761 6
5.463738 11.444788 3.818761 6
1.886257 7.342381 20.632642 1
0.899943 4.832019 8.419642 1
3.686143 1.255181 16.006358 1
4.672457 10.919219 3.793358 1
4.403868 5.697984 19.941142 6
3.954732 6.476416 7.728142 6
1.168532 11.785184 16.697858 6
1.617668 0.389216 4.484858 6
5.214652 5.269080 18.773091 6
3.143948 6.905320 6.560091 6
0.357748 11.356280 17.865909 6
2.428452 0.818120 5.652909 6
5.045251 4.320695 18.541777 1
3.313349 7.853705 6.328777 1
0.527149 10.407895 18.097223 1
2.259051 1.766505 5.884223 1
0.610178 5.398129 18.937478 1
2.176022 6.776271 6.724478 1
4.962222 11.485329 17.701522 1
3.396378 0.689071 5.488522 1
4.693633 6.223553 17.668791 6
3.664967 5.950847 5.455791 6
0.878767 0.136353 18.970209 6
1.907433 12.038047 6.757209 6
4.705335 5.769448 16.787990 1
3.653265 6.404952 4.574990 1
0.867065 11.856648 19.851010 1
1.919135 0.317752 7.638010 1
5.263689 7.030716 17.616031 1
3.094911 5.143684 5.403031 1
0.308711 0.943516 19.022969 1
2.477489 11.230884 6.809969 1
3.250938 6.611917 18.051791 6
5.107662 5.562483 5.838791 6
2.321462 0.524717 18.587209 6
0.464738 11.649683 6.374209 6
2.848611 8.043626 17.739382 6
5.509989 4.130774 5.526382 6
2.723789 1.956426 18.899618 6
0.062411 10.217974 6.686618 6
1.937523 8.209198 18.089896 1
0.848677 3.965202 5.876896 1
3.634877 2.121998 18.549104 1
4.723723 10.052402 6.336104 1
3.467705 8.663303 18.199813 1
4.890895 3.511097 5.986813 1
2.104695 2.576103 18.439187 1
0.681505 9.598297 6.226187 1
3.366287 6.371594 21.645100 7
4.992313 5.802806 9.432100 7
2.206113 0.284394 14.993900 7
0.580087 11.890006 2.780900 7
4.482996 5.652087 21.241582 7
3.875604 6.522313 9.028582 7
1.089404 11.739287 15.397418 7
1.696796 0.435113 3.184418 7
3.305548 6.388760 19.529564 7
5.053052 5.785640 7.316564 7
2.266852 0.301560 17.109436 7
0.519348 11.872840 4.896436 7
0.041682 8.764229 20.210561 17
2.744518 3.410171 7.997561 17
5.530718 2.677029 16.428439 17
2.827882 9.497371 4.215439 17
2.887618 10.367110 20.744269 8
5.470982 1.807290 8.531269 8
2.684782 4.279910 15.894731 8
0.101418 7.894490 3.681731 8
3.772515 9.556904 20.591118 1
4.586085 2.617496 8.378118 1
1.799885 3.469704 16.047882 1
0.986315 8.704696 3.834882 1
1.822175 9.739520 20.371284 1
0.964025 2.434880 8.158284 1
3.750225 3.652320 16.267716 1
4.608375 8.522080 4.054716 1
2.630173 5.989805 17.696637 1
0.156027 6.184595 5.483637 1
2.942227 12.077005 18.942363 1
5.416373 0.097395 6.729363 1
