6.148001 6.762271 3.010996 6
5.779161 6.055410 4.149982 6
5.657796 5.134146 4.105513 1
5.591491 6.725612 5.352946 6
5.344456 6.252768 6.115234 1
5.772557 8.101879 5.417785 6
5.646758 8.549840 6.222821 1
6.141418 8.808817 4.279086 6
6.262676 9.729698 4.322121 1
6.329235 8.139564 3.075835 6
6.576292 8.612485 2.313834 1
6.202038 6.021596 1.717086 6
6.400171 5.086584 1.886355 1
5.339532 6.072329 1.276697 1
8.297137 9.737648 13.980548 6
8.383145 8.775567 14.148383 1
9.490346 10.192092 13.180102 6
9.512358 9.691523 12.339490 1
9.359746 11.654987 12.865948 6
9.374056 12.178152 13.695084 1
8.083578 11.913575 12.120013 6
7.952181 12.880822 12.025337 1
6.933846 11.329083 12.883162 6
6.802445 11.841876 13.696518 1
6.127612 11.409317 12.349532 1
2.146931 10.319056 13.121288 6
3.336689 10.072976 14.017844 6
3.353285 9.149137 14.278922 1
2.198566 6.795075 0.454734 1
4.143459 10.285924 13.543028 1
11.723264 11.792683 12.643602 6
3.039954 12.173812 11.587817 6
2.915545 13.093653 11.342519 1
2.922021 11.617345 10.814626 1
3.926139 12.053785 11.937833 1
2.299963 8.159616 12.045419 6
11.270588 7.811998 12.584788 1
3.135737 7.940170 12.484374 1
2.263962 7.541401 10.702736 6
11.062901 7.725954 10.359893 1
2.354928 6.033640 10.787371 6
1.620253 5.703854 11.328174 1
3.181716 5.793529 11.233498 1
2.309449 5.346058 9.411694 6
2.528597 4.408041 9.523585 1
1.405415 5.398082 9.064548 1
3.214525 5.925163 8.447716 6
3.025379 5.550885 7.572677 1
4.123896 5.684169 8.682973 1
3.107304 7.414434 8.374557 6
2.268082 7.646182 7.947079 1
3.825153 7.751558 7.815106 1
3.173333 8.099119 9.708634 6
4.080396 8.037612 10.047174 1
2.966930 9.039326 9.589571 1
10.172459 3.718078 13.677870 6
9.505427 3.978217 13.022308 1
1.343547 4.002682 13.352241 1
8.810349 0.565484 0.645521 6
11.132074 10.481450 1.302518 1
9.124521 10.531676 1.156200 6
9.048108 9.579093 1.321166 1
6.791957 0.506297 0.477685 1
7.122203 1.022743 2.438634 6
6.196512 0.867186 2.682498 1
9.364621 10.952101 3.157314 1
7.353726 2.501225 2.275102 6
7.196589 2.945205 3.122887 1
6.719645 2.853725 1.631016 1
8.758686 2.800897 1.806024 6
8.855273 3.754997 1.658271 1
9.392865 2.536102 2.490276 1
9.049450 2.057633 0.529327 6
9.974544 2.210632 0.279726 1
9.559163 6.244314 14.167031 1
7.201437 6.573990 0.872170 8
7.126701 9.956344 13.227440 8
8.074089 11.305688 10.827537 8
8.687512 11.612392 10.377107 1
10.704853 9.955884 13.883002 8
2.176903 9.573253 11.923488 8
11.844194 12.567623 13.831361 8
10.453638 12.043433 12.025910 8
3.098369 2.124918 2.576346 6
2.663050 0.837677 2.283709 6
3.958485 10.579018 2.947879 1
2.806245 0.331910 0.996971 6
4.198110 9.734622 0.800446 1
3.384759 1.113383 0.002869 6
4.549713 4.605261 13.487083 1
3.820077 2.400624 0.295505 6
5.275800 6.753783 13.976244 1
3.676882 2.906391 1.582243 6
3.967650 3.767672 1.778769 1
2.947318 2.652107 3.966367 6
2.885260 3.620414 3.944850 1
2.132643 2.305187 4.362287 1
4.142768 2.953976 5.973220 6
4.179485 3.913145 5.775260 1
5.396056 2.574366 6.746410 6
5.433638 3.117691 7.562636 1
7.028915 11.395888 7.140895 6
6.983907 10.840875 6.334711 1
5.813721 11.141273 7.990114 6
5.728081 10.179192 8.157949 1
4.604864 11.630309 7.226965 6
4.469800 11.057803 6.455209 1
3.822041 11.545925 7.795023 1
7.748282 2.517821 6.719155 6
8.897101 2.798598 5.779564 6
8.863323 3.716048 5.498403 1
8.830072 2.226215 5.012111 1
9.727536 2.632893 6.231428 1
9.412530 11.311634 7.209751 6
10.508010 11.006165 8.195246 6
10.440300 10.090768 8.476406 1
10.420398 11.582531 8.958395 1
11.360919 11.152063 7.780678 1
8.012822 4.680508 7.764899 6
7.523368 4.999177 6.990274 1
8.955587 4.851726 7.614277 1
7.569960 5.417211 8.955526 6
6.595304 5.400018 8.856546 1
7.752192 4.832820 10.237961 6
8.703280 4.703822 10.381410 1
7.337886 3.956535 10.235092 1
7.195790 5.619065 11.414244 6
6.230723 5.526153 11.431457 1
7.545529 5.249139 12.239076 1
7.550557 7.082170 11.335347 6
7.008320 7.563489 11.980867 1
8.477772 7.186906 11.600727 1
7.377702 7.693371 10.057215 6
7.843894 8.543873 10.055781 1
6.434156 7.877519 9.928111 1
7.866212 6.879643 8.901016 6
7.475488 7.239673 8.089094 1
8.827376 6.993402 8.835029 1
9.420800 9.129033 6.185524 6
8.506453 8.868720 6.379181 1
9.977622 8.854023 6.931460 1
9.884143 8.446298 4.931779 6
9.343403 8.783918 4.185844 1
9.665446 6.952508 5.026456 6
8.717955 6.777750 5.136912 1
10.122159 6.615349 5.812557 1
10.169158 6.208404 3.804270 6
10.047671 5.254073 3.931939 1
9.653621 6.474987 3.026776 1
1.915731 6.496873 3.566144 6
2.207402 6.043474 2.759960 1
2.438633 6.157460 4.309210 1
2.155871 7.989190 3.419826 6
3.105711 8.153807 3.313674 1
1.704255 8.311733 2.625118 1
1.649056 8.747172 4.624798 6
1.750712 9.698591 4.467004 1
2.189281 8.513954 5.396554 1
4.086000 2.254759 4.765379 8
3.023301 2.710312 6.786576 8
5.854869 11.830717 9.215169 8
6.512202 11.589732 9.642647 1
6.562947 2.831590 5.983835 8
7.806374 3.281854 7.908348 8
9.494034 10.534121 6.027730 8
8.196236 11.046227 7.891708 8
