1.330812 7.975053 1.331844 16
5.385425 3.308191 11.223244 16
3.576518 10.743877 5.809490 16
3.139719 0.539366 6.745597 16
1.605479 0.094336 1.299828 9
5.110758 11.188907 11.255259 9
3.319304 0.605039 0.089267 9
3.396932 10.678204 12.465821 9
2.018848 1.994855 2.963001 9
4.697389 9.288388 9.592087 9
2.989985 2.889886 1.237932 9
3.726252 8.393357 11.317156 9
4.317631 2.408396 4.014740 9
2.398605 8.874847 8.540347 9
5.343858 2.309417 2.105111 9
1.372379 8.973827 10.449976 9
-0.579444 5.850559 1.505355 7
7.295681 5.432684 11.049732 7
9.114033 -0.159045 6.975732 7
-2.397796 11.442288 5.579355 7
0.514521 11.776374 2.159224 6
6.201716 -0.493131 10.395863 6
4.582639 0.250888 3.005186 6
2.133598 11.032355 9.549902 6
0.521622 10.338863 1.868448 6
6.194615 0.944381 10.686639 6
-0.628272 9.496156 1.934488 6
7.344508 1.787087 10.620599 6
-1.492709 9.813111 2.124321 1
8.208946 1.470132 10.430766 1
-0.344513 8.184838 1.693054 6
7.060750 3.098405 10.862034 6
1.664014 9.650169 1.527326 6
5.052223 1.633074 11.027761 6
3.049616 10.171015 1.324311 6
3.666621 1.112228 11.230777 6
3.008459 11.095067 1.033284 1
3.707778 0.188176 11.521804 1
3.498655 9.639333 0.649098 1
3.217581 1.643911 11.905989 1
3.540899 10.116000 2.158219 1
3.175338 1.167243 10.396868 1
-1.199758 7.000871 1.722056 6
7.915994 4.282372 10.833031 6
9.392454 7.090225 1.999147 6
-2.676217 4.193018 10.555941 6
8.994737 7.931605 2.126832 1
-2.278501 3.351639 10.428255 1
8.629626 5.957407 2.081257 6
-1.913389 5.325836 10.473830 6
9.274696 4.692441 1.868699 6
-2.558459 6.590802 10.686388 6
-1.315504 4.708845 1.575663 6
8.031741 6.574398 10.979424 6
8.594899 3.451850 1.885397 6
-1.878663 7.831393 10.669690 6
7.673833 3.429188 2.070334 1
-0.957596 7.854056 10.484753 1
9.259628 2.290085 1.637058 6
-2.543392 8.993158 10.918029 6
8.793939 1.474067 1.649738 1
-2.077702 9.809177 10.905349 1
10.637060 2.303642 1.362604 6
-3.920823 8.979602 11.192484 6
11.089411 1.495256 1.200266 1
-4.373174 9.787987 11.354821 1
-0.651962 3.485736 1.329207 6
7.368199 7.797508 11.225880 6
0.269690 3.483579 1.141257 1
6.446547 7.799664 11.413830 1
7.169440 6.035852 2.362114 6
-0.453203 5.247391 10.192973 6
6.313423 6.595527 1.426258 6
0.402814 4.687716 11.128829 6
6.655842 6.917790 0.612688 1
0.060395 4.365453 11.942399 1
4.954037 6.681546 1.687404 6
1.762200 4.601698 10.867683 6
4.377481 7.057755 1.047094 1
2.338755 4.225488 11.507993 1
4.445884 6.219452 2.875115 6
2.270353 5.063791 9.679972 6
3.524213 6.281188 3.047120 1
3.192024 5.002055 9.507968 1
5.279919 5.665887 3.814235 6
1.436318 5.617356 8.740852 6
4.932227 5.354892 4.629061 1
1.784010 5.928351 7.926027 1
6.639613 5.569420 3.555601 6
0.076624 5.713823 8.999487 6
7.207899 5.182978 4.197166 1
-0.491662 6.100265 8.357922 1
2.898263 0.494587 1.381436 6
3.817974 10.788656 11.173651 6
3.026830 1.843258 2.085149 6
3.689407 9.439985 10.469938 6
4.346273 1.726953 2.844606 6
2.369964 9.556290 9.710481 6
5.591764 -0.218799 3.959749 6
1.124473 11.502042 8.595338 6
6.779112 0.534501 4.248516 6
-0.062876 10.748742 8.306571 6
6.997948 1.335653 3.807958 1
-0.281711 9.947590 8.747129 1
7.554759 -0.014962 5.214630 6
-0.838522 11.298206 7.340457 6
2.227947 10.873182 4.753482 6
4.488290 0.410061 7.801606 6
1.140191 9.849810 4.865347 6
5.576046 1.433433 7.689740 6
0.284174 10.265802 4.679281 1
6.432062 1.017441 7.875806 1
1.133344 9.482833 5.762785 1
5.582893 1.800410 6.792302 1
1.299242 9.137711 4.226042 1
5.416995 2.145532 8.329045 1
8.748239 0.506777 5.888838 6
-2.032002 10.776466 6.666249 6
9.411193 1.663126 5.432586 6
-2.694956 9.620117 7.122501 6
9.127137 2.080067 4.640360 1
-2.410900 9.203176 7.914727 1
-1.510736 2.185463 6.134918 6
8.226972 9.097781 6.420169 6
-1.138573 1.541166 7.356277 6
7.854810 9.742078 5.198811 6
10.146537 0.353115 7.713092 6
-3.430300 10.930129 4.841995 6
-0.155771 2.039189 8.249320 6
6.872007 9.244054 4.305767 6
0.307017 2.829307 8.037767 1
6.409220 8.453936 4.517320 1
0.123585 1.384550 9.407652 6
6.592652 9.898694 3.147435 6
0.763016 1.738007 9.998871 1
5.953221 9.545236 2.556216 1
-0.532338 0.190269 9.729941 6
7.248574 11.092974 2.825146 6
-0.315849 -0.260688 10.526185 1
7.032086 11.543931 2.028902 1
-1.481686 -0.323959 8.900427 6
8.197923 11.607202 3.654660 6
6.806878 11.082874 9.120015 1
-0.090641 0.200369 3.435072 1
-0.784188 3.394946 5.647529 6
7.500425 7.888297 6.907558 6
-1.465924 4.574207 5.390903 6
8.182161 6.709037 7.164184 6
9.580433 4.610157 5.510428 1
-2.864197 6.673086 7.044659 1
-0.786190 5.697970 4.960515 6
7.502427 5.585273 7.594572 6
-1.253008 6.499380 4.812365 1
7.969244 4.783864 7.742722 1
0.572446 5.645235 4.749589 6
6.143791 5.638008 7.805498 6
1.032419 6.408883 4.452034 1
5.683818 4.874360 8.103053 1
1.255180 4.477751 4.974326 6
5.461056 6.805492 7.580762 6
2.181699 4.439048 4.821153 1
4.534538 6.844195 7.733934 1
0.584450 3.362059 5.422668 6
6.131786 7.921184 7.132419 6
1.061634 2.566208 5.578225 1
5.654603 8.717036 6.976862 1
