0.960884 6.105557 14.847312 34
0.161064 1.510560 10.106992 34
8.930000 3.168304 10.106992 34
9.729820 7.763300 14.847312 34
-1.225461 8.520761 14.148841 34
2.431855 3.933336 10.805463 34
11.116344 0.753100 10.805463 34
7.459028 5.340525 14.148841 34
-1.754184 7.256209 17.395147 34
2.915819 2.633594 7.559158 34
11.645068 2.017652 7.559158 34
6.975065 6.640267 17.395147 34
-1.138156 6.900803 20.783193 34
2.286743 2.241462 4.171112 34
11.029040 2.373057 4.171112 34
7.604141 7.032399 20.783193 34
1.027942 7.079135 23.504709 34
0.126356 2.390292 1.449596 34
8.862942 2.194726 1.449596 34
9.764528 6.883569 23.504709 34
2.481768 5.546418 20.775207 34
16.099539 0.887163 4.179097 34
7.409116 3.727442 4.179097 34
-6.208655 8.386698 20.775207 34
2.738042 5.628314 17.506692 34
-1.633258 1.004489 7.447612 34
7.152842 3.645547 7.447612 34
11.524142 8.269371 17.506692 34
-3.916721 2.383281 13.981897 34
5.068402 6.936273 10.972408 34
13.807604 6.890580 10.972408 34
4.822482 2.337588 13.981897 34
11.069589 3.089213 16.253487 34
7.586307 7.617581 8.700817 34
-1.178705 6.184648 8.700817 34
2.304577 1.656279 16.253487 34
-5.804264 3.657320 19.567668 34
6.999365 8.149763 5.386636 34
15.695148 5.616541 5.386636 34
2.891518 1.124098 19.567668 34
-4.003591 2.973042 22.302910 34
5.174286 7.435834 2.651395 34
13.894474 6.300819 2.651395 34
4.716598 1.838027 22.302910 34
-2.080084 0.419420 23.260157 34
3.161451 4.871836 1.694148 34
11.970968 8.854441 1.694148 34
6.729432 4.402025 23.260157 34
-1.265195 1.754949 20.126395 34
2.393778 6.241335 4.827909 34
11.156079 7.518912 4.827909 34
7.497105 3.032526 20.126395 34
-2.059689 2.602714 16.867862 34
3.218484 7.124422 8.086442 34
11.950572 6.671147 8.086442 34
6.672399 2.149439 16.867862 34
0.746979 6.760536 13.113487 6
0.398162 2.184335 11.840818 6
9.143904 2.513324 11.840818 6
9.492722 7.089526 13.113487 6
-0.137324 7.718427 12.806549 6
1.315963 3.145552 12.147755 6
10.028207 1.555434 12.147755 6
8.574921 6.128309 12.806549 6
-2.283511 6.997117 14.610745 6
3.436628 2.404685 10.343559 6
12.174394 2.276744 10.343559 6
6.454256 6.869176 14.610745 6
-2.508585 6.537580 15.816038 6
3.645431 1.932083 9.138266 6
12.399469 2.736280 9.138266 6
6.245452 7.341778 15.816038 6
-2.819692 6.205097 18.543544 6
3.944415 1.570033 6.410761 6
12.710576 3.068764 6.410761 6
5.946469 7.703828 18.543544 6
-2.585341 6.093152 19.808727 6
3.705917 1.444373 5.145578 6
12.476225 3.180709 5.145578 6
6.184967 7.829487 19.808727 6
-1.085000 5.630361 22.099532 6
2.188987 0.956750 2.854772 6
10.975884 3.643500 2.854772 6
7.701897 8.317111 22.099532 6
-0.127611 5.645369 23.182549 6
1.231917 0.960018 1.771756 6
10.018495 3.628492 1.771756 6
8.658967 8.313843 23.182549 6
2.714449 6.112926 23.457046 6
15.886127 1.424599 1.497258 6
7.176435 3.160935 1.497258 6
-5.995243 7.849261 23.457046 6
3.234223 5.623021 22.431424 6
15.349444 0.945812 2.522880 6
6.656660 3.650840 2.522880 6
-5.458560 8.328049 22.431424 6
3.947122 4.777490 19.863626 6
14.607514 0.128116 5.090678 6
5.943762 4.496371 5.090678 6
-4.716630 9.145745 19.863626 6
4.031718 4.761075 18.521085 6
14.522598 0.126254 6.433220 6
5.859165 4.512786 6.433220 6
-4.631714 9.147607 18.521085 6
3.411326 5.203344 15.816038 6
-2.321058 0.597846 9.138266 6
6.479558 4.070517 9.138266 6
12.211942 8.676015 15.816038 6
2.731018 5.508024 14.703076 6
-1.629903 0.914591 10.251228 6
7.159865 3.765837 10.251228 6
11.520787 8.359270 14.703076 6
12.673449 4.051861 14.126632 6
6.016455 8.603285 10.827673 6
-2.782565 5.222000 10.827673 6
3.874428 0.670576 14.126632 6
11.705211 4.293928 14.950124 6
6.992988 8.836425 10.004181 6
-1.814328 4.979933 10.004181 6
2.897896 0.437436 14.950124 6
10.179939 4.407072 17.278361 6
8.521770 8.924331 7.675944 6
-0.289055 4.866789 7.675944 6
1.369114 0.349530 17.278361 6
10.414448 4.615073 18.561012 6
8.294279 9.118428 6.393293 6
-0.523565 4.658787 6.393293 6
1.596605 0.155433 18.561012 6
-6.195973 4.428685 21.266058 6
7.417681 8.902717 3.688246 6
16.086856 4.845175 3.688246 6
2.473203 0.371144 21.266058 6
-5.544745 4.105620 22.359057 6
6.754968 8.567803 2.595248 6
15.435629 5.168241 2.595248 6
3.135915 0.706057 22.359057 6
-4.027902 2.342022 24.073418 6
5.176233 6.785622 0.880887 6
13.918786 6.931839 0.880887 6
4.714650 2.488239 24.073418 6
-3.255020 1.384551 24.457714 6
4.369853 5.823985 0.496591 6
13.145904 7.889310 0.496591 6
5.521030 3.449876 24.457714 6
-0.686919 1.696287 22.960456 6
1.812918 6.151951 1.993849 6
10.577803 7.577574 1.993849 6
8.077965 3.121910 22.960456 6
-0.395024 2.155877 21.765144 6
1.537294 6.624499 3.189160 6
10.285908 7.117984 3.189160 6
8.353589 2.649362 21.765144 6
-0.346643 3.055442 19.127474 6
1.520815 7.552656 5.826830 6
10.237526 6.218419 5.826830 6
8.370068 1.721205 19.127474 6
-0.601801 3.331989 17.882255 6
1.785864 7.842702 7.072050 6
10.492685 5.941871 7.072050 6
8.105020 1.431159 17.882255 6
-1.474365 3.189644 15.224621 6
2.653961 7.729166 9.729683 6
11.365249 6.084216 9.729683 6
7.236922 1.544695 15.224621 6
-2.150683 3.101175 14.076723 6
3.327409 7.653140 10.877581 6
12.041567 6.172685 10.877581 6
6.563475 1.620721 14.076723 6
1.271457 6.393046 12.417262 1
-0.139014 1.824391 12.537043 1
8.619426 2.880815 12.537043 1
10.029897 7.449469 12.417262 1
-0.197966 7.997741 11.903203 1
1.386527 3.434659 13.051101 1
10.088850 1.276120 13.051101 1
8.504356 5.839202 11.903203 1
-2.699593 6.522583 13.892061 1
3.836280 1.937942 11.062243 1
12.590477 2.751278 11.062243 1
6.054604 7.335919 13.892061 1
-3.094519 5.779522 15.898387 1
4.204886 1.173132 9.055917 1
12.985403 3.494338 9.055917 1
5.685998 8.100729 15.898387 1
-3.554453 5.718721 18.169229 1
4.662267 1.087715 6.785075 1
13.445336 3.555139 6.785075 1
5.228616 8.186146 18.169229 1
-3.202886 5.554797 20.297831 1
4.304575 0.900717 4.656473 1
13.093769 3.719064 4.656473 1
5.586309 8.373144 20.297831 1
-1.708978 4.911877 22.064596 1
2.787889 0.238644 2.889708 1
11.599862 4.361984 2.889708 1
7.102995 9.035216 22.064596 1
-0.071319 4.896413 23.763984 1
1.149368 0.204759 1.190320 1
9.962202 4.377448 1.190320 1
8.741516 9.069101 23.763984 1
4.645531 4.399237 20.385171 1
14.055315 8.882817 4.569133 1
5.245352 4.874624 4.569133 1
-4.164432 0.391043 20.385171 1
4.758475 4.310043 18.091871 1
13.939692 8.818483 6.862434 1
5.132409 4.963818 6.862434 1
-4.048809 0.455378 18.091871 1
4.255278 4.776111 15.731194 1
14.300091 0.171533 9.223111 1
5.635606 4.497750 9.223111 1
-4.409208 9.102328 15.731194 1
3.124585 5.413827 13.847144 1
-2.026597 0.829672 11.107161 1
6.766299 3.860034 11.107161 1
11.917480 8.444189 13.847144 1
12.970375 4.762543 13.565160 1
5.584930 0.181445 11.389145 1
-3.079491 4.511318 11.389145 1
4.305953 9.092416 13.565160 1
11.292112 5.142594 14.892729 1
7.276210 0.547105 10.061576 1
-1.401229 4.131267 10.061576 1
2.614674 8.726756 14.892729 1
9.539714 4.954890 16.849146 1
9.021685 0.338193 8.105158 1
0.351170 4.318971 8.105158 1
0.869199 8.935667 16.849146 1
9.924893 5.291023 19.010189 1
8.647831 0.650901 5.944115 1
-0.034010 3.982837 5.944115 1
1.243052 8.622960 19.010189 1
10.595501 5.071414 21.318462 1
7.969120 0.406269 3.635842 1
-0.704618 4.202447 3.635842 1
1.921764 8.867591 21.318462 1
-5.854732 4.438200 23.190035 1
7.076408 8.891375 1.764269 1
15.745616 4.835661 1.764269 1
2.814475 0.382485 23.190035 1
-4.606903 2.737490 24.704762 1
5.768921 7.174246 0.249543 1
14.497787 6.536371 0.249543 1
4.121963 2.099615 24.704762 1
4.498872 1.012115 0.424223 1
-3.392493 5.712074 24.530081 1
5.392012 8.261745 24.530081 1
13.283376 3.561787 0.424223 1
-0.190139 2.019282 23.709085 1
1.327272 6.466831 1.245220 1
10.081023 7.254579 1.245220 1
8.563611 2.807030 23.709085 1
0.355496 2.761483 21.712740 1
0.807926 7.230673 3.241564 1
9.535388 6.512378 3.241564 1
9.082958 2.043188 21.712740 1
0.363042 3.538445 19.554193 1
0.827912 8.031034 5.400112 1
9.527841 5.735416 5.400112 1
9.062972 1.242827 19.554193 1
-0.009939 3.943710 17.440563 1
1.215440 8.459210 7.513741 1
9.900822 5.330151 7.513741 1
8.675443 0.814651 17.440563 1
-0.606109 3.585170 15.192181 1
1.799519 8.125043 9.762124 1
10.496992 5.688690 9.762124 1
8.091365 1.148817 15.192181 1
-1.731100 3.415785 13.278185 1
2.918959 7.976405 11.676119 1
11.621984 5.858076 11.676119 1
6.971924 1.297455 13.278185 1
3.163778 6.016154 24.317970 1
15.433256 1.318495 0.636335 1
6.727105 3.257707 0.636335 1
-5.542372 7.955366 24.317970 1
4.132566 5.243504 22.551205 1
14.437830 0.564997 2.403100 1
5.758318 4.030357 2.403100 1
-4.546946 8.708864 22.551205 1
