8.601194 4.310205 6.744611 8
8.210495 8.739105 12.971094 8
2.606599 4.547595 6.399192 8
2.997298 0.118695 0.172710 8
8.358544 6.683210 4.922749 8
9.978352 2.254310 1.649153 8
2.849248 2.174590 8.221055 8
1.229441 6.603490 11.494650 8
6.854128 8.622183 3.477719 8
11.482768 4.193283 3.094183 8
4.353665 0.235617 9.666084 8
-0.274975 4.664517 10.049621 8
7.847424 1.650208 7.417048 7
8.964265 6.079108 12.298657 7
3.360369 7.207592 5.726755 7
2.243528 2.778692 0.845147 7
7.294534 0.426946 9.251923 7
9.517155 4.855846 10.463782 7
3.913259 8.430854 3.891880 7
1.690638 4.001954 2.680022 7
9.002762 1.049649 7.884968 6
7.808927 5.478549 11.830737 6
2.205031 7.808151 5.258836 6
3.398866 3.379251 1.313066 6
8.669902 0.275478 9.008763 6
8.141787 4.704378 10.706942 6
2.537891 8.582322 4.135041 6
3.066006 4.153422 2.436861 6
9.627774 8.434397 9.708013 6
7.183916 4.005497 10.007692 6
1.580019 0.423403 3.435790 6
4.023877 4.852303 3.136111 6
9.375507 7.889642 10.433551 1
7.436183 3.460742 9.282154 1
1.832286 0.968158 2.710252 1
3.771610 5.397058 3.861649 1
10.943766 8.537148 9.274268 6
5.867923 4.108248 10.441437 6
0.264027 0.320652 3.869536 6
5.339869 4.749552 2.702366 6
-1.114143 8.099572 9.700127 1
5.192832 3.670672 10.015578 1
12.321936 0.758228 3.443676 1
6.014960 5.187128 3.128225 1
11.283967 0.447319 8.185961 6
5.527722 4.876219 11.529744 6
-0.076175 8.410481 4.957843 6
5.680071 3.981581 1.614059 6
-0.503278 0.508438 7.936228 1
4.581967 4.937338 11.779477 1
11.711071 8.349362 5.207575 1
6.625826 3.920462 1.364327 1
10.316924 1.145314 7.466995 6
6.494766 5.574214 12.248710 6
0.890869 7.712486 5.676809 6
4.713027 3.283586 0.895093 6
10.528286 1.671467 6.709912 1
6.283404 6.100367 13.005793 1
0.679507 7.186333 6.433892 1
4.924389 2.757433 0.138010 1
6.723529 0.945127 8.005891 6
10.088160 5.374027 11.709814 6
4.484264 7.912673 5.137913 6
1.119633 3.483773 1.433989 6
6.390617 0.206387 7.418363 1
10.421073 4.635287 12.297342 1
4.817176 8.651413 5.725441 1
0.786720 4.222513 0.846461 1
5.973994 1.532399 8.155730 1
10.837695 5.961299 11.559975 1
5.233798 7.325401 4.988073 1
0.370098 2.896501 1.583828 1
7.724806 2.214450 6.081638 6
10.612090 6.643350 0.490264 6
3.482987 6.643350 7.062166 6
0.595702 2.214450 12.653540 6
6.987568 1.827364 5.609775 1
11.349328 6.256264 0.962126 1
4.220225 7.030436 7.534028 1
-0.141535 2.601536 12.181677 1
8.579750 2.104613 5.594003 1
9.757146 6.533513 0.977899 1
2.628043 6.753187 7.549801 1
1.450647 2.324287 12.165904 1
7.469802 3.706989 6.139471 6
10.867095 8.135889 0.432431 6
3.737991 5.150811 7.004333 6
0.340698 0.721911 12.711372 6
7.335707 4.063959 5.210204 1
11.001190 8.492859 1.361698 1
3.872086 4.793841 7.933600 1
0.206603 0.364941 11.782105 1
6.666314 3.894775 6.699397 1
10.145376 8.323675 13.016308 1
4.541479 4.963025 6.444407 1
1.062417 0.534125 0.127495 1
8.443923 5.689365 7.093711 6
8.367766 1.260465 12.621994 6
2.763870 3.168435 6.050093 6
2.840027 7.597335 0.521809 6
7.472501 5.925868 7.114741 1
9.339188 1.496968 12.600964 1
3.735291 2.931932 6.029063 1
1.868605 7.360832 0.542839 1
8.864152 5.832861 8.015091 1
7.947537 1.403961 11.700614 1
2.343641 3.024939 5.128712 1
3.260256 7.453839 1.443190 1
9.126411 6.599061 6.117126 6
9.210485 2.170161 0.454776 6
2.081382 2.258739 7.026677 6
1.997308 6.687639 12.689028 6
9.220313 7.483069 6.525898 1
9.116583 3.054169 0.046003 1
1.987479 1.374731 6.617905 1
2.091210 5.803631 13.097800 1
10.075847 6.219061 5.934427 1
8.261049 1.790161 0.637474 1
1.131946 2.638739 7.209376 1
2.946744 7.067639 12.506329 1
8.932582 7.623023 4.012803 6
9.404315 3.194123 2.559099 6
2.275211 1.234777 9.131000 6
1.803478 5.663677 10.584705 6
9.784383 7.243023 3.596145 1
8.552514 2.814123 2.975757 1
1.423410 1.614777 9.547659 1
2.655279 6.043677 10.168046 1
9.096277 8.521204 4.500438 1
9.240619 4.092304 2.071463 1
2.111516 0.336596 8.643365 1
1.967174 4.765496 11.072340 1
7.959195 7.915330 2.920553 6
10.377701 3.486430 3.651349 6
3.248598 0.942470 10.223250 6
0.830092 5.371370 9.492455 6
7.676897 6.962231 2.522296 1
10.659999 2.533331 4.049606 1
3.530895 1.895569 10.621508 1
0.547794 6.324469 9.094198 1
8.383908 8.473371 2.146383 1
9.952989 4.044471 4.425519 1
2.823885 0.384429 10.997420 1
1.254804 4.813329 8.718285 1
5.874103 0.088578 2.498637 6
-0.270207 4.517478 4.073265 6
5.333689 8.769222 10.645166 6
11.478000 4.340322 9.070539 6
5.677348 8.151833 1.988657 1
-0.073452 3.722933 4.583244 1
5.530445 0.705967 11.155146 1
11.281245 5.134867 8.560559 1
6.322586 0.759999 1.892708 1
12.014311 5.188899 4.679194 1
4.885207 8.097801 11.251096 1
-0.806518 3.668901 8.464609 1
6.555303 8.242183 9.960374 6
10.256386 3.813283 9.755331 6
4.652490 0.615617 3.183429 6
0.951406 5.044517 3.388473 6
7.182003 7.880785 10.605735 1
9.629686 3.451885 9.109970 1
4.025789 0.977015 2.538068 1
1.578107 5.405915 4.033833 1
6.307230 7.489270 9.311070 1
10.504459 3.060370 10.404635 1
4.900563 1.368530 3.832733 1
0.703333 5.797430 2.739169 1
