5.995994 5.477241 2.331854 16
-1.518962 1.595041 15.882906 16
2.479479 0.538849 5.135651 7
1.997553 4.421049 13.079108 7
4.949425 4.434249 4.526550 7
-0.472393 0.552049 13.688210 7
5.452945 2.247017 8.320138 8
-0.975914 6.129217 9.894622 8
6.450939 1.937994 5.667158 8
-1.973907 5.820194 12.547601 8
6.977620 4.469189 5.540383 8
-2.500588 0.586989 12.674376 8
1.261629 2.044367 3.154250 8
3.215403 5.926567 15.060510 8
6.218755 6.686701 3.094505 8
-1.741723 2.804501 15.120254 8
6.905775 5.102764 1.293977 8
-2.428743 1.220564 16.920783 8
0.306309 2.453550 8.729606 6
4.170723 6.335750 9.485154 6
0.944311 2.615050 9.400637 1
3.532721 6.497250 8.814122 1
-1.047594 2.431810 9.065122 6
5.524625 6.314010 9.149638 6
-1.298178 2.561476 9.961652 1
5.775210 6.443676 8.253108 1
6.806485 2.221395 8.104111 6
-2.329453 6.103595 10.110649 6
-1.610622 2.028838 6.806127 6
6.087654 5.911038 11.408632 6
7.353312 2.254005 4.561340 6
-2.876280 6.136205 13.653419 6
7.077643 1.746990 3.755883 1
-2.600612 5.629190 14.458876 1
7.256848 3.795239 4.266443 6
-2.779816 7.677439 13.948316 6
-0.293383 4.365146 3.714536 6
4.770415 0.482946 14.500224 6
-0.359724 5.341907 3.677560 1
4.836756 1.459707 14.537200 1
-0.160499 4.038264 2.799609 1
4.637531 0.156064 15.415151 1
0.913785 3.974596 4.569172 6
3.563247 0.092396 13.645587 6
1.713882 4.431920 4.236753 1
2.763150 0.549720 13.978006 1
0.765364 4.254891 5.497214 1
3.711667 0.372691 12.717545 1
2.309242 1.976040 5.402498 6
2.167790 5.858240 12.812262 6
3.125059 2.430257 5.074632 1
1.351973 6.312457 13.140128 1
2.143813 2.358825 6.891736 6
2.333219 6.241025 11.323023 6
2.728332 1.784259 7.427979 1
1.748700 5.666459 10.786781 1
2.446621 3.282788 7.012682 1
2.030411 7.164988 11.202077 1
0.733036 2.240806 7.419964 6
3.743996 6.123006 10.794795 6
-0.271439 2.003215 6.506130 6
4.748471 5.885415 11.708630 6
-0.122683 1.752425 5.034742 6
4.599715 5.634625 13.180018 6
1.128450 2.467526 4.519082 6
3.348582 6.349726 13.695678 6
0.044272 0.235261 4.811064 6
4.432760 4.117461 13.403695 6
-0.731489 7.525256 5.174813 1
5.208521 3.643056 13.039946 1
0.094286 0.046586 3.850600 1
4.382746 3.928786 14.364159 1
1.311075 7.508175 5.494664 6
3.165957 3.625975 12.720095 6
1.185832 7.542338 6.466240 1
3.291200 3.660138 11.748520 1
1.469457 6.574117 5.244029 1
3.007575 2.691917 12.970730 1
3.693713 7.755083 5.724899 6
0.783319 3.872883 12.489861 6
4.455271 0.526426 5.453499 1
0.021760 4.408626 12.761261 1
3.815842 6.841989 5.422534 1
0.661190 2.959789 12.792226 1
3.617304 0.003106 6.692103 1
0.859728 3.885306 11.522657 1
5.003339 2.388329 9.658741 6
-0.526307 6.270529 8.556019 6
4.035201 2.319226 9.684788 1
0.441831 6.201426 8.529972 1
5.274975 3.253284 10.001724 1
-0.797943 7.135484 8.213035 1
5.391485 1.687204 10.205730 1
-0.914453 5.569404 8.009030 1
2.462752 2.398423 2.480850 6
2.014279 6.280623 15.733909 6
2.376851 2.192667 1.537326 1
2.100181 6.074867 16.677434 1
3.203611 1.896066 2.856074 1
1.273421 5.778266 15.358685 1
2.627222 3.348009 2.591960 1
1.849810 7.230209 15.622799 1
5.635781 4.634570 5.563880 6
-1.158749 0.752370 12.650879 6
5.212259 4.901666 6.358773 1
-0.735228 1.019466 11.855987 1
5.931716 4.085627 3.501423 6
-1.454684 0.203427 14.713336 6
5.637580 3.268036 3.027293 1
-1.160548 7.150236 15.187466 1
4.393017 5.570957 1.602170 6
0.084015 1.688757 16.612589 6
4.181749 4.887690 0.421490 6
0.295283 1.005490 17.793270 6
4.858269 4.345735 0.058287 1
-0.381237 0.463535 18.156472 1
-1.414432 5.008814 17.992722 6
5.891464 1.126614 0.222038 6
-1.563604 4.548386 17.187447 1
6.040635 0.666186 1.027312 1
1.952633 5.801560 0.311108 6
2.524399 1.919360 17.903651 6
2.181858 6.462310 1.520204 6
2.295174 2.580110 16.694556 6
1.499633 6.985631 1.899799 1
2.977399 3.103431 16.314960 1
3.400018 6.357491 2.166828 6
1.077014 2.475291 16.047932 6
3.551723 6.811708 2.976292 1
0.925309 2.929508 15.238468 1
-3.732323 5.932002 17.798734 6
8.209355 2.049802 0.416025 6
-3.949614 6.871494 17.690174 1
8.426646 2.989294 0.524585 1
8.790433 5.495642 0.096538 1
-4.313401 1.613442 18.118221 1
-3.662010 5.514277 16.926976 1
8.139042 1.632077 1.287783 1
