3.678618 2.820367 3.296084 14
16.084903 11.442705 11.631833 14
10.847795 9.800037 3.472681 14
8.915727 4.463035 11.455236 14
8.813538 9.464191 8.628187 8
10.949983 4.798881 6.299730 8
8.155060 9.167281 8.238717 1
11.608461 5.095791 6.689200 1
3.538990 2.814460 4.935766 8
16.224532 11.448613 9.992151 8
14.735919 4.602741 8.128699 7
5.027602 9.660331 6.799218 7
4.671939 4.579671 8.658192 1
15.091582 9.683401 6.269725 1
12.419322 12.692718 8.157062 8
7.344199 1.570354 6.770855 8
5.505256 2.549434 8.439796 8
14.258266 11.713638 6.488121 8
6.313150 2.287578 7.864027 1
13.450371 11.975494 7.063890 1
10.817522 9.774995 5.115200 8
8.945999 4.488077 9.812717 8
11.924703 11.217305 2.886163 6
7.838818 3.045767 12.041754 6
11.298925 12.537809 8.646100 6
8.464596 1.725263 6.281817 6
1.970992 3.078938 2.569841 6
17.792530 11.184134 12.358076 6
3.657716 3.938612 5.798600 6
16.105805 10.324460 9.129317 6
4.522078 4.337483 5.675594 1
15.241443 9.925589 9.252323 1
13.890115 4.577979 5.578563 1
5.873407 9.685094 9.349354 1
9.101170 9.992018 2.818988 6
10.662351 4.271054 12.108929 6
10.514831 11.495237 8.350080 7
9.248690 2.767836 6.577837 7
9.575022 11.337056 8.774630 1
10.188499 2.926016 6.153287 1
10.816523 10.396698 7.427087 6
8.946999 3.866374 7.500830 6
10.677551 10.883640 6.000873 6
9.085971 3.379433 8.927044 6
11.359624 11.530823 5.806960 1
8.403898 2.732250 9.120957 1
9.812596 11.281070 5.871150 1
9.950926 2.982002 9.056767 1
12.066744 9.583779 7.844173 6
7.696777 4.679293 7.083744 6
12.863417 9.969437 8.341720 1
6.900105 4.293635 6.586197 1
12.459334 9.059733 7.068369 1
7.304187 5.203339 7.859548 1
11.519038 8.096150 3.015439 6
8.244483 6.166922 11.912478 6
7.999361 9.947761 3.682568 6
11.764160 4.315311 11.245349 6
8.142787 9.849576 4.626161 1
11.620734 4.413497 10.301756 1
13.157876 2.701650 7.665187 6
6.605646 11.561422 7.262730 6
12.695779 2.303321 6.890727 1
7.067742 11.959751 8.037191 1
12.413472 3.197335 8.147657 1
7.350050 11.065737 6.780260 1
11.769922 3.220127 3.396997 6
7.993599 11.042945 11.530920 6
11.890292 3.227156 4.349995 1
7.873229 11.035917 10.577922 1
3.499787 3.492019 7.233471 6
16.263734 10.771053 7.694446 6
4.327298 1.101240 2.861383 6
15.436223 13.161833 12.066534 6
1.725207 3.085683 1.194830 6
18.038315 11.177389 13.733087 6
2.467364 3.025749 0.588160 1
17.296158 11.237323 14.339757 1
9.965641 9.176519 7.883732 6
9.797881 5.086553 7.044185 6
9.807044 8.481677 7.063890 1
9.956477 5.781395 7.864027 1
4.334754 2.266465 7.714300 6
15.428768 11.996608 7.213617 6
4.517847 1.644522 6.914611 1
15.245674 12.618550 8.013306 1
11.785231 7.957316 1.527424 6
7.978290 6.305756 13.400493 6
12.119384 7.076617 1.339034 1
7.644137 7.186455 13.588883 1
12.434846 8.610276 1.256931 1
7.328676 5.652796 13.670986 1
10.967067 8.099422 1.044954 1
8.796455 6.163650 13.882963 1
4.811098 4.210649 2.751215 6
14.952423 10.052423 12.176702 6
10.735255 13.516406 9.628059 6
9.028266 0.746666 5.299858 6
9.860193 13.225283 9.894223 1
9.903328 1.037789 5.033694 1
7.259393 0.557548 9.219482 1
12.504128 13.705524 5.708435 1
11.305373 13.566350 10.398787 1
8.458148 0.696722 4.529130 1
12.947970 5.908958 7.715942 8
6.815551 8.354114 7.211975 8
12.317950 13.253651 1.613409 6
7.445571 1.009421 13.314508 6
8.570264 0.100237 1.015098 1
11.193257 14.162835 13.912819 1
6.506105 6.316274 1.955706 6
13.257417 7.946798 12.972211 6
7.083577 7.025313 1.664463 1
12.679945 7.237760 13.263454 1
14.012916 5.712209 8.296488 6
5.750605 8.550863 6.631429 6
4.348627 5.275987 1.978546 6
15.414895 8.987085 12.949371 6
3.425703 5.306895 1.716710 1
16.337819 8.956178 13.211207 1
4.854243 1.029250 1.436961 6
14.909279 13.233822 13.490956 6
5.170295 0.140457 1.255438 1
14.593226 14.122615 13.672479 1
5.577277 1.652567 1.334556 1
14.186245 12.610505 13.593361 1
4.151468 1.250447 0.822528 1
15.612054 13.012625 14.105389 1
6.167114 4.260585 3.115606 6
13.596408 10.002487 11.812311 6
6.522256 3.549669 3.654354 1
13.241265 10.713403 11.273563 1
14.049528 1.799458 8.527573 6
5.713993 12.463614 6.400344 6
14.110305 2.155750 9.500126 1
5.653216 12.107322 5.427791 1
13.755029 0.842108 8.596987 1
6.008493 13.420964 6.330930 1
11.173919 8.660520 8.681181 6
8.589602 5.602552 6.246736 6
11.032908 9.041645 9.661348 1
8.730614 5.221427 5.266569 1
11.268087 7.644141 8.632814 1
8.495435 6.618931 6.295103 1
10.288479 3.342886 1.531455 6
9.475043 10.920186 13.396462 6
9.403108 3.439776 1.176320 1
10.360414 10.823296 13.751597 1
11.486266 12.223446 2.023031 6
8.277255 2.039626 12.904886 6
10.579410 12.204354 1.706261 1
9.184111 2.058718 13.221656 1
8.813120 10.111776 1.455323 6
10.950402 4.151296 13.472594 6
9.536874 10.154488 0.827007 1
10.226648 4.108584 14.100910 1
13.245306 11.337282 3.338330 6
6.518215 2.925790 11.589587 6
13.589098 10.682835 3.949927 1
6.174423 3.580237 10.977990 1
7.516214 10.184105 0.988527 6
12.247307 4.078967 13.939390 6
7.344144 10.239469 0.046277 1
12.419377 4.023603 14.881640 1
14.565411 6.745752 9.242620 6
5.198110 7.517320 5.685297 6
13.967994 7.495949 9.285164 1
5.795527 6.767123 5.642753 1
15.424570 7.037541 8.928387 1
4.338951 7.225531 5.999530 1
14.657836 6.360300 10.116649 1
5.105685 7.902772 4.811268 1
11.365430 3.208153 0.679220 6
8.398091 11.054919 14.248697 6
16.665755 3.599502 14.657722 1
3.097766 10.663570 0.270195 1
14.074995 12.352284 2.933634 6
5.688526 1.910788 11.994283 6
14.973118 12.399485 3.270707 1
4.790403 1.863587 11.657210 1
6.453030 10.152868 1.871812 6
13.310492 4.110204 13.056106 6
5.552717 10.209904 1.539068 1
14.210805 4.053168 13.388849 1
10.497923 3.353828 2.887208 6
9.265599 10.909244 12.040709 6
9.754254 3.465878 3.484176 1
10.009267 10.797194 11.443741 1
5.179792 6.319272 1.585942 6
14.583730 7.943800 13.341975 6
4.825791 7.040835 1.061375 1
14.937730 7.222237 13.866542 1
13.620437 13.311142 2.061098 6
6.143084 0.951930 12.866820 6
10.788248 0.186944 1.757016 1
8.975273 14.076128 13.170901 1
6.700835 10.036700 3.221146 6
13.062686 4.226372 11.706771 6
5.973060 10.029999 3.846924 1
13.790462 4.233073 11.080993 1
6.991853 5.287769 2.716135 6
12.771669 8.975303 12.211783 6
7.916579 5.281527 2.975134 1
11.846942 8.981545 11.952783 1
3.172904 0.113345 2.973641 6
16.590617 14.149728 11.954276 6
6.899916 13.059023 2.752708 1
12.863605 1.204049 12.175209 1
2.477210 0.366455 2.363089 1
17.286311 13.896617 12.564828 1
2.829399 0.114685 3.869316 1
16.934123 14.148387 11.058601 1
12.802944 7.772802 3.772285 6
6.960577 6.490271 11.155632 6
13.115468 6.901292 3.520003 1
6.648054 7.361780 11.407914 1
12.636995 7.792220 4.718715 1
7.126526 6.470853 10.209202 1
13.470060 8.427256 3.552844 1
6.293461 5.835816 11.375073 1
5.430471 0.657767 3.812590 6
14.333051 13.605306 11.115327 6
9.154511 13.608363 3.570758 1
10.609010 0.654709 11.357159 1
5.079326 0.636898 4.705279 1
14.684196 13.626174 10.222638 1
6.161457 1.278710 3.770792 1
13.602064 12.984362 11.157125 1
10.475300 7.070111 3.430435 6
9.288222 7.192961 11.497482 6
10.796244 6.193859 3.205024 1
8.967277 8.069213 11.722893 1
9.657097 7.242992 2.960206 1
10.106425 7.020080 11.967711 1
10.317609 7.118564 4.376865 1
9.445912 7.144508 10.551052 1
