8.210628 8.251236 5.083770 7
5.811545 3.414515 5.486057 7
9.741376 5.722724 1.013435 6
4.280798 5.943027 9.556392 6
10.071957 7.061142 0.664102 6
3.950216 4.604608 9.905724 6
10.820167 7.463751 1.042502 1
3.202006 4.202000 9.527325 1
11.154000 10.586333 10.354202 6
2.868174 1.079417 0.215624 6
11.382613 11.461982 10.141749 1
2.639560 0.203769 0.428078 1
10.020354 10.000543 9.760178 6
4.001819 1.665208 0.809649 6
9.504943 10.493100 9.162983 1
4.517230 1.172651 1.406844 1
9.679699 8.732960 10.053808 6
4.342474 2.932791 0.516019 6
8.934707 8.355796 9.644967 1
5.087467 3.309954 0.924860 1
8.590731 5.126781 0.407890 6
5.431442 6.538970 10.161937 6
8.257690 3.816699 0.721074 6
5.764484 7.849051 9.848753 6
7.511484 3.434677 0.317200 1
6.510690 8.231073 10.252626 1
8.997749 3.054856 1.616761 6
5.024424 8.610895 8.953066 6
8.661365 1.705841 1.936392 6
5.360808 9.959910 8.633434 6
7.917546 1.316140 1.536853 1
6.104627 10.349611 9.032974 1
9.393101 0.987551 2.799947 6
4.629072 10.678200 7.769880 6
12.121874 8.950979 2.997603 1
1.900300 2.714772 7.572224 1
1.324372 1.552551 3.408769 6
12.697802 10.113200 7.161058 6
4.800321 9.883619 4.002793 1
9.221852 1.782131 6.567033 1
1.691482 2.829946 3.138604 6
12.330691 8.835805 7.431222 6
2.443810 3.186483 3.552942 1
11.578363 8.479268 7.016885 1
10.150273 3.634237 2.233087 6
3.871901 8.031514 8.336739 6
10.514644 4.962392 1.921383 6
3.507529 6.703359 8.648444 6
2.482952 5.536997 2.506634 6
11.539222 6.128754 8.063192 6
3.481275 6.005481 2.979317 6
10.540898 5.660270 7.590510 6
4.689347 6.562297 3.519541 6
9.332826 5.103454 7.050286 6
4.778864 6.943367 4.850071 6
9.243309 4.722384 5.719756 6
4.040615 6.830883 5.404352 1
9.981558 4.834868 5.165474 1
5.929236 7.482710 5.369578 6
8.092937 4.183041 5.200249 6
5.952084 7.727068 6.266639 1
8.070089 3.938683 4.303188 1
7.068688 7.672711 4.577052 6
6.953485 3.993039 5.992775 6
6.980972 7.270603 3.241554 6
7.041202 4.395148 7.328272 6
7.722183 7.364526 2.687273 1
6.299990 4.301225 7.882554 1
5.821270 6.739277 2.732195 6
8.200904 4.926474 7.837632 6
5.791895 6.491666 1.836190 1
8.230278 5.174085 8.733636 1
8.308752 8.594451 6.479304 6
5.713422 3.071300 4.090523 6
9.168764 8.984037 6.653706 1
4.853409 2.681714 3.916121 1
8.201743 7.802697 7.012023 1
5.820431 3.863054 3.557804 1
7.620527 9.225962 6.702327 1
6.401646 2.439789 3.867500 1
9.441143 8.215557 4.335743 6
4.581030 3.450193 6.234084 6
10.131240 8.661602 4.833582 1
3.890933 3.004148 5.736245 1
9.316541 8.659318 3.493328 1
4.705632 3.006433 7.076499 1
9.695455 7.302794 4.181423 1
4.326718 4.362957 6.388403 1
