6.205979 8.520447 10.395306 7
11.751550 3.705547 20.554157 7
14.587374 1.109353 10.237670 7
9.041803 5.924253 0.078818 7
6.657382 6.897826 8.903335 8
16.971795 2.082926 1.413152 8
14.135972 2.731974 11.729640 8
3.821558 7.546874 19.219823 8
3.337975 7.858880 9.445982 6
20.291202 3.043980 0.870505 6
17.455378 1.770920 11.186993 6
0.502152 6.585820 19.762470 6
3.479510 8.766007 9.293092 1
20.149666 3.951107 1.023396 1
17.313843 0.863793 11.339883 1
0.643687 5.678693 19.609580 1
2.688578 0.040445 4.810991 7
20.940599 4.855345 5.505497 7
18.104776 9.589355 15.821984 7
-0.147246 4.774455 15.127478 7
7.143846 0.134817 8.226367 8
16.485330 4.949717 2.090120 8
13.649507 9.494983 12.406608 8
4.308023 4.680083 18.542855 8
2.052475 7.361982 9.468472 6
21.576702 2.547082 0.848015 6
18.740878 2.267818 11.164503 6
-0.783349 7.082718 19.784960 6
1.333576 7.933992 9.330231 1
22.295601 3.119092 0.986256 1
19.459777 1.695808 11.302744 1
-1.502248 6.510708 19.646719 1
9.262316 9.448760 8.794599 8
14.366861 4.633860 1.521888 8
11.531037 0.181040 11.838376 8
6.426492 4.995940 19.111087 8
1.829217 6.035959 9.693372 6
21.799959 1.221059 0.623116 6
18.964136 3.593841 10.939603 6
-1.006606 8.408741 20.009859 6
0.961543 5.701805 9.701625 1
22.667633 0.886905 0.614863 1
19.831810 3.927995 10.931350 1
-1.874280 8.742895 20.018113 1
5.818663 3.672806 11.801443 8
12.138867 8.487706 19.148020 8
14.974690 5.956994 8.831532 8
8.654486 1.142094 1.484955 8
2.884352 5.204907 9.905272 6
20.744825 0.390007 0.411215 6
17.909001 4.424893 10.727703 6
0.048529 9.239793 20.221760 6
2.734877 4.301632 10.066829 1
20.894300 9.116532 0.249659 1
18.058476 5.328168 10.566147 1
-0.100946 0.513268 20.383316 1
8.758244 2.688640 13.153728 8
9.199286 7.503540 17.795735 8
12.035109 6.941160 7.479247 8
11.594067 2.126260 2.837240 8
4.177697 5.690249 9.882163 6
19.451479 0.875349 0.434324 6
16.615656 3.939551 10.750812 6
1.341874 8.754451 20.198651 6
4.892532 5.111498 10.025563 1
18.736645 0.296598 0.290925 1
15.900821 4.518302 10.607413 1
2.056708 9.333202 20.342050 1
2.174593 8.065920 3.310148 8
21.454583 3.251020 7.006339 8
18.618760 1.563880 17.322827 8
-0.661230 6.378780 13.626636 8
4.415681 7.021087 9.647979 6
19.213496 2.206187 0.668508 6
16.377672 2.608713 10.984996 6
1.579857 7.423613 19.964467 6
0.974691 8.025475 5.962517 8
22.654486 3.210575 4.353970 8
19.818662 1.604325 14.670458 8
-1.861133 6.419225 16.279005 8
5.840671 7.479466 9.615792 6
17.788506 2.664566 0.700696 6
14.952682 2.150334 11.017183 6
3.004847 6.965234 19.932279 6
-0.820141 9.024086 5.101709 8
24.449318 4.209186 5.214778 8
21.613495 0.605714 15.531266 8
-3.655965 5.420614 15.418197 8
7.598415 8.989418 10.452665 6
10.359115 4.174518 20.496798 6
13.194938 0.640382 10.180310 6
10.434238 5.455282 0.136178 6
2.643722 1.636103 9.467441 8
20.985455 6.451003 0.849047 8
18.149631 7.993697 11.165535 8
-0.192102 3.178797 19.783928 8
7.532640 0.527713 11.464094 6
10.424890 5.342613 19.485369 6
13.260713 9.102087 9.168882 6
10.368464 4.287187 1.147606 6
8.335951 0.519046 12.026961 1
9.621579 5.333946 18.922502 1
12.457403 9.110754 8.606014 1
11.171774 4.295854 1.710474 1
0.162245 3.428209 8.294250 8
23.466932 8.243109 2.022238 8
20.631108 6.201591 12.338725 8
-2.673579 1.386691 18.610737 8
7.280972 1.951960 10.947031 6
10.676557 6.766860 20.002431 6
13.512381 7.677840 9.685944 6
10.116796 2.862940 0.630544 6
6.864551 1.879737 10.062702 1
16.764625 6.694637 0.253786 1
13.928802 7.750063 10.570273 1
4.028728 2.935163 20.379190 1
6.250247 2.546119 11.899862 6
11.707282 7.361019 19.049601 6
14.543106 7.083681 8.733113 6
9.086071 2.268781 1.583375 6
5.831108 1.531138 12.934606 6
12.126422 6.346038 18.014857 6
14.962246 8.098662 7.698369 6
8.666931 3.283762 2.618118 6
6.383353 1.689067 13.729182 1
11.574177 6.503967 17.220281 1
14.410000 7.940733 6.903793 1
9.219177 3.125833 3.412694 1
6.291181 0.208967 12.328615 6
11.666349 5.023867 18.620847 6
14.502173 9.420833 8.304360 6
9.127004 4.605933 2.012128 6
6.502654 9.182977 13.025597 1
11.454875 4.368077 17.923866 1
14.290699 0.446823 7.607378 1
9.338478 5.261723 2.709110 1
5.328318 9.260016 11.299649 6
12.629212 4.445116 19.649814 6
15.465035 0.369784 9.333326 6
8.164142 5.184684 0.983161 6
4.680954 8.670672 11.719530 1
13.276576 3.855772 19.229933 1
16.112400 0.959128 8.913445 1
7.516777 5.774028 1.403042 1
4.854513 0.334154 10.828185 1
13.103016 5.149054 20.121277 1
15.938840 9.295646 9.804790 1
7.690337 4.480746 0.511698 1
8.588249 7.902214 10.946412 6
9.369281 3.087314 20.003050 6
12.205104 1.727586 9.686563 6
11.424072 6.542486 0.629925 6
8.544882 7.152052 10.332994 1
9.412647 2.337152 20.616469 1
12.248471 2.477748 10.299981 1
11.380706 7.292648 0.016506 1
9.486264 8.265257 10.894211 1
8.471265 3.450357 20.055252 1
11.307089 1.364543 9.738764 1
12.322088 6.179443 0.577723 1
8.372955 7.382205 12.338107 6
9.584575 2.567305 18.611356 6
12.420398 2.247595 8.294869 6
11.208778 7.062495 2.021619 6
9.113624 7.890658 13.401324 6
8.843906 3.075758 17.548139 6
11.679729 1.739142 7.231651 6
11.949447 6.554042 3.084836 6
9.733647 8.566670 13.248433 1
8.223883 3.751770 17.701029 1
11.059707 1.063130 7.384542 1
12.569470 5.878030 2.931946 1
8.940262 7.407242 14.668395 6
9.017268 2.592342 16.281068 6
11.853091 2.222558 5.964580 6
11.776085 7.037458 4.351907 6
9.430563 7.767397 15.371567 1
8.526967 2.952497 15.577896 1
11.362790 1.862403 5.261409 1
12.266387 6.677303 5.055079 1
8.044283 6.389372 14.909594 6
9.913247 1.574472 16.039869 6
12.749071 3.240428 5.723381 6
10.880106 8.055328 4.593107 6
7.925260 6.066774 15.773910 1
10.032269 1.251874 15.175553 1
12.868093 3.563026 4.859066 1
10.761084 8.377926 5.457422 1
7.326864 5.852029 13.871549 6
10.630665 1.037129 17.077914 6
13.466489 3.777771 6.761426 6
10.162688 8.592671 3.555062 6
6.731927 5.154832 14.030423 1
11.225603 0.339932 16.919040 1
14.061427 4.474968 6.602552 1
9.567750 9.289868 3.713936 1
7.484385 6.344112 12.596638 6
10.473144 1.529212 18.352825 6
13.308968 3.285688 8.036338 6
10.320209 8.100588 2.280150 6
6.989642 5.977217 11.899037 1
10.967888 1.162317 19.050426 1
13.803711 3.652583 8.733938 1
9.825465 8.467483 1.582549 1
8.106336 9.417944 9.073763 6
15.522841 4.603044 1.242724 6
12.687018 0.211856 11.559212 6
5.270512 5.026756 19.390251 6
7.575944 0.427563 6.880685 6
16.053233 5.242463 3.435803 6
13.217409 9.202237 13.752291 6
4.740120 4.387337 17.197172 6
8.046303 1.263430 6.870781 1
15.582874 6.078330 3.445707 1
12.747051 8.366370 13.762194 1
5.210479 3.551470 17.187268 1
6.810214 0.484379 6.303374 1
16.818963 5.299279 4.013114 1
13.983139 9.145421 14.329601 1
3.974390 4.330521 16.619862 1
8.157653 9.358240 6.571603 1
15.471524 4.543340 3.744885 1
12.635700 0.271560 14.061373 1
5.321830 5.086460 16.888090 1
4.378261 1.652474 13.374295 6
13.579268 6.467374 17.575168 6
16.415092 7.977326 7.258681 6
7.214085 3.162426 3.057807 6
4.214925 2.542267 13.694106 1
13.742604 7.357167 17.255357 1
16.578428 7.087533 6.938870 1
7.050749 2.272633 3.377618 1
4.202628 1.020759 14.075816 1
13.754902 5.835659 16.873647 1
16.590726 8.609041 6.557160 1
7.038451 3.794141 3.759328 1
3.801534 1.469507 12.627381 1
14.155996 6.284407 18.322082 1
16.991819 8.160293 8.005594 1
6.637358 3.345393 2.310893 1
8.513073 2.858125 10.808790 6
9.444457 7.673025 20.140672 6
12.280280 6.771675 9.824185 6
11.348897 1.956775 0.492303 6
9.153013 2.429599 10.219513 1
14.476163 7.244499 0.096975 1
11.640340 7.200201 10.413463 1
6.317190 2.385301 20.536000 1
8.244692 3.693028 10.394893 1
9.712838 8.507928 20.554570 1
12.548661 5.936772 10.238082 1
11.080515 1.121872 0.078405 1
9.187516 3.161463 12.129301 6
8.770014 7.976363 18.820162 6
11.605837 6.468337 8.503674 6
12.023339 1.653437 1.812813 6
10.361598 4.083998 12.127031 6
7.595932 8.898898 18.822432 6
10.431755 5.545802 8.505944 6
13.197421 0.730902 1.810544 6
10.053155 4.968014 11.874277 1
7.904374 0.153114 19.075186 1
10.740198 4.661786 8.758698 1
12.888979 9.476686 1.557790 1
10.981522 3.785474 11.443048 1
6.976008 8.600374 19.506415 1
9.811831 5.844326 9.189927 1
13.817345 1.029426 1.126560 1
11.109671 4.199556 13.415560 6
6.847859 9.014456 17.533902 6
9.683682 5.430244 7.217415 6
13.945494 0.615344 3.099073 6
11.504145 3.337689 13.623954 1
6.453385 8.152589 17.325509 1
9.289209 6.292111 7.009022 1
14.339968 1.477211 3.307466 1
10.480880 4.413337 14.121208 1
7.476649 9.228237 16.828255 1
10.312473 5.216463 6.511767 1
13.316704 0.401563 3.804721 1
12.199348 5.239574 13.409371 6
5.758181 0.424674 17.540092 6
8.594005 4.390226 7.223605 6
15.035172 9.205126 3.092883 6
12.882994 4.981496 12.786255 1
5.074535 0.166596 18.163208 1
7.910359 4.648304 7.846720 1
15.718818 9.463204 2.469767 1
12.578605 5.312761 14.288335 1
5.378925 0.497861 16.661127 1
8.214748 4.317039 6.344640 1
15.414428 9.131939 3.971848 1
11.831001 6.086997 13.147332 1
6.126529 1.272097 17.802131 1
8.962353 3.542803 7.485643 1
14.666824 8.357703 2.830844 1
4.740017 7.362945 5.316911 6
18.889160 2.548045 4.999576 6
16.053336 2.266855 15.316064 6
1.904193 7.081755 15.633399 6
4.112872 7.220424 5.987689 1
19.516304 2.405524 4.328798 1
16.680481 2.409376 14.645286 1
1.277049 7.224276 16.304177 1
6.032129 6.856418 5.453295 6
17.597048 2.041518 4.863192 6
14.761224 2.773382 15.179680 6
3.196305 7.588282 15.769783 6
6.267306 6.368187 6.208462 1
17.361871 1.553287 4.108025 1
14.526047 3.261613 14.424513 1
3.431483 8.076513 16.524950 1
6.950530 7.080792 4.469102 6
16.678647 2.265892 5.847385 6
13.842824 2.549008 16.163873 6
4.114706 7.363908 14.785590 6
7.812530 6.740860 4.553698 1
15.816647 1.925960 5.762790 1
12.980823 2.888940 16.079278 1
4.976707 7.703840 14.870185 1
6.616269 7.795323 3.373491 6
17.012907 2.980423 6.942996 6
14.177084 1.834477 17.259484 6
3.780446 6.649377 13.689979 6
7.255493 7.960956 2.719426 1
16.373684 3.146056 7.597061 1
13.537860 1.668844 17.913549 1
4.419670 6.483744 13.035914 1
5.327409 8.285480 3.212761 6
18.301767 3.470580 7.103727 6
15.465944 1.344320 17.420215 6
2.491586 6.159220 13.529248 6
5.100494 8.755414 2.442944 1
18.528683 3.940514 7.873543 1
15.692860 0.874386 18.190031 1
2.264670 5.689286 12.759432 1
4.389160 8.077476 4.188288 6
19.240016 3.262576 6.128200 6
16.404193 1.552324 16.444688 6
1.553337 6.367224 14.504775 6
2.999203 8.602300 4.047777 6
20.629973 3.787400 6.268711 6
17.794150 1.027500 16.585198 6
0.163380 5.842400 14.364265 6
1.304076 0.522898 4.941391 6
22.325100 5.337798 5.375096 6
19.489277 9.106902 15.691584 6
-1.531747 4.292002 15.257879 6
1.430698 1.558102 6.079919 6
22.198478 6.373002 4.236569 6
19.362655 8.071698 14.553056 6
-1.405125 3.256798 16.396406 6
0.798699 2.292855 5.942297 1
22.830477 7.107755 4.374191 1
19.994654 7.336945 14.690678 1
-2.037124 2.522045 16.258784 1
1.340299 1.041944 7.521751 6
22.288877 5.856844 2.794736 6
19.453054 8.587856 13.111224 6
-1.495524 3.772956 17.838239 6
1.614345 0.101113 7.500086 1
22.014832 4.916013 2.816401 1
19.179008 9.528687 13.132889 1
-1.221479 4.713787 17.816574 1
2.419426 1.787291 8.280838 6
21.209750 6.602191 2.035649 6
18.373927 7.842509 12.352137 6
-0.416397 3.027609 18.597326 6
3.226540 2.643380 7.355862 6
20.402637 7.458280 2.960626 6
17.566813 6.986420 13.277113 6
0.390717 2.171520 17.672350 6
2.842135 3.543766 7.394858 1
20.787042 8.358666 2.921629 1
17.951218 6.086034 13.238117 1
0.006311 1.271134 17.711346 1
2.884934 2.077148 5.974072 6
20.744242 6.892048 4.342416 6
17.908419 7.552652 14.658904 6
0.049111 2.737752 16.290559 6
2.972061 2.757975 5.275852 1
20.657115 7.572875 5.040636 1
17.821292 6.871825 15.357123 1
0.136238 2.056925 15.592339 1
3.640048 0.807940 5.612788 6
19.989129 5.622840 4.703699 6
17.153306 8.821860 15.020187 6
0.804224 4.006960 15.929276 6
4.438794 1.014018 5.100471 1
19.190382 5.828918 5.216016 1
16.354559 8.615782 15.532504 1
1.602971 3.800882 15.416959 1
3.896036 0.318746 6.410665 1
19.733140 5.133646 3.905822 1
16.897317 9.311054 14.222310 1
1.060213 4.496154 16.727153 1
0.765607 1.161354 3.638419 6
22.863570 5.976254 6.678069 6
20.027747 8.468446 16.994556 6
-2.070217 3.653546 13.954906 6
0.719577 0.473786 2.956705 1
22.909600 5.288686 7.359782 1
20.073777 9.156014 17.676270 1
-2.116247 4.341114 13.273193 1
-0.139614 1.469507 3.800594 1
23.768791 6.284407 6.515894 1
20.932968 8.160293 16.832381 1
-2.975438 3.345393 14.117082 1
1.568381 2.312115 3.099898 6
22.060796 7.127015 7.216589 6
19.224972 7.317685 17.533077 6
-1.267443 2.502785 13.416386 6
2.692711 2.093519 2.333177 6
20.936466 6.908419 7.983311 6
18.100642 7.536281 18.299798 6
-0.143113 2.721381 12.649664 6
2.929239 1.225874 2.100437 1
20.699938 6.040774 8.216051 1
17.864114 8.403926 18.532538 1
0.093415 3.589026 12.416924 1
3.469470 3.154722 1.908550 6
20.159706 7.969622 8.407937 6
17.323883 6.475078 18.724425 6
0.633647 1.660178 12.225038 6
4.232471 2.997757 1.403042 1
19.396706 7.812657 8.913445 1
16.560883 6.632043 19.229933 1
1.396647 1.817143 11.719530 1
3.115246 4.432597 2.232488 6
20.513930 9.247497 8.084000 6
17.678107 5.197203 18.400487 6
0.279423 0.382303 12.548976 6
3.643798 5.147128 1.956006 1
19.985379 0.332228 8.360482 1
17.149555 4.482672 18.676969 1
0.807974 9.297572 12.272494 1
2.001050 4.657934 2.954642 6
21.628127 9.472834 7.361846 6
18.792303 4.971866 17.678333 6
-0.834774 0.156966 13.271130 6
1.758511 5.531357 3.163035 1
21.870666 0.716457 7.153452 1
19.034842 4.098443 17.469940 1
-1.077312 8.913343 13.479523 1
1.208146 3.615990 3.390823 6
22.421030 8.430890 6.925664 6
19.585207 6.013810 17.242152 6
-1.627677 1.198910 13.707311 6
0.434296 3.788363 3.878999 1
23.194881 8.603263 6.437488 1
20.359057 5.841437 16.753976 1
-2.401528 1.026537 14.195487 1
0.353462 9.009641 5.321657 6
23.275715 4.194741 4.994831 6
20.439891 0.620159 15.311318 6
-2.482362 5.435059 15.638145 6
0.191658 6.860270 6.284804 6
23.437518 2.045370 4.031683 6
20.601695 2.769530 14.348171 6
-2.644165 7.584430 16.601292 6
-0.452746 7.085607 6.961566 1
24.081922 2.270707 3.354922 1
21.246099 2.544193 13.671409 1
-3.288569 7.359093 17.278053 1
0.770514 6.166924 6.612869 1
22.858662 1.352024 3.703619 1
20.022839 3.462876 14.020107 1
-2.065309 8.277776 16.929356 1
-0.264992 6.553079 5.498688 1
23.894169 1.738179 4.817800 1
21.058346 3.076721 15.134287 1
-3.100816 7.891621 15.815175 1
4.692710 2.776271 7.713019 6
18.936467 7.591171 2.603469 6
16.100643 6.853529 12.919956 6
1.856887 2.038629 18.029506 6
4.774424 3.092129 8.616330 1
18.854753 7.907029 1.700157 1
16.018929 6.537671 12.016645 1
1.938600 1.722771 18.932818 1
5.112651 3.401245 7.116313 1
18.516526 8.216145 3.200174 1
15.680703 6.228555 13.516662 1
2.276827 1.413655 17.432801 1
5.121710 1.921145 7.632138 1
18.507467 6.736045 2.684350 1
15.671643 7.708655 13.000838 1
2.285886 2.893755 17.948625 1
-0.025843 1.082390 8.203465 6
23.655020 5.897290 2.113023 6
20.819196 8.547410 12.429511 6
-2.861667 3.732510 18.519952 6
-0.665430 0.610529 7.648644 1
24.294607 5.425429 2.667844 1
21.458783 9.019271 12.984331 1
-3.501253 4.204371 17.965131 1
0.034530 0.614381 9.049623 1
23.594646 5.429281 1.266865 1
20.758823 9.015419 11.583352 1
-2.801293 4.200519 19.366111 1
-0.537645 2.486414 8.455600 6
24.166822 7.301314 1.860888 6
21.330999 7.143386 12.177376 6
-3.373469 2.328486 18.772087 6
-1.963990 2.677084 8.927888 6
25.593166 7.491984 1.388599 6
22.757343 6.952716 11.705087 6
-4.799813 2.137816 19.244376 6
23.924322 2.712715 8.135582 1
-0.295146 7.527615 2.180905 1
-3.130969 6.917085 12.497393 1
21.088499 2.102185 18.452070 1
-2.494599 1.819069 9.777967 6
26.123776 6.633969 0.538521 6
23.287952 7.810731 10.855008 6
-5.330422 2.995831 20.094455 6
-1.892538 1.358765 10.399019 1
19.850067 6.173665 20.550443 1
22.685891 8.271035 10.233956 1
0.943286 3.456135 0.082532 1
-2.504429 3.253909 9.794473 6
26.133606 8.068809 0.522014 6
23.297782 6.375891 10.838502 6
-5.340253 1.560991 20.110961 6
-1.930157 3.686287 10.458855 1
19.887687 8.501187 20.490608 1
22.723510 5.943513 10.174120 1
0.905666 1.128613 0.142368 1
22.588609 2.472933 10.386640 6
-4.631079 7.287833 20.562823 6
-1.795255 7.156867 10.246335 6
25.424432 2.341967 0.070152 6
22.446351 2.447895 11.346073 1
-4.488822 7.262795 19.603390 1
-1.652998 7.181905 9.286902 1
25.282175 2.367005 1.029585 1
21.788549 2.461377 9.839866 1
1.840627 7.276277 0.476622 1
-0.995196 7.168423 10.793109 1
18.952726 2.353523 20.156353 1
