4.389914 9.619108 2.211726 8
4.698325 3.802108 5.172015 8
4.561964 2.014892 12.555756 8
4.253554 7.831892 9.595467 8
3.531574 11.558844 1.357132 7
5.556666 5.741844 6.026609 7
5.420305 0.075156 13.410350 7
3.395213 5.892156 8.740873 7
2.853494 10.783787 0.431949 6
6.234746 4.966787 6.951792 6
6.098385 0.850213 14.335533 6
2.717133 6.667213 7.815690 6
2.971610 9.860978 0.429734 1
6.116630 4.043978 6.954007 1
5.980269 1.773022 14.337748 1
2.835249 7.590022 7.813475 1
1.762329 11.345477 14.312348 6
7.053190 5.528477 7.838875 6
7.189550 0.288523 0.455134 6
1.898689 6.105523 6.928607 6
0.906152 10.698626 13.270650 6
7.909366 4.881626 8.880573 6
8.045727 0.935374 1.496832 6
1.042513 6.752374 5.886909 6
1.446137 10.247227 12.602569 1
7.369381 4.430227 9.548654 1
7.505742 1.386773 2.164913 1
1.582498 7.203773 5.218828 1
0.292770 10.059920 13.667305 1
8.522748 4.242920 8.483918 1
8.659108 1.574080 1.100177 1
0.429131 7.391080 6.283564 1
0.171743 0.223373 12.678326 6
8.643775 6.040373 9.472897 6
8.780136 11.410627 2.089156 6
0.308104 5.593627 5.294585 6
8.408755 0.201268 11.709432 6
0.406763 6.018268 10.441791 6
0.543124 11.432732 3.058050 6
8.545116 5.615732 4.325691 6
8.145734 11.034849 11.316321 1
0.669784 5.217849 10.834902 1
0.806145 0.599151 3.451161 1
8.282095 6.416151 3.932580 1
7.822475 1.397243 11.337882 6
0.993043 7.214243 10.813341 6
1.129404 10.236757 3.429600 6
7.958835 4.419757 3.954141 6
7.158328 1.398407 10.687227 1
1.657191 7.215407 11.463996 1
1.793551 10.235593 4.080255 1
7.294688 4.418593 3.303486 1
8.206616 2.587402 11.915734 6
0.608902 8.404402 10.235489 6
0.745263 9.046598 2.851748 6
8.342977 3.229598 4.531993 6
7.791667 3.378514 11.657450 1
1.023852 9.195514 10.493773 1
1.160212 8.255486 3.110032 1
7.928027 2.438486 4.273709 1
-0.030082 2.619977 12.867645 6
8.845600 8.436977 9.283578 6
8.981961 9.014023 1.899837 6
0.106278 3.197023 5.483904 6
0.234099 3.426213 13.247908 1
8.581420 9.243213 8.903315 1
8.717780 8.207787 1.519574 1
0.370459 2.390787 5.864167 1
0.569732 1.425165 13.255587 6
8.245786 7.242165 8.895636 6
8.382147 10.208835 1.511895 6
0.706093 4.391835 5.871846 6
1.574654 1.130127 14.284881 6
7.240864 6.947127 7.866342 6
7.377225 10.503873 0.482601 6
1.711015 4.686873 6.901140 6
2.520215 1.924147 0.396655 6
6.568024 7.741147 6.987086 6
6.431664 9.709853 14.370827 6
2.383855 3.892853 7.780396 6
3.385998 1.316387 1.367764 6
5.702242 7.133387 6.015977 6
5.565881 10.317613 13.399718 6
3.249637 4.500613 8.751505 6
4.067275 2.019662 2.339612 6
5.020965 7.836662 5.044129 6
4.884604 9.614338 12.427870 6
3.930914 3.797338 9.723353 6
4.010631 2.946892 2.359844 1
5.077609 8.763892 5.023897 1
4.941248 8.687108 12.407638 1
3.874270 2.870108 9.743585 1
4.833892 1.362341 3.285765 6
4.254347 7.179341 4.097976 6
4.117987 10.271659 11.481717 6
4.697532 4.454659 10.669506 6
5.259788 1.853296 3.950301 1
3.828451 7.670296 3.433440 1
3.692090 9.780704 10.817181 1
5.123428 3.963704 11.334042 1
4.975495 0.017451 3.260512 6
4.112744 5.834451 4.123229 6
3.976384 11.616549 11.506970 6
4.839134 5.799549 10.644253 6
5.517187 11.245424 3.898615 1
3.571053 5.428424 3.485126 1
3.434692 0.388576 10.868867 1
5.380826 6.205576 11.282356 1
4.340808 10.851032 2.313326 6
4.747431 5.034032 5.070415 6
4.611071 0.782968 12.454156 6
4.204448 6.599968 9.697067 6
2.386644 3.417022 0.386613 6
6.701596 9.234022 6.997128 6
6.565235 8.216978 14.380869 6
2.250283 2.399978 7.770354 6
1.574880 4.065036 1.285657 6
7.513359 9.882036 6.098084 6
7.376999 7.568964 13.481825 6
1.438519 1.751964 8.669398 6
1.114718 3.573965 1.927156 1
7.973522 9.390965 5.456585 1
7.837161 8.060035 12.840326 1
0.978357 2.243035 9.310897 1
1.437256 5.435405 1.245342 6
7.650984 11.252405 6.138399 6
7.514623 6.198595 13.522140 6
1.300895 0.381595 8.629083 6
0.880827 5.863536 1.854796 1
8.207413 0.046536 5.528945 1
8.071052 5.770464 12.912686 1
0.744466 11.587464 9.238537 1
2.114004 6.163693 0.314547 6
6.974235 0.346693 7.069194 6
6.837875 5.470307 14.452935 6
1.977644 11.287307 7.698288 6
2.020350 7.088596 0.290919 1
7.067890 1.271596 7.092822 1
6.931529 4.545404 14.476563 1
1.883989 10.362404 7.674660 1
2.654870 5.537784 14.184166 6
6.160648 11.354784 7.967057 6
6.297009 6.096216 0.583316 6
2.791230 0.279216 6.800425 6
3.120393 6.036883 13.552118 1
5.695126 0.219883 8.599105 1
5.831486 5.597117 1.215364 1
3.256753 11.414117 6.168377 1
2.788092 4.161482 14.213111 6
6.027426 9.978482 7.938112 6
6.163787 7.472518 0.554371 6
2.924453 1.655518 6.829370 6
3.336407 3.736841 13.593467 1
5.479111 9.553841 8.557756 1
5.615472 7.897159 1.174015 1
3.472768 2.080159 6.209726 1
