1.834756 4.712846 6.213868 8
16.765379 9.986846 3.206793 8
13.794513 5.835154 12.627453 8
-1.136109 0.561154 15.634528 8
4.482032 1.919736 8.565265 8
14.118102 7.193736 0.855396 8
11.147237 8.628264 10.276056 8
1.511167 3.354264 17.985925 8
-2.137329 1.402884 18.570006 8
14.795734 6.676884 9.691976 8
17.766599 9.145116 0.271315 8
0.833536 3.871116 9.149345 8
1.264369 9.159883 2.228928 8
17.335766 3.885883 7.191732 8
14.364901 1.388117 16.612393 8
-1.706497 6.662117 11.649589 8
3.232039 3.343716 7.323621 7
15.368096 8.617716 2.097039 7
12.397230 7.204284 11.517700 7
0.261174 1.930284 16.744282 7
2.596773 10.526904 0.938298 7
16.003362 5.252904 8.482363 7
13.032497 0.021096 17.903023 7
-0.374092 5.295096 10.358958 7
2.120683 2.594808 5.266149 6
16.479452 7.868808 4.154511 6
13.508587 7.953192 13.575172 6
-0.850182 2.679192 14.686810 6
3.202114 2.088504 4.593514 6
15.398021 7.362504 4.827146 6
12.427156 8.459496 14.247807 6
0.231249 3.185496 14.014175 6
3.102333 1.170828 3.576083 6
15.497802 6.444828 5.844578 6
12.526937 9.377172 15.265238 6
0.131468 4.103172 12.996743 6
1.860631 0.738360 3.197372 6
16.739503 6.012360 6.223288 6
13.768638 9.809640 15.643949 6
-1.110234 4.535640 12.618033 6
0.698199 1.170828 3.873776 6
17.901936 6.444828 5.546885 6
14.931070 9.377172 14.967545 6
-2.272666 4.103172 13.294436 6
-0.619130 0.675072 3.536516 6
19.219265 5.949072 5.884145 6
16.248399 9.872928 15.304805 6
-3.589995 4.598928 12.957176 6
19.863128 1.107540 4.163932 6
-1.262993 6.381540 5.256729 6
-4.233859 9.440460 14.677389 6
16.892263 4.166460 13.584592 6
-1.570012 2.130696 5.170058 6
20.170147 7.404696 4.250602 6
17.199282 8.417304 13.671263 6
-4.540877 3.143304 14.590719 6
-0.334653 2.615904 5.507318 6
18.934788 7.889904 3.913342 6
15.963922 7.932096 13.334003 6
-3.305518 2.658096 14.927979 6
0.835090 2.130696 4.876134 6
17.765045 7.404696 4.544527 6
14.794179 8.417304 13.965187 6
-2.135775 3.143304 14.296794 6
2.306464 3.617964 6.311843 6
16.293671 8.891964 3.108818 6
13.322806 6.930036 12.529478 6
-0.664402 1.656036 15.732503 6
1.824788 10.252656 2.113996 6
16.775346 4.978656 7.306664 6
13.804481 0.295344 16.727325 6
-1.146077 5.569344 11.534657 6
3.543113 2.046312 7.807843 6
15.057021 7.320312 1.612817 6
12.086156 8.501688 11.033478 6
0.572248 3.227688 17.228504 6
2.740027 0.864936 7.385798 6
15.860108 6.138936 2.034863 6
12.889243 9.683064 11.455523 6
-0.230838 4.409064 16.806458 6
1.470205 0.896580 7.787118 6
17.129930 6.170580 1.633543 6
14.159065 9.651420 11.054203 6
-1.500660 4.377420 17.207778 6
0.591258 10.358136 7.544065 6
18.008877 5.084136 1.876596 6
15.038012 0.189864 11.297256 6
-2.379607 5.463864 16.964725 6
1.077019 9.261144 6.845052 6
17.523115 3.987144 2.575609 6
14.552250 1.286856 11.996269 6
-1.893846 6.560856 16.265712 6
2.468543 9.250596 6.468225 6
16.131592 3.976596 2.952435 6
13.160727 1.297404 12.373095 6
-0.502322 6.571404 15.888886 6
2.943080 8.037576 5.784286 6
15.657055 2.763576 3.636375 6
12.686190 2.510424 13.057035 6
-0.027785 7.784424 15.204946 6
4.208923 8.121960 5.463983 6
14.391212 2.847960 3.956677 6
11.420346 2.426040 13.377338 6
1.238058 7.700040 14.884644 6
5.114259 9.071280 5.671238 6
13.485876 3.797280 3.749423 6
10.515011 1.476720 13.170083 6
2.143394 6.750720 15.091898 6
4.686236 10.242108 6.406049 6
13.913899 4.968108 3.014611 6
10.943034 0.305892 12.435272 6
1.715370 5.579892 15.826710 6
3.321411 10.284300 6.773455 6
15.278724 5.010300 2.647206 6
12.307859 0.263700 12.067866 6
0.350546 5.537700 16.194115 6
3.898893 4.493448 7.979299 6
14.701242 9.767448 1.441361 6
11.730377 6.054552 10.862022 6
0.928027 0.780552 17.399960 6
5.257944 4.757148 7.199269 6
13.342191 10.031148 2.221392 6
10.371326 5.790852 11.642052 6
2.287079 0.516852 16.619929 6
6.060669 5.811948 7.800307 6
12.539466 0.537948 1.620354 6
9.568601 4.736052 11.041014 6
3.089803 10.010052 17.220967 6
7.428168 6.044004 6.952447 6
11.171967 0.770004 2.468213 6
8.201102 4.503996 11.888874 6
4.457302 9.777996 16.373108 6
8.267498 6.645240 7.574211 6
10.332636 1.371240 1.846449 6
7.361771 3.902760 11.267110 6
5.296633 9.176760 16.994872 6
9.733165 6.349896 6.688669 6
8.866970 1.075896 2.731992 6
5.896105 4.198104 12.152652 6
6.762300 9.472104 16.109329 6
9.986721 7.278120 6.500256 6
8.613414 2.004120 2.920405 6
5.642549 3.269880 12.341065 6
7.015856 8.543880 15.920916 6
11.569284 7.257024 5.859651 6
7.030851 1.983024 3.561010 6
4.059986 3.290976 12.981670 6
8.598419 8.564976 15.280311 6
2.875776 1.265760 0.450308 6
15.724359 6.539760 8.970353 6
12.753494 9.282240 18.391013 6
-0.095090 4.008240 9.870968 6
1.975412 2.331108 0.849744 6
16.624723 7.605108 8.570917 6
13.653858 8.216892 17.991577 6
-0.995453 2.942892 10.270404 6
2.428067 3.512484 1.398026 6
16.172068 8.786484 8.022634 6
13.201203 7.035516 17.443295 6
-0.542799 1.761516 10.818687 6
3.814087 3.712896 1.654268 6
14.786048 8.986896 7.766393 6
11.815183 6.835104 17.187053 6
0.843222 1.561104 11.074928 6
4.297406 4.852080 2.242117 6
14.302729 10.126080 7.178543 6
11.331864 5.695920 16.599204 6
1.326541 0.421920 11.662778 6
3.404211 5.833044 2.543578 6
15.195923 0.559044 6.877082 6
12.225058 4.714956 16.297743 6
0.433346 9.988956 11.964239 6
2.083085 5.748660 2.355165 6
16.517050 0.474660 7.065495 6
13.546185 4.799340 16.486156 6
-0.887780 10.073340 11.775826 6
1.525365 4.535640 1.729633 6
17.074770 9.809640 7.691027 6
14.103905 6.012360 17.111688 6
-1.445500 0.738360 11.150294 6
0.195558 4.366872 1.431940 6
18.404576 9.640872 7.988720 6
15.433711 6.181128 17.409381 6
-2.775307 0.907128 10.852601 6
-0.297087 3.227688 0.942066 6
-2.673779 8.501688 8.478594 6
-5.644644 7.320312 17.899255 6
-3.267952 2.046312 10.362727 6
0.616310 2.193984 0.576544 6
17.983825 7.467984 8.844116 6
15.012960 8.354016 18.264777 6
-2.354555 3.080016 9.997205 6
3.309676 9.377172 0.346680 6
15.290459 4.103172 9.073980 6
12.319594 1.170828 18.494641 6
0.338811 6.444828 9.767341 6
4.652722 9.155664 1.115406 6
13.947413 3.881664 8.305254 6
10.976548 1.392336 17.725915 6
1.681856 6.666336 10.536067 6
5.487016 8.079768 0.521905 6
13.113119 2.805768 8.898756 6
10.142254 2.468232 18.319416 6
2.516151 7.742232 9.942565 6
6.748028 7.784424 1.311356 6
11.852107 2.510424 8.109305 6
8.881242 2.763576 17.529965 6
3.777162 8.037576 10.732016 6
7.641688 6.687432 0.734812 6
10.958447 1.413432 8.685849 6
7.987582 3.860568 18.106509 6
4.670822 9.134568 10.155472 6
8.816725 6.476472 1.865291 6
9.783410 1.202472 7.555370 6
6.812545 4.071528 16.976030 6
5.845860 9.345528 11.285951 6
9.602710 6.276060 1.356575 6
8.997424 1.002060 8.064085 6
6.026559 4.271940 17.484746 6
6.631845 9.545940 10.777236 6
10.590196 5.854140 2.260959 6
8.009938 0.580140 7.159702 6
5.039073 4.693860 16.580362 6
7.619331 9.967860 11.681619 6
4.062990 2.400725 4.845988 1
14.537145 7.674725 4.574673 1
11.566280 8.147275 13.995333 1
1.092125 2.873275 14.266648 1
3.887091 0.844895 3.146501 1
14.713044 6.118895 6.274160 1
11.742178 9.703105 15.694820 1
0.916226 4.429105 12.567161 1
-0.696591 0.027425 2.845039 1
19.296726 5.301425 6.575621 1
16.325861 10.520575 15.996282 1
-3.667456 5.246575 12.265700 1
19.006217 0.751018 3.960446 1
-0.406082 6.025018 5.460215 1
-3.376948 9.796982 14.880875 1
16.035352 4.522982 13.381106 1
19.219575 2.474561 5.595872 1
-0.619440 7.748561 3.824788 1
-3.590305 8.073439 13.245449 1
16.248710 2.799439 15.016533 1
-0.264787 3.284647 6.181837 1
18.864921 8.558647 3.238823 1
15.894056 7.263353 12.659484 1
-3.235652 1.989353 15.602498 1
4.425477 3.024112 1.418751 1
14.174658 8.298112 8.001909 1
11.203793 7.523888 17.422570 1
1.454611 2.249888 10.839412 1
5.223409 4.965998 2.424878 1
13.376726 10.239998 6.995782 1
10.405861 5.582002 16.416443 1
2.252544 0.308002 11.845539 1
3.736805 6.652624 2.918521 1
14.863330 1.378624 6.502140 1
11.892465 3.895376 15.922800 1
0.765940 9.169376 12.339181 1
1.515961 6.466979 2.607639 1
17.084174 1.192979 6.813022 1
14.113309 4.081021 16.233682 1
-1.454904 9.355021 12.028299 1
-0.513017 4.928026 1.893553 1
19.113152 10.202026 7.527108 1
16.142287 5.619974 16.947768 1
-3.483882 0.345974 11.314213 1
20.349719 3.109550 0.808293 1
-1.749584 8.383550 8.612368 1
-4.720449 7.438450 18.033028 1
17.378854 2.164450 10.228953 1
0.302291 1.400774 0.156383 1
18.297844 6.674774 9.264278 1
15.326979 9.147226 18.684938 1
-2.668574 3.873226 9.577043 1
1.132870 1.669748 8.241194 1
17.467265 6.943748 1.179467 1
14.496400 8.878252 10.600127 1
-1.837995 3.604252 17.661854 1
-0.301782 10.376068 7.858715 1
18.901917 5.102068 1.561946 1
15.931052 0.171932 10.982606 1
-3.272647 5.445932 17.279375 1
0.507067 8.534387 6.620840 1
18.093068 3.260387 2.799820 1
15.122202 2.013613 12.220481 1
-2.463798 7.287613 16.041501 1
2.402759 7.296052 5.616598 1
16.197376 2.022052 3.804063 1
13.226511 3.251948 13.224723 1
-0.568106 8.525948 15.037258 1
4.546542 7.362504 4.981645 1
14.053593 2.088504 4.439015 1
11.082728 3.185496 13.859676 1
1.575677 8.459496 14.402306 1
6.018614 8.991115 5.375429 1
12.581521 3.717115 4.045232 1
9.610656 1.556885 13.465892 1
3.047749 6.830885 14.796089 1
5.276570 0.394495 6.634029 1
13.323564 5.668495 2.786631 1
10.352699 10.153505 12.207292 1
2.305705 4.879505 16.054690 1
3.339364 5.256068 7.934080 1
15.260771 10.530068 1.486580 1
12.289906 5.291932 10.907241 1
0.368499 0.017932 17.354741 1
4.079998 4.282488 8.889335 1
14.520137 9.556488 0.531325 1
11.549272 6.265512 9.951986 1
1.109133 0.991512 18.309996 1
5.767239 3.957610 7.191732 1
12.832896 9.231610 2.228928 1
9.862031 6.590390 11.649589 1
2.796374 1.316390 16.612393 1
5.050889 5.014519 6.309958 1
13.549246 10.288519 3.110702 1
10.578381 5.533481 12.531363 1
2.080024 0.259481 15.730619 1
5.567816 6.616760 7.817264 1
13.032318 1.342760 1.603396 1
10.061453 3.931240 11.024057 1
2.596951 9.205240 17.237925 1
6.293609 5.557741 8.689617 1
12.306526 0.283741 0.731043 1
9.335661 4.990259 10.151704 1
3.322744 10.264259 18.110278 1
7.782707 5.213876 6.703742 1
10.817428 10.487876 2.716918 1
7.846563 5.334124 12.137579 1
4.811842 0.060124 16.124403 1
7.223257 6.568240 6.193142 1
11.376878 1.294240 3.227518 1
8.406013 3.979760 12.648179 1
4.252391 9.253760 15.613803 1
8.342660 6.280279 8.437144 1
10.257475 1.006279 0.983517 1
7.286609 4.267721 10.404177 1
5.371795 9.541721 17.857804 1
8.076640 7.553423 7.591168 1
10.523495 2.279423 1.829492 1
7.552629 2.994577 11.250153 1
5.105775 8.268577 17.011829 1
9.595473 5.867852 5.880376 1
9.004662 0.593852 3.540284 1
6.033797 4.680148 12.960945 1
6.624608 9.954148 15.301037 1
10.392591 5.907935 7.210574 1
8.207544 0.633935 2.210087 1
5.236679 4.640065 11.630747 1
7.421726 9.914065 16.631234 1
9.961817 7.779150 7.317969 1
8.638318 2.505150 2.102691 1
5.667453 2.768850 11.523352 1
6.990952 8.042850 16.738630 1
9.377980 7.664177 5.886029 1
9.222155 2.390177 3.534632 1
6.251289 2.883823 12.955292 1
6.407115 8.157823 15.306689 1
11.529269 7.169476 4.919469 1
7.070866 1.895476 4.501192 1
4.100001 3.378524 13.921852 1
8.558403 8.652524 14.340129 1
12.030722 8.034412 6.106472 1
6.569413 2.760412 3.314188 1
3.598547 2.513588 12.734849 1
9.059857 7.787588 15.527133 1
12.036651 6.487020 6.217636 1
6.563484 1.213020 3.203025 1
3.592619 4.060980 12.623685 1
9.065786 9.334980 15.638296 1
2.770956 8.595565 0.420161 1
15.829179 3.321565 9.000499 1
12.858314 1.952435 18.421160 1
-0.199909 7.226435 9.840822 1
-2.444670 9.548050 18.272313 1
15.103075 4.274050 9.989668 1
18.073940 0.999950 0.569008 1
0.526195 6.273950 8.851653 1
5.137694 9.971024 1.109754 1
13.462440 4.697024 8.310907 1
10.491575 0.576976 17.731567 1
2.166829 5.850976 10.530414 1
4.444800 8.919389 2.014137 1
14.155335 3.645389 7.406523 1
11.184470 1.628611 16.827184 1
1.473934 6.902611 11.434798 1
4.986543 7.286558 0.467265 1
13.613592 2.012558 8.953396 1
10.642727 3.261442 18.374056 1
2.015678 8.535442 9.887925 1
-0.183332 8.354016 18.488988 1
12.841737 3.080016 9.772993 1
15.812602 2.193984 0.352333 1
2.787533 7.467984 9.068328 1
7.266352 8.586072 1.364112 1
11.333783 3.312072 8.056549 1
8.362918 1.961928 17.477209 1
4.295486 7.235928 10.784772 1
6.492120 7.528108 2.191246 1
12.108015 2.254108 7.229415 1
9.137150 3.019892 16.650075 1
3.521255 8.293892 11.611906 1
7.138063 5.895277 0.621764 1
11.462072 0.621277 8.798897 1
8.491207 4.652723 18.219557 1
4.167198 9.926723 10.042424 1
2.066872 6.968009 18.754651 1
10.591533 1.694009 9.507331 1
13.562398 3.579991 0.086670 1
5.037737 8.853991 9.333990 1
8.781061 7.181078 2.422994 1
9.819074 1.907078 6.997667 1
6.848209 3.366922 16.418327 1
5.810196 8.640922 11.843654 1
8.618013 5.646344 2.262843 1
9.982122 0.372344 7.157818 1
7.011257 4.901656 16.578478 1
5.647148 10.175656 11.683503 1
9.601910 5.908990 0.606691 1
8.998225 0.634990 8.813970 1
6.027359 4.639010 18.234630 1
6.631045 9.913010 10.027351 1
9.962585 7.287613 1.220918 1
8.637550 2.013613 8.199743 1
5.666685 3.260387 17.620403 1
6.991719 8.534387 10.641578 1
10.378826 4.861573 2.315598 1
8.221308 10.135573 7.105062 1
5.250443 5.686427 16.525723 1
7.407961 0.412427 11.736259 1
11.450944 5.912154 1.925583 1
7.149191 0.638154 7.495077 1
4.178326 4.635846 16.915738 1
8.480079 9.909846 11.346244 1
10.510422 6.174799 3.129543 1
8.089713 0.900799 6.291117 1
5.118848 4.373201 15.711778 1
7.539556 9.647201 12.550204 1
