0.352412 0.724813 2.939553 27
0.433765 7.688813 12.990393 27
7.507765 13.203187 12.990393 27
7.426412 6.239187 2.939553 27
1.063846 0.251261 5.212915 27
-0.277669 7.215261 10.717030 27
6.796331 13.676739 10.717030 27
8.137846 6.712739 5.212915 27
1.985039 2.035299 2.431069 15
-1.198861 8.999299 13.498876 15
5.875139 11.892701 13.498876 15
9.059039 4.928701 2.431069 15
3.053177 0.996270 4.867076 15
-2.267000 7.960270 11.062869 15
4.807000 12.931730 11.062869 15
10.127177 5.967730 4.867076 15
0.612944 11.944653 1.898849 8
0.173233 4.980653 14.031096 8
7.247233 1.983347 14.031096 8
7.686944 8.947347 1.898849 8
12.526180 1.757714 1.094387 8
2.407997 8.721714 14.835558 8
-4.666003 12.170286 14.835558 8
5.452180 5.206286 1.094387 8
1.200750 11.269145 5.108733 8
-0.414573 4.305145 10.821212 8
6.659427 2.658855 10.821212 8
8.274750 9.622855 5.108733 8
0.657500 0.622582 8.047808 8
0.128677 7.586582 7.882137 8
7.202677 13.305418 7.882137 8
7.731500 6.341418 8.047808 8
3.215723 2.048809 3.566715 7
-2.429546 9.012809 12.363231 7
4.644454 11.879191 12.363231 7
10.289723 4.915191 3.566715 7
1.601579 3.704848 2.322586 7
-0.815402 10.668848 13.607359 7
6.258598 10.223152 13.607359 7
8.675579 3.259152 2.322586 7
2.755412 1.903958 0.933495 7
-1.969235 8.867958 14.996451 7
5.104765 12.024042 14.996451 7
9.829412 5.060042 0.933495 7
3.832761 1.848246 6.121878 7
-3.046584 8.812246 9.808067 7
4.027416 12.079754 9.808067 7
10.906761 5.115754 6.121878 7
4.287681 13.776185 4.560743 7
-3.501503 6.812185 11.369202 7
3.572497 0.151815 11.369202 7
11.361681 7.115815 4.560743 7
4.436064 2.880310 3.381927 6
-3.649887 9.844310 12.548018 6
3.424113 11.047690 12.548018 6
11.510064 4.083690 3.381927 6
3.167028 2.757744 6.937491 6
-2.380851 9.721744 8.992454 6
4.693149 11.170256 8.992454 6
10.241028 4.206256 6.937491 6
4.087758 3.348291 7.719652 6
10.846420 10.312291 8.210294 6
3.772420 10.579709 8.210294 6
-2.986242 3.615709 7.719652 6
5.317530 2.849669 7.424948 6
9.616647 9.813669 8.504998 6
2.542647 11.078331 8.504998 6
-1.756470 4.114331 7.424948 6
5.159690 1.947134 6.462779 6
9.774487 8.911134 9.467167 6
2.700487 11.980866 9.467167 6
-1.914310 5.016866 6.462779 6
4.748263 13.394558 3.343696 6
-3.962086 6.430558 12.586250 6
3.111914 0.533442 12.586250 6
11.822263 7.497442 3.343696 6
5.456294 12.235748 3.499809 6
-4.670116 5.271748 12.430136 6
2.403884 1.692252 12.430136 6
12.530294 8.656252 3.499809 6
5.390285 11.886155 4.828366 6
9.543893 4.922155 11.101579 6
2.469893 2.041845 11.101579 6
-1.683715 9.005845 4.828366 6
4.665443 12.804010 5.478308 6
-3.879265 5.840010 10.451637 6
3.194735 1.123990 10.451637 6
11.739443 8.087990 5.478308 6
2.961180 0.710328 0.301076 6
-2.175002 7.674328 15.628869 6
4.898998 13.217672 15.628869 6
10.035180 6.253672 0.301076 6
-2.540340 0.880250 15.163715 6
3.326518 7.844250 0.766230 6
10.400518 13.047750 0.766230 6
4.533660 6.083750 15.163715 6
-2.220125 2.229873 15.101588 6
3.006302 9.193873 0.828357 6
10.080302 11.698127 0.828357 6
4.853875 4.734127 15.101588 6
3.477109 2.844098 0.191159 6
-2.690932 9.808098 15.738786 6
4.383068 11.083902 15.738786 6
10.551109 4.119902 0.191159 6
1.612909 4.610168 3.354847 6
-0.826732 11.574168 12.575099 6
6.247268 9.317832 12.575099 6
8.686909 2.353832 3.354847 6
0.924369 5.695159 2.962970 6
-0.138192 12.659159 12.966976 6
6.935808 8.232841 12.966976 6
7.998369 1.268841 2.962970 6
0.434048 5.465347 1.699725 6
0.352129 12.429347 14.230220 6
7.426129 8.462653 14.230220 6
7.508048 1.498653 1.699725 6
0.828773 4.252218 1.312628 6
-0.042596 11.216218 14.617318 6
7.031404 9.675782 14.617318 6
7.902773 2.711782 1.312628 6
-0.070060 1.676931 4.571894 6
0.856238 8.640931 11.358051 6
7.930238 12.251069 11.358051 6
7.003940 5.287069 4.571894 6
-0.756710 0.550156 4.533662 6
1.542888 7.514156 11.396283 6
8.616888 13.377844 11.396283 6
6.317290 6.413844 4.533662 6
12.098323 13.898751 4.866598 6
2.835854 6.934751 11.063347 6
-4.238146 0.029249 11.063347 6
5.024323 6.993249 4.866598 6
11.290326 0.564084 5.795314 6
3.643852 7.528084 10.134631 6
-3.430148 13.363916 10.134631 6
4.216326 6.399916 5.795314 6
10.055366 0.022285 6.128250 6
4.878811 6.986285 9.801695 6
-2.195189 13.905715 9.801695 6
2.981366 6.941715 6.128250 6
9.615514 12.810974 5.529284 6
5.318663 5.846974 10.400661 6
-1.755337 1.117026 10.400661 6
2.541514 8.081026 5.529284 6
10.407634 12.212070 4.608533 6
4.526543 5.248070 11.321412 6
-2.547457 1.715930 11.321412 6
3.333634 8.679930 4.608533 6
11.627817 12.752477 4.277190 6
3.306360 5.788477 11.652755 6
-3.767640 1.175523 11.652755 6
4.553817 8.139523 4.277190 6
0.546610 13.017109 2.274796 6
0.239568 6.053109 13.655149 6
7.313568 0.910891 13.655149 6
7.620610 7.874891 2.274796 6
13.310459 1.341266 1.806456 6
1.623719 8.305266 14.123490 6
-5.450281 12.586734 14.123490 6
6.236459 5.622734 1.806456 6
1.202008 12.394527 5.148558 6
-0.415831 5.430527 10.781387 6
6.658169 1.533473 10.781387 6
8.276008 8.497473 5.148558 6
0.849272 0.456838 6.931119 6
-0.063094 7.420838 8.998826 6
7.010906 13.471162 8.998826 6
7.923272 6.507162 6.931119 6
4.492821 3.443002 4.015939 1
-3.706643 10.407002 11.914006 1
3.367357 10.484998 11.914006 1
11.566821 3.520998 4.015939 1
5.176948 2.415115 3.415380 1
-4.390771 9.379115 12.514565 1
2.683229 11.512885 12.514565 1
12.250948 4.548885 3.415380 1
4.509154 3.195083 2.598174 1
-3.722976 10.159083 13.331771 1
3.351024 10.732917 13.331771 1
11.583154 3.768917 2.598174 1
2.291423 2.841312 6.825982 1
-1.505246 9.805312 9.103964 1
5.568754 11.086688 9.103964 1
9.365423 4.122688 6.825982 1
3.785154 3.947195 8.310653 1
-2.998977 10.911195 7.619293 1
4.075023 9.980805 7.619293 1
10.859154 3.016805 8.310653 1
6.096617 2.979199 7.816824 1
8.837560 9.943199 8.113121 1
1.763560 10.948801 8.113121 1
-0.977383 3.984801 7.816824 1
5.765377 1.422049 5.978509 1
9.168801 8.386049 9.951437 1
2.094801 12.505951 9.951437 1
-1.308623 5.541951 5.978509 1
4.610390 13.833290 2.571093 1
-3.824213 6.869290 13.358852 1
3.249787 0.094710 13.358852 1
11.684390 7.058710 2.571093 1
5.723525 11.841586 2.722428 1
-4.937348 4.877586 13.207518 1
2.136652 2.086414 13.207518 1
12.797525 9.050414 2.722428 1
5.827933 11.202290 5.196348 1
9.106244 4.238290 10.733597 1
2.032244 2.725710 10.733597 1
-1.246067 9.689710 5.196348 1
4.433425 12.844402 6.381536 1
-3.647248 5.880402 9.548409 1
3.426752 1.083598 9.548409 1
11.507425 8.047598 6.381536 1
-2.312878 0.151815 14.612539 1
3.099055 7.115815 1.317406 1
10.173055 13.776185 1.317406 1
4.761122 6.812185 14.612539 1
-1.723064 2.643534 14.566342 1
2.509242 9.607534 1.363603 1
9.583242 11.284466 1.363603 1
5.350936 4.320466 14.566342 1
3.439856 3.700670 0.511351 1
-2.653679 10.664670 15.418594 1
4.420321 10.227330 15.418594 1
10.513856 3.263330 0.511351 1
2.588462 13.886216 0.589408 1
-1.802284 6.922216 15.340537 1
5.271716 0.041784 15.340537 1
9.662462 7.005784 0.589408 1
2.050091 4.417962 4.129042 1
-1.263914 11.381962 11.800904 1
5.810086 9.510038 11.800904 1
9.124091 2.546038 4.129042 1
0.822038 6.369274 3.555564 1
-0.035861 13.333274 12.374382 1
7.038139 7.558726 12.374382 1
7.896038 0.594726 3.555564 1
-0.099023 6.001575 1.189967 1
0.885200 12.965575 14.739979 1
7.959200 7.926425 14.739979 1
6.974977 0.962425 1.189967 1
0.755980 3.767524 0.482677 1
0.030197 10.731524 15.447268 1
7.104197 10.160476 15.447268 1
7.829980 3.196476 0.482677 1
-0.156360 2.541860 4.829959 1
0.942538 9.505860 11.099986 1
8.016538 11.386140 11.099986 1
6.917640 4.422140 4.829959 1
11.628625 1.288340 6.257283 1
3.305552 8.252340 9.672663 1
-3.768448 12.639660 9.672663 1
4.554625 5.675660 6.257283 1
9.577957 0.433161 6.760669 1
5.356220 7.397161 9.169277 1
-1.717780 13.494839 9.169277 1
2.503957 6.530839 6.760669 1
8.791947 12.462774 5.841511 1
6.142231 5.498774 10.088434 1
-0.931769 1.465226 10.088434 1
1.717947 8.429226 5.841511 1
10.113351 11.386140 4.149751 1
4.820826 4.422140 11.780195 1
-2.253174 2.541860 11.780195 1
3.039351 9.505860 4.149751 1
12.129436 12.361100 3.662294 1
2.804742 5.397100 12.267651 1
-4.269258 1.566900 12.267651 1
5.055436 8.530900 3.662294 1
