6.520877 3.411673 10.063812 40
2.709238 8.048713 1.770913 40
5.668848 5.406951 10.998602 17
3.561267 6.053435 0.836123 17
2.194576 3.596272 11.483944 17
7.035539 7.864114 0.350781 17
4.592222 2.703655 8.921489 17
4.637892 8.756731 2.913236 17
1.188040 4.318337 8.228329 17
8.042075 7.142048 3.606396 17
2.944438 10.053955 9.608968 8
6.285676 1.406431 2.225757 8
8.326765 7.798700 10.042474 17
0.903350 3.661685 1.792251 17
3.118629 8.856646 9.551688 6
6.111485 2.603739 2.283037 6
4.365163 8.253675 9.036168 6
4.864952 3.206710 2.798557 6
4.503025 7.377364 9.476064 1
4.727089 4.083021 2.358661 1
5.127035 8.836389 9.279608 1
4.103079 2.623996 2.555117 1
4.361595 8.045735 7.490553 6
4.868520 3.414651 4.344173 6
3.466309 6.870409 7.101664 6
5.763806 4.589977 4.733062 6
3.544835 6.705040 6.138672 1
5.685279 4.755345 5.696053 1
2.535273 7.082797 7.322144 1
6.694841 4.377588 4.512581 1
3.744687 6.070505 7.594343 1
5.485428 5.389880 4.240382 1
3.922783 9.312405 6.771711 6
5.307331 2.147980 5.063014 6
4.073024 9.210645 5.808483 1
5.157090 2.249740 6.026242 1
4.443330 10.074103 7.104386 1
4.786785 1.386282 4.730340 1
2.970116 9.469724 6.938699 1
6.259998 1.990662 4.896026 1
5.810712 7.719845 7.106397 6
3.419403 3.740541 4.728328 6
5.865706 7.564804 6.139855 1
3.364409 3.895582 5.694870 1
6.102143 6.915367 7.583692 1
3.127971 4.545019 4.251033 1
6.390428 8.471931 7.349364 1
2.839687 2.988454 4.485361 1
