-0.849808 7.236108 9.624245 6
3.621679 14.997508 11.227615 6
4.761755 8.286692 4.276995 6
0.290268 0.525292 2.673625 6
4.065230 7.598100 9.191639 6
-1.293359 15.359500 11.660221 6
-0.153283 7.924700 4.709601 6
5.205307 0.163300 2.241019 6
3.699399 8.944237 9.319252 6
-0.927527 1.182837 11.532608 6
0.212549 6.578563 4.581988 6
4.839475 14.339963 2.368632 6
2.832427 9.217439 9.044147 1
-0.060555 1.456039 11.807713 1
1.079521 6.305361 4.857093 1
3.972503 14.066761 2.093527 1
4.575982 9.888334 9.837769 6
-1.804111 2.126934 11.014091 6
-0.664035 5.634466 4.063471 6
5.716058 13.395866 2.887149 6
4.303578 10.796107 9.912974 1
-1.531707 3.034707 10.938886 1
-0.391631 4.726693 3.988266 1
5.443654 12.488093 2.962354 1
-0.349836 9.514235 10.245492 6
3.121707 1.752835 10.606368 6
4.261783 6.008565 3.655748 6
0.790241 13.769965 3.294872 6
0.253284 10.159673 10.592745 1
2.518587 2.398273 10.259115 1
3.658664 5.363127 3.308495 1
1.393360 13.124527 3.642125 1
0.030214 8.180826 10.140677 6
2.741658 0.419426 10.711183 6
3.881734 7.341974 3.760563 6
1.170290 15.103374 3.190057 6
0.896597 7.913523 10.423150 1
1.875275 0.152123 10.428710 1
3.015351 7.609277 3.478090 1
2.036673 15.370677 3.472530 1
3.083000 6.591602 8.633921 6
-0.311129 14.353002 12.217939 6
0.828948 8.931198 5.267319 6
4.223076 1.169798 1.683301 6
2.223858 7.053560 8.465855 1
0.548013 14.814960 12.386005 1
1.688089 8.469240 5.435385 1
3.363935 0.707840 1.515235 1
2.917868 5.900216 9.323562 1
-0.145997 13.661616 11.528298 1
0.994080 9.622584 4.577678 1
4.057944 1.861184 2.372942 1
3.517145 5.891368 7.342357 6
-0.745274 13.652768 13.509503 6
0.394802 9.631432 6.558883 6
4.657222 1.870032 0.391737 6
2.725292 5.459369 6.933939 1
2.326732 13.220769 0.016681 1
1.186656 10.063431 6.967301 1
1.585216 2.302031 13.884559 1
3.846304 6.575458 6.705958 1
1.205720 14.336858 0.244662 1
0.065644 8.947342 7.195282 1
2.706228 1.185942 13.656578 1
4.601541 4.841561 7.533916 6
-1.829670 12.602961 13.317944 6
-0.689594 10.681239 6.367324 6
5.741617 2.919839 0.583296 6
4.264847 4.147692 8.155858 1
-1.492975 11.909092 12.696003 1
-0.352899 11.375108 5.745382 1
5.404923 3.613708 1.205238 1
4.776615 4.403818 6.662864 1
0.275409 12.165218 0.287756 1
-0.864667 11.118982 7.238376 1
3.636538 3.357582 13.613484 1
-0.281423 5.388119 8.076759 6
3.053294 13.149519 12.775101 6
4.193370 10.134681 5.824481 6
0.858654 2.373281 1.126139 6
0.403900 4.673915 8.047428 1
2.367971 12.435315 12.804432 1
3.508047 10.848885 5.853812 1
1.543977 3.087485 1.096808 1
0.025680 6.128401 7.495549 1
2.746191 13.889801 13.356311 1
3.886267 9.394399 6.405691 1
1.165757 1.632999 0.544929 1
0.179317 5.161331 10.466105 6
2.592554 12.922731 10.385755 6
3.732631 10.361469 3.435135 6
1.319393 2.600069 3.515485 6
-0.096463 5.557318 11.886950 6
2.868334 13.318718 8.964910 6
4.008410 9.965482 2.014290 6
1.043613 2.204082 4.936330 6
-1.353892 5.964791 12.323727 6
4.125764 13.726191 8.528133 6
5.265840 9.558009 1.577513 6
-0.213816 1.796609 5.373107 6
4.134029 6.083385 11.697893 1
-1.362158 13.844785 9.153967 1
-0.222082 9.439415 2.203347 1
5.274106 1.678015 4.747273 1
-1.579816 6.199030 13.670896 6
4.351687 13.960430 7.180964 6
5.491763 9.323770 0.230344 6
-0.439739 1.562370 6.720276 6
6.028210 6.460589 0.066726 1
-0.976187 14.221989 6.883894 1
-2.116263 9.062211 13.834514 1
4.888134 1.300811 7.017346 1
1.727603 6.052340 0.683246 6
3.324420 13.813740 6.267374 6
2.184344 9.470460 13.217994 6
0.587527 1.709060 7.633866 6
1.572600 6.223091 1.605593 1
3.479424 13.984491 5.345027 1
2.339348 9.299709 12.295647 1
0.432524 1.538309 8.556213 1
2.981712 5.655422 0.251612 6
2.070311 13.416822 6.699008 6
0.930235 9.867378 13.649628 6
1.841636 2.105978 7.202232 6
3.692356 5.568028 0.875778 1
1.359667 13.329428 6.074842 1
0.219591 9.954772 13.025462 1
2.552280 2.193372 7.826398 1
0.922928 5.385015 12.814580 6
1.848943 13.146415 8.037280 6
2.989020 10.137785 1.086660 6
2.063004 2.376385 5.863960 6
1.775951 5.080612 12.529188 1
0.995920 12.842012 8.322672 1
2.135997 10.442188 1.372052 1
2.916027 2.680788 5.578568 1
-0.403697 5.881589 9.460211 7
3.175568 13.642989 11.391649 7
4.315644 9.641211 4.441029 7
0.736379 1.879811 2.509591 7
0.870542 4.168027 10.240348 8
1.901329 11.929427 10.611512 8
3.041405 11.354773 3.660892 8
2.010618 3.593373 3.289728 8
