8.237482 8.250572 5.747620 16
4.161518 3.697428 19.655620 16
0.028518 2.276572 8.160380 16
4.104482 9.671428 22.068380 16
7.632163 0.510538 3.246405 16
4.766837 11.437462 17.154405 16
0.633837 6.484538 10.661595 16
3.499163 5.463462 24.569595 16
4.000000 9.710976 3.570740 16
0.133000 2.237024 17.478740 16
4.266000 3.736976 10.337260 16
8.133000 8.211024 24.245260 16
7.746895 8.547599 4.368503 8
4.652105 3.400401 18.276503 8
0.519105 2.573599 9.539497 8
3.613895 9.374401 23.447497 8
0.006613 1.485136 4.157936 8
4.126387 10.462864 18.065936 8
8.259387 7.459136 9.750064 8
4.139613 4.488864 23.658064 8
0.209130 11.056679 3.186045 7
3.923870 0.891321 17.094045 7
8.056870 5.082679 10.721955 7
4.342130 6.865321 24.629955 7
8.108946 10.466448 3.588264 1
4.290054 1.481552 17.496264 1
0.157054 4.492448 10.319736 1
3.975946 7.455552 24.227736 1
1.142361 9.522556 6.247752 6
2.990639 2.425444 20.155752 6
7.123639 3.548556 7.660248 6
5.275361 8.399444 21.568248 6
1.055568 9.810503 7.605729 6
3.077432 2.137497 21.513729 6
7.210432 3.836503 6.302271 6
5.188568 8.111497 20.210271 6
0.490174 9.314661 8.152870 1
3.642826 2.633339 22.060870 1
7.775826 3.340661 5.755130 1
4.623174 8.607339 19.663130 1
1.810254 10.836836 8.138127 6
2.322746 1.111164 22.046127 6
6.455746 4.862836 5.769873 6
5.943254 7.085164 19.677873 6
1.776363 11.023225 9.048545 1
2.356637 0.924775 22.956545 1
6.489637 5.049225 4.859455 1
5.909363 6.898775 18.767455 1
2.610403 11.580002 7.309767 6
1.522597 0.367998 21.217767 6
5.655597 5.606002 6.598233 6
6.743403 6.341998 20.506233 6
3.085698 0.354856 7.652182 1
1.047302 11.593144 21.560182 1
5.180302 6.328856 6.255818 1
7.218698 5.619144 20.163818 1
2.712901 11.262185 5.980162 6
1.420099 0.685815 19.888162 6
5.553099 5.288185 7.927838 6
6.845901 6.659815 21.835838 6
3.285735 11.764001 5.446373 1
0.847265 0.183999 19.354373 1
4.980265 5.790001 8.461627 1
7.418735 6.157999 22.369627 1
1.999545 10.227488 5.399920 6
2.133455 1.720512 19.307920 6
6.266455 4.253488 8.508080 6
6.132545 7.694512 22.416080 6
2.216115 9.903697 3.932904 6
1.916885 2.044303 17.840904 6
6.049885 3.929697 9.975096 6
6.349115 8.018303 23.883096 6
1.764791 9.056584 3.732907 1
2.368209 2.891416 17.640907 1
6.501209 3.082584 10.175093 1
5.897791 8.865416 24.083093 1
1.657333 10.992160 2.986326 6
2.475667 0.955840 16.894326 6
6.608667 5.018160 10.921674 6
5.790333 6.929840 24.829674 6
2.037569 11.853611 3.260035 1
2.095431 0.094389 17.168035 1
6.228431 5.879611 10.647965 1
6.170569 6.068389 24.555965 1
4.318985 8.235756 4.389365 6
8.080015 3.712244 18.297365 6
3.947015 2.261756 9.518635 6
0.185985 9.686244 23.426635 6
3.913124 8.257263 5.257224 1
0.219876 3.690737 19.165224 1
4.352876 2.283263 8.650776 1
8.046124 9.664737 22.558776 1
5.267922 8.119861 4.481158 1
7.131078 3.828139 18.389158 1
2.998078 2.145861 9.426842 1
1.134922 9.802139 23.334842 1
3.955281 7.504539 3.883114 1
0.177719 4.443461 17.791114 1
4.310719 1.530539 10.024886 1
8.088281 10.417461 23.932886 1
1.021678 6.807970 5.637191 6
3.111322 5.140030 19.545191 6
7.244322 0.833970 8.270809 6
5.154678 11.114030 22.178809 6
1.520117 6.258362 6.802681 6
2.612883 5.689638 20.710681 6
6.745883 0.284362 7.105319 6
5.653117 11.663638 21.013319 6
1.404393 6.694464 7.616021 1
2.728607 5.253536 21.524021 1
6.861607 0.720464 6.291979 1
5.537393 11.227536 20.199979 1
2.193796 5.048030 6.745380 6
1.939204 6.899970 20.653380 6
6.072204 11.022030 7.162620 6
6.326796 0.925970 21.070620 6
2.536009 4.682421 7.529791 1
1.596991 7.265579 21.437791 1
5.729991 10.656421 6.378209 1
6.669009 1.291579 20.286209 1
2.366556 4.384916 5.570710 6
1.766444 7.563084 19.478710 6
5.899444 10.358916 8.337290 6
6.499556 1.589084 22.245290 6
1.873902 4.946472 4.411618 6
2.259098 7.001528 18.319618 6
6.392098 10.920472 9.496382 6
6.006902 1.027528 23.404382 6
2.000372 4.505591 3.602172 1
2.132628 7.442409 17.510172 1
6.265628 10.479591 10.305828 1
6.133372 1.468409 24.213828 1
1.191131 6.160389 4.427195 6
2.941869 5.787611 18.335195 6
7.074869 0.186389 9.480805 6
5.324131 11.761611 23.388805 6
0.856358 6.527192 3.641114 1
3.276642 5.420808 17.549114 1
7.409642 0.553192 10.266886 1
4.989358 11.394808 24.174886 1
3.036102 3.013286 5.532881 6
1.096898 8.934714 19.440881 6
5.229898 8.987286 8.375119 6
7.169102 2.960714 22.283119 6
2.710421 2.519833 4.776007 1
1.422579 9.428167 18.684007 1
5.555579 8.493833 9.131993 1
6.843421 3.454167 23.039993 1
2.831105 2.535366 6.339266 1
1.301895 9.412634 20.247266 1
5.434895 8.509366 7.568734 1
6.964105 3.438634 21.476734 1
3.986692 3.123207 5.457499 1
0.146308 8.824793 19.365499 1
4.279308 9.097207 8.450501 1
8.119692 2.850793 22.358501 1
2.018557 10.766343 1.542397 6
2.114443 1.181657 15.450397 6
6.247443 4.792343 12.365603 6
6.151557 7.155657 26.273603 6
1.492013 9.687438 0.850613 6
2.640987 2.260562 14.758613 6
6.773987 3.713438 13.057387 6
5.625013 8.234562 26.965387 6
0.931578 9.088844 1.290662 1
3.201422 2.859156 15.198662 1
7.334422 3.114844 12.617338 1
5.064578 8.833156 26.525338 1
1.788762 9.492686 27.338121 6
2.344238 2.455314 13.430121 6
6.477238 3.518686 14.385879 6
5.921762 8.429314 0.477879 6
1.415139 8.773416 26.881382 1
2.717861 3.174584 12.973382 1
6.850861 2.799416 14.842618 1
5.548139 9.148584 0.934618 1
2.617016 10.335020 26.692234 6
1.515984 1.612980 12.784234 6
5.648984 4.361020 15.031766 6
6.750016 7.586980 1.123766 6
2.815400 10.191644 25.793777 1
1.317600 1.756356 11.885777 1
5.450600 4.217644 15.930223 1
6.948400 7.730356 2.022223 1
3.164225 11.394808 27.343128 6
0.968775 0.553192 13.435128 6
5.101775 5.420808 14.380872 6
7.297225 6.527192 0.472872 6
3.739538 0.022701 26.892509 1
0.393462 11.925299 12.984509 1
4.526462 5.996701 14.831491 1
7.872538 5.951299 0.923491 1
2.863342 11.621820 0.873144 6
1.269658 0.326180 14.781144 6
5.402658 5.647820 13.034856 6
6.996342 6.300180 26.942856 6
3.234486 0.402648 1.315697 1
0.898514 11.545352 15.223697 1
5.031514 6.376648 12.592303 1
7.367486 5.571352 26.500303 1
8.018020 1.115943 1.599420 6
4.380980 10.832057 15.507420 6
0.247980 7.089943 12.308580 6
3.885020 4.858057 26.216580 6
7.632824 0.408622 0.493178 6
4.766176 11.539378 14.401178 6
0.633176 6.382622 13.414822 6
3.499824 5.565378 27.322822 6
7.139344 11.574028 0.581354 1
5.259656 0.373972 14.489354 1
1.126656 5.600028 13.326646 1
3.006344 6.347972 27.234646 1
7.989916 0.875788 27.055789 6
4.409084 11.072212 13.147789 6
0.276084 6.849788 14.668211 6
3.856916 5.098212 0.760211 6
7.733670 0.389505 26.305591 1
4.665330 11.558495 12.397591 1
0.532330 6.363505 15.418409 1
3.600670 5.584495 1.510409 1
0.433138 2.019212 26.883330 6
3.699862 9.928788 12.975330 6
7.832862 7.993212 14.840670 6
4.566138 3.954788 0.932670 6
0.797669 2.736092 0.189983 6
3.335331 9.211908 14.097983 6
7.468331 8.710092 13.718017 6
4.930669 3.237908 27.626017 6
1.284536 3.522270 0.094574 1
2.848464 8.425730 14.002574 1
6.981464 9.496270 13.813426 1
5.417536 2.451730 27.721426 1
0.446364 2.297600 1.451995 6
3.686636 9.650400 15.359995 6
7.819636 8.271600 12.456005 6
4.579364 3.676400 26.364005 6
0.677812 2.798222 2.200246 1
3.455188 9.149778 16.108246 1
7.588188 8.772222 11.707754 1
4.810812 3.175778 25.615754 1
0.881982 2.483989 25.513392 6
3.251018 9.464011 11.605392 6
7.384018 8.457989 16.210608 6
5.014982 3.490011 2.302608 6
1.830919 2.630950 25.521180 1
2.302081 9.317050 11.613180 1
6.435081 8.604950 16.202820 1
5.963919 3.343050 2.294820 1
0.433138 3.302427 25.290307 1
3.699862 8.645573 11.382307 1
7.832862 9.276427 16.433693 1
4.566138 2.671573 2.525693 1
0.666240 1.813706 24.861941 1
3.466760 10.134294 10.953941 1
7.599760 7.787706 16.862059 1
4.799240 4.160294 2.954059 1
