0.562253 9.142449 20.037601 8
16.705947 5.172151 7.484601 8
8.071847 1.985149 7.484601 8
9.196353 12.329451 20.037601 8
0.630807 12.825738 20.582150 8
16.637393 1.488862 8.029150 8
8.003293 5.668438 8.029150 8
9.264907 8.646162 20.582150 8
16.429311 14.021723 22.533388 8
0.838889 0.292877 9.980388 8
9.472989 6.864423 9.980388 8
7.795211 7.450177 22.533388 8
14.365588 12.292376 24.773094 8
2.902612 2.022224 12.220094 8
11.536712 5.135076 12.220094 8
5.731488 9.179524 24.773094 8
15.976366 13.357526 2.580646 8
1.291834 0.957074 15.133646 8
9.925934 6.200226 15.133646 8
7.342266 8.114374 2.580646 8
16.503564 11.699036 4.675490 8
0.764636 2.615564 17.228490 8
9.398736 4.541736 17.228490 8
7.869464 9.772864 4.675490 8
16.041985 8.201980 4.105333 8
1.226215 6.112620 16.658333 8
9.860315 1.044680 16.658333 8
7.407885 13.269920 4.105333 8
2.068558 6.641545 4.862279 8
15.199642 7.673055 17.415279 8
6.565542 13.798845 17.415279 8
10.702658 0.515755 4.862279 8
3.311695 4.895307 3.208045 8
13.956505 9.419293 15.761045 8
5.322405 12.052607 15.761045 8
11.945795 2.261993 3.208045 8
1.962358 4.374255 24.836864 8
15.305842 9.940345 12.283864 8
6.671742 11.531555 12.283864 8
10.596458 2.783045 24.836864 8
3.858579 5.266484 22.098552 8
13.409621 9.048116 9.545552 8
4.775521 12.423784 9.545552 8
12.492679 1.890816 22.098552 8
3.187537 7.171042 20.193509 8
14.080663 7.143558 7.640509 8
5.446563 0.013742 7.640509 8
11.821637 14.300858 20.193509 8
16.853763 4.729544 20.273095 7
0.414437 9.585056 7.720095 7
9.048537 11.886844 7.720095 7
8.219663 2.427756 20.273095 7
12.488362 6.394332 24.089709 7
4.779838 7.920268 11.536709 7
13.413938 13.551632 11.536709 7
3.854262 0.762968 24.089709 7
17.225030 10.297208 19.451125 6
0.043171 4.017392 6.898125 6
8.677270 3.139908 6.898125 6
8.590929 11.174692 19.451125 6
16.358339 11.008643 20.459130 6
0.909861 3.305957 7.906130 6
9.543961 3.851343 7.906130 6
7.724239 10.463257 20.459130 6
15.165279 10.384097 20.936396 6
2.102921 3.930503 8.383396 6
10.737021 3.226797 8.383396 6
6.531179 11.087803 20.936396 6
14.736164 9.119402 20.455113 6
2.532036 5.195198 7.902113 6
11.166136 1.962102 7.902113 6
6.102064 12.352498 20.455113 6
13.559854 8.567002 20.883171 6
3.708346 5.747598 8.330171 6
12.342446 1.409702 8.330171 6
4.925754 12.904898 20.883171 6
12.761200 9.214451 21.806569 6
4.507000 5.100149 9.253569 6
13.141100 2.057151 9.253569 6
4.127100 12.257449 21.806569 6
13.154915 10.420170 22.335302 6
4.113285 3.894430 9.782302 6
12.747385 3.262870 9.782302 6
4.520815 11.051730 22.335302 6
14.366797 11.037415 21.916785 6
2.901403 3.277185 9.363785 6
11.535503 3.880115 9.363785 6
5.732697 10.434485 21.916785 6
14.806963 12.275199 22.460330 6
2.461237 2.039401 9.907330 6
11.095337 5.117899 9.907330 6
6.172863 9.196701 22.460330 6
15.976711 12.834757 22.013443 6
1.291489 1.479843 9.460443 6
9.925589 5.677457 9.460443 6
7.342611 8.637143 22.013443 6
16.732195 12.217941 20.979327 6
0.536005 2.096659 8.426327 6
9.170105 5.060641 8.426327 6
8.098095 9.253959 20.979327 6
14.049062 12.960153 23.558717 6
3.219138 1.354447 11.005717 6
11.853238 5.802853 11.005717 6
5.414962 8.511747 23.558717 6
13.825784 12.962013 0.801886 6
3.442416 1.352587 13.354886 6
12.076516 5.804713 13.354886 6
5.191684 8.509887 0.801886 6
14.077900 12.051748 1.965800 6
3.190300 2.262852 14.518800 6
11.824400 4.894448 14.518800 6
5.443800 9.420152 1.965800 6
13.317581 10.859485 2.116687 6
3.950619 3.455115 14.669687 6
12.584719 3.702185 14.669687 6
4.683481 10.612415 2.116687 6
12.197220 10.576342 1.277895 6
5.070980 3.738258 13.830895 6
13.705080 3.419042 13.830895 6
3.563120 10.895558 1.277895 6
11.508219 9.404692 1.392881 6
5.759981 4.909908 13.945881 6
14.394081 2.247392 13.945881 6
2.874119 12.067208 1.392881 6
11.893991 8.451340 2.340130 6
5.374209 5.863260 14.893130 6
14.008309 1.294040 14.893130 6
3.259891 13.020560 2.340130 6
12.957885 8.698553 3.171641 6
4.310315 5.616047 15.724641 6
12.944415 1.541253 15.724641 6
4.323785 12.773347 3.171641 6
13.691438 9.908852 3.092306 6
3.576762 4.405748 15.645306 6
12.210862 2.751552 15.645306 6
5.057338 11.563048 3.092306 6
14.802474 10.179255 3.959969 6
2.465726 4.135345 16.512969 6
11.099826 3.021955 16.512969 6
6.168374 11.292645 3.959969 6
15.482668 11.353911 3.820380 6
1.785532 2.960689 16.373380 6
10.419632 4.196611 16.373380 6
6.848568 10.117989 3.820380 6
15.138686 12.278778 2.793545 6
2.129514 2.035822 15.346545 6
10.763614 5.121478 15.346545 6
6.504586 9.193122 2.793545 6
15.314130 9.131570 4.909478 6
1.954070 5.183030 17.462478 6
10.588170 1.974270 17.462478 6
6.680030 12.340330 4.909478 6
16.528776 7.095890 4.864288 6
0.739424 7.218710 17.417288 6
9.373524 14.253190 17.417288 6
7.894676 0.061410 4.864288 6
17.203272 6.152272 3.901472 6
0.064928 8.162328 16.454472 6
8.699028 13.309572 16.454472 6
8.569172 1.005028 3.901472 6
16.457285 5.474332 2.899241 6
0.810915 8.840268 15.452241 6
9.445015 12.631632 15.452241 6
7.823185 1.682968 2.899241 6
15.043710 5.632652 2.790030 6
2.224490 8.681948 15.343030 6
10.858590 12.789952 15.343030 6
6.409610 1.524648 2.790030 6
14.344348 5.028719 1.800602 6
2.923852 9.285881 14.353602 6
11.557952 12.186019 14.353602 6
5.710248 2.128581 1.800602 6
14.989316 4.248573 0.838038 6
2.278884 10.066027 13.391038 6
10.912984 11.405873 13.391038 6
6.355216 2.908727 0.838038 6
16.359547 4.069211 0.895029 6
0.908653 10.245389 13.448029 6
9.542753 11.226511 13.448029 6
7.725447 3.088089 0.895029 6
17.118830 4.663124 1.939941 6
0.149370 9.651476 14.492941 6
8.783470 11.820424 14.492941 6
8.484730 2.494176 1.939941 6
1.268177 4.454847 2.042373 6
16.000023 9.859753 14.595373 6
7.365923 11.612147 14.595373 6
9.902277 2.702453 2.042373 6
1.949580 5.069372 3.056153 6
15.318620 9.245228 15.609153 6
6.684520 12.226672 15.609153 6
10.583680 2.087928 3.056153 6
1.290971 5.967470 3.947667 6
15.977229 8.347130 16.500667 6
7.343129 13.124770 16.500667 6
9.925071 1.189830 3.947667 6
1.994304 3.666542 0.976372 6
15.273896 10.648058 13.529372 6
6.639796 10.823842 13.529372 6
10.628404 3.490758 0.976372 6
2.978937 5.382003 24.758031 6
14.289263 8.932597 12.205031 6
5.655163 12.539303 12.205031 6
11.613037 1.775297 24.758031 6
2.579006 6.415374 23.747263 6
14.689194 7.899226 11.194263 6
6.055094 13.572674 11.194263 6
11.213106 0.741926 23.747263 6
1.748923 7.525042 24.107032 6
15.519277 6.789558 11.554032 6
6.885177 0.367742 11.554032 6
10.383023 13.946858 24.107032 6
1.211710 7.668331 0.304034 6
16.056490 6.646269 12.857034 6
7.422390 0.511031 12.857034 6
9.845810 13.803569 0.304034 6
0.426006 8.736630 0.643216 6
16.842194 5.577970 13.196216 6
8.208094 1.579330 13.196216 6
9.060106 12.735270 0.643216 6
0.126921 9.713315 24.789162 6
17.141279 4.601285 12.236162 6
8.507179 2.556015 12.236162 6
8.761021 11.758585 24.789162 6
0.621483 9.611395 23.521560 6
16.646717 4.703205 10.968560 6
8.012617 2.454095 10.968560 6
9.255583 11.860505 23.521560 6
1.449838 8.524631 23.133673 6
15.818362 5.789969 10.580673 6
7.184262 1.367331 10.580673 6
10.083938 12.947269 23.133673 6
1.982907 8.405104 21.809582 6
15.285293 5.909496 9.256582 6
6.651193 1.247804 9.256582 6
10.617007 13.066796 21.809582 6
2.747371 7.307746 21.487974 6
14.520829 7.006854 8.934974 6
5.886729 0.150446 8.934974 6
11.381471 14.164154 21.487974 6
3.030396 6.305152 22.454053 6
14.237804 8.009448 9.901053 6
5.603704 13.462452 9.901053 6
11.664496 0.852148 22.454053 6
1.742534 9.467104 20.775717 6
15.525666 4.847496 8.222717 6
6.891566 2.309804 8.222717 6
10.376634 12.004796 20.775717 6
0.432396 14.055219 19.842778 6
16.835804 0.259381 7.289778 6
8.201704 6.897919 7.289778 6
9.066496 7.416681 19.842778 6
1.679850 0.531072 19.912824 6
15.588350 13.783528 7.359824 6
6.954250 7.688372 7.359824 6
10.313950 6.626228 19.912824 6
0.155414 13.853670 23.553445 6
17.112786 0.460930 11.000445 6
8.478686 6.696370 11.000445 6
8.789514 7.618230 23.553445 6
0.359179 0.707141 24.290055 6
16.909021 13.607459 11.737055 6
8.274921 7.864441 11.737055 6
8.993279 6.450159 24.290055 6
15.740655 0.163616 3.433246 6
1.527545 14.150984 15.986246 6
10.161645 7.320916 15.986246 6
7.106555 6.993684 3.433246 6
16.895207 1.095210 3.310728 6
0.372993 13.219390 15.863728 6
9.007093 8.252510 15.863728 6
8.261107 6.062090 3.310728 6
0.547920 11.307103 4.235884 6
16.720280 3.007497 16.788884 6
8.086180 4.149803 16.788884 6
9.182020 10.164797 4.235884 6
1.525473 11.802388 5.248158 6
15.742727 2.512212 17.801158 6
7.108627 4.645088 17.801158 6
10.159573 9.669512 5.248158 6
2.724059 7.784852 4.284590 6
14.544141 6.529748 16.837590 6
5.910041 0.627552 16.837590 6
11.358159 13.687048 4.284590 6
3.528757 8.455634 5.343310 6
13.739443 5.858966 17.896310 6
5.105343 1.298334 17.896310 6
12.162857 13.016266 5.343310 6
3.635647 4.022689 4.315972 6
13.632553 10.291911 16.868972 6
4.998453 11.179989 16.868972 6
12.269747 3.134611 4.315972 6
5.026082 4.294094 4.751059 6
12.242118 10.020506 17.304059 6
3.608018 11.451394 17.304059 6
13.660182 2.863206 4.751059 6
3.193408 4.144649 21.495255 6
14.074792 10.169951 8.942255 6
5.440692 11.301949 8.942255 6
11.827508 3.012651 21.495255 6
4.265245 3.159232 21.132724 6
13.002955 11.155368 8.579724 6
4.368855 10.316532 8.579724 6
12.899345 3.998068 21.132724 6
4.606292 7.024031 19.967053 6
12.661908 7.290569 7.414053 6
4.027808 14.181331 7.414053 6
13.240392 0.133269 19.967053 6
5.048358 8.050674 18.992689 6
12.219842 6.263926 6.439689 6
3.585742 0.893374 6.439689 6
13.682458 13.421226 18.992689 6
16.627550 5.239144 21.199255 6
0.640650 9.075456 8.646255 6
9.274750 12.396444 8.646255 6
7.993450 1.918156 21.199255 6
16.373707 5.907635 22.311702 6
0.894493 8.406965 9.758702 6
9.528593 13.064935 9.758702 6
7.739607 1.249665 22.311702 6
13.335022 7.072844 24.386211 6
3.933178 7.241756 11.833211 6
12.567278 14.230144 11.833211 6
4.700922 0.084456 24.386211 6
14.413767 7.950329 24.764056 6
2.854433 6.364271 12.211056 6
11.488533 0.793029 12.211056 6
5.779667 13.521571 24.764056 6
0.637197 10.890548 19.158389 1
16.631003 3.424052 6.605389 1
7.996903 3.733248 6.605389 1
9.271297 10.581352 19.158389 1
16.691442 10.031672 18.716523 1
0.576758 4.282928 6.163523 1
9.210858 2.874372 6.163523 1
8.057342 11.440228 18.716523 1
15.271996 8.656039 19.826208 1
1.996204 5.658561 7.273208 1
10.630304 1.498739 7.273208 1
6.637896 12.815861 19.826208 1
13.287880 7.721295 20.544240 1
3.980320 6.593305 7.991240 1
12.614420 0.563995 7.991240 1
4.653780 13.750605 20.544240 1
11.935780 8.826382 22.085748 1
5.332420 5.488218 9.532748 1
13.966520 1.669082 9.532748 1
3.301680 12.645518 22.085748 1
12.607513 10.841878 22.987054 1
4.660687 3.472722 10.434054 1
13.294787 3.684578 10.434054 1
3.973413 10.630022 22.987054 1
13.115198 12.906043 23.396281 1
4.153002 1.408557 10.843281 1
12.787102 5.748743 10.843281 1
4.481098 8.565857 23.396281 1
14.306704 13.872279 23.617214 1
2.961496 0.442321 11.064214 1
11.595596 6.714979 11.064214 1
5.672604 7.599621 23.617214 1
14.263533 13.796411 0.933943 1
3.004667 0.518189 13.486943 1
11.638767 6.639111 13.486943 1
5.629433 7.675489 0.933943 1
12.894165 13.107879 0.692926 1
4.374035 1.206721 13.245926 1
13.008135 5.950579 13.245926 1
4.260065 8.364021 0.692926 1
11.930599 11.214058 0.630161 1
5.337601 3.100542 13.183161 1
13.971701 4.056758 13.183161 1
3.296499 10.257842 0.630161 1
10.756362 9.241506 0.838540 1
6.511838 5.073094 13.391540 1
15.145938 2.084206 13.391540 1
2.122262 12.230394 0.838540 1
11.426368 7.628250 2.407665 1
5.841832 6.686350 14.960665 1
14.475932 0.470950 14.960665 1
2.792268 13.843650 2.407665 1
13.201539 8.044805 3.821133 1
4.066661 6.269795 16.374133 1
12.700761 0.887505 16.374133 1
4.567439 13.427095 3.821133 1
14.589902 8.694688 5.347578 1
2.678298 5.619912 17.900578 1
11.312398 1.537388 17.900578 1
5.955802 12.777212 5.347578 1
15.883290 9.523503 5.566000 1
1.384910 4.791097 18.119000 1
10.019010 2.366203 18.119000 1
7.249190 11.948397 5.566000 1
17.152503 7.394922 5.518299 1
0.115697 6.919678 18.071299 1
8.749797 0.237622 18.071299 1
8.518403 14.076978 5.518299 1
15.807310 6.654858 5.299877 1
1.460890 7.659742 17.852877 1
10.094990 13.812158 17.852877 1
7.173210 0.502442 5.299877 1
14.588175 6.173887 3.424458 1
2.680025 8.140713 15.977458 1
11.314125 13.331187 15.977458 1
5.954075 0.983413 3.424458 1
13.400123 5.137510 1.764952 1
3.868077 9.177090 14.317952 1
12.502177 12.294810 14.317952 1
4.766023 2.019790 1.764952 1
14.489747 3.840607 0.145615 1
2.778453 10.473993 12.698615 1
11.412553 10.997907 12.698615 1
5.855647 3.316693 0.145615 1
16.795051 3.540001 0.238507 1
0.473149 10.774599 12.791507 1
9.107249 10.697301 12.791507 1
8.160951 3.617299 0.238507 1
1.573133 2.821408 0.876199 1
15.695067 11.493192 13.429199 1
7.060967 9.978708 13.429199 1
10.207233 4.335892 0.876199 1
2.897604 3.535706 1.250279 1
14.370596 10.778894 13.803279 1
5.736496 10.693006 13.803279 1
11.531704 3.621594 1.250279 1
3.080647 5.797413 0.507141 1
14.187553 8.517187 13.060141 1
5.553453 12.954713 13.060141 1
11.714747 1.359887 0.507141 1
3.802458 4.987207 24.505967 1
13.465742 9.327393 11.952967 1
4.831642 12.144507 11.952967 1
12.436558 2.170093 24.505967 1
1.400451 7.005565 0.964070 1
15.867749 7.309035 13.517070 1
7.233649 14.162865 13.517070 1
10.034551 0.151735 0.964070 1
0.084614 8.816362 1.531466 1
17.183586 5.498238 14.084466 1
8.549486 1.659062 14.084466 1
8.718714 12.655538 1.531466 1
16.843402 10.452521 25.028171 1
0.424798 3.862079 12.475171 1
9.058898 3.295221 12.475171 1
8.209302 11.019379 25.028171 1
0.404076 10.280746 22.889140 1
16.864124 4.033854 10.336140 1
8.230024 3.123446 10.336140 1
9.038176 11.191154 22.889140 1
2.484894 9.513483 20.185224 1
14.783306 4.801117 7.632224 1
6.149206 2.356183 7.632224 1
11.118994 11.958417 20.185224 1
1.628391 10.310806 21.204528 1
15.639809 4.003794 8.651528 1
7.005709 3.153506 8.651528 1
10.262491 11.161094 21.204528 1
0.231394 13.845081 18.937456 1
17.036806 0.469519 6.384456 1
8.402706 6.687781 6.384456 1
8.865494 7.626819 18.937456 1
16.981548 0.227602 20.222883 1
0.286652 14.086998 7.669883 1
8.920752 7.384902 7.669883 1
8.347448 6.929698 20.222883 1
1.899502 0.705710 20.822916 1
15.368698 13.608890 8.269916 1
6.734598 7.863010 8.269916 1
10.533602 6.451590 20.822916 1
2.395099 0.045807 19.509873 1
14.873101 14.268793 6.956873 1
6.239001 7.203107 6.956873 1
11.029199 7.111493 19.509873 1
1.564499 1.354161 19.454639 1
15.703701 12.960439 6.901639 1
7.069601 8.511461 6.901639 1
10.198599 5.803139 19.454639 1
17.119693 13.180884 24.172057 1
0.148507 1.133716 11.619057 1
8.782607 6.023584 11.619057 1
8.485593 8.291016 24.172057 1
0.965292 13.565946 23.162796 1
16.302908 0.748654 10.609796 1
7.668808 6.408646 10.609796 1
9.599392 7.905954 23.162796 1
0.929029 0.518189 25.030682 1
16.339171 13.796411 12.477682 1
7.705071 7.675489 12.477682 1
9.563129 6.639111 25.030682 1
16.791598 1.024925 24.616433 1
0.476602 13.289675 12.063433 1
9.110702 8.182225 12.063433 1
8.157498 6.132375 24.616433 1
0.758074 1.364181 23.740234 1
16.510126 12.950419 11.187234 1
7.876026 8.521481 11.187234 1
9.392174 5.793119 23.740234 1
14.949081 0.611233 3.165867 1
2.319119 13.703367 15.718867 1
10.953219 7.768533 15.718867 1
6.314981 6.546067 3.165867 1
15.629448 14.095587 4.411124 1
1.638752 0.219013 16.964124 1
10.272852 6.938287 16.964124 1
6.995348 7.376313 4.411124 1
16.687988 1.913862 3.738283 1
0.580212 12.400738 16.291283 1
9.214312 9.071162 16.291283 1
8.053888 5.243438 3.738283 1
0.388535 0.701415 3.738283 1
16.879666 13.613185 16.291283 1
8.245565 7.858715 16.291283 1
9.022634 6.455885 3.738283 1
17.086884 1.239644 2.397623 1
0.181316 13.074956 14.950623 1
8.815416 8.396944 14.950623 1
8.452784 5.917656 2.397623 1
0.600933 10.359476 4.175128 1
16.667267 3.955124 16.728128 1
8.033167 3.202176 16.728128 1
9.235033 11.112424 4.175128 1
0.737352 11.690734 3.391821 1
16.530848 2.623866 15.944821 1
7.896748 4.533434 15.944821 1
9.371452 9.781166 3.391821 1
1.279574 11.473152 6.113311 1
15.988626 2.841448 18.666311 1
7.354526 4.315852 18.666311 1
9.913674 9.998748 6.113311 1
2.393373 11.507507 5.033753 1
14.874827 2.807093 17.586753 1
6.240727 4.350207 17.586753 1
11.027473 9.964393 5.033753 1
1.502333 12.755740 5.269749 1
15.765867 1.558860 17.822749 1
7.131767 5.598440 17.822749 1
10.136433 8.716160 5.269749 1
3.299953 7.502282 3.585137 1
13.968247 6.812318 16.138137 1
5.334147 0.344982 16.138137 1
11.934053 13.969618 3.585137 1
2.080818 8.389787 3.944153 1
15.187382 5.924813 16.497153 1
6.553282 1.232487 16.497153 1
10.714918 13.082113 3.944153 1
2.966677 8.668922 6.078163 1
14.301523 5.645678 18.631163 1
5.667423 1.511622 18.631163 1
11.600777 12.802978 6.078163 1
4.218621 7.868736 5.636297 1
13.049579 6.445864 18.189297 1
4.415479 0.711436 18.189297 1
12.852721 13.603164 5.636297 1
3.912974 9.248663 4.996094 1
13.355226 5.065937 17.549094 1
4.721126 2.091363 17.549094 1
12.547074 12.223237 4.996094 1
3.037476 4.187021 5.038774 1
14.230724 10.127580 17.591774 1
5.596624 11.344321 17.591774 1
11.671576 2.970280 5.038774 1
3.562430 3.119151 4.042066 1
13.705770 11.195449 16.595066 1
5.071670 10.276451 16.595066 1
12.196530 4.038149 4.042066 1
5.214996 3.799095 5.543405 1
12.053204 10.515505 18.096405 1
3.419104 10.956395 18.096405 1
13.849096 3.358205 5.543405 1
5.631160 4.046737 4.069683 1
11.637040 10.267863 16.622683 1
3.002940 11.204037 16.622683 1
14.265260 3.110563 4.069683 1
5.123475 5.226260 4.940861 1
12.144725 9.088340 17.493861 1
3.510625 12.383560 17.493861 1
13.757575 1.931040 4.940861 1
2.581596 3.754720 22.110854 1
14.686604 10.559880 9.557854 1
6.052504 10.912020 9.557854 1
11.215696 3.402580 22.110854 1
2.728376 4.420348 20.717471 1
14.539824 9.894252 8.164471 1
5.905724 11.577648 8.164471 1
11.362476 2.736952 20.717471 1
4.639965 2.798504 21.935112 1
12.628235 11.516096 9.382112 1
3.994135 9.955804 9.382112 1
13.274065 4.358796 21.935112 1
3.893979 2.462111 20.617047 1
13.374221 11.852489 8.064047 1
4.740121 9.619411 8.064047 1
12.528079 4.695189 20.617047 1
4.947339 3.601553 20.644664 1
12.320861 10.713047 8.091664 1
3.686761 10.758853 8.091664 1
13.581439 3.555747 20.644664 1
5.071670 7.135828 20.790279 1
12.196530 7.178772 8.237279 1
3.562430 14.293128 8.237279 1
13.705770 0.021472 20.790279 1
4.783291 6.158141 19.622850 1
12.484909 8.156459 7.069850 1
3.850809 13.315441 7.069850 1
13.417391 0.999159 19.622850 1
4.981876 8.916564 19.391874 1
12.286324 5.398036 6.838874 1
3.652224 1.759264 6.838874 1
13.615976 12.555336 19.391874 1
5.955802 7.890208 18.754182 1
11.312398 6.424392 6.201182 1
2.678298 0.732908 6.201182 1
14.589902 13.581692 18.754182 1
4.503547 8.017607 18.221935 1
12.764653 6.296993 5.668935 1
4.130553 0.860307 5.668935 1
13.137647 13.454293 18.221935 1
16.589560 5.383721 23.064882 1
0.678640 8.930879 10.511882 1
9.312740 12.541021 10.511882 1
7.955460 1.773579 23.064882 1
16.895207 6.710684 22.321745 1
0.372993 7.603916 9.768745 1
9.007093 13.867984 9.768745 1
8.261107 0.446616 22.321745 1
15.449859 6.143826 22.336808 1
1.818341 8.170774 9.783808 1
10.452441 13.301126 9.783808 1
6.815759 1.013474 22.336808 1
14.470752 7.987547 0.612586 1
2.797448 6.327053 13.165586 1
11.431548 0.830247 13.165586 1
5.836652 13.484353 0.612586 1
15.228826 7.638271 24.410564 1
2.039374 6.676329 11.857564 1
10.673474 0.480971 11.857564 1
6.594726 13.833629 24.410564 1
14.237631 8.830677 24.435670 1
3.030569 5.483923 11.882670 1
11.664669 1.673377 11.882670 1
5.603531 12.641223 24.435670 1
