0.500056 5.699846 2.839536 6
-0.590139 5.543817 22.570870 6
0.090084 4.677695 12.705203 6
4.096044 2.260833 17.638036 6
5.186239 2.416862 7.772370 6
4.506016 3.282984 27.503703 6
-0.277696 4.528830 2.272162 6
0.812866 5.455772 22.003495 6
-0.535170 5.936756 12.137828 6
4.873796 3.431849 17.070662 6
3.783234 2.504907 7.204995 6
5.131270 2.023923 26.936328 6
-0.182465 3.723209 2.838352 1
1.462939 5.941055 22.569686 1
-1.280473 6.257093 12.704019 1
4.778565 4.237469 17.636852 1
3.133161 2.019624 7.771186 1
5.876573 1.703585 27.502519 1
0.012869 4.314688 1.349623 1
0.853036 5.814480 21.080957 1
-0.865905 5.792190 11.215290 1
4.583231 3.645991 16.148123 1
3.743064 2.146199 6.282457 1
5.462005 2.168489 26.013790 1
-1.715908 5.062196 2.296135 6
1.070064 3.943561 22.027469 6
0.645844 6.915601 12.161802 6
6.312008 2.898483 17.094635 6
3.526036 4.017118 7.228969 6
3.950256 1.045078 26.960302 6
-1.805348 5.696662 1.530165 1
0.565320 3.548871 21.261498 1
1.240028 6.675825 11.395832 1
6.401448 2.264017 16.328665 1
4.030780 4.411808 6.462998 1
3.356072 1.284854 26.194332 1
6.255062 4.145364 2.264466 6
2.474678 3.344361 21.995800 6
5.058560 0.470954 12.130133 6
-1.658962 3.815314 17.062966 6
2.121422 4.616318 7.197300 6
-0.462460 7.489725 26.928633 6
6.262186 3.576733 3.086967 1
2.963565 3.634846 22.818300 1
4.562548 0.749100 12.952634 1
-1.666086 4.383946 17.885467 1
1.632535 4.325833 8.019800 1
0.033552 7.211579 27.751134 1
5.025468 5.062992 2.315077 6
2.294787 1.820687 22.046411 6
6.468046 1.077000 12.180744 6
-0.429368 2.897687 17.113577 6
2.301313 6.139992 7.247911 6
-1.871946 6.883678 26.979244 6
4.994582 5.613075 1.479850 1
1.833844 1.518897 21.211183 1
6.959874 0.828707 11.345517 1
-0.398482 2.347604 16.278350 1
2.762256 6.441781 6.412683 1
-2.363774 7.131972 26.144017 1
5.048356 5.997257 3.529146 6
1.474245 1.373376 23.260480 6
7.265699 0.590046 13.394813 6
-0.452256 1.963422 18.327646 6
3.121855 6.587302 8.461980 6
-2.669599 7.370633 28.193313 6
4.942646 5.448289 4.344840 1
2.002521 1.556313 24.076173 1
6.843133 0.956078 14.210506 1
-0.346546 2.512390 19.143340 1
2.593579 6.404366 9.277673 1
-2.247033 7.004601 29.009006 1
4.264262 6.599403 3.471728 1
1.344819 0.393258 23.203061 1
8.179220 0.968019 13.337395 1
0.331838 1.361276 18.270228 1
3.251281 7.567421 8.404561 1
-3.583120 6.992660 28.135895 1
-2.874861 6.865449 3.688970 6
0.087877 2.038252 23.420303 6
2.786983 7.017657 13.554637 6
7.470961 1.095230 18.487470 6
4.508223 5.922427 8.621803 6
1.809117 0.943022 28.353137 6
-2.875780 7.224316 4.623051 1
-0.222451 1.858022 24.354385 1
3.098231 6.839019 14.488718 1
7.471880 0.736363 19.421551 1
4.818551 6.102656 9.555885 1
1.497869 1.121660 29.287218 1
1.797627 0.113838 2.733283 6
8.194800 1.499871 22.464616 6
3.795873 6.346970 12.598950 6
2.798473 7.846841 17.531783 6
-3.598700 6.460807 7.666116 6
0.800227 1.613709 27.397450 6
-2.429958 7.776787 1.864611 1
-0.923816 1.967880 21.595944 1
3.353774 6.176691 11.730278 1
7.026058 0.183892 16.663111 1
5.519916 5.992799 6.797444 1
1.242326 1.783988 26.528778 1
0.882451 0.456943 2.571979 1
8.355250 0.535754 22.303313 1
4.550599 6.967982 12.437646 1
3.713649 7.503736 17.370479 1
-3.759150 7.424925 7.504813 1
0.045501 0.992697 27.236146 1
2.672173 1.256195 3.285859 6
6.768217 1.686072 23.017192 6
4.347911 5.018412 13.151526 6
1.923927 6.704484 18.084359 6
-2.172117 6.274607 8.218692 6
0.248189 2.942267 27.950026 6
2.517284 2.061020 2.731803 1
6.148663 1.149522 22.463136 1
5.122353 4.750137 12.597470 1
2.078816 5.899659 17.530303 1
-1.552563 6.811157 7.664636 1
-0.526253 3.210542 27.395970 1
2.364693 1.465561 4.202774 1
6.740640 1.315104 23.934107 1
4.682966 5.180014 14.068441 1
2.231407 6.495118 19.001274 1
-2.144540 6.645575 9.135607 1
-0.086866 2.780665 28.866941 1
4.179234 0.991105 3.334398 6
6.244261 3.123770 23.065731 6
3.364805 3.845804 13.200065 6
0.416866 6.969574 18.132898 6
-1.648161 4.836908 8.267231 6
1.231295 4.114875 27.998565 6
4.625515 1.797521 3.696665 1
5.322743 3.107053 23.427999 1
3.840042 3.056105 13.562332 1
-0.029415 6.163157 18.495165 1
-0.726643 4.853626 8.629499 1
0.756058 4.904574 28.360832 1
4.502799 0.862142 2.409196 1
6.194164 3.468468 22.140529 1
3.091337 3.630069 12.274862 1
0.093301 7.098537 17.207696 1
-1.598064 4.492211 7.342029 1
1.504763 4.330609 27.073362 1
0.016546 7.744148 4.170513 6
-2.118802 4.102934 23.901847 6
2.102256 4.074275 14.036180 6
4.579554 0.216530 18.969013 6
6.714902 3.857745 9.103347 6
2.493844 3.886403 28.834680 6
0.997813 7.767234 4.300444 1
-2.629429 4.941193 24.031777 1
1.631616 3.212930 14.166111 1
3.598287 0.193444 19.098944 1
7.225529 3.019485 9.233277 1
2.964485 4.747749 28.964611 1
-0.410891 7.790320 5.061087 1
-1.945070 3.709676 24.792420 1
2.355961 4.421361 14.926754 1
5.006991 0.170359 19.859587 1
6.541170 4.251002 9.993920 1
2.240139 3.539318 0.128254 1
-1.699592 5.903401 3.575318 6
0.333401 3.537089 23.306651 6
1.366191 6.480868 13.440984 6
6.295692 2.057278 18.373818 6
4.262699 4.423590 8.508151 6
3.229909 1.479811 28.239484 6
-1.730891 5.281114 4.356678 1
0.887967 3.821126 24.088012 1
0.842925 6.819117 14.222345 1
6.326991 2.679564 19.155178 1
3.708133 4.139553 9.289512 1
3.753175 1.141561 29.020845 1
6.192326 3.229647 1.040335 6
3.299081 3.747888 20.771668 6
4.296894 0.983144 10.906001 6
-1.596226 4.731031 15.838835 6
1.297019 4.212791 5.973168 6
0.299206 6.977535 25.704501 6
5.247367 2.989235 0.867192 1
3.979763 3.049736 20.598525 1
4.561170 1.921708 10.732859 1
-0.651267 4.971444 15.665692 1
0.616337 4.910943 5.800025 1
0.034930 6.038971 25.531359 1
6.526002 3.726394 0.251575 1
2.702047 3.788487 19.982908 1
4.560250 0.445798 10.117241 1
-1.929902 4.234285 15.050074 1
1.894053 4.172192 5.184408 1
0.035850 7.514881 24.915741 1
6.998941 1.961511 1.196311 6
3.994011 5.080505 20.927644 6
2.795348 0.918662 11.061977 6
-2.402841 5.999167 15.994811 6
0.602089 2.880174 6.129144 6
1.800752 7.042016 25.860477 6
2.901518 7.816590 0.276140 6
-3.624025 6.565172 20.007473 6
0.722507 1.539595 10.141807 6
1.694582 0.144088 15.074640 6
8.220125 1.395507 5.208973 6
3.873593 6.421083 24.940307 6
2.672173 7.250586 29.105690 1
-3.019178 6.649555 19.240023 1
0.347006 2.021216 9.374356 1
1.923927 0.710093 14.307190 1
7.615278 1.311124 4.441523 1
4.249094 5.939462 24.172856 1
2.668955 7.351687 1.106928 1
-3.105125 6.596218 20.838261 1
0.436170 1.973452 10.972594 1
1.927145 0.608992 15.905428 1
7.701225 1.364460 6.039761 1
4.159930 5.987226 25.771094 1
8.459582 0.044580 0.266373 1
4.923802 7.303923 19.997706 1
0.404916 0.612176 10.132040 1
-3.863482 7.916099 15.064873 1
-0.327702 0.656756 5.199206 1
4.191184 7.348503 24.930540 1
-0.358542 6.494242 3.516124 7
-0.848808 4.403051 23.247457 7
1.207350 5.024064 13.381790 7
4.954642 1.466437 18.314624 7
5.444908 3.557627 8.448957 7
3.388750 2.936615 28.180290 7
1.715127 5.907381 2.737723 8
-1.377405 6.492332 22.469056 8
-0.337721 3.521645 12.603389 8
2.880973 2.053298 17.536223 8
5.973505 1.468347 7.670556 8
4.933821 4.439034 27.401889 8
3.870514 4.232295 2.367464 8
3.591668 1.235816 22.098797 8
6.326118 2.492568 12.233131 8
0.725586 3.728384 17.165964 8
1.004432 6.724863 7.300297 8
-1.730018 5.468111 27.031631 8
7.747324 1.708600 2.095468 8
3.838847 5.855079 21.826801 8
2.202129 0.396999 11.961134 8
-3.151224 6.252078 16.893968 8
0.757253 2.105600 7.028301 8
2.393971 7.563680 26.759634 8
6.757692 1.104544 0.195932 8
4.856791 5.300061 19.927265 8
2.173817 1.556074 10.061599 8
-2.161592 6.856135 14.994432 8
-0.260691 2.660618 5.128765 8
2.422283 6.404605 24.860099 8
3.212674 4.720682 2.438793 1
3.497632 0.421916 22.170126 1
7.077994 2.818080 12.304459 1
1.383426 3.239996 17.237293 1
1.098468 7.538763 7.371626 1
-2.481894 5.142598 27.102959 1
