-0.166553 3.358547 17.704726 27
3.803053 7.959297 13.842879 27
14.101753 5.842952 3.327010 27
10.132147 1.242203 7.188858 27
-1.269243 2.397911 20.779356 14
4.905743 6.998661 10.768249 14
15.204443 6.803589 0.252381 14
9.029457 2.202839 10.263488 14
-2.071553 5.980055 16.240707 14
5.708053 1.379305 15.306898 14
16.006753 3.221445 4.791030 14
8.227147 7.822195 5.724839 14
-1.397054 3.523254 19.286103 6
5.033554 8.124004 12.261503 6
15.332254 5.678246 1.745634 6
8.901646 1.077496 8.770234 6
-0.848308 4.800423 18.873881 6
4.484808 0.199673 12.673725 6
14.783508 4.401077 2.157856 6
9.450392 9.001827 8.358012 6
-1.558226 4.750734 17.578326 6
5.194726 0.149984 13.969280 6
15.493426 4.450766 3.453411 6
8.740474 9.051516 7.062457 6
-2.131478 3.470806 17.992651 6
5.767978 8.071556 13.554954 6
16.066678 5.730694 3.039086 6
8.167222 1.129944 7.476782 6
14.168669 2.558017 17.410072 6
6.734131 7.158767 14.137533 6
-0.233469 6.643483 3.621665 6
7.201069 2.042733 6.894203 6
13.279367 1.730802 18.108325 6
7.623433 6.331552 13.439280 6
0.655833 7.470698 2.923411 6
6.311767 2.869948 7.592457 6
12.506824 0.999283 17.208167 6
8.395976 5.600033 14.339438 6
1.428376 8.202217 3.823570 6
5.539224 3.601467 6.692299 6
11.529263 0.064410 17.515230 6
9.373537 4.665160 14.032375 6
2.405937 9.137090 3.516506 6
4.561663 4.536339 6.999362 6
10.714648 8.520589 16.684477 6
10.188152 3.919839 14.863128 6
3.220552 0.680911 4.347260 6
3.747048 5.281661 6.168608 6
10.695499 8.502186 15.290073 6
10.207302 3.901436 16.257533 6
3.239702 0.699314 5.741664 6
3.727898 5.300064 4.774204 6
11.447570 0.018403 14.389914 6
9.455230 4.619153 17.157691 6
2.487630 9.183097 6.641822 6
4.479970 4.582347 3.874046 6
12.427308 0.938553 14.635986 6
8.475492 5.539303 16.911620 6
1.507892 8.262947 6.395751 6
5.459708 3.662197 4.120117 6
12.942627 1.395868 15.841104 6
7.960173 5.996618 15.706501 6
0.992573 7.805632 5.190633 6
5.975027 3.204882 5.325236 6
13.937266 2.354664 16.036699 6
6.965534 6.955414 15.510906 6
-0.002066 6.846836 4.995037 6
6.969666 2.246086 5.520831 6
0.009434 5.791424 19.519555 6
3.627067 1.190674 12.028050 6
13.925766 3.410076 1.512182 6
10.308134 8.010826 9.003687 6
0.049181 6.066549 20.892927 6
3.587319 1.465799 10.654678 6
13.886019 3.134951 0.138809 6
10.347881 7.735701 10.377059 6
4.357354 7.030866 0.124087 6
2.610247 2.430116 10.391781 6
9.577847 2.170634 20.907650 6
11.324954 6.771384 10.639956 6
4.713945 7.554431 1.350237 6
2.253655 2.953681 9.165631 6
9.221255 1.647069 19.681499 6
11.681545 6.247819 11.866106 6
5.674513 8.492985 1.684642 6
1.293087 3.892235 8.831226 6
8.260687 0.708515 19.347095 6
12.642113 5.309265 12.200510 6
6.553722 9.137090 0.853889 6
0.413878 4.536340 9.661980 6
7.381478 0.064410 20.177848 6
13.521322 4.665160 11.369757 6
3.353417 9.054276 20.503840 6
0.283083 4.453526 11.043765 6
10.581783 0.147224 0.527897 6
13.652117 4.747974 9.987972 6
2.648607 8.272149 19.612095 6
0.987893 3.671399 11.935511 6
11.286593 0.929351 1.419642 6
12.947307 5.530101 9.096226 6
1.636025 7.372242 19.835031 6
2.000475 2.771492 11.712574 6
12.299175 1.829258 1.196706 6
11.934725 6.430008 9.319163 6
0.963171 6.618639 18.915944 6
2.673329 2.017889 12.631661 6
12.972029 2.582861 2.115793 6
11.261871 7.183611 8.400076 6
3.733274 2.613226 0.586785 6
3.234326 7.213976 9.929083 6
10.201926 6.588274 20.444951 6
10.700874 1.987524 11.102654 6
0.697421 2.861666 0.927500 6
6.270180 7.462416 9.588369 6
13.237780 6.339834 20.104237 6
7.665021 1.739083 11.443368 6
-1.455742 0.593497 20.299832 6
5.092242 5.194247 11.247773 6
15.390942 8.608003 0.731904 6
8.842958 4.007253 9.783964 6
13.333918 5.916564 16.085072 6
7.568883 1.315815 15.462533 6
0.601283 3.284935 4.946664 6
6.366317 7.885685 5.569204 6
-1.329786 5.566907 14.577097 6
4.966286 0.966157 16.970508 6
15.264986 3.634593 6.454640 6
8.968914 8.235342 4.061228 6
-1.559842 7.710857 16.705509 6
5.196343 3.110107 14.842097 6
15.495042 1.490643 4.326228 6
8.738858 6.091393 6.189640 6
0.931397 1.665471 17.666659 6
2.705103 6.266222 13.880946 6
13.003803 7.536028 3.365078 6
11.230097 2.935278 7.150790 6
1.734141 2.650032 17.940071 6
1.902359 7.250782 13.607534 6
12.201059 6.551468 3.091665 6
12.032841 1.950718 7.424203 6
1.742579 3.533376 17.014675 6
1.893921 8.134126 14.532930 6
12.192621 5.668124 4.017062 6
12.041279 1.067374 6.498807 6
0.932228 3.036495 16.026183 6
2.704272 7.637245 15.521422 6
13.002972 6.165005 5.005553 6
11.230928 1.564255 5.510315 6
0.412741 1.932315 16.362691 6
3.223760 6.533065 15.184914 6
13.522460 7.269185 4.669046 6
10.711440 2.668435 5.846823 6
1.479033 2.162352 18.133563 6
2.157467 6.763102 13.414042 6
12.456167 7.039147 2.898173 6
11.777733 2.438397 7.617695 6
1.908303 3.386152 17.603564 6
1.728197 7.986902 13.944041 6
12.026897 5.815348 3.428173 6
12.207003 1.214598 7.087695 6
1.306979 3.570182 16.276461 6
2.329521 8.170932 15.271144 6
12.628221 5.631318 4.755276 6
11.605679 1.030568 5.760593 6
0.430895 2.512010 15.921025 6
3.205606 7.112760 15.626580 6
13.504305 6.689490 5.110712 6
10.729595 2.088740 5.405156 6
0.527276 1.555054 17.056739 6
3.109224 6.155804 14.490867 6
13.407924 7.646446 3.974998 6
10.825976 3.045696 6.540870 6
13.305339 1.628665 19.012690 1
7.597461 6.229415 12.534915 1
0.629861 7.572834 2.019047 1
6.337739 2.972084 8.496822 1
11.419648 9.008268 18.381738 1
9.483152 4.407518 13.165867 1
2.515552 0.193232 2.649999 1
4.452048 4.793982 7.865870 1
10.058885 7.913290 17.161897 1
10.843916 3.312540 14.385708 1
3.876316 1.288210 3.869840 1
3.091284 5.888960 6.646029 1
10.004252 8.005305 14.890470 1
10.898548 3.404555 16.657136 1
3.930948 1.196195 6.141267 1
3.036652 5.796945 4.374601 1
11.274629 9.109485 13.628565 1
9.628172 4.508735 17.919040 1
2.660571 0.092015 7.403171 1
4.307029 4.692765 3.112697 1
12.658376 1.371023 14.049200 1
8.244424 5.971773 17.498405 1
1.276824 7.830476 6.982537 1
5.690776 3.229726 3.533332 1
14.282076 2.751248 15.353168 1
6.620725 7.351998 16.194437 1
-0.346875 6.450252 5.678569 1
7.314475 1.849501 4.837299 1
2.776266 5.502497 0.567857 1
4.191334 0.901747 9.948011 1
11.158934 3.699003 20.463880 1
9.743866 8.299753 11.083725 1
4.345447 7.259983 1.998015 1
2.622154 2.659234 8.517853 1
9.589754 1.941516 19.033722 1
11.313047 6.542266 12.513883 1
5.644084 8.557395 2.628967 1
1.323516 3.956645 7.886901 1
8.291116 0.644105 18.402770 1
12.611684 5.244855 13.144835 1
7.251903 0.634903 1.198809 1
-0.284303 5.235653 9.317059 1
6.683298 8.566596 19.832928 1
14.219503 3.965847 11.714677 1
3.891931 0.395664 20.232531 1
-0.255431 4.996414 11.315074 1
10.043269 8.805836 0.799206 1
14.190631 4.205086 9.716662 1
2.947058 8.281350 18.676182 1
0.689442 3.680600 12.871423 1
10.988142 0.920150 2.355555 1
13.245758 5.520900 8.160314 1
1.151640 6.597475 18.129357 1
2.484860 1.996726 13.418248 1
12.783560 2.604024 2.902380 1
11.450340 7.204775 7.613489 1
3.838821 3.538897 0.803412 1
3.128779 8.139647 9.712456 1
10.096379 5.662603 20.228324 1
10.806421 1.061853 11.319281 1
3.900342 2.162352 1.407023 1
3.067258 6.763102 9.108845 1
10.034858 7.039147 19.624714 1
10.867942 2.438397 11.922892 1
4.384974 2.300375 0.004206 1
2.582626 6.901125 10.511662 1
9.550226 6.901125 21.027530 1
11.352574 2.300375 10.520075 1
0.913150 3.706364 1.385991 1
6.054450 8.307114 9.129877 1
13.022050 5.495136 19.645745 1
7.880750 0.894386 11.901860 1
0.428467 2.220322 1.709880 1
6.539133 6.821072 8.805988 1
13.506733 6.981178 19.321857 1
7.396067 2.380428 12.225749 1
17.137308 3.007050 0.443770 1
7.096592 7.607800 10.072099 1
-3.202108 6.194450 20.587967 1
6.838608 1.593700 10.959638 1
-1.303220 9.080960 20.993880 1
4.939720 4.480210 10.553726 1
15.238420 0.120540 0.037857 1
8.995480 4.721290 10.478011 1
-0.879020 0.374501 19.591063 1
4.515520 4.975251 11.956542 1
14.814220 8.826999 1.440674 1
9.419680 4.226249 9.075194 1
-2.375292 0.420509 20.011698 1
6.011792 5.021259 11.535908 1
16.310492 8.780991 1.020039 1
7.923408 4.180241 9.495829 1
12.977000 6.183408 16.943167 1
7.925800 1.582658 14.604438 1
0.958200 3.018092 4.088570 1
6.009400 7.618842 6.427299 1
13.056779 6.672928 15.458327 1
7.846021 2.072178 16.089279 1
0.878421 2.528572 5.573410 1
6.089179 7.129322 4.942458 1
12.863441 5.104072 15.763287 1
8.039359 0.503322 15.784318 1
1.071759 4.097428 5.268450 1
5.895841 8.698178 5.247418 1
-1.477682 4.653199 14.322613 1
5.114183 0.052449 17.224992 1
15.412883 4.548301 6.709124 1
8.821017 9.149051 3.806744 1
-0.406528 5.789584 14.492970 1
4.043028 1.188834 17.054635 1
14.341728 3.411916 6.538767 1
9.892172 8.012666 3.977101 1
-1.840297 6.171446 13.843089 1
5.476798 1.570696 17.704516 1
15.775498 3.030054 7.188648 1
8.458403 7.630804 3.327221 1
-2.118816 8.348521 16.070350 1
5.755316 3.747771 15.477255 1
16.054016 0.852979 4.961387 1
8.179884 5.453729 5.554482 1
-0.770378 7.957457 16.713921 1
4.406878 3.356707 14.833684 1
14.705578 1.244043 4.317816 1
9.528322 5.844793 6.198053 1
-1.587784 7.951016 17.721341 1
5.224284 3.350266 13.826264 1
15.522984 1.250484 3.310395 1
8.710916 5.851234 7.205473 1
0.780209 0.944994 18.272373 1
2.856291 5.545744 13.275232 1
13.154991 8.256506 2.759364 1
11.078909 3.655756 7.756505 1
2.295302 2.805537 18.714039 1
1.341198 7.406287 12.833566 1
11.639898 6.395963 2.317697 1
12.594002 1.795213 8.198171 1
2.197893 4.367032 16.985231 1
1.438607 8.967782 14.562375 1
11.737307 4.834468 4.046506 1
12.496593 0.233718 6.469362 1
0.801753 3.510372 15.203843 1
2.834747 8.111122 16.343763 1
13.133447 5.691128 5.827894 1
11.100453 1.090378 4.687974 1
-0.178517 1.359982 15.876858 1
3.815017 5.960732 15.670747 1
14.113717 7.841518 5.154879 1
10.120183 3.240768 5.360990 1
1.759059 1.832019 18.960111 1
1.877441 6.432769 12.587494 1
12.176141 7.369481 2.071626 1
12.057759 2.768731 8.444242 1
2.487108 4.024736 18.026302 1
1.149393 8.625486 13.521304 1
11.448093 5.176764 3.005435 1
12.785807 0.576014 7.510433 1
1.483312 4.330226 15.719120 1
2.153189 8.930976 15.828485 1
12.451889 4.871274 5.312617 1
11.782012 0.270524 5.203252 1
-0.066048 2.417234 15.144954 1
3.702548 7.017984 16.402651 1
14.001248 6.784266 5.886783 1
10.232652 2.183516 4.629085 1
0.106861 0.702995 17.149278 1
3.529639 5.303745 14.398327 1
13.828339 8.498505 3.882459 1
10.405561 3.897755 6.633410 1
