3.182212 1.500212 6.406237 16
10.374960 6.830631 10.706268 16
3.761695 -0.010730 2.635326 8
9.795477 8.341573 14.477179 8
2.526867 6.970648 0.405395 8
11.030305 1.360195 16.707110 8
3.652198 6.121737 3.715638 8
9.904974 2.209105 13.396867 8
3.615323 7.074797 5.754080 8
9.941849 1.256046 11.358425 8
4.233727 2.429227 6.115154 8
9.323445 5.901616 10.997351 8
2.188310 1.829873 7.382848 8
11.368862 6.500969 9.729657 8
1.000333 0.357701 2.513314 7
12.556839 7.973141 14.599191 7
4.197616 7.917649 1.727678 7
9.359556 0.413194 15.384826 7
2.413174 1.205938 5.021665 7
11.143998 7.124904 12.090840 7
2.900964 1.072004 4.315774 1
10.656208 7.258839 12.796731 1
8.920538 1.134164 4.888358 6
4.636634 7.196679 12.224147 6
8.535401 0.905504 5.782315 1
5.021771 7.425339 11.330189 1
8.631649 -0.020147 3.936732 6
4.925523 8.350989 13.175773 6
7.578358 0.009396 2.880719 6
5.978814 8.321446 14.231786 6
9.712322 7.632747 2.561742 1
3.844850 0.698096 14.550763 1
6.913843 0.742043 2.915971 1
6.643330 7.588800 14.196534 1
5.588506 7.883966 1.807081 6
7.968666 0.446877 15.305424 6
6.023935 6.973214 0.722148 6
7.533237 1.357629 16.390357 6
7.293650 6.568501 0.355256 6
6.263522 1.762341 16.757249 6
8.064971 6.880656 0.814555 1
5.492201 1.450187 16.297950 1
10.505304 5.520350 16.393608 6
3.051868 2.810493 0.718896 6
11.362742 5.217348 16.118268 1
2.194430 3.113495 0.994237 1
9.375706 5.071287 15.720403 6
4.181466 3.259556 1.392102 6
9.475035 4.470504 14.992265 1
4.082137 3.860339 2.120239 1
8.096245 5.488729 16.097049 6
5.460927 2.842114 1.015456 6
7.321212 5.185307 15.639118 1
6.235960 3.145536 1.473387 1
4.896158 6.518964 0.049797 6
8.661014 1.811879 17.062707 6
3.689100 7.117877 0.687067 6
9.868072 1.212965 16.425438 6
3.515466 7.083573 4.430256 6
10.041706 1.247270 12.682248 6
3.939293 5.791130 6.364825 6
9.617879 2.539713 10.747680 6
3.782570 5.840111 7.330997 1
9.774602 2.490731 9.781508 1
4.881052 5.578148 6.196438 1
8.676120 2.752695 10.916067 1
3.371836 5.092842 5.977398 1
10.185336 3.238001 11.135107 1
8.316810 2.458740 4.434021 6
5.240362 5.872103 12.678484 6
9.064167 3.417098 3.764067 6
4.493005 4.913745 13.348438 6
2.030430 3.268359 3.598760 1
11.526742 5.062484 13.513745 1
8.463090 4.596784 3.332660 6
5.094082 3.734059 13.779844 6
8.974363 5.241641 2.857788 1
4.582809 3.089202 14.254717 1
7.124643 4.834375 3.593455 6
6.432529 3.496467 13.519050 6
6.720453 5.644999 3.306136 1
6.836719 2.685843 13.806369 1
6.376876 3.889431 4.272650 6
7.180296 4.441412 12.839855 6
5.456897 4.048322 4.450962 1
8.100275 4.282521 12.661542 1
6.973244 2.707800 4.694131 6
6.583928 5.623043 12.418374 6
6.458025 2.063409 5.164554 1
7.099147 6.267434 11.947951 1
3.966073 -0.009021 6.877858 6
9.591099 8.339864 10.234647 6
7.363011 7.892291 5.995708 6
6.194161 0.438552 11.116796 6
7.539095 8.288688 5.150864 1
6.018077 0.042155 11.961641 1
8.002739 6.723249 6.369103 6
5.554433 1.607593 10.743402 6
8.616210 6.316555 5.768625 1
4.940962 2.014288 11.343879 1
7.766123 6.130195 7.607706 6
5.791049 2.200648 9.504799 6
6.866097 6.746282 8.470177 6
6.691075 1.584560 8.642328 6
6.699470 6.358998 9.321181 1
6.857702 1.971845 7.791323 1
6.205258 7.918810 8.114408 6
7.351914 0.412032 8.998097 6
5.590898 8.325941 8.713687 1
7.966274 0.004902 8.398817 1
8.463862 4.844106 7.977336 6
5.093310 3.486736 9.135168 6
8.407051 4.215160 7.228322 1
5.150121 4.115683 9.884183 1
8.031384 4.452997 8.765025 1
5.525788 3.877846 8.347480 1
9.404973 5.029023 8.178066 1
4.152199 3.301819 8.934439 1
