-1.881107 9.185276 4.651483 6
6.404102 -0.549362 10.994273 6
-1.524360 9.023893 3.753417 1
6.047355 -0.387978 11.892339 1
-0.794475 8.877449 5.655941 6
5.317470 -0.241535 9.989815 6
0.454801 9.420241 5.859336 6
4.068194 -0.784327 9.786420 6
0.776810 10.099293 5.311734 1
3.746185 -1.463378 10.334022 1
1.243493 8.907337 6.938893 6
3.279502 -0.271422 8.706863 6
2.086514 9.265141 7.096915 1
2.436482 -0.629226 8.548841 1
0.787033 7.915984 7.729004 6
3.735963 0.719931 7.916753 6
1.324046 7.626682 8.431498 1
3.198949 1.009233 7.214258 1
-0.447997 7.305048 7.545948 6
4.970992 1.330867 8.099808 6
-1.088772 6.272339 8.293815 6
5.611767 2.363576 7.351941 6
-0.646586 5.894974 9.019778 1
5.169581 2.740941 6.625978 1
5.171364 5.835545 7.973077 6
-0.648369 2.800370 7.672679 6
4.791550 5.151893 8.475306 1
-0.268554 3.484022 7.170450 1
4.437123 6.376294 6.898214 6
0.085873 2.259621 8.747542 6
3.578065 6.072356 6.713594 1
0.944930 2.563559 8.932162 1
5.002947 7.351739 6.131572 6
-0.479952 1.284176 9.514184 6
-1.227494 7.839478 6.483601 6
5.750489 0.796437 9.162155 6
4.472170 8.118559 4.934671 6
0.050826 0.517356 10.711085 6
3.657777 8.592658 5.205343 1
0.865218 0.043257 10.440413 1
4.142258 7.242520 3.693963 6
0.380737 1.393395 11.951793 6
3.796320 7.823339 2.983646 1
0.726676 0.812575 12.662110 1
3.069422 6.200911 4.044428 6
1.453574 2.435004 11.601328 6
1.803537 6.298406 4.482509 6
2.719459 2.337509 11.163247 6
1.398141 7.131005 4.563867 1
3.124854 1.504909 11.081889 1
1.081475 5.107305 4.823587 6
3.441521 3.528609 10.822170 6
0.200091 5.164511 5.114598 1
4.322904 3.471403 10.531158 1
1.692031 3.878128 4.718760 6
2.830964 4.757787 10.926996 6
1.225229 3.119579 4.989432 1
3.297766 5.516336 10.656325 1
2.983574 3.731505 4.224354 6
1.539421 4.904410 11.421402 6
3.717906 2.539317 4.020959 6
0.805090 6.096597 11.624797 6
3.338378 1.719985 4.244694 1
1.184617 6.915929 11.401062 1
4.987037 2.581927 3.496826 6
-0.464041 6.053987 12.148930 6
5.430020 1.779167 3.338804 1
-0.907024 6.856747 12.306952 1
5.654009 3.803528 3.187041 6
-1.131014 4.832386 12.458716 6
-0.961771 3.816468 2.855350 1
5.484766 4.819447 12.790406 1
4.944609 4.965683 3.401387 6
-0.421613 3.670232 12.244369 6
3.684748 4.924736 3.906745 6
0.838247 3.711179 11.739011 6
5.338580 6.414669 3.124458 6
-0.815584 2.221246 12.521299 6
-1.325173 6.636006 3.612605 1
5.848169 1.999908 12.033151 1
5.568960 6.600013 1.597432 6
-1.045965 2.035902 14.048324 6
6.132558 5.862080 1.284517 1
-1.609563 2.773834 14.361240 1
-1.222997 7.906869 1.243838 6
5.745992 0.729046 14.401919 6
0.002266 8.442121 1.570834 6
4.520729 0.193793 14.074922 6
0.586127 7.971642 2.121565 1
3.936868 0.664273 13.524192 1
0.369411 9.712973 1.067041 6
4.153585 -1.077058 14.578716 6
1.194381 10.074425 1.297033 1
3.328615 -1.438510 14.348723 1
-0.465778 10.420944 0.247203 6
4.988773 -1.785030 15.398553 6
-0.646175 7.861225 15.569092 1
5.169171 0.774690 0.076664 1
-2.160510 6.517503 15.537800 6
6.683506 2.118411 0.107956 6
4.345276 7.124579 14.700752 6
0.177720 1.511336 0.945004 6
4.498998 7.970845 14.347158 1
0.023997 0.665070 1.298598 1
3.164097 6.458866 14.409741 6
1.358898 2.177049 1.236015 6
2.537981 6.878684 13.865269 1
1.985014 1.757231 1.780487 1
2.872254 5.170129 14.907276 6
1.650742 3.465786 0.738480 6
2.081536 4.737386 14.678848 1
2.441460 3.898529 0.966908 1
4.219941 7.971476 0.079793 6
0.303055 0.664439 15.565963 6
5.426039 8.639965 0.380192 6
-0.903044 -0.004051 15.265564 6
4.264021 6.597718 0.758819 6
0.258975 2.038197 14.886937 6
4.282828 5.889682 0.097004 1
0.240167 2.746233 15.548752 1
3.489158 6.473122 1.328325 1
1.033837 2.162793 14.317431 1
-2.402397 10.651912 4.709373 6
6.925393 -2.015997 10.936384 6
1.168745 -0.384859 4.135173 6
3.354251 9.020773 11.510583 6
1.406701 -0.653764 3.244930 1
3.116294 9.289679 12.400826 1
1.951220 -0.393700 4.692162 1
2.571776 9.029614 10.953594 1
0.799330 0.500703 4.116398 1
3.723665 8.135212 11.529358 1
7.197303 -0.929996 6.112797 6
-2.674307 9.565910 9.532959 6
6.838108 -0.040705 6.076812 1
-2.315113 8.676620 9.568944 1
0.485395 -0.940685 6.683867 1
4.037600 9.576600 8.961889 1
4.018683 10.495921 6.461697 1
0.504313 -1.860006 9.184059 1
3.861072 10.757478 3.861373 6
0.661924 -2.121563 11.784384 6
2.920404 10.846480 3.223026 7
1.602592 -2.210566 12.422730 7
