-0.526115 8.134244 10.949788 17
2.158288 2.163894 7.799421 17
6.468697 3.806456 1.549685 17
3.784294 9.776806 4.700052 17
6.616430 7.949640 0.649223 7
3.636561 1.979290 5.600513 7
-0.673848 3.991060 11.850250 7
2.306021 9.961410 6.898959 7
5.838777 8.879821 12.227984 6
3.075096 2.909471 6.521225 6
0.103805 3.060879 0.271489 6
2.867486 9.031229 5.978248 6
6.503951 11.531373 3.193740 17
3.749040 5.561023 3.055996 17
-0.561369 0.409327 9.305732 17
2.193542 6.379677 9.443476 17
5.681408 10.180044 12.291981 6
3.232465 4.209694 6.457227 6
0.261174 1.760656 0.207491 6
2.710117 7.731006 6.042245 6
5.386395 7.259826 0.183742 6
4.866596 1.289476 6.065994 6
0.556187 4.680874 12.315730 6
1.075986 10.651224 6.433478 6
4.137702 8.042181 0.516353 6
6.115289 2.071831 5.733383 6
1.804880 3.898519 11.983119 6
-0.172707 9.868869 6.766089 6
7.043161 7.876205 1.917294 6
3.209830 1.905855 4.332442 6
-1.100579 4.064495 10.582178 6
2.732752 10.034845 8.167030 6
6.355002 7.207765 2.804632 7
3.897988 1.237415 3.445105 7
-0.412421 4.732935 9.694841 7
2.044593 10.703285 9.054368 7
6.726722 7.067223 4.215072 6
3.526269 1.096873 2.034664 6
-0.784141 4.873477 8.284400 6
2.416313 10.843827 10.464808 6
0.135700 5.750641 4.497060 6
2.835591 11.720991 1.752676 6
5.806882 6.190059 8.002412 6
3.106991 0.219709 10.746796 6
1.043504 8.537720 2.309902 6
1.927787 2.567370 3.939834 6
4.899078 3.402980 10.189570 6
4.014795 9.373330 8.559639 6
0.371788 5.724372 5.433521 1
2.599503 11.694722 0.816216 1
5.570794 6.216328 7.065952 1
3.343079 0.245978 11.683257 1
0.972247 5.662280 3.974832 1
1.999044 11.632630 2.274904 1
4.970335 6.278420 8.524640 1
3.943538 0.308070 10.224568 1
1.557005 7.919072 2.798632 1
1.414286 1.948722 3.451104 1
4.385577 4.021628 9.700840 1
4.528296 9.991978 9.048368 1
4.134726 7.144121 11.743254 1
4.779147 1.173771 7.005954 1
1.807856 4.796579 0.756218 1
1.163435 10.766929 5.493518 1
0.848002 9.291059 2.823631 1
2.123289 3.320709 3.426105 1
5.094580 2.649641 9.675841 1
3.819293 8.619991 9.073367 1
1.546220 8.799102 1.539935 1
1.425071 2.828752 4.709801 1
4.396362 3.141598 10.959537 1
4.517511 9.111948 7.789671 1
-0.444888 5.019870 4.288569 1
3.416179 10.990220 1.961167 1
6.387470 6.920830 8.210903 1
2.526403 0.950480 10.538305 1
5.377579 6.382304 0.563726 1
4.875412 0.411954 5.686010 1
0.565003 5.558396 11.935746 1
1.067170 11.528746 6.813462 1
-0.004085 7.790113 4.456062 1
2.975376 1.819763 1.793674 1
5.946667 4.150587 8.043410 1
2.967206 10.120937 10.705798 1
5.933247 7.120239 4.702301 1
4.319744 1.149889 1.547435 1
0.009335 4.820461 7.797171 1
1.622838 10.790811 10.952037 1
6.527485 10.530503 0.514978 1
3.725506 4.560153 5.734758 1
-0.584903 1.410197 11.984494 1
2.217076 7.380547 6.764714 1
-1.230549 10.725137 11.622009 1
2.862721 4.754787 7.127199 1
7.173131 1.215563 0.877463 1
3.079860 7.185913 5.372273 1
4.180383 8.942390 0.197492 1
6.072608 2.972040 6.052244 1
1.762199 2.998310 12.301980 1
-0.130026 8.968660 6.447228 1
3.402262 7.636078 0.119995 1
-0.430971 1.665728 6.129741 1
2.540320 4.304622 12.379477 1
6.373553 10.274972 6.369731 1
3.981522 8.046838 1.509936 1
6.271469 2.076488 4.739800 1
1.961060 3.893862 10.989536 1
-0.328887 9.864212 7.759672 1
5.646625 6.810975 2.619889 1
4.606366 0.840625 3.629847 1
0.295957 5.129725 9.879583 1
1.336216 11.100075 8.869625 1
