7.930593 8.163263 5.806841 17
3.889704 9.523486 6.125678 17
3.173273 6.421611 1.671746 17
8.647024 11.265138 10.260773 17
6.520609 13.164149 2.071963 17
5.299688 4.522600 9.860556 17
9.821712 12.365455 6.885421 17
1.998585 5.321293 5.047097 17
5.375670 5.064152 1.543113 8
6.444627 12.622597 10.389405 8
1.210377 4.467609 0.774420 8
10.609920 13.219140 11.158098 8
1.765589 2.327089 0.724304 8
10.054708 15.359660 11.208215 8
8.317576 6.451111 11.217999 8
3.502721 11.235637 0.714519 8
6.882020 8.066226 10.668865 8
4.938277 9.620523 1.263654 8
4.429817 2.378008 3.301370 8
7.390480 15.308740 8.631149 8
6.974958 6.661080 2.245700 6
4.845339 11.025669 9.686819 6
7.256215 6.730936 1.362694 1
4.564082 10.955812 10.569825 1
7.603995 7.403112 3.245645 6
4.216302 10.283637 8.686874 6
7.142386 7.253340 4.541517 6
4.677911 10.433408 7.391002 6
6.110487 6.393885 4.893526 6
5.709810 11.292863 7.038993 6
5.505988 5.678143 3.874489 6
6.314309 12.008606 8.058030 6
4.807426 5.095333 4.065409 1
7.012871 12.591416 7.867109 1
5.940521 5.831723 2.578617 6
5.879776 11.855026 9.353901 6
4.034726 4.966685 1.454574 6
7.785571 12.720064 10.477945 6
3.483243 3.788835 1.139556 6
8.337054 13.897913 10.792963 6
4.381559 2.602747 0.980853 6
7.438738 15.084001 10.951666 6
4.731639 1.919071 2.059553 6
7.088658 15.767678 9.872966 6
4.403969 14.347094 4.113139 6
7.416328 3.339655 7.819379 6
3.509558 13.437077 3.591688 6
8.310739 4.249672 8.340830 6
3.505912 13.244091 2.681237 1
8.314385 4.442657 9.251282 1
2.609512 12.809541 4.455602 6
9.210785 4.877207 7.476916 6
2.664093 13.130680 5.796818 6
9.156204 4.556068 6.135701 6
3.557955 14.046958 6.330201 6
8.262342 3.639790 5.602317 6
4.443605 14.663968 5.447195 6
7.376692 3.022780 6.485324 6
4.198820 2.592831 5.761020 1
7.621477 15.093918 6.171499 1
8.716914 8.343901 2.881703 6
3.103383 9.342847 9.050815 6
9.048747 8.768527 3.675216 1
2.771550 8.918222 8.257303 1
8.386418 9.011976 2.275531 1
3.433879 8.674773 9.656987 1
1.143138 7.852856 2.460485 1
10.677159 9.833892 9.472033 1
5.645577 6.216592 6.308723 6
6.174720 11.470157 5.623796 6
6.169140 6.773257 6.889836 1
5.651157 10.913492 5.042682 1
5.750749 5.297390 6.566465 1
6.069548 12.389359 5.366054 1
4.721244 6.464169 6.375545 1
7.099053 11.222579 5.556974 1
2.043087 3.614087 0.867494 6
9.777210 14.072661 11.065024 6
0.401415 1.980050 0.472528 6
11.418882 15.706699 11.459991 6
0.321925 1.026447 0.396160 1
11.498372 16.660302 11.536359 1
2.790184 7.383959 11.587669 1
9.030113 10.302790 0.344850 1
8.136932 2.289896 1.198025 1
3.683365 15.396852 10.734494 1
7.506160 7.271090 11.536359 6
4.314137 10.415658 0.396160 6
7.241855 7.929298 9.273953 6
4.578442 9.757450 2.658565 6
6.743990 8.562493 8.751309 1
5.076307 9.124256 3.181209 1
7.038059 7.039496 8.976834 1
4.782238 10.647253 2.955685 1
8.181491 8.095608 9.167754 1
3.638806 9.591140 2.764765 1
1.609473 11.834268 3.899547 6
10.210824 5.852480 8.032971 6
9.345715 11.494988 4.611918 1
2.474582 6.191760 7.320600 1
2.072919 11.106598 3.477136 1
9.747378 6.580151 8.455383 1
9.337679 12.277672 3.253998 1
2.482618 5.409076 8.678521 1
3.604023 14.392896 7.788355 6
8.216274 3.293853 4.144164 6
2.948504 13.874572 8.260883 1
8.871793 3.812176 3.671636 1
3.416163 15.327697 7.901714 1
8.404134 2.359052 4.030805 1
4.478134 14.197930 8.135591 1
7.342163 3.488818 3.796927 1
