4.319309 0.832628 11.045853 27
10.765707 8.296128 5.115814 27
3.701707 14.094372 5.115814 27
-2.744691 6.630872 11.045853 27
5.148105 0.274508 13.277456 27
9.936910 7.738008 2.884211 27
2.872910 14.652492 2.884211 27
-1.915895 7.188992 13.277456 27
5.976039 2.160982 10.463871 15
9.108976 9.624482 5.697796 15
2.044976 12.766018 5.697796 15
-1.087961 5.302518 10.463871 15
7.185871 0.972345 12.850626 15
7.899144 8.435845 3.311041 15
0.835144 13.954655 3.311041 15
0.121871 6.491155 12.850626 15
2.318726 1.968871 9.286494 8
-1.361711 9.432371 6.875173 8
5.702289 12.958129 6.875173 8
9.382726 5.494629 9.286494 8
4.512821 13.079037 9.907102 8
10.572194 5.615537 6.254565 8
3.508194 1.847963 6.254565 8
-2.551179 9.311463 9.907102 8
4.950272 0.679179 16.137424 8
10.134744 8.142678 0.024242 8
3.070744 14.247822 0.024242 8
-2.113728 6.784321 16.137424 8
5.332492 12.286414 13.084485 8
9.752523 4.822914 3.077181 8
2.688523 2.640586 3.077181 8
-1.731508 10.104086 13.084485 8
7.273940 2.076346 11.558339 7
7.811075 9.539846 4.603327 7
0.747075 12.850654 4.603327 7
0.209940 5.387154 11.558339 7
8.509693 2.845086 11.327712 6
6.575322 10.308586 4.833954 6
-0.488678 12.081914 4.833954 6
1.445693 4.618414 11.327712 6
5.486440 3.913859 10.471144 6
9.598575 11.377359 5.690523 6
2.534575 11.013141 5.690523 6
-1.577560 3.549641 10.471144 6
5.745143 4.730366 11.547511 6
9.339872 12.193866 4.614156 6
2.275872 10.196634 4.614156 6
-1.318857 2.733134 11.547511 6
5.283003 6.052899 11.532965 6
9.802012 13.516398 4.628701 6
2.738012 8.874102 4.628701 6
-1.780997 1.410601 11.532965 6
4.568539 6.517128 10.466295 6
10.516476 13.980628 5.695371 6
3.452476 8.409872 5.695371 6
-2.495461 0.946372 10.466295 6
4.289600 5.715548 9.406090 6
10.795415 13.179048 6.755577 6
3.731415 9.211452 6.755577 6
-2.774400 1.747952 9.406090 6
4.735890 4.404958 9.391544 6
10.349125 11.868458 6.770122 6
3.285125 10.522042 6.770122 6
-2.328110 3.058542 9.391544 6
6.793339 2.033057 8.825886 6
8.291676 9.496557 7.335780 6
1.227676 12.893943 7.335780 6
-0.270661 5.430443 8.825886 6
7.406824 3.122728 8.223056 6
7.678191 10.586228 7.938611 6
0.614191 11.804272 7.938611 6
0.342824 4.340772 8.223056 6
8.133972 2.958531 7.046487 6
6.951043 10.422031 9.115180 6
-0.112957 11.968469 9.115180 6
1.069972 4.504969 7.046487 6
8.257261 1.715112 6.492141 6
6.827754 9.178612 9.669525 6
-0.236246 13.211888 9.669525 6
1.193261 5.748388 6.492141 6
7.640869 0.635890 7.057800 6
7.444147 8.099390 9.103867 6
0.380147 14.291110 9.103867 6
0.576869 6.827610 7.057800 6
6.902035 0.792624 8.227904 6
8.182980 8.256124 7.933762 6
1.118980 14.134376 7.933762 6
-0.161965 6.670876 8.227904 6
8.092271 1.876324 14.156004 6
6.992744 9.339824 2.005663 6
-0.071256 13.050676 2.005663 6
1.028271 5.587176 14.156004 6
7.381175 2.791349 14.923683 6
7.703840 10.254849 1.237984 6
0.639840 12.135651 1.237984 6
0.317175 4.672151 14.923683 6
8.025099 3.555611 15.896615 6
7.059916 11.019111 0.265051 6
-0.004084 11.371389 0.265051 6
0.961099 3.907889 15.896615 6
-4.758955 3.394400 16.093788 6
5.715970 10.857900 0.067879 6
12.779970 11.532600 0.067879 6
2.305045 4.069100 16.093788 6
-4.035827 2.513707 15.350351 6
4.992842 9.977207 0.811316 6
12.056842 12.413293 0.811316 6
3.028173 4.949793 15.350351 6
-4.674674 1.752430 14.367722 6
5.631689 9.215930 1.793945 6
12.695689 13.174570 1.793945 6
2.389326 5.711070 14.367722 6
8.317905 14.541883 12.407311 6
6.767111 7.078383 3.754355 6
-0.296889 0.385117 3.754355 6
1.253905 7.848617 12.407311 6
8.571629 14.249314 11.085287 6
6.513386 6.785814 5.076379 6
-0.550614 0.677686 5.076379 6
1.507629 8.141186 11.085287 6
9.304973 13.111877 10.741044 6
5.780042 5.648377 5.420623 6
-1.283958 1.815123 5.420623 6
2.240973 9.278623 10.741044 6
-4.334702 12.290892 11.710744 6
5.291717 4.827392 4.450923 6
12.355717 2.636108 4.450923 6
2.729298 10.099608 11.710744 6
-4.583349 12.564056 13.023071 6
5.540364 5.100556 3.138596 6
12.604364 2.362944 3.138596 6
2.480651 9.826444 13.023071 6
8.799357 13.670147 13.380244 6
6.285658 6.206647 2.781423 6
-0.778342 1.256853 2.781423 6
1.735357 8.720353 13.380244 6
4.002192 1.758401 12.724080 6
11.082824 9.221901 3.437586 6
4.018824 13.168599 3.437586 6
-3.061808 5.705099 12.724080 6
3.306903 0.628427 12.720848 6
11.778113 8.091927 3.440819 6
4.714113 14.298573 3.440819 6
-3.757097 6.835073 12.720848 6
2.028956 0.052244 13.149132 6
-1.071940 7.515744 3.012535 6
5.992060 14.874756 3.012535 6
9.092956 7.411255 13.149132 6
1.603868 13.746274 12.722464 6
-0.646853 6.282774 3.439203 6
6.417147 1.180726 3.439203 6
8.667868 8.644226 12.722464 6
0.394619 13.217858 13.189536 6
0.562396 5.754359 2.972130 6
7.626396 1.709142 2.972130 6
7.458619 9.172642 13.189536 6
-0.354222 13.913457 14.083276 6
1.311237 6.449957 2.078390 6
8.375237 1.013543 2.078390 6
6.709778 8.477043 14.083276 6
0.062544 0.207485 14.524490 6
0.894471 7.670985 1.637177 6
7.958471 14.719515 1.637177 6
7.126544 7.256015 14.524490 6
1.252815 0.750828 14.059034 6
-0.295800 8.214328 2.102633 6
6.768200 14.176172 2.102633 6
8.316815 6.712672 14.059034 6
3.103430 1.519569 9.976597 6
-2.146415 8.983069 6.185070 6
4.917585 13.407431 6.185070 6
10.167430 5.943931 9.976597 6
4.475541 14.141840 10.327305 6
10.609474 6.678340 5.834362 6
3.545474 0.785160 5.834362 6
-2.588459 8.248660 10.327305 6
5.055414 0.503040 15.014188 6
10.029601 7.966540 1.147478 6
2.965601 14.423960 1.147478 6
-2.008586 6.960460 15.014188 6
5.284430 13.419373 13.155597 6
9.800586 5.955873 3.006070 6
2.736586 1.507627 3.006070 6
-1.779570 8.971127 13.155597 6
9.225007 2.418174 11.442460 1
5.860008 9.881674 4.719207 1
-1.203992 12.508826 4.719207 1
2.161007 5.045326 11.442460 1
8.525168 3.657115 11.911148 1
6.559847 11.120615 4.250518 1
-0.504153 11.269885 4.250518 1
1.461168 3.806385 11.911148 1
8.535654 3.269013 10.537407 1
6.549361 10.732513 5.624260 1
-0.514639 11.657987 5.624260 1
1.471654 4.194487 10.537407 1
6.255208 4.433319 12.347513 1
8.829808 11.896819 3.814153 1
1.765808 10.493681 3.814153 1
-0.808792 3.030181 12.347513 1
5.671767 6.523099 12.395998 1
9.413249 13.986599 3.765668 1
2.349249 8.403901 3.765668 1
-1.392233 0.940401 12.395998 1
4.348024 7.553062 10.440437 1
10.736991 0.089562 5.721230 1
3.672991 7.373938 5.721230 1
-2.715976 14.837438 10.440437 1
3.746723 6.075289 8.517198 1
-2.789708 13.538789 7.644468 1
4.274292 8.851711 7.644468 1
10.810723 1.388211 8.517198 1
4.560040 3.776531 8.533360 1
10.524975 11.240031 7.628307 1
3.460975 11.150469 7.628307 1
-2.503960 3.686969 8.533360 1
7.328763 4.030290 8.646492 1
7.756252 11.493790 7.515175 1
0.692252 10.896710 7.515175 1
0.264763 3.433210 8.646492 1
8.530104 3.746677 6.626283 1
6.554911 11.210177 9.535383 1
-0.509089 11.180323 9.535383 1
1.466104 3.716823 6.626283 1
8.785413 1.597189 5.688907 1
6.299602 9.060689 10.472760 1
-0.764398 13.329811 10.472760 1
1.721413 5.866311 5.688907 1
7.652254 14.658314 6.593960 1
7.432761 7.194814 9.567707 1
0.368761 0.268686 9.567707 1
0.588254 7.732186 6.593960 1
6.460848 14.822511 8.662653 1
8.624167 7.359011 7.499013 1
1.560167 0.104489 7.499013 1
-0.603152 7.567989 8.662653 1
6.380439 2.851057 14.820248 1
8.704576 10.314557 1.341418 1
1.640576 12.075943 1.341418 1
-0.683561 4.612443 14.820248 1
13.592320 4.239268 0.258587 1
1.492695 11.702768 15.903080 1
-5.571305 10.687732 15.903080 1
6.528320 3.224232 0.258587 1
1.850858 3.970582 0.597982 1
-0.893842 11.434082 15.563685 1
6.170158 10.956418 15.563685 1
8.914858 3.492918 0.597982 1
-2.850798 2.298758 15.321260 1
3.807813 9.762258 0.840407 1
10.871813 12.628242 0.840407 1
4.213202 5.164742 15.321260 1
-4.038183 1.164306 13.640447 1
4.995198 8.627806 2.521220 1
12.059198 13.762694 2.521220 1
3.025817 6.299194 13.640447 1
8.338592 14.747876 10.311143 1
6.746423 7.284376 5.850523 1
-0.317577 0.179124 5.850523 1
1.274592 7.642624 10.311143 1
9.561166 12.867074 9.842455 1
5.523849 5.403574 6.319212 1
-1.540151 2.059926 6.319212 1
2.497166 9.523426 9.842455 1
-3.940010 11.478863 11.361652 1
4.897025 4.015363 4.800015 1
11.961025 3.448137 4.800015 1
3.123990 10.911637 11.361652 1
-4.278724 11.837111 13.753578 1
5.235739 4.373611 2.408088 1
12.299739 3.089889 2.408088 1
2.785276 10.553389 13.753578 1
8.614122 13.971672 14.367722 1
6.470893 6.508172 1.793945 1
-0.593107 0.955328 1.793945 1
1.550122 8.418828 14.367722 1
3.841323 2.716714 12.977818 1
11.243692 10.180214 3.183848 1
4.179692 12.210286 3.183848 1
-3.222677 4.746786 12.977818 1
2.119077 13.195468 11.927310 1
-1.162062 5.731968 4.234357 1
5.901938 1.731532 4.234357 1
9.183077 9.195032 11.927310 1
0.164215 12.299848 12.913172 1
0.792800 4.836348 3.248495 1
7.856800 2.627152 3.248495 1
7.228215 10.090652 12.913172 1
-1.190710 13.479081 14.367722 1
2.147725 6.015581 1.793945 1
9.211725 1.447919 1.793945 1
5.873290 8.911419 14.367722 1
-0.591867 0.910547 15.175805 1
1.548882 8.374047 0.985862 1
8.612882 14.016453 0.985862 1
6.472133 6.552953 15.175805 1
1.665060 1.686751 14.400045 1
13.419955 9.150251 1.761622 1
6.355955 13.240249 1.761622 1
-5.398940 5.776749 14.400045 1
