8.091513 2.672872 5.175503 17
9.660889 2.672872 1.735673 17
-0.190108 8.635128 8.646848 17
-1.759484 8.635128 12.086678 17
9.348023 0.743162 6.881042 17
8.404380 0.743162 0.030133 17
-1.446617 10.564838 6.941308 17
-0.502975 10.564838 13.792217 17
3.196891 7.127432 1.687433 8
0.753812 7.127432 5.223743 8
4.704515 4.180568 12.134918 8
7.147593 4.180568 8.598608 8
2.896133 5.873375 1.762488 7
1.054570 5.873375 5.148687 7
5.005272 5.434625 12.059862 7
6.846835 5.434625 8.673663 7
1.928646 1.688284 2.181167 6
2.022057 1.688284 4.730008 6
5.972760 9.619716 11.641183 6
5.879348 9.619716 9.092342 6
8.739948 2.354326 6.778481 6
9.012454 2.354326 0.132695 6
-0.838543 8.953674 7.043870 6
-1.111049 8.953674 13.689656 6
9.468294 2.995489 6.973376 1
2.383814 2.995489 13.760150 1
-1.566889 8.312511 6.848974 1
5.517592 8.312511 0.062201 1
8.027712 2.483237 7.454393 1
3.824396 2.483237 13.279132 1
-0.126307 8.824763 6.367957 1
4.077009 8.824763 0.543218 1
1.763970 0.955526 1.031147 6
2.186733 0.955526 5.880028 6
6.137436 10.352474 12.791203 6
5.714672 10.352474 7.942322 6
1.680273 1.405584 0.199042 1
2.270429 1.405584 6.712133 1
6.221132 9.902416 13.623308 1
5.630976 9.902416 7.110217 1
1.713334 10.851157 1.065703 6
2.237368 10.851157 5.845472 6
6.188071 0.456843 12.756647 6
5.664037 0.456843 7.976878 6
1.573872 10.360390 0.264007 1
2.376831 10.360390 6.647168 1
6.327533 0.947610 13.558343 1
5.524575 0.947610 7.175182 1
1.861859 10.203208 2.230927 6
2.088844 10.203208 4.680248 6
6.039546 1.104792 11.591423 6
5.812562 1.104792 9.142102 6
1.891043 9.253336 2.233692 1
2.059660 9.253336 4.677483 1
6.010363 2.054664 11.588658 1
5.841745 2.054664 9.144867 1
1.975351 10.904304 3.455588 6
5.926054 0.403696 10.366763 6
1.975351 1.026766 3.455588 6
5.926054 10.281234 10.366763 6
2.228735 3.139101 2.014884 6
1.721968 3.139101 4.896291 6
5.672671 8.168899 11.807466 6
6.179437 8.168899 8.926059 6
1.227928 4.104804 1.824550 6
2.722774 4.104804 5.086625 6
6.673477 7.203196 11.997800 6
5.178631 7.203196 8.735725 6
-0.153684 3.802880 1.766496 6
4.104386 3.802880 5.144679 6
8.055089 7.505120 12.055854 6
3.797019 7.505120 8.677671 6
-0.426188 2.893717 1.748527 1
4.376890 2.893717 5.162648 1
8.327593 8.414283 12.073823 1
3.524515 8.414283 8.659702 1
12.702369 4.776499 1.734705 6
5.050034 4.776499 5.176470 6
-4.800964 6.531501 12.087645 6
2.851371 6.531501 8.645880 6
11.786685 4.531116 1.697385 1
5.965718 4.531116 5.213790 1
-3.885280 6.776884 12.124966 1
1.935688 6.776884 8.608560 1
-0.747957 6.157206 1.755438 6
4.698660 6.157206 5.155737 6
8.649363 5.150794 12.066912 6
3.202745 5.150794 8.666614 6
0.587596 6.474961 1.701531 6
3.363107 6.474961 5.209644 6
7.313810 4.833039 12.120819 6
4.538298 4.833039 8.612706 6
0.845415 7.386386 1.631037 1
3.105288 7.386386 5.280138 1
7.055990 3.921614 12.191313 1
4.796118 3.921614 8.542212 1
1.578232 5.487772 1.747560 6
2.372471 5.487772 5.163615 6
6.323173 5.820228 12.074790 6
5.528935 5.820228 8.658735 6
3.898819 4.941596 1.885369 6
0.051883 4.941596 5.025807 6
4.002586 6.366404 11.936982 6
7.849522 6.366404 8.796544 6
5.248277 5.367908 1.928218 6
-1.297574 5.367908 4.982957 6
2.653129 5.940092 11.894132 6
9.198979 5.940092 8.839393 6
5.457990 6.292902 1.860488 1
-1.507288 6.292902 5.050687 1
2.443415 5.015098 11.961862 1
9.408693 5.015098 8.771663 1
6.243524 4.456483 2.063677 6
11.508879 4.456483 4.847498 6
1.657882 6.851517 11.758673 6
-3.607474 6.851517 8.974852 6
7.146196 4.748229 2.102379 1
10.606207 4.748229 4.808796 1
0.755209 6.559771 11.719971 1
-2.704801 6.559771 9.013555 1
5.955551 3.089346 2.146611 6
-2.004848 3.089346 4.764564 6
1.945855 8.218654 11.675739 6
9.906253 8.218654 9.057786 6
6.665241 2.462882 2.226781 1
11.087162 2.462882 4.684394 1
1.236165 8.845118 11.595570 1
-3.185757 8.845118 9.137956 1
4.668411 2.649464 2.116202 6
-0.717709 2.649464 4.794973 6
3.232994 8.658536 11.706148 6
8.619114 8.658536 9.027377 6
4.496142 1.717685 2.167345 1
-0.545439 1.717685 4.743831 1
3.405264 9.590315 11.655006 1
8.446844 9.590315 9.078520 1
3.575970 3.557497 2.007973 6
0.374732 3.557497 4.903202 6
4.325435 7.750503 11.814377 6
7.526673 7.750503 8.919148 6
12.016800 7.221289 1.901955 6
5.735603 7.221289 5.009220 6
-4.115394 4.086711 11.920395 6
2.165802 4.086711 8.813130 6
12.360628 8.464038 2.428587 6
5.391774 8.464038 4.482588 6
-4.459223 2.843962 11.393763 6
2.509631 2.843962 9.339762 6
-0.545833 8.614434 2.707798 1
4.496535 8.614434 4.203377 1
8.447238 2.693566 11.114552 1
3.404870 2.693566 9.618973 1
11.430728 9.491935 2.557135 6
6.321675 9.491935 4.354040 6
-3.529323 1.816065 11.265215 6
1.579731 1.816065 9.468310 6
10.117584 9.236374 2.177020 6
7.634818 9.236374 4.734155 6
-2.216179 2.071626 11.645330 6
0.266587 2.071626 9.088195 6
9.473707 9.930686 2.243367 1
8.278696 9.930686 4.667808 1
-1.572302 1.377314 11.578983 1
-0.377290 1.377314 9.154543 1
9.724321 7.985710 1.701531 6
8.028082 7.985710 5.209644 6
-1.822916 3.322290 12.120819 6
-0.126676 3.322290 8.612706 6
10.679834 7.008698 1.555014 6
7.072569 7.008698 5.356161 6
-2.778429 4.299302 12.267336 6
0.828837 4.299302 8.466189 6
10.422952 6.162860 1.209456 1
7.329451 6.162860 5.701719 1
-2.521546 5.145140 12.612895 1
0.571954 5.145140 8.120631 1
11.836885 10.837587 3.105882 6
5.915518 10.837587 3.805293 6
-3.935480 0.470413 10.716468 6
1.985888 0.470413 10.017057 6
-1.008921 10.828541 3.317364 1
4.959623 10.828541 3.593811 1
8.910326 0.479459 10.504986 1
2.941782 0.479459 10.228539 1
11.323737 11.025300 3.920019 1
6.428665 11.025300 2.991157 1
-3.422332 0.282700 9.902332 1
1.472740 0.282700 10.831194 1
11.655372 0.222768 2.438263 1
6.097031 0.222768 4.472913 1
-3.753967 11.085232 11.384088 1
1.804375 11.085232 9.349438 1
11.054950 0.119865 3.133527 1
6.697453 0.119865 3.777648 1
-3.153544 11.188135 10.688823 1
1.203952 11.188135 10.044702 1
12.523992 11.231106 2.530872 1
5.228411 11.231106 4.380303 1
-4.622586 0.076894 11.291478 1
2.672994 0.076894 9.442047 1
-1.609343 10.725638 4.012628 1
5.560045 10.725638 2.898547 1
9.510748 0.582362 9.809722 1
2.341360 0.582362 10.923803 1
8.262622 7.730149 1.423702 6
9.489780 7.730149 5.487473 6
-0.361217 3.577851 12.398648 6
-1.588375 3.577851 8.334877 6
7.749964 8.548848 1.586806 1
10.002438 8.548848 5.324369 1
0.151441 2.759152 12.235544 1
-2.101033 2.759152 8.497981 1
7.937531 7.018876 2.013916 1
9.814872 7.018876 4.897259 1
-0.036125 4.289124 11.808434 1
-1.913467 4.289124 8.925091 1
8.150819 7.455364 0.489311 1
9.601583 7.455364 6.421864 1
-0.249414 3.852636 13.333039 1
-1.700178 3.852636 7.400486 1
8.142049 6.799500 1.140344 1
9.610354 6.799500 5.770831 1
-0.240643 4.508500 12.682006 1
-1.708949 4.508500 8.051519 1
7.955072 8.329473 0.711851 1
9.797331 8.329473 6.199324 1
-0.053667 2.978527 13.110499 1
-1.895925 2.978527 7.623026 1
7.741783 7.892984 2.236456 1
10.010619 7.892984 4.674719 1
0.159622 3.415016 11.585894 1
-2.109214 3.415016 9.147631 1
