6.752666 -0.298837 7.741116 8
-1.677326 4.584366 1.534792 8
6.402743 -2.161524 8.939192 8
-1.327402 6.447054 0.336715 8
1.397418 3.697806 4.796664 8
3.677922 0.587723 4.479243 8
1.209583 2.830053 6.828366 8
3.865757 1.455476 2.447541 8
-0.909868 -1.392365 8.437180 6
5.985209 5.677894 0.838728 6
0.563519 -1.403791 8.404250 6
4.511822 5.689321 0.871657 6
1.449400 -2.336403 8.938264 6
3.625941 6.621933 0.337643 6
1.371353 0.865367 0.164184 1
3.703988 3.420162 9.111724 1
2.802420 -2.129206 8.704790 6
2.272920 6.414735 0.571118 6
3.438572 -2.743537 9.049575 1
1.636768 7.029066 0.226332 1
3.234118 -1.027350 7.968839 6
1.841223 5.312879 1.307068 6
4.165058 -0.906606 7.820518 1
0.910282 5.192136 1.455390 1
2.342144 -0.102529 7.447719 6
2.733197 4.388059 1.828189 6
2.646913 0.646242 6.949510 1
2.428428 3.639288 2.326398 1
0.990576 -0.307812 7.677854 6
4.084764 4.593341 1.598053 6
-0.215188 0.479216 7.230199 6
5.290528 3.806313 2.045709 6
-0.265455 1.324571 7.669320 1
5.340795 2.960958 1.606587 1
-0.329360 0.600431 5.717577 6
5.404701 3.685098 3.558331 6
7.084746 -0.403412 5.022904 6
-2.009405 4.688941 4.253004 6
6.719927 -1.136147 5.504323 1
-1.644586 5.421677 3.771584 1
6.934044 -0.354992 3.646916 6
-1.858703 4.640522 5.628992 6
6.470645 -1.051854 3.197405 1
-1.395304 5.337384 6.078502 1
-0.638511 0.702217 2.925343 6
5.713852 3.583313 6.350564 6
7.342020 0.741714 1.983189 1
-2.266680 3.543816 7.292718 1
0.049739 1.706672 3.592652 6
5.025601 2.578857 5.683256 6
0.406652 2.435358 3.099081 1
4.668689 1.850171 6.176827 1
0.225360 1.665057 4.982832 6
4.849981 2.620473 4.293075 6
0.978007 2.764806 5.654686 6
4.097333 1.520723 3.621221 6
2.119986 4.803126 5.385777 6
2.955355 -0.517597 3.890130 6
1.549252 5.252768 6.043254 1
3.526089 -0.967238 3.232654 1
2.373706 5.438325 4.684333 1
2.701635 -1.152796 4.591574 1
2.926068 4.467167 5.828980 1
2.149272 -0.181638 3.446927 1
