7.181528 1.925136 14.548647 6
7.426132 3.906136 9.257364 6
2.556912 2.036864 1.322027 6
2.312308 0.055864 6.613310 6
7.565553 1.598667 13.267725 8
7.042106 3.579667 10.538286 8
2.172886 2.363333 2.602949 8
2.696333 0.382333 5.332388 8
6.907875 1.125208 12.871117 1
7.699785 3.106208 10.934895 1
2.830565 2.836792 2.999557 1
2.038655 0.855792 4.935780 1
8.093095 2.551924 15.348529 6
6.514565 0.570924 8.457482 6
1.645345 1.410076 0.522145 6
3.223875 3.391076 7.413192 6
8.939340 2.748836 15.012071 1
5.668319 0.767836 8.793941 1
0.799100 1.213164 0.858603 1
4.070120 3.194164 7.076734 1
14.540350 2.901373 0.788773 6
6.828869 0.920373 7.146565 6
-4.801911 1.060627 15.081902 6
2.909570 3.041627 8.724110 6
15.171243 3.338381 1.314092 1
6.197977 1.357381 6.621245 1
-5.432803 0.623619 14.556582 1
3.540463 2.604619 9.249429 1
13.313424 2.606204 1.306156 6
8.055796 0.625204 6.629181 6
-3.574984 1.355796 14.564518 6
1.682643 3.336796 9.241494 6
13.120631 2.831641 2.188566 1
8.248589 0.850641 5.746771 1
-3.382191 1.130359 13.682108 1
1.489851 3.111359 10.123903 1
12.329771 1.961982 0.520558 6
9.039449 3.942982 7.414779 6
-2.591331 2.000018 15.350116 6
0.698991 0.019018 8.455895 6
11.038953 1.650965 1.025246 6
10.330267 3.631965 6.910092 6
-1.300514 2.311035 14.845429 6
-0.591827 0.330035 8.960583 6
10.103423 1.018630 0.277737 6
11.265797 2.999630 7.657600 6
-0.364983 2.943370 15.592938 6
-1.527357 0.962370 8.213074 6
9.263995 0.816964 0.625305 1
12.105225 2.797964 7.310033 1
0.474445 3.145036 15.245370 1
-2.366786 1.164036 8.560642 1
3.684596 0.679879 14.832732 6
10.923064 2.660879 8.973279 6
6.053844 3.282121 1.037942 6
-1.184624 1.301121 6.897395 6
2.733242 0.002773 14.102999 9
11.874417 1.983773 9.703013 9
7.005197 3.959227 1.767676 9
-2.135978 1.978227 6.167661 9
4.872786 0.960389 14.262975 6
9.734874 2.941389 9.543036 6
4.865654 3.001611 1.607699 6
0.003566 1.020611 6.327638 6
5.873181 1.613723 15.024767 6
8.734479 3.594723 8.781244 6
3.865259 2.348277 0.845907 6
1.003961 0.367277 7.089430 6
10.838636 2.058259 2.332354 8
10.530584 0.077259 5.602983 8
-1.100196 1.903741 13.538320 8
-0.792144 3.884741 10.267691 8
9.537296 1.778938 2.888463 6
11.831924 3.759938 5.046874 6
0.201144 2.183062 12.982212 6
-2.093484 0.202062 10.823800 6
9.499063 2.103822 3.791504 1
11.870157 0.122822 4.143833 1
0.239376 1.858178 12.079170 1
-2.131717 3.839178 11.726841 1
9.382574 0.831624 2.883702 1
11.986645 2.812624 5.051636 1
0.355865 3.130376 12.986973 1
-2.248206 1.149376 10.819039 1
8.863504 2.216343 2.363143 1
12.505716 0.235343 5.572194 1
0.874936 1.745657 13.507531 1
-2.767276 3.726657 10.298481 1
5.147255 0.572905 12.946026 8
9.460405 2.553905 10.859985 8
4.591185 3.389095 2.924648 8
0.278035 1.408095 5.010689 8
4.397180 1.280915 11.936334 6
10.210479 3.261915 11.869677 6
5.341259 2.681085 3.934340 6
-0.472039 0.700085 4.000997 6
4.645614 0.956031 11.066621 1
9.962046 2.937031 12.739390 1
5.092826 3.005969 4.804053 1
-0.223606 1.024969 3.131284 1
4.588989 2.219512 11.993469 1
10.018671 0.238512 11.812543 1
5.149451 1.742488 3.877206 1
-0.280231 3.723488 4.058131 1
3.458905 1.137490 12.074409 1
11.148755 3.118490 11.731602 1
6.279535 2.824510 3.796265 1
-1.410315 0.843510 4.139072 1
