-0.057370 12.022611 14.493698 8
1.783727 3.119611 8.185543 8
5.153275 5.783389 0.625796 8
3.312178 14.686389 6.933951 8
1.385590 12.099355 14.608455 6
0.340767 3.196355 8.070786 6
3.710315 5.706645 0.511039 6
4.755138 14.609645 7.048708 6
1.795919 10.945348 13.689190 6
-0.069561 2.042348 8.990051 6
3.299986 6.860652 1.430304 6
5.165466 15.763652 6.129443 6
0.857866 10.031900 13.822241 6
0.868491 1.128900 8.856999 6
4.238039 7.774100 1.297253 6
4.227414 16.677100 6.262494 6
-0.151937 10.624662 14.829199 6
1.878294 1.721662 7.850041 6
5.247842 7.181338 0.290294 6
3.217611 16.084338 7.269453 6
1.404012 10.636058 1.071065 6
1.143940 1.733058 6.488682 6
3.691893 7.169942 14.048429 6
3.951965 16.072942 8.630812 6
1.222201 9.766057 2.162692 6
1.325751 0.863057 5.397054 6
3.873704 8.039943 12.956801 6
3.770154 16.942943 9.722439 6
1.160126 9.062720 3.130794 6
1.387826 0.159720 4.428953 6
3.935779 8.743280 11.988700 6
3.708079 17.646280 10.690540 6
1.166904 8.232782 4.291063 6
1.381049 17.135782 3.268683 6
3.929001 9.573218 10.828430 6
3.714856 0.670218 11.850810 6
0.155090 7.309007 4.529196 6
2.392863 16.212007 3.030551 6
4.940816 10.496993 10.590298 6
2.703042 1.593993 12.088942 6
0.179487 6.505956 5.659226 6
2.368465 15.408956 1.900520 6
4.916418 11.300044 9.460267 6
2.727440 2.397044 13.218973 6
1.216135 6.629886 6.564884 6
1.331818 15.532886 0.994863 6
3.879770 11.176114 8.554610 6
3.764087 2.273114 14.124631 6
2.223405 7.549744 6.355933 6
0.324548 16.452744 1.203814 6
2.872500 10.256256 8.763561 6
4.771357 1.353256 13.915680 6
2.221970 8.374518 5.228019 6
0.325982 17.277518 2.331728 6
2.873935 9.431482 9.891475 6
4.769923 0.528482 12.787765 6
3.257998 9.351355 5.045224 6
5.207455 0.448355 2.514523 6
1.837907 8.454645 10.074270 6
-0.111550 17.357645 12.604971 6
4.118170 10.177910 4.929711 6
4.347283 1.274910 2.630036 6
0.977735 7.628090 10.189783 6
0.748622 16.531090 12.489458 6
5.153805 11.170060 4.841262 6
3.311648 2.267060 2.718485 6
-0.057900 6.635940 10.278232 6
1.784257 15.538940 12.401009 6
0.221932 11.237545 5.825541 6
2.326021 2.334545 1.734206 6
4.873973 6.568455 9.293953 6
2.769884 15.471455 13.385288 6
1.232442 12.189631 5.752967 6
1.315510 3.286631 1.806779 6
3.863463 5.616369 9.366526 6
3.780395 14.519369 13.312714 6
1.280157 13.074056 4.700651 6
1.267795 4.171055 2.859096 6
3.815748 4.731945 10.418843 6
3.828110 13.634945 12.260397 6
0.314123 13.017789 3.704276 6
2.233829 4.114789 3.855471 6
4.781782 4.788211 11.415218 6
2.862076 13.691211 11.264023 6
5.209746 12.078166 3.757345 6
3.255706 3.175166 3.802401 6
-0.113841 5.727834 11.362148 6
1.840199 14.630834 11.317092 6
4.236454 11.977028 2.709413 6
4.228998 3.074028 4.850334 6
0.859451 5.828972 12.410080 6
0.866907 14.731972 10.269160 6
3.413273 11.832977 1.850172 6
5.052180 2.929977 5.709574 6
1.682632 5.973023 13.269321 6
0.043725 14.876023 9.409919 6
2.379682 11.564285 0.931814 6
0.168270 2.661285 6.627932 6
2.716223 6.241715 14.187679 6
4.927635 15.144715 8.491561 6
1.731136 13.016186 14.423997 1
-0.004778 4.113186 8.255244 1
3.364769 4.789814 0.695497 1
5.100683 13.692814 6.864250 1
2.681857 10.986302 13.153959 1
4.962000 2.083302 9.525281 1
2.414048 6.819698 1.965534 1
0.133905 15.722698 5.594213 1
0.793686 9.116672 13.380752 1
0.932672 0.213672 9.298489 1
4.302219 8.689328 1.738742 1
4.163233 17.592328 5.821005 1
4.796655 10.315016 14.854903 1
2.847202 1.412016 7.824338 1
0.299250 7.490984 0.264591 1
2.248703 16.393984 7.295156 1
5.314316 7.236358 3.912925 1
3.151136 16.139358 3.646822 1
-0.218411 10.569642 11.206569 1
1.944769 1.666642 11.472672 1
5.371554 5.899128 5.799838 1
3.093899 14.802128 1.759909 1
-0.275649 11.906872 9.319656 1
2.002006 3.003872 13.359585 1
1.262701 6.030892 7.363193 1
1.285252 14.933892 0.196553 1
3.833204 11.775108 7.756300 1
3.810653 2.872108 14.922940 1
2.991755 7.633432 7.015445 1
5.473698 16.536432 0.544302 1
2.104150 10.172568 8.104049 1
-0.377793 1.269568 14.575192 1
0.158415 10.598131 6.558836 1
2.389538 1.695131 1.000910 1
4.937490 7.207869 8.560657 1
2.706367 16.110869 14.118583 1
1.902925 12.264773 6.471143 1
0.645028 3.361773 1.088604 1
3.192980 5.541227 8.648350 1
4.450877 14.444227 14.030890 1
2.007434 13.767599 4.656804 1
0.540519 4.864599 2.902943 1
3.088471 4.038401 10.462690 1
4.555386 12.941401 12.216551 1
0.348694 13.616248 2.948301 1
2.199259 4.713248 4.611446 1
4.747211 4.189752 12.171192 1
2.896646 13.092752 10.508048 1
