5.952290 11.702879 4.547015 22
5.653025 5.572379 1.204914 22
0.128541 0.558121 6.956843 22
0.427805 6.688621 10.298944 22
5.676709 9.650388 3.723799 17
5.928606 3.519888 2.028130 17
0.404121 2.610612 7.780059 17
0.152224 8.741112 9.475728 17
-0.777992 10.755840 5.989139 17
1.334337 4.625340 11.266649 17
6.858822 1.505160 5.514720 17
4.746493 7.635660 0.237210 17
4.548912 11.480710 6.270523 17
4.572333 5.350210 10.985264 17
1.531918 0.780290 5.233335 17
1.508497 6.910790 0.518594 17
4.535335 0.539484 3.248690 17
7.069980 6.669984 2.503240 17
1.545495 11.721516 8.255169 17
-0.989149 5.591016 9.000619 17
7.443436 12.054893 3.222231 8
4.161879 5.924393 2.529698 8
-1.362606 0.206107 8.281628 8
1.918952 6.336607 8.974160 8
1.698454 11.720290 1.169942 6
1.341961 5.589790 4.581987 6
4.382376 0.540710 10.333916 6
4.738869 6.671210 6.921872 6
0.656883 0.213341 1.689917 6
2.383532 6.343841 4.062012 6
5.423947 12.047659 9.813942 6
3.697298 5.917159 7.441846 6
0.426093 1.528947 1.279229 6
2.614322 7.659447 4.472700 6
5.654737 10.732053 10.224629 6
3.466508 4.601553 7.031158 6
-0.288527 2.039004 1.641601 1
3.328942 8.169504 4.110329 1
6.369357 10.221996 9.862258 1
2.751888 4.091496 7.393530 1
1.267512 2.059848 0.333612 6
1.772903 8.190348 5.418317 6
4.813318 10.201152 11.170246 6
4.307927 4.070652 6.085541 6
1.142069 2.953675 0.037963 1
1.898346 9.084175 5.713966 1
4.938761 9.307325 11.465896 1
4.182484 3.176825 5.789892 1
-0.178138 1.295988 11.308293 6
0.734483 7.426488 5.947495 6
6.258968 10.965012 0.195566 6
5.346347 4.834512 5.556364 6
0.401703 1.682209 10.661776 1
0.154642 7.812709 6.594012 1
5.679127 10.578791 0.842082 1
5.926188 4.448291 4.909847 1
2.506325 0.012261 0.193265 6
0.534090 6.142761 5.558664 6
3.574505 12.248739 11.310594 6
5.546740 6.118239 5.945194 6
0.712886 11.755847 11.299090 1
-0.156541 5.625347 5.956698 1
5.367944 0.505153 0.204769 1
6.237371 6.635653 5.547161 1
1.735116 10.348284 1.793452 6
1.305299 4.217784 3.958478 6
4.345714 1.912716 9.710407 6
4.775531 8.043216 7.545381 6
2.587484 10.203604 2.276614 1
0.452931 4.073104 3.475316 1
3.493346 2.057396 9.227245 1
5.627899 8.187896 8.028543 1
1.635778 9.645729 1.103220 1
1.404637 3.515229 4.648709 1
4.445052 2.615271 10.400638 1
4.676193 8.745771 6.855149 1
0.552488 10.328666 2.764377 6
2.487927 4.198166 2.987552 6
5.528343 1.932334 8.739481 6
3.592903 8.062834 8.516306 6
-0.086646 9.612624 2.519345 1
3.127061 3.482124 3.232584 1
6.167476 2.648376 8.984513 1
2.953769 8.778876 8.271274 1
0.864701 10.172952 3.690438 1
2.175714 4.042452 2.061491 1
5.216129 2.088048 7.813421 1
3.905116 8.218548 9.442367 1
-0.091453 11.672472 2.644737 6
3.131868 5.541972 3.107192 6
6.172283 0.588528 8.859121 6
2.948962 6.719028 8.396666 6
