2.379287 9.298883 0.552179 9
0.143842 3.669883 7.721405 9
2.666971 1.959117 15.994988 9
4.902417 7.588117 8.825763 9
-2.979889 7.408777 16.225821 9
0.711277 1.779777 8.594930 9
8.026147 3.849223 0.321346 9
4.334982 9.478223 7.952238 9
2.348191 7.532728 1.753503 9
0.174939 1.903728 6.520080 9
2.698068 3.725272 14.793664 9
4.871320 9.354272 10.027087 9
8.070041 6.220833 2.657971 7
4.291089 0.591833 5.615612 7
-3.023782 5.037167 13.889196 7
0.755170 10.666167 10.931555 7
7.718438 7.764305 1.027910 7
4.642691 2.135305 7.245674 7
-2.672179 3.493695 15.519257 7
0.403567 9.122695 9.301494 7
5.939830 7.108864 2.352511 8
6.421299 1.479864 5.921073 8
-0.893572 4.149136 14.194656 8
-1.375040 9.778136 10.626094 8
0.364809 5.507076 2.048870 8
2.158320 11.136076 6.224713 8
4.681449 5.750924 14.498297 8
2.887939 0.121924 10.322454 8
0.103472 8.414342 3.489136 8
2.419658 2.785342 4.784448 8
4.942787 2.843658 13.058032 8
2.626601 8.472658 11.762719 8
-0.128504 10.382803 2.440707 8
2.651633 4.753803 5.832876 8
5.174763 0.875197 14.106460 8
2.394625 6.504197 10.714291 8
7.107824 7.058541 2.036129 6
5.253305 1.429541 6.237455 6
-2.061566 4.199459 14.511038 6
-0.207047 9.828459 10.309713 6
9.231789 6.226575 1.938832 6
3.129341 0.597575 6.334752 6
-4.185530 5.031425 14.608336 6
1.916918 10.660425 10.212415 6
9.097735 7.311508 0.875676 6
3.263394 1.682508 7.397908 6
-4.051477 3.946492 15.671491 6
1.782864 9.575492 9.149260 6
4.436048 6.915789 16.514073 1
3.133340 1.286789 8.306678 1
0.610211 4.342211 0.033094 1
1.912919 9.971211 8.240489 1
7.755833 5.460805 3.913901 6
4.605297 11.089805 4.359682 6
-2.709574 5.797195 12.633266 6
0.440962 0.168195 12.187485 6
-0.800211 4.901170 4.529952 6
3.323340 10.530170 3.743631 6
5.846470 6.356830 12.017215 6
1.722918 0.727830 12.803536 6
-0.410557 4.236385 3.924988 1
2.933686 9.865385 4.348596 1
5.456815 7.021615 12.622179 1
2.112573 1.392615 12.198572 1
-1.008758 4.478432 5.389412 1
3.531888 10.107432 2.884171 1
6.055017 6.779568 11.157755 1
1.514371 1.150568 13.662996 1
-0.160343 5.630126 4.671265 1
2.683472 0.001126 3.602318 1
5.206602 5.627874 11.875902 1
2.362786 11.256874 12.944849 1
6.794962 4.323072 3.569389 6
5.566167 9.952072 4.704194 6
-1.748703 6.934928 12.977778 6
-0.519909 1.305928 11.842973 6
5.981745 4.693460 3.165473 1
6.379384 10.322460 5.108111 1
-0.935487 6.564540 13.381694 1
-1.333125 0.935540 11.439057 1
6.560757 3.834475 4.386654 1
5.800372 9.463475 3.886930 1
-1.514499 7.423525 12.160513 1
-0.754113 1.794525 12.660238 1
7.225959 3.712888 2.935467 1
5.135170 9.341888 5.338116 1
-2.179701 7.545112 13.611700 1
-0.088911 1.916112 11.209051 1
7.136554 6.436649 4.921128 6
5.224575 0.807649 3.352456 6
-2.090295 4.821351 11.626040 6
-0.178317 10.450351 13.194711 6
7.715151 7.222007 5.013792 1
4.645979 1.593007 3.259792 1
-2.668892 4.035993 11.533376 1
0.400280 9.664993 13.287375 1
7.045261 5.994885 5.791509 1
5.315868 0.365885 2.482075 1
-1.999003 5.263115 10.755659 1
-0.269609 10.892115 14.065092 1
6.253019 6.717649 4.603422 1
6.108110 1.088649 3.670162 1
-1.206761 4.540351 11.943745 1
-1.061851 10.169351 12.877006 1
0.246327 8.486168 1.085163 6
2.276802 2.857168 7.188420 6
4.799932 2.771832 15.462004 6
2.769456 8.400832 9.358747 6
-0.025120 9.203415 0.443464 1
2.548249 3.574415 7.830120 1
5.071378 2.054585 16.103703 1
2.498010 7.683585 8.717048 1
0.082234 9.073047 2.486543 6
2.440895 3.444047 5.787041 6
4.964025 2.184953 14.060624 6
2.605363 7.813953 10.760126 6
-0.460237 11.007172 3.726918 6
2.983366 5.378172 4.546665 6
5.506495 0.250828 12.820249 6
2.062892 5.879828 12.000502 6
0.290822 10.902247 4.363488 1
2.232307 5.273247 3.910096 1
4.755437 0.355753 12.183679 1
2.813951 5.984753 12.637072 1
8.573014 10.582520 4.116935 1
3.788116 4.953520 4.156648 1
-3.526755 0.675480 12.430232 1
1.258143 6.304480 12.390519 1
-0.716086 1.197401 3.463157 6
3.239215 6.826401 4.810427 6
5.762344 10.060599 13.084011 6
1.807043 4.431599 11.736740 6
0.125642 1.639165 3.225043 1
2.397487 7.268165 5.048541 1
4.920616 9.618835 13.322124 1
2.648771 3.989835 11.498626 1
-1.088220 1.615523 4.267514 1
3.611349 7.244523 4.006069 1
6.134479 9.642477 12.279653 1
1.434909 4.013477 12.541098 1
8.484578 1.286789 2.723664 1
3.876551 6.915789 5.549920 1
-3.438320 9.971211 13.823503 1
1.169707 4.342211 10.997247 1
1.698001 8.160249 0.781854 6
0.825128 2.531249 7.491730 6
3.348257 3.097751 15.765314 6
4.221131 8.726751 9.055437 6
2.104941 8.312344 16.438287 6
5.464446 2.683344 8.382464 6
2.941317 2.945656 0.108880 6
-0.418188 8.574656 8.164703 6
1.290017 7.189809 15.818761 6
6.279370 1.560809 9.001990 6
3.756241 4.068191 0.728406 6
-1.233112 9.697191 7.545177 6
1.892503 6.486860 15.499732 1
5.676885 0.857860 9.321019 1
3.153756 4.771140 1.047436 1
-0.630627 10.400140 7.226148 1
0.769604 7.540608 15.066196 1
6.799784 1.911608 9.754555 1
4.276655 3.717392 1.480971 1
-1.753525 9.346392 6.792612 1
0.681689 6.817845 16.490907 1
6.887699 1.188845 8.329844 1
4.364569 4.440155 0.056260 1
-1.841440 10.069155 8.217323 1
3.015398 8.898098 15.363548 6
4.553990 3.269098 9.457202 6
2.030861 2.359902 1.183619 6
0.492268 7.988902 7.089965 6
3.488973 9.676251 15.724773 1
4.080415 4.047251 9.095978 1
1.557285 1.581749 0.822394 1
0.965844 7.210749 7.451189 1
2.475809 9.173018 14.592947 1
5.093579 3.544018 10.227804 1
2.570450 2.084982 1.954220 1
-0.047320 7.713982 6.319363 1
3.666038 8.221717 15.082743 1
3.903349 2.592717 9.738008 1
1.380220 3.036283 1.464424 1
1.142909 8.665283 6.809159 1
6.014582 9.435330 0.437838 6
6.346547 3.806330 7.835746 6
-0.968324 1.822670 16.109329 6
-1.300289 7.451670 8.711422 6
5.387843 9.067193 1.095422 1
6.973286 3.438193 7.178161 1
-0.341584 2.190807 15.451745 1
-1.927028 7.819807 9.369006 1
0.721151 9.845121 16.249318 1
6.848237 4.216121 8.571433 1
4.325108 1.412879 0.297849 1
-1.801979 7.041879 7.975735 1
6.577469 10.113061 0.867072 1
5.783661 4.484061 7.406512 1
-1.531210 1.144939 15.680096 1
-0.737402 6.773939 9.140655 1
