1.864866 3.916165 10.016384 8
8.807468 8.435165 1.476358 8
1.195792 2.890352 8.151112 8
9.476542 7.409352 3.341629 8
10.084105 2.625539 11.220363 8
0.588229 7.144539 0.272378 8
9.658472 2.385128 0.119525 1
1.013862 6.904128 11.373217 1
8.147370 3.739924 0.544181 7
2.524964 8.258924 10.948560 7
0.978316 3.633276 9.265448 6
9.694018 8.152276 2.227293 6
10.465842 4.022814 9.344748 6
0.206492 8.541814 2.147993 6
10.357178 4.952824 8.993070 1
0.315156 0.433824 2.499671 1
9.810521 3.042191 8.369014 6
0.861813 7.561191 3.123727 6
9.514590 2.219733 8.833321 1
1.157744 6.738733 2.659420 1
9.033082 3.454324 7.915051 1
1.639252 7.973324 3.577690 1
-0.035276 2.745744 7.392131 6
10.707610 7.264744 4.100610 6
-0.120834 1.825676 7.035856 1
10.793168 6.344676 4.456885 1
-0.056385 3.383827 6.634760 1
10.728719 7.902827 4.857982 1
9.937273 3.966778 10.762493 6
0.735061 8.485778 0.730249 6
10.482183 4.573228 11.341037 1
0.190151 0.054228 0.151704 1
8.448297 4.383430 10.847194 6
2.224037 8.902430 0.645547 6
7.992596 3.981239 10.052701 1
2.679738 8.500239 1.440041 1
8.225102 5.909044 10.762378 6
2.447232 1.390044 0.730364 6
7.368952 6.129572 11.208871 1
3.303382 1.610572 0.283871 1
8.948910 6.364560 11.260588 1
1.723424 1.845560 0.232153 1
8.190363 6.453132 9.345897 6
2.481971 1.934132 2.146844 6
9.220597 7.246668 8.855157 6
1.451737 2.727668 2.637584 6
9.960438 7.453639 9.414854 1
0.711896 2.934639 2.077888 1
9.183910 7.739239 7.564522 6
1.488424 3.220239 3.928219 6
9.900140 8.273385 7.243875 1
0.772194 3.754385 4.248867 1
8.109007 7.459965 6.732448 6
2.563327 2.940965 4.760294 6
8.089998 7.793467 5.842910 1
2.582336 3.274467 5.649832 1
7.066951 6.689928 7.213994 6
3.605383 2.170928 4.278748 6
6.319388 6.508264 6.656596 1
4.352946 1.989264 4.836146 1
7.104594 6.178377 8.510375 6
3.567740 1.659377 2.982366 6
6.387379 5.640616 8.826425 1
4.284955 1.121616 2.666316 1
8.498921 4.449407 1.792178 6
2.173413 8.968407 9.700563 6
7.964212 5.280903 1.851481 1
2.708122 0.761903 9.641261 1
9.454595 4.706087 1.758389 1
1.217739 0.187087 9.734352 1
8.254107 3.614296 3.040864 6
2.418227 8.133296 8.451877 6
8.227478 2.230578 3.009949 6
2.444856 6.749578 8.482792 6
8.366731 1.777775 2.187069 1
2.305603 6.296775 9.305673 1
7.998970 1.488559 4.173014 6
2.673364 6.007559 7.319727 6
7.992110 0.538665 4.139685 1
2.680224 5.057665 7.353056 1
7.780355 2.146525 5.379752 6
2.891979 6.665525 6.112989 6
7.623182 1.650339 6.173901 1
3.049152 6.169339 5.318841 1
7.793813 3.525724 5.411932 6
2.878521 8.044724 6.080809 6
7.634933 3.979431 6.231364 1
3.037401 8.498431 5.261377 1
8.037540 4.257802 4.253464 6
2.634794 8.776802 7.239278 6
8.056334 5.206792 4.291390 1
2.616000 0.687792 7.201352 1
6.687873 3.543800 0.428679 6
3.984461 8.062800 11.064062 6
6.242038 4.424101 0.344782 1
4.430296 8.943101 11.147959 1
6.348315 3.104553 1.248112 1
4.324019 7.623553 10.244630 1
6.071320 2.688805 10.712040 6
4.601014 7.207805 0.780702 6
6.751271 1.495789 10.465290 6
3.921063 6.014789 1.027451 6
7.382597 1.172229 11.097391 1
3.289737 5.691229 0.395350 1
6.508484 0.775460 9.297628 6
4.163850 5.294460 2.195114 6
6.992299 9.014501 9.124087 1
3.680035 4.495501 2.368654 1
5.566735 1.219226 8.393149 6
5.105599 5.738226 3.099592 6
5.414240 0.735693 7.589806 1
5.258094 5.254693 3.902935 1
4.840916 2.375186 8.657482 6
5.831418 6.894186 2.835259 6
4.165669 2.661691 8.052964 1
6.506665 7.180691 3.439778 1
5.105444 3.112687 9.809055 6
5.566890 7.631687 1.683687 6
4.621713 3.912550 9.979147 1
6.050621 8.431550 1.513594 1
