5.956101 6.868958 8.736591 8
6.750699 2.237442 19.632541 8
2.515099 2.315758 2.159359 8
1.720501 6.790642 13.055309 8
5.327029 3.947169 7.979540 8
7.379771 5.159231 18.875490 8
3.144171 8.500369 2.916410 8
1.091429 0.606031 13.812360 8
5.894007 1.725116 5.048529 8
6.812793 7.381284 15.944479 8
2.577193 6.278316 5.847421 8
1.658407 2.828084 16.743371 8
7.547585 0.136050 6.833504 8
5.159215 8.970350 17.729454 8
0.923615 4.689250 4.062446 8
3.311985 4.417150 14.958396 8
7.700321 8.842314 7.601015 1
5.006479 0.264086 18.496965 1
0.770879 4.289114 3.294935 1
3.464721 4.817286 14.190885 1
5.163535 5.084650 5.015188 8
7.543265 4.021750 15.911138 8
3.307665 0.531450 5.880762 8
0.927935 8.574950 16.776712 8
0.503189 0.488740 9.099862 7
3.732411 8.617660 19.995812 7
7.968011 5.041940 1.796088 7
4.738789 4.064460 12.692038 7
3.546891 3.508696 5.189523 7
0.688709 5.597704 16.085473 7
4.924309 8.061896 5.706427 7
7.782491 1.044504 16.602377 7
3.388480 2.640856 5.369524 1
0.847120 6.465544 16.265474 1
5.082720 7.194056 5.526426 1
7.624080 1.912344 16.422376 1
2.880208 4.106986 4.881386 1
1.355392 4.999414 15.777336 1
5.590992 8.660186 6.014564 1
7.115808 0.446214 16.910514 1
0.692097 5.169703 8.903299 6
3.543503 3.936697 19.799249 6
7.779103 0.616503 1.992651 6
4.927697 8.489897 12.888601 6
1.569713 5.423772 9.076326 1
2.665887 3.682628 19.972276 1
6.901487 0.870572 1.819624 1
5.805313 8.235828 12.715574 1
8.155224 6.102199 8.977609 6
4.551576 3.004201 19.873559 6
0.315976 1.548999 1.918341 6
3.919624 7.557401 12.814291 6
8.372087 6.970039 9.231049 1
4.334713 2.136361 20.126999 1
0.099113 2.416839 1.664901 1
4.136487 6.689561 12.560851 1
6.833717 5.808973 8.691481 6
5.873083 3.297427 19.587431 6
1.637483 1.255773 2.204469 6
2.598117 7.850627 13.100419 6
6.546543 4.500383 8.356322 6
6.160257 4.606017 19.252272 6
1.924657 9.053583 2.539628 6
2.310943 0.052817 13.435578 6
5.661303 2.664988 7.330359 6
7.045497 6.441412 18.226309 6
2.809897 7.218188 3.565591 6
1.425703 1.888212 14.461541 6
4.955652 2.007051 7.502951 1
7.751148 7.099349 18.398901 1
3.515548 6.560251 3.392999 1
0.720052 2.546149 14.288949 1
5.773123 2.930166 5.837614 6
6.933677 6.176234 16.733564 6
2.698077 7.483366 5.058336 6
1.537523 1.623034 15.954286 6
7.013306 2.645409 5.111944 6
5.693494 6.460991 16.007894 6
1.457894 7.198609 5.784006 6
2.777706 1.907791 16.679956 6
7.124279 3.068857 4.319155 1
5.582521 6.037543 15.215105 1
1.346921 7.622057 6.576795 1
2.888679 1.484343 17.472745 1
8.245866 2.157306 5.788800 6
4.460934 6.949094 16.684750 6
0.225334 6.710506 5.107150 6
4.010266 2.395894 16.003100 6
0.369344 2.909495 5.931755 1
3.866256 6.196905 16.827705 1
8.101856 7.462695 4.964195 1
4.604944 1.643705 15.860145 1
0.227028 1.533518 5.199547 1
4.008572 7.572882 16.095497 1
8.244172 6.086718 5.696403 1
4.462628 3.019682 16.592353 1
0.822554 1.379620 7.963414 6
3.413046 7.726780 18.859364 6
7.648646 5.932820 2.932536 6
5.058154 3.173580 13.828486 6
1.489237 0.917925 7.413604 1
2.746363 8.188475 18.309554 1
6.981963 5.471125 3.482346 1
5.724837 3.635275 14.378296 1
1.422314 2.753775 8.346734 6
2.813286 6.352625 19.242684 6
7.048886 7.306975 2.549216 6
5.657914 1.799425 13.445166 6
1.944988 2.647230 9.156956 1
2.290612 6.459170 20.052906 1
6.526212 7.200430 1.738994 1
6.180588 1.905970 12.634944 1
2.028005 3.033342 7.642419 1
2.207595 6.073058 18.538369 1
6.443195 7.586542 3.253531 1
6.263605 1.519858 14.149481 1
0.405770 3.848365 8.570101 6
3.829830 5.258035 19.466051 6
8.065430 8.401565 2.325849 6
4.641370 0.704835 13.221799 6
7.550381 3.557870 8.348477 6
5.156419 5.548530 19.244427 6
0.920819 8.111070 2.547473 6
3.314781 0.995330 13.443423 6
6.976880 2.214676 7.990436 6
5.729920 6.891724 18.886386 6
1.494320 6.767876 2.905514 6
2.741280 2.338524 13.801464 6
7.995966 1.470684 7.122900 6
4.710834 7.635716 18.018850 6
0.475234 6.023884 3.773050 6
3.760366 3.082516 14.669000 6
6.704108 1.385083 9.270928 6
6.002692 7.721317 20.166878 6
1.767092 5.938283 1.625022 6
2.468508 3.168117 12.520972 6
6.109429 1.882293 9.854297 1
6.597371 7.224107 20.750247 1
2.361771 6.435493 1.041653 1
1.873829 2.670907 11.937603 1
6.261911 0.556401 9.028384 1
6.444889 8.549999 19.924334 1
2.209289 5.109601 1.867566 1
2.026311 3.996799 12.763516 1
7.991730 1.072734 10.010327 6
4.715070 8.033666 20.906277 6
0.479470 5.625934 0.885623 6
3.756130 3.480466 11.781573 6
8.350062 1.886846 10.396915 1
4.356738 7.219554 21.292865 1
0.121138 6.440046 0.499035 1
4.114462 2.666354 11.394985 1
7.808752 0.451677 10.732511 1
4.898048 8.654723 21.628461 1
0.662448 5.004877 0.163439 1
3.573152 4.101523 11.059389 1
1.700170 0.028230 9.791101 6
2.535430 9.078170 20.687051 6
6.771030 4.581430 1.104849 6
5.935770 4.524970 12.000799 6
2.306708 8.746697 9.156956 1
1.928892 0.359703 20.052906 1
6.164492 4.193497 1.738994 1
6.542308 4.912903 12.634944 1
1.457894 8.476237 10.447037 1
2.777706 0.630163 21.342987 1
7.013306 3.923037 0.448913 1
5.693494 5.183363 11.344863 1
2.124577 0.771312 10.226939 1
2.111023 8.335088 21.122889 1
6.346623 5.324512 0.669011 1
6.360177 3.781888 11.564961 1
4.569365 6.622174 8.787802 6
8.137435 2.484226 19.683752 6
3.901835 2.068974 2.108148 6
0.333765 7.037426 13.004098 6
4.288969 6.205101 7.969298 1
8.417831 2.901299 18.865248 1
4.182231 1.651901 2.926652 1
0.053369 7.454499 13.822602 1
4.100908 7.452678 8.899812 1
0.134692 1.653722 19.795762 1
4.370292 2.899478 1.996138 1
8.336508 6.206922 12.892088 1
4.374528 6.042096 9.527419 1
8.332272 3.064304 20.423369 1
4.096672 1.488896 1.368531 1
0.138928 7.617504 12.264481 1
4.796393 3.941250 5.298918 6
7.910407 5.165150 16.194868 6
3.674807 8.494450 5.597032 6
0.560793 0.611950 16.492982 6
