-1.150533 3.059504 8.171731 8
15.282759 11.794954 4.182351 8
11.884285 14.411396 16.536433 8
-4.549007 5.675946 20.525813 8
0.246475 3.687932 10.684551 8
13.885751 12.423382 1.669531 8
10.487277 13.782968 14.023613 8
-3.151999 5.047518 23.038633 8
3.044607 4.634680 10.952635 8
11.087619 13.370130 1.401447 8
7.689145 12.836220 13.755529 8
-0.353867 4.100770 23.306717 8
4.973301 2.517731 10.490098 8
9.158925 11.253181 1.863984 8
5.760451 14.953169 14.218066 8
1.574827 6.217719 22.844180 8
3.581472 1.321674 8.173214 8
10.550754 10.057124 4.180868 8
7.152280 16.149226 16.534951 8
0.182998 7.413776 20.527296 8
2.224201 2.924978 3.915750 8
11.908025 11.660428 8.438332 8
8.509551 14.545922 20.792414 8
-1.174273 5.810472 16.269832 8
1.742750 5.188158 2.183213 8
12.389476 13.923608 10.170869 8
8.991002 12.282742 22.524951 8
-1.655724 3.547292 14.537295 8
0.587128 7.691389 1.447157 8
13.545098 16.426839 10.906925 8
10.146624 9.779511 23.261007 8
-2.811346 1.044061 13.801239 8
15.457401 7.795516 2.738159 8
-1.325174 16.530966 9.615923 8
-4.723648 9.675384 21.970005 8
12.058927 0.939934 15.092241 8
15.684774 5.134698 3.933046 8
-1.552548 13.870148 8.421037 8
-4.951022 12.336202 20.775119 8
12.286300 3.600752 16.287128 8
11.772935 1.738879 6.990187 8
2.359291 10.474329 5.363895 8
-1.039183 15.732021 17.717977 8
8.374461 6.996571 19.344269 8
6.697630 17.009144 7.152025 8
7.434596 8.273694 5.202057 8
4.036122 0.461756 17.556139 8
3.299156 9.197206 19.506107 8
2.969548 13.882552 8.483301 8
11.162678 5.147102 3.870781 8
7.764204 3.588348 16.224863 8
-0.428926 12.323798 20.837383 8
3.124143 11.503190 10.033244 8
11.008083 2.767740 2.320838 8
7.609609 5.967710 14.674920 8
-0.274331 14.703160 22.387326 8
4.076957 8.954360 10.808092 8
10.055269 0.218910 1.545990 8
6.656795 8.516540 13.900072 8
0.678483 17.251990 23.162174 8
6.850712 8.836956 9.634702 8
7.281514 0.101506 2.719381 8
3.883040 8.633944 15.073463 8
3.452238 17.369394 21.988784 8
6.898838 11.469296 8.434379 8
7.233388 2.733846 3.919703 8
3.834914 6.001604 16.273785 8
3.500364 14.737054 20.788461 8
6.534144 13.753092 4.268088 8
7.598082 5.017642 8.085994 8
4.199608 3.717808 20.440076 8
3.135670 12.453258 16.622170 8
5.049788 13.462202 1.665577 8
9.082438 4.726752 10.688505 8
5.683964 4.008698 23.042587 8
1.651314 12.744148 14.019659 8
2.421816 12.870637 0.666132 8
11.710410 4.135187 11.687950 8
8.311936 4.600263 24.042032 8
-0.976658 13.335713 13.020214 8
0.342741 14.520764 1.916859 8
13.789485 5.785314 10.437223 8
10.391011 2.950136 22.791305 8
-3.055733 11.685586 14.270941 8
1.634990 15.645191 4.273277 8
12.497236 6.909741 8.080805 8
9.098762 1.825709 20.434887 8
-1.763484 10.561159 16.627359 8
11.066888 14.824583 5.693008 8
3.065338 6.089133 6.661074 8
-0.333136 2.646317 19.015156 8
7.668414 11.381767 18.047090 8
16.028143 17.261599 5.374767 8
-1.895917 8.526149 6.979315 8
-5.294391 0.209301 19.333397 8
12.629669 8.944751 17.728849 8
-1.875497 3.278414 7.033179 6
16.007724 12.013864 5.320903 6
12.609250 14.192486 17.674985 6
-5.273971 5.457036 19.387261 6
14.430664 2.606658 6.974621 6
-0.298438 11.342108 5.379461 6
-3.696912 14.864242 17.733544 6
11.032190 6.128792 19.328703 6
14.150847 2.051084 7.691651 1
-0.018621 10.786534 4.662431 1
-3.417095 15.419816 17.016513 1
10.752373 6.684366 20.045734 1
13.635198 2.762848 5.861024 6
0.497028 11.498298 6.493058 6
-2.901446 14.708052 18.847141 6
10.236724 5.972602 18.215106 6
14.034432 3.580486 4.797831 6
0.097794 12.315936 7.556251 6
-3.300680 13.890414 19.910333 6
10.635958 5.154964 17.151913 6
13.488838 3.667142 4.024960 1
0.643388 12.402592 8.329122 1
-2.755086 13.803758 20.683204 1
10.090364 5.068308 16.379042 1
15.235155 4.259056 4.887522 6
-1.102929 12.994506 7.466560 6
-4.501403 13.211844 19.820642 6
11.836681 4.476394 17.241604 6
-1.463722 4.107933 6.000872 6
15.595948 12.843383 6.353210 6
12.197474 13.362967 18.707292 6
-4.862196 4.627517 18.354954 6
-0.631335 4.565146 6.048559 1
14.763561 13.300596 6.305523 1
11.365087 12.905754 18.659606 1
-4.029809 4.170304 18.402641 1
0.157671 3.644954 8.235231 6
13.974555 12.380404 4.118851 6
10.576081 13.825946 16.472933 6
-3.240803 5.090496 20.589313 6
0.090525 4.633283 8.254998 1
14.041701 13.368733 4.099084 1
10.643227 12.837617 16.453167 1
-3.307949 4.102167 20.609080 1
0.687548 3.384113 7.442099 1
13.444678 12.119563 4.911983 1
10.046204 14.086787 17.266065 1
-2.710925 5.351337 19.796181 1
0.819789 3.142491 9.492630 6
13.312437 11.877941 2.861452 6
9.913963 14.328409 15.215535 6
-2.578685 5.592959 21.846712 6
0.746351 2.155909 9.522526 1
13.385875 10.891359 2.831556 1
9.987401 15.314991 15.185638 1
-2.652123 6.579541 21.876609 1
1.782950 3.373631 9.463227 1
12.349276 12.109081 2.890855 1
8.950802 14.097269 15.244937 1
-1.615524 5.361819 21.817309 1
0.687337 5.002792 10.994392 6
13.444889 13.738242 1.359690 6
10.046415 12.468108 13.713772 6
-2.711137 3.732658 23.348474 6
-0.019937 5.464898 11.511534 1
14.152163 14.200348 0.842548 1
10.753689 12.006002 13.196630 1
-3.418411 3.270552 23.865616 1
0.821964 5.503333 10.152585 1
13.310262 14.238783 2.201497 1
9.911788 11.967567 14.555579 1
-2.576510 3.232117 22.506667 1
1.965497 5.023583 11.786536 6
12.166729 13.759033 0.567547 6
8.768255 12.447317 12.921629 6
-1.432977 3.711867 24.140618 6
2.126732 5.934865 12.139121 1
12.005494 14.670315 0.214961 1
8.607020 11.536035 12.569043 1
-1.271742 2.800585 24.493203 1
1.893334 4.402667 12.554218 1
5.441944 13.138117 24.508028 1
8.840418 13.068233 12.153946 1
5.291808 4.332783 0.200136 1
4.280286 4.482684 11.629639 6
9.851940 13.218134 0.724443 6
6.453466 12.988216 13.078525 6
0.881812 4.252766 23.983721 6
4.171033 3.876793 12.405969 1
3.164245 12.612243 24.656277 1
6.562719 13.594107 12.302195 1
7.569507 4.858657 0.051887 1
4.599092 5.360072 11.958751 1
9.533134 14.095522 0.395331 1
6.134660 12.110828 12.749413 1
1.200618 3.375378 24.312834 1
5.267341 3.905096 10.656878 6
8.864885 12.640546 1.697204 6
5.466411 13.565804 14.051286 6
1.868868 4.830354 23.010960 6
5.200050 4.372966 9.786904 1
8.932176 13.108416 2.567178 1
5.533702 13.097934 14.921260 1
1.801576 4.362484 22.140986 1
6.189208 4.018307 11.002545 1
7.943018 12.753757 1.351537 1
4.544544 13.452593 13.705619 1
2.790734 4.717143 23.356628 1
5.563796 1.962856 9.322390 6
8.568430 10.698306 3.031692 6
5.169956 15.508044 15.385774 6
2.165322 6.772594 21.676472 6
5.697162 0.992347 9.458285 1
8.435064 9.727797 2.895797 1
5.036590 16.478553 15.249879 1
2.298688 7.743103 21.812367 1
6.453872 2.374295 9.186495 1
7.678354 11.109745 3.167587 1
4.279880 15.096605 15.521669 1
3.055398 6.361155 21.540577 1
4.731340 2.173555 8.080064 6
9.400886 10.909005 4.274018 6
6.002412 15.297345 16.628100 6
1.332866 6.561895 20.434146 6
4.449724 3.120303 8.015328 1
9.682502 11.855753 4.338754 1
6.284028 14.350597 16.692836 1
1.051250 5.615147 20.369411 1
5.258441 1.946258 7.274084 1
8.873785 10.681708 5.079999 1
5.475311 15.524642 17.434081 1
1.859967 6.789192 19.628166 1
2.686956 1.386665 7.139918 6
11.445270 10.122115 5.214164 6
8.046796 16.084235 17.568246 6
-0.711518 7.348785 19.494000 6
1.520707 0.631748 7.280508 6
12.611519 9.367198 5.073574 6
9.213045 16.839152 17.427656 6
-1.877767 8.103702 19.634590 6
1.395126 0.089102 8.049920 1
12.737101 8.824552 4.304162 1
9.338627 17.381798 16.658244 1
-2.003348 8.646348 20.404002 1
0.548316 0.674901 6.295146 6
13.583910 9.410351 6.058936 6
10.185436 16.795999 18.413018 6
-2.850157 8.060549 18.649228 6
0.727445 1.431216 5.140534 6
13.404781 10.166666 7.213549 6
10.006307 16.039684 19.567631 6
-2.671029 7.304234 17.494616 6
0.060298 1.455326 4.464765 1
14.071928 10.190776 7.889317 1
10.673454 16.015574 20.243399 1
-3.338176 7.280124 16.818847 1
1.908882 2.149095 5.004639 6
12.223344 10.884545 7.349443 6
8.824870 15.321805 19.703525 6
-1.489592 6.586355 17.358721 6
2.883011 2.148746 5.996424 6
11.249215 10.884196 6.357658 6
7.850741 15.322154 18.711740 6
-0.515463 6.586704 18.350506 6
3.673199 2.664312 5.892897 1
10.459027 11.399762 6.461185 1
7.060553 14.806588 18.815267 1
0.274725 6.071138 18.246979 1
1.316228 2.941226 2.814754 6
12.815998 11.676676 9.539328 6
9.417524 14.529674 21.893410 6
-2.082246 5.794224 15.168836 6
0.433736 3.282782 3.100875 1
13.698490 12.018232 9.253207 1
10.300016 14.188118 21.607290 1
-2.964738 5.452668 15.454957 1
1.198022 2.028371 2.451050 1
12.934205 10.763821 9.903032 1
9.535731 15.442529 22.257114 1
-2.200452 6.707079 14.805132 1
1.914812 3.846917 1.770587 6
12.217414 12.582367 10.583495 6
8.818940 13.623983 22.937577 6
-1.483662 4.888533 14.124669 6
2.878658 3.647924 1.662859 1
11.253568 12.383374 10.691223 1
7.855094 13.822976 23.045305 1
-0.519816 5.087526 14.016942 1
1.467094 3.700337 0.899377 1
12.665132 12.435787 11.454705 1
9.266659 13.770563 23.808787 1
-1.931380 5.035113 13.253459 1
2.353871 6.115339 1.294214 6
11.778355 14.850789 11.059868 6
8.379881 11.355561 23.413951 6
-1.044602 2.620111 13.648296 6
2.047989 5.948841 0.368152 1
12.084237 14.684291 11.985930 1
8.685763 11.522059 24.340012 1
-1.350485 2.786609 12.722234 1
3.338847 6.013484 1.321887 1
10.793379 14.748934 11.032195 1
7.394905 11.457416 23.386277 1
-0.059627 2.721966 13.675969 1
1.970945 7.499908 1.718206 6
12.161282 16.235358 10.635876 6
8.762808 9.970992 22.989958 6
-1.427529 1.235542 14.072288 6
2.144972 7.617312 2.685777 1
11.987254 16.352762 9.668305 1
8.588780 9.853588 22.022387 1
-1.253502 1.118138 15.039860 1
2.507710 8.165899 1.220583 1
11.624516 16.901349 11.133499 1
8.226042 9.305001 23.487581 1
-0.890764 0.569551 13.574665 1
0.053514 8.840275 2.081169 6
14.078712 0.104825 10.272913 6
10.680238 8.630625 22.626995 6
-3.344960 17.366075 14.435251 6
0.414807 9.656166 1.652976 1
13.717419 0.920716 10.701106 1
10.318945 7.814734 23.055188 1
-2.983667 16.550184 14.007058 1
0.318855 8.849011 3.034163 1
13.813371 0.113561 9.319920 1
10.414897 8.621889 21.674002 1
-3.079619 17.357339 15.388245 1
16.083827 8.832064 1.971959 6
-1.951601 0.096614 10.382123 6
-5.350075 8.638836 22.736206 6
12.685353 17.374286 14.326041 6
15.737156 9.708579 2.275622 1
-1.604930 0.973129 10.078460 1
-5.003404 7.762321 22.432542 1
12.338683 16.497771 14.629704 1
15.833505 8.721473 1.020447 1
-1.701279 17.456923 11.333635 1
-5.099753 8.749427 23.687717 1
12.435032 0.013977 13.374529 1
15.417859 6.547394 2.047071 6
-1.285633 15.282844 10.307011 6
-4.684107 10.923506 22.661093 6
12.019385 2.188056 14.401153 6
16.338376 6.259823 1.823463 1
-2.206150 14.995273 10.530620 1
-5.604624 11.211077 22.884702 1
12.939902 2.475627 14.177545 1
14.911932 6.649425 1.203288 1
-0.779706 15.384875 11.150794 1
-4.178180 10.821475 23.504877 1
11.513458 2.086025 13.557370 1
14.760814 5.509972 2.908645 6
-0.628588 14.245422 9.445437 6
-4.027062 11.960928 21.799519 6
11.362340 3.225478 15.262727 6
13.935279 5.877211 3.313365 1
0.196947 14.612661 9.040717 1
-3.201527 11.593689 21.394799 1
10.536805 2.858239 15.667447 1
14.517094 4.720637 2.364571 1
-0.384868 13.456087 9.989511 1
-3.783342 12.750263 22.343593 1
11.118620 4.014813 14.718653 1
12.304349 2.083580 5.713516 6
1.827877 10.819030 6.640566 6
-1.570597 15.387320 18.994648 6
8.905875 6.651870 18.067598 6
11.675231 2.687024 5.245543 1
2.456995 11.422474 7.108539 1
-0.941479 14.783876 19.462621 1
8.276757 6.048426 17.599625 1
12.410480 1.264893 5.166477 1
1.721746 10.000343 7.187605 1
-1.676728 16.206007 19.541687 1
9.012007 7.470557 17.520559 1
10.520709 1.172123 6.944971 6
3.611517 9.907573 5.409111 6
0.213044 16.298777 17.763193 6
7.122235 7.563327 19.299053 6
9.793199 1.001083 5.779981 6
4.339027 9.736533 6.574101 6
0.940553 16.469817 18.928183 6
6.394725 7.734367 18.134063 6
10.167439 1.261399 4.946574 1
3.964787 9.996849 7.407508 1
0.566313 16.209501 19.761590 1
6.768965 7.474051 17.300657 1
8.517087 0.450400 5.822232 6
5.615139 9.185850 6.531850 6
2.216665 17.020500 18.885932 6
5.118613 8.285050 18.176314 6
8.023007 0.337188 5.018228 1
6.109219 9.072638 7.335854 1
2.710745 17.133712 19.689936 1
4.624533 8.398262 17.372310 1
7.961833 0.065516 7.030708 6
6.170393 8.800966 5.323374 6
2.771919 17.405384 17.677456 6
4.563359 8.669934 19.384790 6
8.698419 0.227471 8.207311 6
5.433807 8.962921 4.146771 6
2.035333 17.243429 16.500853 6
5.299945 8.507979 20.561393 6
8.325933 17.432464 9.040717 1
5.806294 8.697014 3.313365 1
2.407820 0.038436 15.667447 1
4.927459 8.773886 21.394799 1
9.966407 0.771864 8.162095 6
4.165820 9.507314 4.191987 6
0.767346 16.699036 16.546069 6
6.567933 7.963586 20.516177 6
10.464712 0.875292 8.964122 1
3.667514 9.610742 3.389960 1
0.269040 16.595608 15.744042 1
7.066238 7.860158 21.318204 1
5.982459 16.876715 5.926253 6
8.149768 8.141265 6.427829 6
4.751294 0.594185 18.781911 6
2.583985 9.329635 18.280335 6
6.526393 16.361498 5.277664 1
7.605833 7.626048 7.076418 1
4.207359 1.109402 19.430500 1
3.127920 9.844852 17.631746 1
5.813796 0.302247 5.542041 1
8.318430 9.037697 6.812041 1
4.919956 17.168653 19.166123 1
2.415322 8.433203 17.896123 1
4.675798 16.173511 6.160487 6
9.456428 7.438061 6.193596 6
6.057954 1.297389 18.547678 6
1.277324 10.032839 18.514569 6
3.697437 16.274318 5.185997 6
10.434789 7.538868 7.168085 6
7.036315 1.196582 19.522168 6
0.298963 9.932032 17.540079 6
3.826357 16.845442 4.437586 1
10.305869 8.109992 7.916496 1
6.907395 0.625458 20.270578 1
0.427883 9.360908 16.791668 1
2.525162 15.535299 5.307067 6
11.607064 6.799849 7.047015 6
8.208590 1.935601 19.401098 6
-0.873312 10.671051 17.661149 6
2.313636 14.738451 6.421405 6
11.818590 6.003001 5.932677 6
8.420116 2.732449 18.286759 6
-1.084838 11.467899 18.775487 6
1.510035 14.238783 6.510601 1
12.622191 5.503333 5.843481 1
9.223717 3.232117 18.197563 1
-1.888439 11.967567 18.864683 1
3.294813 14.678701 7.409237 6
10.837413 5.943251 4.944845 6
7.438939 2.792199 17.298927 6
-0.103660 11.527649 19.763319 6
4.491932 15.367404 7.286438 6
9.640294 6.631954 5.067644 6
6.241821 2.103496 17.421727 6
1.093458 10.838946 19.640520 6
5.169304 15.292279 7.948616 1
8.962922 6.556829 4.405466 1
5.564449 2.178621 16.759548 1
1.770830 10.914071 20.302698 1
3.971447 13.638134 9.467180 6
10.160779 4.902684 2.886902 6
6.762305 3.832766 15.240984 6
0.572973 12.568216 21.821262 6
4.298437 14.492112 9.846203 1
9.833789 5.756662 2.507879 1
6.435315 2.978788 14.861961 1
0.899963 11.714238 22.200285 1
4.739367 13.157335 9.065425 1
9.392859 4.421885 3.288657 1
5.994385 4.313565 15.642739 1
1.340893 13.049015 21.419507 1
3.329788 12.800230 10.537291 6
10.802438 4.064780 1.816791 6
7.403964 4.670670 14.170873 6
-0.068686 13.406120 22.891373 6
3.915557 12.764240 11.333635 1
10.216669 4.028790 1.020447 1
6.818195 4.706660 13.374529 1
0.517083 13.442110 23.687717 1
2.463965 13.199265 10.804880 1
11.668261 4.463815 1.549202 1
8.269787 4.271635 13.903284 1
-0.934509 13.007085 23.158962 1
2.440803 10.655152 10.943246 6
11.691423 1.919702 1.410836 6
8.292949 6.815748 13.764918 6
-0.957671 15.551198 23.297328 6
1.467437 10.837199 10.916067 1
12.664789 2.101749 1.438015 1
9.266315 6.633701 13.792097 1
-1.931037 15.369151 23.270149 1
2.764913 10.810993 11.864860 1
11.367313 2.075543 0.489222 1
7.968839 6.659907 12.843304 1
-0.633561 15.395357 24.218942 1
2.715573 9.239136 10.528149 6
11.416653 0.503686 1.825933 6
8.018179 8.231764 14.180015 6
-0.682901 16.967214 22.882231 6
2.129313 8.618395 11.027254 1
12.002913 17.353845 1.326828 1
8.604439 8.852505 13.680910 1
-1.269161 0.117055 23.381336 1
2.535878 9.126798 9.562060 1
11.596348 0.391348 2.792023 1
8.197874 8.344102 15.146105 1
-0.862596 17.079552 21.916142 1
4.614828 7.892654 10.034974 6
9.517398 16.628104 2.319108 6
6.118924 9.578246 14.673190 6
1.216354 0.842796 22.389056 6
4.444565 8.057579 9.072838 1
9.687661 16.793029 3.281244 1
6.289187 9.413321 15.635326 1
1.046091 0.677871 21.426920 1
4.179204 7.039026 10.286009 1
9.953022 15.774476 2.068073 1
6.554548 10.431874 14.422155 1
0.780730 1.696424 22.640091 1
6.102108 7.802853 10.285515 6
8.030118 16.538303 2.068568 6
4.631645 9.668047 14.422650 6
2.703634 0.932597 22.639597 6
6.267531 7.853170 11.259510 1
7.864695 16.588620 1.094572 1
4.466221 9.617730 13.448654 1
2.869057 0.882280 23.613592 1
6.427741 6.923718 9.969744 1
7.704485 15.659168 2.384338 1
4.306011 10.547182 14.738420 1
3.029267 1.811732 22.323826 1
6.874598 10.069353 10.343826 6
7.257628 1.333903 2.010256 6
3.859154 7.401547 14.364338 6
3.476124 16.136997 22.697908 6
7.279910 9.935701 11.237273 1
6.852316 1.200251 1.116809 1
3.453842 7.535199 13.470891 1
3.881436 16.270649 23.591355 1
5.951026 10.405668 10.466378 1
8.181200 1.670218 1.887704 1
4.782726 7.065232 14.241786 1
2.552553 15.800682 22.820460 1
7.680563 11.066068 9.560330 6
6.451663 2.330618 2.793752 6
3.053189 6.404832 15.147834 6
4.282089 15.140282 21.914412 6
7.896066 11.850511 10.125406 1
6.236160 3.115061 2.228676 1
2.837686 5.620389 14.582758 1
4.497592 14.355839 22.479488 1
8.529080 10.655502 9.258149 1
5.603146 1.920052 3.095933 1
2.204672 6.815398 15.450015 1
5.130606 15.550848 21.612231 1
7.457722 12.355071 7.549827 6
6.674504 3.619621 4.804255 6
3.276030 5.115829 17.158338 6
4.059248 13.851279 19.903909 6
8.684779 12.976162 7.732420 6
5.447447 4.240712 4.621662 6
2.048973 4.494738 16.975744 6
5.286305 13.230188 20.086502 6
9.196478 12.811411 8.514433 1
4.935748 4.075961 3.839649 1
1.537274 4.659489 16.193731 1
5.798005 13.394939 20.868515 1
9.158124 13.851104 6.744588 6
4.974102 5.115654 5.609495 6
1.575628 3.619796 17.963577 6
5.759650 12.355246 19.098670 6
8.418834 14.095173 5.607765 6
5.713392 5.359723 6.746317 6
2.314918 3.375727 19.100399 6
5.020360 12.111177 17.961847 6
8.742873 14.691280 4.944104 1
5.389353 5.955830 7.409978 1
1.990879 2.779620 19.764060 1
5.344399 11.515070 17.298186 1
7.184701 13.457834 5.441973 6
6.947525 4.722384 6.912109 6
3.549051 4.013066 19.266191 6
3.786227 12.748516 17.796055 6
6.694619 12.590055 6.400156 6
7.437608 3.854605 5.953926 6
4.039134 4.880845 18.308008 6
3.296145 13.616295 18.754238 6
5.855997 12.161493 6.280815 1
8.276229 3.426043 6.073267 1
4.877755 5.309407 18.427349 1
2.457523 14.044857 18.634897 1
5.172592 13.312651 4.137876 6
8.959634 4.577201 8.216206 6
5.561160 4.158249 20.570288 6
1.774118 12.893699 16.491958 6
4.651887 13.562660 4.941633 1
9.480339 4.827210 7.412449 1
6.081865 3.908240 19.766531 1
1.253413 12.643690 17.295715 1
5.138680 12.329214 4.032372 1
8.993546 3.593764 8.321710 1
5.595073 5.141686 20.675792 1
1.740206 13.877136 16.386454 1
4.604943 13.991221 2.914328 6
9.527283 5.255771 9.439754 6
6.128809 3.479679 21.793836 6
1.206469 12.215129 15.268410 6
3.617379 13.926054 2.947684 1
10.514847 5.190604 9.406398 1
7.116373 3.544846 21.760480 1
0.218905 12.280296 15.301766 1
4.842095 14.951596 2.950155 1
9.290131 6.216146 9.403927 1
5.891657 2.519304 21.758009 1
1.443621 11.254754 15.304237 1
4.587009 12.146643 1.375503 6
9.545217 3.411193 10.978579 6
6.146743 5.324257 23.332661 6
1.188535 14.059707 13.729586 6
5.042313 11.513323 1.986536 1
9.089913 2.777873 10.367546 1
5.691440 5.957577 22.721628 1
1.643839 14.693027 14.340618 1
4.859594 11.916901 0.452159 1
9.272632 3.181451 11.901923 1
5.874158 5.553999 24.256005 1
1.461120 14.289449 12.806241 1
3.090818 11.936294 1.498303 6
11.041408 3.200844 10.855779 6
7.642935 5.534606 23.209861 6
-0.307656 14.270056 13.852385 6
2.856965 11.013655 1.225525 1
11.275261 2.278205 11.128557 1
7.876787 6.457245 23.482639 1
-0.541509 15.192695 13.579607 1
2.808985 12.061909 2.438696 1
11.323241 3.326459 9.915386 1
7.924767 5.408991 22.269468 1
-0.589489 14.144441 14.792778 1
1.017802 12.656444 0.595961 6
13.114424 3.920994 11.758121 6
9.715950 4.814456 24.112203 6
-2.380672 13.549906 12.950043 6
0.852470 11.689779 0.457101 1
13.279757 2.954329 11.896981 1
9.881283 5.781121 24.251063 1
-2.546004 14.516571 12.811183 1
-6.133184 13.136370 24.512970 1
13.468462 4.400920 12.549277 1
16.866936 4.334530 0.195194 1
-2.734710 13.069980 12.158888 1
0.250327 13.106320 1.813085 6
13.881899 4.370870 10.540997 6
10.483425 4.364580 22.895079 6
-3.148147 13.100030 14.167167 6
16.831594 12.835870 1.732042 1
-2.699368 4.100420 10.622040 1
-6.097842 4.635030 22.976122 1
13.433120 13.370480 14.086124 1
0.628028 12.683873 2.624007 1
13.504198 3.948423 9.730075 1
10.105724 4.787027 22.084157 1
-2.770446 13.522477 14.978089 1
-0.318764 15.032661 3.071225 6
14.450990 6.297211 9.282857 6
11.052516 2.438239 21.636939 6
-3.717238 11.173689 15.425307 6
16.331793 14.589949 3.160174 1
-2.199567 5.854499 9.193908 1
-5.598041 2.880951 21.547990 1
12.933319 11.616401 15.514256 1
-0.480619 16.001597 2.945213 1
14.612845 7.266147 9.408869 1
11.214371 1.469303 21.762951 1
-3.879093 10.204753 15.299295 1
0.459440 14.829125 4.344437 6
13.672786 6.093675 8.009646 6
10.274312 2.641775 20.363728 6
-2.939034 11.377225 16.698519 6
-0.089625 15.089616 5.124473 1
14.221851 6.354166 7.229609 1
10.823377 2.381284 19.583691 1
-3.488099 11.116734 17.478555 1
0.709792 13.877136 4.442528 1
13.422434 5.141686 7.911554 1
10.023960 3.593764 20.265636 1
-2.688682 12.329214 16.796610 1
10.497973 14.506088 6.963255 6
3.634253 5.770638 5.390827 6
0.235779 2.964812 17.744909 6
7.099499 11.700262 19.317337 6
10.387429 15.330715 7.498928 1
3.744797 6.595265 4.855154 1
0.346323 2.140185 17.209236 1
6.988955 10.875635 19.853010 1
11.096706 13.892860 7.456924 1
3.035520 5.157410 4.897158 1
-0.362954 3.578040 17.251240 1
7.698232 12.313490 19.811006 1
12.303555 15.420340 5.718952 6
1.828671 6.684890 6.635130 6
-1.569803 2.050560 18.989212 6
8.905081 10.786010 18.073034 6
13.090632 15.557487 6.851574 6
1.041595 6.822037 5.502508 6
-2.356879 1.913413 17.856590 6
9.692158 10.648863 19.205656 6
12.780626 15.231131 7.689181 1
1.351600 6.495681 4.664901 1
-2.046874 2.239769 17.018983 1
9.382152 10.975219 20.043263 1
14.340078 16.174210 6.762872 6
-0.207852 7.438760 5.591210 6
-3.606326 1.296690 17.945293 6
10.941604 10.032140 19.116954 6
14.876005 16.270649 7.540932 1
-0.743779 7.535199 4.813150 1
-4.142253 1.200251 17.167232 1
11.477531 9.935701 19.895014 1
14.804143 16.647147 5.543030 6
-0.671917 7.911697 6.811053 6
-4.070391 0.823753 19.165135 6
11.405669 9.559203 17.897112 6
14.023105 16.487114 4.399289 6
0.109121 7.751664 7.954793 6
-3.289353 0.983786 20.308876 6
10.624631 9.719236 16.753371 6
14.341318 16.794776 3.557976 1
-0.209092 8.059326 8.796106 1
-3.607566 0.676124 21.150189 1
10.942844 9.411574 15.912058 1
12.783372 15.877554 4.492191 6
1.348854 7.142104 7.861891 6
-2.049620 1.593346 20.215973 6
9.384898 10.328796 16.846273 6
12.253344 15.769234 3.711166 1
1.878882 7.033784 8.642916 1
-1.519592 1.701666 20.996998 1
8.854871 10.437116 16.065248 1
-0.733875 17.403462 6.569160 6
14.866101 8.668012 5.784922 6
11.467627 0.067438 18.139005 6
-4.132349 8.802888 18.923242 6
-0.524731 16.508253 6.935582 1
14.656957 7.772803 5.418500 1
11.258483 0.962647 17.772582 1
-3.923205 9.698097 19.289664 1
-1.261835 0.424543 7.244434 1
15.394061 9.159993 5.109648 1
11.995587 17.046357 17.463730 1
-4.660309 8.310907 19.598516 1
-0.526107 8.001323 11.734154 8
14.658333 16.736773 0.619928 8
11.259859 9.469577 12.974010 8
-3.924581 0.734127 24.088236 8
-1.870375 9.912989 11.483119 6
16.002601 1.177539 0.870963 6
12.604127 7.557911 13.225045 6
-5.268849 16.293361 23.837201 6
-2.187327 9.450010 10.678869 1
16.319553 0.714560 1.675214 1
12.921079 8.020890 14.029296 1
-5.585801 16.756340 23.032951 1
-1.439968 10.755086 11.224919 1
15.572194 2.019636 1.129163 1
12.173720 6.715814 13.483245 1
-4.838442 15.451264 23.579001 1
-2.630279 10.101674 12.072409 1
16.762505 1.366224 0.281673 1
13.364031 7.369226 12.635755 1
-6.028753 16.104676 24.426491 1
-0.882712 9.047131 12.201386 6
15.014938 0.311681 0.152696 6
11.616464 8.423769 12.506779 6
-4.281186 17.159219 24.555468 6
-0.315803 9.622972 13.436547 6
7.651082 0.887522 23.625699 6
11.049555 7.847928 11.271617 6
3.082671 16.583378 1.082465 6
0.294248 8.976548 13.848926 1
7.041031 0.241098 23.213320 1
10.439505 8.494352 10.859238 1
3.692722 17.229802 1.494844 1
-1.040441 9.834370 14.061416 1
8.375719 1.098920 23.000830 1
11.774193 7.636530 10.646748 1
2.358033 16.371980 1.707334 1
0.176560 10.442357 13.218868 1
7.158718 1.706907 23.843378 1
10.557192 7.028543 11.489296 1
3.575034 15.763993 0.864786 1
7.162482 8.529293 0.378035 6
6.969744 17.264743 11.976047 6
3.571270 8.941607 24.330129 6
3.764008 0.206157 12.732117 6
-1.226377 9.109327 23.181200 6
8.561655 0.373877 13.881047 6
11.960129 8.361573 1.526965 6
2.172097 17.097023 10.827118 6
4.890049 8.871723 0.768424 8
9.242177 0.136273 11.585658 8
5.843703 8.599177 23.939740 8
1.491575 17.334627 13.122506 8
6.109385 7.437362 0.274261 6
8.022841 16.172812 12.079821 6
4.624367 10.033538 24.433904 6
2.710911 1.298088 12.628343 6
-0.515270 9.439527 23.349215 6
7.850548 0.704077 13.713031 6
11.249022 8.031373 1.358949 6
2.883204 16.766823 10.995133 6
4.517846 9.208911 0.222373 8
9.614380 0.473461 12.131709 8
6.215906 8.261989 24.485791 8
1.119372 16.997439 12.576456 8
-1.122369 8.738245 24.542867 6
8.457647 0.002795 12.519380 6
11.856121 8.732655 0.165298 6
2.276105 17.468105 12.188784 6
