7.160316 4.133184 27.224018 6
0.000716 8.266781 8.560684 6
-7.158884 12.400378 17.892351 6
-0.000716 8.267607 0.770982 6
14.318484 0.000413 10.102649 6
7.158884 4.134010 19.434316 6
7.160316 4.133184 26.222917 1
0.000716 8.266781 7.559583 1
-7.158884 12.400378 16.891250 1
-0.000716 8.267607 1.772083 1
14.318484 0.000413 11.103750 1
7.158884 4.134010 20.435417 1
5.704841 4.052454 27.652341 6
7.957251 2.914310 27.652341 6
7.816708 5.434027 27.652341 6
-1.454759 8.186051 8.989008 6
0.797651 7.047907 8.989008 6
0.657108 9.567624 8.989008 6
5.704841 12.319648 18.320675 6
-6.361949 11.181504 18.320675 6
0.657108 1.300430 18.320675 6
1.454759 8.348336 0.342659 6
-0.797651 9.486481 0.342659 6
-0.657108 6.966764 0.342659 6
1.454759 0.081143 9.674325 6
13.521549 1.219287 9.674325 6
6.502492 11.100361 9.674325 6
8.614359 4.214739 19.005992 6
6.361949 5.352884 19.005992 6
6.502492 2.833167 19.005992 6
4.755621 4.767980 26.905715 6
7.812198 1.734499 26.905715 6
8.910981 5.898312 26.905715 6
-2.403979 8.901577 8.242381 6
0.652598 5.868096 8.242381 6
1.751381 10.031909 8.242381 6
11.915221 0.634383 17.574048 6
7.812198 10.001693 17.574048 6
1.751381 1.764715 17.574048 6
2.403979 7.632811 1.089285 6
-0.652598 10.666292 1.089285 6
-1.751381 6.502479 1.089285 6
-4.755621 11.766408 10.420952 6
-0.652598 2.399098 10.420952 6
5.408219 10.636076 10.420952 6
9.563579 3.499214 19.752619 6
6.507002 6.532695 19.752619 6
5.408219 2.368882 19.752619 6
3.403817 4.721229 27.250333 6
8.528587 0.587177 27.250333 6
9.546396 7.092384 27.250333 6
-3.755783 8.854826 8.587000 6
1.368987 4.720774 8.587000 6
2.386796 11.225981 8.587000 6
10.563417 0.587632 17.918666 6
8.528587 8.854371 17.918666 6
2.386796 2.958787 17.918666 6
3.755783 7.679562 0.744667 6
-1.368987 11.813614 0.744667 6
-2.386796 5.308407 0.744667 6
-3.403817 11.813159 10.076334 6
-1.368987 3.546420 10.076334 6
4.772804 9.442004 10.076334 6
10.915383 3.545965 19.408000 6
5.790613 7.680017 19.408000 6
4.772804 1.174810 19.408000 6
2.781505 5.192211 26.738024 1
1.272261 12.213539 26.738024 1
-4.053766 7.395832 26.738024 1
-4.378095 9.325808 8.074691 1
1.272261 3.946345 8.074691 1
3.105834 11.529429 8.074691 1
9.941105 1.058614 17.406358 1
8.431861 8.079942 17.406358 1
3.105834 3.262235 17.406358 1
4.378095 7.208580 1.256976 1
5.887339 0.187252 1.256976 1
11.213366 5.004959 1.256976 1
-2.781505 11.342177 10.588642 1
-1.272261 4.320849 10.588642 1
4.053766 9.138556 10.588642 1
11.537695 3.074983 19.920309 1
5.887339 8.454446 19.920309 1
4.053766 0.871362 19.920309 1
2.987486 3.984994 0.340139 6
9.374351 0.594742 0.340139 6
9.116963 7.821055 0.340139 6
-4.172114 8.118591 9.671806 6
2.214751 4.728339 9.671806 6
1.957363 11.954652 9.671806 6
2.987486 12.252188 19.003473 6
-4.944849 8.861936 19.003473 6
1.957363 3.687458 19.003473 6
4.172114 8.415797 27.654861 6
-2.214751 11.806049 27.654861 6
-1.957363 4.579736 27.654861 6
4.172114 0.148603 8.991527 6
12.104449 3.538855 8.991527 6
5.202237 8.713333 8.991527 6
11.331714 4.282200 18.323194 6
4.944849 7.672452 18.323194 6
5.202237 0.446139 18.323194 6
2.084160 3.944692 0.571098 1
2.701317 12.233380 0.571098 1
-4.785477 8.623510 0.571098 1
9.243760 8.078289 9.902765 1
2.701317 3.966186 9.902765 1
9.533723 0.356316 9.902765 1
2.084160 12.211886 19.234431 1
-4.458283 8.099783 19.234431 1
2.374123 4.489913 19.234431 1
5.075440 8.456099 27.423902 1
4.458283 0.167411 27.423902 1
11.945077 3.777281 27.423902 1
5.075440 0.188905 8.760569 1
11.617883 4.301008 8.760569 1
4.785477 7.910878 8.760569 1
-2.084160 4.322502 18.092235 1
4.458283 8.434605 18.092235 1
-2.374123 12.044475 18.092235 1
3.928974 3.303943 1.074168 6
9.493415 1.750620 1.074168 6
8.056411 7.346229 1.074168 6
-3.230626 7.437540 10.405835 6
2.333815 5.884217 10.405835 6
0.896811 11.479826 10.405835 6
3.928974 11.571137 19.737501 6
-4.825785 10.017814 19.737501 6
0.896811 3.212632 19.737501 6
3.230626 9.096848 26.920832 6
-2.333815 10.650171 26.920832 6
-0.896811 5.054562 26.920832 6
3.230626 0.829654 8.257499 6
11.985385 2.382977 8.257499 6
6.262789 9.188159 8.257499 6
10.390226 4.963251 17.589165 6
4.825785 6.516574 17.589165 6
6.262789 0.920965 17.589165 6
5.281422 3.320312 0.748306 6
8.803015 2.913690 0.748306 6
7.394363 6.166789 0.748306 6
-1.878178 7.453909 10.079973 6
1.643415 7.047287 10.079973 6
0.234763 10.300386 10.079973 6
5.281422 11.587506 19.411640 6
-5.516185 11.180884 19.411640 6
0.234763 2.033192 19.411640 6
1.878178 9.080479 27.246694 6
-1.643415 9.487101 27.246694 6
-0.234763 6.234002 27.246694 6
1.878178 0.813285 8.583360 6
12.675785 1.219907 8.583360 6
6.924837 10.367599 8.583360 6
9.037778 4.946882 17.915027 6
5.516185 5.353504 17.915027 6
6.924837 2.100405 17.915027 6
5.894499 2.838541 1.262575 1
8.913702 3.685515 1.262575 1
6.670599 5.876735 1.262575 1
-1.265101 6.972138 10.594241 1
1.754102 7.819112 10.594241 1
-0.489001 10.010332 10.594241 1
5.894499 11.105735 19.925908 1
-5.405498 11.952709 19.925908 1
-0.489001 1.743138 19.925908 1
1.265101 9.562250 26.732426 1
-1.754102 8.715276 26.732426 1
0.489001 6.524056 26.732426 1
1.265101 1.295056 8.069092 1
12.565098 0.448082 8.069092 1
7.648601 10.657653 8.069092 1
8.424701 5.428653 17.400759 1
5.405498 4.581679 17.400759 1
7.648601 2.390459 17.400759 1
3.513502 2.540426 2.256397 7
10.362375 1.772569 2.256397 7
7.602922 8.087796 2.256397 7
-3.646098 6.674023 11.588064 7
3.202775 5.906166 11.588064 7
0.443322 12.221393 11.588064 7
3.513502 10.807620 20.919730 7
-3.956825 10.039763 20.919730 7
0.443322 3.954199 20.919730 7
3.646098 9.860365 25.738603 7
-3.202775 10.628222 25.738603 7
-0.443322 4.312995 25.738603 7
3.646098 1.593171 7.075270 7
11.116425 2.361028 7.075270 7
6.716278 8.446592 7.075270 7
10.805698 5.726768 16.406936 7
3.956825 6.494625 16.406936 7
6.716278 0.179398 16.406936 7
2.344769 2.612847 2.594017 8
10.884024 0.724206 2.594017 8
8.250007 9.063738 2.594017 8
9.504369 6.746444 11.925683 8
3.724424 4.857803 11.925683 8
8.250007 0.796544 11.925683 8
2.344769 10.880041 21.257350 8
-3.435176 8.991400 21.257350 8
1.090407 4.930141 21.257350 8
4.814831 9.787944 25.400983 8
-3.724424 11.676585 25.400983 8
-1.090407 3.337053 25.400983 8
4.814831 1.520750 6.737650 8
10.594776 3.409391 6.737650 8
6.069193 7.470650 6.737650 8
-2.344769 5.654347 16.069317 8
3.435176 7.542988 16.069317 8
-1.090407 11.604247 16.069317 8
4.341939 1.883060 2.852131 8
10.517452 2.818700 2.852131 8
6.619408 7.699031 2.852131 8
-2.817661 6.016657 12.183797 8
3.357852 6.952297 12.183797 8
-0.540192 11.832628 12.183797 8
4.341939 10.150254 21.515464 8
-3.801748 11.085894 21.515464 8
-0.540192 3.565434 21.515464 8
2.817661 10.517731 25.142869 8
-3.357852 9.582091 25.142869 8
0.540192 4.701760 25.142869 8
2.817661 2.250537 6.479536 8
10.961348 1.314897 6.479536 8
7.699792 8.835357 6.479536 8
9.977261 6.384134 15.811203 8
3.801748 5.448494 15.811203 8
7.699792 0.568163 15.811203 8
5.218274 5.492186 25.875499 8
6.953690 1.773065 25.875499 8
9.306836 5.135540 25.875499 8
-1.941326 9.625783 7.212165 8
-0.205910 5.906662 7.212165 8
2.147236 9.269137 7.212165 8
12.377874 1.358589 16.543832 8
6.953690 10.040259 16.543832 8
2.147236 1.001943 16.543832 8
1.941326 6.908605 2.119501 8
0.205910 10.627726 2.119501 8
-2.147236 7.265251 2.119501 8
-5.218274 11.042202 11.451168 8
0.205910 2.360532 11.451168 8
5.012364 11.398848 11.451168 8
9.100926 2.775008 20.782835 8
7.365510 6.494129 20.782835 8
5.012364 3.131654 20.782835 8
4.516992 5.906497 25.525841 1
6.945528 0.958581 25.525841 1
10.016280 5.535713 25.525841 1
-2.642608 10.040094 6.862508 1
-0.214072 5.092178 6.862508 1
2.856680 9.669310 6.862508 1
11.676592 1.772900 16.194174 1
6.945528 9.225775 16.194174 1
2.856680 1.402116 16.194174 1
2.642608 6.494294 2.469159 1
0.214072 11.442210 2.469159 1
-2.856680 6.865078 2.469159 1
-4.516992 10.627891 11.800826 1
0.214072 3.175016 11.800826 1
4.302920 10.998675 11.800826 1
9.802208 2.360697 21.132492 1
7.373672 7.308613 21.132492 1
4.302920 2.731481 21.132492 1
2.063397 7.757935 22.907189 6
-0.590667 10.308778 22.907189 6
-1.472730 6.734870 22.907189 6
-5.096203 11.891532 4.243855 6
-0.590667 2.041584 4.243855 6
5.686870 10.868467 4.243855 6
9.222997 3.624338 13.575522 6
6.568933 6.175181 13.575522 6
5.686870 2.601273 13.575522 6
5.096203 4.642856 5.087811 6
7.750267 2.092013 5.087811 6
8.632330 5.665921 5.087811 6
-2.063397 8.776453 14.419478 6
0.590667 6.225610 14.419478 6
1.472730 9.799518 14.419478 6
12.255803 0.509259 23.751145 6
7.750267 10.359207 23.751145 6
1.472730 1.532324 23.751145 6
1.777729 8.399056 23.591387 1
-1.003060 9.740821 23.591387 1
-0.774669 6.661705 23.591387 1
1.777729 0.131862 4.928053 1
13.316140 1.473627 4.928053 1
6.384931 10.795302 4.928053 1
8.937329 4.265459 14.259720 1
6.156540 5.607224 14.259720 1
6.384931 2.528108 14.259720 1
5.381871 4.001735 4.403613 1
8.162660 2.659970 4.403613 1
7.934269 5.739086 4.403613 1
-1.777729 8.135332 13.735280 1
1.003060 6.793567 13.735280 1
0.774669 9.872683 13.735280 1
5.381871 12.268929 23.066947 1
-6.156540 10.927164 23.066947 1
0.774669 1.605489 23.066947 1
1.308775 7.180058 22.667552 1
0.287100 9.944194 22.667552 1
-1.595875 7.677330 22.667552 1
-5.850825 11.313655 4.004218 1
0.287100 1.677000 4.004218 1
5.563725 11.810927 4.004218 1
8.468375 3.046461 13.335885 1
7.446700 5.810597 13.335885 1
5.563725 3.543733 13.335885 1
5.850825 5.220733 5.327449 1
6.872500 2.456597 5.327449 1
8.755475 4.723461 5.327449 1
-1.308775 9.354330 14.659115 1
-0.287100 6.590194 14.659115 1
1.595875 8.857058 14.659115 1
13.010425 1.087136 23.990782 1
6.872500 10.723791 23.990782 1
1.595875 0.589864 23.990782 1
2.369828 8.244046 22.113251 1
-1.164867 10.331099 22.113251 1
-1.204961 6.226437 22.113251 1
-4.789772 12.377643 3.449917 1
-1.164867 2.063905 3.449917 1
5.954639 10.360034 3.449917 1
9.529428 4.110449 12.781584 1
5.994733 6.197502 12.781584 1
5.954639 2.092840 12.781584 1
4.789772 4.156745 5.881750 1
8.324467 2.069692 5.881750 1
8.364561 6.174354 5.881750 1
-2.369828 8.290342 15.213416 1
1.164867 6.203289 15.213416 1
1.204961 10.307951 15.213416 1
11.949372 0.023148 24.545083 1
8.324467 10.336886 24.545083 1
1.204961 2.040757 24.545083 1
3.172634 6.928694 23.438814 6
-0.427142 11.684025 23.438814 6
-2.745492 6.188863 23.438814 6
-3.986966 11.062291 4.775480 6
-0.427142 3.416831 4.775480 6
4.414108 10.322460 4.775480 6
10.332234 2.795097 14.107147 6
6.732458 7.550428 14.107147 6
4.414108 2.055266 14.107147 6
3.986966 5.472097 4.556186 6
7.586742 0.716766 4.556186 6
9.905092 6.211928 4.556186 6
-3.172634 9.605694 13.887853 6
0.427142 4.850363 13.887853 6
2.745492 10.345525 13.887853 6
11.146566 1.338500 23.219520 6
7.586742 8.983960 23.219520 6
2.745492 2.078331 23.219520 6
4.091711 6.300842 22.503501 6
6.816655 0.393105 22.503501 6
10.570433 5.706844 22.503501 6
-3.067889 10.434439 3.840167 6
-0.342945 4.526702 3.840167 6
3.410833 9.840441 3.840167 6
11.251311 2.167245 13.171834 6
6.816655 8.660299 13.171834 6
3.410833 1.573247 13.171834 6
3.067889 6.099949 5.491499 6
0.342945 12.007686 5.491499 6
-3.410833 6.693947 5.491499 6
-4.091711 10.233546 14.823166 6
0.342945 3.740492 14.823166 6
3.748767 10.827544 14.823166 6
10.227489 1.966352 24.154833 6
7.502545 7.874089 24.154833 6
3.748767 2.560350 24.154833 6
4.776169 5.807290 23.000692 1
6.901854 1.232639 23.000692 1
9.800776 5.360862 23.000692 1
-2.383431 9.940887 4.337359 1
-0.257746 5.366236 4.337359 1
2.641176 9.494459 4.337359 1
11.935769 1.673693 13.669025 1
6.901854 9.499833 13.669025 1
2.641176 1.227265 13.669025 1
2.383431 6.593501 4.994308 1
0.257746 11.168152 4.994308 1
-2.641176 7.039929 4.994308 1
-4.776169 10.727098 14.325975 1
0.257746 2.900958 14.325975 1
4.518424 11.173526 14.325975 1
9.543031 2.459904 23.657641 1
7.417346 7.034555 23.657641 1
4.518424 2.906332 23.657641 1
4.519855 6.990326 21.953679 1
6.005472 0.419147 21.953679 1
10.953472 4.991318 21.953679 1
-2.639745 11.123923 3.290346 1
-1.154128 4.552744 3.290346 1
3.793872 9.124915 3.290346 1
11.679455 2.856729 12.622012 1
6.005472 8.686341 12.622012 1
3.793872 0.857721 12.622012 1
2.639745 5.410465 6.041321 1
1.154128 11.981644 6.041321 1
-3.793872 7.409473 6.041321 1
-4.519855 9.544062 15.372988 1
1.154128 3.714450 15.372988 1
3.365728 11.543070 15.372988 1
9.799345 1.276868 24.704654 1
8.313728 7.848047 24.704654 1
3.365728 3.275876 24.704654 1
3.596267 5.683282 21.925684 1
7.599199 0.272817 21.925684 1
10.283333 6.444691 21.925684 1
-3.563333 9.816879 3.262351 1
0.439599 4.406414 3.262351 1
3.123733 10.578288 3.262351 1
10.755867 1.549686 12.594017 1
7.599199 8.540011 12.594017 1
3.123733 2.311094 12.594017 1
3.563333 6.717508 6.069316 1
-0.439599 12.127974 6.069316 1
-3.123733 5.956100 6.069316 1
-3.596267 10.851105 15.400983 1
-0.439599 3.860780 15.400983 1
4.035867 10.089697 15.400983 1
10.722933 2.583911 24.732649 1
6.720001 7.994377 24.732649 1
4.035867 1.822503 24.732649 1
3.277092 6.794641 24.631681 8
-0.363278 11.841515 24.631681 8
-2.913814 6.165425 24.631681 8
-3.882508 10.928238 5.968347 8
-0.363278 3.574321 5.968347 8
4.245786 10.299022 5.968347 8
10.436692 2.661044 15.300014 8
6.796322 7.707918 15.300014 8
4.245786 2.031828 15.300014 8
3.882508 5.606150 3.363319 8
7.522878 0.559276 3.363319 8
10.073414 6.235366 3.363319 8
-3.277092 9.739747 12.694986 8
0.363278 4.692873 12.694986 8
2.913814 10.368963 12.694986 8
11.042108 1.472553 22.026653 8
7.522878 8.826470 22.026653 8
2.913814 2.101769 22.026653 8
13.488686 0.694444 0.000000 8
6.973450 11.334323 0.000000 8
1.016663 0.372024 0.000000 8
6.329086 4.828041 9.331667 8
6.973450 3.067129 9.331667 8
8.176263 4.505621 9.331667 8
-0.830514 8.961638 18.663333 8
-0.186150 7.200726 18.663333 8
1.016663 8.639218 18.663333 8
-6.329086 11.706347 0.000000 8
0.186150 1.066468 0.000000 8
6.142937 12.028767 0.000000 8
7.990114 3.439153 9.331667 8
7.345750 5.200065 9.331667 8
6.142937 3.761573 9.331667 8
0.830514 7.572750 18.663333 8
0.186150 9.333662 18.663333 8
-1.016663 7.895170 18.663333 8
