1.509860 12.523524 3.992773 8
5.114448 2.618024 3.081595 8
4.270755 7.287476 10.155963 8
0.666167 17.192976 11.067141 8
4.579865 14.212213 3.363579 8
2.044443 4.306713 3.710789 8
1.200750 5.598787 10.785157 8
3.736172 15.504287 10.437947 8
4.095443 12.018739 3.349572 8
2.528864 2.113239 3.724796 8
1.685172 7.792261 10.799164 8
3.251750 17.697761 10.423940 8
2.637346 15.897139 7.540427 8
2.299577 5.991639 13.682677 8
3.143269 3.913861 6.608309 8
3.481038 13.819361 0.466059 8
2.175465 17.200306 4.419358 8
4.448842 7.294806 2.655010 8
3.605150 2.610694 9.729378 8
1.331773 12.516194 11.493726 8
1.779775 16.219464 2.450278 8
4.844532 6.313964 4.624090 8
4.000840 3.591536 11.698458 8
0.936083 13.497036 9.524646 8
0.382354 6.816965 6.838084 6
6.241953 16.722465 0.236284 6
5.398261 12.994035 7.310652 6
-0.461339 3.088535 13.912452 6
-0.520339 6.622817 6.573503 1
7.144646 16.528317 0.500865 1
6.300954 13.188183 7.575233 1
-1.364031 3.282683 13.647871 1
0.463708 6.719891 7.790294 1
4.473215 16.625391 13.432810 1
5.316907 13.091109 6.358442 1
1.307400 3.185609 0.715926 1
0.981899 6.206786 6.400888 1
5.642409 16.112286 0.673480 1
4.798716 13.604214 7.747848 1
0.138206 3.698714 13.475256 1
0.730392 8.237612 6.443334 6
5.893915 18.143112 0.631034 6
5.050222 11.573388 7.705402 6
-0.113300 1.667888 13.517702 6
0.837644 9.233709 7.391300 6
4.099279 19.139209 13.831804 6
4.942971 10.577291 6.757436 6
1.681336 0.671791 0.316932 6
0.721702 9.019948 8.288330 1
4.215221 18.925448 12.934775 1
5.058913 10.791052 5.860406 1
1.565394 0.885552 1.213962 1
1.111117 10.537471 7.039421 6
5.513191 0.631971 0.034947 6
4.669498 9.273529 7.109315 6
0.267424 19.179029 14.113789 6
1.164960 11.187272 7.702572 1
3.771963 1.281772 13.520532 1
4.615655 8.623728 6.446164 1
2.008652 18.529228 0.628204 1
1.309471 10.898031 5.708732 6
5.314837 0.992531 1.365636 6
4.471144 8.912969 8.440004 6
0.465778 18.818469 12.783100 6
1.211427 9.898368 4.758078 6
5.412881 19.803868 2.316290 6
4.569188 9.912632 9.390658 6
0.367734 0.007132 11.832446 6
1.339469 10.103610 3.859775 1
5.284838 0.198110 3.214593 1
4.441146 9.707390 10.288961 1
0.495777 19.612890 10.934143 1
0.924524 8.596389 5.128634 6
5.699783 18.501889 1.945734 6
4.856091 11.214611 9.020102 6
0.080832 1.309111 12.203002 6
0.860484 7.944211 4.469586 1
5.763824 17.849711 2.604782 1
4.920131 11.866789 9.679150 1
0.016791 1.961289 11.543954 1
1.616341 12.283216 5.340440 6
5.007966 2.377716 1.733928 6
4.164273 7.527784 8.808296 6
0.772649 17.433284 12.414808 6
1.901631 13.301898 6.178187 6
4.722677 3.396398 0.896181 6
3.878984 6.509102 7.970549 6
1.057938 16.414602 13.252555 6
2.076874 13.130731 7.075783 1
2.860049 3.225231 14.147321 1
3.703741 6.680269 7.072953 1
2.920566 16.585769 0.001415 1
1.935202 14.656970 5.685670 6
4.689106 4.751470 1.388698 6
3.845413 5.154030 8.463066 6
1.091509 15.059530 12.760038 6
2.083565 14.859241 4.357103 6
4.540742 4.953741 2.717265 6
3.697050 4.951759 9.791633 6
1.239873 14.857259 11.431471 6
2.300137 13.621845 3.530534 6
4.324171 3.716345 3.543834 6
3.480478 6.189155 10.618202 6
1.456444 16.094655 10.604902 6
1.999589 13.828078 2.620346 1
4.624718 3.922578 4.454022 1
3.781026 5.982922 11.528390 1
1.155897 15.888422 9.694714 1
1.747098 15.729142 6.728148 6
4.877209 5.823642 0.346220 6
4.033517 4.081858 7.420588 6
0.903406 13.987358 13.802517 6
0.457941 16.471064 6.790403 6
6.166367 6.565564 0.283965 6
5.322674 3.339936 7.358333 6
-0.385752 13.245436 13.864771 6
0.327944 17.543631 7.670030 6
4.608979 7.638131 13.553074 6
5.452671 2.267369 6.478706 6
1.171636 12.172869 0.595662 6
1.044807 17.790278 8.209097 1
3.892115 7.884778 13.014007 1
4.735808 2.020722 5.939639 1
1.888500 11.926222 1.134729 1
-0.860977 18.240384 7.745301 6
5.797900 8.334884 13.477803 6
6.641592 1.570616 6.403435 6
-0.017285 11.476116 0.670933 6
-0.931645 18.955165 8.337850 1
5.868567 9.049665 12.885254 1
6.712260 0.855835 5.810886 1
-0.087952 10.761335 1.263482 1
5.510614 17.900427 6.955943 6
1.113694 7.994927 0.118425 6
0.270001 1.910573 7.192793 6
4.666921 11.816073 14.030311 6
5.642852 16.819143 6.092587 6
0.981455 6.913643 0.981781 6
0.137763 2.991857 8.056149 6
4.799160 12.897357 13.166955 6
4.921837 16.565958 5.563283 1
1.702470 6.660458 1.511085 1
0.858778 3.245042 8.585453 1
4.078145 13.150542 12.637651 1
-0.637604 16.113673 6.008827 6
7.261912 6.208173 1.065541 6
6.418219 3.697327 8.139909 6
-1.481297 13.602827 13.083195 6
-0.570770 15.393147 5.424625 1
7.195077 5.487647 1.649743 1
6.351385 4.417853 8.724111 1
-1.414462 14.323353 12.498993 1
4.218582 18.672066 7.057956 6
2.405726 8.766566 0.016413 6
1.562033 1.138934 7.090781 6
3.374889 11.044434 14.132324 6
4.316624 19.377139 7.701157 1
0.620298 9.471639 13.521947 1
1.463991 0.433861 6.447579 1
5.160317 10.339361 0.626789 1
3.514203 18.081500 7.334705 1
1.422719 8.176000 13.888399 1
2.266412 1.729500 6.814031 1
4.357896 11.635000 0.260337 1
4.001852 19.048277 6.201391 1
2.622455 9.142777 0.872977 1
1.778763 0.762723 7.947345 1
3.158160 10.668223 13.275759 1
3.571773 18.293477 6.457483 1
3.052535 8.387977 0.616885 1
2.208842 1.517523 7.691253 1
2.728080 11.423023 13.531851 1
4.374194 19.589117 6.823935 1
2.250114 9.683617 0.250433 1
1.406421 0.221883 7.324801 1
3.530501 10.127383 13.898303 1
3.886545 18.622340 7.957249 1
1.050378 8.716840 13.265855 1
1.894070 1.188660 6.191487 1
4.730237 11.094160 0.882881 1
3.758409 13.164806 3.427248 6
2.865899 3.259306 3.647120 6
2.022206 6.646194 10.721488 6
2.914716 16.551694 10.501616 6
5.953511 13.908313 3.018067 6
0.670796 4.002813 4.056301 6
-0.172896 5.902687 11.130669 6
5.109819 15.808187 10.092435 6
6.310090 13.277332 3.647544 1
0.314218 3.371832 3.426824 1
-0.529475 6.533668 10.501192 1
5.466397 16.439168 10.721912 1
6.475491 14.713630 3.043393 1
0.148816 4.808130 4.030975 1
-0.694876 5.097370 11.105343 1
5.631799 15.002870 10.117761 1
5.986381 13.532894 2.135044 1
0.637926 3.627394 4.939324 1
-0.205766 6.278106 12.013692 1
5.142689 16.183606 9.209412 1
1.993589 16.137248 3.633112 6
4.630718 6.231748 3.441256 6
3.787026 3.673752 10.515624 6
1.149897 13.579252 10.707480 6
1.978455 18.493172 3.805727 6
4.645853 8.587672 3.268641 6
3.802160 1.317828 10.343009 6
1.134762 11.223328 10.880095 6
2.624865 18.618378 3.107062 1
3.999442 8.712878 3.967306 1
3.155750 1.192622 11.041674 1
1.781172 11.098122 10.181430 1
2.085573 19.181010 4.466756 1
4.538734 9.275510 2.607612 1
3.695042 0.629990 9.681980 1
1.241881 10.535490 11.541124 1
1.093611 18.541115 3.435313 1
5.530696 8.635615 3.639055 1
4.687004 1.269885 10.713423 1
0.249919 11.175385 10.509681 1
