17.033887 1.870138 15.955232 6
0.715917 1.870138 2.866559 6
8.158985 6.057638 6.544337 6
9.590819 6.057638 12.277454 6
17.605686 2.134788 16.704339 1
0.144119 2.134788 2.117451 1
8.730783 6.322287 7.293444 1
9.019021 6.322287 11.528347 1
17.899204 1.386900 14.816514 6
-0.149400 1.386900 4.005277 6
9.024302 5.574400 5.405618 6
8.725502 5.574400 13.416173 6
18.506761 2.095425 14.551127 1
-0.756957 2.095425 4.270664 1
9.631859 6.282925 5.140231 1
8.117945 6.282925 13.681560 1
17.339522 1.174175 14.054231 1
0.410282 1.174175 4.767560 1
8.464620 5.361675 4.643336 1
9.285185 5.361675 14.178455 1
-3.512060 6.251937 16.271438 6
21.261865 6.251937 2.550353 6
9.722038 2.064437 6.860543 6
8.027767 2.064437 11.961248 6
-2.984726 5.901863 15.550564 1
20.734531 5.901863 3.271227 1
10.249372 1.714363 6.139668 1
7.500433 1.714363 12.682123 1
17.997511 5.573562 16.587644 1
-0.247707 5.573562 2.234147 1
9.122609 1.386062 7.176749 1
8.627196 1.386062 11.645042 1
-2.932636 6.526637 16.986666 1
20.682441 6.526637 1.835125 1
10.301462 2.339138 7.575771 1
7.448343 2.339138 11.246020 1
-3.407712 0.159962 15.206125 6
21.157516 0.159962 3.615666 6
9.826386 4.347462 5.795229 6
7.923418 4.347462 13.026562 6
-2.742643 0.412887 15.879945 1
20.492447 0.412887 2.941846 1
10.491455 4.600388 6.469050 1
7.258349 4.600388 12.352741 1
17.794823 7.450400 15.778872 6
-0.045019 7.450400 3.042919 6
8.919921 3.262900 6.367977 6
8.829884 3.262900 12.453814 6
17.206232 7.141363 15.059315 1
0.543573 7.141363 3.762476 1
8.331329 2.953863 5.648419 1
9.418475 2.953863 13.173371 1
16.918267 8.055075 16.875430 6
0.831538 8.055075 1.946361 6
8.043365 3.867575 7.464534 6
9.706440 3.867575 11.357257 6
17.487122 8.350713 17.617196 1
0.262682 8.350713 1.204595 1
8.612220 4.163213 8.206301 1
9.137584 4.163213 10.615490 1
15.876413 7.095300 17.396981 6
1.873392 7.095300 1.424810 6
7.001510 2.907800 7.986086 6
10.748294 2.907800 10.835705 6
15.401666 6.704187 16.645992 1
2.348138 6.704187 2.175799 1
6.526764 2.516687 7.235096 1
11.223040 2.516687 11.586695 1
16.317530 6.376725 17.875055 1
1.432275 6.376725 0.946736 1
7.442627 2.189225 8.464159 1
10.307177 2.189225 10.357632 1
14.900431 7.756925 18.300427 6
2.849373 7.756925 0.521364 6
6.025529 3.569425 8.889532 6
11.724276 3.569425 9.932259 6
15.263471 3.554350 16.708104 6
2.486334 3.554350 2.113687 6
6.388568 7.741850 7.297208 6
11.361236 7.741850 11.524583 6
13.936809 4.133063 16.312470 6
3.812996 4.133063 2.509321 6
5.061906 8.320563 6.901574 6
12.687898 8.320563 11.920217 6
13.558874 4.561025 17.109008 1
4.190931 4.561025 1.712783 1
4.683972 0.373525 7.698112 1
13.065833 0.373525 11.123678 1
12.918812 3.062738 15.844184 6
4.830993 3.062738 2.977607 6
4.043910 7.250237 6.433288 6
13.705895 7.250237 12.388503 6
13.308913 2.594575 15.076255 1
4.440891 2.594575 3.745536 1
4.434011 6.782075 5.665359 1
13.315793 6.782075 13.156432 1
12.707581 2.042663 16.947141 6
5.042223 2.042663 1.874650 6
3.832679 6.230163 7.536245 6
13.917126 6.230163 11.285546 6
12.285592 2.485700 17.700012 1
5.464212 2.485700 1.121779 1
3.410690 6.673200 8.289117 1
14.339114 6.673200 10.532674 1
13.576127 1.726087 17.244525 1
4.173677 1.726087 1.577266 1
4.701225 5.913587 7.833629 1
13.048579 5.913587 10.988162 1
11.864381 0.842525 16.559412 6
5.885424 0.842525 2.262379 6
2.989478 5.030025 7.148516 6
14.760326 5.030025 11.673275 6
11.052911 1.200975 16.139686 1
6.696894 1.200975 2.682105 1
2.178009 5.388475 6.728790 1
15.571796 5.388475 12.093001 1
11.386987 8.336475 17.737656 6
6.362818 8.336475 1.084135 6
2.512085 4.148975 8.326760 6
15.237720 4.148975 10.495031 6
12.547225 8.026600 18.722035 6
5.202580 8.026600 0.099755 6
3.672323 3.839100 9.311140 6
14.077482 3.839100 9.510651 6
17.212422 0.490775 0.303031 1
0.537382 0.490775 18.518760 1
3.978324 4.678275 9.713926 1
13.771480 4.678275 9.107865 1
16.537300 7.071850 0.993791 6
1.212504 7.071850 17.828000 6
3.303202 2.884350 10.404686 6
14.446602 2.884350 8.417105 6
15.852927 7.344875 1.562209 1
1.896877 7.344875 17.259582 1
2.618830 3.157375 10.973104 1
15.130975 3.157375 7.848687 1
17.046621 5.933688 1.238474 6
0.703184 5.933688 17.583317 6
3.812523 1.746188 10.649369 6
13.937281 1.746188 8.172422 6
17.736412 5.608737 0.703935 1
0.013392 5.608737 18.117856 1
4.502315 1.421238 10.114830 1
13.247490 1.421238 8.706960 1
16.733277 5.426162 1.951820 1
1.016527 5.426162 16.869971 1
3.499179 1.238662 11.362715 1
14.250625 1.238662 7.459076 1
-0.077033 0.437175 14.728051 6
17.826838 0.437175 4.093740 6
13.157064 4.624675 5.317156 6
4.592740 4.624675 13.504635 6
-0.243056 8.185725 15.463983 1
17.992861 8.185725 3.357808 1
12.991042 3.998225 6.053088 1
4.758763 3.998225 12.768703 1
-0.212168 1.818212 15.311527 6
17.961973 1.818212 3.510264 6
13.021929 6.005712 5.900631 6
4.727875 6.005712 12.921159 6
-1.112311 1.948862 15.618322 1
18.862115 1.948862 3.203469 1
12.121787 6.136362 6.207427 1
5.628017 6.136362 12.614364 1
-0.005258 2.470625 14.637707 1
17.755063 2.470625 4.184084 1
13.228839 6.658125 5.226811 1
4.520965 6.658125 13.594980 1
0.395624 1.915362 16.047459 1
17.354181 1.915362 2.774332 1
13.629722 6.102863 6.636563 1
4.120083 6.102863 12.185227 1
-0.809191 6.791287 12.495787 6
18.558996 6.791287 6.326004 6
12.424907 2.603788 3.084892 6
5.324898 2.603788 15.736899 6
0.040503 6.981400 12.044064 1
17.709302 6.981400 6.777727 1
13.274601 2.793900 2.633169 1
4.475204 2.793900 16.188622 1
-1.525559 1.437987 12.219107 6
19.275363 1.437987 6.602684 6
11.708539 5.625487 2.808211 6
6.041265 5.625487 16.013580 6
-1.646121 2.219375 12.796936 1
19.395925 2.219375 6.024855 1
11.587977 6.406875 3.386040 1
6.161827 6.406875 15.435751 1
1.407656 0.207700 14.283857 6
16.342148 0.207700 4.537934 6
14.641754 4.395200 4.872962 6
3.108051 4.395200 13.948829 6
1.494373 7.707512 13.899893 1
16.255432 7.707512 4.921898 1
14.728471 3.520012 4.488997 1
3.021334 3.520012 14.332794 1
1.985026 0.281400 15.046140 1
15.764779 0.281400 3.775651 1
15.219123 4.468900 5.635244 1
2.530681 4.468900 13.186547 1
1.651342 0.869325 13.632623 1
16.098462 0.869325 5.189168 1
14.885440 5.056825 4.221728 1
2.864365 5.056825 14.600063 1
-0.520573 5.657312 13.521575 6
18.270378 5.657312 5.300216 6
12.713525 1.469812 4.110679 6
5.036280 1.469812 14.711112 6
0.140808 5.955463 14.150222 1
17.608996 5.955463 4.671569 1
13.374906 1.767963 4.739327 1
4.374899 1.767963 14.082464 1
-0.196669 4.881787 13.058559 1
17.946473 4.881787 5.763232 1
13.037429 0.694287 3.647663 1
4.712375 0.694287 15.174128 1
-1.329972 5.436212 13.990237 1
19.079777 5.436212 4.831554 1
11.904125 1.248713 4.579342 1
5.845679 1.248713 14.242449 1
-1.790912 6.357462 11.407887 6
19.540716 6.357462 7.413903 6
11.443186 2.169963 1.996992 6
6.306619 2.169963 16.824799 6
-1.915916 7.076037 10.783004 1
19.665721 7.076037 8.038787 1
11.318181 2.888537 1.372109 1
6.431623 2.888537 17.449682 1
-2.635033 6.133850 11.806909 1
20.384837 6.133850 7.014881 1
10.599065 1.946350 2.396014 1
7.150740 1.946350 16.425777 1
-1.441349 5.590312 10.948636 1
19.191153 5.590312 7.873155 1
11.792749 1.402812 1.537740 1
5.957055 1.402812 17.284051 1
-0.279653 1.746188 11.374008 6
18.029458 1.746188 7.447783 6
12.954444 5.933688 1.963113 6
4.795360 5.933688 16.858678 6
0.492521 1.786388 11.944309 1
17.257283 1.786388 6.877482 1
13.726619 5.973888 2.533413 1
4.023186 5.973888 16.288378 1
-0.393880 2.590388 10.931696 1
18.143685 2.590388 7.890095 1
12.840217 6.777888 1.520801 1
4.909587 6.777888 17.300990 1
-0.156695 1.055250 10.719010 1
17.906500 1.055250 8.102781 1
13.077403 5.242750 1.308114 1
4.672402 5.242750 17.513676 1
19.371604 1.404487 11.342011 6
-1.621799 1.404487 7.479780 6
10.496702 5.591988 1.931116 6
7.253103 5.591988 16.890675 6
18.596023 1.216888 11.874668 1
-0.846219 1.216888 6.947123 1
9.721121 5.404387 2.463772 1
8.028684 5.404387 16.358019 1
19.476844 0.719413 10.677602 1
-1.727039 0.719413 8.144189 1
10.601941 4.906912 1.266707 1
7.147863 4.906912 17.555084 1
19.266252 2.255387 10.909110 1
-1.516447 2.255387 7.912681 1
10.391349 6.442887 1.498215 1
7.358455 6.442887 17.323576 1
11.611072 3.705100 15.381168 6
6.138732 3.705100 3.440623 6
2.736170 7.892600 5.970272 6
15.013635 7.892600 12.851519 6
11.793973 4.322337 14.667822 1
5.955832 4.322337 4.153969 1
2.919071 0.134838 5.256926 1
14.830734 0.134838 13.564865 1
11.206708 4.174100 16.115217 1
6.543096 4.174100 2.706574 1
2.331806 8.361600 6.704322 1
15.417999 8.361600 12.117469 1
11.013532 3.022537 15.068726 1
6.736272 3.022537 3.753065 1
2.138630 7.210038 5.657830 1
15.611175 7.210038 13.163961 1
10.791513 7.043375 17.182413 6
6.958291 7.043375 1.639378 6
1.916611 2.855875 7.771517 6
15.833193 2.855875 11.050273 6
10.495016 6.490625 17.908934 1
7.254788 6.490625 0.912857 1
1.620114 2.303125 8.498039 1
16.129691 2.303125 10.323752 1
11.461065 6.574375 16.677989 1
6.288740 6.574375 2.143802 1
2.586163 2.386875 7.267093 1
15.163642 2.386875 11.554697 1
10.047645 7.251913 16.613995 1
7.702160 7.251913 2.207796 1
1.172742 3.064412 7.203099 1
16.577062 3.064412 11.618692 1
10.305543 0.742862 18.507467 6
7.444261 0.742862 0.314324 6
1.430641 4.930363 9.096572 6
16.319164 4.930363 9.725219 6
15.041314 1.553562 0.035761 1
2.708491 1.553562 18.786030 1
1.807216 5.741062 9.446657 1
15.942588 5.741062 9.375134 1
14.335514 0.205187 0.410315 1
3.414291 0.205187 18.411476 1
1.101416 4.392688 9.821211 1
16.648388 4.392688 9.000580 1
9.580607 0.956425 17.914581 1
8.169198 0.956425 0.907210 1
0.705704 5.143925 8.503685 1
17.044100 5.143925 10.318106 1
16.169056 0.799813 16.375899 8
1.580749 0.799813 2.445892 8
7.294154 4.987312 6.965004 8
10.455651 4.987312 11.856787 8
-2.728070 7.998962 14.052914 8
20.477874 7.998962 4.768877 8
10.506028 3.811463 4.642018 8
7.243776 3.811463 14.179773 8
16.131276 3.025050 15.586325 6
1.618528 3.025050 3.235466 6
7.256374 7.212550 6.175430 6
10.493430 7.212550 12.646361 6
15.554468 2.743650 14.859804 1
2.195337 2.743650 3.961987 1
6.679566 6.931150 5.448908 1
11.070239 6.931150 13.372882 1
16.682906 3.752000 15.256944 1
1.066899 3.752000 3.564847 1
7.808003 7.939500 5.846048 1
9.941801 7.939500 12.975743 1
15.620133 3.517500 17.984221 6
2.129672 3.517500 0.837570 6
6.745231 7.705000 8.573326 6
11.004574 7.705000 10.248465 6
15.046587 3.850825 18.637337 1
2.703218 3.850825 0.184454 1
6.171685 8.038325 9.226442 1
11.578120 8.038325 9.595349 1
16.443401 3.159050 18.228905 1
1.306403 3.159050 0.592886 1
7.568499 7.346550 8.818009 1
10.181305 7.346550 10.003782 1
14.110550 5.162350 15.317926 8
3.639255 5.162350 3.503865 8
5.235647 0.974850 5.907031 8
12.514157 0.974850 12.914760 8
14.087235 4.827350 14.569948 1
3.662570 4.827350 4.251843 1
5.212333 0.639850 5.159053 1
12.537472 0.639850 13.662738 1
12.534851 0.085425 15.546988 8
5.214953 0.085425 3.274803 8
3.659949 4.272925 6.136092 8
14.089855 4.272925 12.685699 8
13.251755 8.189913 15.838537 1
4.498050 8.189913 2.983254 1
4.376852 4.002413 6.427642 1
13.372952 4.002413 12.394149 1
13.623518 7.466312 17.932461 8
4.126287 7.466312 0.889330 8
4.748616 3.278812 8.521566 8
13.001189 3.278812 10.300225 8
19.522977 0.077887 0.432148 8
-1.773172 0.077887 18.389643 8
6.288879 4.265388 9.843044 8
11.460925 4.265388 8.978747 8
-1.310353 0.000000 13.374765 14
19.060157 0.000000 5.447026 14
11.923745 4.187500 3.963869 14
5.826059 4.187500 14.857922 14
