-0.690681 0.639133 13.678851 7
6.564781 3.688433 3.119443 7
0.019816 1.131900 13.992979 1
5.854284 4.181200 2.805315 1
-0.413189 5.870512 13.546145 1
6.287289 2.821212 3.252150 1
-1.842009 0.685483 14.653152 6
7.716109 3.734783 2.145142 6
-1.779265 1.544775 15.162141 1
7.653365 4.594075 1.636154 1
5.629595 0.744029 13.784681 6
0.244506 3.793329 3.013614 6
5.119496 1.569780 13.981221 1
0.754604 4.619080 2.817074 1
5.048764 6.064448 13.976181 1
0.825336 3.015148 2.822114 1
6.060812 0.728783 12.311470 6
-0.186711 3.778083 4.486825 6
-1.211892 1.222769 12.405541 6
7.085992 4.272069 4.392754 6
-1.230474 2.217451 12.509690 1
7.104575 5.266751 4.288605 1
-0.333567 0.900153 11.239739 6
6.207667 3.949453 5.558556 6
0.511547 1.325226 11.152388 1
5.362553 4.374526 5.645907 1
-0.726437 0.029883 10.330951 6
6.600537 3.079183 6.467343 6
0.257893 5.872952 8.916535 17
5.616207 2.823652 7.881760 17
6.737327 5.350302 10.376307 6
-0.863227 2.301002 6.421988 6
6.926907 4.406238 10.144490 1
-1.052807 1.356938 6.653805 1
6.111225 5.709509 9.699335 1
-0.237125 2.660209 7.098959 1
6.079956 5.406409 11.747047 6
-0.205855 2.357109 5.051247 6
6.571432 4.814845 12.368584 1
-0.697332 1.765545 4.429710 1
5.150815 5.070986 11.676495 1
0.723285 2.021686 5.121800 1
5.268250 1.706388 11.453077 6
0.605850 4.755688 5.345217 6
5.690261 1.749078 10.557728 1
0.183840 4.798378 6.240566 1
5.339973 2.606542 11.857916 1
0.534127 5.655842 4.940378 1
3.771278 1.370355 11.271656 6
2.102822 4.419655 5.526639 6
3.680791 0.492157 10.823141 1
2.193309 3.541457 5.975153 1
3.336140 1.309979 12.156926 1
2.537960 4.359279 4.641369 1
3.115105 2.392481 10.473737 6
2.758995 5.441781 6.324558 6
2.648295 3.263361 9.830362 6
3.225805 0.214061 6.967933 6
2.271812 3.965310 9.312975 1
3.602288 0.916010 7.485320 1
-1.751825 5.655232 15.642572 6
7.625925 2.605932 1.155723 6
-2.693798 5.010000 16.017174 8
8.567899 1.960700 0.781121 8
-0.499353 5.502157 16.081007 8
6.373454 2.452857 0.717287 8
2.595811 4.392212 0.173022 6
3.278289 1.342912 16.625272 6
-0.765519 3.611591 16.660549 1
6.639620 0.562291 0.137746 1
2.305948 4.631277 1.076771 1
3.568152 1.581977 15.721524 1
3.552108 4.180590 0.181422 1
2.321992 1.131290 16.616873 1
3.438772 3.907373 13.489031 9
2.435328 0.858073 3.309264 9
2.606403 4.648963 15.283088 9
3.267697 1.599663 1.515206 9
2.182958 5.607663 13.460474 9
3.691142 2.558363 3.337821 9
2.338627 4.432462 13.998019 6
3.535474 1.383162 2.800276 6
1.107409 3.508525 13.835075 6
4.766691 0.459225 2.963219 6
1.338527 2.322347 14.124006 8
4.535574 5.371647 2.674289 8
0.048154 4.043982 13.482311 8
5.825946 0.994682 3.315983 8
