2.144982 3.483021 0.215796 8
3.129002 7.391521 5.995961 8
8.402986 4.333979 12.207718 8
7.418966 0.425479 6.427554 8
2.877407 5.102938 1.575177 8
2.396577 1.194438 4.636580 8
7.670560 2.714062 10.848337 8
8.151391 6.622562 7.786935 8
5.501526 4.219382 4.577692 8
-0.227542 0.310882 1.634065 8
5.046442 3.597618 7.845822 8
10.775510 7.506118 10.789450 8
5.907965 4.848729 2.457247 8
11.847019 0.940229 3.754510 8
4.640003 2.968271 9.966268 8
-1.299051 6.876771 8.669004 8
2.989920 3.977133 1.176134 6
2.284064 0.068633 5.035623 6
7.558048 3.839867 11.247381 6
8.263904 7.748367 7.387891 6
3.960960 2.884473 1.537783 6
1.313024 6.792973 4.673975 6
6.587008 4.932527 10.885732 6
9.234944 1.024027 7.749540 6
4.677008 2.869621 0.839830 1
0.596976 6.778121 5.371928 1
5.870960 4.947379 11.583685 1
9.950992 1.038879 7.051587 1
4.634602 2.826862 2.895549 6
0.639382 6.735362 3.316209 6
5.913366 4.990138 9.527966 6
9.908586 1.081638 9.107306 6
3.915704 2.725006 3.582942 1
1.358280 6.633506 2.628816 1
6.632264 5.091994 8.840573 1
9.189688 1.183494 9.794699 1
5.543775 1.545108 2.970587 6
-0.269791 5.453608 3.241171 6
5.004193 6.271892 9.452928 6
10.817759 2.363392 9.182344 6
5.546321 1.270263 3.932042 1
-0.272337 5.178763 2.279715 1
5.001647 6.546737 8.491472 1
10.820305 2.638238 10.143800 1
4.950208 0.375998 2.210764 6
0.323776 4.284498 4.000993 6
5.597760 7.441002 10.212750 6
10.224191 3.532502 8.422522 6
5.400946 7.359706 2.283442 1
-0.126962 3.451205 3.928315 1
5.147022 0.457295 10.140073 1
10.674930 4.365794 8.495199 1
3.859656 0.405077 1.451688 6
1.414328 4.313577 4.760070 6
6.688312 7.411923 10.971827 6
9.133640 3.503423 7.663445 6
3.580059 7.439439 0.991396 1
1.693925 3.530939 5.220361 1
6.967909 0.377561 11.432118 1
8.854043 4.286061 7.203154 1
3.075397 1.663692 1.322235 6
2.198586 5.572192 4.889523 6
7.472570 6.153308 11.101280 6
8.349381 2.244808 7.533992 6
2.371109 1.663458 2.031245 1
2.902875 5.571958 4.180513 1
8.176859 6.153542 10.392270 1
7.645093 2.245042 8.243002 1
2.423459 2.061421 0.014287 6
2.850525 5.969921 6.197470 6
8.124509 5.755579 12.409228 6
7.697443 1.847079 6.226044 6
1.104084 1.920637 11.674377 1
2.236868 5.829137 6.960895 1
9.443884 5.896363 0.749138 1
8.311100 1.987863 5.462619 1
-0.343575 1.550893 12.283129 1
3.684527 5.459393 6.352143 1
10.891543 6.266107 0.140386 1
6.863441 2.357607 6.071372 1
5.412669 4.079067 3.236450 6
-0.138685 0.170567 2.975308 6
5.135298 3.737933 9.187065 6
10.686653 7.646433 9.448207 6
7.039770 1.761639 2.587818 6
10.715214 5.670139 3.623939 6
3.508198 6.055361 9.835697 6
-0.167246 2.146861 8.799575 6
7.387299 2.503003 3.161784 1
10.367685 6.411503 3.049973 1
3.160669 5.313997 9.261730 1
0.180283 1.405497 9.373542 1
6.232086 5.378331 5.041835 6
11.522898 1.469831 1.169922 6
4.315882 2.438669 7.381680 6
-0.974930 6.347169 11.253592 6
7.109012 5.407801 4.605397 1
10.645972 1.499301 1.606360 1
3.438956 2.409199 7.818118 1
-0.098004 6.317699 10.817154 1
6.352068 5.321814 6.012981 1
11.402916 1.413314 0.198776 1
4.195900 2.495186 6.410534 1
-0.854948 6.403686 12.224738 1
5.729925 6.190282 4.821566 1
12.025059 2.281782 1.390191 1
4.818042 1.626718 7.601949 1
-1.477091 5.535218 11.033323 1
7.263825 2.171484 1.131782 6
10.491159 6.079984 5.079975 6
3.284143 5.645516 11.291732 6
0.056809 1.737016 7.343540 6
8.225538 2.195014 0.942945 1
9.529446 6.103514 5.268813 1
2.322430 5.621986 11.480570 1
1.018522 1.713486 7.154702 1
6.879279 3.059574 0.980215 1
10.875705 6.968074 5.231542 1
3.668689 4.757426 11.443299 1
-0.327737 0.848926 7.191973 1
6.830580 1.521970 0.539181 1
10.924404 5.430470 5.672577 1
3.717388 6.295030 11.884334 1
-0.376436 2.386530 6.750938 1
7.864046 0.514437 2.910084 6
9.890938 4.422937 3.301673 6
2.683922 7.302563 9.513431 6
0.657030 3.394063 9.121841 6
7.667142 7.630955 2.253626 1
10.087842 3.722455 3.958132 1
2.880826 0.186045 10.169889 1
0.460126 4.094545 8.465383 1
7.635001 0.194643 3.807807 1
10.119983 4.103143 2.403950 1
2.912967 7.622357 8.615707 1
0.427985 3.713857 10.019565 1
8.818591 0.735580 2.874801 1
8.936393 4.644080 3.336956 1
1.729377 7.081420 9.548713 1
1.611575 3.172920 9.086559 1
