10.419561 6.184041 8.075759 45
13.481439 16.132959 20.423259 45
5.514439 17.342541 4.271741 45
2.452561 4.974459 16.619241 45
12.163856 4.691257 7.251440 45
11.737144 17.625743 19.598940 45
3.770144 15.849757 5.096060 45
4.196856 6.467243 17.443560 45
12.943188 4.918667 9.102577 7
10.957812 17.398333 21.450077 7
2.990812 16.077167 3.244923 7
4.976188 6.239833 15.592423 7
14.029887 4.144267 9.682910 6
9.871113 18.172733 22.030410 6
1.904113 15.302767 2.664590 6
6.062887 7.014233 15.012090 6
14.818620 4.188901 9.105047 1
9.082380 18.128099 21.452547 1
1.115380 15.347401 3.242453 1
6.851620 6.969599 15.589954 1
14.319886 4.822704 10.996683 6
9.581114 17.494296 23.344183 6
1.614114 15.981204 1.350817 6
6.352886 6.335796 13.698316 6
14.377248 4.173279 11.715308 1
9.523752 18.143721 24.062808 1
1.556752 15.331779 0.632192 1
6.410248 6.985221 12.979692 1
15.153234 5.318141 10.954702 1
8.747766 16.998859 23.302202 1
0.780766 16.476641 1.392798 1
7.186234 5.840359 13.740298 1
13.186978 5.722079 11.194243 7
10.714022 16.594921 23.541743 7
2.747022 16.880579 1.153257 7
5.219978 5.436421 13.500757 7
12.422146 5.737701 9.976780 6
11.478854 16.579299 22.324280 6
3.511854 16.896201 2.370720 6
4.455146 5.420799 14.718220 6
11.432645 6.478625 9.862936 8
12.468355 15.838375 22.210436 8
4.501355 17.637125 2.484564 8
3.465645 4.679875 14.832064 8
13.118462 6.480857 12.310458 6
10.782538 15.836143 24.657957 6
2.815538 17.639357 0.037043 6
5.151462 4.677643 12.384543 6
13.873734 6.271077 13.214295 8
10.027266 16.045923 0.866794 8
2.060266 17.429577 23.828205 8
5.906734 4.887423 11.480705 8
12.074785 7.601170 12.349970 6
11.826215 14.715830 0.002469 6
3.859215 18.759670 24.692531 6
4.107785 3.557330 12.345031 6
11.190448 7.268647 12.090672 1
12.710552 15.048353 24.438172 1
4.743552 18.427147 0.256828 1
3.223448 3.889853 12.604328 1
12.489069 8.779508 11.497992 6
11.411931 13.537492 23.845492 6
3.444931 19.938008 0.849508 6
4.522069 2.378992 13.197008 6
11.722644 9.303957 11.213999 1
12.178356 13.013043 23.561500 1
4.211356 20.462457 1.133501 1
3.755644 1.854543 13.481001 1
12.995770 8.502777 10.720099 1
10.905230 13.814223 23.067600 1
2.938230 19.661277 1.627401 1
5.028770 2.655723 13.974901 1
13.354285 9.542749 12.495670 6
10.546715 12.774251 0.148170 6
2.579715 20.701249 24.546830 6
5.387285 1.615751 12.199330 6
14.241809 9.152202 12.537652 1
9.659191 13.164798 0.190152 1
1.692191 20.310702 24.504848 1
6.274809 2.006298 12.157348 1
13.438736 10.471136 12.226494 1
10.462264 11.845864 24.573995 1
2.495264 21.629636 0.121006 1
5.471736 0.687364 12.468506 1
12.710552 9.451249 13.774871 6
11.190448 12.865751 1.427371 6
3.223448 20.609749 23.267629 6
4.743552 1.707251 10.920129 6
12.058851 10.160930 13.888468 1
11.842149 12.156070 1.540968 1
3.875149 21.319430 23.154032 1
4.091851 0.997570 10.806532 1
13.359066 9.498115 14.495965 1
10.541934 12.818885 2.148465 1
2.574934 20.656615 22.546535 1
5.392066 1.660385 10.199035 1
12.058851 8.134546 13.737829 7
11.842149 14.182454 1.390329 7
3.875149 19.293046 23.304672 7
4.091851 3.023954 10.957171 7
10.852647 7.855138 14.756003 16
13.048353 14.461862 2.408503 16
5.081353 19.013638 22.286497 16
2.885647 3.303362 9.938997 16
11.305173 8.226046 16.051750 8
12.595827 14.090954 3.704250 8
4.628827 19.384546 20.990750 8
3.338173 2.932454 8.643250 8
10.382594 6.523259 14.510782 8
13.518406 15.793741 2.163282 8
5.551406 17.681759 22.531718 8
2.415594 4.635241 10.184218 8
9.590675 8.951349 14.357673 6
14.310325 13.365651 2.010173 6
6.343325 20.109849 22.684827 6
1.623675 2.207151 10.337327 6
8.816282 8.750496 13.221703 6
15.084718 13.566504 0.874203 6
7.117718 19.908996 23.820797 6
0.849282 2.408004 11.473297 6
8.915073 7.971632 12.722864 1
14.985927 14.345368 0.375364 1
7.018927 19.130132 24.319636 1
0.948073 3.186868 11.972136 1
7.892110 9.712358 12.829052 6
0.074890 12.604642 0.481552 6
8.041890 20.870858 24.213448 6
15.859110 1.446142 11.865948 6
7.374255 9.578456 12.068447 1
0.592745 12.738544 24.415947 1
8.559745 20.736956 0.279053 1
15.341255 1.580044 12.626553 1
7.743924 10.877306 13.572372 6
0.223076 11.439694 1.224872 6
8.190076 22.035806 23.470128 6
15.710924 0.281194 11.122628 6
7.127278 11.522267 13.310605 1
0.839722 10.794733 0.963105 1
8.806722 0.363767 23.731895 1
15.094278 21.953233 11.384395 1
8.518316 11.078159 14.708342 6
15.382684 11.238841 2.360842 6
7.415684 22.236659 22.334158 6
0.551316 0.080341 9.986658 6
8.419526 11.857022 15.207181 1
15.481474 10.459978 2.859681 1
7.514474 0.698522 21.835319 1
0.452526 21.618478 9.487819 1
9.440895 10.116296 15.100993 6
14.460105 12.200704 2.753492 6
6.493105 21.274796 21.941508 6
1.473895 1.042204 9.594007 6
9.960343 10.250198 15.861598 1
13.940657 12.066802 3.514099 1
5.973657 21.408698 21.180902 1
1.993343 0.908302 8.833402 1
13.524779 2.709284 9.764403 6
10.376221 19.607716 22.111903 6
2.409221 13.867784 2.583097 6
5.557779 8.449216 14.930597 6
12.742420 2.555297 10.838636 8
11.158580 19.761703 23.186136 8
3.191580 13.713797 1.508864 8
4.775420 8.603203 13.856364 8
12.015829 1.289923 10.969519 6
11.885171 21.027077 23.317019 6
3.918171 12.448423 1.377981 6
4.048829 9.868577 13.725481 6
11.485227 1.305545 11.767167 1
12.415773 21.011456 24.114667 1
4.448773 12.464044 0.580333 1
3.518227 9.852956 12.927833 1
12.643629 0.564620 11.013970 1
11.257371 21.752380 23.361470 1
3.290371 11.723120 1.333530 1
4.676629 10.593880 13.681030 1
11.443799 1.169411 10.206444 1
12.457201 21.147589 22.553943 1
4.490201 12.327911 2.141056 1
3.476799 9.989089 14.488556 1
13.730328 1.863470 8.956876 8
10.170672 20.453530 21.304377 8
2.203672 13.021970 3.390624 8
5.763328 9.295030 15.738124 8
13.072254 6.302321 6.618260 7
10.828746 16.014679 18.965760 7
2.861746 17.460821 5.729240 7
5.105254 4.856179 18.076740 7
14.240216 6.371503 5.746526 6
9.660784 15.945497 18.094027 6
1.693784 17.530003 6.600973 6
6.273216 4.786997 18.948473 6
14.098403 5.797957 4.966164 1
9.802597 16.519043 17.313664 1
1.835597 16.956457 7.381336 1
6.131403 5.360543 19.728836 1
14.321479 7.795328 5.311895 6
9.579521 14.521672 17.659395 6
1.612521 18.953828 7.035605 6
6.354479 3.363172 19.383105 6
15.204223 8.159095 5.487229 1
8.696777 14.157905 17.834729 1
0.729777 19.317595 6.860271 1
7.237223 2.999405 19.207771 1
14.131865 7.875669 4.363607 1
9.769135 14.441331 16.711107 1
1.802135 19.034169 7.983893 1
6.164865 3.282831 20.331393 1
13.311264 8.482692 6.102135 7
10.589736 13.834308 18.449634 7
2.622736 19.641192 6.245366 7
5.344264 2.675808 18.592866 7
12.528904 7.516366 6.778778 6
11.372096 14.800634 19.126278 6
3.405096 18.674866 5.568722 6
4.561904 3.642134 17.916222 6
11.462920 7.813182 7.344293 8
12.438080 14.503818 19.691793 8
4.471080 18.971682 5.003207 8
3.495920 3.345318 17.350707 8
13.253901 9.850724 6.124360 6
10.647099 12.466276 18.471860 6
2.680099 21.009224 6.223140 6
5.286901 1.307776 18.570640 6
13.985272 10.477831 5.378571 8
9.915728 11.839169 17.726071 8
1.948728 21.636331 6.968929 8
6.018272 0.680669 19.316429 8
12.259620 10.504612 7.013380 6
11.641380 11.812388 19.360880 6
3.674380 21.663112 5.334120 6
4.292620 0.653888 17.681620 6
12.122587 9.971236 7.823376 1
11.778413 12.345764 20.170876 1
3.811413 21.129736 4.524124 1
4.155587 1.187264 16.871624 1
10.940284 10.814818 6.358963 6
12.960716 11.502182 18.706463 6
4.993716 21.973318 5.988537 6
2.973284 0.343682 18.336037 6
10.699681 10.122991 5.721831 1
13.201319 12.194009 18.069332 1
5.234319 21.281491 6.625668 1
2.732681 1.035509 18.973168 1
10.236002 10.890696 7.018319 1
13.664998 11.426304 19.365819 1
5.697998 22.049196 5.329181 1
2.269002 0.267804 17.676681 1
11.160174 12.073497 5.689728 6
12.740826 10.243503 18.037228 6
4.773826 0.914997 6.657772 6
3.193174 21.402003 19.005272 6
10.315672 12.504215 5.484760 1
13.585328 9.812785 17.832259 1
5.618328 1.345715 6.862741 1
2.348672 20.971285 19.210241 1
11.652534 11.941827 4.864915 1
12.248466 10.375173 17.212415 1
4.281466 0.783327 7.482585 1
3.685534 21.533673 19.830085 1
10.739516 12.274350 6.274999 6
13.161484 10.042650 18.622499 6
5.194484 1.115850 6.072501 6
2.772516 21.201150 18.420001 6
10.505286 12.528764 5.368693 1
13.395714 9.788236 17.716193 1
5.428714 1.370264 6.978807 1
2.538286 20.946736 19.326307 1
10.025673 12.548849 6.867680 1
13.875327 9.768151 19.215180 1
5.908327 1.390349 5.479820 1
2.058673 20.926651 17.827320 1
11.950500 12.892531 6.652833 6
11.950500 9.424469 19.000333 6
3.983500 1.734031 5.694667 6
3.983500 20.582969 18.042167 6
11.376876 13.379042 7.262799 1
12.524124 8.937958 19.610299 1
4.557124 2.220541 5.084701 1
3.409876 20.096459 17.432201 1
12.535278 13.515175 6.193506 1
11.365722 8.801825 18.541006 1
3.398722 2.356675 6.153994 1
4.568278 19.960325 18.501494 1
12.724892 11.823547 7.354171 7
11.176108 10.493453 19.701671 7
3.209108 0.665047 4.993329 7
4.757892 21.651953 17.340829 7
13.677746 12.048948 8.539531 16
10.223254 10.268052 20.887031 16
2.256254 0.890448 3.807969 16
5.710746 21.426552 16.155469 16
14.176480 10.803660 9.040839 8
9.724520 11.513340 21.388339 8
1.757520 21.962160 3.306661 8
6.209480 0.354840 15.654161 8
14.546149 13.173725 8.238252 8
9.354851 9.143275 20.585752 8
1.387851 2.015225 4.109248 8
6.579149 20.301775 16.456748 8
12.814123 12.432801 9.934798 6
11.086877 9.884199 22.282298 6
3.119877 1.274301 2.412702 6
4.847123 21.042699 14.760202 6
11.504348 12.017704 10.154584 6
12.396652 10.299296 22.502084 6
4.429652 0.859204 2.192916 6
3.537348 21.457795 14.540416 6
11.058196 11.526730 9.505106 1
12.842804 10.790270 21.852605 1
4.875804 0.368230 2.842394 1
3.091196 21.948770 15.189894 1
10.865395 12.339069 11.347353 6
13.035605 9.977931 23.694852 6
5.068605 1.180569 1.000147 6
2.898395 21.136431 13.347647 6
9.990618 12.062338 11.493053 1
13.910382 10.254662 23.840553 1
5.943382 0.903838 0.854447 1
2.023618 21.413162 13.201947 1
11.536216 13.073299 12.320336 6
12.364784 9.243701 24.667835 6
4.397784 1.914799 0.027164 6
3.569216 20.402201 12.374664 6
11.107591 13.287542 13.115514 1
12.793409 9.029458 0.768014 1
4.826409 2.129042 23.926986 1
3.140591 20.187958 11.579486 1
12.842804 13.486163 12.100550 6
11.058196 8.830837 24.448050 6
3.091196 2.327663 0.246950 6
4.875804 19.989337 12.594450 6
13.290549 13.977137 12.750028 1
10.610451 8.339863 0.402528 1
2.643451 2.818637 24.292472 1
5.323549 19.498363 11.944972 1
13.483351 13.167030 10.907782 6
10.417649 9.149970 23.255281 6
2.450649 2.008530 1.439718 6
5.516351 20.308470 13.787218 6
14.358127 13.443761 10.762081 1
9.542873 8.873239 23.109581 1
1.575873 2.285261 1.585419 1
6.391127 20.031739 13.932919 1
14.370875 11.961912 7.820906 16
9.530125 10.355088 20.168406 16
1.563125 0.803412 4.526594 16
6.403875 21.513588 16.874094 16
14.640159 10.696538 8.408648 8
9.260841 11.620462 20.756148 8
1.293841 21.855038 3.938852 8
6.673159 0.461962 16.286352 8
15.226530 12.562239 6.838045 8
8.674470 9.754761 19.185545 8
0.707470 1.403739 5.509455 8
7.259530 20.913261 17.856955 8
14.342193 13.066604 9.144559 6
9.558807 9.250396 21.492059 6
1.591807 1.908104 3.202941 6
6.375193 20.408897 15.550441 6
13.456263 12.867982 10.196566 6
10.444737 9.449018 22.544066 6
2.477737 1.709482 2.150935 6
5.489263 20.607518 14.498434 6
12.820496 12.189545 10.149645 1
11.080504 10.127455 22.497145 1
3.113504 1.031045 2.197855 1
4.853496 21.285955 14.545355 1
13.518406 13.682553 11.320188 6
10.382594 8.634447 23.667688 6
2.415594 2.524053 1.027312 6
5.551406 19.792947 13.374812 6
12.924067 13.550882 12.023995 1
10.976933 8.766118 24.371496 1
3.009933 2.392382 0.323505 1
4.957067 19.924618 12.671005 1
14.466479 14.695744 11.391803 6
9.434521 7.621256 23.739304 6
1.467521 3.537245 0.955697 6
6.499479 18.779756 13.303196 6
14.507907 15.242511 12.145001 1
9.393093 7.074489 24.492501 1
1.426093 4.084011 0.202499 1
6.540907 18.232989 12.549999 1
15.352409 14.896598 10.339797 6
8.548591 7.420403 22.687297 6
0.581591 3.738097 2.007703 6
7.385409 18.578903 14.355203 6
0.052582 15.572803 10.389187 1
7.914418 6.744197 22.736687 1
15.881418 4.414303 1.958313 1
8.019582 17.902697 14.305813 1
15.290266 14.079795 9.216174 6
8.610734 8.237205 21.563674 6
0.643734 2.921295 3.131326 6
7.323266 19.395705 15.478826 6
15.883011 14.213697 8.512367 1
8.017989 8.103303 20.859866 1
0.050989 3.055197 3.835133 1
7.916011 19.261803 16.182634 1
15.470321 5.922932 6.482438 6
8.430679 16.394068 18.829937 6
0.463679 17.081432 5.865062 6
7.503321 5.235568 18.212563 6
0.356922 5.309214 5.689728 8
7.610078 17.007786 18.037228 8
15.577078 16.467714 6.657772 8
8.323922 5.849286 19.005272 8
1.556752 4.784765 6.240426 6
6.410248 17.532235 18.587926 6
14.377248 15.943265 6.107074 6
9.523752 6.373735 18.454574 6
2.077794 4.378595 5.544028 1
5.889206 17.938405 17.891528 1
13.856206 15.537095 6.803472 1
10.044794 6.779905 19.150972 1
1.343236 4.126413 6.904722 1
6.623764 18.190587 19.252222 1
14.590764 15.284913 5.442778 1
9.310236 7.032087 17.790278 1
2.061860 5.494445 6.642955 1
5.905140 16.822555 18.990455 1
13.872140 16.652945 5.704545 1
10.028860 5.664055 18.052045 1
15.667902 6.101468 7.628286 8
8.233098 16.215532 19.975786 8
0.266098 17.259968 4.719214 8
7.700902 5.057032 17.066714 8
9.573147 4.530351 8.801298 7
14.327853 17.786649 21.148798 7
6.360853 15.688851 3.546202 7
1.606147 6.628149 15.893702 7
8.409965 4.407608 9.675501 6
15.491035 17.909392 22.023001 6
7.524035 15.566108 2.671999 6
0.442965 6.750892 15.019499 6
7.710463 5.034715 9.398917 1
0.256537 17.282285 21.746417 1
8.223537 16.193215 2.948583 1
15.677463 6.123785 15.296083 1
7.923978 2.963698 9.507575 6
0.043022 19.353302 21.855075 6
8.010022 14.122198 2.839925 6
15.890978 8.194802 15.187425 6
7.769418 2.541906 10.369430 1
0.197582 19.775094 22.716931 1
8.164582 13.700406 1.978070 1
15.736418 8.616594 14.325570 1
7.109751 2.923527 8.984041 1
0.857249 19.393473 21.331541 1
8.824249 14.082027 3.363459 1
15.076751 8.234973 15.710959 1
9.061666 2.327663 8.793890 7
14.839334 19.989337 21.141390 7
6.872334 13.486163 3.553610 7
1.094666 8.830837 15.901110 7
9.976277 3.300684 8.411117 6
13.924723 19.016316 20.758617 6
5.957723 14.459184 3.936383 6
2.009277 7.857816 16.283883 6
11.024735 3.044039 7.796211 8
12.876265 19.272961 20.143711 8
4.909265 14.202539 4.551289 8
3.057735 8.114461 16.898789 8
8.876831 1.080143 8.295051 6
15.024169 21.236857 20.642551 6
7.057169 12.238643 4.052449 6
0.909831 10.078357 16.399949 6
7.912824 0.437413 8.643250 8
0.054176 21.879587 20.990750 8
8.021176 11.595913 3.704250 8
15.879824 10.721087 16.051750 8
9.877487 0.546767 7.282555 6
14.023513 21.770233 19.630055 6
6.056513 11.705266 5.064945 6
1.910487 10.611733 17.412445 6
10.798472 0.752083 7.551731 1
13.102528 21.564917 19.899231 1
5.135528 11.910583 4.795769 1
2.831472 10.406417 17.143269 1
9.568367 1.113618 5.889757 6
14.332633 21.203382 18.237257 6
6.365633 12.272118 6.457743 6
1.601367 10.044882 18.805243 6
10.229628 1.769738 5.620582 1
13.671372 20.547262 17.968082 1
5.704372 12.928238 6.726918 1
2.262628 9.388762 19.074418 1
8.687217 1.517556 5.862593 1
15.213783 20.799444 18.210093 1
7.246783 12.676056 6.484907 1
0.720217 9.640944 18.832407 1
9.635290 22.158549 5.000738 6
14.265710 0.158451 17.348237 6
6.298710 11.000049 7.346762 6
1.668290 11.316951 19.694263 6
9.053699 22.256744 4.230253 1
14.847301 0.060256 16.577754 1
6.880301 11.098244 8.117247 1
1.086699 11.218756 20.464747 1
10.541934 22.015721 4.687111 1
13.359066 0.301279 17.034611 1
5.392066 10.857221 7.660389 1
2.574934 11.459779 20.007889 1
8.747766 0.218707 5.173602 6
15.153234 22.098293 17.521103 6
7.186234 11.377207 7.173898 6
0.780766 10.939793 19.521397 6
8.908699 0.276731 4.217906 1
14.992301 22.040269 16.565406 1
7.025301 11.435231 8.129594 1
0.941699 10.881769 20.477094 1
7.807660 0.381621 5.348937 1
0.159340 21.935379 17.696437 1
8.126340 11.540121 6.998563 1
15.774660 10.776879 19.346063 1
9.227379 21.098492 5.771222 6
14.673621 1.218508 18.118721 6
6.706621 9.939992 6.576278 6
1.260379 12.377008 18.923779 6
9.630510 20.272763 5.462534 1
14.270490 2.044237 17.810034 1
6.303490 9.114263 6.884966 1
1.663510 13.202737 19.232466 1
8.261779 21.004760 5.744057 1
15.639221 1.312240 18.091557 1
7.672221 9.846260 6.603443 1
0.294779 12.470740 18.950943 1
9.681498 21.419857 7.131916 7
14.219502 0.897143 19.479416 7
6.252502 10.261357 5.215584 7
1.714498 12.055643 17.563084 7
10.677533 20.421394 7.916723 16
13.223467 1.895606 20.264223 16
5.256467 9.262894 4.430777 16
2.710533 13.054106 16.778277 16
10.892482 20.986907 9.211235 8
13.008518 1.330093 21.558735 8
5.041518 9.828407 3.136265 8
2.925482 12.488593 15.483765 8
10.138804 19.114511 7.781395 8
13.762196 3.202489 20.128894 8
5.795196 7.956011 4.566105 8
2.171804 14.360989 16.913606 8
12.181543 20.475848 7.082526 6
11.719457 1.841153 19.430026 6
3.752457 9.317348 5.264974 6
4.214543 12.999652 17.612474 6
12.415773 19.636728 6.005824 6
11.485227 2.680272 18.353324 6
3.518227 8.478228 6.341676 6
4.448773 13.838772 18.689176 6
11.760885 19.029706 5.744057 1
12.140115 3.287294 18.091557 1
4.173115 7.871206 6.603443 1
3.793885 14.445794 18.950943 1
13.641097 19.688057 5.294608 6
10.259903 2.628943 17.642108 6
2.292903 8.529557 7.052892 6
5.674097 13.787443 19.400392 6
13.808404 19.092194 4.600678 1
10.092596 3.224806 16.948179 1
2.125596 7.933694 7.746821 1
5.841404 14.383306 20.094321 1
14.547742 20.603054 5.632930 6
9.353258 1.713946 17.980429 6
1.386258 9.444554 6.714570 6
6.580742 12.872446 19.062071 6
15.320541 20.699018 5.124212 1
8.580459 1.617982 17.471712 1
0.613459 9.540517 7.223287 1
7.353541 12.776483 19.570788 1
14.354941 21.375223 6.694815 6
9.546059 0.941777 19.042314 6
1.579059 10.216723 5.652685 6
6.387941 12.100277 18.000186 6
15.040103 21.946538 6.959051 1
8.860897 0.370462 19.306551 1
0.893897 10.788038 5.388449 1
7.073103 11.528962 17.735949 1
13.159891 21.368527 7.438134 6
10.741109 0.948473 19.785634 6
2.774109 10.210028 4.909366 6
5.192891 12.106972 17.256866 6
13.037199 21.953233 8.149350 1
10.863801 0.363767 20.496850 1
2.896801 10.794733 4.198150 1
5.070199 11.522267 16.545650 1
8.884798 4.733436 11.078177 6
15.016202 17.583564 23.425677 6
7.049202 15.891936 1.269323 6
0.917798 6.425064 13.616823 6
9.389906 3.659988 11.670857 8
14.511094 18.657012 24.018357 8
6.544094 14.818488 0.676643 8
1.422906 7.498512 13.024143 8
9.936442 3.851914 12.964875 6
13.964558 18.465086 0.617375 6
5.997558 15.010414 24.077625 6
1.969442 7.306586 11.730125 6
10.267870 3.017258 13.300727 1
13.633130 19.299742 0.953227 1
5.666130 14.175758 23.741773 1
2.300870 8.141242 11.394273 1
9.254467 4.184437 13.555086 1
14.646533 18.132562 1.207586 1
6.679533 15.342937 23.487414 1
1.287467 6.974063 11.139914 1
10.655066 4.487949 12.917955 1
13.245934 17.829051 0.570454 1
5.278934 15.646449 24.124545 1
2.688066 6.670551 11.777045 1
8.900732 5.835896 11.569608 8
15.000268 16.481104 23.917107 8
7.033268 16.994396 0.777893 8
0.933732 5.322604 13.125393 8
9.574741 5.864908 6.279939 7
14.326259 16.452092 18.627439 7
6.359259 17.023408 6.067561 7
1.607741 5.293592 18.415062 7
8.233098 6.219748 5.879880 6
15.667902 16.097252 18.227380 6
7.700902 17.378248 6.467621 6
0.266098 4.938752 18.815120 6
8.025956 7.152598 6.102135 1
15.875044 15.164402 18.449634 1
7.908044 18.311098 6.245366 1
0.058956 4.005902 18.592866 1
8.234691 5.992115 4.363607 6
15.666309 16.324886 16.711107 6
7.699309 17.150614 7.983893 6
0.267691 5.166385 20.331393 6
7.447552 5.501140 4.084553 1
0.519448 16.815860 16.432053 1
8.486448 16.659640 8.262947 1
15.414552 5.657360 20.610447 1
8.268153 6.835697 3.884523 1
15.632847 15.481303 16.232024 1
7.665847 17.994197 8.462976 1
0.301153 4.322803 20.810477 1
9.426554 5.224410 4.141351 7
14.474446 17.092590 16.488851 7
6.507446 16.382910 8.206149 7
1.459554 5.934090 20.553649 7
10.170672 5.186471 5.339059 6
13.730328 17.130529 17.686559 6
5.763328 16.344971 7.008441 6
2.203672 5.972029 19.355941 6
11.306766 4.590607 5.393388 8
12.594234 17.726393 17.740888 8
4.627234 15.749107 6.954112 8
3.339766 6.567893 19.301612 8
9.770729 4.842789 2.872028 6
14.130271 17.474211 15.219528 6
6.163271 16.001289 9.475472 6
1.803729 6.315711 21.822972 6
9.034578 5.135142 1.978070 8
14.866422 17.181858 14.325570 8
6.899422 16.293642 10.369430 8
1.067578 6.023358 22.716931 8
11.115558 4.191133 2.647304 6
12.785442 18.125867 14.994804 6
4.818442 15.349633 9.700196 6
3.148558 6.967367 22.047696 6
11.308360 3.519391 3.331355 1
12.592640 18.797609 15.678856 1
4.625640 14.677891 9.016144 1
3.341360 7.639109 21.363644 1
12.275554 5.228873 2.518890 6
11.625446 17.088127 14.866390 6
3.658446 16.387373 9.828610 6
4.308554 5.929627 22.176110 6
12.136928 5.983188 3.111570 1
11.764072 16.333812 15.459070 1
3.797072 17.141688 9.235930 1
4.169928 5.175312 21.583430 1
13.132803 4.820472 2.721389 1
10.768197 17.496528 15.068889 1
2.801197 15.978972 9.626111 1
5.165803 6.338028 21.973611 1
12.207037 5.650664 1.084110 6
11.693963 16.666336 13.431611 6
3.726963 16.809164 11.263390 6
4.240037 5.507836 23.610889 6
11.513908 6.317943 0.958166 1
12.387092 15.999057 13.305666 1
4.420092 17.476443 11.389334 1
3.546908 4.840557 23.736834 1
13.054726 6.025590 0.797649 1
10.846274 16.291410 13.145148 1
2.879274 17.184090 11.549852 1
5.087726 5.132910 23.897351 1
11.901105 4.447778 0.338321 6
11.999895 17.869222 12.685822 6
4.032895 15.606278 12.009179 6
3.934105 6.710722 24.356678 6
12.716925 3.994743 0.069146 1
11.184075 18.322257 12.416646 1
3.217075 15.153243 12.278354 1
4.749925 7.163757 24.625854 1
11.386436 4.659790 24.238143 1
12.514564 17.657210 11.890643 1
4.547564 15.818290 12.804358 1
3.419436 6.498710 0.456857 1
11.102811 3.590805 1.271792 7
12.798189 18.726195 13.619293 7
4.831189 14.749305 11.075708 7
3.135811 7.567695 23.423208 7
10.953988 2.027276 1.065095 16
12.947012 20.289724 13.412595 16
4.980012 13.185776 11.282405 16
2.986988 9.131224 23.629905 16
10.215287 1.535410 2.165751 8
13.685713 20.781590 14.513252 8
5.718713 12.693910 10.181748 8
2.248287 9.623090 22.529249 8
10.510066 1.861238 24.433233 8
13.390934 20.455762 12.085733 8
5.423934 13.019738 12.609267 8
2.543066 9.297262 0.261767 8
12.444454 1.211813 1.252036 6
11.456546 21.105187 13.599536 6
3.489546 12.370313 11.095463 6
4.477454 9.946687 23.442964 6
13.324011 1.127009 0.180274 6
10.576989 21.189992 12.527774 6
2.609989 12.285509 12.167226 6
5.357011 10.031491 24.514727 6
13.092968 1.495239 24.052930 1
10.808032 20.821761 11.705430 1
2.841032 12.653739 12.989570 1
5.125968 9.663261 0.642070 1
14.550929 0.490974 0.335852 6
9.350071 21.826026 12.683352 6
1.383071 11.649474 12.011648 6
6.583929 10.667526 24.359148 6
15.138893 0.432950 24.314697 1
8.762107 21.884050 11.967197 1
0.795107 11.591450 12.727803 1
7.171893 10.725550 0.380303 1
14.896697 22.258976 1.565663 6
9.004303 0.058024 13.913163 6
1.037303 11.100476 10.781837 6
6.929697 11.216524 23.129337 6
15.717298 21.832721 1.669382 1
8.183702 0.484279 14.016882 1
0.216702 10.674221 10.678118 1
7.750298 11.642779 23.025618 1
14.015546 0.026780 2.637426 6
9.885454 22.290220 14.984926 6
1.918454 11.185280 9.710074 6
6.048546 11.131720 22.057574 6
14.246589 21.975550 3.459770 1
9.654411 0.341450 15.807270 1
1.687411 10.817050 8.887730 1
6.279589 11.499950 21.235231 1
12.790222 0.662815 2.481848 6
11.110778 21.654185 14.829348 6
3.143778 11.821315 9.865652 6
4.823222 10.495685 22.213152 6
12.200664 0.720839 3.198003 1
11.700336 21.596161 15.545502 1
3.733336 11.879339 9.149498 1
4.233664 10.437661 21.496998 1
12.665937 1.417129 1.103866 6
11.235063 20.899870 13.451366 6
3.268063 12.575629 11.243633 6
4.698937 9.741371 23.591134 6
13.405274 1.368032 24.620915 6
10.495726 20.948968 12.273415 6
2.528726 12.526532 12.421585 6
5.438274 9.790468 0.074085 6
13.048353 1.709482 23.833144 1
10.852647 20.607518 11.485645 1
2.885647 12.867982 13.209356 1
5.081353 9.449018 0.861855 1
14.675214 0.805644 24.620915 6
9.225786 21.511356 12.273415 6
1.258786 11.964144 12.421585 6
6.708214 10.352856 0.074085 6
15.169168 0.772168 23.835614 1
8.731832 21.544832 11.488114 1
0.764832 11.930668 13.206886 1
7.202168 10.386332 0.859386 1
15.209003 0.292353 1.103866 6
8.691997 22.024647 13.451366 6
0.724997 11.450853 11.243633 6
7.242003 10.866147 23.591134 6
0.125879 22.234427 1.103866 1
7.841121 0.082573 13.451366 1
15.808121 11.075927 11.243633 1
8.092879 11.241073 23.591134 1
14.469665 0.341450 2.281818 6
9.431335 21.975550 14.629318 6
1.464335 11.499950 10.065682 6
6.502665 10.817050 22.413182 6
14.826587 0.000000 3.067119 1
9.074413 0.000000 15.414619 1
1.107413 11.158500 9.280381 1
6.859587 11.158500 21.627881 1
13.198132 0.903838 2.279348 6
10.702868 21.413162 14.626849 6
2.735868 12.062338 10.068152 6
5.231132 10.254662 22.415651 6
12.704178 0.937314 3.067119 1
11.196822 21.379686 15.414619 1
3.229822 12.095814 9.280381 1
4.737178 10.221186 21.627881 1
7.246783 5.255653 6.534297 6
0.720217 17.061347 18.881797 6
8.687217 16.414153 5.813203 6
15.213783 5.902847 18.160703 6
6.236568 5.925164 7.107221 8
1.730432 16.391837 19.454721 8
9.697432 17.083664 5.240279 8
14.203568 5.233337 17.587779 8
5.189704 5.088276 7.660389 6
2.777296 17.228724 20.007889 6
10.744296 16.246776 4.687111 6
13.156704 6.070224 17.034611 6
4.506135 5.641738 8.043162 1
3.460865 16.675262 20.390662 1
11.427865 16.800238 4.304339 1
12.473135 5.516762 16.651839 1
5.560966 4.521424 8.341971 1
2.406034 17.795576 20.689471 1
10.373034 15.679924 4.005529 1
13.527966 6.637076 16.353029 1
4.812068 4.545973 6.963990 1
3.154932 17.771027 19.311490 1
11.121932 15.704473 5.383510 1
12.779068 6.612527 17.731010 1
7.350354 4.079548 6.512072 8
0.616646 18.237452 18.859572 8
8.583646 15.238048 5.835428 8
15.317354 7.078952 18.182928 8
8.760513 7.679280 8.724744 8
15.140487 14.637720 21.072243 8
7.173487 18.837780 3.622756 8
0.793513 3.479220 15.970257 8
7.853869 7.525292 8.579043 1
0.113131 14.791708 20.926543 1
8.080131 18.683792 3.768457 1
15.820869 3.633208 16.115957 1
9.267214 8.864312 9.371752 6
14.633786 13.452688 21.719252 6
6.666786 20.022812 2.975748 6
1.300214 2.294188 15.323248 6
8.534250 9.435628 9.613763 1
15.366750 12.881372 21.961264 1
7.399750 20.594128 2.733737 1
0.567250 1.722872 15.081237 1
9.853586 9.332969 8.771664 1
14.047414 12.984031 21.119164 1
6.080414 20.491469 3.575836 1
1.886586 1.825531 15.923336 1
9.753201 8.614362 10.161993 1
14.147799 13.702638 22.509493 1
6.180799 19.772862 2.185508 1
1.786201 2.544138 14.533008 1
13.854613 3.289526 6.534297 8
10.046387 19.027474 18.881797 8
2.079387 14.448026 5.813203 8
5.887613 7.868974 18.160703 8
14.646533 3.229270 7.018319 1
9.254467 19.087730 19.365819 1
1.287467 14.387770 5.329181 1
6.679533 7.929230 17.676681 1
13.693680 2.561992 5.420553 6
10.207320 19.755008 17.768052 6
2.240320 13.720492 6.926947 6
5.726680 8.596508 19.274448 6
14.479226 2.030847 5.267443 1
9.421774 20.286153 17.614944 1
1.454774 13.189347 7.080057 1
6.512226 9.127653 19.427556 1
13.551867 3.146697 4.672294 1
10.349133 19.170303 17.019794 1
2.382133 14.305197 7.675206 1
5.584867 8.011803 20.022706 1
12.933628 1.983981 5.521802 1
10.967372 20.333019 17.869302 1
3.000372 13.142481 6.825698 1
4.966628 9.174519 19.173198 1
11.278085 16.463251 8.015997 8
12.622915 5.853749 20.363497 8
4.655915 5.304751 4.331503 8
3.311085 17.012249 16.679003 8
11.429458 16.385141 9.428551 6
12.471542 5.931859 21.776051 6
4.504542 5.226641 2.918949 6
3.462458 17.090359 15.266449 6
6.563215 7.342293 10.260772 8
1.403785 14.974707 22.608272 8
9.370785 18.500793 2.086728 8
14.530215 3.816207 14.434228 8
5.349044 7.980559 10.063212 6
2.617956 14.336441 22.410712 6
10.584956 19.139059 2.284288 6
13.316044 3.177941 14.631788 6
6.771950 20.292848 8.803767 8
1.195050 2.024152 21.151267 8
9.162050 9.134348 3.543733 8
14.738950 13.182652 15.891232 8
7.183047 20.205812 10.152115 6
0.783953 2.111188 22.499614 6
8.750953 9.047312 2.195385 6
15.150047 13.269688 14.542885 6
15.059223 8.011803 9.586599 8
8.841777 14.305197 21.934099 8
0.874777 19.170303 2.760901 8
7.092223 3.146697 15.108401 8
11.239844 8.270680 3.543732 8
12.661156 14.046320 15.891232 8
4.694156 19.429180 8.803768 8
3.272844 2.887820 21.151267 8
11.456546 9.373140 2.370720 6
12.444454 12.943860 14.718220 6
4.477454 20.531640 9.976780 6
3.489546 1.785360 22.324280 6
0.702689 18.206209 10.055804 8
7.264311 4.110791 22.403304 8
15.231311 7.047709 2.291696 8
8.669689 15.269291 14.639196 8
15.196256 18.505256 9.710074 6
8.704744 3.811744 22.057574 6
0.737744 7.346756 2.637426 6
7.229256 14.970244 14.984926 6
