2.247158 5.604880 2.978999 8
5.683592 0.110420 11.284449 8
-0.870450 0.551069 6.262642 8
2.565983 5.164231 14.568092 8
1.641931 1.469118 5.216653 8
5.078365 4.246182 13.522104 8
0.955817 3.778956 7.048005 8
4.392251 1.936344 15.353455 8
0.893125 0.121564 9.805913 8
8.158991 5.593736 1.500463 8
2.541542 1.694872 8.083861 8
5.977976 4.020428 16.389311 8
0.937914 0.352291 4.819819 7
4.374348 5.363009 13.125269 7
1.195380 1.859587 8.304952 7
4.631814 3.855713 16.610402 7
1.281676 5.372382 3.661541 6
4.718110 0.342918 11.966991 6
0.220380 4.340199 3.524833 6
3.656814 1.375101 11.830283 6
0.127345 3.297157 2.626682 6
3.563779 2.418143 10.932132 6
0.790968 3.154846 1.963408 1
4.227402 2.560454 10.268859 1
9.718295 2.458722 2.734486 6
2.452429 3.256578 11.039937 6
9.621591 1.728307 2.134501 1
2.355725 3.986993 10.439951 1
8.751777 2.678190 3.708882 6
1.485911 3.037110 12.014332 6
7.999568 2.099230 3.757386 1
0.733702 3.616070 12.062836 1
8.864507 3.734377 4.618163 6
1.598641 1.980923 12.923613 6
8.204162 3.882403 5.283927 1
0.938296 1.832897 13.589378 1
-0.737268 4.551093 4.513680 6
2.699165 1.164207 12.819130 6
-0.314034 5.713585 5.353195 6
3.122399 0.001715 13.658645 6
2.957322 1.063046 5.743219 6
6.393756 4.652254 14.048669 6
3.292613 0.302339 5.187584 1
6.729047 5.412961 13.493035 1
3.881678 2.259258 5.517145 6
7.318112 3.456042 13.822595 6
4.061743 2.696479 6.386891 1
-3.204124 3.018821 14.692342 1
3.422143 2.916518 4.936760 1
6.858577 2.798782 13.242210 1
5.228318 1.862616 4.863173 6
-2.037549 3.852684 13.168624 6
5.074647 1.748882 3.891934 1
-2.191219 3.966418 12.197384 1
5.857053 2.619322 4.973304 1
-1.408813 3.095978 13.278754 1
5.913744 0.601250 5.382430 6
-1.352123 5.114050 13.687880 6
5.284654 5.559844 5.278944 1
-1.981213 0.155456 13.584395 1
6.695575 0.416074 4.803872 1
-0.570291 5.299226 13.109323 1
6.390976 0.625254 6.828907 6
-0.874890 5.090046 15.134358 6
7.052804 1.355669 6.921762 1
-0.213062 4.359631 15.227213 1
6.864482 5.490117 7.009800 1
-0.401384 0.225183 15.315250 1
5.327640 0.811573 7.909446 6
-1.938226 4.903727 16.214897 6
5.038130 1.758598 7.903467 1
-2.227736 3.956702 16.208917 1
5.742264 0.633255 8.790489 1
2.305830 5.082045 0.485038 1
4.072827 5.630714 7.767257 6
-3.193040 0.084586 16.072707 6
4.309380 4.856290 7.197503 1
-2.956487 0.859010 15.502954 1
3.842126 5.278080 8.662585 1
0.405692 0.437220 0.357134 1
2.824490 0.577245 7.178235 6
6.260924 5.138055 15.483685 6
2.066089 5.642716 7.225742 1
5.502523 0.072584 15.531192 1
0.516470 2.986816 7.831707 6
3.952904 2.728484 16.137158 6
-0.798542 2.932520 8.534182 6
6.467324 2.782780 0.228732 6
-1.847954 3.822964 8.476376 6
5.417912 1.892336 0.170926 6
-1.814945 4.597959 7.928383 1
1.621489 1.117341 16.233833 1
7.733985 3.528055 9.268550 6
4.297551 2.187245 0.963100 6
6.990560 4.119017 9.262238 1
3.554126 1.596283 0.956788 1
7.692629 2.388995 10.060724 6
4.256196 3.326305 1.755274 6
6.916985 2.210678 10.579483 1
3.480551 3.504622 2.274032 1
-1.936390 1.499695 10.111554 6
5.329477 4.215605 1.806103 6
-1.967024 0.717270 10.649248 1
5.298842 4.998030 2.343798 1
-0.828578 1.804320 9.348283 6
6.437288 3.910980 1.042832 6
0.484640 1.100767 9.243634 6
7.750506 4.614533 0.938184 6
