3.846074 8.760888 0.591901 6
9.193507 3.421488 18.139129 6
3.301275 10.008171 1.018968 6
9.738306 4.668771 17.712062 6
3.554704 0.119603 0.597520 1
9.484877 5.459003 18.133510 1
2.415221 10.039140 2.039809 6
10.624360 4.699740 16.691220 6
2.051731 0.177268 2.296424 1
10.987850 5.516668 16.434605 1
2.030046 8.901848 2.714126 6
11.009535 3.562448 16.016903 6
1.123237 8.916798 3.806145 6
11.916344 3.577398 14.924884 6
0.781397 9.731590 4.098349 1
12.258183 4.392190 14.632680 1
0.757771 7.827560 4.405538 6
12.281810 2.488160 14.325491 6
0.161199 7.880954 5.117317 1
12.878382 2.541554 13.613712 1
1.244270 6.554647 4.004694 6
11.795310 1.215247 14.726335 6
0.980975 5.783638 4.452366 1
12.058606 0.444238 14.278664 1
2.106595 6.489507 2.952010 6
10.932986 1.150107 15.779019 6
2.426844 5.659764 2.680410 1
10.612737 0.320364 16.050619 1
2.522230 7.628935 2.272074 6
10.517351 2.289535 16.458956 6
3.454836 7.591559 1.196913 6
9.584745 2.252159 17.534117 6
4.037353 6.286610 0.734256 6
9.002228 0.947210 17.996773 6
0.946846 5.662968 18.279612 6
12.092735 0.323568 0.451418 6
-0.101246 6.201179 17.530371 6
13.140827 0.861779 1.200659 6
-0.507940 6.991410 17.805717 1
13.547521 1.652010 0.925313 1
-0.534702 5.581809 16.402763 6
13.574283 0.242409 2.328267 6
-1.227091 5.954499 15.906390 1
14.266672 0.615099 2.824639 1
0.053596 4.392190 15.988807 6
12.985985 9.731590 2.742223 6
-0.253454 3.978921 15.213342 1
13.293035 9.318321 3.517687 1
1.013325 3.847572 16.653758 6
12.026256 9.186972 2.077271 6
1.377283 3.048797 16.348443 1
11.662298 8.388197 2.382587 1
1.537998 4.438109 17.856291 6
11.501583 9.777509 0.874739 6
2.579865 3.884947 18.628009 6
10.459716 9.224347 0.103021 6
2.951941 3.074427 18.365775 1
10.087640 8.413827 0.365255 1
5.631734 4.485096 0.988998 6
7.407847 9.824496 17.742031 6
6.326189 4.095320 1.470386 1
6.713392 9.434720 17.260644 1
5.081989 5.700343 1.417939 6
7.957592 0.360943 17.313091 6
6.622858 5.905376 3.249834 6
6.416723 0.565976 15.481196 6
7.375784 5.774027 2.650441 1
5.663797 0.434627 16.080589 1
6.414479 5.058548 3.673155 1
6.625102 10.397948 15.057875 1
6.964569 6.940152 4.295025 6
6.075012 1.600752 14.436005 6
8.269581 7.087520 4.722093 6
4.770000 1.748120 14.008937 6
8.932943 6.536493 4.375569 1
4.106638 1.197093 14.355461 1
8.599459 8.047544 5.660517 6
4.440122 2.708144 13.070512 6
9.486370 8.142585 5.924625 1
3.553211 2.803185 12.806405 1
7.643639 8.863404 6.213083 6
5.395942 3.524004 12.517947 6
6.343843 8.676525 5.793507 6
6.695738 3.337125 12.937522 6
5.674514 9.207261 6.160636 1
7.365067 3.867861 12.570394 1
6.001466 7.732519 4.855083 6
7.038115 2.393119 13.875947 6
5.113521 7.634274 4.598468 1
7.926060 2.294874 14.132562 1
7.997272 9.920605 7.205827 6
5.042309 4.581205 11.525203 6
8.490709 9.511607 7.932591 1
4.548872 4.172207 10.798439 1
7.179261 10.286888 7.574828 1
5.860320 4.947488 11.156201 1
7.817165 1.355140 5.340217 6
5.222416 6.694540 13.390813 6
7.335975 0.659950 4.864448 1
5.703606 5.999350 13.866581 1
7.171391 1.898691 5.819731 1
5.868190 7.238091 12.911299 1
9.369530 1.086034 3.079381 6
3.670051 6.425434 15.651648 6
10.134817 1.433095 2.594248 1
2.904764 6.772495 16.136782 1
9.676068 0.341722 3.620708 1
3.363513 5.681122 15.110322 1
8.346170 0.578791 2.082890 6
4.693411 5.918191 16.648139 6
8.022607 1.293203 0.962775 6
5.016974 6.632603 17.768255 6
8.435683 2.112267 0.811054 1
4.603898 7.451667 17.919976 1
7.096725 0.821200 0.052447 6
5.942856 6.160600 18.678583 6
4.316278 1.318832 18.022997 1
8.723303 6.658232 0.708033 1
6.462903 10.293295 0.264108 6
6.576678 4.953895 18.466922 6
6.774496 9.568205 1.391715 6
6.265085 4.228805 17.339314 6
6.356733 8.751277 1.543437 1
6.682848 3.411877 17.187593 1
7.703244 10.042344 2.303917 6
5.336337 4.702944 16.427113 6
7.898052 9.546847 3.066270 1
5.141529 4.207447 15.664760 1
2.912683 9.799935 17.936834 6
10.126898 4.460535 0.794196 6
2.293509 10.515414 17.725173 1
10.746072 5.176014 1.005856 1
3.412810 9.597038 17.131400 1
9.626771 4.257638 1.599630 1
2.170504 8.654100 18.311080 8
10.869077 3.314700 0.419950 8
5.515175 6.375244 2.536181 8
7.524406 1.035844 16.194848 8
8.992338 0.606235 6.512592 16
4.047243 5.945635 12.218438 16
8.733785 2.379237 4.170276 16
4.305796 7.718637 14.560753 16
1.953110 0.410066 8.187333 6
11.086471 5.749466 10.543697 6
1.795778 9.873618 8.863523 6
11.243803 4.534218 9.867506 6
1.014487 9.380258 8.751137 1
12.025094 4.040858 9.979893 1
2.770512 9.413362 9.680196 6
10.269069 4.073962 9.050833 6
2.643152 8.613520 10.139106 1
10.396429 3.274120 8.591923 1
3.969007 10.117095 9.848775 6
9.070574 4.777695 8.882254 6
5.015128 9.652567 10.702910 6
8.024452 4.313167 8.028119 6
4.914305 8.836707 11.139343 1
8.125276 3.497307 7.591686 1
6.129282 10.356300 10.893967 6
6.910299 5.016900 7.837063 6
6.777246 10.048751 11.485867 1
6.262335 4.709351 7.245162 1
6.324356 0.878865 10.204665 6
6.715225 6.218265 8.526365 6
7.115808 1.353004 10.322670 1
5.923773 6.692404 8.408359 1
5.347753 1.369022 9.344911 6
7.691828 6.708422 9.386119 6
5.487870 2.165661 8.884127 1
7.551711 7.505061 9.846902 1
4.153945 0.663153 9.176331 6
8.885636 6.002553 9.554698 6
3.110690 1.143699 8.324070 6
9.928891 6.483099 10.406960 6
3.282419 2.350404 7.475554 6
9.757162 7.689804 11.255476 6
3.754903 2.203036 6.145651 6
9.284678 7.542436 12.585379 6
4.079808 0.949345 5.602451 6
8.959773 6.288745 13.128579 6
4.017364 0.187947 6.134412 1
9.022217 5.527347 12.596617 1
4.491126 0.832946 4.296898 6
8.548455 6.172346 14.434131 6
4.693611 10.669189 3.961613 1
8.345970 5.329789 14.769417 1
4.609243 1.920048 3.474606 6
8.430338 7.259448 15.256424 6
4.886916 1.816464 2.594248 1
8.152665 7.155864 16.136782 1
4.312928 3.160925 3.969105 6
8.726652 8.500325 14.761924 6
4.396176 3.899898 3.410920 1
8.643405 9.239298 15.320109 1
3.883156 3.356347 5.306501 6
9.156425 8.695747 13.424529 6
3.562680 4.595088 5.851574 6
9.476901 9.934488 12.879456 6
3.679818 5.356486 5.330851 1
9.359763 0.017086 13.400179 1
3.086999 4.733912 7.114045 6
9.952582 10.073312 11.616985 6
2.869925 5.576469 7.441838 1
10.169656 0.237069 11.289192 1
2.922517 3.599823 7.921352 6
10.117064 8.939223 10.809677 6
1.831251 4.860990 9.648353 6
11.208330 10.200390 9.082676 6
2.485751 5.567926 9.535967 1
10.553830 0.228526 9.195062 1
1.651819 4.779831 10.598017 1
11.387762 10.119231 8.133013 1
0.571012 5.274259 8.964671 6
12.468569 10.613659 9.766359 6
0.105086 6.569598 9.125758 6
12.934495 1.230198 9.605272 6
0.602969 7.172950 9.627749 1
12.436612 1.833550 9.103280 1
-1.088110 6.986071 8.556334 6
14.127691 1.646671 10.174695 6
14.265630 7.870276 8.653736 1
-1.226049 2.530876 10.077294 1
13.743470 6.110409 7.852048 6
-0.703889 0.771009 10.878982 6
14.195580 4.810799 7.677849 6
-1.155999 10.150199 11.053181 6
13.677411 4.207447 7.198335 1
-0.637830 9.546847 11.532695 1
-0.216957 4.396462 8.209810 6
13.256538 9.735862 10.521219 6
0.075044 3.526140 8.063708 1
12.964537 8.865540 10.667321 1
12.427377 6.538629 7.290117 6
0.612204 1.199229 11.440913 6
11.948720 7.048008 7.962561 1
1.090861 1.708608 10.768469 1
11.901168 5.750534 7.084075 1
1.138413 0.411134 11.646954 1
13.111446 6.270591 4.641549 6
-0.071865 0.931191 14.089480 6
13.818833 5.738787 5.040520 1
-0.779252 0.399387 13.690510 1
13.456114 6.676386 3.830496 1
-0.416533 1.336986 14.900534 1
12.524033 3.820875 3.452129 6
0.515548 9.160275 15.278901 6
11.856949 3.281595 2.998838 1
1.182632 8.620995 15.732192 1
13.123766 4.171139 2.774065 1
-0.084185 9.510539 15.956964 1
13.310349 2.932398 4.366203 6
-0.270769 8.271798 14.364827 6
12.670411 2.018293 5.188495 6
0.369170 7.357693 13.542534 6
11.739773 1.980917 5.184749 1
1.299808 7.320317 13.546281 1
13.354796 1.185347 5.992056 6
-0.315216 6.524747 12.738973 6
12.888740 0.574519 6.516525 1
0.150841 5.913919 12.214504 1
14.762795 1.216315 6.057615 6
-1.723215 6.555715 12.673415 6
-0.225329 2.128285 5.257800 6
13.264910 7.467685 13.473230 6
0.702983 2.177407 5.278404 1
12.336598 7.516807 13.452625 1
14.694114 2.983657 4.414904 6
-1.654533 8.323057 14.316126 6
-0.468445 3.591280 3.882942 1
13.508026 8.930680 14.848087 1
-0.122450 0.301142 6.981055 6
13.162031 5.640542 11.749975 6
-0.691393 0.037376 7.719057 1
13.730974 5.376776 11.011972 1
0.158523 10.181168 6.507160 1
12.881058 4.841768 12.223870 1
2.399978 3.647878 9.195062 8
10.639603 8.987278 9.535967 8
0.993566 1.002739 7.453077 8
12.046015 6.342139 11.277953 8
12.590049 7.549271 5.790323 16
0.449532 2.209871 12.940706 16
11.689579 5.210187 4.246137 16
1.350002 10.549587 14.484892 16
