11.624929 5.486094 32.369567 8
9.204139 4.812974 14.032155 8
4.461990 9.387665 4.305258 8
2.681459 0.571785 22.642670 8
12.216089 0.648026 30.760275 8
8.556790 9.594854 12.422863 8
5.109339 4.736733 5.914549 8
2.090299 5.278905 24.251961 8
8.748624 5.707963 35.566511 7
12.192067 4.702728 17.229099 7
1.474063 9.165796 1.108313 7
5.557764 0.682031 19.445725 7
9.381966 6.109732 2.812959 7
11.055380 3.797613 21.150371 7
3.251009 8.764027 33.861865 7
4.284164 1.587146 15.524453 7
10.875560 8.425049 36.077758 7
10.082982 2.003493 17.740346 7
3.583148 6.448710 0.597066 7
3.430829 3.381266 18.934478 7
11.974321 8.073599 3.227385 7
8.477494 1.848216 21.564797 7
5.828894 6.800160 33.447440 7
1.691809 3.536543 15.110028 7
11.871495 3.549911 31.203674 7
8.916865 6.708449 12.866262 7
4.749264 1.834848 5.471150 7
2.434893 8.165310 23.808562 7
0.641799 7.542286 35.463455 7
6.949294 2.864807 17.126043 7
6.716836 7.331473 1.211369 7
13.664589 2.519952 19.548782 7
2.317243 3.691638 35.951963 7
5.290906 6.732512 17.614551 7
8.375223 1.693121 0.722861 7
11.989145 8.141247 19.060273 7
5.589793 8.913440 29.918955 7
1.807711 1.300065 11.581543 7
11.858418 5.960319 6.755869 7
8.716595 4.084694 25.093281 7
7.322965 5.081932 30.579835 7
13.443615 5.154647 12.242423 7
0.222515 0.302827 6.094989 7
6.983424 9.719112 24.432401 7
11.335362 8.254016 31.607464 7
9.467097 2.018444 13.270052 7
4.199033 6.619743 5.067360 7
2.971026 3.366315 23.404773 7
11.679236 4.262557 34.792306 6
9.234423 6.121102 16.454893 6
4.431706 1.122202 1.882519 6
2.627152 8.752657 20.219931 6
11.944660 3.533548 33.636315 6
8.928638 6.809750 15.298903 6
4.737491 1.851211 3.038509 6
2.361729 8.064009 21.375921 6
12.390797 2.211548 33.734604 6
8.485932 8.135181 15.397191 6
5.180197 3.173211 2.940221 6
1.915591 6.738578 21.277633 6
12.557852 1.634376 34.970912 6
8.362044 8.755520 16.633500 6
5.304086 3.750383 1.703912 6
1.748537 6.118239 20.041324 6
13.156218 1.786933 2.889609 6
7.283803 8.123088 21.227022 6
7.022585 3.597826 33.785215 6
0.509911 6.750670 15.447803 6
0.215105 2.726731 3.835820 6
6.911954 7.216327 22.173232 6
7.394435 2.658028 32.839004 6
13.451024 7.657432 14.501592 6
13.136264 4.035389 3.734231 6
7.333248 5.904123 22.071643 6
6.973140 1.349370 32.940594 6
0.529866 8.969636 14.603182 6
12.309185 4.422258 2.685331 6
8.123704 5.480631 21.022743 6
6.182684 0.962501 33.989494 6
1.356945 9.393128 15.652081 6
10.958403 3.811973 0.611736 6
9.402085 6.018516 18.949148 6
4.904303 1.572786 36.063088 6
2.707726 8.855243 17.725676 6
11.831847 1.163082 0.799878 6
8.535211 8.673976 19.137290 6
5.771178 4.221677 35.874946 6
1.834282 6.199783 17.537534 6
9.936481 4.708502 0.710025 6
10.427439 5.125419 19.047437 6
3.878949 0.676257 35.964800 6
3.729648 9.748340 17.627388 6
11.543757 9.349634 1.039731 6
8.831675 0.495798 19.377143 6
5.474713 5.524125 35.635093 6
2.122373 4.888961 17.297681 6
11.825123 3.690315 36.039250 6
9.132074 6.736882 17.701837 6
4.534055 1.694444 0.635575 6
2.481266 8.136877 18.972987 6
12.261893 2.357852 36.136071 6
8.698685 8.072726 17.798659 6
4.967444 3.026907 0.538753 6
2.044496 6.801033 18.876165 6
12.303641 2.130012 1.832641 6
8.099476 7.743105 20.170053 6
6.206912 3.254747 34.842183 6
1.362489 7.130654 16.504771 6
11.873608 3.472028 1.739487 6
8.526257 6.397837 20.076899 6
5.780132 1.912731 34.935337 6
1.792522 8.475922 16.597925 6
9.585563 5.541163 36.339250 6
11.382109 4.896509 18.001837 6
2.284021 9.332596 0.335575 6
4.720826 0.488250 18.672987 6
9.659475 5.470202 1.890587 6
10.745665 4.404938 20.227999 6
3.560723 9.403557 34.784237 6
4.006654 0.979821 16.446825 6
10.843827 8.491345 0.088020 6
9.498376 1.320858 18.425432 6
4.808013 6.382414 36.586805 6
2.822302 4.063901 18.249393 6
11.793717 8.690067 2.285208 6
8.625202 1.198852 20.622620 6
5.681187 6.183692 34.389616 6
1.872413 4.185907 16.052204 6
11.799211 4.265258 32.338026 6
9.028756 6.032709 14.000614 6
4.637373 1.119501 4.336798 6
2.507177 8.841050 22.674210 6
11.831263 4.204543 29.892916 6
8.911332 6.008052 11.555504 6
4.754797 1.180216 6.781908 6
2.475126 8.865707 25.119321 6
13.185264 4.189453 29.245972 6
7.534742 6.000553 10.908560 6
6.131387 1.195306 7.428852 6
1.121124 8.873206 25.766265 6
13.619650 5.321507 28.594627 6
7.077615 4.845758 10.257215 6
6.588514 9.552252 8.080197 6
0.686739 0.539001 26.417609 6
1.469605 5.309649 27.915409 6
5.857944 4.833900 9.577997 6
7.808185 9.564110 8.759415 6
12.836783 0.550859 27.096827 6
2.249815 4.197956 27.884969 6
5.076672 5.944531 9.547557 6
8.589457 1.186803 8.789855 6
12.056574 8.929228 27.127267 6
1.849172 3.069127 28.557952 6
5.500812 7.096857 10.220540 6
8.165317 2.315632 8.116872 6
12.457216 7.776902 26.454284 6
0.642604 3.071560 29.240837 6
6.731224 7.118268 10.903425 6
6.934906 2.313199 7.433987 6
13.663785 7.755491 25.771399 6
10.752201 3.571424 29.011620 6
9.959623 6.610400 10.674208 6
3.706506 1.813335 7.663205 6
3.554187 8.263359 26.000617 6
0.638789 7.321909 32.080202 6
6.834176 2.967056 13.742790 6
6.831953 7.551850 4.594622 6
13.667600 2.417703 22.932034 6
13.673503 8.290528 31.144261 6
7.112784 1.965759 12.806849 6
6.553346 6.583231 5.530563 6
0.632886 3.419000 23.867976 6
1.244481 8.569342 30.156608 6
6.161321 1.652460 11.819196 6
7.504808 6.304417 6.518217 6
13.061908 3.732299 24.855629 6
2.421607 7.858240 30.080691 6
4.981544 2.360912 11.743279 6
8.684585 7.015519 6.594133 6
11.884781 3.023847 24.931546 6
4.360559 3.543609 30.679591 6
3.063503 6.696453 12.342179 6
10.602627 1.841150 5.995234 6
9.945829 8.177306 24.332646 6
4.080973 2.235401 31.024334 6
3.355126 8.016698 12.686922 6
10.311004 3.149358 5.650490 6
10.225415 6.857061 23.987902 6
3.144831 1.985522 31.984481 6
4.324792 8.300101 13.647069 6
9.341338 3.399237 4.690343 6
11.161557 6.573658 23.027755 6
2.507599 3.029309 32.636559 6
4.984791 7.279082 14.299147 6
8.681338 2.355450 4.038265 6
11.798789 7.594677 22.375677 6
2.103057 5.497833 32.933259 6
5.399693 4.820917 14.595847 6
8.266436 9.375926 3.741566 6
12.203332 0.563842 22.078978 6
3.922680 5.998491 30.901473 6
3.509129 4.249318 12.564061 6
10.157001 8.875268 5.773351 6
10.383708 1.135441 24.110763 6
1.775049 5.560678 34.250252 6
5.773685 4.804055 15.912839 6
7.892445 9.313081 2.424573 6
12.531340 0.580704 20.761985 6
5.136006 6.464545 30.529224 6
2.282806 3.770267 12.191812 6
11.383324 8.409214 6.145600 6
9.170382 1.614492 24.483012 6
1.823968 6.599464 32.006853 6
5.646437 3.686940 13.669440 6
8.019693 8.274295 4.667972 6
12.482421 1.697819 23.005384 6
2.723109 6.855968 30.991327 6
4.711838 3.394979 12.653915 6
8.954292 8.017791 5.683498 6
11.583279 1.989780 24.020910 6
3.721602 4.604085 31.309297 6
3.724446 5.657963 12.971885 6
9.941683 0.780673 5.365527 6
10.584786 9.215796 23.702939 6
2.792953 4.349333 32.316388 6
4.688259 5.947879 13.978976 6
8.977870 1.035426 4.358436 6
11.513436 8.925880 22.695848 6
1.137746 6.684103 34.898296 6
6.433614 3.703258 16.560884 6
7.232516 8.189656 1.776528 6
13.168642 1.681501 20.113941 6
2.090095 4.495029 35.172257 6
5.490830 5.901897 16.834845 6
8.175299 0.889730 1.502568 6
12.216293 8.971862 19.839980 6
5.369118 7.828975 30.198050 6
2.038131 2.394274 11.860638 6
11.627999 7.044784 6.476774 6
8.937270 2.990485 24.814186 6
6.347039 5.679406 30.560764 6
1.072874 4.556507 12.223352 6
12.593255 9.194353 6.114060 6
7.959349 0.828252 24.451472 6
12.345761 8.982461 31.154896 6
8.440896 1.274196 12.817484 6
5.225233 5.891298 5.519928 6
1.960627 4.110563 23.857340 6
9.946242 8.731511 31.618833 6
10.856614 1.541345 13.281421 6
2.809516 6.142248 5.055991 6
4.360146 3.843414 23.393403 6
9.353162 8.680401 30.213087 6
11.400612 1.543373 11.875675 6
2.265517 6.193358 6.461737 6
4.953227 3.841386 24.799149 6
8.904938 9.850358 29.613087 6
11.827887 0.352467 11.275675 6
1.838243 5.023401 7.061737 6
5.401450 5.032292 25.399150 6
8.339507 9.785408 28.338637 6
12.348820 0.372919 10.001225 6
1.317310 5.088351 8.336188 6
5.966882 5.011840 26.673600 6
8.197127 8.586745 27.674822 6
12.468022 1.548404 9.337410 6
1.198108 6.287014 9.000002 6
6.109261 3.836355 27.337414 6
8.662112 7.413353 28.241082 6
12.022809 2.741568 9.903670 6
1.643321 7.460406 8.433743 6
5.644277 2.643191 26.771155 6
9.234280 7.470775 29.519199 6
11.495267 2.728772 11.181787 6
2.170863 7.402984 7.155625 6
5.072109 2.655987 25.493037 6
9.179825 7.876464 32.592183 6
11.657017 2.430377 14.254771 6
2.009113 6.997295 4.082641 6
5.126564 2.954382 22.420054 6
11.377754 5.174202 34.723724 1
9.533511 5.207063 16.386311 1
4.132618 0.210557 1.951101 1
2.928635 9.666696 20.288513 1
12.581965 1.703759 32.911987 1
8.266043 8.614248 14.574575 1
5.400087 3.681000 3.762837 1
1.724424 6.259511 22.100249 1
12.872930 0.730572 35.053797 1
8.049860 9.662218 16.716385 1
5.616270 4.654187 1.621027 1
1.433459 5.211541 19.958439 1
0.147504 0.902576 2.944988 1
6.948451 9.009379 21.282401 1
7.357937 4.482183 33.729836 1
13.518625 5.864380 15.392424 1
0.778028 2.454180 4.584353 1
6.375166 7.515014 22.921765 1
7.931222 2.930579 32.090471 1
12.888101 7.358745 13.753059 1
0.124364 4.687024 4.371639 1
7.021403 5.274743 22.709051 1
7.284986 0.697735 32.303185 1
13.541765 9.599016 13.965773 1
11.959625 5.346206 2.614915 1
8.470806 4.554225 20.952327 1
5.835583 9.527553 34.059909 1
1.706505 0.830534 15.722497 1
11.862396 2.582277 31.217610 1
8.926451 7.676571 12.880198 1
4.739679 2.802482 5.457214 1
2.443992 7.197188 23.794626 1
11.592210 5.123690 30.036681 1
9.155405 5.093924 11.699269 1
4.510725 0.261069 6.638143 1
2.714179 9.779835 24.975555 1
13.010070 6.112274 28.613698 1
7.687860 4.055657 10.276286 1
5.978269 8.761485 8.061126 1
1.296318 1.329102 26.398538 1
1.786127 6.114122 27.469443 1
5.525851 4.013856 9.132031 1
8.140278 8.759637 9.205381 1
12.520261 1.370903 27.542793 1
3.064280 4.158608 27.370421 1
4.244241 5.965913 9.033009 1
9.421889 1.226151 9.304403 1
11.242108 8.907846 27.641815 1
2.396883 2.247905 28.588025 1
4.954151 7.919130 10.250613 1
8.711978 3.136854 8.086799 1
11.909505 6.954629 26.424211 1
13.701030 2.276549 29.739615 1
7.036212 7.930694 11.402203 1
6.629917 3.108210 6.935209 1
0.605358 6.943065 25.272621 1
9.881045 3.665734 29.413209 1
10.844801 6.530112 11.075797 1
2.821329 1.719025 7.261615 1
4.425343 8.343647 25.599027 1
10.691811 3.975824 28.151595 1
9.989986 6.175973 9.814183 1
3.676144 1.408935 8.523229 1
3.614578 8.697786 26.860641 1
10.906012 2.635369 28.877757 1
9.801138 7.541781 10.540344 1
3.864991 2.749390 7.797068 1
3.400376 7.331978 26.134480 1
13.358500 7.143215 32.823968 1
7.486434 3.171719 14.486556 1
6.179695 7.730544 3.850857 1
0.947889 2.213040 22.188269 1
1.036159 9.285398 29.537903 1
6.348041 0.914801 11.200491 1
7.318088 5.588361 7.136921 1
13.270230 4.469958 25.474333 1
3.064411 8.050717 29.365532 1
4.313771 2.143464 11.028120 1
9.352359 6.823042 7.309292 1
11.241978 3.241295 25.646705 1
5.024505 3.729233 29.952329 1
2.374164 6.485437 11.614917 1
11.291965 1.655526 6.722495 1
9.281883 8.388322 25.059907 1
4.580547 1.481991 30.590471 1
2.840403 8.754959 12.253059 1
10.825726 3.902768 6.084353 1
9.725841 6.118800 24.421765 1
2.878309 1.036842 32.160153 1
4.597448 9.254915 13.822741 1
9.068681 4.347917 4.514671 1
11.428080 5.618844 22.852083 1
1.888185 2.859920 33.315410 1
5.627908 7.472173 14.977998 1
8.038221 2.524839 3.359414 1
12.418204 7.401586 21.696826 1
11.542630 7.345968 31.936437 1
9.271315 2.937977 13.599025 1
4.394814 7.527791 4.738387 1
2.763758 2.446782 23.075799 1
9.946769 9.652115 31.954774 1
10.867817 0.632471 13.617362 1
2.798312 5.221644 4.720050 1
4.359620 4.752288 23.057462 1
9.039322 1.255613 30.124701 1
11.711366 8.965075 11.787289 1
1.954764 4.129146 6.550124 1
5.267066 5.908684 24.887536 1
7.998558 1.097572 27.920544 1
12.675171 9.046157 9.583132 1
0.990959 4.287187 8.754281 1
6.307831 5.827602 27.091693 1
7.761106 8.541707 26.779957 1
12.872799 1.562198 8.442545 1
0.793331 6.332052 9.894868 1
6.545282 3.822561 28.232280 1
8.590716 6.573447 27.744505 1
12.076866 3.564135 9.407092 1
1.589263 8.300312 8.930320 1
5.715672 1.820624 27.267732 1
9.588901 6.621544 29.955996 1
11.155896 3.593254 11.618584 1
2.510233 8.252215 6.718828 1
4.717487 1.791505 25.056240 1
8.261002 8.185574 32.633259 1
12.577273 2.122702 14.295846 1
1.088856 6.688185 4.041566 1
6.045386 3.262057 22.378978 1
9.163654 6.977107 32.277513 1
11.662200 3.318747 13.940101 1
2.003929 7.896652 4.397311 1
5.142734 2.066012 22.734724 1
9.555289 7.926696 33.458442 1
11.311798 2.410391 15.121030 1
2.354332 6.947063 3.216382 1
4.751099 2.974368 21.553794 1
