3.887268 0.233130 1.764107 15
5.360313 8.906130 12.178095 15
1.563313 17.112870 12.178095 15
0.090268 8.439870 1.764107 15
1.716845 0.398611 3.505209 15
-0.063264 9.071611 10.436993 15
3.733736 16.947389 10.436993 15
5.513845 8.274389 3.505209 15
3.380554 0.611620 3.341109 7
5.867027 9.284620 10.601093 7
2.070027 16.734380 10.601093 7
-0.416446 8.061380 3.341109 7
5.120536 1.433300 1.581325 7
4.127045 10.106300 12.360877 7
0.330045 15.912700 12.360877 7
1.323536 7.239700 1.581325 7
4.914298 16.219898 1.934899 7
4.333282 7.546898 12.007303 7
0.536282 1.126102 12.007303 7
1.117298 9.799102 1.934899 7
1.202054 1.656023 4.549898 7
0.451527 10.329023 9.392304 7
4.248527 15.689977 9.392304 7
4.999054 7.016977 4.549898 7
1.690113 16.467599 4.689738 7
-0.036532 7.794599 9.252463 7
3.760468 0.878401 9.252463 7
5.487113 9.551401 4.689738 7
4.287260 0.853423 4.482278 6
4.960320 9.526423 9.459923 6
1.163320 16.492577 9.459923 6
0.490260 7.819577 4.482278 6
4.906866 2.775880 1.825174 6
4.340714 11.448880 12.117028 6
0.543714 14.570120 12.117028 6
1.109866 5.897120 1.825174 6
5.844800 3.494525 1.162780 6
3.402781 12.167525 12.779422 6
-0.394219 13.851475 12.779422 6
2.047800 5.178475 1.162780 6
6.655720 2.588023 0.467064 6
2.591861 11.261023 13.475138 6
-1.205139 14.757977 13.475138 6
2.858720 6.084977 0.467064 6
6.188454 1.347958 0.710634 6
3.059127 10.020958 13.231568 6
-0.737873 15.998042 13.231568 6
2.391454 7.325042 0.710634 6
6.056757 16.032214 2.703393 6
3.190824 7.359214 11.238809 6
-0.606176 1.313786 11.238809 6
2.259757 9.986786 2.703393 6
6.343455 14.714612 2.745220 6
2.904125 6.041612 11.196982 6
-0.892875 2.631388 11.196982 6
2.546455 11.304388 2.745220 6
5.366638 14.048005 1.990946 6
3.880943 5.375005 11.951255 6
0.083943 3.297995 11.951255 6
1.569638 11.970995 1.990946 6
4.510707 14.967343 1.507431 6
4.736874 6.294343 12.434771 6
0.939874 2.378657 12.434771 6
0.713707 11.051657 1.507431 6
0.254125 2.567208 4.111555 6
1.399455 11.240208 9.830646 6
5.196455 14.778792 9.830646 6
4.051125 6.105792 4.111555 6
-0.053428 3.381776 5.148855 6
1.707009 12.054776 8.793347 6
5.504009 13.964224 8.793347 6
3.743572 5.291224 5.148855 6
0.704488 2.970156 6.260049 6
0.949093 11.643156 7.682153 6
4.746093 14.375844 7.682153 6
4.501488 5.702844 6.260049 6
1.458963 1.923498 5.891974 6
0.194618 10.596498 8.050227 6
3.991618 15.422502 8.050227 6
5.255963 6.749502 5.891974 6
2.386106 15.289979 4.524244 6
-0.732525 6.616979 9.417957 6
3.064475 2.056021 9.417957 6
6.183106 10.729021 4.524244 6
1.852997 14.341326 5.324527 6
-0.199417 5.668326 8.617675 6
3.597583 3.004674 8.617675 6
5.649997 11.677674 5.324527 6
0.774303 14.930049 6.003512 6
0.879278 6.257049 7.938690 6
4.676278 2.415951 7.938690 6
4.571303 11.088951 6.003512 6
0.672165 16.213133 5.595982 6
0.981416 7.540133 8.346220 6
4.778416 1.132867 8.346220 6
4.469165 9.805867 5.595982 6
3.980070 1.630524 5.033135 1
5.267511 10.303524 8.909067 1
1.470511 15.715476 8.909067 1
0.183070 7.042476 5.033135 1
5.132701 1.056371 4.154776 1
4.114880 9.729371 9.787426 1
0.317880 16.289629 9.787426 1
1.335701 7.616629 4.154776 1
4.343418 0.138768 4.991308 1
4.904163 8.811768 8.950894 1
1.107163 17.207232 8.950894 1
0.546418 8.534232 4.991308 1
4.174687 3.033815 2.384117 1
5.072894 11.706815 11.558085 1
1.275894 14.312185 11.558085 1
0.377687 5.639185 2.384117 1
5.900603 4.471799 1.185087 1
3.346977 13.144799 12.757115 1
-0.450023 12.874201 12.757115 1
2.103603 4.201201 1.185087 1
5.249646 2.771891 13.816722 1
3.997935 11.444891 0.125480 1
0.200935 14.574109 0.125480 1
1.452646 5.901109 13.816722 1
6.441612 0.478750 0.432208 1
2.805969 9.151750 13.509994 1
-0.991031 16.867250 13.509994 1
2.644612 8.194250 0.432208 1
6.503047 16.745828 3.095169 1
2.744534 8.072828 10.847033 1
-1.052466 0.600172 10.847033 1
2.706047 9.273172 3.095169 1
7.081539 14.327796 3.234591 1
2.166042 5.654796 10.707611 1
-1.630958 3.018204 10.707611 1
3.284539 11.691204 3.234591 1
5.315990 13.066742 1.826428 1
3.931591 4.393742 12.115773 1
0.134591 4.279258 12.115773 1
1.518990 12.952258 1.826428 1
3.718950 14.879399 0.952252 1
5.528630 6.206399 12.989949 1
1.731630 2.466601 12.989949 1
-0.078050 11.139601 0.952252 1
-0.009114 2.532516 3.220649 1
1.662695 11.205516 10.721553 1
5.459695 14.813484 10.721553 1
3.787886 6.140484 3.220649 1
-0.576146 4.093656 5.130730 1
2.229727 12.766656 8.811472 1
6.026727 13.252344 8.811472 1
3.220854 4.579344 5.130730 1
0.760956 3.294005 7.152350 1
0.892625 11.967005 6.789852 1
4.689625 14.051995 6.789852 1
4.557956 5.378995 7.152350 1
2.089597 1.335642 6.413413 1
-0.436016 10.008642 7.528789 1
3.360984 16.010358 7.528789 1
5.886597 7.337358 6.413413 1
3.090527 15.228053 3.903816 1
-1.436946 6.555053 10.038385 1
2.360054 2.117947 10.038385 1
6.887527 10.790947 3.903816 1
2.203810 13.375501 5.423516 1
-0.550229 4.702501 8.518685 1
3.246771 3.970499 8.518685 1
6.000810 12.643499 5.423516 1
0.230599 14.541152 6.650430 1
1.422982 5.868152 7.291772 1
5.219982 2.804848 7.291772 1
4.027599 11.477848 6.650430 1
0.125934 16.919288 5.799956 1
1.527647 8.246288 8.142246 1
5.324647 0.426712 8.142246 1
3.922934 9.099712 5.799956 1
