8.235993 -1.270527 7.597886 16
1.084650 12.550783 13.887526 16
8.915254 9.506063 0.922154 16
0.405388 1.774192 20.563258 16
8.175518 4.461935 10.222544 14
1.145124 6.818321 11.262868 14
7.766350 15.363599 1.956462 14
1.554292 -4.083344 19.528950 14
6.550124 -1.910028 9.489462 9
2.770518 13.190283 11.995950 9
2.500381 14.957659 7.579409 9
6.820261 -3.677403 13.906003 9
4.137585 14.195990 8.737687 9
5.183058 -2.915735 12.747725 9
6.329489 9.669419 1.246798 9
2.991153 1.610836 20.238614 9
7.219117 7.862407 1.985037 9
2.101525 3.417848 19.500375 9
6.705058 1.716206 21.352417 9
2.615584 9.564049 0.132995 9
7.318865 -0.036798 7.325236 8
2.001778 11.317053 14.160176 8
9.135748 -0.888179 8.603618 8
0.184894 12.168434 12.881794 8
8.646082 -1.904992 6.401579 8
0.674560 13.185247 15.083834 8
5.207794 2.289621 8.048220 8
4.112848 8.990634 13.437192 8
7.986107 2.982553 6.369136 8
1.334536 8.297702 15.116276 8
8.999597 10.255679 2.295931 8
0.321045 1.024576 19.189481 8
8.538345 4.047438 21.402693 8
0.782298 7.232817 0.082719 8
9.818468 8.425761 0.845666 8
-0.497826 2.854494 20.639746 8
7.745644 12.206063 4.533637 8
1.574998 -0.925808 16.951775 8
-2.386286 12.605798 3.020849 8
11.706928 -1.325543 18.464563 8
7.423684 0.434352 4.941860 6
1.896958 10.845903 16.543552 6
6.660348 0.088856 6.053300 6
2.660294 11.191399 15.432112 6
5.285510 -0.038105 6.029881 6
4.035132 11.318360 15.455531 6
4.665878 0.102745 4.790602 6
4.654764 11.177510 16.694810 6
5.371394 0.348312 3.628242 6
3.949249 10.931943 17.857170 6
6.751280 0.520782 3.743403 6
2.569362 10.759473 17.742009 6
4.434724 -0.225162 7.279043 6
4.885918 11.505418 14.206369 6
3.435977 0.900772 7.390122 6
5.884665 10.379484 14.095290 6
3.874600 2.172537 7.715841 6
5.446042 9.107718 13.769571 6
3.010064 3.269264 7.702091 6
6.310578 8.010991 13.783322 6
1.669505 3.027010 7.374008 6
7.651137 8.253245 14.111404 6
1.185603 1.768281 7.070419 6
8.135039 9.511974 14.414993 6
2.096882 0.723207 7.078584 6
7.223760 10.557048 14.406828 6
3.509390 4.675517 7.910284 6
5.811252 6.604739 13.575128 6
4.235318 5.164490 6.678525 6
5.085324 6.115765 14.806887 6
5.636639 5.340343 6.638777 6
3.684003 5.939912 14.846635 6
6.271861 5.628455 5.416687 6
3.048781 5.651800 16.068725 6
5.504314 5.783816 4.277960 6
3.816328 5.496439 17.207452 6
4.117115 5.682686 4.296653 6
5.203528 5.597570 17.188759 6
3.518745 5.359837 5.509289 6
5.801897 5.920419 15.976123 6
7.790861 5.733879 5.320433 6
1.529781 5.546376 16.164979 6
8.452342 4.585553 4.599597 6
0.868301 6.694703 16.885815 6
8.485105 3.299181 5.135873 6
0.835537 7.981074 16.349539 6
9.032397 2.244915 4.431151 6
0.288245 9.035340 17.054261 6
9.604995 2.490684 3.189509 6
-0.284352 8.789571 18.295903 6
9.639142 3.755222 2.630889 6
-0.318500 7.525033 18.854523 6
9.040203 4.777057 3.354517 6
0.280439 6.503198 18.130895 6
8.893765 0.845187 5.005027 6
0.426878 10.435068 16.480385 6
4.706280 0.484961 2.265852 6
4.614362 10.795294 19.219560 6
3.192773 0.376282 2.350504 6
6.127869 10.903974 19.134908 6
1.619596 17.079499 1.370769 6
7.701046 -5.799244 20.114643 6
5.067986 1.841718 1.671565 6
4.252656 9.438537 19.813847 6
-0.279617 1.509042 6.705597 6
9.600259 9.771213 14.779815 6
12.348887 0.496367 7.659549 6
-3.028245 10.783888 13.825863 6
12.103826 2.759780 6.701300 6
-2.783184 8.520475 14.784112 6
-0.340089 0.920344 5.294006 6
9.660731 10.359911 16.191407 6
3.241057 5.938798 3.061886 6
6.079586 5.341457 18.423526 6
2.211078 4.838267 2.896234 6
7.109564 6.441988 18.589178 6
2.510479 7.255681 3.274377 6
6.810164 4.024575 18.211035 6
4.039091 5.970311 1.774695 6
5.281552 5.309944 19.710717 6
10.245375 4.057012 1.246154 6
-0.924733 7.223243 20.239258 6
10.872884 2.828604 0.614483 6
-1.552242 8.451651 20.870929 6
11.303945 5.156478 1.385809 6
-1.983302 6.123777 20.099603 6
9.126648 4.563464 0.313687 6
0.193994 6.716791 21.171725 6
7.080816 -2.439725 8.396499 6
2.239826 13.719981 13.088913 6
6.424058 5.165477 7.830144 6
2.896584 6.114779 13.655268 6
7.110451 4.935920 8.788393 6
2.210192 6.344335 12.697019 6
8.827671 6.005661 11.007191 6
0.492971 5.274594 10.478221 6
9.537271 3.422738 9.567454 6
-0.216629 7.857517 11.917958 6
7.094001 3.527003 11.382971 6
2.226641 7.753252 10.102441 6
-2.147348 9.593250 3.380944 6
11.467991 1.687005 18.104468 6
9.685127 9.661341 3.410379 6
-0.364485 1.618914 18.075033 6
8.920302 9.275015 4.493674 6
0.400341 2.005240 16.991738 6
9.602012 8.708304 5.566226 6
-0.281370 2.571951 15.919186 6
10.974762 8.511646 5.561284 6
-1.654120 2.768609 15.924128 6
-1.539635 8.983120 4.465313 6
10.860277 2.297136 17.020099 6
7.421259 9.515267 4.619793 6
1.899383 1.764988 16.865619 6
7.137270 10.362648 5.832430 6
2.183373 0.917608 15.652982 6
7.374897 11.726209 5.766899 6
1.945745 -0.445954 15.718513 6
7.265465 12.539247 6.894884 6
2.055177 -1.258992 14.590528 6
6.862528 11.945513 8.087109 6
2.458115 -0.665257 13.398303 6
6.583529 10.580989 8.196040 6
2.737114 0.699266 13.289372 6
6.723988 9.812110 7.045496 6
2.596654 1.468145 14.439916 6
7.681572 14.000337 6.881777 6
1.639070 -2.720082 14.603635 6
9.191700 14.108350 6.897462 6
0.128943 -2.828095 14.587950 6
-3.278747 14.485601 5.770552 6
12.599389 -3.205345 15.714860 6
-1.875365 14.431742 5.798268 6
11.196008 -3.151487 15.687144 6
-1.250084 14.035227 6.968149 6
10.570727 -2.754972 14.517263 6
-1.956728 13.684579 8.113321 6
11.277370 -2.404324 13.372091 6
-3.344470 13.729603 8.041775 6
12.665112 -2.449348 13.443637 6
-1.041242 14.726072 4.568443 6
10.361884 -3.445817 16.916969 6
-0.355598 13.501056 4.016483 6
9.676240 -2.220801 17.468929 6
-1.050443 12.500364 3.338188 6
10.371085 -1.220109 18.147224 6
-0.430594 11.323907 2.933403 6
9.751236 -0.043651 18.552009 6
0.915860 11.179219 3.192517 6
8.404783 0.101036 18.292895 6
1.668224 12.161831 3.840088 6
7.652418 -0.881576 17.645324 6
1.007289 13.293836 4.243584 6
8.313353 -2.013581 17.241828 6
-1.266707 10.230176 2.311830 6
10.587349 1.050079 19.173582 6
-1.535957 7.842525 6.748998 6
10.856599 3.437730 14.736414 6
10.895064 6.563928 7.212653 6
-1.574422 4.716327 14.272759 6
10.779350 7.651692 7.941008 6
-1.458708 3.628563 13.544404 6
-1.573900 8.798671 7.928117 6
10.894542 2.481584 13.557295 6
-0.274042 8.693219 7.109523 6
9.594685 2.587037 14.375889 6
-0.136683 7.323508 6.434881 6
9.457326 3.956747 15.050531 6
-1.104141 6.456361 6.194244 6
10.424783 4.823894 15.291168 6
6.224953 9.996923 9.564661 6
3.095689 1.283332 11.920751 6
5.916775 8.508080 9.482372 6
3.403867 2.772176 12.003040 6
4.990211 10.715490 10.123496 6
4.330431 0.564765 11.361916 6
7.405228 10.190617 10.526348 6
1.915414 1.089638 10.959064 6
-1.255493 13.278216 9.408247 6
10.576135 -1.997961 12.077165 6
-2.062161 12.322817 10.194828 6
11.382803 -1.042562 11.290584 6
-1.026655 14.522366 10.212016 6
10.347297 -3.242111 11.273396 6
0.088959 12.667178 9.176419 6
9.231683 -1.386923 12.308993 6
3.155608 11.916194 4.150982 6
6.165034 -0.635938 17.334430 6
3.245119 10.873086 5.283263 6
6.075523 0.407169 16.202149 6
3.823294 13.189859 4.625809 6
5.497349 -1.909604 16.859603 6
3.881192 11.367324 3.061671 6
5.439450 -0.087069 18.423741 6
7.253732 8.754405 1.018623 6
2.066910 2.525850 20.466789 6
9.253447 14.868997 4.560494 6
0.067195 -3.588742 16.924918 6
8.658063 15.101045 3.544878 6
0.662579 -3.820790 17.940534 6
6.027301 15.780359 2.298939 6
3.293341 -4.500104 19.186473 6
8.643918 16.764498 1.162361 6
0.676725 -5.484243 20.323051 6
7.900594 13.833954 1.011963 6
1.420049 -2.553699 20.473449 6
5.524032 3.132920 8.252547 1
3.796611 8.147336 13.232865 1
7.725688 3.767253 6.881777 1
1.594954 7.513002 14.603635 1
7.986779 13.157144 4.539868 1
1.333863 -1.876889 16.945544 1
-2.735987 13.401741 3.186287 1
12.056630 -2.121486 18.299125 1
3.718853 0.025454 4.743979 1
5.601789 11.254802 16.741433 1
7.249271 0.706791 2.956393 1
2.071371 10.573465 18.529019 1
3.974155 -1.053607 7.225544 1
5.346487 12.333862 14.259868 1
4.997583 -0.225069 8.044138 1
4.323059 11.505324 13.441274 1
1.068601 3.764885 7.356605 1
8.252041 7.515371 14.128807 1
1.791231 -0.150109 6.860292 1
7.529412 11.430364 14.625120 1
2.769205 5.247220 8.087109 1
6.551437 6.033035 13.398303 1
4.102843 4.689657 8.652175 1
5.217799 6.590598 12.833237 1
5.937372 5.965164 3.452706 1
3.383270 5.315091 18.032706 1
2.572453 5.270485 5.538939 1
6.748189 6.009770 15.946473 1
8.003059 6.535655 4.860000 1
1.317584 4.744600 16.625412 1
8.141721 5.771460 6.202838 1
1.178922 5.508795 15.282574 1
9.985515 1.764488 2.709310 1
-0.664873 9.515767 18.776102 1
9.030699 5.650297 2.977878 1
0.289943 5.629958 18.507534 1
9.186856 0.840654 5.908488 1
0.133786 10.439601 15.576924 1
9.417390 0.237134 4.499045 1
-0.096748 11.043121 16.986367 1
2.943193 0.118103 3.229257 1
6.377449 11.162153 18.256155 1
2.807465 1.220828 2.146393 1
6.513177 10.059427 19.339019 1
2.888255 -0.269854 1.727427 1
6.432388 11.550110 19.757985 1
1.812896 16.315223 1.910053 1
7.507746 -5.034967 19.575359 1
0.957282 16.852584 0.732653 1
8.363361 -5.572329 20.752759 1
2.409127 17.362212 0.930318 1
6.911515 -6.081957 20.555094 1
5.322069 2.444199 2.363395 1
3.998573 8.836056 19.122017 1
5.798060 1.744021 1.063528 1
3.522583 9.536234 20.421884 1
4.323173 2.198380 1.203183 1
4.997470 9.081875 20.282229 1
-0.557829 0.665305 8.538303 1
9.878471 10.614950 12.947109 1
11.398537 0.555333 7.640213 1
-2.077895 10.724922 13.845200 1
12.612006 -0.380772 7.393130 1
-3.291364 11.661027 14.092282 1
11.807735 2.945313 7.577905 1
-2.487093 8.334942 13.907507 1
-0.593606 3.485089 6.374722 1
9.914248 7.795166 15.110690 1
11.351319 2.633408 6.129788 1
-2.030677 8.646847 15.355624 1
12.789297 -0.025880 5.358462 1
-3.468655 11.306135 16.126950 1
12.131799 1.279746 4.834218 1
-2.811157 10.000509 16.651194 1
0.458661 1.133936 4.829921 1
8.861981 10.146319 16.655491 1
2.040502 4.426863 3.736313 1
7.280141 6.853392 17.749099 1
1.404011 5.201869 2.552467 1
7.916631 6.078386 18.932945 1
2.542228 4.179888 2.290345 1
6.778414 7.100367 19.195067 1
2.314213 7.358889 4.206844 1
7.006429 3.921366 17.278568 1
3.058362 7.973421 2.990769 1
6.262280 3.306834 18.494643 1
1.700108 7.253053 2.786658 1
7.620534 4.027202 18.698754 1
4.873322 5.525162 1.905756 1
4.447320 5.755093 19.579656 1
3.554946 5.522502 1.087162 1
5.765697 5.757753 20.398250 1
4.199835 6.867053 1.514722 1
5.120807 4.413202 19.970690 1
11.038683 2.177444 1.284828 1
-1.718040 9.102811 20.200584 1
9.985325 -3.977538 21.451035 1
-0.664683 15.257793 0.034377 1
11.687271 3.066529 0.193369 1
-2.366629 8.213726 21.292043 1
11.605895 5.189114 2.281751 1
-2.285252 6.091141 19.203661 1
12.037916 4.949869 0.810000 1
-2.717274 6.330386 20.675412 1
10.932617 5.988613 1.134430 1
-1.611975 5.291642 20.350982 1
8.298114 4.588164 0.792812 1
1.022528 6.692092 20.692600 1
9.041362 -1.013334 21.483263 1
0.279280 12.293589 0.002149 1
8.741383 -2.476788 21.062149 1
0.579260 13.757043 0.423263 1
8.892243 5.884339 11.943741 1
0.428399 5.395916 9.541671 1
9.689467 6.200639 10.652467 1
-0.368825 5.079616 10.832945 1
8.239939 6.728792 10.817905 1
1.080703 4.551463 10.667507 1
9.876376 2.872600 10.261433 1
-0.555733 8.407656 11.223979 1
9.206815 2.875519 8.862732 1
0.113827 8.404736 12.622680 1
10.229524 3.980970 9.236579 1
-0.908881 7.299285 12.248833 1
7.486634 3.509045 12.246685 1
1.834008 7.771210 9.238727 1
6.240020 3.944619 11.432388 1
3.080622 7.335636 10.053024 1
6.983244 2.634553 11.067136 1
2.337398 8.645703 10.418276 1
9.106006 8.443250 6.329602 1
0.214636 2.837006 15.155810 1
-0.594590 8.882744 4.456074 1
9.915232 2.397511 17.029338 1
7.105122 9.963122 3.843740 1
2.215520 1.317134 17.641672 1
6.972390 8.681536 4.707454 1
2.348253 2.598719 16.777958 1
6.770941 12.488953 8.860584 1
2.549701 -1.208698 12.624828 1
6.540272 8.879788 7.090186 1
2.780370 2.400467 14.395226 1
7.344034 14.419158 6.099708 1
1.976609 -3.138903 15.385704 1
7.329359 14.436071 7.650955 1
1.991283 -3.155816 13.834457 1
-0.301065 14.002442 6.987056 1
9.621707 -2.722187 14.498356 1
9.371969 13.489152 8.811167 1
-0.051327 -2.208897 12.674245 1
-1.608795 15.084825 3.897454 1
10.929437 -3.804569 17.587958 1
-0.378667 15.367834 4.797693 1
9.699310 -4.087579 16.687720 1
1.347342 10.381444 2.915570 1
7.973300 0.898811 18.569842 1
1.497151 13.965960 4.703157 1
7.823491 -2.685705 16.782255 1
-0.696155 9.570451 1.937984 1
10.016797 1.709804 19.547428 1
-1.815024 10.601237 1.632891 1
11.135666 0.679018 19.852521 1
4.980068 8.371389 9.477215 1
4.340575 2.908866 12.008197 1
6.296230 8.148809 8.688701 1
3.024413 3.131447 12.796711 1
6.296854 8.065347 10.237799 1
3.023789 3.214909 11.247613 1
5.175451 11.012870 11.011274 1
4.145191 0.267385 10.474138 1
4.785668 11.464976 9.580345 1
4.534974 -0.184721 11.905067 1
4.253544 10.120042 10.141114 1
5.067098 1.160214 11.344298 1
8.158325 9.704854 10.207719 1
1.162317 1.575401 11.277693 1
7.627151 11.115295 10.575120 1
1.693492 0.164960 10.910292 1
7.170737 9.876240 11.391565 1
2.149905 1.404016 10.093847 1
-2.959805 12.661327 10.265730 1
12.280447 -1.381072 11.219682 1
-2.079213 11.485779 9.765120 1
11.399855 -0.205524 11.720292 1
-1.697967 12.240897 11.064987 1
11.018610 -0.960642 10.420425 1
-0.764795 14.291415 11.088621 1
10.085438 -3.011160 10.396791 1
3.242943 -2.670140 9.797348 1
6.077699 13.950395 11.688064 1
1.760266 -2.700867 10.248542 1
7.560376 13.981122 11.236870 1
-0.034924 11.766995 8.862732 1
9.355567 -0.486740 12.622680 1
0.558903 13.161254 8.527560 1
8.761739 -1.880998 12.957852 1
0.569862 12.642771 9.990717 1
8.750780 -1.362516 11.494695 1
2.451222 10.835433 5.751645 1
6.869420 0.444823 15.733767 1
3.399513 9.998186 4.855703 1
5.921129 1.282069 16.629709 1
3.983941 11.057457 5.826844 1
5.336701 0.222798 15.658568 1
4.145470 13.055578 5.511008 1
5.175172 -1.775323 15.974404 1
4.562009 13.381367 4.052149 1
4.758634 -2.101112 17.433263 1
3.206581 13.895704 4.606472 1
6.114061 -2.615448 16.878940 1
3.626792 10.474730 2.917719 1
5.693850 0.805525 18.567693 1
3.670862 11.881040 2.264562 1
5.649781 -0.600785 19.220850 1
4.807258 11.434203 3.222812 1
4.513384 -0.153948 18.262600 1
5.909226 15.917401 3.224960 1
3.411417 -4.637146 18.260452 1
5.786108 16.557370 1.817666 1
3.534534 -5.277115 19.667746 1
5.471010 15.051927 2.015332 1
3.849632 -3.771672 19.470080 1
9.314136 17.098228 1.757507 1
0.006507 -5.817973 19.727905 1
9.029325 16.498092 0.354509 1
0.291317 -5.217837 21.130903 1
11.620235 -0.245277 1.001220 1
-2.299592 11.525532 20.484192 1
7.049960 13.524907 0.730504 1
2.270682 -2.244651 20.754908 1
8.445281 13.972917 0.223448 1
0.875362 -2.692662 21.261964 1
8.323901 13.148139 1.531910 1
0.996741 -1.867884 19.953502 1
