0.000000 1.053055 1.332572 16
9.190500 5.126845 4.425822 16
0.665392 4.627509 3.972352 7
8.525108 1.552391 0.879102 7
17.715608 4.627509 3.972352 7
9.855892 1.552391 0.879102 7
1.135946 5.506291 3.095106 7
8.054554 0.673609 0.001856 7
17.245054 5.506291 3.095106 7
10.326446 0.673609 0.001856 7
1.485185 3.766649 4.768554 6
7.705315 2.413251 1.675304 6
16.895815 3.766649 4.768554 6
10.675685 2.413251 1.675304 6
1.913462 4.249917 6.019464 6
7.277038 1.929983 2.926214 6
16.467538 4.249917 6.019464 6
11.103962 1.929983 2.926214 6
1.648776 5.087294 0.137959 1
7.541724 1.092606 3.231209 1
16.732224 5.087294 0.137959 1
10.839276 1.092606 3.231209 1
2.744283 3.439114 0.600090 6
6.446217 2.740786 3.693340 6
15.636717 3.439114 0.600090 6
11.934783 2.740786 3.693340 6
3.008970 3.719064 1.446404 1
6.181530 2.460836 4.539654 1
15.372030 3.719064 1.446404 1
12.199470 2.460836 4.539654 1
3.183589 2.206224 0.107026 6
6.006911 3.973676 3.200276 6
15.197411 2.206224 0.107026 6
12.374089 3.973676 3.200276 6
2.773693 1.786609 5.056845 6
6.416807 4.393291 1.963595 6
15.607307 1.786609 5.056845 6
11.964193 4.393291 1.963595 6
3.089846 0.977042 4.726486 1
6.100654 5.202858 1.633236 1
15.291154 0.977042 4.726486 1
12.280346 5.202858 1.633236 1
1.895081 2.539939 4.279202 6
7.295419 3.639961 1.185952 6
16.485919 2.539939 4.279202 6
11.085581 3.639961 1.185952 6
1.593633 2.227236 3.457016 1
7.596867 3.952664 0.363766 1
16.787367 2.227236 3.457016 1
10.784133 3.952664 0.363766 1
4.069553 1.333004 0.955196 6
5.120947 4.846896 4.048446 6
14.311447 1.333004 0.955196 6
13.260053 4.846896 4.048446 6
4.266230 1.782283 1.780475 1
4.924270 4.397617 4.873725 1
14.114770 1.782283 1.780475 1
13.456730 4.397617 4.873725 1
4.887508 1.155023 0.485022 1
4.302992 5.024877 3.578272 1
13.493492 1.155023 0.485022 1
14.078008 5.024877 3.578272 1
3.621057 0.504898 1.140791 1
5.569443 5.675002 4.234041 1
14.759943 0.504898 1.140791 1
12.811557 5.675002 4.234041 1
0.000000 6.084112 2.542651 6
9.190500 0.095788 5.635902 6
