-1.390852 6.636929 1.843142 53
6.815759 -0.464855 9.135129 53
1.864680 1.733976 1.732261 53
3.560226 4.438099 9.246010 53
6.955369 2.389106 3.734808 8
-1.530462 3.782969 7.243463 8
7.333084 4.406748 4.562570 8
-1.908178 1.765326 6.415702 8
9.920568 3.434505 0.824468 8
-4.495661 2.737570 10.153803 8
7.939352 2.507542 1.080262 8
-2.514446 3.664532 9.898009 8
5.826761 5.366193 1.759817 8
-0.401854 0.805881 9.218454 8
5.165956 3.917022 0.226152 8
0.258950 2.255053 10.752119 8
2.175432 4.630229 3.734808 8
3.249475 1.541845 7.243463 8
4.365229 4.478736 4.069645 8
1.059678 1.693339 6.908626 8
-2.038298 5.210206 3.205655 6
7.463205 0.961868 7.772616 6
-1.150891 4.122622 3.682112 6
6.575798 2.049453 7.296159 6
-1.169278 3.908395 4.628439 1
6.594185 2.263680 6.349832 1
-0.280242 4.035015 3.261644 1
5.705149 2.137060 7.716627 1
8.747814 3.762559 2.849959 6
-3.322908 2.409516 8.128312 6
7.576940 3.394375 3.697482 6
-2.152033 2.777700 7.280790 6
7.965268 5.633590 4.142102 6
-2.540362 0.538485 6.836170 6
7.318216 6.175233 3.644786 1
-1.893309 -0.003158 7.333485 1
-2.700168 6.404274 5.362886 6
8.125075 -0.232200 5.615386 6
-2.074717 5.860477 5.866788 1
7.499624 0.311597 5.111483 1
-2.236651 7.206792 5.077450 1
7.661558 -1.034718 5.900821 1
7.279731 6.787123 6.254321 6
-1.854824 -0.615048 4.723950 6
6.287473 7.679137 5.800919 6
-0.862566 -1.507063 5.177353 6
6.329529 8.026965 4.938026 1
-0.904622 -1.854891 6.040245 1
5.257232 8.034086 6.638561 6
0.167675 -1.862011 4.339711 6
6.073290 -3.094072 6.336658 1
-0.648383 9.266147 4.641613 1
5.184011 7.531423 7.924116 6
0.240896 -1.359348 3.054155 6
5.956542 -3.932848 8.485106 1
-0.531635 10.104922 2.493165 1
6.138246 6.665359 8.363247 6
-0.713339 -0.493284 2.615024 6
6.089891 6.323389 9.226139 1
-0.664984 -0.151314 1.752132 1
-3.941945 6.292346 7.528898 6
9.366852 -0.120272 3.449373 6
-3.297897 5.697325 7.839584 1
8.722804 0.474749 3.138688 1
8.957068 3.224989 1.485360 6
-3.532161 2.947086 9.492911 6
3.792984 -3.559416 10.724673 6
1.631923 9.731490 0.253598 6
4.046077 -2.858568 10.120868 1
1.378830 9.030642 0.857403 1
2.937853 -3.913608 10.465586 1
2.487054 10.085682 0.512685 1
4.449476 -4.259015 10.697228 1
0.975431 10.431090 0.281044 1
3.030062 3.301360 1.002316 6
2.394845 2.870715 9.975955 6
2.521689 4.673131 0.856305 6
2.903218 1.498944 10.121966 6
1.630820 4.859591 1.190045 1
3.794087 1.312484 9.788227 1
2.766015 5.161514 0.053794 1
2.658892 1.010561 10.924478 1
3.623422 4.402717 1.886067 6
1.801485 1.769357 9.092204 6
4.979267 4.640912 1.347034 6
0.445640 1.531162 9.631237 6
4.165849 2.902943 0.058185 6
1.259058 3.269131 10.920086 6
4.530532 2.036357 0.335935 1
0.894375 4.135717 10.642336 1
-0.476580 -2.710466 9.565368 6
5.901487 8.882541 1.412904 6
-1.224310 -3.321191 9.470955 1
6.649217 9.493265 1.507317 1
-0.768331 -1.833159 9.273346 1
6.193238 8.005234 1.704926 1
0.658206 -3.174818 8.691497 6
4.766701 9.346893 2.286774 6
1.486238 -2.292926 8.109649 6
3.938669 8.465001 2.868622 6
1.346242 -1.382028 8.233703 1
4.078665 7.554103 2.744568 1
2.524922 -2.713193 7.343366 6
2.899985 8.885268 3.634906 6
3.097683 -2.078804 6.975594 1
2.327224 8.250879 4.002678 1
1.277570 7.741714 7.106235 6
4.147337 -1.569640 3.872036 6
1.989770 7.483801 6.568300 1
3.435137 -1.311726 4.409972 1
0.449511 6.801537 7.657344 6
4.975396 -0.629463 3.320927 6
0.589546 5.897645 7.491572 1
4.835361 0.274429 3.486699 1
-0.591908 7.207644 8.460954 6
6.016815 -1.035569 2.517318 6
-1.150519 6.572095 8.849584 1
6.575426 -0.400021 2.128687 1
3.293499 4.527770 3.327514 6
2.131408 1.644305 7.650757 6
4.165258 4.551310 5.499016 6
1.259649 1.620765 5.479255 6
3.282802 4.880487 5.682353 1
2.142105 1.291587 5.295918 1
4.813891 5.145734 5.883256 1
0.611016 1.026340 5.095016 1
4.267184 3.676582 5.881060 1
1.157723 2.495493 5.097211 1
