1.765363 5.035950 0.681977 6
9.672693 10.871350 7.281322 6
7.954749 6.634850 15.244621 6
0.047419 0.799450 8.645276 6
1.065616 4.374216 0.786774 1
10.372440 10.209616 7.176525 1
8.654496 7.296584 15.139824 1
-0.652328 1.461184 8.750073 1
-1.677212 5.798520 15.461382 6
9.679380 11.633920 8.428515 6
11.397324 5.872280 0.465216 6
0.040732 0.036880 7.498083 6
-2.401893 5.634662 14.792624 1
10.404061 11.470062 9.097273 1
12.122005 6.036138 1.133974 1
-0.683949 0.200738 6.829325 1
-0.750007 6.887873 15.257840 6
8.752175 1.052473 8.632057 6
10.470119 4.782927 0.668758 6
0.967937 10.618327 7.294541 6
3.688286 6.955213 0.274415 6
7.749770 1.119813 7.688884 6
6.031826 4.715587 15.652183 6
1.970342 10.550987 8.237714 6
-0.843485 8.038147 14.395256 6
8.845653 2.202747 9.494641 6
10.563597 3.632653 1.531342 6
0.874459 9.468053 6.431957 6
-1.510435 8.062189 13.636353 1
9.512603 2.226789 10.253544 1
11.230547 3.608611 2.290245 1
0.207509 9.444011 5.673054 1
-0.115609 9.188071 14.628421 6
8.117777 3.352671 9.261476 6
9.835721 2.482729 1.298177 6
1.602335 8.318129 6.665122 6
-0.260948 10.006544 14.064779 1
8.263116 4.171144 9.825118 1
9.981060 1.664256 1.861819 1
1.456996 7.499656 6.101480 1
0.771710 9.312948 15.761121 6
7.230458 3.477548 8.128776 6
8.948402 2.357852 0.165477 6
2.489654 8.193252 7.797822 6
4.415946 8.137232 0.527489 6
7.022110 2.301832 7.435810 6
5.304166 3.533568 15.399109 6
2.698002 9.368968 8.490788 6
4.678558 10.489948 0.521915 6
6.759498 4.654548 7.441384 6
5.041554 1.180852 15.404683 6
2.960614 7.016252 8.485214 6
4.616314 11.361524 0.049372 1
6.821742 5.526124 7.913927 1
5.103798 0.309276 15.877226 1
2.898370 6.144676 8.012671 1
5.095865 10.455169 1.837929 6
6.342191 4.619769 6.125370 6
4.624247 1.215631 14.088669 6
3.377921 7.051031 9.801228 6
5.320184 11.313674 2.293430 1
6.117872 5.478274 5.669869 1
4.399928 0.357126 13.633168 1
3.602240 6.192526 10.256729 1
5.105343 9.234754 2.611166 6
6.332713 3.399354 5.352133 6
4.614769 2.436046 13.315432 6
3.387399 8.271446 10.574465 6
4.853730 8.102920 1.869942 6
6.584326 2.267520 6.093357 6
4.866382 3.567880 14.056656 6
3.135786 9.403280 9.833241 6
5.071767 9.030282 4.040737 6
6.366289 3.194882 3.922562 6
4.648345 2.640518 11.885861 6
3.353823 8.475918 12.004036 6
5.301686 9.797637 4.727014 1
6.136370 3.962237 3.236285 1
4.418426 1.873163 11.199584 1
3.583742 7.708563 12.690313 1
4.631363 7.842544 4.597850 6
6.806693 2.007144 3.365449 6
5.088749 3.828256 11.328748 6
2.913419 9.663656 12.561149 6
4.542723 7.777421 5.567939 1
6.895333 1.942021 2.395360 1
5.177389 3.893379 10.358659 1
2.824779 9.728779 13.531238 1
4.185960 6.731251 3.792601 6
7.252096 0.895851 4.170698 6
5.534152 4.939549 12.133997 6
2.468016 10.774949 11.755900 6
4.411389 6.885889 2.440910 6
7.026667 1.050489 5.522389 6
5.308723 4.784911 13.485688 6
2.693445 10.620311 10.404209 6
3.327445 5.615055 4.119255 6
8.110611 11.450455 3.844044 6
6.392667 6.055745 11.807343 6
1.609501 0.220345 12.082554 6
3.184797 5.393077 5.093326 1
8.253259 11.228477 2.869973 1
6.535315 6.277723 10.833272 1
1.466853 0.442323 13.056625 1
2.624196 4.926361 3.152352 6
8.813860 10.761761 4.810947 6
7.095916 6.744439 12.774246 6
0.906252 0.909039 11.115651 6
1.987375 4.211992 3.441738 1
9.450681 10.047392 4.521561 1
7.732737 7.458808 12.484860 1
0.269431 1.623408 11.405037 1
2.698559 5.275085 1.754474 6
8.739497 11.110485 6.208825 6
7.021553 6.395715 14.172124 6
0.980615 0.560315 9.717773 6
3.691722 6.178288 1.453143 6
7.746334 0.342888 6.510156 6
6.028390 5.492512 14.473455 6
1.973778 11.327912 9.416442 6
8.853739 6.181439 3.247274 6
2.584317 0.346039 4.716025 6
0.866373 5.489361 12.679324 6
7.135795 11.324761 11.210573 6
8.546265 5.291541 3.694971 1
2.891791 11.126941 4.268328 1
1.173847 6.379259 12.231627 1
6.828321 0.543859 11.658270 1
8.051993 6.738020 2.272248 6
3.386063 0.902620 5.691051 6
1.668119 4.932780 13.654350 6
6.334049 10.768180 10.235547 6
7.204656 6.248546 1.986047 1
4.233400 0.413146 5.977252 1
2.515456 5.422254 13.940551 1
5.486712 11.257654 9.949346 1
8.451940 7.910235 1.526405 6
2.986116 2.074835 6.436894 6
1.268172 3.760565 14.400193 6
6.733996 9.595965 9.489704 6
9.571213 8.543376 2.015670 6
1.866843 2.707976 5.947629 6
0.148899 3.127424 13.910928 6
7.853269 8.962824 9.978969 6
8.042165 8.359911 0.213894 6
3.395891 2.524511 7.749405 6
1.677947 3.310889 15.712704 6
6.324221 9.146289 8.177193 6
3.798415 7.969989 15.732293 1
4.203753 2.134589 8.157603 1
5.921697 3.700811 0.194304 1
5.516359 9.536211 7.768994 1
5.391293 9.197407 15.377608 6
2.610875 3.362007 8.512289 6
4.328819 2.473393 0.548990 6
7.109237 8.308793 7.414309 6
5.119590 9.407832 14.450202 1
2.882578 3.572432 9.439695 1
4.600522 2.262968 1.476396 1
6.837534 8.098368 6.486903 1
6.665985 9.686647 15.840435 6
1.336183 3.851247 8.049462 6
3.054127 1.984153 0.086163 6
8.383929 7.819553 7.877136 6
10.370578 9.412967 1.237497 6
1.067478 3.577567 6.725802 6
-0.650466 2.257833 14.689101 6
8.652634 8.093233 9.200796 6
7.797247 10.167368 15.086788 6
0.204921 4.331968 8.803108 6
1.922865 1.503432 0.839810 6
9.515191 7.338832 7.123489 6
7.686171 10.457037 14.146004 1
0.315997 4.621637 9.743893 1
2.033941 1.213763 1.780594 1
9.404115 7.049163 6.182705 1
9.079777 10.138307 15.591343 6
-1.077609 4.302907 8.298554 6
0.640335 1.532493 0.335255 6
10.797721 7.367893 7.628044 6
9.831592 10.409187 15.001263 1
-1.829424 4.573787 8.888634 1
-0.111480 1.261613 0.925335 1
11.549536 7.097013 7.037964 1
12.802658 9.632611 0.984742 6
-1.364602 3.797211 6.978557 6
-3.082546 2.038189 14.941856 6
11.084714 7.873589 8.948041 6
11.687127 9.381456 1.755111 6
-0.249071 3.546056 6.208188 6
-1.967015 2.289344 14.171487 6
9.969183 8.124744 9.718410 6
0.879534 9.108943 1.531024 6
10.558522 3.273543 6.432275 6
8.840578 2.561857 14.395574 6
-0.838410 8.397257 9.494323 6
1.733860 9.300461 1.116455 1
9.704196 3.465061 6.846844 1
7.986252 2.370339 14.810143 1
0.015916 8.205739 9.079753 1
0.894875 8.247638 2.610051 6
10.543181 2.412238 5.353248 6
8.825237 3.423162 13.316547 6
-0.823069 9.258562 10.573350 6
1.777180 7.867286 2.909789 1
9.660876 2.031886 5.053510 1
7.942932 3.803514 13.016809 1
0.059236 9.638914 10.873088 1
-0.323443 7.814768 3.256193 6
11.761499 1.979368 4.707106 6
10.043555 3.856032 12.670405 6
-2.041387 9.691432 11.219492 6
11.701478 8.496693 2.859461 6
-0.263422 2.661293 5.103838 6
-1.981366 3.174107 13.067137 6
9.983534 9.009507 10.822760 6
-0.585526 6.622129 4.024651 6
12.023582 0.786729 3.938648 6
10.305638 5.048671 11.901947 6
-2.303470 10.884071 11.987950 6
0.171271 6.099160 4.395741 1
11.266785 0.263760 3.567558 1
9.548841 5.571640 11.530857 1
-1.546673 11.407040 12.359040 1
11.295894 6.113749 4.177228 6
0.142162 0.278349 3.786071 6
-1.575782 5.557051 11.749370 6
9.577950 11.392451 12.140527 6
11.196112 5.243690 4.633047 1
0.241944 11.079090 3.330252 1
-1.476000 6.427110 11.293551 1
9.478168 0.591710 12.596346 1
10.143060 6.744439 3.578866 6
1.294996 0.909039 4.384433 6
-0.422948 4.926361 12.347732 6
8.425116 10.761761 11.542165 6
10.394288 7.976875 3.017453 6
1.043768 2.141475 4.945846 6
-0.674176 3.693925 12.909145 6
8.676344 9.529325 10.980752 6
