8.745646 7.924265 7.098321 6
1.928543 0.876715 7.102108 6
2.168414 6.170835 2.368631 6
8.985516 13.218385 2.364845 6
7.605601 7.517903 6.405435 6
3.068588 0.470353 7.794994 6
3.308458 6.577197 3.061518 6
7.845472 13.624747 1.671958 6
7.688808 7.473504 5.015307 6
2.985381 0.425954 9.185121 6
3.225252 6.621596 4.451645 6
7.928678 13.669146 0.281831 6
6.929648 7.187091 4.520470 1
4.224281 0.139541 0.213006 1
3.984411 6.908009 4.946483 1
6.689778 13.955559 9.253946 1
8.833814 7.830815 4.330941 6
2.320116 0.783265 0.402535 6
2.080245 6.264285 5.136011 6
8.593943 13.311835 9.064417 6
8.858175 7.788952 3.382542 1
2.295754 0.741402 1.350934 1
2.055884 6.306148 6.084410 1
8.618305 13.353698 8.116018 1
9.945627 8.250708 5.039069 6
0.728562 1.203158 9.161359 6
0.968433 5.844392 4.427883 6
10.185497 12.891942 0.305593 6
10.735621 8.510621 4.579165 1
0.418308 1.463071 0.154311 1
0.178438 5.584479 4.887787 1
10.495751 12.632029 9.312641 1
9.900868 8.289751 6.414712 6
0.773321 1.242201 7.785716 6
1.013191 5.805349 3.052240 6
10.140738 12.852899 1.681236 6
10.666886 8.568411 6.902355 1
0.007303 1.520861 7.298074 1
0.247173 5.526689 2.564597 1
10.906757 12.574239 2.168879 1
6.310382 7.159042 7.090653 6
4.363807 0.111492 7.109776 6
4.603678 6.936058 2.376300 6
6.550252 13.983608 2.357176 6
6.511039 6.800886 7.992001 1
4.163149 13.848436 6.208427 1
4.403020 7.294214 1.474951 1
6.750910 0.246664 3.258525 1
5.860490 6.444280 6.574798 1
4.813699 13.491830 7.625630 1
5.053570 7.650820 2.892154 1
6.100360 0.603270 1.841322 1
5.351610 8.354448 7.229722 6
5.322579 1.306898 6.970706 6
5.562449 5.740652 2.237230 6
5.591480 12.788202 2.496246 6
5.124582 8.686810 6.324871 1
5.549607 1.639260 7.875558 1
5.789477 5.408290 3.142081 1
5.364453 12.455840 1.591395 1
4.513790 8.041255 7.653084 1
6.160399 0.993705 6.547344 1
6.400269 6.053845 1.813868 1
4.753661 13.101395 2.919608 1
5.911638 9.513629 8.049939 6
4.762551 2.466079 6.150490 6
5.002421 4.581471 1.417013 6
6.151508 11.629021 3.316463 6
5.249002 10.248547 8.051643 1
5.425187 3.200997 6.148786 1
5.665057 3.846553 1.415309 1
5.488873 10.894103 3.318167 1
6.730004 9.849656 7.605749 1
3.944184 2.802106 6.594679 1
4.184055 4.245444 1.861203 1
6.969875 11.292994 2.872273 1
6.734038 9.157164 0.039004 6
4.419892 2.109614 4.694472 6
4.180021 4.937936 9.427948 6
6.494168 11.985486 4.772480 6
6.009330 9.493050 0.624819 1
5.144600 2.445500 4.108657 1
4.904729 4.602050 8.842133 1
5.769459 11.649600 5.358295 1
6.754700 8.170929 0.125910 1
4.399229 1.123379 4.607566 1
4.159359 5.924171 9.341042 1
6.514830 12.971721 4.859387 1
8.058608 9.716034 0.537344 6
3.095322 2.668484 4.196132 6
2.855451 4.379066 8.929608 6
7.818738 11.426616 5.270820 6
8.218767 9.376061 1.453177 1
2.935162 2.328511 3.280299 1
2.695292 4.719039 8.013775 1
7.978897 11.766589 6.186653 1
7.983132 10.701000 0.594525 1
3.170798 3.653450 4.138952 1
2.930927 3.394100 8.872428 1
7.743261 10.441650 5.328001 1
8.796273 9.370282 9.136840 6
1.877916 2.322732 5.063589 6
2.117786 4.724818 0.330113 6
9.036144 11.772368 4.403364 6
8.862216 10.035711 8.406654 1
1.811973 2.988161 5.793775 1
2.051843 4.059389 1.060299 1
9.102086 11.106939 3.673177 1
10.091513 9.454993 0.224367 1
1.062417 2.407443 4.509109 1
0.822547 4.640107 9.242586 1
9.851642 11.687657 4.957843 1
8.898826 6.941837 9.354769 6
1.775363 13.989387 4.845660 6
2.015233 7.153263 0.112183 6
9.138696 0.105713 4.621293 6
8.935957 5.568974 8.750209 6
1.738232 12.616524 5.450219 6
1.978103 8.526126 0.716743 6
9.175827 1.478576 4.016733 6
8.076433 4.613890 9.278087 6
2.597755 11.661440 4.922342 6
2.837626 9.481210 0.188866 6
8.316304 2.433660 4.544610 6
7.945916 4.858581 0.497015 1
3.208014 11.906131 4.236461 1
2.968143 9.236519 8.969937 1
7.706046 2.188969 5.230491 1
8.098298 3.306429 8.815153 6
2.575891 10.353979 5.385276 6
2.815762 10.788671 0.651800 6
8.338168 3.741121 4.081676 6
7.503619 2.662564 9.180104 1
3.170570 9.710114 5.020325 1
3.410440 11.432536 0.286849 1
7.743489 4.384986 4.446627 1
8.985154 2.944748 7.824341 6
1.689035 9.992298 6.376087 6
1.928905 11.150352 1.642611 6
9.225024 4.102802 3.090865 6
8.999278 2.052247 7.500666 1
1.674911 9.099797 6.699762 1
1.914782 12.042853 1.966286 1
9.239148 4.995303 2.767190 1
9.853556 3.884891 7.303375 6
0.820633 10.932441 6.897053 6
1.060503 10.210209 2.163577 6
10.093426 3.162659 2.569899 6
10.466835 3.632307 6.623080 1
0.207354 10.679857 7.577349 1
0.447224 10.462793 2.843872 1
10.706706 3.415243 1.889604 1
9.840397 5.192071 7.760913 6
0.833792 12.239621 6.439516 6
1.073663 8.903029 1.706039 6
10.080267 1.855479 3.027437 6
10.445631 5.829733 7.401263 1
0.228558 12.877283 6.799165 1
0.468429 8.265367 2.065689 1
10.685501 1.217817 2.667787 1
8.770550 8.014051 8.538244 7
1.903639 0.966501 5.662184 7
2.143509 6.081049 0.928708 7
9.010420 13.128599 3.804768 7
9.428908 7.073767 1.111326 8
1.725022 0.026217 3.622151 8
1.485151 7.021333 8.355627 8
9.189037 14.068883 5.844802 8
