11.934078 1.096988 7.763466 6
9.416172 6.196812 16.973016 6
2.299422 4.743888 1.446084 6
4.817328 2.549912 10.655634 6
2.299422 6.196812 10.655634 6
4.817328 1.096988 1.446084 6
11.934078 2.549912 16.973016 6
9.416172 4.743888 7.763466 6
11.008189 1.051037 8.047305 1
10.342061 6.242763 17.256855 1
3.225311 4.697937 1.162245 1
3.891439 2.595863 10.371795 1
3.225311 6.242763 10.371795 1
3.891439 1.051037 1.162245 1
11.008189 2.595863 17.256855 1
10.342061 4.697937 8.047305 1
11.941906 1.236299 6.804016 1
9.408344 6.057501 16.013566 1
2.291593 4.883199 2.405534 1
4.825156 2.410601 11.615084 1
2.291593 6.057501 11.615084 1
4.825156 1.236299 2.405534 1
11.941906 2.410601 16.013566 1
9.408344 4.883199 6.804016 1
1.630874 4.991147 9.974127 6
5.485876 2.302653 0.764577 6
12.602626 1.344247 17.654523 6
8.747624 5.949553 8.444973 6
12.602626 2.302653 8.444973 6
8.747624 4.991147 17.654523 6
1.630874 5.949553 0.764577 6
5.485876 1.344247 9.974127 6
2.273090 4.574671 9.379006 1
4.843660 2.719129 0.169456 1
11.960410 0.927771 18.249644 1
9.389840 6.366029 9.040094 1
11.960410 2.719129 9.040094 1
9.389840 4.574671 18.249644 1
2.273090 6.366029 0.169456 1
4.843660 0.927771 9.379006 1
1.394883 4.340540 10.653607 1
5.721867 2.953260 1.444057 1
12.838617 0.693640 16.975043 1
8.511633 6.600160 7.765493 1
12.838617 2.953260 7.765493 1
8.511633 4.340540 16.975043 1
1.394883 6.600160 1.444057 1
5.721867 0.693640 10.653607 1
12.605188 7.069880 8.070881 6
8.745062 0.223920 17.280431 6
1.628312 3.422980 1.138669 6
5.488438 3.870820 10.348219 6
1.628312 0.223920 10.348219 6
5.488438 7.069880 1.138669 6
12.605188 3.870820 17.280431 6
8.745062 3.422980 8.070881 6
12.437375 6.406145 9.315644 6
8.912875 0.887655 0.106094 6
1.796125 2.759245 18.313006 6
5.320625 4.534555 9.103456 6
1.796125 0.887655 9.103456 6
5.320625 6.406145 18.313006 6
12.437375 4.534555 0.106094 6
8.912875 2.759245 9.315644 6
11.650120 6.540350 9.791594 1
9.700130 0.753450 0.582044 1
2.583380 2.893450 17.837056 1
4.533370 4.400350 8.627506 1
2.583380 0.753450 8.627506 1
4.533370 6.540350 17.837056 1
11.650120 4.400350 0.582044 1
9.700130 2.893450 9.791594 1
13.395289 5.572463 9.843535 6
7.954961 1.721337 0.633985 6
0.838211 1.925563 17.785115 6
6.278539 5.368237 8.575565 6
0.838211 1.721337 8.575565 6
6.278539 5.572463 17.785115 6
13.395289 5.368237 0.633985 6
7.954961 1.925563 9.843535 6
13.227192 5.150882 10.655449 1
8.123058 2.142918 1.445899 1
1.006308 1.503982 16.973201 1
6.110442 5.789818 7.763651 1
1.006308 2.142918 7.763651 1
6.110442 5.150882 16.973201 1
13.227192 5.789818 1.445899 1
8.123058 1.503982 10.655449 1
0.398823 5.333956 9.188552 6
6.717927 1.959844 18.398102 6
13.834677 1.687056 0.020998 6
7.515573 5.606744 9.230548 6
13.834677 1.959844 9.230548 6
7.515573 5.333956 0.020998 6
0.398823 5.606744 18.398102 6
6.717927 1.687056 9.188552 6
0.406651 5.707399 7.885585 6
6.710099 1.586402 17.095135 6
13.826849 2.060499 1.323965 6
7.523401 5.233302 10.533515 6
13.826849 1.586402 10.533515 6
7.523401 5.707399 1.323965 6
0.406651 5.233302 17.095135 6
6.710099 2.060499 7.885585 6
1.294252 6.002068 6.708605 6
5.822498 1.291732 15.918155 6
12.939248 2.355168 2.500945 6
8.411002 4.938632 11.710495 6
12.939248 1.291732 11.710495 6
8.411002 6.002068 2.500945 6
1.294252 4.938632 15.918155 6
5.822498 2.355168 6.708605 6
2.519045 5.854004 6.117720 6
4.597705 1.439796 15.327270 6
11.714455 2.207104 3.091830 6
9.635795 5.086696 12.301380 6
11.714455 1.439796 12.301380 6
9.635795 5.854004 3.091830 6
2.519045 5.086696 15.327270 6
4.597705 2.207104 6.117720 6
3.179764 5.312075 6.485365 1
3.936986 1.981725 15.694915 1
11.053736 1.665175 2.724185 1
10.296514 5.628625 11.933735 1
11.053736 1.981725 11.933735 1
10.296514 5.312075 2.724185 1
3.179764 5.628625 15.694915 1
3.936986 1.665175 6.485365 1
2.720022 6.566608 4.926004 6
4.396728 0.727192 14.135554 6
11.513478 2.919708 4.283546 6
9.836772 4.374092 13.493096 6
11.513478 0.727192 13.493096 6
9.836772 6.566608 4.283546 6
2.720022 4.374092 14.135554 6
4.396728 2.919708 4.926004 6
3.529908 6.476894 4.477683 1
3.586842 0.816906 13.687233 1
10.703592 2.829994 4.731867 1
10.646658 4.463806 13.941417 1
10.703592 0.816906 13.941417 1
10.646658 6.476894 4.731867 1
3.529908 4.463806 13.687233 1
3.586842 2.829994 4.477683 1
1.763531 0.094090 4.405112 6
5.353219 7.199710 13.614662 6
12.469969 3.740990 4.804438 6
8.880281 3.552810 14.013988 6
12.469969 7.199710 14.013988 6
8.880281 0.094090 4.804438 6
1.763531 3.552810 13.614662 6
5.353219 3.740990 4.405112 6
1.944296 0.550682 3.615669 1
5.172454 6.743118 12.825219 1
12.289204 4.197582 5.593881 1
9.061046 3.096218 14.803431 1
12.289204 6.743118 14.803431 1
9.061046 0.550682 5.593881 1
1.944296 3.096218 12.825219 1
5.172454 4.197582 3.615669 1
0.510983 0.271329 5.026020 6
6.605767 7.022471 14.235570 6
13.722517 3.918229 4.183530 6
7.627733 3.375571 13.393080 6
13.722517 7.022471 13.393080 6
7.627733 0.271329 4.183530 6
0.510983 3.375571 14.235570 6
6.605767 3.918229 5.026020 6
14.098282 0.843893 4.680293 1
7.251968 6.449907 13.889843 1
0.135218 4.490793 4.529257 1
6.981532 2.803007 13.738807 1
0.135218 6.449907 13.738807 1
6.981532 0.843893 4.529257 1
14.098282 2.803007 13.889843 1
7.251968 4.490793 4.680293 1
0.308013 6.847419 6.161005 6
6.808737 0.446381 15.370555 6
13.925487 3.200519 3.048545 6
7.424763 4.093281 12.258095 6
13.925487 0.446381 12.258095 6
7.424763 6.847419 3.048545 6
0.308013 4.093281 15.370555 6
6.808737 3.200519 6.161005 6
13.633131 6.565149 7.330249 6
7.717119 0.728651 16.539799 6
0.600369 2.918249 1.879301 6
6.516381 4.375551 11.088851 6
0.600369 0.728651 11.088851 6
6.516381 6.565149 1.879301 6
13.633131 4.375551 16.539799 6
7.717119 2.918249 7.330249 6
