7.210231 0.902255 13.744496 7
10.652404 7.553745 6.274418 7
-1.950769 5.130255 13.744496 7
1.491404 3.325745 6.274418 7
6.526141 0.155590 14.819142 6
9.968313 8.300410 7.349063 6
-2.634859 4.383590 14.819142 6
0.807313 4.072410 7.349063 6
5.700406 8.210776 14.475518 1
9.142578 0.245224 7.005440 1
-3.460594 3.982776 14.475518 1
-0.018422 4.473224 7.005440 1
13.091726 1.060382 1.065383 6
9.649553 7.395618 8.535461 6
3.930726 5.288382 1.065383 6
0.488553 3.167618 8.535461 6
12.358768 1.657376 0.848452 1
8.916596 6.798624 8.318530 1
3.197768 5.885376 0.848452 1
-0.244404 2.570624 8.318530 1
12.841385 0.530191 1.838088 1
9.399213 7.925809 9.308166 1
3.680385 4.758191 1.838088 1
0.238213 3.697809 9.308166 1
14.357169 1.855246 1.354176 6
10.914997 6.600754 8.824254 6
5.196169 6.083246 1.354176 6
1.753997 2.372754 8.824254 6
14.454778 1.971939 2.312139 1
11.012606 6.484061 9.782217 1
5.293778 6.199939 2.312139 1
1.851606 2.256061 9.782217 1
14.286402 2.734670 0.949895 1
10.844230 5.721330 8.419974 1
5.125402 6.962670 0.949895 1
1.683230 1.493330 8.419974 1
15.595076 1.132258 0.796161 6
12.152904 7.323742 8.266239 6
6.434076 5.360258 0.796161 6
2.991904 3.095742 8.266239 6
8.626819 1.008801 14.173279 6
12.068991 7.447199 6.703200 6
-0.534181 5.236801 14.173279 6
2.907991 3.219199 6.703200 6
9.064696 1.771532 13.740313 1
12.506869 6.684468 6.270234 1
-0.096304 5.999532 13.740313 1
3.345869 2.456468 6.270234 1
9.296543 8.116069 13.735383 6
12.738715 0.339931 6.265304 6
0.135543 3.888069 13.735383 6
3.577715 4.567931 6.265304 6
8.223989 7.039620 13.969943 6
11.666161 1.416380 6.499865 6
-0.937011 2.811620 13.969943 6
2.505161 5.644380 6.499865 6
7.605452 6.997340 13.223981 1
11.047625 1.458660 5.753903 1
-1.555548 2.769340 13.223981 1
1.886625 5.686660 5.753903 1
8.629021 6.166961 14.093349 1
12.071194 2.289039 6.623270 1
-0.531979 1.938961 14.093349 1
2.910194 6.517039 6.623270 1
14.397492 7.499626 0.306423 6
10.955320 0.956374 7.776501 6
5.236492 3.271626 0.306423 6
1.794320 5.184374 7.776501 6
13.932974 6.756344 0.745514 1
10.490801 1.699656 8.215592 1
4.771974 2.528344 0.745514 1
1.329801 5.927656 8.215592 1
15.504846 8.121988 1.242872 6
12.062674 0.334012 8.712950 6
6.343846 3.893988 1.242872 6
2.901674 4.562012 8.712950 6
15.212150 8.078017 2.177080 1
11.769977 0.377983 9.647158 1
6.051150 3.850017 2.177080 1
2.608977 4.605983 9.647158 1
16.823421 7.498781 1.106617 7
13.381249 0.957219 8.576696 7
7.662421 3.270781 1.106617 7
4.220249 5.185219 8.576696 7
10.444046 7.713563 14.670188 6
13.886219 0.742437 7.200110 6
1.283046 3.485563 14.670188 6
4.725219 4.970437 7.200110 6
10.857389 6.898405 14.344941 1
14.299562 1.557595 6.874863 1
1.696389 2.670405 14.344941 1
5.138562 5.785595 6.874863 1
11.117718 8.411183 14.676613 1
14.559890 0.044817 7.206534 1
1.956718 4.183183 14.676613 1
5.398890 4.272817 7.206534 1
16.830325 1.869622 1.296806 6
13.388153 6.586378 8.766884 6
7.669325 6.097622 1.296806 6
4.227153 2.358378 8.766884 6
16.809998 2.776950 0.983062 1
13.367826 5.679050 8.453141 1
7.648998 7.004950 0.983062 1
4.206826 1.451050 8.453141 1
17.618243 1.434138 0.966628 1
14.176070 7.021862 8.436707 1
8.457243 5.662138 0.966628 1
5.015070 2.793862 8.436707 1
16.840215 1.862857 2.257458 1
13.398043 6.593143 9.727536 1
7.679215 6.090857 2.257458 1
4.237043 2.365143 9.727536 1
9.795664 8.161731 12.292761 6
13.237837 0.294269 4.822683 6
0.634664 3.933731 12.292761 6
4.076837 4.522269 4.822683 6
9.063317 8.368058 11.707107 1
12.505490 0.087942 4.237029 1
-0.097683 4.140058 11.707107 1
3.344490 4.315942 4.237029 1
10.165986 7.308521 12.053719 1
13.608159 1.147479 4.583640 1
1.004986 3.080521 12.053719 1
4.447159 5.375479 4.583640 1
10.473654 0.382211 12.209096 1
13.915827 8.073789 4.739018 1
1.312654 4.610211 12.209096 1
4.754827 3.845789 4.739018 1
6.546468 2.114846 13.244599 6
9.988641 6.341154 5.774520 6
-2.614532 6.342846 13.244599 6
0.827641 2.113154 5.774520 6
6.573980 2.801473 13.942752 1
10.016152 5.654527 6.472674 1
-2.587020 7.029473 13.942752 1
0.855152 1.426527 6.472674 1
5.083835 1.813812 12.903814 6
8.526008 6.642188 5.433735 6
-4.077165 6.041812 12.903814 6
-0.634992 2.414188 5.433735 6
4.686395 2.583308 12.489971 1
8.128568 5.872692 5.019893 1
-4.474605 6.811308 12.489971 1
-1.032432 1.644692 5.019893 1
4.605357 1.599875 13.707594 1
8.047530 6.856125 6.237516 1
-4.555643 5.827875 13.707594 1
-1.113470 2.628125 6.237516 1
5.043848 1.068838 12.298737 1
8.486021 7.387162 4.828659 1
-4.117152 5.296838 12.298737 1
-0.674979 3.159162 4.828659 1
16.929603 6.130600 1.628477 6
13.487431 2.325400 9.098556 6
7.768603 1.902600 1.628477 6
4.326431 6.553400 9.098556 6
16.337588 5.546290 1.110054 1
12.895415 2.909710 8.580132 1
7.176588 1.318290 1.110054 1
3.734415 7.137710 8.580132 1
0.035496 5.612247 1.513438 6
-3.406677 2.843753 8.983516 6
9.196496 1.384247 1.513438 6
5.754323 7.071753 8.983516 6
0.113390 4.781868 1.988535 1
-3.328783 3.674132 9.458613 1
9.274390 0.553868 1.988535 1
5.832217 7.902132 9.458613 1
0.640007 6.254903 1.891424 1
-2.802166 2.201097 9.361502 1
9.801007 2.026903 1.891424 1
6.358834 6.429097 9.361502 1
0.252766 5.472723 0.588642 1
-3.189407 2.983277 8.058721 1
9.413766 1.244723 0.588642 1
5.971593 7.211277 8.058721 1
7.247626 2.640809 12.013231 6
10.689799 5.815191 4.543152 6
-1.913374 6.868809 12.013231 6
1.528799 1.587191 4.543152 6
7.317964 1.877232 10.851036 6
10.760136 6.578768 3.380958 6
-1.843036 6.105232 10.851036 6
1.599136 2.350768 3.380958 6
6.981711 1.009646 10.849542 1
10.423883 7.446354 3.379464 1
-2.179289 5.237646 10.849542 1
1.262883 3.218354 3.379464 1
7.882920 2.392202 9.696162 6
11.325093 6.063798 2.226083 6
-1.278080 6.620202 9.696162 6
2.164093 1.835798 2.226083 6
7.917973 1.870467 8.928238 1
11.360145 6.585533 1.458159 1
-1.243027 6.098467 8.928238 1
2.199145 2.357533 1.458159 1
8.389540 3.664830 9.678234 6
11.831712 4.791170 2.208155 6
-0.771460 7.892830 9.678234 6
2.670712 0.563170 2.208155 6
8.775464 4.005607 8.904334 1
12.217637 4.450393 1.434255 1
-0.385536 8.233607 8.904334 1
3.056637 0.222393 1.434255 1
8.323236 4.429253 10.812192 6
11.765408 4.026747 3.342113 6
-0.837764 0.201253 10.812192 6
2.604408 8.254747 3.342113 6
8.654642 5.297684 10.804722 1
12.096814 3.158316 3.334643 1
-0.506358 1.069684 10.804722 1
2.935814 7.386316 3.334643 1
7.760839 3.913437 11.973042 6
11.203012 4.542563 4.502963 6
-1.400161 8.141437 11.973042 6
2.042012 0.314563 4.502963 6
7.730828 4.441091 12.737978 1
11.173000 4.014909 5.267899 1
-1.430172 0.213091 12.737978 1
2.012000 8.242909 5.267899 1
16.505033 6.090857 3.092612 6
13.062860 2.365143 10.562691 6
7.344033 1.862857 3.092612 6
3.901860 6.593143 10.562691 6
15.504554 5.241029 3.501973 6
12.062381 3.214971 10.972051 6
6.343554 1.013029 3.501973 6
2.901381 7.442971 10.972051 6
15.043871 4.735360 2.871498 1
11.601699 3.720640 10.341577 1
5.882871 0.507360 2.871498 1
2.440699 7.948640 10.341577 1
15.175139 5.128564 4.845093 6
11.732966 3.327436 12.315171 6
6.014139 0.900564 4.845093 6
2.571966 7.555436 12.315171 6
14.505914 4.540026 5.112522 1
11.063741 3.915974 12.582600 1
5.344914 0.312026 5.112522 1
1.902741 8.143974 12.582600 1
-2.482854 5.888758 5.781841 6
-5.925026 2.567242 13.251919 6
6.678146 1.660758 5.781841 6
3.235974 6.795242 13.251919 6
-2.698958 5.817728 6.684226 1
-6.141131 2.638272 14.154305 1
6.462042 1.589728 6.684226 1
3.019869 6.866272 14.154305 1
-1.507754 6.745351 5.375468 6
-4.949926 1.710649 12.845547 6
7.653246 2.517351 5.375468 6
4.211074 5.938649 12.845547 6
-1.059896 7.262013 6.005943 1
-4.502069 1.193987 13.476022 1
8.101104 3.034013 6.005943 1
4.658931 5.421987 13.476022 1
-1.169188 6.861198 4.044300 6
-4.611361 1.594802 11.514379 6
7.991812 2.633198 4.044300 6
4.549639 5.822802 11.514379 6
-0.503405 7.457346 3.784342 1
-3.945578 0.998654 11.254420 1
8.657595 3.229346 3.784342 1
5.215422 5.226654 11.254420 1
