5.976215 1.794825 7.017501 51
0.461797 5.384475 3.273131 51
2.000887 1.794825 7.293177 17
4.437125 5.384475 2.997455 17
6.776791 0.162037 8.466515 17
-0.338779 3.751687 1.824117 17
-0.338779 7.017263 1.824117 17
6.776791 3.427613 8.466515 17
4.794032 0.157729 5.864014 17
1.643980 3.747379 4.426618 17
1.643980 7.021571 4.426618 17
4.794032 3.431921 5.864014 17
-1.168759 1.794825 5.618376 17
7.606771 5.384475 4.672256 17
4.264217 1.794825 8.508295 8
2.173795 5.384475 1.782337 8
2.442020 1.794825 9.979855 6
3.995991 5.384475 0.310777 6
5.844738 1.794825 0.786204 6
0.593274 5.384475 9.504428 6
5.332863 1.794825 2.070475 6
1.105149 5.384475 8.220157 6
3.960653 1.794825 2.264968 6
2.477358 5.384475 8.025664 6
3.099737 1.794825 1.195771 6
3.338275 5.384475 9.094861 6
1.061873 1.794825 10.177435 6
5.376139 5.384475 0.113197 6
3.046948 1.794825 8.649276 6
3.391064 5.384475 1.641356 6
6.762606 1.794825 0.651397 1
-0.324594 5.384475 9.639235 1
5.942998 1.794825 2.799052 1
0.495014 5.384475 7.491580 1
3.603270 1.794825 3.202445 1
2.834742 5.384475 7.088187 1
2.167863 1.794825 1.318230 1
4.270149 5.384475 8.972402 1
0.521201 1.794825 9.491050 1
5.916811 5.384475 0.799582 1
