4.631387 4.194420 3.181256 6
1.685587 0.219830 23.549744 6
1.260213 8.608670 10.184244 6
4.206013 4.634080 16.546756 6
5.489793 4.076118 4.266000 6
2.543993 0.338132 22.465000 6
0.401807 8.490368 9.099500 6
3.347607 4.752382 17.631500 6
0.431854 3.677953 4.159344 1
3.377654 0.736297 22.571656 1
5.459746 8.092203 9.206156 1
2.513946 5.150547 17.524844 1
5.103304 4.551975 5.511665 6
2.157504 8.690775 21.219335 6
0.788296 0.137725 7.853835 6
3.734096 4.276525 18.877165 6
5.678913 4.476932 6.239015 1
2.733113 8.765818 20.491985 1
0.212687 0.062682 7.126485 1
3.158487 4.351568 19.604515 1
3.853106 5.140836 5.671516 6
0.907306 8.101914 21.059484 6
2.038494 0.726586 7.693984 6
4.984294 3.687664 19.037016 6
2.991165 5.237066 4.596930 6
0.045365 8.005684 22.134070 6
2.900435 0.822816 8.768570 6
5.846235 3.591434 17.962430 6
2.151023 5.621106 4.707329 1
5.096823 7.621644 22.023671 1
3.740577 1.206856 8.658171 1
0.794777 3.207394 18.072829 1
3.380600 4.761210 3.357414 6
0.434800 8.481540 23.373586 6
2.511000 0.346960 10.008086 6
5.456800 4.067290 16.722914 6
2.796743 4.822127 2.635677 1
5.742543 8.420623 24.095323 1
3.094857 0.407877 10.729823 1
0.149057 4.006373 16.001177 1
5.046745 3.682367 1.821450 6
2.100945 0.731883 24.909550 6
0.844855 8.096617 11.544050 6
3.790655 5.146133 15.186950 6
4.641992 4.254454 1.136068 1
1.696192 0.159796 25.594933 1
1.249608 8.668704 12.229433 1
4.195408 4.574046 14.501568 1
4.541834 2.265393 1.626047 6
1.596034 2.148857 25.104953 6
1.349766 6.679643 11.739453 6
4.295566 6.563107 14.991547 6
3.597411 2.121489 1.844439 1
0.651611 2.292761 24.886561 1
2.294189 6.535739 11.521061 1
5.239989 6.707011 15.209939 1
5.399062 1.085905 1.733505 6
2.453262 3.328345 24.997495 6
0.492538 5.500155 11.631995 6
3.438338 7.742595 15.099005 6
0.433622 1.278367 1.988786 1
3.379422 3.135883 24.742214 1
5.457978 5.692617 11.376714 1
2.512178 7.550133 15.354286 1
4.926556 8.513323 2.084751 6
1.980756 4.729427 24.646249 6
0.965044 4.099073 11.280749 6
3.910844 0.315177 15.450251 6
3.406523 8.374715 1.990925 6
0.460723 4.868035 24.740075 6
2.485077 3.960465 11.374575 6
5.430877 0.453785 15.356425 6
2.992933 0.089168 2.665081 1
0.047133 4.325082 24.065919 1
2.898667 4.503418 10.700419 1
5.844467 8.739332 16.030581 1
3.160254 7.455668 2.122441 1
0.214454 5.787082 24.608559 1
2.731346 3.041418 11.243059 1
5.677146 1.372832 15.487941 1
3.111354 8.662524 1.122702 1
0.165554 4.580226 25.608298 1
2.780246 4.248274 12.242798 1
5.726046 0.165976 14.488202 1
5.582291 7.537773 1.108267 6
2.636491 5.704977 25.622733 6
0.309309 3.123523 12.257233 6
3.255109 1.290727 14.473767 6
5.267680 7.715226 0.219194 1
2.321880 5.527524 26.511806 1
0.623920 3.300976 13.146306 1
3.569720 1.113274 13.584694 1
5.356054 6.638149 1.355262 1
2.410254 6.604601 25.375738 1
0.535546 2.223899 12.010238 1
3.481346 2.190351 14.720762 1
0.643952 7.647247 1.138741 1
3.589752 5.595503 25.592259 1
5.247648 3.232997 12.226759 1
2.301848 1.181253 14.504241 1
5.397884 8.228162 3.512186 6
2.452084 5.014588 23.218814 6
0.493716 3.813912 9.853314 6
3.439516 0.600338 16.877686 6
0.463080 8.297024 3.552550 1
3.408880 4.945726 23.178450 1
5.428520 3.882774 9.812950 1
2.482720 0.531476 16.918050 1
5.129816 7.341781 3.766398 1
2.184016 5.900969 22.964602 1
0.761784 2.927531 9.599102 1
3.707584 1.486719 17.131898 1
5.004914 0.037963 4.111228 1
2.059114 4.376287 22.619772 1
0.886686 4.452213 9.254272 1
3.832486 8.790537 17.476728 1
3.454245 5.667014 7.009670 6
0.508445 7.575736 19.721330 6
2.437355 1.252764 6.355830 6
5.383155 3.161486 20.375170 6
0.566772 3.772065 1.706507 8
3.512572 0.642185 25.024493 8
5.324828 8.186315 11.658993 8
2.379028 5.056435 15.072007 8
0.802436 3.464303 0.983701 1
3.748236 0.949947 25.747299 1
5.089164 7.878553 12.381799 1
2.143364 5.364197 14.349201 1
5.009038 1.611201 0.424756 8
2.063238 2.803049 26.306244 8
0.882562 6.025451 12.940744 8
3.828362 7.217299 13.790256 8
3.659273 4.791227 7.965303 9
0.713473 8.451523 18.765697 9
2.232327 0.376977 5.400197 9
5.178127 4.037273 21.330803 9
4.115872 6.756451 7.325096 9
1.170072 6.486299 19.405904 9
1.775728 2.342201 6.040404 9
4.721528 2.072049 20.690596 9
2.192264 5.988372 7.111783 9
5.138064 7.254378 19.619217 9
3.699336 1.574122 6.253717 9
0.753536 2.840128 20.477283 9
