14.554378 8.186934 5.286998 16
4.447264 5.364112 8.568544 16
12.222896 10.054650 6.435899 7
6.778746 3.496396 7.419643 7
10.667843 10.907810 5.159804 7
8.333799 2.643236 8.695738 7
12.141907 7.918766 1.205432 7
6.859735 5.632280 12.650109 7
13.386773 6.830613 2.624240 7
5.614869 6.720433 11.231302 7
13.291554 7.804256 6.521803 6
5.710088 5.746790 7.333738 6
12.485701 7.444034 6.075655 1
6.515941 6.107012 7.779887 1
13.633306 7.117855 7.148074 1
5.368336 6.433191 6.707468 1
12.933311 9.075903 7.290786 6
6.068331 4.475144 6.564756 6
12.359300 8.839900 8.062540 1
6.642342 4.711146 5.793002 1
13.760680 9.488971 7.642717 1
5.240961 4.062075 6.212825 1
11.085331 9.812567 5.781917 6
7.916311 3.738479 8.073624 6
10.637968 8.974524 5.763905 1
8.363674 4.576522 8.091636 1
12.568255 11.385909 6.228066 6
6.433387 2.165137 7.627476 6
13.640060 12.131032 6.703311 6
5.361581 1.420014 7.152231 6
14.315559 11.753127 7.253376 1
4.686082 1.797919 6.602166 1
10.418935 1.391897 6.316741 6
8.582706 12.159149 7.538800 6
11.136078 1.944415 6.604937 1
7.865564 11.606631 7.250605 1
9.402052 1.953944 5.508963 6
9.599590 11.597102 8.346578 6
9.451115 2.872657 5.273419 1
9.550527 10.678389 8.582122 1
8.342171 1.197732 5.054502 6
10.659470 12.353314 8.801040 6
7.651342 1.571357 4.521063 1
11.350300 11.979689 9.334478 1
11.581064 11.938583 5.423059 6
7.420578 1.612463 8.432483 6
9.466994 11.018352 4.321543 6
9.534648 2.532694 9.533998 6
8.942972 11.810292 4.600040 1
10.058670 1.740754 9.255502 1
8.901667 10.216266 4.449014 1
10.099974 3.334780 9.406527 1
9.843922 11.148062 2.843157 6
9.157720 2.402984 11.012384 6
10.452739 11.877651 2.715686 1
8.548903 1.673395 11.139855 1
9.053199 11.321699 2.315261 1
9.948443 2.229347 11.540281 1
9.668181 12.065714 2.608998 1
9.333461 1.485332 11.246543 1
9.188765 10.628301 2.362370 1
9.812877 2.922745 11.493172 1
10.762526 9.949690 0.975430 6
8.239116 3.601356 12.880111 6
11.561449 10.449219 0.809164 1
7.440193 3.101827 13.046378 1
10.039399 10.344817 0.473860 1
8.962243 3.206229 13.381682 1
9.813126 10.098173 0.871514 1
9.188516 3.452873 12.984028 1
11.168445 10.419818 0.246629 1
7.833197 3.131228 13.608913 1
10.434820 9.935897 2.430262 8
8.566822 3.615149 11.425280 8
11.123947 10.827159 2.232128 8
7.877695 2.723887 11.623414 8
10.935609 8.513202 0.623499 6
8.066033 5.037844 13.232042 6
10.144132 8.007487 0.936635 1
8.857510 5.543559 12.918907 1
15.086912 9.894969 13.492526 1
3.914729 3.656077 0.363015 1
12.197307 7.360664 2.403936 6
6.804335 6.190382 11.451605 6
11.476937 7.344128 3.023279 1
7.524705 6.206918 10.832262 1
13.393947 7.757063 0.591632 6
5.607695 5.793983 13.263910 6
6.299218 9.606512 13.187704 6
12.702424 3.944534 0.667837 6
17.399755 10.080661 12.576675 1
1.601887 3.470385 1.278866 1
7.603656 9.252808 12.882883 6
11.397985 4.298238 0.972659 6
7.962760 9.505488 12.040466 1
11.038882 4.045558 1.815076 1
8.410231 8.533120 13.776565 6
10.591411 5.017926 0.078977 6
9.294159 8.297986 13.518852 1
9.707483 5.253060 0.336690 1
3.832147 6.687148 1.179107 6
15.169495 6.863898 12.676435 6
4.371860 6.201063 1.791522 1
14.629782 7.349983 12.064020 1
2.538953 7.062455 1.482543 6
16.462689 6.488591 12.372999 6
13.721458 6.002871 3.786720 6
5.280184 7.548175 10.068822 6
2.342446 5.104704 3.474970 1
16.659195 8.446343 10.380572 1
12.913789 5.895735 4.349254 1
6.087853 7.655311 9.506287 1
3.173909 6.584824 4.626365 6
15.827733 6.966223 9.229176 6
3.995276 6.614595 4.074915 1
15.006366 6.936451 9.780627 1
3.345491 5.966303 5.380107 1
15.656151 7.584744 8.475435 1
3.952305 2.679885 3.662851 16
15.049336 10.871161 10.192691 16
3.475626 3.213085 4.928416 8
15.526016 10.337961 8.927125 8
4.054470 3.704153 2.629782 8
14.947172 9.846893 11.225760 8
5.176259 1.894108 3.781177 8
13.825383 11.656938 10.074364 8
2.680554 1.580363 3.100870 6
16.321088 11.970683 10.754671 6
13.030623 1.704020 3.560874 6
5.971019 11.847026 10.294667 6
12.821909 2.356300 4.220398 1
6.179732 11.194746 9.635144 1
12.034358 0.881928 3.066231 6
6.967284 12.669118 10.789310 6
11.141404 0.992766 3.371053 1
7.860237 12.558280 10.484488 1
3.911330 11.981230 2.130982 6
15.090312 1.569817 11.724559 6
5.204910 11.865997 1.682063 6
13.796732 1.685049 12.173479 6
5.410239 11.207202 1.029467 1
13.591402 2.343845 12.826075 1
2.981271 0.600601 2.155922 6
16.020371 12.950446 11.699619 6
3.870312 0.493568 1.841401 1
15.131329 13.057479 12.014140 1
14.476328 11.044169 1.646038 6
4.525314 2.506877 12.209503 6
13.626773 11.280445 2.074175 1
5.374869 2.270601 11.781367 1
14.714039 10.121391 1.877426 1
4.287602 3.429655 11.978116 1
14.386236 11.123701 0.674765 1
4.615406 2.427345 13.180777 1
9.188526 6.337326 4.327224 16
9.813116 7.213721 9.528317 16
8.778817 5.142055 5.047574 8
10.222824 8.408991 8.807968 8
10.443692 6.884244 4.852211 8
8.557950 6.666802 9.003331 8
9.219450 6.197428 2.886109 8
9.782191 7.353618 10.969432 8
7.972277 7.581605 4.694257 6
11.029365 5.969441 9.161284 6
7.174492 8.132583 3.702201 6
11.827150 5.418463 10.153341 6
7.233371 7.817831 2.807133 1
11.768270 5.733215 11.048409 1
6.283302 9.152573 4.034734 6
12.718340 4.398473 9.820808 6
5.745462 9.538133 3.351656 1
13.256180 4.012913 10.503886 1
6.161446 9.613556 5.317757 6
12.840196 3.937491 8.537785 6
6.952759 9.034459 6.318127 6
12.048883 4.516587 7.537415 6
6.866539 9.331381 7.215966 1
12.135103 4.219665 6.639576 1
7.857565 8.031611 6.010534 6
11.144077 5.519435 7.845008 6
8.397455 7.650738 6.692227 1
10.604187 5.900308 7.163315 1
5.250532 10.779828 5.673844 6
13.751110 2.771218 8.181697 6
5.305118 10.954363 6.636804 1
13.696524 2.596683 7.218737 1
4.326863 10.557331 5.432758 1
14.674779 2.993715 8.422784 1
5.533790 11.578195 5.180587 1
13.467852 1.972851 8.674955 1
