-0.497490 6.430286 6.886885 8
0.310257 8.944714 1.624820 8
2.222010 14.117786 6.886885 8
3.029757 1.257214 1.624820 8
4.192011 8.178577 8.052643 8
4.999758 7.196423 2.790578 8
1.472511 0.491078 8.052643 8
2.280258 14.883923 2.790578 8
-0.507941 7.753766 7.210081 6
0.299806 7.621234 1.948016 6
2.211559 0.066266 7.210081 6
3.019306 15.308734 1.948016 6
0.470768 8.457788 6.297955 6
1.278515 6.917212 1.035890 6
3.190268 0.770288 6.297955 6
3.998015 14.604712 1.035890 6
-0.016964 8.633062 5.443080 1
0.790783 6.741937 0.181015 1
2.702536 0.945563 5.443080 1
3.510283 14.429438 0.181015 1
1.192999 9.749134 6.652723 6
2.000746 5.625866 1.390658 6
3.912499 2.061634 6.652723 6
4.720246 13.313366 1.390658 6
1.888677 9.527888 7.336371 1
2.696424 5.847112 2.074306 1
-0.830823 1.840387 7.336371 1
-0.023076 13.534612 2.074306 1
1.931350 10.196392 5.357624 6
2.739097 5.178608 0.095559 6
-0.788150 2.508893 5.357624 6
0.019597 12.866108 0.095559 6
2.668298 10.811700 5.637776 1
3.476045 4.563300 0.375711 1
-0.051202 3.124200 5.637776 1
0.756545 12.250800 0.375711 1
2.575938 9.034042 4.630828 6
1.768191 6.340958 9.892892 6
-0.143562 1.346542 4.630828 6
-0.951309 14.028458 9.892892 6
3.181231 9.244987 3.929710 1
2.373484 6.130013 9.191775 1
0.461731 1.557487 3.929710 1
-0.346016 13.817513 9.191775 1
2.372397 7.747924 4.883196 6
1.564650 7.627076 10.145261 6
-0.347103 0.060424 4.883196 6
-1.154850 15.314576 10.145261 6
2.801208 7.084800 4.353832 1
1.993461 8.290200 9.615897 1
0.081708 14.772300 4.353832 1
-0.726039 0.602700 9.615897 1
1.465058 7.342024 6.003595 6
2.272805 8.032976 0.741530 6
4.184558 15.029524 6.003595 6
4.992305 0.345476 0.741530 6
2.022770 7.195500 6.820688 1
2.830517 8.179500 1.558624 1
-0.696730 14.883000 6.820688 1
0.111017 0.492000 1.558624 1
0.515661 6.164914 5.856678 6
1.323408 9.210086 0.594613 6
3.235161 13.852414 5.856678 6
4.042908 1.522586 0.594613 6
0.110371 6.142313 4.953708 1
-0.697376 9.232688 10.215773 1
2.829871 13.829812 4.953708 1
2.022124 1.545187 10.215773 1
0.980573 5.307450 6.024012 1
1.788320 10.067550 0.761947 1
3.700073 12.994950 6.024012 1
4.507820 2.380050 0.761947 1
0.296697 10.835377 7.240601 6
1.104444 4.539622 1.978536 6
3.016197 3.147878 7.240601 6
3.823944 12.227123 1.978536 6
-0.495332 10.947000 6.674403 1
0.312415 4.428000 1.412338 1
2.224168 3.259500 6.674403 1
3.031915 12.115500 1.412338 1
0.791490 11.680388 7.280593 1
1.599237 3.694612 2.018528 1
3.510990 3.992888 7.280593 1
4.318737 11.382112 2.018528 1
0.018849 10.576462 8.143572 1
0.826596 4.798538 2.881507 1
2.738349 2.888962 8.143572 1
3.546096 12.486038 2.881507 1
1.029936 10.983285 4.384352 6
0.222189 4.391715 9.646417 6
3.749436 3.295785 4.384352 6
2.941689 12.079215 9.646417 6
1.520945 11.160713 3.556103 1
0.713198 4.214287 8.818168 1
4.240445 3.473213 3.556103 1
3.432698 11.901787 8.818168 1
0.766836 11.832600 4.797951 1
-0.040911 3.542400 10.060016 1
3.486336 4.145100 4.797951 1
2.678589 11.229900 10.060016 1
0.228625 10.456538 4.183342 1
-0.579122 4.918462 9.445406 1
2.948125 2.769037 4.183342 1
2.140378 12.605962 9.445406 1
