5.609165 6.821873 4.912965 53
17.596926 4.879212 10.057828 53
8.646167 4.917619 1.319675 17
14.559925 6.783466 13.651117 17
8.981418 2.098254 1.401416 17
14.224674 9.602831 13.569377 17
12.635154 2.307029 13.867146 17
10.570937 9.394056 1.103647 17
8.346541 1.955176 6.261384 14
14.859550 9.745908 8.709408 14
4.279814 3.441674 6.114072 8
18.926278 8.259411 8.856721 8
5.529712 3.408273 3.242823 8
17.676379 8.292811 11.727969 8
16.262281 3.375823 6.816202 6
6.943810 8.325262 8.154591 6
15.820423 2.141818 7.269817 6
7.385668 9.559267 7.700976 6
14.672482 2.083824 8.037819 6
8.533610 9.617261 6.932974 6
13.942699 3.224173 8.365679 6
9.263393 8.476912 6.605114 6
14.392439 4.439982 7.864157 6
8.813652 7.261103 7.106635 6
15.525990 4.548584 7.088670 6
7.680101 7.152501 7.882122 6
15.953913 5.874393 6.489839 6
7.252178 5.826692 8.480954 6
15.881013 5.804589 4.967309 6
7.325078 5.896496 10.003484 6
14.690692 5.365120 4.414887 6
8.515400 6.335965 10.555906 6
14.523143 5.110824 3.058533 6
8.682948 6.590261 11.912260 6
15.660351 5.304753 2.257596 6
7.545740 6.396332 12.713197 6
3.726161 5.729988 2.760614 6
19.479930 5.971097 12.210179 6
16.966886 6.026063 4.124453 6
6.239206 5.675022 10.846339 6
4.916185 5.702366 1.800986 6
18.289906 5.998719 13.169806 6
5.003458 4.345767 1.142271 6
18.202633 7.355318 13.828521 6
8.278541 3.055226 14.749225 6
14.927550 8.645859 0.221568 6
8.262995 1.806644 14.138417 6
14.943096 9.894441 0.832376 6
8.473824 0.694580 14.948337 6
14.732268 11.006505 0.022456 6
5.206590 1.938137 1.351863 6
17.999502 9.762948 13.618930 6
5.244074 3.205620 1.916261 6
17.962017 8.495465 13.054531 6
5.394255 0.677644 2.190227 6
17.811836 11.023440 12.780566 6
4.259000 0.433656 3.178299 6
18.947091 11.267429 11.792493 6
3.022627 0.013067 2.715702 6
20.183464 11.688018 12.255091 6
1.940382 -0.188216 3.563049 6
21.265709 11.889301 11.407744 6
2.113556 0.123217 4.910420 6
21.092535 11.577867 10.060373 6
3.333911 0.540076 5.422421 6
19.872180 11.161009 9.548372 6
4.441169 0.634930 4.557109 6
18.764922 11.066155 10.413683 6
3.446935 0.885906 6.909021 6
19.759157 10.815179 8.061772 6
12.698726 3.208388 9.271412 6
10.507365 8.492697 5.699381 6
12.253545 1.782423 9.599272 6
10.952546 9.918661 5.371520 6
13.053094 3.921370 10.585848 6
10.152997 7.779715 4.384945 6
11.541762 3.944279 8.617188 6
11.664330 7.756806 6.353604 6
13.232136 4.597830 2.443233 6
9.973955 7.103255 12.527559 6
12.204395 4.225798 3.495680 6
11.001696 7.475287 11.475113 6
12.620884 5.673276 1.540495 6
10.585208 6.027809 13.430298 6
13.532195 3.346733 1.610857 6
9.673896 8.354352 13.359935 6
7.983882 1.707706 12.627864 6
15.222209 9.993379 2.342929 6
6.562981 2.187803 12.370366 6
16.643110 9.513281 2.600427 6
8.932445 2.656968 11.883815 6
14.273646 9.044117 3.086977 6
8.047084 0.276363 12.126342 6
15.159007 11.424722 2.844451 6
7.166221 12.015755 3.072007 6
16.039870 -0.314670 11.898786 6
7.226115 10.531218 3.393879 6
15.979976 1.169867 11.576914 6
12.589578 -0.184043 3.745692 6
10.616513 11.885128 11.225100 6
7.002212 12.159107 1.564448 6
16.203879 -0.458022 13.406345 6
5.755513 0.940267 5.067613 6
17.450579 10.760818 9.903179 6
6.827721 1.244953 5.501766 6
16.378370 10.456132 9.469026 6
7.994336 2.108848 8.063269 6
15.211755 9.592236 6.907524 6
8.644639 3.597165 5.482304 6
14.561452 8.103920 9.488488 6
9.786902 0.835639 5.943405 6
13.419189 10.865446 9.027388 6
8.379063 3.418874 0.468586 6
14.827028 8.282211 14.502207 6
14.373155 1.238638 8.355199 1
8.832937 10.462447 6.615593 1
13.897464 5.226806 8.064766 1
9.308627 6.474279 6.906027 1
15.379027 6.562918 6.802728 1
7.827065 5.138167 8.168065 1
16.848010 6.064821 6.754822 1
6.358081 5.636264 8.215971 1
13.947521 5.228870 4.995754 1
9.258570 6.472215 9.975039 1
15.590277 5.139194 1.323418 1
7.615814 6.561891 13.647375 1
4.798470 6.371267 1.133289 1
18.407621 5.329818 13.837504 1
5.713964 5.873836 2.283046 1
17.492127 5.827249 12.687747 1
8.119156 3.828153 14.216265 1
15.086936 7.872932 0.754528 1
8.453562 -0.171332 14.554605 1
14.752529 11.872417 0.416188 1
5.449651 -0.067069 1.601875 1
17.756440 11.768154 13.368918 1
6.208113 0.757784 2.675281 1
16.997978 10.943301 12.295512 1
9.449208 12.686321 1.787513 1
13.756883 -0.985237 13.183280 1
14.523072 0.047994 5.498772 1
8.683019 11.653091 9.472021 1
4.361819 1.019756 7.124600 1
18.844272 10.681329 7.846192 1
3.104778 0.158414 7.418028 1
20.101313 11.542671 7.552765 1
12.411139 1.606510 10.518479 1
10.794952 10.094575 4.452314 1
11.325181 1.691223 9.413634 1
11.880910 10.009862 5.557158 1
12.743769 1.168033 9.069306 1
10.462322 10.533052 5.901486 1
13.194304 3.270699 11.267019 1
10.011787 8.430386 3.703774 1
13.843252 4.430732 10.467578 1
9.362839 7.270353 4.503214 1
12.339244 4.492404 10.840351 1
10.866847 7.208681 4.130442 1
11.021234 4.373760 9.284886 1
12.184857 7.327325 5.685907 1
11.881390 4.591751 8.012368 1
11.324701 7.109334 6.958424 1
10.999837 3.323026 8.144111 1
12.206254 8.378059 6.826681 1
12.611382 4.230538 4.350512 1
10.594709 7.470547 10.620280 1
11.497143 4.867336 3.479212 1
11.708948 6.833749 11.491580 1
11.854438 3.367608 3.305551 1
11.351654 8.333477 11.665242 1
12.429833 6.449192 2.055490 1
10.776258 5.251893 12.915303 1
13.231313 5.892315 0.848844 1
9.974779 5.808770 14.121949 1
11.813233 5.342706 1.160236 1
11.392858 6.358378 13.810556 1
13.883819 2.667555 2.176753 1
9.322272 9.033530 12.794039 1
12.729089 3.034540 1.208143 1
10.477002 8.666545 13.762650 1
14.163960 3.556716 0.937172 1
9.042132 8.144369 14.033621 1
6.128457 2.353577 13.199748 1
17.077634 9.347508 1.771045 1
6.585015 2.987265 11.859862 1
16.621076 8.713820 3.110931 1
6.082602 1.519413 11.892798 1
17.123490 10.181672 3.077995 1
9.583338 2.997413 12.490132 1
13.622753 8.703671 2.480660 1
9.371046 2.190196 11.183182 1
13.835045 9.510889 3.787611 1
8.437060 3.382589 11.518528 1
14.769031 8.318496 3.452265 1
8.257068 -0.304108 12.846437 1
14.949024 12.005193 2.124355 1
7.195102 0.031578 11.765546 1
16.010989 11.669507 3.205247 1
8.704928 0.202881 11.451159 1
14.501163 11.498204 3.519633 1
7.424651 10.419349 4.314582 1
15.781440 1.281736 10.656210 1
6.386219 10.136700 3.197761 1
16.819873 1.564385 11.773031 1
7.902550 10.125755 2.866907 1
15.303541 1.575330 12.103886 1
12.717782 -0.192276 4.687355 1
10.488309 11.893361 10.283438 1
12.492224 0.711000 3.447774 1
10.713868 10.990085 11.523019 1
18.345559 12.155559 3.531610 1
4.860532 -0.454474 11.439183 1
7.855216 12.292283 1.160236 1
15.350875 -0.591198 13.810556 1
6.612131 11.364679 1.209640 1
16.593960 0.336405 13.761153 1
13.054351 0.067334 1.368330 1
10.151740 11.633751 13.602462 1
8.760670 1.844198 8.560299 1
14.445421 9.856887 6.410493 1
7.779251 3.010705 8.269866 1
15.426841 8.690380 6.700927 1
7.262527 1.548777 8.292322 1
15.943565 10.152308 6.678471 1
9.008059 4.191303 6.127545 1
14.198032 7.509782 8.843247 1
9.254842 3.498959 4.760712 1
13.951250 8.202126 10.210081 1
7.823417 3.946448 5.155941 1
15.382674 7.754636 9.814852 1
10.186057 0.595482 6.778775 1
13.020034 11.105603 8.192018 1
9.487649 0.048599 5.507755 1
13.718442 11.652486 9.463038 1
10.425687 1.281474 5.408947 1
12.780405 10.419610 9.561845 1
7.442332 3.302886 0.356305 1
15.763760 8.398199 14.614488 1
4.235264 3.954878 5.605065 1
18.970827 7.746207 9.365728 1
5.664408 2.812036 3.610955 1
17.541683 8.889048 11.359838 1
