1.933706 8.412101 8.015108 17
0.722792 2.321151 5.016034 17
5.351226 3.769799 0.672320 17
6.562140 9.860749 3.671394 17
5.263688 8.479577 7.573179 8
5.663710 2.388627 5.457964 8
2.021244 3.702323 1.114250 8
1.621222 9.793273 3.229465 8
4.565368 10.337560 6.547889 8
6.362030 4.246610 6.483254 8
2.719564 1.844340 2.139540 8
0.922902 7.935290 2.204174 8
4.513828 9.140567 6.667514 6
6.413570 3.049617 6.363628 6
2.771104 3.041333 2.019914 6
0.871362 9.132283 2.323800 6
3.650831 8.171862 5.879825 6
7.276567 2.080912 7.151317 6
3.634101 4.010038 2.807603 6
0.008365 10.100988 1.536111 6
3.786569 8.336074 4.903185 1
7.140829 2.245124 8.127958 1
3.498363 3.845826 3.784244 1
0.144103 9.936776 0.559470 1
2.166390 8.338632 6.209774 6
0.490108 2.247682 6.821369 6
5.118542 3.843268 2.477655 6
6.794824 9.934218 1.866060 6
1.850211 9.200989 5.815365 1
0.806287 3.110039 7.215778 1
5.434721 2.980911 2.872064 1
6.478645 9.071861 1.471650 1
1.345082 7.205350 5.610081 6
1.311416 1.114400 7.421062 6
5.939850 4.976550 3.077348 6
5.973516 11.067500 1.266366 6
1.383326 7.310358 4.616499 1
1.273172 1.219408 8.414643 1
5.901606 4.871542 4.070929 1
6.011760 10.962492 0.272785 1
1.959514 5.865950 5.935946 6
0.696984 11.956900 7.095197 6
5.325418 6.315950 2.751482 6
6.587948 0.225000 1.592232 6
1.394961 5.101780 5.920483 1
1.261537 11.192730 7.110660 1
5.889971 7.080120 2.766946 1
6.023395 0.989170 1.576768 1
3.237619 5.686511 6.242004 6
-0.581120 11.777461 6.789138 6
4.047314 6.495389 2.445424 6
7.866053 0.404439 1.898290 6
3.531584 4.813069 6.472134 1
7.395814 10.904019 6.559009 1
3.753348 7.368831 2.215294 1
-0.110882 1.277881 2.128420 1
4.238496 6.801764 6.241135 6
6.688902 0.710814 6.790007 6
3.046436 5.380136 2.446293 6
0.596030 11.471086 1.897421 6
4.944334 6.581881 5.567773 1
5.983064 0.490931 7.463370 1
2.340598 5.600019 3.119656 1
1.301868 11.690969 1.224059 1
4.933706 7.060873 7.587513 6
5.993692 0.969923 5.443630 6
2.351226 5.121027 1.099915 6
1.291240 11.211977 3.243799 6
4.328454 6.848664 8.341669 1
6.598945 0.757714 4.689474 1
2.956478 5.333236 0.345760 1
0.685988 11.424186 3.997955 1
5.752727 6.511226 7.670999 1
5.174671 0.420276 5.360143 1
1.532205 5.670674 1.016429 1
2.110261 11.761624 3.327285 1
-0.129547 7.266747 6.009529 6
2.786045 1.175797 7.021614 6
7.414479 4.915153 2.677900 6
4.498887 11.006103 1.665814 6
7.634633 6.608681 5.489586 1
3.292765 0.517731 7.541557 1
-0.349701 5.573219 3.197842 1
3.992167 11.664169 1.145872 1
-0.479723 8.164309 5.830133 1
3.136221 2.073359 7.201009 1
7.764655 4.017591 2.857295 1
4.148711 10.108541 1.486419 1
-0.218104 7.066720 6.964711 1
2.874602 0.975770 6.066431 1
7.503036 5.115180 1.722717 1
4.410330 11.206130 2.620997 1
