9.808000 0.821142 15.610868 6
8.582000 7.082058 4.022368 6
2.452000 4.772742 19.154632 6
3.678000 3.130458 7.566132 6
2.452000 7.082058 7.566132 6
3.678000 0.821142 19.154632 6
9.808000 3.130458 4.022368 6
8.582000 4.772742 15.610868 6
9.285724 0.078242 16.003719 1
9.104276 7.824958 4.415219 1
2.974276 4.029842 18.761781 1
3.155724 3.873358 7.173281 1
2.974276 7.824958 7.173281 1
3.155724 0.078242 18.761781 1
9.285724 3.873358 4.415219 1
9.104276 4.029842 16.003719 1
9.183966 1.400447 15.104451 1
9.206034 6.502753 3.515951 1
3.076034 5.352047 19.661049 1
3.053966 2.551153 8.072549 1
3.076034 6.502753 8.072549 1
3.053966 1.400447 19.661049 1
9.183966 2.551153 3.515951 1
9.206034 5.352047 15.104451 1
11.833352 2.827765 16.091559 6
6.556648 5.075435 4.503059 6
0.426648 6.779365 18.673941 6
5.703352 1.123835 7.085441 6
0.426648 5.075435 7.085441 6
5.703352 2.827765 18.673941 6
11.833352 1.123835 4.503059 6
6.556648 6.779365 16.091559 6
11.459422 3.094103 15.213383 1
6.930578 4.809097 3.624883 1
0.800578 7.045703 19.552117 1
5.329422 0.857497 7.963617 1
0.800578 4.809097 7.963617 1
5.329422 3.094103 19.552117 1
11.459422 0.857497 3.624883 1
6.930578 7.045703 15.213383 1
11.978020 3.654440 16.617909 1
6.411980 4.248760 5.029409 1
0.281980 7.606040 18.147591 1
5.848020 0.297160 6.559091 1
0.281980 4.248760 6.559091 1
5.848020 3.654440 18.147591 1
11.978020 0.297160 5.029409 1
6.411980 7.606040 16.617909 1
0.925630 2.155993 15.860021 6
5.204370 5.747207 4.271521 6
11.334370 6.107593 18.905479 6
7.055630 1.795607 7.316979 6
11.334370 5.747207 7.316979 6
7.055630 2.155993 18.905479 6
0.925630 1.795607 4.271521 6
5.204370 6.107593 15.860021 6
0.766250 1.232899 15.540178 1
5.363750 6.670301 3.951679 1
11.493750 5.184499 19.225321 1
6.896250 2.718701 7.636821 1
11.493750 6.670301 7.636821 1
6.896250 1.232899 19.225321 1
0.766250 2.718701 3.951679 1
5.363750 5.184499 15.540178 1
1.397640 2.091977 16.729159 1
4.732360 5.811223 5.140659 1
10.862360 6.043577 18.036341 1
7.527640 1.859623 6.447841 1
10.862360 5.811223 6.447841 1
7.527640 2.091977 18.036341 1
1.397640 1.859623 5.140659 1
4.732360 6.043577 16.729159 1
1.847582 2.866491 14.856921 6
4.282418 5.036709 3.268421 6
10.412418 6.818091 19.908579 6
7.977582 1.085109 8.320079 6
10.412418 5.036709 8.320079 6
7.977582 2.866491 19.908579 6
1.847582 1.085109 3.268421 6
4.282418 6.818091 14.856921 6
2.626092 2.274541 14.698853 1
3.503908 5.628659 3.110353 1
9.633908 6.226141 20.066647 1
8.756092 1.677059 8.478147 1
9.633908 5.628659 8.478147 1
8.756092 2.274541 20.066647 1
2.626092 1.677059 3.110353 1
3.503908 6.226141 14.698853 1
2.192088 3.682891 15.299138 1
3.937912 4.220309 3.710638 1
10.067912 7.634491 19.466362 1
8.322088 0.268709 7.877862 1
10.067912 4.220309 7.877862 1
8.322088 3.682891 19.466362 1
2.192088 0.268709 3.710638 1
3.937912 7.634491 15.299138 1
1.018806 1.812204 12.275466 6
5.111194 6.090996 0.686966 6
11.241194 5.763804 22.490034 6
7.148806 2.139396 10.901534 6
11.241194 6.090996 10.901534 6
7.148806 1.812204 22.490034 6
1.018806 2.139396 0.686966 6
5.111194 5.763804 12.275466 6
0.516146 1.993187 11.442485 1
5.613854 5.910013 23.030985 1
11.743854 5.944787 0.146015 1
6.646146 1.958413 11.734515 1
11.743854 5.910013 11.734515 1
6.646146 1.993187 0.146015 1
0.516146 1.958413 23.030985 1
5.613854 5.944787 11.442485 1
1.915012 1.477108 12.024228 1
4.214988 6.426092 0.435728 1
10.344988 5.428708 22.741272 1
8.045012 2.474492 11.152772 1
10.344988 6.426092 11.152772 1
8.045012 1.477108 22.741272 1
1.915012 2.474492 0.435728 1
4.214988 5.428708 12.024228 1
0.302822 0.761078 13.065107 6
5.827178 7.142122 1.476607 6
11.957178 4.712678 21.700393 6
6.432822 3.190522 10.111893 6
11.957178 7.142122 10.111893 6
6.432822 0.761078 21.700393 6
0.302822 3.190522 1.476607 6
5.827178 4.712678 13.065107 6
0.991834 7.543604 13.485769 6
5.138166 0.359596 1.897269 6
11.268166 3.592004 21.279731 6
7.121834 4.311196 9.691231 6
11.268166 0.359596 9.691231 6
7.121834 7.543604 21.279731 6
0.991834 4.311196 1.897269 6
5.138166 3.592004 13.485769 6
1.846356 7.361040 13.113547 1
4.283644 0.542160 1.525047 1
10.413644 3.409440 21.651953 1
7.976356 4.493760 10.063453 1
10.413644 0.542160 10.063453 1
7.976356 7.361040 21.651953 1
1.846356 4.493760 1.525047 1
4.283644 3.409440 13.113547 1
0.473236 6.679785 14.432318 6
5.656764 1.223415 2.843818 6
11.786764 2.728185 20.333182 6
6.603236 5.175015 8.744682 6
11.786764 1.223415 8.744682 6
6.603236 6.679785 20.333182 6
0.473236 5.175015 2.843818 6
5.656764 2.728185 14.432318 6
0.909692 5.861013 14.633958 1
5.220308 2.042187 3.045458 1
11.350308 1.909413 20.131542 1
7.039692 5.993787 8.543042 1
11.350308 2.042187 8.543042 1
7.039692 5.861013 20.131542 1
0.909692 5.993787 3.045458 1
5.220308 1.909413 14.633958 1
11.559954 7.035429 15.077797 6
6.830046 0.867771 3.489297 6
0.700046 3.083829 19.687703 6
5.429954 4.819371 8.099203 6
0.700046 0.867771 8.099203 6
5.429954 7.035429 19.687703 6
11.559954 4.819371 3.489297 6
6.830046 3.083829 15.077797 6
11.238742 6.505914 15.797443 1
7.151258 1.397286 4.208943 1
1.021258 2.554314 18.968057 1
5.108742 5.348886 7.379557 1
1.021258 1.397286 7.379557 1
5.108742 6.505914 18.968057 1
11.238742 5.348886 4.208943 1
7.151258 2.554314 15.797443 1
10.847648 0.265548 14.676835 6
7.542352 7.637652 3.088335 6
1.412352 4.217148 20.088665 6
4.717648 3.686052 8.500165 6
1.412352 7.637652 8.500165 6
4.717648 0.265548 20.088665 6
10.847648 3.686052 3.088335 6
7.542352 4.217148 14.676835 6
11.268166 1.000545 13.579636 6
7.121834 6.902655 1.991136 6
0.991834 4.952145 21.185864 6
5.138166 2.951055 9.597364 6
0.991834 6.902655 9.597364 6
5.138166 1.000545 21.185864 6
11.268166 2.951055 1.991136 6
7.121834 4.952145 13.579636 6
10.387898 2.078542 12.965214 6
8.002102 5.824658 1.376714 6
1.872102 6.030142 21.800286 6
4.257898 1.873058 10.211786 6
1.872102 5.824658 10.211786 6
4.257898 2.078542 21.800286 6
10.387898 1.873058 1.376714 6
8.002102 6.030142 12.965214 6
9.452460 1.787704 12.986073 1
8.937540 6.115496 1.397573 1
2.807540 5.739304 21.779427 1
3.322460 2.163896 10.190927 1
2.807540 6.115496 10.190927 1
3.322460 1.787704 21.779427 1
9.452460 2.163896 1.397573 1
8.937540 5.739304 12.986073 1
10.662522 2.234235 12.038134 1
7.727478 5.668965 0.449634 1
1.597478 6.185835 22.727366 1
4.532522 1.717365 11.138866 1
1.597478 5.668965 11.138866 1
4.532522 2.234235 22.727366 1
10.662522 1.717365 0.449634 1
7.727478 6.185835 12.038134 1
10.482300 2.909168 13.477426 1
7.907700 4.994032 1.888926 1
1.777700 6.860768 21.288075 1
4.352300 1.042432 9.699574 1
1.777700 4.994032 9.699574 1
4.352300 2.909168 21.288075 1
10.482300 1.042432 1.888926 1
7.907700 6.860768 13.477426 1
10.600364 1.798373 16.958147 16
7.789636 6.104827 5.369647 16
1.659636 5.749973 17.807353 16
4.470364 2.153227 6.218853 16
1.659636 6.104827 6.218853 16
4.470364 1.798373 17.807353 16
10.600364 2.153227 5.369647 16
7.789636 5.749973 16.958147 16
1.197802 3.362970 13.220393 16
4.932198 4.540230 1.631893 16
11.062198 7.314570 21.545107 16
7.327802 0.588630 9.956607 16
11.062198 4.540230 9.956607 16
7.327802 3.362970 21.545107 16
1.197802 0.588630 1.631893 16
4.932198 7.314570 13.220393 16
