1.593349 2.280563 4.628349 5
5.276224 4.337437 10.220845 5
5.772400 10.955437 6.556642 5
2.089526 8.898563 0.964146 5
2.482079 3.080547 3.909154 9
6.164954 3.537453 9.501650 9
4.883670 10.155453 7.275837 9
1.200795 9.698547 1.683341 9
0.295880 2.525561 4.100418 9
3.978754 4.092439 9.692913 9
7.069870 10.710439 7.084573 9
3.386995 9.143561 1.492078 9
1.645305 2.629199 6.133849 7
5.342430 3.988801 0.541354 7
5.720444 10.606801 5.051142 7
2.023319 9.247199 10.643637 7
1.919082 0.810043 4.412479 7
5.601957 5.807957 10.004974 7
5.446667 12.425957 6.772512 7
1.763793 7.428043 1.180017 7
1.578065 1.984076 8.515134 6
5.275190 4.633924 2.922638 6
5.787684 11.251924 2.669857 6
2.090559 8.602076 8.262353 6
1.532165 2.937068 8.628102 1
5.229290 3.680932 3.035607 1
5.833584 10.298932 2.556889 1
2.136459 9.555068 8.149384 1
2.367175 1.647882 8.946874 1
6.064300 4.970118 3.354379 1
4.998574 11.588118 2.238117 1
1.301449 8.265882 7.830612 1
0.801928 1.577731 8.906608 1
4.499054 5.040269 3.314113 1
6.563821 11.658269 2.278383 1
2.866696 8.195731 7.870878 1
1.630852 1.657147 7.051018 6
5.327978 4.960853 1.458523 6
5.734897 11.578853 4.133973 6
2.037772 8.275147 9.726468 6
1.672638 0.313693 6.691980 6
5.369763 6.304307 1.099485 6
5.693111 12.922307 4.493011 6
1.995986 6.931693 10.085506 6
1.569214 12.903776 7.353013 1
5.266339 6.950224 1.760518 1
5.796536 0.332224 3.831978 1
2.099410 6.285776 9.424473 1
1.863971 13.145995 5.383336 6
5.546846 6.708005 10.975832 6
5.501778 0.090005 5.801655 6
1.818904 6.527995 0.209159 6
2.070986 11.691359 5.089171 6
5.753861 8.162641 10.681666 6
5.294763 1.544641 6.095820 6
1.611889 5.073359 0.503325 6
2.148945 11.564293 4.141802 1
5.831820 8.289707 9.734298 1
5.216804 1.671707 7.043189 1
1.533930 4.946293 1.450693 1
1.322972 11.188391 5.419128 1
5.005846 8.665609 11.011624 1
6.042778 2.047609 5.765863 1
2.359903 4.570391 0.173367 1
2.874857 11.388254 5.519793 1
6.557732 8.465746 11.112288 1
4.490892 1.847746 5.665198 1
0.808017 4.770254 0.072702 1
1.692741 4.040951 6.553286 6
5.389866 2.577049 0.960791 6
5.673009 9.195049 4.631705 6
1.975883 10.658951 10.224200 6
1.408891 4.075364 7.491707 1
5.106016 2.542636 1.899211 1
5.956858 9.160636 3.693284 1
2.259733 10.693364 9.285779 1
0.704851 4.910556 5.744611 6
4.401976 1.707444 0.152116 6
6.660898 8.325444 5.440380 6
2.963773 11.528556 11.032875 6
7.203600 4.535977 5.806129 1
3.520726 2.082023 0.213633 1
0.162149 8.700023 5.378862 1
3.845023 11.153977 10.971358 1
0.979084 4.934381 4.824087 1
4.661958 1.683619 10.416582 1
6.386666 8.301619 6.360904 1
2.703791 11.552381 0.768409 1
0.699233 5.802662 6.099176 1
4.396358 0.815338 0.506680 1
6.666516 7.433338 5.085815 1
2.969391 12.420662 10.678311 1
3.112734 4.591568 6.489532 6
6.809859 2.026432 0.897036 6
4.253016 8.644432 4.695459 6
0.555890 11.209568 10.287955 6
3.700281 4.022420 6.990619 1
0.017407 2.595580 1.398124 1
3.665468 9.213580 4.194372 1
7.348343 10.640420 9.786867 1
3.129970 5.477057 6.863110 1
6.827095 1.140943 1.270615 1
4.235780 7.758943 4.321880 1
0.538654 12.095057 9.914376 1
3.402457 4.624658 5.574599 1
7.085332 1.993342 11.167095 1
3.963292 8.611342 5.610391 1
0.280417 11.242658 0.017896 1
2.149625 0.391786 3.028896 6
5.832500 6.226214 8.621391 6
5.216124 12.844214 8.156095 6
1.533250 7.009786 2.563600 6
2.332677 12.685382 3.006526 1
6.015552 7.168618 8.599021 1
5.033072 0.550618 8.178465 1
1.350197 6.067382 2.585970 1
2.899890 0.870929 2.669857 1
6.582765 5.747071 8.262353 1
4.465859 12.365071 8.515134 1
0.782984 7.488929 2.922638 1
1.368753 0.578413 2.503201 1
5.051627 6.039587 8.095696 1
5.996997 12.657587 8.681790 1
2.314122 7.196413 3.089294 1
