-0.055194 6.202066 2.696195 8
5.360794 2.387706 8.551072 8
-0.682147 5.803854 2.303440 1
5.987746 2.785918 8.943827 1
8.398931 6.486332 3.840042 8
-3.093331 2.103440 7.407225 8
8.885746 7.161486 3.952290 1
-3.580146 1.428286 7.294978 1
-0.268972 7.549991 2.644233 6
5.574571 1.039781 8.603035 6
0.781035 8.385457 3.112119 6
4.524565 0.204315 8.135148 6
2.064944 7.920412 3.633992 6
3.240655 0.669360 7.613275 6
2.447826 6.565947 3.783581 6
2.857774 2.023825 7.463687 6
1.828073 5.882845 3.554136 1
3.477527 2.706928 7.693131 1
3.681466 6.213803 4.248093 6
1.624134 2.375969 6.999174 6
3.911911 5.293924 4.316701 1
1.393689 3.295848 6.930566 1
4.606804 7.184156 4.626001 6
0.698795 1.405616 6.621266 6
5.465474 6.929955 4.943174 1
-0.159874 1.659817 6.304093 1
4.270019 8.504362 4.534898 6
1.035581 0.085410 6.712369 6
4.894056 9.163777 4.812706 1
0.411543 -0.574004 6.434562 1
3.017230 8.905662 4.038894 6
2.288370 -0.315890 7.208374 6
2.707157 10.286194 3.935419 6
2.598442 -1.696422 7.311848 6
4.373829 -0.511513 4.223349 1
0.931771 9.101285 7.023918 1
2.566835 -0.729312 3.443913 6
2.738765 9.319084 7.803354 6
2.397588 0.204012 3.380929 1
2.908011 8.385760 7.866339 1
0.533133 9.778856 3.007519 6
4.772467 -1.189084 8.239748 6
-0.674964 10.259060 2.489020 6
5.980564 -1.669288 8.758247 6
0.219607 -0.240431 2.435033 1
5.085992 8.830203 8.812234 1
-1.686385 9.418191 2.051502 6
6.991985 -0.828418 9.195766 6
-1.462935 8.026194 2.127983 6
6.768535 0.563578 9.119284 6
8.964381 7.019370 1.591488 6
-3.658781 1.570403 9.655779 6
8.766878 6.844739 0.208074 6
-3.461278 1.745033 11.039193 6
2.751907 3.050469 11.051565 6
2.553692 5.539304 0.195702 6
2.590278 2.940618 10.121416 1
2.715322 5.649154 1.125851 1
7.126710 5.103132 0.707453 6
-1.821111 3.486641 10.539814 6
6.189433 4.141803 0.199077 6
-0.883833 4.447969 11.048191 6
0.969288 1.224066 10.508322 1
4.336311 7.365706 0.738945 1
5.504404 3.338473 1.026875 6
-0.198805 5.251299 10.220392 6
4.880847 2.719585 0.665838 1
0.424752 5.870187 10.581429 1
5.694901 3.397600 2.437283 6
-0.389301 5.192172 8.809984 6
4.973037 2.527944 3.283077 6
0.332563 6.061828 7.964190 6
4.364094 1.909319 2.898421 1
0.941505 6.680453 8.348846 1
5.127433 2.554128 4.633874 6
0.178166 6.035645 6.613393 6
4.630890 1.959569 5.183865 1
0.674709 6.630204 6.063402 1
6.025624 3.465188 5.205235 6
-0.720025 5.124585 6.042032 6
6.131159 3.492694 6.148881 1
-0.825560 5.097079 5.098386 1
6.751959 4.318312 4.415677 6
-1.446360 4.271460 6.831590 6
7.375623 4.908362 4.822828 1
-2.070023 3.681410 6.424439 1
6.600329 4.344124 3.013143 6
-1.294729 4.245648 8.234124 6
7.323176 5.237455 2.105488 6
-2.017576 3.352317 9.141779 6
8.246237 6.252436 2.501392 6
-2.940637 2.337336 8.745875 6
8.451278 10.024275 1.591488 6
-3.145678 -1.434503 9.655779 6
8.469754 11.163346 0.783935 6
-3.164154 -2.573574 10.463333 6
10.325554 0.036740 0.437519 1
-5.019955 8.553032 10.809749 1
8.340681 0.407673 0.476884 6
-3.035082 8.182099 10.770383 6
3.293732 -1.664377 11.177534 1
2.011867 10.254150 0.069733 1
7.134043 -0.033101 0.961641 6
-1.828444 8.622873 10.285626 6
6.340292 0.456006 0.778311 1
-1.034692 8.133766 10.468956 1
6.049092 10.259452 1.710709 6
-0.743492 -1.669680 9.536558 6
5.208751 9.938894 2.014386 1
0.096849 -1.349122 9.232882 1
7.211384 9.556005 2.031256 6
-1.905784 -0.966233 9.216011 6
7.158250 8.760383 2.548631 1
-1.852650 -0.170610 8.698636 1
4.416241 4.748466 10.403722 6
0.889358 3.841306 0.843545 6
5.810877 4.901191 10.423967 6
-0.505278 3.688582 0.823300 6
-5.109423 4.613385 11.180908 1
10.415022 3.976388 0.066359 1
6.466158 5.472644 9.341980 6
-1.160558 3.117128 1.905287 6
-4.007343 5.587915 9.370098 1
9.312942 3.001857 1.877169 1
5.765805 5.872490 8.228501 6
-0.460205 2.717282 3.018767 6
6.227521 6.229221 7.479433 1
-0.921921 2.360552 3.767835 1
4.380778 5.756075 8.200383 6
0.924821 2.833697 3.046885 6
3.889593 6.055035 7.444566 1
1.416007 2.534737 3.802701 1
3.724287 5.198922 9.284619 6
1.581313 3.390850 1.962648 6
2.778908 5.121977 9.263249 1
2.526692 3.467795 1.984018 1
-2.413324 8.207150 6.507669 6
7.718924 0.382622 4.739598 6
-3.668532 8.869970 6.166877 6
8.974132 -0.280198 5.080391 6
-2.541848 -1.424386 5.623634 8
8.218428 -0.377985 5.389690 6
-2.912828 8.967757 5.857577 6
8.638768 0.725229 4.466290 6
-3.333169 7.864544 6.780977 6
7.206667 -0.379375 6.022912 8
-1.901067 8.969147 5.224356 8
-1.878230 8.725972 7.187004 1
7.183830 -0.136200 4.060263 1
-1.804992 8.164136 5.792343 1
7.110592 0.425636 5.454925 1
-2.526213 7.241506 6.860833 1
7.831812 1.348266 4.386434 1
7.260612 8.991603 6.860833 1
-1.955013 -0.401831 4.386434 1
7.147898 8.312620 5.567397 1
-1.842299 0.277152 5.679870 1
8.600263 1.600349 4.836325 1
-3.294663 6.989424 6.410942 1
9.474126 0.575752 3.959038 1
-4.168527 8.014021 7.288229 1
8.006454 0.810003 3.711598 1
-2.700854 7.779770 7.535669 1
