4.117349 2.245577 6.385591 74
10.128271 2.245577 6.848246 74
12.373349 8.344077 6.385591 74
1.872271 8.344077 6.848246 74
7.861890 9.951423 20.082082 74
1.850969 9.951423 19.619427 74
-0.394110 3.852923 20.082082 74
10.106969 3.852923 19.619427 74
2.777859 1.352647 1.751631 8
11.467761 1.352647 11.482206 8
11.033859 7.451147 1.751631 8
3.211761 7.451147 11.482206 8
9.201381 10.844353 24.716042 8
0.511478 10.844353 14.985467 8
0.945381 4.745853 24.716042 8
8.767478 4.745853 14.985467 8
3.490179 1.329473 2.162409 1
10.755441 1.329473 11.071427 1
11.746179 7.427973 2.162409 1
2.499441 7.427973 11.071427 1
8.489060 10.867527 24.305264 1
1.223799 10.867527 15.396245 1
0.233060 4.769027 24.305264 1
9.479799 4.769027 15.396245 1
1.570286 3.954267 5.461075 8
12.675333 3.954267 7.772761 8
9.826286 10.052767 5.461075 8
4.419333 10.052767 7.772761 8
10.408953 8.242733 21.006598 8
-0.696094 8.242733 18.694911 8
2.152953 2.144233 21.006598 8
7.559906 2.144233 18.694911 8
4.685890 0.220766 3.992913 8
9.559730 0.220766 9.240923 8
12.941890 6.319266 3.992913 8
1.303730 6.319266 9.240923 8
7.293349 11.976234 22.474759 8
2.419510 11.976234 17.226749 8
-0.962651 5.877734 22.474759 8
10.675510 5.877734 17.226749 8
1.930464 0.225644 7.490351 8
12.315156 0.225644 5.743485 8
10.186464 6.324144 7.490351 8
4.059156 6.324144 5.743485 8
10.048775 11.971355 18.977321 8
-0.335916 11.971355 20.724188 8
1.792775 5.872855 18.977321 8
7.920084 5.872855 20.724188 8
6.273138 0.695229 8.107313 8
7.972482 0.695229 5.126523 8
14.529138 6.793729 8.107313 8
-0.283518 6.793729 5.126523 8
5.706101 11.501771 18.360360 8
4.006758 11.501771 21.341149 8
-2.549899 5.403271 18.360360 8
12.262758 5.403271 21.341149 8
3.812246 4.243336 8.824322 8
10.433373 4.243336 4.409514 8
12.068246 10.341836 8.824322 8
2.177373 10.341836 4.409514 8
8.166993 7.953664 17.643351 8
1.545866 7.953664 22.058158 8
-0.089007 1.855164 17.643351 8
9.801866 1.855164 22.058158 8
6.418482 4.061601 5.176018 8
7.827138 4.061601 8.057818 8
14.674482 10.160101 5.176018 8
-0.428862 10.160101 8.057818 8
5.560757 8.135399 21.291655 8
4.152102 8.135399 18.409854 8
-2.695243 2.036899 21.291655 8
12.408102 2.036899 18.409854 8
1.922393 3.368811 2.649149 6
12.323227 3.368811 10.584687 6
10.178393 9.467311 2.649149 6
4.067227 9.467311 10.584687 6
10.056847 8.828189 23.818523 6
-0.343988 8.828189 15.882986 6
1.800847 2.729689 23.818523 6
7.912012 2.729689 15.882986 6
2.997613 3.662759 3.736971 6
11.248007 3.662759 9.496866 6
11.253613 9.761259 3.736971 6
2.992007 9.761259 9.496866 6
8.981626 8.534241 22.730702 6
0.731233 8.534241 16.970807 6
0.725626 2.435741 22.730702 6
8.987233 2.435741 16.970807 6
3.948303 3.766434 3.652539 1
10.297317 3.766434 9.581297 1
12.204303 9.864934 3.652539 1
2.041317 9.864934 9.581297 1
8.030936 8.430566 22.815134 1
1.681923 8.430566 16.886375 1
-0.225064 2.332066 22.815134 1
9.937923 2.332066 16.886375 1
2.300996 4.787323 2.974172 6
11.944624 4.787323 10.259664 6
10.556996 10.885822 2.974172 6
3.688624 10.885822 10.259664 6
9.678243 7.409677 23.493500 6
0.034616 7.409677 16.208009 6
1.422243 1.311177 23.493500 6
8.290616 1.311177 16.208009 6
1.580644 5.361801 3.506967 1
12.664975 5.361801 9.726870 1
9.836644 11.460301 3.506967 1
4.408975 11.460301 9.726870 1
10.398595 6.835199 22.960706 1
-0.685736 6.835199 16.740803 1
2.142595 0.736699 22.960706 1
7.570264 0.736699 16.740803 1
3.022119 5.689901 2.031923 6
11.223501 5.689901 11.201913 6
11.278119 11.788400 2.031923 6
2.967501 11.788400 11.201913 6
8.957120 6.507099 24.435749 6
0.755739 6.507099 15.265759 6
0.701120 0.408599 24.435749 6
9.011739 0.408599 15.265759 6
4.399162 5.713075 1.868353 6
9.846458 5.713075 11.365483 6
12.655162 11.811575 1.868353 6
1.590458 11.811575 11.365483 6
7.580077 6.483925 24.599320 6
2.132782 6.483925 15.102189 6
-0.675923 0.385425 24.599320 6
10.388782 0.385425 15.102189 6
4.942069 5.125179 2.400618 1
9.303551 5.125179 10.833218 1
13.198069 11.223679 2.400618 1
1.047551 11.223679 10.833218 1
7.037170 7.071821 24.067055 1
2.675689 7.071821 15.634454 1
-1.218830 0.973321 24.067055 1
10.931689 0.973321 15.634454 1
4.979111 6.560766 0.950189 6
9.266509 6.560766 12.283647 6
13.235111 0.462266 0.950189 6
1.010509 0.462266 12.283647 6
7.000129 5.636234 25.517483 6
2.712730 5.636234 14.184026 6
-1.255871 11.734734 25.517483 6
10.968730 11.734734 14.184026 6
5.935544 6.587600 0.870786 1
8.310076 6.587600 12.363050 1
14.191544 0.489100 0.870786 1
0.054076 0.489100 12.363050 1
6.043695 5.609400 25.596886 1
3.669164 5.609400 14.104623 1
-2.212305 11.707900 25.596886 1
11.925164 11.707900 14.104623 1
4.221179 7.379185 0.169393 6
10.024441 7.379185 13.064443 6
12.477179 1.280685 0.169393 6
1.768441 1.280685 13.064443 6
7.758060 4.817815 26.298279 6
1.954799 4.817815 13.403229 6
-0.497940 10.916315 26.298279 6
10.210799 10.916315 13.403229 6
0.097756 7.940247 25.972727 1
9.615103 7.940247 13.728782 1
8.353756 1.841747 25.972727 1
1.359103 1.841747 13.728782 1
11.881484 4.256753 0.494945 1
2.364136 4.256753 12.738891 1
3.625484 10.355253 0.494945 1
10.620136 10.355253 12.738891 1
2.868976 7.399920 0.322906 6
11.376644 7.399920 12.910931 6
11.124976 1.301420 0.322906 6
3.120644 1.301420 12.910931 6
9.110264 4.797080 26.144767 6
0.602595 4.797080 13.556742 6
0.854264 10.895580 26.144767 6
8.858595 10.895580 13.556742 6
-2.185401 7.989035 26.240051 1
11.898260 7.989035 13.461458 1
6.070599 1.890535 26.240051 1
3.642260 1.890535 13.461458 1
14.164641 4.207965 0.227622 1
0.080979 4.207965 13.006214 1
5.908641 10.306465 0.227622 1
8.336979 10.306465 13.006214 1
2.264181 6.557107 1.270448 6
11.981439 6.557107 11.963388 6
10.520181 0.458607 1.270448 6
3.725439 0.458607 11.963388 6
9.715058 5.639893 25.197224 6
-0.002199 5.639893 14.504285 6
1.459058 11.738393 25.197224 6
8.253801 11.738393 14.504285 6
1.310856 6.572963 1.389553 1
12.934764 6.572963 11.844283 1
9.566856 0.474463 1.389553 1
4.678764 0.474463 11.844283 1
10.668384 5.624037 25.078120 1
-0.955525 5.624037 14.623389 1
2.412384 11.722537 25.078120 1
7.300475 11.722537 14.623389 1
2.529273 2.708954 1.419461 6
11.716347 2.708954 11.814375 6
10.785273 8.807454 1.419461 6
3.460347 8.807454 11.814375 6
9.449967 9.488046 25.048211 6
0.262893 9.488046 14.653298 6
1.193967 3.389546 25.048211 6
8.518893 3.389546 14.653298 6
3.361841 3.143167 1.214866 1
10.883779 3.143167 12.018970 1
11.617841 9.241667 1.214866 1
2.627779 9.241667 12.018970 1
8.617399 9.053833 25.252806 1
1.095460 9.053833 14.448702 1
0.361399 2.955333 25.252806 1
9.351460 2.955333 14.448702 1
1.673831 2.818727 0.166746 6
12.571789 2.818727 13.067090 6
9.929831 8.917227 0.166746 6
4.315789 8.917227 13.067090 6
10.305409 9.378273 26.300926 6
-0.592549 9.378273 13.400583 6
2.049409 3.279773 26.300926 6
7.663451 3.279773 13.400583 6
-2.556434 3.763994 25.668349 6
12.269294 3.763994 14.033160 6
5.699566 9.862494 25.668349 6
4.013294 9.862494 14.033160 6
14.535674 8.433006 0.799324 6
-0.290054 8.433006 12.434513 6
6.279674 2.334506 0.799324 6
7.965946 2.334506 12.434513 6
-1.818057 4.361647 25.811274 1
11.530916 4.361647 13.890235 1
6.437943 10.460147 25.811274 1
3.274916 10.460147 13.890235 1
13.797296 7.835353 0.656398 1
0.448323 7.835353 12.577438 1
5.541296 1.736853 0.656398 1
8.704323 1.736853 12.577438 1
-3.291864 3.851813 24.495831 6
13.004723 3.851813 15.205678 6
4.964136 9.950313 24.495831 6
4.748723 9.950313 15.205678 6
15.271103 8.345187 1.971842 6
-1.025483 8.345187 11.261995 6
7.015103 2.246687 1.971842 6
7.230517 2.246687 11.261995 6
-3.072576 4.520208 23.842079 1
12.785435 4.520208 15.859429 1
5.183424 10.618708 23.842079 1
4.529435 10.618708 15.859429 1
15.051816 7.676792 2.625593 1
-0.806196 7.676792 10.608243 1
6.795816 1.578292 2.625593 1
7.449804 1.578292 10.608243 1
12.181629 2.985826 24.273502 6
-2.468770 2.985826 15.428006 6
3.925629 9.084326 24.273502 6
5.787230 9.084326 15.428006 6
-0.202390 9.211174 2.194170 6
14.448010 9.211174 11.039666 6
8.053610 3.112674 2.194170 6
6.192010 3.112674 11.039666 6
11.664352 3.034614 23.466238 1
-1.951493 3.034614 16.235270 1
3.408352 9.133114 23.466238 1
6.304507 9.133114 16.235270 1
0.314887 9.162386 3.001434 1
13.930732 9.162386 10.232402 1
8.570887 3.063886 3.001434 1
5.674732 3.063886 10.232402 1
11.874504 2.044217 25.218398 6
-2.161645 2.044217 14.483110 6
3.618504 8.142717 25.218398 6
6.094355 8.142717 14.483110 6
0.104735 10.152783 1.249274 6
14.140884 10.152783 11.984562 6
8.360735 4.054283 1.249274 6
5.884884 4.054283 11.984562 6
11.136127 1.446564 25.075473 1
-1.423268 1.446564 14.626036 1
2.880127 7.545064 25.075473 1
6.832732 7.545064 14.626036 1
0.843113 10.750436 1.392200 1
13.402507 10.750436 11.841637 1
9.099113 4.651936 1.392200 1
5.146507 4.651936 11.841637 1
-3.923694 1.940543 26.401503 6
13.636553 1.940543 13.300005 6
4.332306 8.039043 26.401503 6
5.380553 8.039043 13.300005 6
15.902934 10.256457 0.066169 6
-1.657314 10.256457 13.167667 6
7.646934 4.157957 0.066169 6
6.598686 4.157957 13.167667 6
0.426559 1.258730 0.584936 1
13.819061 1.258730 12.648901 1
8.682559 7.357230 0.584936 1
5.563061 7.357230 12.648901 1
11.552681 10.938270 25.882737 1
-1.839822 10.938270 13.818772 1
3.296681 4.839770 25.882737 1
6.416178 4.839770 13.818772 1
0.564633 2.888250 3.047223 6
13.680987 2.888250 10.186613 6
8.820633 8.986750 3.047223 6
5.424987 8.986750 10.186613 6
11.414607 9.308750 23.420449 6
-1.701747 9.308750 16.281059 6
3.158607 3.210250 23.420449 6
6.554253 3.210250 16.281059 6
0.384347 1.641716 3.617866 6
13.861273 1.641716 9.615970 6
8.640347 7.740216 3.617866 6
5.605273 7.740216 9.615970 6
11.594893 10.555284 22.849806 6
-1.882034 10.555284 16.851702 6
3.338893 4.456784 22.849806 6
6.373966 4.456784 16.851702 6
1.145018 1.079434 3.784877 1
13.100601 1.079434 9.448959 1
9.401018 7.177935 3.784877 1
4.844601 7.177935 9.448959 1
10.834221 11.117565 22.682795 1
-1.121362 11.117565 17.018713 1
2.578221 5.019065 22.682795 1
7.134638 5.019065 17.018713 1
15.607102 1.205064 3.943683 6
-1.361482 1.205064 9.290153 6
7.351102 7.303564 3.943683 6
6.894518 7.303564 9.290153 6
-3.627862 10.991936 22.523989 6
13.340722 10.991936 17.177519 6
4.628138 4.893436 22.523989 6
5.084722 4.893436 17.177519 6
15.481318 0.339077 4.340698 1
-1.235699 0.339077 8.893138 1
7.225318 6.437577 4.340698 1
7.020301 6.437577 8.893138 1
-3.502079 11.857923 22.126974 1
13.214938 11.857923 17.574535 1
4.753921 5.759423 22.126974 1
4.958938 5.759423 17.574535 1
14.515174 2.013725 3.705474 6
-0.269554 2.013725 9.528362 6
6.259174 8.112225 3.705474 6
7.986446 8.112225 9.528362 6
-2.535934 10.183275 22.762198 6
12.248793 10.183275 16.939310 6
5.720066 4.084775 22.762198 6
3.992793 4.084775 16.939310 6
13.637674 1.705141 3.941036 1
0.607946 1.705141 9.292800 1
5.381674 7.803641 3.941036 1
8.863946 7.803641 9.292800 1
-1.658434 10.491859 22.526636 1
11.371293 10.491859 17.174873 1
6.597566 4.393359 22.526636 1
3.115293 4.393359 17.174873 1
14.688713 3.233425 3.154947 6
-0.443093 3.233425 10.078890 6
6.432713 9.331925 3.154947 6
7.812907 9.331925 10.078890 6
-2.709473 8.963575 23.312726 6
12.422332 8.963575 16.388783 6
5.546527 2.865075 23.312726 6
4.166332 2.865075 16.388783 6
13.921844 3.783509 2.985553 1
0.323776 3.783509 10.248283 1
5.665844 9.882009 2.985553 1
8.579776 9.882009 10.248283 1
-1.942604 8.413491 23.482119 1
11.655464 8.413491 16.219390 1
6.313396 2.314991 23.482119 1
3.399464 2.314991 16.219390 1
15.960066 3.676176 2.827541 6
-1.714446 3.676176 10.406295 6
7.704066 9.774676 2.827541 6
6.541554 9.774676 10.406295 6
-3.980827 8.520824 23.640131 6
13.693686 8.520824 16.061378 6
4.275173 2.422324 23.640131 6
5.437686 2.422324 16.061378 6
16.062707 4.549481 2.440319 1
-1.817087 4.549481 10.793517 1
7.806707 10.647981 2.440319 1
6.438913 10.647981 10.793517 1
-4.083467 7.647519 24.027353 1
13.796326 7.647519 15.674156 1
4.172533 1.549019 24.027353 1
5.540326 1.549019 15.674156 1
2.720727 3.390766 5.160931 6
11.524893 3.390766 8.072905 6
10.976727 9.489266 5.160931 6
3.268893 9.489266 8.072905 6
9.258513 8.806234 21.306741 6
0.454346 8.806234 18.394768 6
1.002513 2.707734 21.306741 6
8.710346 2.707734 18.394768 6
0.895286 3.711547 6.718289 6
13.350334 3.711547 6.515547 6
9.151286 9.810047 6.718289 6
5.094334 9.810047 6.515547 6
11.083953 8.485453 19.749383 6
-1.371094 8.485453 19.952126 6
2.827953 2.386953 19.749383 6
6.884906 2.386953 19.952126 6
1.533788 3.690812 7.434769 1
12.711832 3.690812 5.799067 1
9.789788 9.789312 7.434769 1
4.455832 9.789312 5.799067 1
10.445452 8.506188 19.032903 1
-0.732593 8.506188 20.668605 1
2.189452 2.407688 19.032903 1
7.523407 2.407688 20.668605 1
0.260584 4.414094 6.876301 1
13.985036 4.414094 6.357535 1
8.516584 10.512594 6.876301 1
5.729036 10.512594 6.357535 1
11.718655 7.782906 19.591371 1
-2.005796 7.782906 20.110138 1
3.462655 1.684406 19.591371 1
6.250204 1.684406 20.110138 1
0.435385 2.869954 6.675147 1
13.810235 2.869954 6.558689 1
8.691385 8.968454 6.675147 1
5.554235 8.968454 6.558689 1
11.543854 9.327046 19.792526 1
-1.830995 9.327046 19.908983 1
3.287854 3.228546 19.792526 1
6.425005 3.228546 19.908983 1
4.450894 0.947707 4.815528 6
9.794726 0.947707 8.418308 6
12.706894 7.046207 4.815528 6
1.538726 7.046207 8.418308 6
7.528346 11.249293 21.652144 6
2.184513 11.249293 18.049365 6
-0.727654 5.150793 21.652144 6
10.440513 5.150793 18.049365 6
2.690600 0.968442 7.101277 6
11.555020 0.968442 6.132560 6
10.946600 7.066942 7.101277 6
3.299020 7.066942 6.132560 6
9.288640 11.228558 19.366396 6
0.424219 11.228558 20.335113 6
1.032640 5.130058 19.366396 6
8.680219 5.130058 20.335113 6
5.504114 1.256291 7.487705 6
8.741506 1.256291 5.746132 6
13.760114 7.354791 7.487705 6
0.485506 7.354791 5.746132 6
6.475125 10.940709 18.979968 6
3.237734 10.940709 20.721541 6
-1.780875 4.842209 18.979968 6
11.493734 4.842209 20.721541 6
3.893675 3.531031 7.953536 6
10.351945 3.531031 5.280301 6
12.149675 9.629531 7.953536 6
2.095945 9.629531 5.280301 6
8.085564 8.665968 18.514137 6
1.627295 8.665968 21.187372 6
-0.170436 2.567468 18.514137 6
9.883295 2.567468 21.187372 6
5.597259 3.433455 5.613264 6
8.648361 3.433455 7.620572 6
13.853259 9.531955 5.613264 6
0.392361 9.531955 7.620572 6
6.381981 8.763545 20.854409 6
3.330878 8.763545 18.847100 6
-1.874019 2.665045 20.854409 6
11.586878 2.665045 18.847100 6
