0.187823 0.216295 1.565793 17
2.963577 12.582205 17.484793 17
3.339223 6.182955 30.272207 17
6.114977 6.615545 14.353207 17
0.259045 3.639893 29.332031 17
2.892355 9.158607 13.413031 17
3.410445 2.759357 2.505969 17
6.043755 10.039143 18.424969 17
2.570282 0.627127 25.416275 8
0.581118 12.171373 9.497275 8
5.721682 5.772124 6.421725 8
3.732518 7.026377 22.340725 8
1.706798 11.279318 29.771714 8
1.444602 1.519182 13.852714 8
4.858198 7.918432 2.066286 8
4.596002 4.880068 17.985286 8
6.136406 10.332229 30.465782 8
3.317794 2.466271 14.546782 8
2.985006 8.865521 1.372218 8
0.166394 3.932979 17.291218 8
3.677684 10.892803 31.576928 7
5.776516 1.905697 15.657928 7
0.526284 8.304947 0.261072 7
2.625116 4.493553 16.180072 7
3.769074 0.862619 25.505422 6
5.685126 11.935881 9.586422 6
0.617674 5.536631 6.332578 6
2.533726 7.261869 22.251578 6
4.336326 1.859622 24.534363 6
5.117874 10.938878 8.615363 6
1.184926 4.539628 7.303637 6
1.966474 8.258872 23.222637 6
4.021186 3.208584 24.559833 6
5.433014 9.589916 8.640833 6
0.869786 3.190666 7.278167 6
2.281614 9.607834 23.197167 6
4.588438 3.953457 23.470974 6
4.865762 8.845043 7.551974 6
1.437038 2.445793 8.367026 6
1.714362 10.352707 24.286026 6
5.439316 3.302013 22.547672 6
4.014884 9.496487 6.628672 6
2.287916 3.097237 9.290328 6
0.863484 9.701263 25.209328 6
5.779668 2.060558 22.563591 6
3.674532 10.737941 6.644591 6
2.628268 4.338692 9.274409 6
0.523132 8.459809 25.193409 6
5.250232 1.313126 23.614245 6
4.203968 11.485374 7.695245 6
2.098832 5.086124 8.223755 6
1.052568 7.712376 24.142755 6
3.069464 3.801154 25.569098 6
0.081936 8.997346 9.650098 6
6.220864 2.598096 6.268902 6
3.233336 10.200404 22.187902 6
1.682848 3.893304 25.027852 6
1.468552 8.905196 9.108852 6
4.834248 2.505946 6.810148 6
4.619952 10.292554 22.729148 6
3.479146 4.325893 26.661141 6
5.975054 8.472607 10.742141 6
0.327746 2.073357 5.176859 6
2.823654 10.725143 21.095859 6
0.422288 1.382238 21.538407 6
2.729112 11.416262 5.619407 6
3.573688 5.017012 10.299593 6
5.880512 7.781488 26.218593 6
1.789995 1.651007 21.662575 6
1.361405 11.147494 5.743575 6
4.941395 4.748244 10.175425 6
4.512805 8.050256 26.094425 6
6.094808 1.113469 20.261703 6
3.359392 11.685031 4.342703 6
2.943408 5.285781 11.576297 6
0.207992 7.512720 27.495297 6
4.607347 0.167660 26.514686 6
4.846853 12.630840 10.595686 6
1.455947 6.231590 5.323314 6
1.695453 6.566910 21.242314 6
5.880512 0.575932 26.807596 6
3.573688 12.222568 10.888596 6
2.729112 5.823318 5.030404 6
0.422288 6.975183 20.949404 6
0.289929 12.748586 27.832780 6
2.861471 0.049914 11.913780 6
3.441329 6.449164 4.005220 6
6.012871 6.349336 19.924220 6
6.012871 11.685031 28.555502 6
3.441329 1.113469 12.636502 6
2.861471 7.512720 3.282498 6
0.289929 5.285781 19.201498 6
4.739706 11.297236 28.237122 6
4.714494 1.501264 12.318122 6
1.588306 7.900514 3.600878 6
1.563094 4.897986 19.519878 6
4.008581 11.923083 27.240593 6
5.445619 0.875417 11.321593 6
0.857181 7.274667 4.597407 6
2.294219 5.523833 20.516407 6
0.485316 11.074542 29.669832 6
2.666084 1.723958 13.750832 6
3.636716 8.123208 2.168168 6
5.817484 4.675292 18.087168 6
4.443474 0.398033 31.653340 6
5.010726 12.400467 15.734340 6
1.292074 6.001217 0.184660 6
1.859326 6.797283 16.103660 6
3.844708 1.034119 30.558112 6
5.609492 11.764381 14.639112 6
0.693308 5.365131 1.279888 6
2.458092 7.433369 17.198888 6
4.481291 2.019603 29.857676 6
4.972909 10.778897 13.938676 6
1.329891 4.379647 1.980324 6
1.821509 8.418853 17.899324 6
5.716640 2.450913 30.246100 6
3.737560 10.347587 14.327100 6
2.565240 3.948337 1.591900 6
0.586160 8.850163 17.510900 6
0.069331 1.869861 31.334960 6
3.082069 10.928639 15.415960 6
3.220731 4.529389 0.503040 6
6.233469 8.269111 16.422040 6
5.685126 0.852380 0.191028 6
3.769074 11.946120 16.110028 6
2.533726 5.546870 31.646972 6
0.617674 7.251630 15.727972 6
3.731258 12.129138 0.557165 6
5.722942 0.669362 16.476165 6
0.579858 7.068612 31.280835 6
2.571542 5.729888 15.361835 6
4.560076 10.579240 31.395452 1
4.894124 2.219260 15.476452 1
1.408676 8.618510 0.442548 1
1.742724 4.179990 16.361548 1
3.199932 10.220882 0.213315 1
6.254268 2.577618 16.132315 1
0.048532 8.976868 31.624685 1
3.102868 3.821632 15.705685 1
3.235858 11.054064 30.742773 1
6.218342 1.744436 14.823773 1
0.084458 8.143686 1.095227 1
3.066942 4.654814 17.014227 1
4.411330 4.892867 23.359541 1
5.042870 7.905633 7.440541 1
1.259930 1.506383 8.478459 1
1.891470 11.292117 24.397459 1
5.787231 3.806274 21.837684 1
3.666969 8.992226 5.918684 1
2.635831 2.592976 10.000316 1
0.515569 10.205524 25.919316 1
5.495411 0.403153 23.706575 1
3.958789 12.395347 7.787575 1
2.344011 5.996097 8.131425 1
0.807389 6.802403 24.050425 1
2.885422 2.933416 25.932051 1
0.265978 9.865084 10.013051 1
6.036822 3.465834 5.905949 1
3.417378 9.332666 21.824949 1
3.278086 4.666333 25.110631 1
6.176114 8.132167 9.191631 1
0.126686 1.732917 6.727369 1
3.024714 11.065583 22.646369 1
1.382834 3.006368 24.779515 1
1.768566 9.792132 8.860515 1
4.534234 3.392882 7.058485 1
4.919966 9.405618 22.977485 1
1.626122 4.444919 24.254188 1
1.525278 8.353581 8.335188 1
4.777522 1.954331 7.583812 1
4.676678 10.844169 23.502812 1
1.127571 4.224785 25.706001 1
2.023829 8.573715 9.787001 1
4.278971 2.174465 6.131999 1
5.175229 10.624035 22.050999 1
3.968873 3.597658 27.125976 1
5.485327 9.200842 11.206976 1
0.817473 2.801592 4.712024 1
2.333927 9.996908 20.631024 1
4.013623 5.040049 26.556076 1
5.440577 7.758451 10.637076 1
0.862223 1.359201 5.281924 1
2.289177 11.439299 21.200924 1
2.701380 4.490994 27.173733 1
0.450020 8.307506 11.254733 1
5.852780 1.908256 4.664267 1
3.601420 10.890244 20.583267 1
0.412203 0.492742 21.879074 1
2.739197 12.305758 5.960074 1
3.563603 5.906508 9.958926 1
5.890597 6.891992 25.877926 1
2.296110 0.950929 21.267784 1
0.855290 11.847571 5.348784 1
5.447510 5.448321 10.570216 1
4.006690 7.350179 26.489216 1
2.015005 1.709880 22.592245 1
1.136395 11.088620 6.673245 1
5.166405 4.689370 9.245755 1
4.287795 8.109130 25.164755 1
1.996097 2.472670 21.239130 1
1.155303 10.325830 5.320130 1
5.147497 3.926580 10.598870 1
4.306703 8.871920 26.517870 1
5.828829 1.955611 19.876463 1
3.625371 10.842889 3.957463 1
2.677429 4.443639 11.961537 1
0.473971 8.354861 27.880537 1
0.400858 0.688559 19.688619 1
2.750542 12.109941 3.769619 1
3.552258 5.710691 12.149381 1
5.901942 7.087809 28.068381 1
5.327127 0.582332 20.395423 1
4.127073 12.216168 4.476423 1
2.175727 5.816918 11.442577 1
0.975673 6.981582 27.361577 1
6.283892 1.279850 26.307739 1
3.170308 11.518650 10.388739 1
3.132492 5.119400 5.530261 1
0.018908 7.679100 21.449261 1
1.169169 0.243172 28.039727 1
1.982231 12.555328 12.120727 1
4.320569 6.156079 3.798273 1
5.133631 6.642422 19.717273 1
4.344520 10.579240 28.714692 1
5.109680 2.219260 12.795692 1
1.193120 8.618510 3.123308 1
1.958280 4.179990 19.042308 1
3.126819 11.640236 27.049565 1
0.024581 1.158264 11.130565 1
6.278219 7.557514 4.788435 1
3.175981 5.240986 20.707435 1
2.970510 0.774309 30.290673 1
0.180890 12.024191 14.371673 1
6.121910 5.624941 1.547327 1
3.332290 7.173559 17.466327 1
4.054591 2.409958 29.106300 1
5.399609 10.388542 13.187300 1
0.903191 3.989292 2.731700 1
2.248209 8.809208 18.650700 1
0.943529 2.152708 31.586480 1
2.207871 10.645792 15.667480 1
4.094929 4.246542 0.251520 1
5.359271 8.551958 16.170520 1
2.843823 12.417105 0.703620 1
0.307577 0.381395 16.622620 1
5.995223 6.780645 31.134380 1
3.458977 6.017855 15.215380 1
4.180647 11.953799 1.340380 1
5.273553 0.844701 17.259380 1
1.029247 7.243951 30.497620 1
2.122153 5.554549 14.578620 1
