8.284023 6.585776 2.660481 17
2.979196 9.543354 9.052475 17
7.631098 8.152704 5.212851 17
3.632121 7.976426 6.500105 17
8.890208 7.465149 7.869584 17
2.373011 8.663981 3.843372 17
1.804290 5.861726 9.276192 17
9.458929 10.267404 2.436763 17
5.603583 10.815167 5.797679 17
5.659636 5.313963 5.915277 17
5.293250 10.517356 2.872368 17
5.969969 5.611774 8.840588 17
3.439475 11.082682 0.569952 17
7.823744 5.046448 11.143003 17
0.928182 2.568851 0.531065 17
10.335037 13.560279 11.181890 17
4.243233 14.239220 9.198418 17
7.019985 1.889910 2.514537 17
5.028157 12.633714 8.207034 17
6.235062 3.495416 3.505922 17
9.025740 6.114489 4.146386 6
2.237479 10.014641 7.566569 6
8.731193 6.835427 5.315339 6
2.532026 9.293704 6.397616 6
9.341414 6.503723 6.484292 6
1.921805 9.625407 5.228663 6
1.825541 4.984274 7.769204 6
9.437678 11.144856 3.943752 6
2.613773 3.889318 7.785602 6
8.649446 12.239812 3.927354 6
4.374579 12.970288 6.640075 6
6.888639 3.158842 5.072881 6
4.591904 12.217433 5.541399 6
6.671315 3.911697 6.171556 6
4.132963 11.761650 3.081679 6
7.130256 4.367480 8.631277 6
2.650245 1.066382 1.985346 6
8.612974 15.062748 9.727610 6
1.831166 2.204531 1.959577 6
9.432053 13.924599 9.753378 6
1.220862 4.447852 2.882558 6
10.042357 11.681278 8.830397 6
9.581474 4.392288 2.291054 1
1.681744 11.736842 9.421902 1
0.786018 5.074012 4.179183 6
10.477201 11.055118 7.533773 6
1.110980 5.427732 6.596737 6
10.152239 10.701398 5.116219 6
2.808923 3.123431 6.611963 6
8.454296 13.005699 5.100992 6
3.988634 12.521371 4.276400 6
7.274585 3.607759 7.436556 6
1.799879 3.070468 3.030142 6
9.463340 13.058662 8.682814 6
1.355130 4.666250 5.405529 6
9.908089 11.462880 6.307427 6
2.221688 3.508603 5.404358 6
9.041531 12.620528 6.308598 6
2.422673 2.694905 4.229548 6
8.840546 13.434225 7.483407 6
2.266604 5.347128 2.218434 6
8.996615 10.782002 9.494522 6
2.073187 5.889674 0.973347 6
9.190032 10.239456 10.739609 6
1.272219 5.724955 0.529426 1
9.990999 10.404175 11.183530 1
3.027576 6.668016 0.359588 6
8.235643 9.461114 11.353368 6
4.239151 12.155410 11.231553 1
7.024068 3.973720 0.481402 1
4.236634 6.927798 0.962805 6
7.026585 9.201332 10.750151 6
4.436011 6.392735 2.197350 6
6.827208 9.736395 9.515605 6
5.239248 6.558189 2.635415 1
6.023971 9.570941 9.077541 1
3.473956 5.604049 2.825165 6
7.789263 10.525081 8.887791 6
3.651138 5.247507 3.666155 1
7.612081 10.881624 8.046801 1
5.283124 7.748106 0.274083 6
5.980095 8.381024 11.438873 6
6.053647 7.825308 0.842162 1
5.209572 8.303822 10.870794 1
4.933871 8.622389 0.087847 1
6.329348 7.506741 11.625109 1
6.920870 12.451239 11.163618 1
4.342349 3.677891 0.549338 1
