0.757539 6.593790 5.721131 6
12.088420 15.518790 5.324945 6
12.223434 11.256210 1.642920 6
0.892552 2.331210 2.039106 6
0.909120 7.816515 5.345565 7
11.936838 16.741515 5.700512 7
12.071852 10.033485 2.018486 7
1.044134 1.108485 1.663539 7
-0.185022 8.639400 5.551758 6
13.030981 17.564400 5.494318 6
13.165995 9.210600 1.812293 6
-0.050009 0.285600 1.869733 6
11.805320 8.053920 6.034840 6
1.040639 16.978920 5.011237 6
1.175652 9.796080 1.329211 6
11.940334 0.871080 2.352814 6
11.747251 6.802635 6.389787 7
1.098707 15.727635 4.656289 7
1.233721 11.047365 0.974264 7
11.882265 2.122365 2.707762 7
12.894267 6.083280 6.259443 7
-0.048308 15.008280 4.786633 7
0.086705 11.766720 1.104608 7
13.029281 2.841720 2.577418 7
12.904099 5.269320 6.533386 1
-0.058140 14.194320 4.512690 1
0.076874 12.580680 0.830665 1
13.039112 3.655680 2.851361 1
-0.126163 9.919245 5.319790 7
12.972121 0.994245 5.726286 7
13.107135 7.930755 2.044261 7
0.008851 16.855755 1.637765 7
1.213760 10.219125 4.879420 8
11.632199 1.294125 6.166656 8
11.767213 7.630875 2.484631 8
1.348774 16.555875 1.197395 8
1.382159 11.477550 4.442732 6
11.463800 2.552550 6.603344 6
11.598813 6.372450 2.921319 6
1.517173 15.297450 0.760706 6
0.504426 12.289725 4.384556 8
12.341533 3.364725 6.661520 8
12.476547 5.560275 2.979495 8
0.639440 14.485275 0.702530 8
2.779765 11.681040 4.019299 6
10.066194 2.756040 7.026777 6
10.201208 6.168960 3.344752 6
2.914779 15.093960 0.337274 6
3.143735 12.928755 3.525171 6
9.972251 4.003755 0.156854 6
9.837238 4.921245 3.838880 6
3.008721 13.846245 7.207197 6
2.517287 13.615980 3.516334 1
10.598700 4.690980 0.165691 1
10.463686 4.234020 3.847717 1
2.382273 13.159020 7.198360 1
4.418807 13.162590 3.046508 6
8.697180 4.237590 0.635518 6
8.562166 4.687410 4.317543 6
4.283793 13.612410 6.728533 6
4.657037 14.003325 2.729117 1
8.458949 5.078325 0.952908 1
8.323936 3.846675 4.634934 1
4.522023 12.771675 6.411143 1
5.319794 12.139785 3.048717 6
7.796193 3.214785 0.633308 6
7.661179 5.710215 4.315334 6
5.184780 14.635215 6.730743 6
7.049200 12.415568 2.347144 35
6.066786 3.490567 1.334882 35
5.931772 5.434433 5.016907 35
6.914186 14.359433 6.029169 35
4.997984 10.900995 3.549473 6
8.118003 1.975995 0.132553 6
7.982989 6.949005 3.814578 6
4.862970 15.874005 7.231498 6
5.633384 10.220910 3.567146 1
7.482603 1.295910 0.114879 1
7.347589 7.629090 3.796905 1
5.498370 16.554090 7.249172 1
3.721668 10.677870 4.025927 6
9.124291 1.752870 7.020150 6
9.259305 7.172130 3.338124 6
3.856682 16.097130 0.343901 6
3.494878 9.838920 4.356573 1
9.351081 0.913920 6.689504 1
9.486095 8.011080 3.007478 1
3.629891 16.936080 0.674547 1
1.910258 5.633460 5.543658 6
10.935701 14.558460 5.502419 6
11.070715 12.216540 1.820393 6
2.045272 3.291540 1.861632 6
2.620697 5.926200 4.490598 9
10.225261 14.851200 6.555478 9
10.360275 11.923800 2.873453 9
2.755711 2.998800 0.808573 9
1.532328 4.392885 5.442770 9
11.313630 13.317885 5.603306 9
11.448644 13.457115 1.921281 9
1.667342 4.532115 1.760745 9
2.743720 5.694150 6.556215 9
10.102239 14.619150 4.489862 9
10.237253 12.155850 0.807836 9
2.878733 3.230850 2.874189 9
10.532717 8.814330 6.157083 6
2.313242 17.739330 4.888993 6
2.448256 9.035670 1.206968 6
10.667731 0.110670 2.475058 6
10.232688 9.904965 5.377230 6
2.613271 0.979965 5.668846 6
2.748284 7.945035 1.986821 6
10.367702 16.870035 1.695205 6
10.865431 10.235190 4.780742 1
1.980527 1.310190 6.265335 1
2.115541 7.614810 2.583309 1
11.000445 16.539810 1.098716 1
8.994157 10.519005 5.473699 6
3.851801 1.594005 5.572377 6
3.986815 7.330995 1.890352 6
9.129171 16.255995 1.791674 6
8.798310 11.243715 4.924341 1
4.047649 2.318715 6.121736 1
4.182662 6.606285 2.439710 1
8.933324 15.531285 1.242315 1
8.057847 10.076325 6.362540 6
4.788112 1.151325 4.683536 6
4.923126 7.773675 1.001511 6
8.192861 16.698675 2.680515 6
7.228824 10.492230 6.421452 1
5.617134 1.567230 4.624624 1
5.752148 7.357770 0.942599 1
7.363838 16.282770 2.739427 1
8.360825 9.005325 7.170376 6
4.485134 0.080325 3.875700 6
4.620147 8.844675 0.193675 6
8.495839 17.769675 3.488351 6
8.010199 8.714370 0.434479 1
5.105787 17.639370 3.247546 1
4.970773 9.135630 6.929572 1
7.875185 0.210630 4.116504 1
9.580019 8.355585 7.059179 6
3.265940 17.280585 3.986897 6
3.400953 9.494415 0.304872 6
9.715033 0.569415 3.377154 6
10.030695 7.613025 0.225340 1
3.085291 16.538025 3.456686 1
2.950278 10.236975 7.138711 1
9.895681 1.311975 3.907365 1
