-0.200315 3.028522 19.814108 16
3.838117 7.732072 7.177280 16
1.189547 3.337639 19.952304 8
2.448255 8.041189 7.039084 8
-0.629374 1.866369 20.559070 8
4.267176 6.569919 6.432318 8
-1.116885 4.340436 20.171744 7
4.754687 9.043986 6.819644 7
-1.379357 4.715403 21.657619 16
5.017159 0.011853 5.333768 16
-0.250037 4.880403 22.546986 8
3.887839 0.176853 4.444402 8
3.415265 3.512611 22.376130 6
0.222537 8.216161 4.615257 6
2.516384 3.639607 21.981786 1
1.121419 8.343157 5.009602 1
3.725584 2.605767 22.130239 1
-0.087782 7.309317 4.861149 1
3.297724 3.592571 23.905462 6
0.340078 8.296121 3.085925 6
-1.688570 3.589749 24.286850 1
5.326373 8.293299 2.704537 1
2.606365 4.817376 24.387798 6
1.031437 0.113826 2.603589 6
1.673230 4.890751 24.224770 1
1.964572 0.187201 2.766617 1
3.194587 5.807003 25.025065 6
0.443215 1.103453 1.966323 6
-1.784392 5.768434 25.207257 1
5.422194 1.064884 1.784131 1
2.686995 6.560512 25.304426 1
0.950808 1.856962 1.686962 1
-0.515104 2.831537 18.064796 6
4.152906 7.535087 8.926592 6
-1.277205 1.756306 17.576252 6
4.915007 6.459856 9.415136 6
-1.205695 1.485381 16.193483 6
4.843497 6.188931 10.797905 6
4.205384 0.754449 15.849343 1
-0.567581 5.457999 11.142045 1
-0.449987 2.227601 15.325980 6
4.087790 6.931151 11.665408 6
0.184834 3.375267 15.823971 6
3.452969 8.078817 11.167417 6
0.644658 3.947219 15.220443 1
2.993145 8.650769 11.770944 1
0.161379 3.701694 17.176509 6
3.476423 8.405244 9.814878 6
3.731302 0.826884 18.391122 6
-0.093499 5.530434 8.600266 6
3.551346 1.264314 19.271851 1
0.086457 5.967864 7.719537 1
-1.458021 8.912287 18.656717 6
5.095823 4.208737 8.334671 6
3.871511 8.323402 19.182779 1
-0.233709 3.619852 7.808608 1
-0.631563 9.085377 19.153089 1
4.269366 4.381827 7.838299 1
-1.241965 8.481441 17.803519 1
4.879767 3.777891 9.187868 1
2.399174 0.561604 17.716067 6
1.238628 5.265154 9.275320 6
1.861240 9.371353 18.278568 1
1.776563 4.667803 8.712820 1
2.552283 0.140166 16.845325 1
1.085519 4.843716 10.146063 1
1.922149 1.408243 17.590287 1
1.715654 6.111793 9.401100 1
-0.274590 1.761009 13.888688 6
3.912392 6.464559 13.102699 6
-1.075195 1.212575 13.646846 1
4.712997 5.916125 13.344542 1
0.944972 0.857928 13.808794 6
2.692830 5.561478 13.182594 6
1.062299 0.549375 12.885688 1
2.575504 5.252925 14.105699 1
0.818591 0.085605 14.397206 1
2.819212 4.789155 12.594181 1
1.739940 1.357445 14.089504 1
1.897862 6.060995 12.901883 1
-0.151059 2.879513 12.863825 6
3.788862 7.583063 14.127562 6
-0.053759 2.492882 11.967981 1
3.691562 7.196432 15.023406 1
0.635246 3.426066 13.071929 1
3.002556 8.129616 13.919459 1
-0.955046 3.438295 12.893786 1
4.592848 8.141845 14.097602 1
0.886811 5.001755 17.574092 6
2.750992 0.298205 9.417295 6
0.678827 5.187075 18.534986 1
2.958975 0.483525 8.456402 1
0.360145 6.171998 16.746267 6
3.277657 1.468448 10.245121 6
0.823193 6.994179 17.009972 1
2.814610 2.290629 9.981415 1
-0.602195 6.274536 16.902007 1
4.239997 1.570986 10.089381 1
0.521186 5.997967 15.795360 1
3.116616 1.294417 11.196028 1
2.400623 4.870996 17.439135 6
1.237179 0.167446 9.552252 6
2.825639 5.715754 17.698253 1
0.812163 1.012204 9.293135 1
2.629158 4.663099 16.507933 1
1.008644 9.366649 10.483455 1
2.720348 4.151353 18.022149 1
0.917454 8.854903 8.969238 1
3.614454 6.219975 21.526711 6
0.023349 1.516425 5.464676 6
2.415199 6.240670 20.831953 6
1.222604 1.537120 6.159435 6
2.103842 5.463644 20.381197 1
1.533960 0.760094 6.610191 1
1.683296 7.407151 20.806041 6
1.954506 2.703601 6.185346 6
0.857408 7.431609 20.338010 1
2.780395 2.728059 6.653377 1
2.136827 8.550113 21.456534 6
1.500975 3.846563 5.534854 6
1.627933 9.351598 21.428463 1
2.009870 4.648048 5.562925 1
3.336560 8.507781 22.145624 6
0.301243 3.804231 4.845764 6
3.648530 9.288571 22.589092 1
-0.010728 4.585021 4.402295 1
-1.819009 7.344123 22.199876 6
5.456811 2.640573 4.791511 6
-1.001304 7.314020 22.680863 1
4.639106 2.610470 4.310525 1
2.582792 2.355538 24.408042 6
1.055011 7.059088 2.583346 6
3.151244 1.600148 25.413471 6
0.486558 6.303698 1.577917 6
-1.910774 1.848495 25.760580 1
5.548576 6.552045 1.230807 1
2.500759 0.475059 25.929816 6
1.137044 5.178609 1.061571 6
2.909166 9.361005 26.610809 1
0.728636 4.657455 0.380579 1
1.267545 0.134522 25.441812 6
2.370257 4.838072 1.549576 6
0.669995 0.855105 24.402913 6
2.967808 5.558655 2.588474 6
-0.170259 0.586062 24.049326 1
3.808061 5.289612 2.942061 1
1.324413 1.967025 23.896015 6
2.313390 6.670575 3.095372 6
0.923257 2.472186 23.199098 1
2.714546 7.175736 3.792290 1
0.558388 8.405244 26.009171 7
3.079414 3.701694 0.982217 7
1.070895 7.830470 26.984100 8
2.566908 3.126920 0.007288 8
-0.517674 8.086343 25.514959 8
4.155476 3.382793 1.476429 8
