0.547682 9.343665 7.188702 22
2.817555 0.080515 6.348834 22
4.054410 9.182635 1.836322 22
1.784536 18.445785 2.676190 22
2.161684 8.607504 0.393581 17
3.677261 17.870654 4.118931 17
2.440407 9.918796 8.631443 17
0.924830 0.655646 4.906093 17
1.470905 10.395292 5.504362 17
1.894333 1.132142 8.033174 17
3.131187 8.131008 3.520662 17
2.707759 17.394158 0.991850 17
-1.496874 8.998039 6.384573 17
4.862112 18.261189 7.152963 17
6.098966 9.528261 2.640451 17
-0.260020 0.265111 1.872061 17
1.389906 7.328448 6.765880 17
1.975331 16.591598 6.771656 17
3.212186 11.197852 2.259144 17
2.626760 1.934702 2.253368 17
1.213856 13.266313 7.542935 17
2.151382 4.003163 5.994601 17
3.388236 5.259987 1.482089 17
2.450710 14.523137 3.030423 17
-0.222928 11.183401 7.929025 8
3.588165 1.920251 5.608511 8
4.825019 7.342899 1.095999 8
1.013926 16.606049 3.416513 8
5.116014 15.045023 1.385251 9
0.722932 5.781873 3.127261 9
-0.513922 3.481277 7.639773 9
3.879159 12.744427 5.897763 9
-1.249904 13.139964 8.716368 6
4.615141 3.876814 4.821168 6
5.851995 5.386336 0.308656 6
-0.013050 14.649486 4.203856 6
0.218902 12.395206 0.321742 6
5.620044 3.132056 4.190770 6
4.383190 6.131094 8.703282 6
-1.017952 15.394244 4.834254 6
6.222954 13.039180 0.904307 6
-0.384008 3.776030 3.608205 6
-1.620862 5.487120 8.120717 6
4.986099 14.750270 5.416819 6
6.170426 14.419575 0.824887 6
-0.331480 5.156425 3.687625 6
-1.568335 4.106725 8.200137 6
4.933572 13.369875 5.337399 6
0.059539 15.186564 0.213893 6
5.779407 5.923414 4.298619 6
4.542553 3.339736 8.811131 6
-1.177315 12.602886 4.726405 6
-1.324389 14.537402 8.675756 6
4.689627 5.274252 4.861780 6
5.926481 3.988898 0.349268 6
-0.087535 13.252048 4.163244 6
-0.173857 12.391686 8.087144 6
3.539095 3.128536 5.450393 6
4.775949 6.134614 0.937881 6
1.062997 15.397764 3.574632 6
0.301720 11.423317 0.365513 1
5.537226 2.160167 4.146999 1
4.300371 7.102983 8.659511 1
-0.935134 16.366133 4.878026 1
5.598474 12.540452 1.342021 1
0.240472 3.277302 3.170491 1
-0.996382 5.985848 7.683003 1
4.361620 15.248998 5.854533 1
-0.054807 16.095649 0.210283 1
5.893753 6.832499 4.302229 1
4.656899 2.430651 8.814741 1
-1.291661 11.693801 4.722795 1
-0.690470 15.004450 8.219089 1
4.055707 5.741300 5.318447 1
5.292561 3.521850 0.805935 1
0.546385 12.785000 3.706577 1
