2.526193 12.306852 4.170814 6
8.037907 3.436448 8.351914 6
7.808243 11.308098 4.170814 6
2.755857 4.435202 8.351914 6
3.439143 12.603929 3.159741 6
7.124957 3.139371 7.340841 6
8.721193 11.011021 3.159741 6
1.842907 4.732279 7.340841 6
3.823253 11.564084 2.307382 6
6.740847 4.179216 6.488482 6
9.105303 12.050866 2.307382 6
1.458797 3.692434 6.488482 6
4.448543 11.738204 1.613068 1
6.115557 4.005096 5.794168 1
9.730593 11.876746 1.613068 1
0.833507 3.866554 5.794168 1
3.311845 10.289191 2.454807 6
7.252255 5.454109 6.635907 6
8.593895 13.325759 2.454807 6
1.970205 2.417541 6.635907 6
3.592850 9.595541 1.868952 1
6.971250 6.147759 6.050052 1
8.874900 14.019409 1.868952 1
1.689200 1.723891 6.050052 1
2.390339 10.017934 3.453170 6
8.173761 5.725366 7.634270 6
7.672389 13.597016 3.453170 6
2.891711 2.146284 7.634270 6
2.036758 9.142134 3.553099 1
8.527342 6.601166 7.734199 1
7.318808 14.472816 3.553099 1
3.245292 1.270484 7.734199 1
1.989748 11.033062 4.302519 6
8.574352 4.710238 0.121419 6
7.271798 12.581888 4.302519 6
3.292302 3.161412 0.121419 6
1.344810 10.858154 4.978018 1
9.219290 4.885146 0.796918 1
6.626860 12.756796 4.978018 1
3.937240 2.986504 0.796918 1
3.900900 14.011065 2.909209 6
6.663200 1.732235 7.090309 6
9.182950 9.603885 2.909209 6
1.381150 6.139415 7.090309 6
4.829907 13.994219 2.566359 1
5.734193 1.749081 6.747459 1
10.111957 9.620731 2.566359 1
0.452143 6.122569 6.747459 1
3.899209 14.512174 3.762154 1
6.664891 1.231126 7.943254 1
9.181259 9.102776 3.762154 1
1.382841 6.640524 7.943254 1
2.994922 14.731163 1.893035 6
7.569178 1.012137 6.074135 6
8.276972 8.883787 1.893035 6
2.287128 6.859513 6.074135 6
3.242122 15.689773 1.878986 1
7.321978 0.053527 6.060086 1
8.524172 7.925177 1.878986 1
2.039928 7.818123 6.060086 1
3.180851 14.362613 0.992593 1
7.383249 1.380687 5.173693 1
8.462901 9.252337 0.992593 1
2.101199 6.490963 5.173693 1
1.492602 14.624266 2.157364 6
9.071498 1.119034 6.338464 6
6.774652 8.990684 2.157364 6
3.789448 6.752616 6.338464 6
1.226492 13.676205 2.055429 1
9.337608 2.067095 6.236529 1
6.508542 9.938745 2.055429 1
4.055558 5.804555 6.236529 1
1.017323 15.141906 1.459204 1
9.546777 0.601394 5.640304 1
6.299373 8.473044 1.459204 1
4.264727 7.270256 5.640304 1
1.008872 15.114513 3.531775 6
9.555228 0.628787 7.712875 6
6.290922 8.500437 3.531775 6
4.273178 7.242863 7.712875 6
1.662789 0.029912 3.875880 1
8.901311 15.713388 8.056980 1
6.944839 7.841738 3.875880 1
3.619261 7.901562 8.056980 1
0.147897 15.587441 3.408433 1
10.416203 0.155859 7.589533 1
5.429947 8.027509 3.408433 1
5.134153 7.715791 7.589533 1
0.814070 14.031059 4.592186 6
9.750030 1.712241 0.411086 6
6.096120 9.583891 4.592186 6
4.467980 6.159409 0.411086 6
0.380308 14.439755 5.382748 1
10.183792 1.303545 1.201648 1
5.662358 9.175195 5.382748 1
4.901742 6.568105 1.201648 1
0.194379 13.347170 4.232946 1
10.369721 2.396130 0.051846 1
5.476429 10.267780 4.232946 1
5.087671 5.475520 0.051846 1
2.737898 13.893305 6.065940 6
7.826202 1.849995 1.884840 6
8.019948 9.721645 6.065940 6
2.544152 6.021655 1.884840 6
3.986997 13.239328 6.598445 6
6.577103 2.503972 2.417345 6
9.269047 10.375622 6.598445 6
1.295053 5.367678 2.417345 6
4.946323 14.095134 7.140148 6
5.617777 1.648166 2.959048 6
10.228373 9.519816 7.140148 6
0.335727 6.223484 2.959048 6
4.837301 15.034851 7.054352 1
5.726799 0.708449 2.873252 1
10.119351 8.580099 7.054352 1
0.444749 7.163202 2.873252 1
6.054814 13.595127 7.800009 6
4.509286 2.148173 3.618909 6
0.772764 10.019823 7.800009 6
9.791336 5.723477 3.618909 6
6.705034 14.191011 8.153981 1
3.859066 1.552289 3.972881 1
1.422984 9.423939 8.153981 1
9.141116 6.319361 3.972881 1
6.218241 12.232072 7.945093 6
4.345859 3.511228 3.763993 6
0.936191 11.382878 7.945093 6
9.627909 4.360422 3.763993 6
6.971250 11.889340 0.049337 1
3.592850 3.853960 4.230437 1
1.689200 11.725610 0.049337 1
8.874900 4.017690 4.230437 1
5.279515 11.367450 7.406735 6
5.284585 4.375850 3.225635 6
10.561565 12.247500 7.406735 6
0.002535 3.495800 3.225635 6
5.395086 10.428362 7.499221 1
5.169014 5.314938 3.318121 1
0.113036 13.186588 7.499221 1
10.451064 2.556712 3.318121 1
4.166270 11.863049 6.730317 6
6.397830 3.880251 2.549217 6
9.448320 11.751901 6.730317 6
1.115780 3.991399 2.549217 6
3.529466 11.262757 6.359453 1
7.034634 4.480543 2.178353 1
8.811516 12.352193 6.359453 1
1.752584 3.391107 2.178353 1
2.049964 13.358820 5.030532 7
8.514136 2.384480 0.849432 7
7.332014 10.256130 5.030532 7
3.232086 5.487170 0.849432 7
2.337624 14.924176 6.622193 8
8.226476 0.819124 2.441093 8
7.619674 8.690774 6.622193 8
2.944426 7.052526 2.441093 8
