4.419192 11.212355 5.300785 6
5.815158 4.260645 14.667785 6
2.403708 3.475855 4.066215 6
1.007742 11.997145 13.433215 6
5.351200 10.556145 4.336172 6
4.883150 4.916855 13.703172 6
1.471700 2.819645 5.030828 6
1.939750 12.653355 14.397828 6
6.076475 10.136362 4.844612 1
4.157875 5.336638 14.211612 1
0.746425 2.399862 4.522388 1
2.665025 13.073138 13.889388 1
4.667546 9.533998 3.601986 8
5.566804 5.939002 12.968986 8
2.155354 1.797498 5.765014 8
1.256096 13.675502 15.132014 8
5.433758 9.240785 2.451531 6
4.800592 6.232215 11.818531 6
1.389142 1.504285 6.915469 6
2.022308 13.968715 16.282469 6
4.855858 9.108955 1.671073 1
5.378492 6.364045 11.038073 1
1.967042 1.372455 7.695927 1
1.444408 14.100545 17.062927 1
6.251141 8.130443 2.660041 8
3.983209 7.342557 12.027041 8
0.571759 0.393943 6.706959 8
2.839691 15.079057 16.073959 8
0.809196 8.492047 2.588664 6
2.602254 6.980953 11.955664 6
6.013704 0.755547 6.778336 6
4.220646 14.717453 16.145336 6
0.831712 9.914634 2.640370 8
2.579738 5.558366 12.007370 8
5.991188 2.178134 6.726630 8
4.243162 13.294866 16.093630 8
6.377365 10.420756 2.239462 6
3.856985 5.052244 11.606462 6
0.445535 2.684256 7.127538 6
2.965915 12.788744 16.494538 6
6.368495 10.761472 1.320747 1
3.865855 4.711529 10.687747 1
0.454405 3.024972 8.046253 1
2.957045 12.448029 17.413253 1
5.974131 11.459613 3.266273 6
4.260219 4.013387 12.633273 6
0.848769 3.723113 6.100727 6
2.562681 11.749887 15.467727 6
6.792879 11.849223 3.640016 1
3.441471 3.623777 13.007016 1
0.030021 4.112723 5.726984 1
3.381429 11.360277 15.093984 1
5.160842 12.520287 2.801670 8
5.073508 2.952713 12.168670 8
1.662058 4.783787 6.565330 8
1.749392 10.689213 15.932330 8
3.960011 12.195819 2.103266 6
6.274339 3.277181 11.470266 6
2.862889 4.459319 7.263734 6
0.548561 11.013681 16.630734 6
3.461939 11.513459 2.579672 1
6.772411 3.959541 11.946672 1
3.360961 3.776959 6.787328 1
0.050489 11.696041 16.154328 1
4.161287 11.869338 1.212090 1
6.073063 3.603662 10.579090 1
2.661613 4.132838 8.154910 1
0.749837 11.340162 17.521910 1
3.166508 13.479768 2.031328 6
0.244942 1.993232 11.398328 6
3.656392 5.743268 7.335672 6
6.577958 9.729732 16.702672 6
3.721892 14.181005 1.631731 1
6.512458 1.291996 10.998731 1
3.101008 6.444505 7.735269 1
0.310442 9.028496 17.102269 1
2.031860 13.234366 1.187174 8
1.379590 2.238634 10.554174 8
4.791040 5.497866 8.179826 8
5.443310 9.975134 17.546826 8
1.024800 14.159961 1.487667 6
2.386650 1.313039 10.854667 6
5.798100 6.423461 7.879333 6
4.436250 9.049539 17.246333 6
0.145328 13.727646 1.521201 1
3.266122 1.745354 10.888201 1
6.677572 5.991146 7.845799 1
3.556778 9.481854 17.212799 1
4.846988 12.193807 5.977645 7
5.387362 3.279193 15.344645 7
1.975912 4.457307 3.389355 7
1.435538 11.015693 12.756355 7
1.030940 15.221409 0.574197 8
2.380510 0.251591 9.941197 8
5.791960 7.484909 8.792803 8
4.442390 7.988091 18.159803 8
1.163987 0.985166 1.264170 6
2.247463 14.487834 10.631170 6
5.658913 8.721666 8.102830 6
4.575437 6.751334 17.469830 6
1.776683 0.643677 2.505673 8
1.634767 14.829323 11.872673 8
5.046217 8.380177 6.861327 8
5.188133 7.092823 16.228328 8
1.380273 14.795592 2.835204 6
2.031177 0.677408 12.202204 6
5.442627 7.059092 6.531796 6
4.791723 8.413908 15.898796 6
0.631118 14.776715 3.465790 1
2.780332 0.696285 12.832790 1
6.191782 7.040215 5.901210 1
4.042568 8.432785 15.268210 1
2.574280 13.990687 3.328844 6
0.837170 1.482313 12.695844 6
4.248620 6.254187 6.038156 6
5.985730 9.218813 15.405156 6
3.210174 14.547715 3.825483 1
0.201276 0.925285 13.192483 1
3.612726 6.811215 5.541517 1
6.621624 8.661785 14.908517 1
2.152625 12.874619 4.080640 8
1.258825 2.598381 13.447640 8
4.670275 5.138119 5.286360 8
5.564075 10.334881 14.653360 8
1.806022 13.081493 5.455715 6
1.605428 2.391507 14.822715 6
5.016878 5.344993 3.911285 6
5.217472 10.128007 13.278285 6
0.850816 12.963279 5.573365 1
2.560634 2.509721 14.940365 1
5.972084 5.226779 3.793635 1
4.262266 10.246221 13.160635 1
2.032542 13.987592 5.717617 1
1.378908 1.485408 15.084617 1
4.790358 6.251092 3.649383 1
5.443992 9.221908 13.016383 1
2.552447 12.099731 6.327409 6
0.859003 3.373269 15.694409 6
4.270453 4.363231 3.039592 6
5.963897 11.109769 12.406592 6
1.992969 11.850771 7.092692 1
1.418481 3.622229 16.459692 1
4.829931 4.114271 2.274308 1
5.404419 11.358729 11.641308 1
3.792850 12.684456 6.802315 8
6.441500 2.788544 16.169315 8
3.030050 4.947956 2.564685 8
0.381400 10.525044 11.931685 8
3.002076 10.842550 5.593410 6
0.409374 4.630450 14.960410 6
3.820824 3.106050 3.773590 6
6.413526 12.366950 13.140590 6
2.944081 10.055903 6.157866 1
0.467369 5.417097 15.524866 1
3.878819 2.319403 3.209134 1
6.355531 13.153597 12.576134 1
2.492405 10.698032 4.780917 1
0.919045 4.774968 14.147917 1
4.330495 2.961532 4.586083 1
5.903855 12.511468 13.953083 1
1.523554 7.964263 3.790450 6
1.887896 7.508737 13.157450 6
5.299346 0.227763 5.576550 6
4.935004 15.245237 14.943550 6
2.443963 8.233183 3.759914 1
0.967487 7.239817 13.126914 1
4.378937 0.496683 5.607086 1
5.855413 14.976317 14.974086 1
1.470335 7.006174 3.799255 1
1.941115 8.466826 13.166255 1
5.352565 14.742674 5.567745 1
4.881785 0.730326 14.934745 1
1.114180 8.313643 4.586083 1
2.297270 7.159357 13.953083 1
5.708720 0.577143 4.780917 1
4.525630 14.895857 14.147917 1
1.389825 7.985615 1.301264 6
2.021625 7.487385 10.668264 6
5.433075 0.249115 8.065736 6
4.801275 15.223885 17.432736 6
0.890388 8.341494 0.562020 1
2.521062 7.131506 9.929020 1
5.932512 0.604994 8.804980 1
4.301838 14.868006 18.171980 1
1.344111 7.026289 1.285152 1
2.067339 8.446711 10.652152 1
5.478789 14.762789 8.081848 1
4.755561 0.710211 17.448848 1
2.306140 8.262582 1.232697 1
1.105310 7.210418 10.599697 1
4.516760 0.526082 8.134303 1
5.717590 14.946918 17.501303 1
2.098724 1.873780 0.503383 6
1.312726 13.599220 9.870383 6
4.724176 9.610280 8.863617 6
5.510174 5.862720 18.230617 6
2.980925 1.496239 0.517058 1
0.430525 13.976761 9.884058 1
3.841975 9.232739 8.849942 1
6.392375 6.240261 18.216942 1
2.115781 2.743363 0.910472 1
1.295669 12.729637 10.277472 1
4.707119 10.479863 8.456528 1
5.527231 4.993137 17.823528 1
1.797834 1.951145 18.329346 1
1.613616 13.521855 8.962346 1
5.025066 9.687645 9.771654 1
5.209284 5.785355 0.404654 1
6.632541 1.606097 1.489353 6
3.601809 13.866903 10.856353 6
0.190359 9.342597 7.877647 6
3.221091 6.130403 17.244647 6
6.231355 1.814983 0.642576 1
4.002995 13.658017 10.009576 1
0.591545 9.551483 8.724424 1
2.819905 5.921517 18.091424 1
6.730791 2.410693 2.002665 1
3.503559 13.062307 11.369665 1
0.092109 10.147193 7.364335 1
3.319341 5.325807 16.731335 1
6.072381 0.988725 1.965197 1
4.161969 14.484275 11.332197 1
0.750519 8.725225 7.401803 1
2.660931 6.747775 16.768803 1
