1.288630 8.611418 1.168044 8
4.880130 9.831082 24.446956 8
5.894370 2.463918 11.639456 8
2.302870 3.683582 13.975544 8
1.745469 7.594622 3.077386 8
5.336969 10.847879 22.537614 8
5.437531 1.447122 9.730114 8
1.846031 4.700378 15.884886 8
5.507924 3.688500 5.852515 8
1.916424 2.459000 19.762485 8
1.675076 9.836000 6.954985 8
5.266576 8.606500 18.660015 8
1.825200 5.000131 1.013842 8
5.416700 1.147369 24.601158 8
5.357800 11.147631 11.793658 8
1.766300 7.294869 13.821342 8
1.094689 3.556944 2.627331 8
4.686189 2.590556 22.987669 8
6.088311 9.704444 10.180169 8
2.496811 8.738057 15.434831 8
0.290911 5.129474 10.460398 8
3.882411 1.018026 15.154602 8
6.892088 11.276974 2.347102 8
3.300588 7.165526 23.267898 8
2.584443 5.248735 10.275201 8
6.175943 0.898765 15.339799 8
4.598557 11.396235 2.532299 8
1.007057 7.046265 23.082701 8
0.055309 5.492914 2.317389 7
3.646809 0.654586 23.297611 7
7.127691 11.640414 10.490111 7
3.536191 6.802086 15.124889 7
1.110492 7.694211 2.089928 6
4.701992 10.748289 23.525072 6
6.072508 1.546711 10.717572 6
2.481008 4.600789 14.897428 6
7.104705 6.806512 1.730293 6
3.513205 11.635988 23.884707 6
0.078295 0.659012 11.077207 6
3.669795 5.488488 14.537793 6
6.994805 6.745037 0.758204 1
3.403305 11.697463 24.856796 1
0.188195 0.597537 12.049296 1
3.779695 5.549963 13.565704 1
5.838342 7.372082 2.389879 6
2.246842 11.070418 23.225120 6
1.344658 1.224582 10.417620 6
4.936158 4.922918 15.197379 6
6.073226 8.082733 3.007201 1
2.481727 10.359767 22.607799 1
1.109773 1.935233 9.800299 1
4.701274 4.212267 15.814701 1
5.245745 7.737243 1.713643 1
1.654245 10.705257 23.901356 1
1.937255 1.589743 11.093856 1
5.528755 4.557756 14.521143 1
5.161704 6.266762 3.118626 6
1.570204 12.175738 22.496374 6
2.021296 0.119262 9.688874 6
5.612796 6.028238 15.926126 6
4.469263 5.878240 2.543569 1
0.877763 0.269260 23.071431 1
2.713737 12.025740 10.263930 1
6.305237 6.416761 15.351069 1
4.571980 6.553235 4.491590 6
0.980480 11.889265 21.123410 6
2.611020 0.405735 8.315910 6
6.202520 5.741765 17.299090 6
3.901806 5.892994 4.725967 1
0.310306 0.254506 20.889032 1
3.281194 12.040494 8.081532 1
6.872694 6.402006 17.533468 1
4.169013 7.434787 4.521047 1
0.577513 11.007713 21.093953 1
3.013987 1.287287 8.286452 1
6.605487 4.860213 17.328547 1
5.773695 6.469629 5.423464 6
2.182195 11.972871 20.191536 6
1.409305 0.322129 7.384036 6
5.000805 5.825371 18.230964 6
5.494995 6.191762 6.308974 1
1.903495 12.250738 19.306026 1
1.688005 0.044262 6.498526 1
5.279505 6.103238 19.116474 1
6.208985 7.333967 5.491856 1
2.617485 11.108532 20.123144 1
0.974015 1.186468 7.315644 1
4.565515 4.961032 18.299356 1
6.737654 5.427013 4.809472 6
3.146154 0.720487 20.805528 6
0.445346 11.574513 7.998028 6
4.036846 6.867987 17.616972 6
0.448219 5.827830 4.772074 1
4.039719 0.319670 20.842925 1
6.734781 11.975330 8.035425 1
3.143281 6.467170 17.579574 1
6.249210 5.227834 3.367348 6
2.657710 0.919666 22.247652 6
0.933790 11.375334 9.440152 6
4.525290 7.067166 16.174848 6
5.880722 4.325381 3.260789 1
2.289222 1.822119 22.354211 1
1.302278 10.472881 9.546710 1
4.893778 7.969619 16.068289 1
2.368235 9.551986 1.461080 6
5.959735 8.890515 24.153920 6
4.814765 3.404485 11.346420 6
1.223265 2.743014 14.268580 6
2.667048 9.425347 2.364264 1
6.258548 9.017153 23.250735 1
4.515952 3.277847 10.443236 1
0.924452 2.869653 15.171765 1
2.048592 10.450750 1.352472 1
5.640092 7.991750 24.262528 1
5.134408 4.303250 11.455028 1
1.542908 1.844250 14.159972 1
3.099464 9.397068 0.858102 1
6.690964 9.045431 24.756898 1
4.083535 3.249568 11.949397 1
0.492036 2.897932 13.665602 1
1.050873 4.693001 1.914977 6
4.642373 1.454499 23.700023 6
6.132127 10.840501 10.892523 6
2.540627 7.601999 14.722477 6
2.060084 2.498344 2.320975 6
5.651584 3.649156 23.294025 6
5.122916 8.645844 10.486525 6
1.531416 9.796656 15.128475 6
1.744032 1.471712 3.392451 6
5.335532 4.675788 22.222549 6
5.438968 7.619212 9.415049 6
1.847468 10.823289 16.199951 6
1.863270 1.867611 4.259774 1
5.454770 4.279889 21.355225 1
5.319730 8.015111 8.547725 1
1.728230 10.427390 17.067274 1
2.334475 0.720487 3.299212 1
5.925975 5.427013 22.315788 1
4.848525 6.867987 9.508288 1
1.257025 11.574513 16.106712 1
0.835383 1.179091 3.296651 1
4.426883 4.968409 22.318349 1
6.347617 7.326591 9.510849 1
2.756117 11.115910 16.104150 1
1.791440 1.965970 0.931874 6
5.382940 4.181529 24.683126 6
5.391560 8.113470 11.875626 6
1.800060 10.329030 13.739374 6
0.852622 1.793840 0.829926 1
4.444122 4.353660 24.785074 1
6.330378 7.941340 11.977574 1
2.738878 10.501159 13.637426 1
2.282757 1.152042 0.801750 1
5.874257 4.995458 24.813250 1
4.900243 7.299542 12.005750 1
1.308743 11.142959 13.609249 1
2.069422 2.615146 0.281765 1
5.660922 3.532354 25.333235 1
5.113578 8.762647 12.525735 1
1.522078 9.679854 13.089265 1
3.467234 3.004898 2.492596 6
7.058734 3.142602 23.122404 6
3.715766 9.152398 10.314904 6
0.124266 9.290102 15.300096 6
3.665485 3.640549 1.800734 1
0.073985 2.506951 23.814265 1
3.517515 9.788049 11.006765 1
7.109015 8.654450 14.608235 1
4.081381 2.269657 2.435986 1
0.489881 3.877843 23.179013 1
3.101619 8.417157 10.371513 1
6.693119 10.025343 15.243486 1
3.552712 3.429075 3.350442 1
7.144212 2.718425 22.264558 1
3.630288 9.576575 9.457058 1
0.038788 8.865925 16.157942 1
6.841089 4.134809 5.597646 6
3.249589 2.012692 20.017354 6
0.341911 10.282309 7.209854 6
3.933411 8.160191 18.405146 6
0.110618 3.465960 5.041032 1
3.702118 2.681539 20.573968 1
7.072382 9.613461 7.766468 1
3.480882 8.829039 17.848532 1
0.468332 4.332758 6.876347 6
4.059832 1.814742 18.738653 6
6.714668 10.480258 5.931153 6
3.123168 7.962242 19.683847 6
7.038622 4.560215 8.097670 6
3.447122 1.587284 17.517330 6
0.144378 10.707716 4.709830 6
3.735878 7.734784 20.905170 6
6.114170 4.514724 8.191677 1
2.522670 1.632776 17.423323 1
1.068830 10.662224 4.615823 1
4.660330 7.780276 20.999177 1
0.671610 4.855295 9.166840 6
4.263110 1.292205 16.448160 6
6.511389 11.002795 3.640660 6
2.919889 7.439704 21.974340 6
1.499810 5.435619 11.114861 6
5.091310 0.711881 14.500139 6
5.683190 11.583119 1.692639 6
2.091690 6.859381 23.922361 6
1.480416 6.357744 11.414044 1
5.071916 12.084755 14.200956 1
5.702584 0.210245 1.393456 1
2.111084 5.937256 24.221544 1
1.595344 4.867590 11.895606 1
5.186844 1.279910 13.719394 1
5.587656 11.015090 0.911894 1
1.996156 7.427410 24.703106 1
2.032789 4.920459 9.041839 6
5.624289 1.227041 16.573161 6
5.150211 11.067959 3.765661 6
1.558711 7.374541 21.849339 6
2.651245 4.665953 7.866366 6
6.242745 1.481547 17.748634 6
4.531755 10.813453 4.941134 6
0.940255 7.629047 20.673866 6
3.577852 4.688083 7.792083 1
7.169352 1.459417 17.822917 1
3.605148 10.835584 5.015417 1
0.013648 7.606917 20.599583 1
1.851059 4.370872 6.787975 6
5.442559 1.776628 18.827025 6
5.331941 10.518372 6.019525 6
1.740441 7.924128 19.595475 6
2.252589 4.191365 5.968295 1
5.844089 1.956135 19.646705 1
4.930411 10.338865 6.839205 1
1.338911 8.103635 18.775795 1
5.396588 2.300394 6.128389 6
1.805088 3.847106 19.486611 6
1.786412 8.447895 6.679111 6
5.377912 9.994605 18.935889 6
5.668824 1.797529 5.356096 1
2.077324 4.349971 20.258903 1
1.514176 7.945029 7.451403 1
5.105676 10.497471 18.163597 1
4.485784 2.087691 6.342274 1
0.894284 4.059809 19.272726 1
2.697217 8.235191 6.465226 1
6.288716 10.207309 19.149774 1
5.961172 2.075396 6.872504 1
2.369672 4.072104 18.742496 1
1.221828 8.222896 5.934996 1
4.813328 10.219604 19.680004 1
