11.603048 11.603048 0.000000 6
3.789548 11.837452 4.858500 6
4.023952 4.023952 0.000000 6
11.837452 3.789548 4.858500 6
11.613986 12.518790 8.703517 6
3.800486 10.921710 5.871983 6
4.013014 3.108210 8.703517 6
11.826514 4.705290 5.871983 6
12.518790 11.613986 1.013483 6
4.705290 11.826514 3.845017 6
10.921710 3.800486 3.845017 6
3.108210 4.013014 1.013483 6
10.971717 12.484410 8.003893 1
3.158217 10.956090 6.571607 1
4.655283 3.142590 8.003893 1
12.468783 4.670910 6.571607 1
12.484410 10.971717 1.713107 1
4.670910 12.468783 3.145393 1
10.956090 3.158217 3.145393 1
3.142590 4.655283 1.713107 1
12.603176 13.506416 8.729753 6
4.789676 9.934084 5.845747 6
3.023825 2.120584 8.729753 6
10.837325 5.692916 5.845747 6
13.506416 12.603176 0.987247 6
5.692916 10.837325 3.871253 6
9.934084 4.789676 3.871253 6
2.120584 3.023825 0.987247 6
12.610989 14.159625 8.040818 1
4.797489 9.280875 6.534683 1
3.016011 1.467375 8.040818 1
10.829511 6.346125 6.534683 1
14.159625 12.610989 1.676182 1
6.346125 10.829511 3.182318 1
9.280875 4.797489 3.182318 1
1.467375 3.016011 1.676182 1
13.573612 13.573612 0.000000 6
5.760112 9.866888 4.858500 6
2.053388 2.053388 0.000000 6
9.866888 5.760112 4.858500 6
14.650313 14.650313 0.000000 6
6.836813 8.790188 4.858500 6
0.976688 0.976688 0.000000 6
8.790188 6.836813 4.858500 6
14.244010 0.370360 0.016519 6
6.430510 7.443140 4.841981 6
1.382990 15.256640 0.016519 6
9.196490 8.183860 4.841981 6
0.370360 14.244010 9.700481 6
8.183860 9.196490 4.875019 6
7.443140 6.430510 4.875019 6
15.256640 1.382990 9.700481 6
12.812577 0.750096 0.085510 6
4.999077 7.063404 4.772990 6
2.814423 14.876904 0.085510 6
10.627923 8.563596 4.772990 6
0.750096 12.812577 9.631490 6
8.563596 10.627923 4.944010 6
7.063404 4.999077 4.944010 6
14.876904 2.814423 9.631490 6
12.199999 1.462687 8.767649 6
4.386499 6.350813 5.807851 6
3.427001 14.164313 8.767649 6
11.240501 9.276187 5.807851 6
1.462687 12.199999 0.949351 6
9.276187 11.240501 3.909149 6
6.350813 4.386499 3.909149 6
14.164313 3.427001 0.949351 6
12.715690 1.693967 8.003893 1
4.902190 6.119533 6.571607 1
2.911310 13.933033 8.003893 1
10.724810 9.507467 6.571607 1
1.693967 12.715690 1.713107 1
9.507467 10.724810 3.145393 1
6.119533 4.902190 3.145393 1
13.933033 2.911310 1.713107 1
10.843575 1.854925 8.815262 6
3.030075 5.958575 5.760238 6
4.783425 13.772075 8.815262 6
12.596925 9.668425 5.760238 6
1.854925 10.843575 0.901738 6
9.668425 12.596925 3.956762 6
5.958575 3.030075 3.956762 6
13.772075 4.783425 0.901738 6
10.448212 2.331548 8.094261 1
2.634712 5.481952 6.481239 1
5.178788 13.295452 8.094261 1
12.992288 10.145048 6.481239 1
2.331548 10.448212 1.622739 1
10.145048 12.992288 3.235761 1
5.481952 2.634712 3.235761 1
13.295452 5.178788 1.622739 1
10.105981 1.526758 0.217661 6
2.292481 6.286742 4.640839 6
5.521019 14.100242 0.217661 6
13.334519 9.340258 4.640839 6
1.526758 10.105981 9.499339 6
9.340258 13.334519 5.076161 6
6.286742 2.292481 5.076161 6
14.100242 5.521019 9.499339 6
10.688868 0.811041 1.277785 6
2.875368 7.002459 3.580715 6
4.938132 14.815959 1.277785 6
12.751632 8.624541 3.580715 6
0.811041 10.688868 8.439215 6
8.624541 12.751632 6.136285 6
7.002459 2.875368 6.136285 6
14.815959 4.938132 8.439215 6
10.173177 0.579762 2.042513 1
2.359677 7.233738 2.815987 1
5.453823 15.047238 2.042513 1
13.267323 8.393262 2.815987 1
0.579762 10.173177 7.674487 1
8.393262 13.267323 6.901013 1
7.233738 2.359677 6.901013 1
15.047238 5.453823 7.674487 1
12.014038 0.448495 1.195191 6
4.200538 7.365005 3.663309 6
3.612962 15.178505 1.195191 6
11.426462 8.261995 3.663309 6
0.448495 12.014038 8.521809 6
8.261995 11.426462 6.053691 6
7.365005 4.200538 6.053691 6
15.178505 3.612962 8.521809 6
12.403150 15.600434 1.921051 1
4.589650 7.840066 2.937449 1
3.223850 0.026566 1.921051 1
11.037350 7.786934 2.937449 1
15.600434 12.403150 7.795949 1
7.786934 11.037350 6.779551 1
7.840066 4.589650 6.779551 1
0.026566 3.223850 7.795949 1
15.155065 15.134750 6.067295 6
7.341565 8.305751 8.508205 6
0.471935 0.492250 6.067295 6
8.285435 7.321250 8.508205 6
15.134750 15.155065 3.649705 6
7.321250 8.285435 1.208795 6
8.305751 7.341565 1.208795 6
0.492250 0.471935 3.649705 6
14.839399 14.778454 6.888381 1
7.025899 8.662046 7.687119 1
0.787601 0.848546 6.888381 1
8.601101 6.964954 7.687119 1
14.778454 14.839399 2.828619 1
6.964954 8.601101 2.029881 1
8.662046 7.025899 2.029881 1
0.848546 0.787601 2.828619 1
14.655001 14.655001 4.858500 6
6.841501 8.785499 0.000000 6
0.971999 0.971999 4.858500 6
8.785499 6.841501 0.000000 6
13.550172 13.550172 4.858500 6
5.736672 9.890328 0.000000 6
2.076828 2.076828 4.858500 6
9.890328 5.736672 0.000000 6
13.459535 13.178249 5.760238 1
5.646035 10.262251 8.815262 1
2.167465 2.448751 5.760238 1
9.980965 5.364749 8.815262 1
13.178249 13.459535 3.956762 1
5.364749 9.980965 0.901738 1
10.262251 5.646035 0.901738 1
2.448751 2.167465 3.956762 1
13.800204 12.837581 4.234669 1
5.986704 10.602920 0.623831 1
1.826796 2.789420 4.234669 1
9.640296 5.024080 0.623831 1
12.837581 13.800204 5.482331 1
5.024080 9.640296 9.093169 1
10.602920 5.986704 9.093169 1
2.789420 1.826796 5.482331 1
12.695375 13.942409 4.580594 1
4.881875 9.498091 0.277906 1
2.931625 1.684591 4.580594 1
10.745125 6.128909 0.277906 1
13.942409 12.695375 5.136406 1
6.128909 10.745125 9.439094 1
9.498091 4.881875 9.439094 1
1.684591 2.931625 5.136406 1
10.127234 10.127234 0.000000 53
2.313734 13.313266 4.858500 53
5.499766 5.499766 0.000000 53
13.313266 2.313734 4.858500 53
8.095099 2.126678 0.385571 53
0.281599 5.686822 4.472929 53
7.531901 13.500322 0.385571 53
15.345401 9.940178 4.472929 53
2.126678 8.095099 9.331429 53
9.940178 15.345401 5.244071 53
5.686822 0.281599 5.244071 53
13.500322 7.531901 9.331429 53
