2.442682 11.681182 10.294118 35
0.118318 5.581818 20.843618 35
5.003682 14.213318 10.804882 35
2.679318 3.049682 0.255382 35
0.904545 1.937599 9.031005 8
1.656455 15.325401 19.580505 8
3.465545 6.693901 12.067995 8
4.217455 10.569099 1.518495 8
3.583863 4.277599 6.656945 8
4.099137 12.985401 17.206445 8
1.022863 4.353901 14.442055 8
1.538137 12.909099 3.892555 8
3.665815 3.430849 4.491344 8
4.017185 13.832151 15.040844 8
1.104815 5.200651 16.607656 8
1.456185 12.062349 6.058156 8
0.384150 3.377333 5.877759 8
2.176850 13.885667 16.427259 8
2.945150 5.254167 15.221241 8
4.737850 12.008833 4.671741 8
4.736313 6.725147 6.438782 8
2.946687 10.537853 16.988282 8
2.175313 1.906353 14.660218 8
0.385687 15.356647 4.110718 8
0.989570 6.317913 8.183880 8
1.571430 10.945087 18.733380 8
3.550570 2.313587 12.915120 8
4.132430 14.949413 2.365620 8
4.393652 1.370510 7.373890 6
3.289348 15.892490 17.923390 6
1.832652 7.260990 13.725110 6
0.728348 10.002010 3.175610 6
4.092990 0.100125 7.871615 6
3.590010 17.162875 18.421115 6
1.531990 8.531375 13.227385 6
1.029010 8.731625 2.677885 6
3.100859 16.607006 7.266707 6
4.582141 0.655994 17.816207 6
0.539859 9.287494 13.832293 6
2.021141 7.975506 3.282793 6
2.400681 17.108841 6.185383 6
0.160319 0.154159 16.734883 6
4.961681 8.785659 14.913617 6
2.721319 8.477341 4.364117 6
2.683416 1.120541 5.685126 6
4.999584 16.142459 16.234626 6
0.122416 7.510959 15.413874 6
2.438584 9.752041 4.864374 6
3.693474 1.878214 6.269779 6
3.989526 15.384786 16.819279 6
1.132474 6.753286 14.829221 6
1.428526 10.509714 4.279721 6
4.095039 3.249760 5.774585 6
3.587961 14.013240 16.324085 6
1.534039 5.381740 15.324415 6
1.026961 11.881260 4.774915 6
4.599044 4.595065 7.615473 6
3.083956 12.667935 18.164973 6
2.038044 4.036435 13.483527 6
0.522956 13.226565 2.934027 6
0.567518 3.547547 7.292447 6
1.993482 13.715454 17.841947 6
3.128518 5.083953 13.806553 6
4.554482 12.179047 3.257053 6
0.316540 2.215016 8.003062 6
2.244460 15.047984 18.552562 6
2.877540 6.416484 13.095938 6
4.805460 10.846516 2.546438 6
4.014111 4.693810 3.883482 6
3.668889 12.569190 14.432982 6
1.453111 3.937690 17.215518 6
1.107889 13.325310 6.666018 6
4.017697 4.537752 9.030583 6
3.665303 12.725248 19.580083 6
1.456697 4.093748 12.068417 6
1.104303 13.169252 1.518917 6
0.008707 5.999583 7.313335 6
2.552293 11.263417 17.862835 6
2.569707 2.631917 13.785665 6
5.113293 14.631083 3.236165 6
1.490502 7.692738 8.081761 6
1.070498 9.570262 18.631261 6
4.051502 0.938762 13.017239 6
3.631498 16.324238 2.467739 6
0.481980 8.673104 8.611979 6
2.079020 8.589896 19.161479 6
3.042980 17.221396 12.487021 6
4.640020 0.041604 1.937521 6
5.062585 9.663482 7.800089 6
2.620415 7.599518 18.349589 6
2.501585 16.231018 13.298911 6
0.059415 1.031982 2.749411 6
4.134991 10.564438 8.294228 6
3.548009 6.698562 18.843728 6
1.573991 15.330062 12.804772 6
0.987009 1.932938 2.255272 6
3.740597 10.462932 9.613970 6
3.942403 6.800068 20.163470 6
1.179597 15.431568 11.485030 6
1.381403 1.831432 0.935530 6
4.252284 9.477387 10.434932 6
3.430716 7.785613 20.984432 6
1.691284 16.417113 10.664068 6
0.869716 0.845887 0.114568 6
0.064537 8.590932 9.930244 6
2.496463 8.672068 20.479744 6
2.625537 0.040568 11.168756 6
5.057463 17.222432 0.619256 6
4.567800 17.017865 8.618942 1
3.115200 0.245135 19.168442 1
2.006800 8.876635 12.480059 1
0.554200 8.386365 1.930559 1
2.901101 15.738677 7.597750 1
4.781899 1.524323 18.147250 1
0.340101 10.155823 13.501250 1
2.220899 7.107177 2.951750 1
1.720992 16.584564 5.776906 1
0.840008 0.678436 16.326406 1
4.281992 9.309936 15.322094 1
3.401008 7.953064 4.772594 1
2.189143 1.467355 4.951935 1
0.371857 15.795645 15.501435 1
4.750143 7.164145 16.147065 1
2.932857 10.098855 5.597565 1
1.434672 3.882449 7.488035 1
1.126328 13.380551 18.037535 1
3.995672 4.749051 13.610965 1
3.687328 12.513949 3.061465 1
4.947340 4.842272 3.972942 1
2.735660 12.420729 14.522442 1
2.386340 3.789229 17.126058 1
0.174660 13.473772 6.576558 1
3.537765 5.394688 4.312636 1
4.145235 11.868313 14.862136 1
0.976765 3.236813 16.786364 1
1.584235 14.026188 6.236864 1
3.783109 4.674820 2.960190 1
3.899891 12.588180 13.509690 1
1.222109 3.956680 18.138810 1
1.338891 13.306320 7.589310 1
4.712752 4.669642 9.665452 1
2.970248 12.593359 20.214952 1
2.151752 3.961858 11.433548 1
0.409248 13.301141 0.884048 1
3.616644 3.687377 9.173845 1
4.066356 13.575623 19.723345 1
1.055644 4.944123 11.925155 1
1.505356 12.318877 1.375655 1
3.362593 5.216879 9.133757 1
4.320407 12.046121 19.683257 1
0.801593 3.414621 11.965243 1
1.759407 13.848379 1.415743 1
2.291071 7.770076 8.587293 1
0.269929 9.492924 19.136793 1
4.852071 0.861424 12.511707 1
2.830929 16.401576 1.962207 1
1.668235 7.892644 7.171550 1
0.892765 9.370356 17.721050 1
4.229235 0.738856 13.927450 1
3.453765 16.524144 3.377950 1
0.210514 9.722522 6.890933 1
2.350486 7.540478 17.440433 1
2.771514 16.171978 14.208067 1
4.911486 1.091022 3.658567 1
3.776451 11.241666 7.734893 1
3.906549 6.021334 18.284393 1
1.215451 14.652834 13.364107 1
1.345549 2.610166 2.814607 1
3.964940 9.410061 11.338603 1
3.718060 7.852939 0.789103 1
1.403940 16.484439 9.760397 1
1.157060 0.778561 20.309897 1
0.423589 7.918538 10.496752 1
2.137411 9.344462 21.046253 1
2.984589 0.712962 10.602247 1
4.698411 16.550038 0.052748 1
