3.579943 2.560693 5.665528 7
3.712605 11.455693 6.954448 7
3.796755 15.229307 2.747789 7
3.664094 6.334307 1.458869 7
3.933287 3.284034 6.068525 1
3.359261 12.179034 6.551450 1
3.443411 14.505966 2.344791 1
4.017438 5.610966 1.861867 1
3.956115 2.476368 4.851960 1
3.336434 11.371368 7.768015 1
3.420584 15.313632 3.561357 1
4.040265 6.418632 0.645301 1
2.100010 2.719557 5.532597 6
5.192538 11.614557 7.087378 6
5.276689 15.070443 2.880720 6
2.184161 6.175443 1.325939 6
1.861889 3.043869 4.650040 1
5.430659 11.938869 7.969935 1
5.514809 14.746131 3.763277 1
1.946040 5.851131 0.443382 1
1.753946 3.333846 6.198932 1
5.538602 12.228846 6.421043 1
5.622753 14.456154 2.214385 1
1.838097 5.561154 1.992273 1
1.568876 1.315037 5.757233 6
5.723673 10.210037 6.862743 6
5.807823 16.474963 2.656084 6
1.653026 7.579963 1.550574 6
2.474490 0.811224 6.915746 6
4.818058 9.706224 5.704229 6
4.902209 16.978776 1.497570 6
2.558641 8.083776 2.709088 6
2.485959 17.620995 6.908174 1
4.806589 8.725995 5.711801 1
4.890740 0.169005 1.505142 1
2.570109 9.064005 2.701516 1
3.845667 1.326422 6.488350 6
3.446882 10.221422 6.131625 6
3.531032 16.463578 1.924967 6
3.929817 7.568578 2.281692 6
4.386216 1.544172 7.264058 1
2.906332 10.439172 5.355917 1
2.990483 16.245828 1.149259 1
4.470366 7.350828 3.057399 1
4.311920 0.658230 5.961676 1
2.980628 9.553230 6.658299 1
3.064779 17.131770 2.451641 1
4.396071 8.236770 1.755018 1
0.085694 1.249925 6.012998 6
7.206855 10.144925 6.606978 6
7.291005 16.540075 2.400319 6
0.169844 7.645075 1.806339 6
7.369191 0.336231 6.148452 1
-0.076642 9.231231 6.471523 1
0.007508 17.453769 2.264865 1
7.453341 8.558769 1.941794 1
7.159926 1.608216 5.256640 1
0.132622 10.503216 7.363335 1
0.216773 16.181784 3.156676 1
7.244077 7.286784 1.049982 1
-0.127637 1.762989 6.795436 1
7.420186 10.657989 5.824539 1
7.504336 16.027011 1.617881 1
-0.043487 7.132011 2.588778 1
2.015920 1.284082 8.265242 6
5.276628 10.179082 4.354733 6
5.360778 16.505918 0.148074 6
2.100071 7.610918 4.058584 6
1.442219 0.850362 0.207809 1
6.018630 9.745362 3.998849 1
5.934479 16.939638 8.205508 1
1.358069 8.044638 4.414467 1
2.702927 2.234424 0.588091 6
4.757923 11.129424 3.618568 6
4.673772 15.555576 7.825226 6
2.618776 6.660576 4.794749 6
3.445394 2.704080 0.284370 1
4.015455 11.599080 3.922288 1
3.931304 15.085920 8.128947 1
3.361244 6.190920 4.491029 1
2.328012 2.439009 1.414279 1
5.132837 11.334009 2.792380 1
5.048687 15.350991 6.999038 1
2.243861 6.455991 5.620937 1
1.916394 0.608952 4.565570 8
5.376154 9.503952 8.054405 8
5.460305 17.181048 3.847746 8
2.000545 8.286048 0.358912 8
1.690870 17.613879 4.637420 1
5.601678 8.718879 7.982555 1
5.685828 0.176121 3.775897 1
1.775021 9.071121 0.430762 1
6.354004 5.514010 6.129943 6
0.938544 14.409010 6.490033 6
1.022695 12.275989 2.283374 6
6.438154 3.380989 1.923284 6
5.139659 5.674120 7.052883 6
2.152890 14.569121 5.567092 6
2.237040 12.115879 1.360433 6
5.223809 3.220879 2.846225 6
4.350353 4.728582 7.133231 8
2.942195 13.623582 5.486745 8
3.026345 13.061418 1.280086 8
4.434504 4.166418 2.926572 8
5.087074 6.761623 7.644844 8
2.205474 15.656623 4.975131 8
2.289625 11.028377 0.768472 8
5.171225 2.133377 3.438186 8
6.381046 4.347164 5.494737 9
0.911502 13.242164 7.125238 9
0.995653 13.442836 2.918580 9
6.465197 4.547836 1.288079 9
6.384188 6.439446 5.186810 9
0.908360 15.334446 7.433165 9
0.992511 11.350554 3.226507 9
6.468338 2.455554 0.980151 9
-0.055239 5.584103 6.797119 9
7.347787 14.479103 5.822857 9
7.431938 12.205897 1.616198 9
0.028912 3.310897 2.590460 9
