-2.070519 1.250209 6.306018 16
3.937365 2.921133 2.697049 16
1.810101 1.511295 8.540039 8
0.056745 2.660047 0.463028 8
1.202175 -1.505368 7.500725 8
0.664671 5.676710 1.502342 8
0.577746 -0.001092 8.570919 3
1.289099 4.172434 0.432147 3
-1.334109 2.311445 5.168660 6
3.200955 1.859897 3.834406 6
-1.703979 2.561646 4.330475 1
3.570824 1.609696 4.672591 1
-0.135406 2.736221 5.662028 6
2.002251 1.435121 3.341038 6
0.449610 3.321973 5.196570 1
1.417236 0.849369 3.806496 1
0.140299 2.202917 6.958560 6
1.726546 1.968425 2.044506 6
-0.822619 1.353835 7.501445 6
2.689465 2.817507 1.501621 6
1.395876 2.572874 7.693120 6
0.470969 1.598468 1.309946 6
2.112670 2.776106 7.041298 1
-0.245824 1.395236 1.961768 1
1.233805 3.384939 8.236005 1
0.633040 0.786403 0.767061 1
-2.290484 5.289428 0.398836 6
4.157330 -1.118086 8.604231 6
-4.406073 2.200874 8.863519 1
6.272918 1.970468 0.139548 1
-2.013329 4.514875 0.930917 1
3.880174 -0.343533 8.072149 1
-2.586323 6.006916 0.997540 1
4.453169 -1.835574 8.005527 1
1.563534 -1.277949 6.125686 6
0.303311 5.449291 2.877380 6
2.338988 -1.838968 5.874501 1
-0.472142 6.010310 3.128566 1
1.799814 -0.327399 5.981637 1
0.067032 4.498741 3.021429 1
0.338344 -1.656827 5.296504 6
1.528502 5.828169 3.706562 6
-2.709556 5.403377 4.491630 1
4.576401 -1.232035 4.511437 1
-0.163499 -0.850731 5.015608 1
2.030345 5.022073 3.987458 1
-3.812130 5.049713 6.260732 6
5.678975 -0.878371 2.742334 6
-1.346476 -2.068536 6.503815 1
3.213322 6.239878 2.499251 1
-4.026797 4.174060 5.851993 1
5.893642 -0.002718 3.151073 1
0.390435 -2.698457 7.478847 6
1.476410 6.869798 1.524219 6
-0.148913 -2.773801 8.305329 1
2.015759 6.945143 0.697738 1
-2.354016 4.067693 7.389717 1
4.220861 0.103649 1.613349 1
