5.127745 -1.839954 5.934862 16
-0.675648 9.042044 7.342828 16
2.266004 -1.086877 3.829551 16
2.186093 8.288967 9.448139 16
6.801886 3.528478 5.191577 9
-2.349790 3.673611 8.086113 9
6.148901 3.454205 7.225719 9
-1.696805 3.747884 6.051971 9
5.252252 5.595755 5.244688 9
-0.800156 1.606335 8.033002 9
4.022662 4.779646 6.766311 9
0.429434 2.422443 6.511379 9
4.074501 4.246293 3.377844 9
0.377595 2.955797 9.899846 9
2.473242 4.349085 4.811835 9
1.978854 2.853005 8.465855 9
7.346797 -3.154644 7.237669 7
-2.894701 10.356733 6.040021 7
-2.836979 12.167714 1.943854 7
7.289076 -4.965625 11.333836 7
5.425722 9.424730 7.828526 6
-0.973625 -2.222640 5.449164 6
5.358720 8.031081 7.568283 6
-0.906624 -0.828991 5.709407 6
4.690425 7.692807 7.001326 1
-0.238328 -0.490718 6.276364 1
6.257916 7.184421 8.136568 6
-1.805820 0.017669 5.141122 6
6.213305 6.261832 7.958647 1
-1.761209 0.940258 5.319043 1
-4.263475 7.687616 8.990324 6
8.715571 -0.485526 4.287366 6
-3.654298 7.088084 9.383344 1
8.106394 0.114006 3.894346 1
-4.151318 9.014333 9.265172 6
8.603414 -1.812243 4.012518 6
-0.605421 -4.042776 9.841424 1
5.057517 11.244865 3.436266 1
-2.192742 -3.439391 8.674315 6
6.644838 10.641481 4.603375 6
-2.136897 -2.021180 8.896052 6
6.588993 9.223270 4.381638 6
-3.106148 -1.258744 8.293245 6
7.558244 8.460834 4.984445 6
-3.108059 -0.327328 8.423367 1
7.560156 7.529418 4.854323 1
7.417778 -1.847782 7.483306 6
-2.965681 9.049872 5.794384 6
-1.071158 -1.372924 9.682092 6
5.523255 8.575014 3.595598 6
0.266152 -1.570451 9.364755 6
4.185945 8.772541 3.912935 6
0.500628 -2.150610 8.662365 1
3.951468 9.352700 4.615325 1
1.252863 -0.919753 10.076439 6
3.199234 8.121842 3.201251 6
2.156046 -1.057917 9.858685 1
2.296051 8.260007 3.419005 1
0.919326 -0.073791 11.098821 6
3.532770 7.275881 2.178869 6
1.596223 0.364810 11.582129 1
2.855874 6.837280 1.695561 1
-0.385838 0.137927 11.420141 6
4.837934 7.064163 1.857549 6
-0.608244 0.726003 12.119875 1
5.060341 6.476087 1.157815 1
-1.387989 -0.509683 10.719079 6
5.840085 7.711773 2.558611 6
-2.287898 -0.364420 10.947455 1
6.739994 7.566510 2.330235 1
6.401188 -1.044237 6.820749 6
-1.949092 8.246327 6.456941 6
6.348282 0.313321 6.772950 6
-1.896186 6.888769 6.504740 6
6.980475 0.866549 7.196508 1
-2.528379 6.335541 6.081182 1
5.249322 0.825332 6.021432 6
-0.797226 6.376757 7.256258 6
4.971120 2.102785 5.650985 6
-0.519024 5.099305 7.626705 6
5.685323 3.358979 5.968322 6
-1.233227 3.843111 7.309368 6
4.690841 4.464210 5.620446 6
-0.238745 2.737879 7.657244 6
3.712507 3.859281 4.643208 6
0.739589 3.342808 8.634482 6
3.834113 2.393803 4.819801 6
0.617984 4.808287 8.457889 6
3.102406 1.411246 4.270105 6
1.349690 5.790844 9.007585 6
1.925014 1.485730 3.473444 6
2.527083 5.716360 9.804246 6
1.550685 2.301537 3.193284 1
2.901411 4.900553 10.084406 1
1.388543 0.278066 3.149468 6
3.063554 6.924024 10.128222 6
3.725006 -0.034332 4.305955 6
0.727091 7.236422 8.971735 6
4.198730 -0.267870 5.753223 6
0.253366 7.469960 7.524467 6
3.197650 0.059244 4.939301 6
1.254447 7.142845 8.338389 6
4.694218 -0.209133 4.912745 6
-0.242122 7.411223 8.364945 6
0.210804 0.036467 2.336873 6
4.241292 7.165623 10.940817 6
-0.691464 1.081967 2.016881 6
5.143560 6.120123 11.260809 6
-0.509629 1.952673 2.320940 1
4.961726 5.249417 10.956750 1
9.707366 0.856950 1.286608 6
-5.255270 6.345140 11.991082 6
6.606536 12.896155 0.847117 6
-2.154439 -5.694066 12.430573 6
5.452196 12.462215 0.158005 6
-1.000100 -5.260126 13.119685 6
0.587189 6.924661 13.241840 1
3.864908 0.277429 0.035850 1
1.084299 5.008794 13.044003 6
3.367797 2.193296 0.233687 6
0.298564 4.760529 12.591233 1
4.153533 2.441561 0.686457 1
6.250202 10.220937 0.030539 6
-1.798106 -3.018847 13.247151 6
1.953334 3.173181 13.001514 1
2.498762 4.028908 0.276176 1
7.391226 10.583634 0.760812 6
-2.939129 -3.381545 12.516878 6
8.041717 9.936637 0.965288 1
-3.589621 -2.734548 12.312402 1
7.566204 11.909683 1.189681 6
-3.114107 -4.707593 12.088009 6
8.740427 1.945438 0.989188 6
-4.288331 5.256652 12.288502 6
4.259553 -3.877932 12.949731 6
0.192544 11.080021 0.327959 6
4.703404 -4.317737 12.247341 1
-0.251308 11.519827 1.030349 1
3.332689 -2.905218 12.665588 6
1.119407 10.107308 0.612102 6
3.133795 -2.698228 11.770672 1
1.318302 9.900317 1.507018 1
6.904254 3.915116 0.374431 6
-2.452158 3.286973 12.903259 6
6.259917 4.567973 0.165971 1
-1.807821 2.634117 13.111719 1
7.201468 3.640820 1.702200 6
-2.749372 3.561270 11.575490 6
6.775647 4.118871 2.391312 1
-2.323551 3.083218 10.886378 1
8.125678 2.655673 2.010242 6
-3.673582 4.546417 11.267448 6
8.336547 2.470790 2.906486 1
-3.884450 4.731300 10.371204 1
4.916489 -0.172448 3.319423 6
-0.464393 7.374537 9.958268 6
4.605760 -0.019340 2.413884 1
-0.153664 7.221430 10.863806 1
5.289850 -1.066061 3.387139 1
-0.837754 8.268150 9.890551 1
5.597886 0.480554 3.542488 1
-1.145789 6.721535 9.735202 1
2.952595 -0.188063 6.718511 6
1.499502 7.390153 6.559179 6
3.240816 -0.340139 7.633344 1
1.211280 7.542229 5.644346 1
2.304894 -0.866163 6.468891 1
2.147202 8.068253 6.808799 1
2.545384 0.688789 6.649467 1
1.906712 6.513301 6.628223 1
-1.769551 6.319375 2.655538 6
6.221647 0.882715 10.622152 6
-0.609046 5.690321 3.319423 8
5.061142 1.511769 9.958268 8
-0.657996 7.268374 2.482928 8
5.110093 -0.066285 10.794762 8
-0.077206 5.859304 1.314491 6
4.529302 1.342786 11.963199 6
-0.116040 5.006239 2.403262 8
4.568136 2.195851 10.874428 8
