12.138681 3.086713 3.929230 7
1.281125 2.318198 2.000788 7
10.291314 4.383232 0.323186 8
3.128492 1.021679 5.606832 8
12.323650 1.772938 2.114051 8
1.096157 3.631973 3.815967 8
7.145310 3.000962 4.361528 8
6.274497 2.403949 1.568490 8
7.726142 0.836790 4.286217 8
5.693665 4.568121 1.643801 8
9.435168 2.422098 4.091712 6
3.984638 2.982813 1.838306 6
10.045891 3.190677 5.200626 6
3.373915 2.214233 0.729392 6
11.399733 3.842849 4.939705 6
2.020074 1.562061 0.990313 6
11.626029 2.302632 2.979241 6
1.793778 3.102278 2.950777 6
10.145276 2.038518 3.016600 6
3.274531 3.366393 2.913418 6
7.966240 2.137537 4.253602 6
5.453567 3.267373 1.676416 6
11.122462 5.253325 4.414898 6
2.297345 0.151586 1.515120 6
13.035889 4.916993 0.290571 6
0.383918 0.487918 5.639447 6
9.584664 1.313315 1.843643 6
3.835143 4.091596 4.086375 6
6.329469 0.440924 4.447514 6
7.090337 4.963987 1.482505 6
11.950799 5.578892 4.121363 1
1.469008 -0.173981 1.808655 1
10.359027 -0.654078 5.076095 1
3.060780 6.058989 0.853923 1
10.529189 5.175938 3.552081 1
2.890618 0.228973 2.377937 1
12.665743 5.504357 0.895433 1
0.754064 -0.099446 5.034585 1
13.129614 4.052513 0.616722 1
0.290192 1.352398 5.313296 1
13.998816 5.202829 0.077090 1
-0.579009 0.202082 5.852928 1
9.860984 1.678738 1.008103 1
3.558822 3.726173 4.921915 1
8.590573 1.267742 1.850166 1
4.829233 4.137169 4.079852 1
9.965532 0.481619 1.779005 1
3.454274 4.923292 4.151013 1
5.814822 0.797527 3.658821 1
7.604984 4.607384 2.271197 1
5.973868 0.805929 5.123536 1
7.445939 4.598981 0.806482 1
6.403384 -0.661671 4.566114 1
7.016423 6.066582 1.363904 1
13.021959 3.229838 3.854512 1
0.397847 2.175072 2.075506 1
