11.675499 16.882984 14.288490 8
6.067701 0.269116 5.384340 8
0.153301 8.306934 12.423960 8
5.761099 8.845166 3.519810 8
11.321818 0.187301 0.100617 8
6.421382 16.964799 9.004767 8
0.506982 8.763351 8.803533 8
5.407418 8.388749 17.707683 8
0.509585 13.692178 12.660633 8
5.404815 3.459922 3.756483 8
11.319215 5.116128 14.051817 8
6.423985 12.035972 5.147667 8
7.686354 14.847544 1.367143 8
10.056846 2.304556 10.271293 8
4.142446 6.271494 7.537007 8
1.771954 10.880606 16.441157 8
1.837013 11.958959 13.240471 8
4.077387 5.193141 4.336321 8
9.991787 3.382909 13.471979 8
7.751413 13.769191 4.567829 8
10.745282 12.790321 17.123571 8
6.997918 4.361779 8.219421 8
1.083518 4.214271 9.588879 8
4.830882 12.937829 0.684729 8
0.603269 13.141596 14.800122 7
5.311131 4.010504 5.895972 7
11.225531 4.565546 11.912328 7
6.517669 12.586554 3.008178 7
7.626027 15.321113 17.791382 6
10.117173 1.830987 8.887232 6
4.202773 6.745063 8.921068 6
1.711627 10.407037 0.016918 6
0.043767 2.723753 4.165361 6
5.870633 14.428347 13.069511 6
11.785033 11.299803 4.738789 6
5.958167 5.852297 13.642939 6
1.671409 0.683168 15.200987 8
4.242991 16.468932 6.296837 8
10.157391 9.259218 11.511463 8
7.585809 7.892882 2.607313 8
8.588892 15.654036 2.149818 6
9.154308 1.498064 11.053968 6
3.239908 7.077986 6.754332 6
2.674492 10.074114 15.658482 6
9.269048 15.098994 2.560834 1
8.474152 2.053106 11.464984 1
2.559752 6.522944 6.343316 1
3.354648 10.629156 15.247466 1
8.106277 16.121259 2.849328 1
9.636923 1.030841 11.753478 1
3.722523 7.545209 6.054822 1
2.191877 9.606891 14.958972 1
9.375507 16.981265 16.555842 6
8.367693 0.170835 7.651692 6
2.453293 8.405215 10.156608 6
3.461107 8.746885 1.252458 6
9.018277 15.984042 17.632176 6
8.724923 1.168058 8.728026 6
2.810523 7.407992 9.080274 6
3.103877 9.744108 0.176124 6
9.672410 15.256793 17.571450 1
8.070790 1.895307 8.667300 1
2.156390 6.680743 9.141000 1
3.758010 10.471357 0.236850 1
11.305967 14.053916 14.763793 6
6.437233 3.098184 5.859643 6
0.522833 5.477866 11.948657 6
5.391567 11.674234 3.044507 6
11.424255 14.733654 15.459385 1
6.318945 2.418446 6.555235 1
0.404545 6.157604 11.253065 1
5.509855 10.994496 2.348915 1
11.550823 14.714444 13.355869 6
6.192377 2.437656 4.451719 6
0.277977 6.138394 13.356581 6
5.636423 11.013706 4.452431 6
11.117889 0.734796 2.413025 6
6.625311 16.417304 11.317175 6
0.710911 9.310846 6.491125 6
5.203489 7.841254 15.395275 6
9.763492 13.017929 16.455047 6
7.979708 4.134171 7.550897 6
2.065308 4.441879 10.257403 6
3.849092 12.710221 1.353253 6
11.275212 1.404585 15.879305 6
6.467988 15.747515 6.975155 6
0.553588 9.980635 10.833145 6
5.360812 7.171465 1.928995 6
10.631725 1.763236 15.233220 1
7.111475 15.388864 6.329070 1
1.197075 10.339286 11.479230 1
4.717325 6.812814 2.575080 1
10.534729 0.461391 16.792336 6
7.208471 16.690709 7.888186 6
1.294071 9.037441 9.920114 6
4.620329 8.114659 1.015964 6
1.062226 12.826855 13.577938 6
4.852174 4.325245 4.673788 6
10.766574 4.250805 13.134512 6
6.976626 12.901295 4.230362 6
10.619897 2.059967 2.343572 6
7.123303 15.092133 11.247722 6
1.208903 10.636017 6.560578 6
4.705497 6.516083 15.464728 6
10.013079 2.258932 1.666857 1
7.730121 14.893168 10.571007 1
1.815721 10.834982 7.237293 1
4.098679 6.317118 16.141443 1
10.725173 16.884356 1.354143 6
7.018027 0.267744 10.258293 6
1.103627 8.308306 7.550007 6
4.810773 8.843794 16.454157 6
11.137998 16.026922 1.586720 1
6.605202 1.125178 10.490870 1
0.690802 7.450872 7.317430 1
5.223598 9.701228 16.221580 1
9.225281 16.648171 1.185499 6
8.517919 0.503929 10.089649 6
2.603519 8.072121 7.718651 6
3.310881 9.079979 16.622801 6
8.745032 0.349903 1.218088 1
8.998168 16.802197 10.122238 1
3.083768 8.925953 7.686062 1
2.830632 8.226147 16.590212 1
0.475518 0.597922 15.112658 6
5.438882 16.554178 6.208508 6
11.353282 9.173972 11.599792 6
6.389918 7.978128 2.695642 6
0.641121 15.945964 13.507417 6
5.273279 1.206136 4.603267 6
11.187679 7.369914 13.205033 6
6.555521 9.782186 4.300883 6
1.436016 15.692456 14.022255 1
4.478384 1.459644 5.118105 1
10.392784 7.116406 12.690195 1
7.350416 10.035694 3.786045 1
8.526199 0.073754 15.327248 6
9.217001 17.078346 6.423098 6
3.302601 8.649804 11.385202 6
2.611799 8.502296 2.481052 6
7.751413 0.584887 15.569797 1
9.991787 16.567213 6.665647 1
4.077387 9.160937 11.142653 1
1.837013 7.991163 2.238503 1
8.249405 16.383686 14.957191 1
9.493795 0.768414 6.053041 1
3.579395 7.807636 11.755259 1
2.335005 9.344464 2.851109 1
9.038386 0.557443 14.675820 1
8.704814 16.594657 5.771670 1
2.790414 9.133493 12.036630 1
3.123986 8.018607 3.132480 1
7.422572 14.089250 16.907734 6
10.320628 3.062850 8.003584 6
4.406228 5.513200 9.804716 6
1.508172 11.638900 0.900566 6
7.488813 14.371745 15.981168 1
10.254387 2.780355 7.077018 1
4.339987 5.795695 10.731282 1
1.574413 11.356405 1.827132 1
6.518852 13.767991 17.046105 1
11.224348 3.384109 8.141955 1
5.309948 5.191941 9.666345 1
0.604452 11.960159 0.762195 1
8.379522 12.911243 17.111995 6
9.363678 4.240857 8.207845 6
3.449278 4.335193 9.600455 6
2.465122 12.816907 0.696305 6
8.536845 12.848638 0.268905 1
9.206355 4.303462 9.173055 1
3.291955 4.272588 8.635245 1
2.622445 12.879512 17.539395 1
10.326542 15.006372 12.523509 6
7.416658 2.145728 3.619359 6
1.502258 6.430322 14.188941 6
4.412142 10.721778 5.284791 6
10.596239 15.261939 11.637724 1
7.146961 1.890161 2.733574 1
1.232561 6.685889 15.074726 1
4.681839 10.466211 6.170576 1
9.829733 15.723330 12.925264 1
7.913467 1.428770 4.021114 1
1.999067 7.147280 13.787186 1
3.915333 10.004820 4.883036 1
9.776503 14.220806 12.476495 1
7.966697 2.931294 3.572345 1
2.052297 5.644756 14.235955 1
3.862103 11.507344 5.331805 1
0.559502 1.445922 4.326705 6
5.354898 15.706178 13.230855 6
11.269298 10.021972 4.577445 6
6.473902 7.130128 13.481595 6
6.438416 16.263621 17.669395 6
11.304784 0.888479 8.765245 6
5.390384 7.687571 9.043055 6
0.524016 9.464529 0.138905 6
5.665995 15.858832 0.263563 1
0.248405 1.293268 9.167713 1
6.162805 7.282782 8.640587 1
11.580395 9.869318 17.544737 1
6.260984 16.436857 16.741583 1
11.482216 0.715243 7.837433 1
5.567816 7.860807 9.970867 1
0.346584 9.291293 1.066717 1
6.637140 17.088637 0.308084 1
11.106060 0.063463 9.212234 1
5.191660 8.512587 8.596066 1
0.722740 8.639513 17.500216 1
9.929095 13.347421 14.971616 6
7.814105 3.804679 6.067466 6
1.899705 4.771371 11.740834 6
4.014695 12.380729 2.836684 6
9.211087 13.954949 14.695409 1
8.532113 3.197151 5.791259 1
2.617713 5.378899 12.017041 1
3.296687 11.773201 3.112891 1
0.162055 0.435663 3.415632 6
5.752345 16.716437 12.319782 6
11.666745 9.011713 5.488518 6
6.076455 8.140387 14.392668 6
0.495627 16.723298 3.501112 1
5.418773 0.428803 12.405262 1
11.333173 8.147248 5.403038 1
6.410027 9.004853 14.307188 1
10.954652 3.031805 3.170412 7
6.788548 14.120295 12.074562 7
0.874148 11.607855 5.733738 7
5.040252 5.544245 14.637888 7
7.701732 11.593104 16.698843 6
10.041468 5.558996 7.794693 6
4.127068 3.017054 10.013607 6
1.787332 14.135046 1.109457 6
7.413109 11.653137 15.785277 1
10.330091 5.498963 6.881127 1
4.415691 3.077087 10.927173 1
1.498709 14.075013 2.023023 1
6.942323 11.431875 17.265147 1
10.800877 5.720225 8.360997 1
4.886477 2.855825 9.447303 1
1.027923 14.296275 0.543153 1
8.327475 10.869286 16.789665 1
9.415725 6.282814 7.885515 1
3.501325 2.293236 9.922785 1
2.413075 14.858864 1.018635 1
1.511721 1.214369 5.367422 6
4.402679 15.937731 14.271572 6
10.317079 9.790419 3.536728 6
7.426121 7.361681 12.440878 6
1.866585 0.365340 5.493861 1
4.047815 16.786760 14.398011 1
9.962215 8.941390 3.410289 1
7.780985 8.210710 12.314439 1
1.380421 3.535048 5.988931 6
4.533979 13.617052 14.893081 6
10.448379 12.111098 2.915219 6
7.294821 5.041002 11.819369 6
1.660764 4.227993 6.540989 1
4.253636 12.924107 15.445139 1
10.168036 12.804043 2.363161 1
7.575164 4.348057 11.267311 1
1.898522 2.253786 6.177699 6
4.015878 14.898314 15.081849 6
9.930278 10.829836 2.726451 6
7.812922 6.322264 11.630601 6
2.512437 2.101132 6.859757 1
3.401963 15.050968 15.763907 1
9.316363 10.677182 2.044393 1
8.426837 6.474918 10.948543 1
0.475518 3.783753 5.011256 6
5.438882 13.368347 13.915406 6
11.353282 12.359803 3.892894 6
6.389918 4.792297 12.797044 6
0.138397 4.641358 4.895502 1
5.776003 12.510742 13.799652 1
11.690403 13.217408 4.008648 1
6.052797 3.934692 12.912798 1
9.828550 12.037344 14.152256 6
7.914650 5.114756 5.248106 6
2.000250 3.461294 12.560194 6
3.914150 13.690806 3.656044 6
10.380955 11.363266 14.554724 1
7.362245 5.788834 5.650574 1
1.447845 2.787216 12.157726 1
4.466555 14.364884 3.253576 1
10.124270 12.198574 13.252937 1
7.618930 4.953526 4.348787 1
1.704530 3.622524 13.459513 1
4.209870 13.529576 4.555363 1
8.916549 11.737182 14.139790 1
8.826651 5.414918 5.235640 1
2.912251 3.161132 12.572660 1
3.002149 13.990968 3.668510 1
1.939923 15.891421 11.274435 6
3.974477 1.260679 2.370285 6
9.888877 7.315371 15.438015 6
7.854323 9.836729 6.533865 6
2.667394 15.488346 11.755259 1
3.247006 1.663754 2.851109 1
9.161406 6.912296 14.957191 1
8.581794 10.239804 6.053041 1
2.288873 16.479738 10.601281 1
3.625527 0.672362 1.697131 1
9.539927 7.903688 16.111169 1
8.203273 9.248412 7.207019 1
1.412359 15.207052 10.857721 1
4.502041 1.945048 1.953571 1
10.416441 6.631002 15.854729 1
7.326759 10.521098 6.950579 1
1.079969 16.676987 12.232521 6
4.834431 0.475113 3.328371 6
10.748831 8.100937 14.479929 6
6.994369 9.051163 5.575779 6
0.283891 16.966857 11.758820 1
5.630509 0.185243 2.854670 1
11.544909 8.390807 14.953630 1
6.198291 8.761293 6.049480 1
1.567316 0.322459 12.492522 1
4.347084 16.829641 3.588372 1
10.261484 8.898509 14.219928 1
7.481716 8.253591 5.315778 1
0.085167 2.589967 16.611582 6
5.829233 14.562133 7.707432 6
11.743633 11.166017 10.100868 6
5.999567 5.986083 1.196718 6
0.736934 2.265792 17.238434 1
5.177466 14.886308 8.334284 1
11.091866 10.841842 9.474016 1
6.651334 6.310258 0.569866 1
11.234994 3.078802 17.079941 1
6.508206 14.073298 8.175791 1
0.593806 11.654852 9.632509 1
5.320594 5.497248 0.728359 1
0.513370 3.166278 15.974045 1
5.401030 13.985822 7.069895 1
11.315430 11.742328 10.738405 1
6.427770 5.409772 1.834255 1
7.779802 3.312071 17.145831 6
9.963398 13.840029 8.241681 6
4.048998 11.888121 9.566619 6
1.865402 5.263979 0.662469 6
8.031755 4.078769 15.961579 6
9.711445 13.073331 7.057429 6
3.797045 12.654819 10.750871 6
2.117355 4.497281 1.846721 6
7.363428 3.878090 15.302672 1
10.379772 13.274010 6.398522 1
4.465372 12.454140 11.409778 1
1.449028 4.697960 2.505628 1
8.898806 3.855792 15.614317 1
8.844394 13.296308 6.710167 1
2.929994 12.431842 11.098133 1
2.984406 4.720258 2.193983 1
8.002183 5.013559 16.173498 1
9.741017 12.138541 7.269348 1
3.826617 13.589609 10.538952 1
2.087783 3.562491 1.634802 1
7.557420 2.715177 0.245755 7
10.185780 14.436923 9.149905 7
4.271380 11.291227 8.658395 7
1.643020 5.860873 17.562545 7
5.346618 2.005080 14.460340 7
0.567782 15.147020 5.556190 7
6.482182 10.581130 12.252110 7
11.261018 6.570970 3.347960 7
3.987488 2.775210 16.470897 6
1.926912 14.376890 7.566747 6
7.841312 11.351260 10.241553 6
9.901888 5.800840 1.337403 6
3.381854 2.077119 16.727336 1
2.532546 15.074981 7.823186 1
8.446946 10.653169 9.985114 1
9.296254 6.498931 1.080964 1
3.490679 3.571067 16.262540 1
2.423721 13.581033 7.358390 1
8.338121 12.147117 10.449910 1
9.405079 5.004983 1.545760 1
4.593123 2.955307 17.193914 1
1.321277 14.196793 8.289764 1
7.235677 11.531357 9.518536 1
10.507523 5.620743 0.614386 1
4.720874 2.368705 15.334727 6
1.193526 14.783395 6.430577 6
7.107926 10.944755 11.377723 6
10.635274 6.207345 2.473573 6
0.768872 12.642813 15.478974 1
5.145528 4.509287 6.574824 1
11.059928 4.066763 11.233476 1
6.683272 13.085337 2.329326 1
