0.834397 6.225499 7.825713 15
3.251181 1.652499 7.780766 15
7.554681 2.920501 7.780766 15
5.137897 7.493501 7.825713 15
5.242798 6.834989 0.054311 15
7.449780 2.261989 15.552168 15
3.146280 2.311011 15.552168 15
0.939298 6.884011 0.054311 15
4.464787 3.916317 8.358830 7
8.227791 8.489317 7.247649 7
3.924291 5.229683 7.247649 7
0.161287 0.656683 8.358830 7
5.887024 3.277926 8.024851 7
6.805555 7.850926 7.581627 7
2.502055 5.868074 7.581627 7
1.583524 1.295074 8.024851 7
6.145713 2.917574 7.990517 1
6.546865 7.490574 7.615962 1
2.243365 6.228426 7.615962 1
1.842213 1.655426 7.990517 1
5.257883 6.931753 8.947194 7
7.434695 2.358753 6.659284 7
3.131195 2.214247 6.659284 7
0.954383 6.787247 8.947194 7
3.512067 6.808282 9.278052 7
0.573511 2.235282 6.328427 7
4.877011 2.337718 6.328427 7
7.815567 6.910718 9.278052 7
2.908608 6.649142 9.285855 1
1.176971 2.076142 6.320624 1
5.480471 2.496858 6.320624 1
7.212108 7.069858 9.285855 1
-0.029504 9.144171 15.303713 7
4.115083 4.571171 0.302766 7
8.418583 0.001829 0.302766 7
4.273996 4.574829 15.303713 7
1.545184 0.610038 15.455096 7
2.540394 5.183038 0.151383 7
6.843894 8.535962 0.151383 7
5.848684 3.962962 15.455096 7
1.962264 0.951184 15.419201 1
2.123314 5.524184 0.187278 1
6.426814 8.194816 0.187278 1
6.265764 3.621816 15.419201 1
0.472841 6.191842 14.462524 7
3.612738 1.618842 1.143955 7
7.916238 2.954158 1.143955 7
4.776341 7.527158 14.462524 7
7.216927 6.302509 14.180046 7
5.475651 1.729509 1.426432 7
1.172151 2.843491 1.426432 7
2.913427 7.416491 14.180046 7
6.642077 6.539390 14.357960 1
6.050501 1.966390 1.248518 1
1.747001 2.606610 1.248518 1
2.338577 7.179610 14.357960 1
1.585625 6.560151 7.319595 8
2.499953 1.987151 8.286884 8
6.803453 2.585849 8.286884 8
5.889125 7.158849 7.319595 8
0.757529 5.468393 7.696803 8
3.328049 0.895393 7.909675 8
7.631549 3.677607 7.909675 8
5.061029 8.250607 7.696803 8
1.166750 6.365616 8.840134 8
2.918829 1.792616 6.766345 8
7.222329 2.780384 6.766345 8
5.470250 7.353384 8.840134 8
8.199553 6.405858 7.667307 8
4.493025 1.832858 7.939172 8
0.189525 2.740142 7.939172 8
3.896053 7.313142 7.667307 8
2.610317 4.092835 7.903121 8
1.475261 8.665835 7.703358 8
5.778761 5.053165 7.703358 8
6.913817 0.480165 7.903121 8
4.389455 2.803249 8.452781 8
8.303123 7.376249 7.153698 8
3.999623 6.342751 7.153698 8
0.085955 1.769751 8.452781 8
7.371579 3.699557 7.542611 8
5.320999 8.272557 8.063867 8
1.017499 5.446443 8.063867 8
3.068079 0.873443 7.542611 8
7.086535 6.750663 9.402747 8
5.606044 2.177663 6.203731 8
1.302544 2.395337 6.203731 8
2.783035 6.968337 9.402747 8
4.324983 5.984228 8.631943 8
8.367595 1.411228 6.974535 8
4.064095 3.161772 6.974535 8
0.021483 7.734772 8.631943 8
2.653654 7.584778 9.977222 8
1.431924 3.011778 5.629257 8
5.735424 1.561222 5.629257 8
6.957154 6.134222 9.977222 8
7.917457 8.075918 9.254642 8
4.775122 3.502918 6.351837 8
0.471622 1.070082 6.351837 8
3.613957 5.643082 9.254642 8
8.170284 8.413405 9.516831 1
4.522294 3.840405 6.089648 1
0.218794 0.732595 6.089648 1
3.866784 5.305595 9.516831 1
1.485739 4.139480 9.603447 8
2.599839 8.712480 6.003032 8
6.903339 5.006520 6.003032 8
5.789239 0.433520 9.603447 8
6.120204 6.446101 0.509864 8
6.572374 1.873101 15.096615 8
2.268874 2.699899 15.096615 8
1.816704 7.272899 0.509864 8
5.277317 7.576546 0.282009 8
7.415261 3.003546 15.324470 8
3.111761 1.569454 15.324470 8
0.973817 6.142454 0.282009 8
5.020978 6.757979 14.633259 8
7.671601 2.184979 0.973220 8
3.368101 2.388021 0.973220 8
0.717478 6.961021 14.633259 8
4.039284 6.682068 0.183532 8
0.046294 2.109068 15.422946 8
4.349794 2.463932 15.422946 8
8.342784 7.036932 0.183532 8
7.113764 8.937471 0.179318 8
5.578815 4.364471 15.427160 8
1.275315 0.208529 15.427160 8
2.810264 4.781529 0.179318 8
-0.063278 1.097520 15.010311 8
4.148856 5.670520 0.596167 8
8.452356 8.048480 0.596167 8
4.240222 3.475480 15.010311 8
3.422622 0.181091 0.335539 8
0.662956 4.754091 15.270939 8
4.966456 8.964909 15.270939 8
7.726122 4.391909 0.335539 8
5.209883 8.964909 14.110598 8
7.482695 4.391909 1.495881 8
3.179195 0.181091 1.495881 8
0.906383 4.754091 14.110598 8
2.146824 6.387566 14.036623 8
1.938754 1.814566 1.569856 8
6.242254 2.758434 1.569856 8
6.450324 7.331434 14.036623 8
8.249188 7.106442 14.899505 8
4.443390 2.533442 0.706973 8
0.139890 2.039558 0.706973 8
3.945688 6.612558 14.899505 8
6.129363 5.536074 13.476194 8
6.563216 0.963074 2.130284 8
2.259716 3.609926 2.130284 8
1.825863 8.182926 13.476194 8
3.055242 5.036702 14.132759 8
1.030336 0.463702 1.473720 8
5.333836 4.109298 1.473720 8
7.358742 8.682298 14.132759 8
3.294803 4.980912 14.666969 1
0.790775 0.407912 0.939510 1
5.094275 4.165088 0.939510 1
7.598303 8.738088 14.666969 1
1.728176 5.101639 7.589431 6
2.357402 0.528639 8.017048 6
6.660902 4.044361 8.017048 6
6.031676 8.617361 7.589431 6
2.384923 5.369617 7.772026 1
1.700655 0.796617 7.834452 1
6.004155 3.776383 7.834452 1
6.688423 8.349383 7.772026 1
1.720540 4.977253 6.965171 1
2.365038 0.404253 8.641307 1
6.668538 4.168747 8.641307 1
6.024040 8.741747 6.965171 1
1.746000 4.493430 8.162188 6
2.339579 9.066430 7.444290 6
6.643079 4.652570 7.444290 6
6.049500 0.079570 8.162188 6
1.035040 4.259292 8.040458 1
3.050538 8.832292 7.566021 1
7.354038 4.886708 7.566021 1
5.338540 0.313708 8.040458 1
2.023209 4.620559 9.143836 6
2.062369 0.047559 6.462643 6
6.365869 4.525441 6.462643 6
6.326709 9.098441 9.143836 6
1.817861 5.072372 9.303022 1
2.267717 0.499372 6.303457 1
6.571217 4.073628 6.303457 1
6.121361 8.646628 9.303022 1
3.253661 4.521782 9.292097 6
0.831917 9.094782 6.314381 6
5.135417 4.624218 6.314381 6
7.557161 0.051218 9.292097 6
3.642164 4.921463 9.145396 1
0.443414 0.348463 6.461082 1
4.746914 4.224537 6.461082 1
7.945664 8.797537 9.145396 1
3.511870 4.394653 9.908553 1
0.573708 8.967653 5.697925 1
4.877208 4.751347 5.697925 1
7.815370 0.178347 9.908553 1
3.401081 3.974852 8.658474 6
0.684497 8.547852 6.948004 6
4.987997 5.171148 6.948004 6
7.704581 0.598148 8.658474 6
3.223385 3.552306 8.933148 1
0.862194 8.125306 6.673330 1
5.165694 5.593694 6.673330 1
7.526885 1.020694 8.933148 1
4.863281 3.298048 8.297965 6
7.829298 7.871048 7.308514 6
3.525798 5.847952 7.308514 6
0.559781 1.274952 8.297965 6
6.474152 3.795590 7.768905 6
6.218426 8.368590 7.837574 6
1.914926 5.350410 7.837574 6
2.170652 0.777410 7.768905 6
5.964269 4.416603 7.793875 6
6.728309 8.989603 7.812603 6
2.424809 4.729397 7.812603 6
1.660769 0.156397 7.793875 6
4.998879 4.445871 8.079474 6
7.693699 9.018871 7.527005 6
3.390199 4.700129 7.527005 6
0.695379 0.127129 8.079474 6
4.657911 4.861099 8.088838 1
8.034667 0.288099 7.517641 1
3.731167 4.284901 7.517641 1
0.354411 8.857901 8.088838 1
6.535807 5.006520 7.483306 6
6.156771 0.433520 8.123172 6
1.853271 4.139480 8.123172 6
2.232307 8.712480 7.483306 6
6.049000 5.384250 7.458336 1
6.643579 0.811250 8.148142 1
2.340079 3.761750 8.148142 1
1.745500 8.334750 7.458336 1
6.732494 4.921463 6.896503 1
5.960084 0.348463 8.709976 1
1.656584 4.224537 8.709976 1
2.428994 8.797537 6.896503 1
7.195375 5.095237 7.895318 1
5.497203 0.522237 7.711161 1
1.193703 4.050763 7.711161 1
2.891875 8.623763 7.895318 1
0.277241 6.335434 9.362327 6
3.808338 1.762434 6.244152 6
8.111838 2.810566 6.244152 6
4.580741 7.383566 9.362327 6
0.564474 6.355555 9.995950 1
3.521105 1.782555 5.610529 1
7.824605 2.790445 5.610529 1
4.867974 7.363445 9.995950 1
-0.123094 5.920206 9.246839 1
4.208672 1.347206 6.359640 1
8.512172 3.225794 6.359640 1
4.180406 7.798794 9.246839 1
8.119057 6.908888 9.117305 6
4.573521 2.335888 6.489174 6
0.270021 2.237112 6.489174 6
3.815557 6.810112 9.117305 6
7.874107 6.992117 8.106005 6
4.818471 2.419117 7.500474 6
0.514971 2.153883 7.500474 6
3.570607 6.726883 8.106005 6
8.242694 7.388139 7.906242 1
4.449884 2.815139 7.700237 1
0.146384 1.757861 7.700237 1
3.939194 6.330861 7.906242 1
6.656206 7.055224 7.921849 6
6.036372 2.482224 7.684630 6
1.732872 2.090776 7.684630 6
2.352706 6.663776 7.921849 6
6.373331 6.858585 7.345969 1
6.319247 2.285585 8.260509 1
2.015747 2.287415 8.260509 1
2.069831 6.860415 7.345969 1
6.429842 7.518012 7.921849 1
6.262736 2.945012 7.684630 1
1.959236 1.627988 7.684630 1
2.126342 6.200988 7.921849 1
6.259335 6.685726 8.667838 6
6.433243 2.112726 6.938640 6
2.129743 2.460274 6.938640 6
1.955835 7.033274 8.667838 6
6.166064 6.214707 8.505531 1
6.526514 1.641707 7.100948 1
2.223014 2.931293 7.100948 1
1.862564 7.504293 8.505531 1
4.376919 6.535732 8.919103 6
8.315660 1.962732 6.687376 6
4.012160 2.610268 6.687376 6
0.073419 7.183268 8.919103 6
3.462941 7.426552 9.652607 6
0.622637 2.853552 5.953872 6
4.926137 1.719448 5.953872 6
7.766441 6.292448 9.652607 6
4.393478 7.831720 9.582378 6
8.299100 3.258720 6.024101 6
3.995600 1.314280 6.024101 6
0.089978 5.887280 9.582378 6
5.245844 7.571973 9.254642 6
7.446734 2.998973 6.351837 6
3.143234 1.574027 6.351837 6
0.942344 6.147027 9.254642 6
5.870200 7.837207 9.229671 1
6.822378 3.264207 6.376807 1
2.518878 1.308793 6.376807 1
1.566700 5.881793 9.229671 1
4.392541 8.516755 9.896068 6
8.300038 3.943755 5.710411 6
3.996538 0.629245 5.710411 6
0.089041 5.202245 9.896068 6
4.393912 8.521328 10.537494 1
8.298666 3.948328 5.068984 1
3.995166 0.624672 5.068984 1
0.090412 5.197672 10.537494 1
3.739815 8.739918 9.610470 1
0.345764 4.166918 5.996009 1
4.649264 0.406082 5.996009 1
8.043315 4.979082 9.610470 1
5.042674 8.740832 9.750928 1
7.649904 4.167832 5.855551 1
3.346404 0.405168 5.855551 1
0.739174 4.978168 9.750928 1
-0.055437 7.525329 9.579257 6
4.141015 2.952329 6.027222 6
8.444515 1.620671 6.027222 6
4.248063 6.193671 9.579257 6
-0.072140 7.480513 10.220683 1
4.157718 2.907513 5.385796 1
8.461218 1.665487 5.385796 1
4.231360 6.238487 10.220683 1
0.711077 7.592095 9.482496 1
3.374502 3.019095 6.123982 1
7.678002 1.553905 6.123982 1
5.014577 6.126905 9.482496 1
1.132175 4.140943 10.601169 14
2.953403 8.713943 5.005310 14
7.256903 5.005057 5.005310 14
5.435675 0.432057 10.601169 14
1.093650 5.054994 10.993204 6
2.991928 0.481994 4.613275 6
7.295428 4.091006 4.613275 6
5.397150 8.664006 10.993204 6
0.204438 5.356812 11.370880 6
3.881141 0.783812 4.235598 6
8.184641 3.789188 4.235598 6
4.507938 8.362188 11.370880 6
8.146487 5.122675 11.344349 1
4.546091 0.549675 4.262129 1
0.242591 4.023325 4.262129 1
3.842987 8.596325 11.344349 1
0.266059 5.963192 11.765724 6
3.819519 1.390192 3.840754 6
8.123019 3.182808 3.840754 6
4.569559 7.755808 11.765724 6
8.273902 6.133308 12.020110 1
4.418676 1.560308 3.586369 1
0.115176 3.012692 3.586369 1
3.970402 7.585692 12.020110 1
1.227221 6.321715 11.782891 6
2.858357 1.748715 3.823587 6
7.161857 2.824285 3.823587 6
5.530721 7.397285 11.782891 6
1.277207 6.748833 12.024792 1
2.808372 2.175833 3.581687 1
7.111872 2.397167 3.581687 1
5.580707 6.970167 12.024792 1
2.093402 6.054652 11.452034 6
1.992177 1.481652 4.154445 6
6.295677 3.091348 4.154445 6
6.396902 7.664348 11.452034 6
2.756718 6.290619 11.472322 1
1.328860 1.717619 4.134156 1
5.632360 2.855381 4.134156 1
7.060218 7.428381 11.472322 1
1.996165 5.431809 11.080600 6
2.089413 0.858809 4.525879 6
6.392913 3.714191 4.525879 6
6.299665 8.287191 11.080600 6
2.623093 5.257121 10.871473 1
1.462486 0.684121 4.735006 1
5.765986 3.888879 4.735006 1
6.926593 8.461879 10.871473 1
2.079674 3.741629 11.448913 6
2.005904 8.314629 4.157566 6
6.309404 5.404371 4.157566 6
6.383174 0.831371 11.448913 6
2.617547 3.178235 11.207012 6
1.468032 7.751235 4.399466 6
5.771532 5.967765 4.399466 6
6.921047 1.394765 11.207012 6
2.488954 3.028241 10.615527 1
1.596624 7.601241 4.990952 1
5.900124 6.117759 4.990952 1
6.792454 1.544759 10.615527 1
3.322633 2.844406 11.810983 6
0.762945 7.417406 3.795496 6
5.066445 6.301594 3.795496 6
7.626133 1.728594 11.810983 6
3.665802 2.458445 11.643994 1
0.419776 7.031445 3.962485 1
4.723276 6.687555 3.962485 1
7.969302 2.114555 11.643994 1
3.531118 3.071227 12.659975 6
0.554461 7.644227 2.946503 6
4.857961 6.074773 2.946503 6
7.834618 1.501773 12.659975 6
4.034038 2.840748 13.071986 1
0.051540 7.413748 2.534492 1
4.355040 6.305252 2.534492 1
8.337538 1.732252 13.071986 1
3.047077 3.609926 12.929968 6
1.038501 8.182926 2.676511 6
5.342001 5.536074 2.676511 6
7.350577 0.963074 12.929968 6
3.183350 3.749860 13.526135 1
0.902228 8.322860 2.080344 1
5.205728 5.396140 2.080344 1
7.486850 0.823140 13.526135 1
2.332610 3.960218 12.319754 6
1.752969 8.533218 3.286724 6
6.056469 5.185782 3.286724 6
6.636110 0.612782 12.319754 6
2.009967 4.350752 12.496107 1
2.075612 8.923752 3.110371 1
6.379112 4.795248 3.110371 1
6.313467 0.222248 12.496107 1
8.286826 3.799248 10.478190 6
4.405752 8.372248 5.128289 6
0.102252 5.346752 5.128289 6
3.983326 0.773752 10.478190 6
8.424081 3.133420 10.017799 6
4.268497 7.706420 5.588680 6
-0.035003 6.012580 5.588680 6
4.120581 1.439580 10.017799 6
0.435717 2.897453 10.340853 1
3.649861 7.470453 5.265626 1
7.953361 6.248547 5.265626 1
4.739217 1.675547 10.340853 1
-0.042755 3.210246 9.410707 1
4.128333 7.783246 6.195772 1
8.431833 5.935754 6.195772 1
4.260745 1.362754 9.410707 1
7.761407 2.874588 10.013117 1
4.931171 7.447588 5.593362 1
0.627671 6.271412 5.593362 1
3.457907 1.698412 10.013117 1
7.880269 3.672119 11.363077 6
4.812309 8.245119 4.243402 6
0.508809 5.473881 4.243402 6
3.576769 0.900881 11.363077 6
7.210274 3.411458 11.266317 1
5.482304 7.984458 4.340162 1
1.178804 5.734542 4.340162 1
2.906774 1.161542 11.266317 1
7.729276 4.088262 11.636190 1
4.963302 8.661262 3.970288 1
0.659802 5.057738 3.970288 1
3.425776 0.484738 11.636190 1
8.436880 3.433408 11.751678 1
4.255698 8.006408 3.854800 1
-0.047802 5.712592 3.854800 1
4.133380 1.139592 11.751678 1
7.484785 4.219964 9.852370 6
5.207793 8.792964 5.754109 6
0.904293 4.926036 5.754109 6
3.181285 0.353036 9.852370 6
7.778296 4.286730 9.296779 1
4.914283 8.859730 6.309699 1
0.610783 4.859270 6.309699 1
3.474796 0.286270 9.296779 1
7.386251 4.643424 10.128605 1
5.306327 0.070424 5.477874 1
1.002827 4.502576 5.477874 1
3.082751 9.075576 10.128605 1
6.781485 3.995887 9.736882 1
5.911094 8.568887 5.869597 1
1.607594 5.150113 5.869597 1
2.477985 0.577113 9.736882 1
0.724944 4.914146 11.016613 6
3.360635 0.341146 4.589865 6
7.664135 4.231854 4.589865 6
5.028444 8.804854 11.016613 6
8.236197 5.105297 10.837139 6
4.456382 0.532297 4.769340 6
0.152882 4.040703 4.769340 6
3.932697 8.613703 10.837139 6
7.721433 4.848295 10.471947 1
4.971145 0.275295 5.134531 1
0.667645 4.297705 5.134531 1
3.417933 8.870705 10.471947 1
7.931508 5.677837 11.207012 6
4.761070 1.104837 4.399466 6
0.457570 3.468163 4.399466 6
3.628008 8.041163 11.207012 6
7.185979 5.797649 11.157072 1
5.506600 1.224649 4.449407 1
1.203100 3.348351 4.449407 1
2.882479 7.921351 11.157072 1
0.129807 6.082090 11.661161 6
3.955771 1.509090 3.945318 6
8.259271 3.063910 3.945318 6
4.433307 7.636910 11.661161 6
-0.070562 6.486343 11.895258 1
4.156141 1.913343 3.711221 1
8.459641 2.659657 3.711221 1
4.232938 7.232657 11.895258 1
1.194776 5.896426 11.764164 6
2.890802 1.323426 3.842315 6
7.194302 3.249574 3.842315 6
5.498276 7.822574 11.764164 6
1.736188 6.171721 12.070051 1
2.349390 1.598721 3.536428 1
6.652890 2.974279 3.536428 1
6.039688 7.547279 12.070051 1
1.486096 5.307424 11.427064 6
2.599482 0.734424 4.179415 6
6.902982 3.838576 4.179415 6
5.789596 8.411576 11.427064 6
2.230612 5.182124 11.487929 1
1.854966 0.609124 4.118550 1
6.158466 3.963876 4.118550 1
6.534112 8.536876 11.487929 1
2.360905 3.825772 11.341228 6
1.724673 8.398772 4.265251 6
6.028173 5.320228 4.265251 6
6.664405 0.747228 11.341228 6
3.180227 3.408714 11.099328 6
0.905352 7.981714 4.507151 6
5.208852 5.737286 4.507151 6
7.483727 1.164286 11.099328 6
3.144786 3.296218 10.493796 1
0.940792 7.869218 5.112682 1
5.244292 5.849782 5.112682 1
7.448286 1.276782 10.493796 1
4.032863 3.151712 11.676767 6
0.052715 7.724712 3.929711 6
4.356215 5.994288 3.929711 6
8.336363 1.421288 11.676767 6
4.565975 2.882819 11.467640 1
8.126603 7.455819 4.138838 1
3.823103 6.263181 4.138838 1
0.262475 1.690181 11.467640 1
4.090224 3.295304 12.561655 6
-0.004646 7.868304 3.044824 6
4.298854 5.850696 3.044824 6
8.393724 1.277696 12.561655 6
4.649951 3.111469 12.973666 1
8.042628 7.684469 2.632813 1
3.739128 6.034531 2.632813 1
0.346451 1.461531 12.973666 1
3.341001 3.700472 12.837889 6
0.744578 8.273472 2.768589 6
5.048078 5.445528 2.768589 6
7.644501 0.872528 12.837889 6
3.398797 3.813882 13.444981 1
0.686781 8.386882 2.161497 1
4.990281 5.332118 2.161497 1
7.702297 0.759118 13.444981 1
2.488473 3.951072 12.252646 6
1.597106 8.524072 3.353832 6
5.900606 5.194928 3.353832 6
6.791973 0.621928 12.252646 6
1.969775 4.226367 12.477380 1
2.115803 8.799367 3.129099 1
6.419303 4.919633 3.129099 1
6.273275 0.346633 12.477380 1
0.123043 3.406885 10.481311 6
3.962535 7.979885 5.125168 6
8.266035 5.739115 5.125168 6
4.426543 1.166115 10.481311 6
7.821515 3.539502 9.715033 6
4.871063 8.112502 5.891446 6
0.567563 5.606498 5.891446 6
3.518015 1.033498 9.715033 6
8.142416 3.599866 9.170367 1
4.550163 8.172866 6.436112 1
0.246663 5.546134 6.436112 1
3.838916 0.973134 9.170367 1
7.422989 3.933695 9.839885 1
5.269589 8.506695 5.766594 1
0.966089 5.212305 5.766594 1
3.119489 0.639305 9.839885 1
7.319803 3.167260 9.647925 1
5.372775 7.740260 5.958554 1
1.069275 5.978740 5.958554 1
3.016303 1.405740 9.647925 1
0.681169 2.744715 10.329928 6
3.404409 7.317715 5.276550 6
7.707909 6.401285 5.276550 6
4.984669 1.828285 10.329928 6
0.126704 2.403569 10.219122 1
3.958874 6.976569 5.387356 1
8.262374 6.742431 5.387356 1
4.430204 2.169431 10.219122 1
1.190245 2.632219 10.855867 1
2.895333 7.205219 4.750612 1
7.198833 6.513781 4.750612 1
5.493745 1.940781 10.855867 1
1.079031 2.782213 9.821157 1
3.006547 7.355213 5.785322 1
7.310047 6.363787 5.785322 1
5.382531 1.790787 9.821157 1
8.231478 3.382191 11.359956 6
4.461100 7.955191 4.246523 6
0.157600 5.763809 4.246523 6
3.927978 1.190809 11.359956 6
7.802043 3.777298 11.417700 1
4.890535 8.350298 4.188779 1
0.587035 5.368702 4.188779 1
3.498543 0.795702 11.417700 1
0.210571 3.354753 11.856242 1
3.875008 7.927753 3.750237 1
8.178508 5.791247 3.750237 1
4.514071 1.218247 11.856242 1
7.760675 2.998059 11.359956 1
4.931903 7.571059 4.246523 1
0.628403 6.147941 4.246523 1
3.457175 1.574941 11.359956 1
6.305673 7.917692 0.418254 6
6.386905 3.344692 15.188225 6
2.083405 1.228308 15.188225 6
2.002173 5.801308 0.418254 6
6.881841 7.648800 0.207566 1
5.810737 3.075800 15.398912 1
1.507237 1.497200 15.398912 1
2.578341 6.070200 0.207566 1
6.517143 8.008238 1.053437 1
6.175436 3.435238 14.553041 1
1.871936 1.137762 14.553041 1
2.213643 5.710762 1.053437 1
5.950323 8.553339 15.511279 6
6.742255 3.980339 0.095200 6
2.438755 0.592661 0.095200 6
1.646823 5.165661 15.511279 6
5.504427 8.787477 0.043698 1
7.188151 4.214477 15.562780 1
2.884651 0.358523 15.562780 1
1.200927 4.931523 0.043698 1
5.885903 8.460965 14.515586 6
6.806675 3.887965 1.090893 6
2.503175 0.685035 1.090893 6
1.582403 5.258035 14.515586 6
5.607113 8.018298 14.325187 1
7.085466 3.445298 1.281292 1
2.781966 1.127702 1.281292 1
1.303613 5.700702 14.325187 1
7.069671 8.555168 14.370445 6
5.622908 3.982168 1.236033 6
1.319408 0.590832 1.236033 6
2.766171 5.163832 14.370445 6
7.504128 8.153659 14.507783 1
5.188451 3.580659 1.098696 1
0.884951 0.992341 1.098696 1
3.200628 5.565341 14.507783 1
7.129833 8.695102 13.760232 1
5.562745 4.122102 1.846246 1
1.259245 0.450898 1.846246 1
2.826333 5.023898 13.760232 1
7.404733 9.091124 15.030600 6
5.287846 4.518124 0.575879 6
0.984346 0.054876 0.575879 6
3.101233 4.627876 15.030600 6
7.119885 0.372242 14.780896 1
5.572694 4.945242 0.825583 1
1.269194 8.773758 0.825583 1
2.816385 4.200758 14.780896 1
0.448348 0.606380 15.230362 6
3.637230 5.179380 0.376116 6
7.940730 8.539620 0.376116 6
4.751848 3.966620 15.230362 6
2.427980 0.102435 0.188838 6
1.657598 4.675435 15.417640 6
5.961098 9.043565 15.417640 6
6.731480 4.470565 0.188838 6
1.875236 8.642055 0.324615 6
2.210342 4.069055 15.281864 6
6.513842 0.503945 15.281864 6
6.178736 5.076945 0.324615 6
0.790024 8.620105 0.068669 6
3.295554 4.047105 15.537810 6
7.599054 0.525895 15.537810 6
5.093524 5.098895 0.068669 6
0.419673 8.223169 0.148262 1
3.665906 3.650169 15.458217 1
7.969406 0.922831 15.458217 1
4.723173 5.495831 0.148262 1
2.512578 8.082320 0.725701 6
1.573000 3.509320 14.880777 6
5.876500 1.063680 14.880777 6
6.816078 5.636680 0.725701 6
2.807906 8.187499 1.334354 1
1.277672 3.614499 14.272125 1
5.581172 0.958501 14.272125 1
7.111406 5.531501 1.334354 1
3.112912 7.989946 0.387041 1
0.972667 3.416946 15.219438 1
5.276167 1.156054 15.219438 1
7.416412 5.729054 0.387041 1
2.040163 7.698188 0.717898 1
2.045415 3.125188 14.888581 1
6.348915 1.447812 14.888581 1
6.343663 6.020812 0.717898 1
3.959493 6.786332 14.095771 6
0.126085 2.213332 1.510707 6
4.429585 2.359668 1.510707 6
8.262993 6.932668 14.095771 6
4.050946 6.770784 13.463709 1
0.034632 2.197784 2.142770 1
4.338132 2.375216 2.142770 1
8.354446 6.948216 13.463709 1
3.592988 7.200646 14.208138 1
0.492591 2.627646 1.398340 1
4.796091 1.945354 1.398340 1
7.896488 6.518354 14.208138 1
3.263535 6.212878 14.317383 6
0.822043 1.639878 1.289095 6
5.125543 2.933122 1.289095 6
7.567035 7.506122 14.317383 6
3.351925 6.105870 15.322441 6
0.733654 1.532870 0.284038 6
5.037154 3.040130 0.284038 6
7.655425 7.613130 15.322441 6
3.790914 5.708019 15.505036 1
0.294664 1.135019 0.101442 1
4.598164 3.437981 0.101442 1
8.094414 8.010981 15.505036 1
2.195307 6.024470 15.495673 6
1.890271 1.451470 0.110806 6
6.193771 3.121530 0.110806 6
6.498807 7.694530 15.495673 6
2.312918 6.193671 0.477558 1
1.772660 1.620671 15.128920 1
6.076160 2.952329 15.128920 1
6.616418 7.525329 0.477558 1
1.972113 5.559853 15.453535 1
2.113465 0.986853 0.152943 1
6.416965 3.586147 0.152943 1
6.275613 8.159147 15.453535 1
1.560820 6.425980 14.766850 6
2.524759 1.852980 0.839629 6
6.828259 2.720020 0.839629 6
5.864320 7.293020 14.766850 6
1.525367 6.890596 14.963492 1
2.560211 2.317596 0.642987 1
6.863711 2.255404 0.642987 1
5.828867 6.828404 14.963492 1
8.199759 6.572316 14.556163 6
4.492820 1.999316 1.050316 6
0.189320 2.573684 1.050316 6
3.896259 7.146684 14.556163 6
7.055443 5.696129 13.786763 6
5.637136 1.123129 1.819715 6
1.333636 3.449871 1.819715 6
2.751943 8.022871 13.786763 6
8.011212 5.308338 13.758672 6
4.681366 0.735338 1.847807 6
0.377866 3.837662 1.847807 6
3.707712 8.410662 13.758672 6
0.356821 5.583633 14.080165 6
3.728757 1.010633 1.526314 6
8.032257 3.562367 1.526314 6
4.660321 8.135367 14.080165 6
1.001148 5.340349 14.042709 1
3.084431 0.767349 1.563769 1
7.387931 3.805651 1.563769 1
5.304648 8.378651 14.042709 1
7.920719 4.656229 13.335736 6
4.771859 0.083229 2.270743 6
0.468359 4.489771 2.270743 6
3.617219 9.062771 13.335736 6
7.671313 4.705617 12.705234 1
5.021265 0.132617 2.901244 1
0.717765 4.440383 2.901244 1
3.367813 9.013383 12.705234 1
7.396247 4.390080 13.604167 1
5.296331 8.963080 2.002311 1
0.992831 4.755920 2.002311 1
3.092747 0.182920 13.604167 1
0.026923 4.441298 13.420011 1
4.058655 9.014298 2.186468 1
8.362155 4.704702 2.186468 1
4.330423 0.131702 13.420011 1
3.526998 5.610156 13.817976 6
0.558581 1.037156 1.788502 6
4.862081 3.535844 1.788502 6
7.830498 8.108844 13.817976 6
3.254374 5.668691 13.185914 1
0.831204 1.095691 2.420565 1
5.134704 3.477309 2.420565 1
7.557874 8.050309 13.185914 1
4.327481 5.556195 13.877281 1
8.365097 0.983195 1.729198 1
4.061597 3.589805 1.729198 1
0.023981 8.162805 13.877281 1
4.591706 8.958050 13.076668 14
8.100872 4.385050 2.529810 14
3.797372 0.187950 2.529810 14
0.288206 4.760950 13.076668 14
5.441763 8.417978 12.421196 6
7.250815 3.844978 3.185282 6
2.947315 0.728022 3.185282 6
1.138263 5.301022 12.421196 6
6.225088 8.636568 11.921789 6
6.467490 4.063568 3.684690 6
2.163990 0.509432 3.684690 6
1.921588 5.082432 11.921789 6
6.369217 9.090209 11.893697 1
6.323361 4.517209 3.712781 1
2.019861 0.055791 3.712781 1
2.065717 4.628791 11.893697 1
6.794305 8.210364 11.469201 6
5.898273 3.637364 4.137277 6
1.594773 0.935636 4.137277 6
2.490805 5.508636 11.469201 6
7.326338 8.394199 11.152390 1
5.366240 3.821199 4.454089 1
1.062740 0.751801 4.454089 1
3.022838 5.324801 11.152390 1
6.691566 7.628679 11.430185 6
6.001012 3.055679 4.176294 6
1.697512 1.517321 4.176294 6
2.388066 6.090321 11.430185 6
7.112830 7.367103 11.094646 1
5.579748 2.794103 4.511833 1
1.276248 1.778897 4.511833 1
2.809330 6.351897 11.094646 1
5.866971 7.339665 11.926471 6
6.825607 2.766665 3.680008 6
2.522107 1.806335 3.680008 6
1.563471 6.379335 11.926471 6
5.782318 6.879621 11.948320 1
6.910261 2.306621 3.658159 1
2.606761 2.266379 3.658159 1
1.478818 6.839379 11.948320 1
5.206519 7.761296 12.379059 6
7.486059 3.188296 3.227420 6
3.182559 1.384704 3.227420 6
0.903019 5.957704 12.379059 6
4.610675 7.591180 12.642808 1
8.081903 3.018180 2.963670 1
3.778403 1.554820 2.963670 1
0.307175 6.127820 12.642808 1
3.245582 8.545108 13.014243 6
0.839996 3.972108 2.592236 6
5.143496 0.600892 2.592236 6
7.549082 5.173892 13.014243 6
2.913789 8.148171 12.243282 6
1.171789 3.575171 3.363196 6
5.475289 0.997829 3.363196 6
7.217289 5.570829 12.243282 6
3.359992 8.125306 11.786013 1
0.725586 3.552306 3.820466 1
5.029086 1.020694 3.820466 1
7.663492 5.593694 11.786013 1
1.954272 7.803367 12.169932 6
2.131306 3.230367 3.436547 6
6.434806 1.342633 3.436547 6
6.257772 5.915633 12.169932 6
1.715500 7.571973 11.640872 1
2.370079 2.998973 3.965606 1
6.673579 1.574027 3.965606 1
6.019000 6.147027 11.640872 1
1.331887 7.788734 12.855056 6
2.753691 3.215734 2.751422 6
7.057191 1.357266 2.751422 6
5.635387 5.930266 12.855056 6
0.639209 7.582034 12.780145 1
3.446369 3.009034 2.826333 1
7.749869 1.563966 2.826333 1
4.942709 6.136966 12.780145 1
1.728701 8.080491 13.654108 6
2.356877 3.507491 1.952370 6
6.660377 1.065509 1.952370 6
6.032201 5.638509 13.654108 6
1.358534 8.017384 14.151955 1
2.727044 3.444384 1.454524 1
7.030544 1.128616 1.454524 1
5.662034 5.701616 14.151955 1
2.685614 8.471940 13.729019 6
1.399964 3.898940 1.877459 6
5.703464 0.674060 1.877459 6
6.989114 5.247060 13.729019 6
2.938845 8.683212 14.270564 1
1.146734 4.110212 1.335915 1
5.450234 0.462788 1.335915 1
7.242345 5.035788 14.270564 1
4.434427 0.696011 12.752054 6
8.258151 5.269011 2.854425 6
3.954651 8.449989 2.854425 6
0.130927 3.876989 12.752054 6
3.696611 0.968561 13.382555 6
0.388968 5.541561 2.223923 6
4.692468 8.177439 2.223923 6
8.000111 3.604439 13.382555 6
4.056513 0.926490 13.989647 1
0.029065 5.499490 1.616831 1
4.332565 8.219510 1.616831 1
8.360013 3.646510 13.989647 1
3.009848 0.725278 13.315448 1
1.075730 5.298278 2.291031 1
5.379230 8.420722 2.291031 1
7.313348 3.847722 13.315448 1
3.547001 1.429520 13.248340 1
0.538577 6.002520 2.358139 1
4.842077 7.716480 2.358139 1
7.850501 3.143480 13.248340 1
5.543586 1.076484 12.895633 6
7.148992 5.649484 2.710845 6
2.845492 8.069516 2.710845 6
1.240086 3.496516 12.895633 6
6.046192 0.884418 12.528881 1
6.646386 5.457418 3.077598 1
2.342886 8.261582 3.077598 1
1.742692 3.688582 12.528881 1
5.854233 1.049961 13.516771 1
6.838346 5.622961 2.089707 1
2.534846 8.096039 2.089707 1
1.550733 3.523039 13.516771 1
5.412466 1.535613 12.731765 1
7.280112 6.108613 2.874713 1
2.976612 7.610387 2.874713 1
1.108966 3.037387 12.731765 1
3.932379 0.755460 11.784452 6
0.153199 5.328460 3.822027 6
4.456699 8.390540 3.822027 6
8.235879 3.817540 11.784452 6
3.873580 1.217333 11.619023 1
0.211999 5.790333 3.987455 1
4.515499 7.928667 3.987455 1
8.177080 3.355667 11.619023 1
3.200991 0.559735 11.707980 1
0.884587 5.132735 3.898498 1
5.188087 8.586265 3.898498 1
7.504491 4.013265 11.707980 1
4.388616 0.527724 11.409897 1
8.303962 5.100724 4.196582 1
4.000462 8.618276 4.196582 1
0.085116 4.045276 11.409897 1
5.483120 8.650287 12.294784 6
7.209458 4.077287 3.311695 6
2.905958 0.495713 3.311695 6
1.179620 5.068713 12.294784 6
6.168456 9.061857 11.909304 6
6.524122 4.488857 3.697175 6
2.220622 0.084143 3.697175 6
1.864956 4.657143 11.909304 6
6.124549 0.375901 11.971730 1
6.568029 4.948901 3.634749 1
2.264529 8.770099 3.634749 1
1.821049 4.197099 11.971730 1
6.906589 8.791135 11.441109 6
5.785990 4.218135 4.165369 6
1.482490 0.354865 4.165369 6
2.603089 4.927865 11.441109 6
7.379113 9.084722 11.194527 1
5.313465 4.511722 4.411951 1
1.009965 0.061278 4.411951 1
3.075613 4.634278 11.194527 1
7.037459 8.224083 11.314697 6
5.655120 3.651083 4.291782 6
1.351620 0.921917 4.291782 6
2.733959 5.494917 11.314697 6
7.529268 8.085979 10.919853 1
5.163311 3.512979 4.686626 1
0.859811 1.060021 4.686626 1
3.225768 5.633021 10.919853 1
6.411653 7.743918 11.751678 6
6.280925 3.170918 3.854800 6
1.977425 1.402082 3.854800 6
2.108153 5.975082 11.751678 6
6.532075 7.288447 11.695495 1
6.160504 2.715447 3.910984 1
1.857004 1.857553 3.910984 1
2.228575 6.430553 11.695495 1
5.621094 7.990860 12.276056 6
7.071485 3.417860 3.330423 6
2.767985 1.155140 3.330423 6
1.317594 5.728140 12.276056 6
5.208698 7.706420 12.592868 1
7.483880 3.133420 3.013611 1
3.180380 1.439580 3.013611 1
0.905198 6.012580 12.592868 1
3.320845 8.451819 13.048577 6
0.764734 3.878819 2.557902 6
5.068234 0.694181 2.557902 6
7.624345 5.267181 13.048577 6
2.573900 8.407003 12.237040 6
1.511678 3.834003 3.369439 6
5.815178 0.738997 3.369439 6
6.877400 5.311997 12.237040 6
2.824822 8.551510 11.711102 1
1.260756 3.978510 3.895377 1
5.564256 0.594490 3.895377 1
7.128322 5.167490 11.711102 1
1.528160 8.169207 12.174614 6
2.557418 3.596207 3.431865 6
6.860918 0.976793 3.431865 6
5.831660 5.549793 12.174614 6
1.151185 8.042078 11.619023 1
2.934393 3.469078 3.987455 1
7.237893 1.103922 3.987455 1
5.454685 5.676922 11.619023 1
1.028779 8.117075 12.926846 6
3.056799 3.544075 2.679632 6
7.360299 1.028925 2.679632 6
5.332279 5.601925 12.926846 6
0.287270 7.989946 12.897194 1
3.798309 3.416946 2.709285 1
8.101809 1.156054 2.709285 1
4.590770 5.729054 12.897194 1
1.658756 8.258838 13.732141 6
2.426823 3.685838 1.874338 6
6.730323 0.887162 1.874338 6
5.962256 5.460162 13.732141 6
1.314104 8.265240 14.251836 1
2.771474 3.692240 1.354642 1
7.074974 0.880760 1.354642 1
5.617604 5.453760 14.251836 1
2.793921 8.396028 13.800809 6
1.291657 3.823028 1.805670 6
5.595157 0.749972 1.805670 6
7.097421 5.322972 13.800809 6
3.203450 8.445416 14.367324 1
0.882129 3.872416 1.239154 1
5.185629 0.700584 1.239154 1
7.506950 5.273584 14.367324 1
4.140100 0.702413 12.934649 6
8.552478 5.275413 2.671829 6
4.248978 8.443587 2.671829 6
-0.163400 3.870587 12.934649 6
5.153068 1.123129 13.125048 6
7.539510 5.696129 2.481430 6
3.236010 8.022871 2.481430 6
0.849568 3.449871 13.125048 6
5.685972 0.987768 12.745811 1
7.006606 5.560768 2.860668 1
2.703106 8.158232 2.860668 1
1.382472 3.585232 12.745811 1
5.462875 1.070997 13.744626 1
7.229703 5.643997 1.861853 1
2.926203 8.075003 1.861853 1
1.159375 3.502003 13.744626 1
4.955837 1.581343 13.011121 1
7.736741 6.154343 2.595357 1
3.433241 7.564657 2.595357 1
0.652337 2.991657 13.011121 1
3.279160 0.860639 13.568272 6
0.806418 5.433639 2.038206 6
5.109918 8.285361 2.038206 6
7.582660 3.712361 13.568272 6
3.111672 1.327999 13.543302 1
0.973906 5.900999 2.063176 1
5.277406 7.818001 2.063176 1
7.415172 3.245001 13.543302 1
3.571111 0.739911 14.172243 1
0.514468 5.312911 1.434235 1
4.817968 8.406089 1.434235 1
7.874611 3.833089 14.172243 1
2.610407 0.611867 13.382555 1
1.475171 5.184867 2.223923 1
5.778671 8.534133 2.223923 1
6.913907 3.961133 13.382555 1
3.585354 0.795702 11.981094 6
0.500225 5.368702 3.625385 6
4.803725 8.350298 3.625385 6
7.888854 3.777298 11.981094 6
2.924805 0.523151 11.885894 1
1.160774 5.096151 3.720584 1
5.464274 8.622849 3.720584 1
7.228305 4.049849 11.885894 1
4.084266 0.655768 11.570643 1
0.001312 5.228768 4.035835 1
4.304812 8.490232 4.035835 1
8.387766 3.917232 11.570643 1
3.390552 1.251173 11.878091 1
0.695026 5.824173 3.728388 1
4.998526 7.894827 3.728388 1
7.694052 3.321827 11.878091 1
4.781512 1.703900 9.654168 6
7.911066 6.276900 5.952311 6
3.607566 7.442100 5.952311 6
0.478012 2.869100 9.654168 6
4.872355 1.892307 9.065803 1
7.820223 6.465307 6.540675 1
3.516723 7.253693 6.540675 1
0.568855 2.680693 9.065803 1
3.452724 1.870357 9.891230 17
0.632854 6.443357 5.715249 17
4.936354 7.275643 5.715249 17
7.756224 2.702643 9.891230 17
4.911979 0.856066 9.618273 17
7.780599 5.429066 5.988206 17
3.477099 8.289934 5.988206 17
0.608479 3.716934 9.618273 17
5.729479 2.024010 10.431370 17
6.963099 6.597010 5.175108 17
2.659599 7.121990 5.175108 17
1.425979 2.548990 10.431370 17
5.377552 1.704814 9.746246 6
7.315026 6.277814 5.860233 6
3.011526 7.441186 5.860233 6
1.074052 2.868186 9.746246 6
5.640807 1.874015 9.200019 1
7.051771 6.447015 6.406459 1
2.748271 7.271985 6.406459 1
1.337307 2.698985 9.200019 1
5.304239 2.359668 10.496918 17
7.388339 6.932668 5.109561 17
3.084839 6.786332 5.109561 17
1.000739 2.213332 10.496918 17
6.298391 1.151481 10.247214 17
6.394187 5.724481 5.359265 17
2.090687 7.994519 5.359265 17
1.994891 3.421519 10.247214 17
4.178924 1.326170 9.476254 17
8.513654 5.899170 6.130225 17
4.210154 7.819830 6.130225 17
-0.124576 3.246830 9.476254 17
0.832957 1.023437 10.677953 6
3.252622 5.596437 4.928526 6
7.556122 8.122563 4.928526 6
5.136457 3.549563 10.677953 6
1.000226 1.044473 11.334985 1
3.085353 5.617473 4.271493 1
7.388853 8.101527 4.271493 1
5.303726 3.528527 11.334985 1
1.745692 1.491713 10.156696 17
2.339887 6.064713 5.449782 17
6.643387 7.654287 5.449782 17
6.049192 3.081287 10.156696 17
0.790184 0.216760 10.289351 17
3.295395 4.789760 5.317127 17
7.598895 8.929240 5.317127 17
5.093684 4.356240 10.289351 17
8.155662 1.272209 10.317443 17
4.536916 5.845209 5.289036 17
0.233416 7.873791 5.289036 17
3.852162 3.300791 10.317443 17
0.378605 0.226821 10.485993 6
3.706973 4.799821 5.120486 6
8.010473 8.919179 5.120486 6
4.682105 4.346179 10.485993 6
8.301883 0.053047 10.139529 1
4.390695 4.626047 5.466949 1
0.087195 9.092953 5.466949 1
3.998383 4.519953 10.139529 1
0.666319 1.038986 10.222243 17
3.419259 5.611986 5.384235 17
7.722759 8.107014 5.384235 17
4.969819 3.534014 10.222243 17
1.542468 8.919179 10.348656 17
2.543110 4.346179 5.257823 17
6.846610 0.226821 5.257823 17
5.845968 4.799821 10.348656 17
0.356335 0.206700 11.587810 17
3.729244 4.779700 4.018668 17
8.032744 8.939300 4.018668 17
4.659835 4.366300 11.587810 17
0.335642 2.083459 13.501165 6
3.749936 6.656459 2.105314 6
8.053436 7.062541 2.105314 6
4.639142 2.489541 13.501165 6
0.583599 1.831944 14.050513 1
3.501979 6.404944 1.555966 1
7.805479 7.314056 1.555966 1
4.887099 2.741056 14.050513 1
1.481136 2.421861 13.076668 17
2.604442 6.994861 2.529810 17
6.907942 6.724139 2.529810 17
5.784636 2.151139 13.076668 17
8.119943 2.722764 13.738383 17
4.572635 7.295764 1.868095 17
0.269135 6.423236 1.868095 17
3.816443 1.850236 13.738383 17
8.237109 1.588660 12.744250 17
4.455469 6.161660 2.862228 17
0.151969 7.557340 2.862228 17
3.933609 2.984340 12.744250 17
0.302761 1.824627 13.390359 6
3.782817 6.397627 2.216120 6
8.086317 7.321373 2.216120 6
4.606261 2.748373 13.390359 6
0.664167 1.781641 14.013057 1
3.421411 6.354641 1.593421 1
7.724911 7.364359 1.593421 1
4.967667 2.791359 14.013057 1
7.654599 2.252660 13.409086 17
5.037979 6.825660 2.197392 17
0.734479 6.893340 2.197392 17
3.351099 2.320340 13.409086 17
0.046088 1.048132 12.972105 17
4.039490 5.621132 2.634374 17
8.342990 8.097868 2.634374 17
4.349588 3.524868 12.972105 17
1.155041 2.232539 12.822283 17
2.930538 6.805539 2.784196 17
7.234038 6.913461 2.784196 17
5.458541 2.340461 12.822283 17
5.153299 5.770211 11.567522 6
7.539279 1.197211 4.038957 6
3.235779 3.375789 4.038957 6
0.849799 7.948789 11.567522 6
5.590109 5.859842 12.152765 1
7.102470 1.286842 3.453714 1
2.798970 3.286158 3.453714 1
1.286609 7.859158 12.152765 1
4.725814 4.936096 11.547234 17
7.966764 0.363096 4.059245 17
3.663264 4.209904 4.059245 17
0.422314 8.782904 11.547234 17
4.025804 6.286046 11.442670 17
0.059774 1.713046 4.163808 17
4.363274 2.859954 4.163808 17
8.329304 7.432954 11.442670 17
5.954579 5.910145 10.768470 17
6.737999 1.337145 4.838008 17
2.434499 3.235855 4.838008 17
1.651079 7.808855 10.768470 17
4.793559 4.747689 11.750118 6
7.899020 0.174689 3.856361 6
3.595520 4.398311 3.856361 6
0.490059 8.971311 11.750118 6
5.093811 4.814454 12.375938 1
7.598767 0.241454 3.230541 1
3.295267 4.331546 3.230541 1
0.790311 8.904546 12.375938 1
4.014179 4.621474 11.720465 1
0.071400 0.048474 3.886013 1
4.374900 4.524526 3.886013 1
8.317679 9.097526 11.720465 1
4.930847 5.494002 11.102449 17
7.761731 0.921002 4.504030 17
3.458231 3.651998 4.504030 17
0.627347 8.224998 11.102449 17
5.535439 4.139480 11.260074 17
7.157139 8.712480 4.346404 17
2.853639 5.006520 4.346404 17
1.231939 0.433520 11.260074 17
