12.222530 10.005535 31.253323 46
0.143570 2.360565 15.502323 46
8.543615 6.039480 23.377823 46
3.822485 6.326620 7.626823 46
6.326620 3.822485 23.875177 46
6.039480 8.543615 8.124177 46
10.005535 12.222530 0.248677 46
2.360565 0.143570 15.999677 46
10.082205 10.671944 29.682823 53
2.283895 1.694156 13.931823 53
7.877206 3.899155 21.807323 53
4.488894 8.466945 6.056323 53
8.466945 4.488894 25.445677 53
3.899155 7.877206 9.694677 53
10.671944 10.082205 1.819177 53
1.694156 2.283895 17.570177 53
2.590080 11.200348 1.766947 26
9.776020 1.165752 17.517947 26
7.348802 8.773130 25.393447 26
5.017298 3.592970 9.642447 26
3.592970 5.017298 21.859553 26
8.773130 7.348802 6.108553 26
11.200348 2.590080 29.735053 26
1.165752 9.776020 13.984053 26
5.645001 9.681667 0.591293 14
6.721099 2.684433 16.342293 14
8.867483 11.828051 24.217793 14
3.498617 0.538049 8.466793 14
0.538049 3.498617 23.035207 14
11.828051 8.867483 7.284207 14
9.681667 5.645001 30.910707 14
2.684433 6.721099 15.159707 14
3.494660 10.636083 29.483982 8
8.871440 1.730017 13.732982 8
7.913067 9.677710 21.608482 8
4.453033 2.688390 5.857482 8
2.688390 4.453033 25.644518 8
9.677710 7.913067 9.893518 8
10.636083 3.494660 2.018018 8
1.730017 8.871440 17.769018 8
2.562256 8.071353 28.008743 8
9.803844 4.294747 12.257743 8
10.477797 8.745306 20.133243 8
1.888303 3.620794 4.382243 8
3.620794 1.888303 27.119757 8
8.745306 10.477797 11.368757 8
8.071353 2.562256 3.493257 8
4.294747 9.803844 19.244257 8
1.329356 10.119180 29.780416 7
11.036744 2.246920 14.029416 7
8.429970 7.512406 21.904916 7
3.936130 4.853694 6.153916 7
4.853694 3.936130 25.348084 7
7.512406 8.429970 9.597084 7
10.119180 1.329356 1.721584 7
2.246920 11.036744 17.472584 7
1.454253 9.718518 0.876386 6
10.911847 2.647582 16.627386 6
8.830632 7.637303 24.502886 6
3.535468 4.728797 8.751886 6
4.728797 3.535468 22.750114 6
7.637303 8.830632 6.999114 6
9.718518 1.454253 30.625614 6
2.647582 10.911847 14.874614 6
2.694573 9.939871 0.186807 6
9.671527 2.426229 15.937807 6
8.609279 8.877623 23.813307 6
3.756821 3.488477 8.062307 6
3.488477 3.756821 23.439693 6
8.877623 8.609279 7.688693 6
9.939871 2.694573 31.315193 6
2.426229 9.671527 15.564193 6
3.823598 9.706152 1.049647 6
8.542502 2.659948 16.800647 6
8.842998 10.006648 24.676147 6
3.523102 2.359452 8.925147 6
2.359452 3.523102 22.576853 6
10.006648 8.842998 6.825853 6
9.706152 3.823598 30.452353 6
2.659948 8.542502 14.701353 6
3.247338 9.343825 2.305946 6
9.118762 3.022275 18.056946 6
9.205325 9.430388 25.932446 6
3.160775 2.935712 10.181446 6
2.935712 3.160775 21.320554 6
9.430388 9.205325 5.569554 6
9.343825 3.247338 29.196054 6
3.022275 9.118762 13.445054 6
3.765477 9.138548 3.137599 1
8.600623 3.227552 18.888599 1
9.410602 9.948527 26.764099 1
2.955498 2.417573 11.013099 1
2.417573 2.955498 20.488901 1
9.948527 9.410602 4.737901 1
9.138548 3.765477 28.364401 1
3.227552 8.600623 12.613401 1
1.806687 9.353718 2.215851 6
10.559413 3.012382 17.966851 6
9.195432 7.989737 25.842351 6
3.170668 4.376363 10.091351 6
4.376363 3.170668 21.410649 6
7.989737 9.195432 5.659649 6
9.353718 1.806687 29.286149 6
3.012382 10.559413 13.535149 6
1.168596 9.149677 2.958353 1
11.197504 3.216423 18.709353 1
9.399473 7.351646 26.584853 1
2.966627 5.014454 10.833853 1
5.014454 2.966627 20.668147 1
7.351646 9.399473 4.917147 1
9.149677 1.168596 28.543647 1
3.216423 11.197504 12.792647 1
2.506608 10.273756 30.305869 6
9.859492 2.092344 14.554869 6
8.275394 8.689658 22.430369 6
4.090706 3.676442 6.679369 6
3.676442 4.090706 24.822631 6
8.689658 8.275394 9.071631 6
10.273756 2.506608 1.196131 6
2.092344 9.859492 16.947131 6
1.469093 10.246550 28.316833 6
10.897007 2.119550 12.565833 6
8.302600 7.652143 20.441333 6
4.063500 4.713957 4.690333 6
4.713957 4.063500 26.811667 6
7.652143 8.302600 11.060667 6
10.246550 1.469093 3.185167 6
2.119550 10.897007 18.936167 6
0.755569 10.851253 27.959915 1
11.610531 1.514847 12.208915 1
7.697897 6.938619 20.084415 1
4.668203 5.427481 4.333415 1
5.427481 4.668203 27.168585 1
6.938619 7.697897 11.417585 1
10.851253 0.755569 3.542085 1
1.514847 11.610531 19.293085 1
2.842966 10.932869 28.197440 6
9.523134 1.433231 12.446440 6
7.616281 9.026016 20.321940 6
4.749819 3.340084 4.570940 6
3.340084 4.749819 26.931060 6
9.026016 7.616281 11.180060 6
10.932869 2.842966 3.304560 6
1.433231 9.523134 19.055560 6
3.361106 10.558176 27.441392 1
9.004994 1.807924 11.690392 1
7.990974 9.544156 19.565892 1
4.375126 2.821944 3.814892 1
2.821944 4.375126 27.687108 1
9.544156 7.990974 11.936108 1
10.558176 3.361106 4.060608 1
1.807924 9.004994 19.811608 1
2.741564 11.908554 28.065132 1
9.624536 0.457546 12.314132 1
6.640596 8.924614 20.189632 1
5.725504 3.441486 4.438632 1
3.441486 5.725504 27.063368 1
8.924614 6.640596 11.312368 1
11.908554 2.741564 3.436868 1
0.457546 9.624536 19.187868 1
1.415918 8.882570 27.586301 6
10.950182 3.483530 11.835301 6
9.666580 7.598968 19.710801 6
2.699520 4.767132 3.959801 6
4.767132 2.699520 27.542199 6
7.598968 9.666580 11.791199 6
8.882570 1.415918 3.915699 6
3.483530 10.950182 19.666699 6
2.491769 7.272503 29.180303 6
9.874331 5.093597 13.429303 6
11.276647 8.674819 21.304803 6
1.089453 3.691281 5.553803 6
3.691281 1.089453 25.948197 6
8.674819 11.276647 10.197197 6
7.272503 2.491769 2.321697 6
5.093597 9.874331 18.072697 6
3.343793 6.803828 29.306311 1
9.022307 5.562272 13.555311 1
11.745322 9.526843 21.430811 1
0.620778 2.839257 5.679811 1
2.839257 0.620778 25.822189 1
9.526843 11.745322 10.071189 1
6.803828 3.343793 2.195689 1
5.562272 9.022307 17.946689 1
1.769589 6.617100 29.085797 1
10.596511 5.749000 13.334797 1
11.932050 7.952639 21.210297 1
0.434050 4.413461 5.459297 1
4.413461 0.434050 26.042703 1
7.952639 11.932050 10.291703 1
6.617100 1.769589 2.416203 1
5.749000 10.596511 18.167203 1
2.316171 7.843817 29.955252 1
10.049929 4.522283 14.204252 1
10.705333 8.499221 22.079752 1
1.660767 3.866879 6.328752 1
3.866879 1.660767 25.173248 1
8.499221 10.705333 9.422248 1
7.843817 2.316171 1.546748 1
4.522283 10.049929 17.297748 1
0.098929 8.149260 27.841468 6
12.267171 4.216840 12.090468 6
10.399890 6.281979 19.965968 6
1.966210 6.084121 4.214968 6
6.084121 1.966210 27.287032 6
6.281979 10.399890 11.536032 6
8.149260 0.098929 3.660532 6
4.216840 12.267171 19.411532 6
0.025969 7.961295 28.811729 1
12.340131 4.404805 13.060729 1
10.587855 6.209019 20.936229 1
1.778245 6.157081 5.185229 1
6.157081 1.778245 26.316771 1
6.209019 10.587855 10.565771 1
7.961295 0.025969 2.690271 1
4.404805 12.340131 18.441271 1
11.716880 8.747779 27.595752 1
0.649220 3.618321 11.844752 1
9.801371 5.533830 19.720252 1
2.564729 6.832270 3.969252 1
6.832270 2.564729 27.532748 1
5.533830 9.801371 11.781748 1
8.747779 11.716880 3.906248 1
3.618321 0.649220 19.657248 1
12.307979 6.834743 27.079119 6
0.058121 5.531357 11.328119 6
11.714407 6.124929 19.203619 6
0.651693 6.241171 3.452619 6
6.241171 0.651693 28.049381 6
6.124929 11.714407 12.298381 6
6.834743 12.307979 4.422881 6
5.531357 0.058121 20.173881 6
11.442352 6.430372 27.296483 1
0.923748 5.935728 11.545483 1
12.118778 5.259302 19.420983 1
0.247322 7.106798 3.669983 1
7.106798 0.247322 27.832017 1
5.259302 12.118778 12.081017 1
6.430372 11.442352 4.205517 1
5.935728 0.923748 19.956517 1
0.661586 6.220148 27.331135 1
11.704514 6.145952 11.580135 1
12.329002 6.844636 19.455635 1
0.037098 5.521464 3.704635 1
5.521464 0.037098 27.797365 1
6.844636 12.329002 12.046365 1
6.220148 0.661586 4.170865 1
6.145952 11.704514 19.921865 1
12.351261 7.009105 26.115158 1
0.014839 5.356995 10.364158 1
11.540045 6.168211 18.239658 1
0.826055 6.197889 2.488658 1
6.197889 0.826055 29.013342 1
6.168211 11.540045 13.262342 1
7.009105 12.351261 5.386842 1
5.356995 0.014839 21.137842 1
1.648401 9.086610 26.108858 6
10.717699 3.279490 10.357858 6
9.462540 7.831451 18.233358 6
2.903560 4.534649 2.482358 6
4.534649 2.903560 29.019642 6
7.831451 9.462540 13.268642 6
9.086610 1.648401 5.393142 6
3.279490 10.717699 21.144142 6
2.537524 9.508294 25.995450 1
9.828576 2.857806 10.244450 1
9.040856 8.720574 18.119950 1
3.325244 3.645526 2.368950 1
3.645526 3.325244 29.133050 1
8.720574 9.040856 13.382050 1
9.508294 2.537524 5.506550 1
2.857806 9.828576 21.257550 1
1.686736 8.197488 25.677280 1
10.679364 4.168612 9.926280 1
10.351662 7.869786 17.801780 1
2.014438 4.496314 2.050780 1
4.496314 2.014438 29.451220 1
7.869786 10.351662 13.700220 1
8.197488 1.686736 5.824720 1
4.168612 10.679364 21.575720 1
0.636854 9.921322 25.374861 6
11.729246 2.444778 9.623861 6
8.627828 6.819904 17.499361 6
3.738272 5.546196 1.748361 6
5.546196 3.738272 29.753639 6
6.819904 8.627828 14.002639 6
9.921322 0.636854 6.127139 6
2.444778 11.729246 21.878139 6
0.890359 9.984389 24.429801 1
11.475741 2.381711 8.678801 1
8.564761 7.073409 16.554301 1
3.801339 5.292691 0.803301 1
5.292691 3.801339 30.698699 1
7.073409 8.564761 14.947699 1
9.984389 0.890359 7.072199 1
2.381711 11.475741 22.823199 1
0.607176 10.819101 25.765486 1
11.758924 1.546999 10.014486 1
7.730049 6.790226 17.889986 1
4.636051 5.575874 2.138986 1
5.575874 4.636051 29.363014 1
6.790226 7.730049 13.612014 1
10.819101 0.607176 5.736514 1
1.546999 11.758924 21.487514 1
12.120015 9.503348 25.447316 1
0.246085 2.862752 9.696316 1
9.045802 5.936965 17.571816 1
3.320298 6.429135 1.820816 1
6.429135 3.320298 29.681184 1
5.936965 9.045802 13.930184 1
9.503348 12.120015 6.054684 1
2.862752 0.246085 21.805684 1
5.868951 8.392872 30.749102 6
6.497149 3.973228 14.998102 6
10.156278 12.052001 22.873602 6
2.209822 0.314099 7.122602 6
0.314099 2.209822 24.379398 6
12.052001 10.156278 8.628398 6
8.392872 5.868951 0.752898 6
3.973228 6.497149 16.503898 6
5.387910 8.673583 29.942651 1
6.978190 3.692517 14.191651 1
9.875567 11.570960 22.067151 1
2.490533 0.795140 6.316151 1
0.795140 2.490533 25.185849 1
11.570960 9.875567 9.434849 1
8.673583 5.387910 1.559349 1
3.692517 6.978190 17.310349 1
5.515281 7.532192 31.057822 1
6.850819 4.833908 15.306822 1
11.016958 11.698331 23.182322 1
1.349142 0.667769 7.431322 1
0.667769 1.349142 24.070678 1
11.698331 11.016958 8.319678 1
7.532192 5.515281 0.444178 1
4.833908 6.850819 16.195178 1
6.822377 8.297653 30.541189 1
5.543723 4.068447 14.790189 1
10.251497 0.639327 22.665689 1
2.114603 11.726773 6.914689 1
11.726773 2.114603 24.587311 1
0.639327 10.251497 8.836311 1
8.297653 6.822377 0.960811 1
4.068447 5.543723 16.711811 1
6.243644 11.339714 31.479949 6
6.122456 1.026386 15.728949 6
7.209436 0.060594 23.604449 6
5.156664 12.305506 7.853449 6
12.305506 5.156664 23.648551 6
0.060594 7.209436 7.897551 6
11.339714 6.243644 0.022051 6
1.026386 6.122456 15.773051 6
5.744053 11.589509 30.676648 1
6.622047 0.776591 14.925648 1
6.959641 11.927103 22.801148 1
5.406459 0.438997 7.050148 1
0.438997 5.406459 24.451852 1
11.927103 6.959641 8.700852 1
11.589509 5.744053 0.825352 1
0.776591 6.622047 16.576352 1
7.198307 11.284066 31.265735 1
5.167793 1.082034 15.514735 1
7.265084 1.015257 23.390235 1
5.101016 11.350843 7.639235 1
11.350843 5.101016 23.862765 1
1.015257 7.265084 8.111765 1
11.284066 7.198307 0.236265 1
1.082034 5.167793 15.987265 1
6.103907 12.014903 0.674143 1
6.262193 0.351197 16.425143 1
6.534247 12.286957 24.300643 1
5.831853 0.079143 8.549643 1
0.079143 5.831853 22.952357 1
12.286957 6.534247 7.201357 1
12.014903 6.103907 30.827857 1
0.351197 6.262193 15.076857 1
6.557743 9.150914 2.120085 6
5.808357 3.215186 17.871085 6
9.398236 0.374693 25.746585 6
2.967864 11.991407 9.995585 6
11.991407 2.967864 21.506415 6
0.374693 9.398236 5.755415 6
9.150914 6.557743 29.381915 6
3.215186 5.808357 13.630915 6
6.220148 8.279104 2.416203 1
6.145952 4.086996 18.167203 1
10.270046 0.037098 26.042703 1
2.096054 12.329002 10.291703 1
12.329002 2.096054 21.210297 1
0.037098 10.270046 5.459297 1
8.279104 6.220148 29.085797 1
4.086996 6.145952 13.334797 1
6.419243 9.812500 2.828880 1
5.946857 2.553600 18.579880 1
8.736650 0.236193 26.455380 1
3.629450 12.129907 10.704380 1
12.129907 3.629450 20.797620 1
0.236193 8.736650 5.046620 1
9.812500 6.419243 28.673120 1
2.553600 5.946857 12.922120 1
7.514879 9.080427 1.921622 1
4.851221 3.285673 17.672622 1
9.468723 1.331829 25.548122 1
2.897377 11.034271 9.797122 1
11.034271 2.897377 21.704878 1
1.331829 9.468723 5.953878 1
9.080427 7.514879 29.580378 1
3.285673 4.851221 13.829378 1
1.449307 0.537925 1.754661 6
10.916793 11.828175 17.505661 6
5.645125 7.632357 25.381161 6
6.720975 4.733743 9.630161 6
4.733743 6.720975 21.871839 6
7.632357 5.645125 6.120839 6
0.537925 1.449307 29.747339 6
11.828175 10.916793 13.996339 6
0.560184 0.650457 1.310483 1
11.805916 11.715643 17.061483 1
5.532593 6.743234 24.936983 1
6.833507 5.622866 9.185983 1
5.622866 6.833507 22.316017 1
6.743234 5.532593 6.565017 1
0.650457 0.560184 30.191517 1
11.715643 11.805916 14.440517 1
2.716832 0.785247 1.171874 6
9.649268 11.580853 16.922874 6
5.397803 8.899882 24.798374 6
6.968297 3.466218 9.047374 6
3.466218 6.968297 22.454626 6
8.899882 5.397803 6.703626 6
0.785247 2.716832 30.330126 6
11.580853 9.649268 14.579126 6
2.878828 1.101820 0.236265 1
9.487272 11.264280 15.987265 1
5.081230 9.061878 23.862765 1
7.284870 3.304222 8.111765 1
3.304222 7.284870 23.390235 1
9.061878 5.081230 7.639235 1
1.101820 2.878828 31.265735 1
11.264280 9.487272 15.514735 1
3.703647 0.514430 2.129535 6
8.662453 11.851670 17.880535 6
5.668620 9.886697 25.756035 6
6.697480 2.479403 10.005035 6
2.479403 6.697480 21.496965 6
9.886697 5.668620 5.745965 6
0.514430 3.703647 29.372465 6
11.851670 8.662453 13.621465 6
4.691698 0.607176 2.003527 1
7.674402 11.758924 17.754527 1
5.575874 10.874748 25.630027 1
6.790226 1.491352 9.879027 1
1.491352 6.790226 21.622973 1
10.874748 5.575874 5.871973 1
0.607176 4.691698 29.498473 1
11.758924 7.674402 13.747473 1
3.045770 0.084089 3.310860 6
9.320330 12.282011 19.061860 6
6.098961 9.228820 26.937360 6
6.267139 3.137280 11.186360 6
3.137280 6.267139 20.315640 6
9.228820 6.098961 4.564640 6
0.084089 3.045770 28.191140 6
12.282011 9.320330 12.440140 6
3.489713 12.186792 4.167715 1
8.876387 0.179308 19.918715 1
6.362358 9.672763 27.794215 1
6.003742 2.693337 12.043215 1
2.693337 6.003742 19.458785 1
9.672763 6.362358 3.707785 1
12.186792 3.489713 27.334285 1
0.179308 8.876387 11.583285 1
1.668187 0.103875 3.071445 6
10.697913 12.262225 18.822445 6
6.079175 7.851237 26.697945 6
6.286925 4.514863 10.946945 6
4.514863 6.286925 20.555055 6
7.851237 6.079175 4.804055 6
0.103875 1.668187 28.430555 6
12.262225 10.697913 12.679555 6
0.958373 12.216470 3.726687 1
11.407727 0.149630 19.477687 1
6.332680 7.141423 27.353187 1
6.033420 5.224677 11.602187 1
5.224677 6.033420 19.899813 1
7.141423 6.332680 4.148813 1
12.216470 0.958373 27.775313 1
0.149630 11.407727 12.024313 1
