9.239608 0.983033 8.825111 16
4.456608 4.467967 5.177889 16
0.326392 6.434033 12.179389 16
5.109392 9.918967 1.823611 16
0.841808 1.756312 8.372674 8
5.624808 3.694688 5.630326 8
8.724192 7.207312 12.631826 8
3.941192 9.145688 1.371174 8
8.225803 0.790177 7.562320 8
3.442803 4.660823 6.440680 8
1.340197 6.241177 13.442180 8
6.123197 10.111823 0.560820 8
7.416520 1.977623 7.291642 6
2.633520 3.473377 6.711358 6
2.149480 7.428623 13.712858 6
6.932480 8.924377 0.290142 6
7.260594 2.661178 8.623608 6
2.477594 2.789822 5.379392 6
2.305406 8.112178 12.380892 6
7.088406 8.240822 1.622108 6
8.125360 2.171678 9.599337 6
3.342360 3.279322 4.403663 6
1.440640 7.622678 11.405163 6
6.223640 8.730322 2.597837 6
8.103359 2.642645 10.920380 6
3.320359 2.808355 3.082620 6
1.462641 8.093645 10.084120 6
6.245641 8.259355 3.918880 6
7.159194 3.645629 11.183216 6
2.376194 1.805371 2.819784 6
2.406806 9.096629 9.821284 6
7.189806 7.256371 4.181716 6
6.275296 4.165654 10.219950 6
1.492296 1.285346 3.783050 6
3.290704 9.616654 10.784550 6
8.073704 6.736346 3.218450 6
6.340345 3.657621 8.919071 6
1.557345 1.793379 5.083929 6
3.225655 9.108621 12.085429 6
8.008655 7.244379 1.917571 6
9.013085 2.087733 12.031378 6
4.230085 3.363267 1.971622 6
0.552915 7.538733 8.973122 6
5.335915 8.814267 5.029878 6
8.700277 2.703696 13.400871 6
3.917277 2.747304 0.602129 6
0.865723 8.154696 7.603629 6
5.648723 8.198304 6.399371 6
0.918336 2.403891 11.721911 6
5.701336 3.047109 2.281089 6
8.647664 7.854891 9.282589 6
3.864664 8.498109 4.720411 6
8.825592 0.564724 12.151803 6
4.042592 4.886276 1.851197 6
0.740408 6.015724 8.852697 6
5.523408 10.337276 5.150303 6
5.193381 5.188262 10.590609 6
0.410381 0.262738 3.412391 6
4.372619 10.639262 10.413891 6
9.155619 5.713738 3.589109 6
3.858924 4.440385 10.790712 6
8.641924 1.010615 3.212288 6
5.707076 9.891385 10.213788 6
0.924076 6.461615 3.789212 6
5.009714 6.219591 9.461827 6
0.226714 10.133409 4.541173 6
4.556286 0.768591 11.542673 6
9.339286 4.682409 2.460327 6
5.529148 5.947041 11.882946 6
0.746148 10.405959 2.120054 6
4.036852 0.496041 9.121554 6
8.819852 4.954959 4.881446 6
7.882384 2.583774 6.553404 1
3.099384 2.867226 7.449596 1
1.683616 8.034774 0.448096 1
6.466616 8.318226 13.554904 1
6.562276 1.646202 6.945488 1
1.779276 3.804798 7.057512 1
3.003724 7.097202 0.056012 1
7.786724 9.255798 13.946988 1
7.097972 3.979230 12.070586 1
2.314972 1.471770 1.932414 1
2.468028 9.430230 8.933914 1
7.251028 6.922770 5.069086 1
5.730034 3.946524 8.219761 1
0.947034 1.504476 5.783239 1
3.835966 9.397524 12.784739 1
8.618966 6.955476 1.218261 1
9.374680 2.365734 0.056012 1
4.591680 3.085266 13.946988 1
0.191320 7.816734 6.945488 1
4.974320 8.536266 7.057512 1
7.796290 2.452950 13.680931 1
3.013290 2.998050 0.322069 1
1.769710 7.903950 7.323569 1
6.552710 8.449050 6.679431 1
8.829418 3.750288 13.386868 1
4.046418 1.700712 0.616132 1
0.736582 9.201288 7.617632 1
5.519582 7.151712 6.385368 1
1.061826 3.303306 11.622490 1
5.844826 2.147694 2.380510 1
8.504174 8.754306 9.382010 1
3.721174 7.598694 4.620990 1
1.473164 2.093184 12.462670 1
6.256164 3.357816 1.540330 1
8.092836 7.544184 8.541830 1
3.309836 8.808816 5.461170 1
1.214882 2.038674 10.866328 1
5.997882 3.412326 3.136672 1
8.351118 7.489674 10.138172 1
3.568118 8.863326 3.864828 1
9.403378 0.185334 12.924769 1
4.620378 5.265666 1.078231 1
0.162622 5.636334 8.079731 1
4.945622 10.716666 5.923269 1
9.145096 0.076314 11.356433 1
4.362096 5.374686 2.646567 1
0.420904 5.527314 9.648067 1
5.203904 10.825686 4.354933 1
7.939780 0.359766 12.378652 1
3.156780 5.091234 1.624348 1
1.626220 5.810766 8.625848 1
6.409220 10.542234 5.377152 1
3.137648 5.080332 10.964349 1
7.920648 0.370668 3.038651 1
6.428352 10.531332 10.040151 1
1.645352 5.821668 3.962849 1
3.587250 3.935622 9.998142 1
8.370250 1.515378 4.004858 1
5.978750 9.386622 11.006358 1
1.195750 6.966378 2.996642 1
3.883796 3.772092 11.552475 1
8.666796 1.678908 2.450525 1
5.682204 9.223092 9.452025 1
0.899204 7.129908 4.550975 1
5.863958 6.661122 9.255983 1
1.080958 9.691878 4.747017 1
3.702042 1.210122 11.748517 1
8.485042 4.240878 2.254483 1
4.677774 5.810766 8.625848 1
9.460774 10.542234 5.377152 1
4.888226 0.359766 12.378652 1
0.105226 5.091234 1.624348 1
4.342964 6.900966 9.746088 1
9.125964 9.452034 4.256912 1
5.223036 1.449966 11.258412 1
0.440036 4.001034 2.744588 1
6.428352 6.399474 11.804529 1
1.645352 9.953526 2.198471 1
3.137648 0.948474 9.199971 1
7.920648 4.502526 4.803029 1
5.481318 5.374686 12.644709 1
0.698318 0.076314 1.358291 1
4.084682 10.825686 8.359791 1
8.867682 5.527314 5.643209 1
4.840396 6.672024 11.986568 1
0.057396 9.680976 2.016432 1
4.725604 1.221024 9.017932 1
9.508604 4.229976 4.985068 1
