1.768333 2.482159 1.243370 16
0.480497 13.314659 7.061267 16
2.729327 19.182841 15.365905 16
4.017164 8.350341 9.548008 16
2.980877 3.028767 0.264087 6
4.943654 13.861267 8.040550 6
1.516784 18.636233 16.345188 6
-0.445993 7.803733 8.568725 6
1.819333 2.872779 15.936600 1
4.927159 13.705279 8.977313 1
2.678328 18.792221 0.672676 1
-0.429498 7.959721 7.631962 1
3.950766 3.717714 0.913510 6
3.973765 14.550214 7.391127 6
0.546895 17.947286 15.695765 6
0.523896 7.114786 9.218148 6
4.712136 4.062188 0.461738 1
3.212395 14.894687 7.842900 1
-0.214475 17.602812 16.147537 1
1.285266 6.770312 8.766375 1
3.754199 3.899700 2.348552 6
4.170332 14.732200 5.956086 6
0.743462 17.765300 14.260724 6
0.327329 6.932800 10.653189 6
4.308498 4.371997 2.959773 1
3.616032 15.204497 5.344865 1
0.189163 17.293003 13.649502 1
0.881629 6.460503 11.264410 1
2.452010 3.160923 2.639214 6
-0.203180 13.993424 5.665424 6
2.045651 18.504077 13.970061 6
4.700840 7.671576 10.943851 6
2.450555 3.536595 5.004375 8
-0.201725 14.369095 3.300263 8
2.047106 18.128405 11.604901 8
4.699386 7.295905 13.309012 8
1.802170 3.048265 3.903180 6
0.446661 13.880766 4.401458 6
2.695491 18.616734 12.706096 6
4.051000 7.784235 12.207817 6
0.587836 2.517473 4.283532 6
1.660994 13.349973 4.021106 6
3.909825 19.147527 12.325743 6
2.836667 8.315027 12.588170 6
-0.052627 2.101505 3.718817 1
2.301457 12.934005 4.585821 1
4.550288 19.563495 12.890459 1
2.196203 8.730995 12.023454 1
0.479992 2.714624 5.691999 6
1.768838 13.547124 2.612639 6
4.017668 18.950375 10.917277 6
2.728823 8.117876 13.996636 6
-0.252807 2.467643 6.245087 1
2.501637 13.300143 2.059550 1
4.750468 19.197356 10.364188 1
1.996024 8.364857 14.549725 1
1.613889 3.312578 6.085638 6
0.634942 14.145079 2.218999 6
2.883772 18.352421 10.523637 6
3.862719 7.519921 14.390276 6
1.211825 3.331860 8.809560 16
-0.141033 14.164360 16.104353 16
3.285836 18.333140 7.799716 16
4.638694 7.500640 0.504922 16
2.108730 3.737212 7.391127 6
0.140101 14.569712 0.913510 6
2.388931 17.927788 9.218148 6
4.357560 7.095288 15.695765 6
3.281746 4.408827 7.713347 6
4.642785 15.241328 0.591290 6
1.215915 17.256172 8.895928 6
-0.145124 6.423672 16.017985 6
3.911815 4.712137 7.072229 1
4.012715 15.544638 1.232408 1
0.585846 16.952862 9.537046 1
0.484946 6.120362 15.376867 1
3.427574 4.582147 9.090256 6
3.318917 15.414647 15.823657 6
1.070087 17.082852 7.519019 6
1.178743 6.250352 0.785619 6
4.174291 5.024113 9.477252 1
2.572200 15.856613 15.436660 1
0.323370 16.640887 7.132023 1
1.925461 5.808387 1.172615 1
2.423240 4.073020 9.822725 6
4.323251 14.905520 15.091188 6
2.074421 17.591980 6.786550 6
0.174410 6.759480 1.518088 6
3.055814 4.584314 12.211139 8
3.690677 15.416814 12.702774 8
1.441847 17.080686 4.398136 8
0.806984 6.248186 3.906502 8
2.226555 4.120683 11.259428 6
4.519936 14.953183 13.654485 6
2.271105 17.544317 5.349848 6
-0.022275 6.711817 2.954790 6
1.061054 3.672217 11.807534 6
0.009738 14.504717 13.106379 6
3.436607 17.992783 4.801741 6
4.487923 7.160283 3.502896 6
0.321672 3.290913 11.349118 1
0.749119 14.123413 13.564795 1
4.175989 18.374086 5.260157 1
3.748542 7.541586 3.044480 1
1.178407 3.891034 13.177799 6
-0.107616 14.723534 11.736114 6
3.319254 17.773966 3.431476 6
4.605276 6.941466 4.873161 6
0.513266 3.665718 13.817256 1
0.557525 14.498218 11.096657 1
3.984395 17.999282 2.792019 1
3.940135 7.166782 5.512618 1
2.335381 4.452157 13.470122 6
4.411110 15.284657 11.443791 6
2.162280 17.212843 3.139153 6
0.086551 6.380342 5.165485 6
2.638171 4.716470 14.330483 1
4.108320 15.548970 10.583430 1
1.859490 16.948529 2.278793 1
0.389341 6.116029 6.025845 1
0.393487 0.199318 14.001619 16
0.677305 11.031818 10.912294 16
4.104174 21.465682 2.607656 16
3.820356 10.633182 5.696981 16
-0.758716 0.886098 14.938382 6
1.829508 11.718599 9.975531 6
5.256377 20.778901 1.670893 6
2.668153 9.946402 6.633745 6
-0.744938 0.907763 15.888433 1
1.815729 11.740264 9.025480 1
5.242598 20.757236 0.720843 1
2.681932 9.924736 7.583795 1
3.944461 1.416891 14.166051 6
2.802030 12.249391 10.747862 6
0.553200 20.248109 2.443224 6
1.695630 9.415609 5.861413 6
3.222617 1.893521 14.564673 1
3.523874 12.726021 10.349239 1
1.275044 19.771479 2.044602 1
0.973787 8.938979 6.260036 1
4.002390 1.265236 12.789142 6
2.744101 12.097736 12.124771 6
0.495270 20.399764 3.820133 6
1.753560 9.567264 4.484504 6
3.346346 1.514384 12.148024 1
3.400145 12.346883 12.765889 1
1.151315 20.150617 4.461251 1
1.097516 9.318116 3.843386 1
-0.321261 0.606620 12.531698 6
1.392052 11.439120 12.382215 6
4.818921 21.058380 4.077577 6
3.105609 10.225880 4.227061 6
-0.685846 0.340140 10.149928 8
1.756637 11.172640 14.763985 8
5.183506 21.324859 6.459347 8
2.741024 10.492359 1.845290 8
0.154807 0.179819 11.261089 6
0.915984 11.012319 13.652824 6
4.342854 21.485180 5.348187 6
3.581677 10.652681 2.956451 6
1.334187 21.270697 10.877414 6
-0.263396 10.438197 14.036499 6
3.163474 0.394303 5.731861 6
4.761056 11.226803 2.572777 6
2.087307 21.069212 11.422199 1
4.659184 10.236712 13.491714 1
2.410354 0.595788 5.187077 1
-0.161523 11.428287 3.117561 1
1.189676 21.041048 9.473931 6
-0.118885 10.208548 15.439982 6
3.307985 0.623952 7.135345 6
4.616546 11.456452 1.169293 6
1.839632 20.635912 8.912537 1
-0.768840 9.803413 16.001376 1
2.658029 1.029087 7.696738 1
5.266501 11.861587 0.607899 1
-0.019471 21.491680 9.076969 6
1.090263 10.659180 15.836944 6
4.517132 0.173320 7.532306 6
3.407398 11.005820 0.772331 6
0.153198 20.784318 6.434433 16
2.095633 9.951818 1.870204 16
4.344463 0.880682 10.174842 16
2.402028 11.713182 14.739071 16
5.043504 21.565341 7.793072 6
2.881026 10.732841 0.511566 6
-0.545843 0.099659 8.816203 6
1.616635 10.932159 16.097710 6
3.868647 0.435466 7.392788 6
4.055884 11.267966 0.911849 6
0.629014 21.229533 9.216487 6
0.441777 10.397033 15.697426 6
3.281466 0.870933 7.997366 1
4.643064 11.703433 0.307272 1
1.216195 20.794067 8.611909 1
-0.145403 9.961567 16.302004 1
3.573740 0.311976 6.029167 6
4.350790 11.144476 2.275471 6
0.923921 21.353024 10.580108 6
0.146871 10.520524 14.333805 6
2.795657 0.660782 5.612274 1
5.128873 11.493282 2.692364 1
1.702004 21.004217 10.997001 1
-0.631213 10.171717 13.916912 1
4.598260 21.259864 5.348187 6
3.326270 10.427364 2.956451 6
-0.100599 0.405136 11.261089 6
1.171391 11.237636 13.652824 6
3.814894 21.459183 3.109256 8
4.109637 10.626682 5.195381 8
0.682767 0.205817 13.500019 8
0.388024 11.038317 11.413894 8
4.783883 21.080045 3.931415 6
3.140648 10.247545 4.373222 6
-0.286222 0.584955 12.677860 6
1.357013 11.417455 12.236053 6
0.161102 20.479924 3.330160 6
2.087728 9.647424 4.974478 6
4.336559 1.185075 13.279116 6
2.409933 12.017575 11.634797 6
0.921045 20.081288 3.738748 1
1.327786 9.248788 4.565890 1
3.576616 1.583711 12.870527 1
3.169875 12.416211 12.043385 1
-0.131566 20.590416 1.934981 6
2.380396 9.757916 6.369657 6
4.629227 1.074584 14.674295 6
2.117265 11.907084 10.239618 6
0.428939 20.265441 1.242374 1
1.819891 9.432941 7.062264 1
4.068722 1.399559 15.366901 1
2.677769 12.232059 9.547011 1
4.366963 21.210035 1.727365 6
3.557568 10.377535 6.577273 6
0.130698 0.454965 14.881911 6
0.940093 11.287465 10.032002 6
3.970791 21.439684 0.895240 1
3.953739 10.607184 7.409398 1
0.526870 0.225316 15.714035 1
0.543922 11.057816 9.199878 1
