1.322750 4.678784 3.256310 35
0.879089 2.862177 2.615740 6
1.723833 2.399902 2.438229 1
0.154567 2.071254 3.689989 6
5.698769 0.659434 1.804697 6
-0.067183 1.534041 0.795740 6
4.480022 -0.792810 10.174249 1
0.798600 1.145542 0.594765 1
0.126747 2.950031 1.312971 6
0.629766 3.475243 0.670258 1
-0.733993 3.376623 1.451715 1
3.091500 8.652547 1.519047 6
2.610016 8.165200 2.223991 1
0.865598 4.653453 10.194652 6
1.778888 6.586066 0.714126 1
2.241405 3.974429 10.121199 6
-2.008068 6.621398 1.174226 6
4.084758 6.150760 1.926099 1
-1.103292 6.292878 1.054865 1
-1.966766 8.105800 1.477220 6
-1.458071 8.567551 0.792679 1
-1.532224 8.254191 2.332130 1
0.046835 4.566164 8.910246 6
-0.503358 5.374992 8.844955 1
0.946113 4.512934 7.683991 6
0.511691 4.963892 6.943341 1
1.093842 3.588823 7.429966 1
2.290423 5.185271 7.975762 6
2.134390 6.107312 8.263453 1
3.160663 5.184246 6.741345 6
3.455219 4.279018 6.553632 1
2.644774 5.496304 5.981312 1
-1.712611 6.681566 5.778296 6
-2.441619 7.146651 5.338599 1
-1.346283 6.032075 5.157007 1
-0.686454 7.627060 6.161883 6
0.427720 7.877273 5.217197 6
0.470243 7.434146 4.401054 1
4.134309 -0.716942 5.581401 6
4.839276 -0.543631 4.998879 1
4.089813 -0.109921 6.691356 6
4.771258 0.493136 6.880090 1
3.204329 -0.258247 7.544226 6
3.242669 0.227559 8.335885 1
2.176543 -1.125065 7.334069 6
1.525865 -1.223457 7.991065 1
1.099291 1.703434 4.819327 6
0.652774 1.113357 5.430415 1
1.368841 2.499308 5.283509 1
1.873618 1.265247 4.459204 1
-1.078528 2.782299 4.229664 6
-1.517392 3.248262 3.514518 1
-0.815180 3.410536 4.906043 1
4.804789 2.137640 4.608150 1
4.200284 1.003219 1.841424 6
3.793506 0.582684 2.602478 1
3.779052 0.687111 1.038543 1
4.091534 1.954964 1.905695 1
2.092195 2.468244 9.966132 6
1.601767 2.276518 9.163251 1
3.042916 4.467629 0.521312 1
2.961343 2.064139 9.915123 1
-1.457662 3.630463 8.916368 1
-0.178116 0.784264 3.107466 8
2.430745 8.392793 0.286670 8
2.996490 4.489686 9.007163 8
-2.813076 5.089983 9.360146 1
3.462911 3.744954 8.597051 1
-2.188792 6.026800 6.924977 8
-0.819301 3.437020 8.923509 8
