4.176968 5.137697 8.188851 40
8.594622 8.400203 0.737884 40
3.589272 9.773656 0.622818 17
9.182318 3.764244 8.303917 17
4.783492 7.317516 8.823721 17
7.988098 6.220384 0.103015 17
5.410117 4.935271 6.167303 17
7.361473 8.602629 2.759432 17
3.708081 12.437587 7.721001 17
9.063509 1.100313 1.205734 17
2.511922 5.823023 7.127998 8
10.259668 7.714877 1.798737 8
9.136220 5.787635 4.973977 6
3.635370 7.750265 3.952758 6
10.392284 5.286982 5.350685 6
2.379306 8.250918 3.576050 6
1.653679 4.298582 4.632083 6
11.117911 9.239318 4.294652 6
2.518011 3.997594 4.888280 1
10.253579 9.540306 4.038455 1
10.410006 3.769714 3.546592 6
2.361584 9.768186 5.380143 6
1.425283 3.062215 3.056514 1
11.346307 10.475685 5.870221 1
9.175235 4.265132 3.160064 6
3.596355 9.272768 5.766671 6
8.761454 3.898740 2.386116 1
4.010136 9.639160 6.540619 1
8.512239 5.272017 3.850101 6
4.259351 8.265883 5.076634 6
7.665974 5.594577 3.563553 1
5.105616 7.943323 5.363183 1
8.663538 6.854487 5.904143 6
4.108052 6.683413 3.022593 6
7.822674 6.583430 6.351372 1
4.948916 6.954470 2.575363 1
8.507423 7.701999 5.416743 1
4.264167 5.835901 3.509992 1
9.794913 7.016445 6.925361 6
2.976677 6.521455 2.001374 6
10.171646 7.931301 6.890547 1
2.599944 5.606599 2.036188 1
9.468252 6.838842 7.843030 1
3.303338 6.699058 1.083706 1
10.821069 6.002981 6.520088 6
1.950521 7.534919 2.406648 6
8.417219 11.398289 5.362290 17
4.354371 2.139610 3.564445 17
7.116854 9.742224 7.375269 17
5.654736 3.795676 1.551467 17
7.255200 11.332673 6.648633 6
5.516390 2.205227 2.278103 6
6.369956 11.602372 6.296026 1
6.401634 1.935528 2.630709 1
7.512410 11.984190 7.347596 1
5.259180 1.553710 1.579139 1
