7.516683 12.634574 17.695348 8
9.384867 4.173426 4.876348 8
3.751017 4.230574 20.761652 8
1.882833 12.577426 7.942652 8
6.775268 13.483378 18.295277 6
10.126282 3.324622 5.476277 6
4.492432 5.079378 20.161723 6
1.141418 11.728622 7.342723 6
10.483468 2.030406 20.581417 6
6.418082 14.777594 7.762417 6
0.784232 10.434406 17.875583 6
4.849618 6.373594 5.056583 6
9.259796 2.396821 21.184936 6
7.641754 14.411179 8.365936 6
2.007904 10.800821 17.272064 6
3.625946 6.007179 4.453064 6
8.130772 1.546336 21.264157 6
8.770778 15.261664 8.445157 6
3.136928 9.950336 17.192843 6
2.496922 6.857664 4.373843 6
8.175843 0.684086 20.866768 1
8.725707 16.123914 8.047768 1
3.091857 9.088086 17.590232 1
2.541993 7.719914 4.771232 1
6.975833 1.927878 21.894852 6
9.925717 14.880122 9.075852 6
4.291867 10.331878 16.562148 6
1.341983 6.476122 3.743148 6
6.231038 1.337917 21.925618 1
10.670512 15.470083 9.106618 1
5.036662 9.741917 16.531382 1
0.597188 7.066083 3.712382 1
6.894706 3.208647 22.502473 6
10.006844 13.599353 9.683473 6
4.372994 11.612647 15.954527 6
1.260856 5.195353 3.135527 6
6.098079 3.477575 22.946010 1
10.803471 13.330425 10.127010 1
5.169621 11.881575 15.510990 1
0.464229 4.926425 2.691990 1
7.950489 4.042324 22.453760 6
8.951061 12.765676 9.634760 6
3.317211 12.446324 16.003240 6
2.316639 4.361676 3.184240 6
7.878376 4.896170 22.861405 1
9.023174 11.911830 10.042405 1
3.389324 13.300170 15.595595 1
2.244526 3.507830 2.776595 1
9.159513 3.696079 21.817938 6
7.742037 13.111921 8.998938 6
2.108187 12.100079 16.639062 6
3.525663 4.707921 3.820062 6
10.299805 4.543202 21.769226 6
6.601745 12.264798 8.950226 6
0.967895 12.947202 16.687774 6
4.665955 3.860798 3.868774 6
10.267128 5.385283 22.207636 1
6.634422 11.422717 9.388636 1
1.000572 13.789283 16.249364 1
4.633278 3.018717 3.430364 1
0.148734 4.188554 21.123405 6
5.485116 12.619446 8.304405 6
11.118966 12.592554 17.333595 6
5.782584 4.215446 4.514595 6
0.874374 4.798684 21.066745 1
4.759476 12.009316 8.247745 1
10.393326 13.202684 17.390255 1
6.508224 3.605316 4.571255 1
0.258030 2.912826 20.523219 6
5.375820 13.895174 7.704219 6
11.009670 11.316826 17.933781 6
5.891880 5.491174 5.114781 6
1.059164 2.667430 20.077118 1
4.574686 14.140570 7.258118 1
10.208536 11.071430 18.379882 1
6.693014 5.736570 5.560882 1
10.622061 0.694170 19.923546 6
6.279489 16.113830 7.104546 6
0.645639 9.098170 18.533454 6
4.988211 7.709830 5.714454 6
0.971276 15.708757 19.283622 6
4.662574 1.099243 6.464622 6
10.296424 7.304757 19.173378 6
6.605126 9.503243 6.354378 6
0.187044 15.496976 18.700357 1
5.446806 1.311024 5.881357 1
11.080656 7.092976 19.756643 1
5.820894 9.715024 6.937643 1
2.029313 16.297037 18.369627 6
3.604537 0.510963 5.550627 6
9.238387 7.893037 20.087373 6
7.663163 8.914963 7.268373 6
2.797770 16.586134 18.905461 1
2.836080 0.221866 6.086461 1
8.469930 8.182134 19.551539 1
8.431620 8.625866 6.732539 1
1.656352 0.257162 17.890196 1
3.977498 16.550838 5.071196 1
9.611348 8.661162 20.566804 1
7.290202 8.146838 7.747804 1
2.317766 15.617994 17.723549 1
3.316084 1.190006 4.904549 1
8.949934 7.213994 20.733451 1
7.951616 9.594006 7.914451 1
1.336349 14.421264 19.977130 6
4.297501 2.386736 7.158130 6
9.931351 6.017264 18.479870 6
6.970199 10.790736 5.660870 6
0.307608 13.572460 20.513477 6
5.326242 3.235540 7.694477 6
10.960092 5.168460 17.943523 6
5.941458 11.639540 5.124523 6
10.205156 13.911982 20.503734 6
6.696394 2.896018 7.684734 6
1.062544 5.507982 17.953266 6
4.571306 11.300018 5.134266 6
9.935858 14.733893 20.110447 1
6.965692 2.074107 7.291447 1
1.331842 6.329893 18.346553 1
4.302008 10.478107 5.527553 1
9.257542 13.093432 21.043670 6
7.644008 3.714568 8.224670 6
2.010158 4.689432 17.413330 6
3.623692 12.118568 4.594330 6
8.342605 13.347233 21.030851 1
8.558945 3.460767 8.211851 1
2.925095 4.943233 17.426149 1
2.708755 11.864767 4.607149 1
9.647405 11.863086 21.625653 6
7.254145 4.944914 8.806653 6
1.620295 3.459086 16.831347 6
4.013555 13.348914 4.012347 6
8.993878 11.301699 22.028170 1
7.907672 5.506301 9.209170 1
2.273822 2.897699 16.428830 1
3.360028 13.910301 3.609830 1
10.937556 11.483226 21.612834 6
5.963994 5.324774 8.793834 6
0.330144 3.079226 16.844166 6
5.303706 13.728774 4.025166 6
11.171925 10.634422 21.966638 1
5.729625 6.173578 9.147638 1
0.095775 2.230422 16.490362 1
5.538075 14.577578 3.671362 1
0.692964 12.316902 21.084691 6
4.940886 4.491098 8.265691 6
10.574736 3.912902 17.372309 6
6.326814 12.895098 4.553309 6
2.036073 11.948807 21.120584 6
3.597777 4.859193 8.301584 6
9.231627 3.544807 17.336416 6
7.669923 13.263193 4.517416 6
2.273822 11.106726 21.492335 1
3.360028 5.701274 8.673335 1
8.993878 2.702726 16.964665 1
7.907672 14.105274 4.145665 1
3.007349 12.750549 20.646281 6
2.626501 4.057451 7.827281 6
8.260351 4.346549 17.810719 6
8.641199 12.461451 4.991719 6
3.920033 12.491706 20.702685 1
1.713817 4.316294 7.883685 1
7.347667 4.087706 17.754315 1
9.553883 12.720294 4.935315 1
2.636642 14.001064 20.056607 6
2.997208 2.806936 7.237607 6
8.631058 5.597064 18.400393 6
8.270492 11.210936 5.581393 6
3.318338 14.560770 19.705367 1
2.315512 2.247230 6.886367 1
7.949362 6.156770 18.751633 1
8.952188 10.651230 5.932633 1
1.260856 0.215142 21.404910 6
4.372994 16.592858 8.585910 6
10.006844 8.619142 17.052090 6
6.894706 8.188858 4.233090 6
0.509300 0.521048 22.638354 6
5.124550 16.286952 9.819354 6
10.758400 8.925048 15.818646 6
6.143150 7.882952 2.999646 6
0.916064 1.569867 23.525685 6
4.717786 15.238133 10.706685 6
10.351636 9.973867 14.931315 6
6.549914 6.834133 2.112315 6
1.971848 2.450606 23.208800 6
3.662002 14.357394 10.389800 6
9.295852 10.854606 15.248201 6
7.605698 5.953394 2.429201 6
2.472133 2.316142 22.412740 1
3.161717 14.491858 9.593740 1
8.795567 10.720142 16.044260 1
8.105983 6.087858 3.225260 1
2.283963 3.494383 24.034087 6
3.349887 13.313617 11.215087 6
8.983737 11.898383 14.422913 6
7.917813 4.909617 1.603913 6
2.982560 4.091067 23.794628 1
2.651290 12.716933 10.975628 1
8.285140 12.495067 14.662372 1
8.616410 4.312933 1.843372 1
1.585365 3.691037 25.227792 6
4.048485 13.116963 12.408792 6
9.682335 12.095037 13.229208 6
7.219215 4.712963 0.410208 6
1.818607 4.417142 0.156392 1
3.815243 12.390858 12.975392 1
9.449093 12.821142 12.662608 1
7.452457 3.986858 25.481608 1
0.562258 2.847275 25.588262 6
5.071592 13.960725 12.769262 6
10.705442 11.251275 12.868738 6
6.196108 5.556725 0.049738 6
0.102536 2.983420 0.771704 1
5.531314 13.824580 13.590704 1
11.165164 11.387420 12.047296 1
5.736386 5.420580 24.866296 1
0.184790 1.761478 24.734517 6
5.449060 15.046522 11.915517 6
11.082910 10.165478 13.722483 6
5.818640 6.642522 0.903483 6
10.389946 0.885782 25.042942 6
6.511604 15.922218 12.223942 6
0.877754 9.289782 13.414058 6
4.756096 7.518218 0.595058 6
10.038394 16.670174 24.176121 6
6.863156 0.137826 11.357121 6
1.229306 8.266174 14.280879 6
4.404544 8.541826 1.461879 6
9.329656 16.080214 24.402248 1
7.571894 0.727786 11.583248 1
1.938044 7.676214 14.054752 1
3.695806 9.131786 1.235752 1
10.725724 16.505456 22.967546 6
6.175826 0.302544 10.148546 6
0.541976 8.101456 15.489454 6
5.091874 8.706544 2.670454 6
10.463186 15.816328 22.369155 1
6.438364 0.991672 9.550155 1
0.804514 7.412328 16.087845 1
4.829336 9.395672 3.268845 1
9.518953 1.072350 0.588392 6
7.382597 15.735650 13.407392 6
1.748747 9.476350 12.230608 6
3.885103 7.331650 25.049608 6
7.689078 16.690344 1.828759 6
9.212472 0.117656 14.647759 6
3.578622 8.286344 10.990241 6
2.055228 8.521656 23.809241 6
7.506542 15.733969 2.053604 1
9.395008 1.074031 14.872604 1
3.761158 7.329969 10.765396 1
1.872692 9.478031 23.584396 1
7.575275 0.638704 3.142193 6
9.326275 16.169296 15.961193 6
3.692425 9.042704 9.676807 6
1.941425 7.765296 22.495807 6
7.781474 1.584994 2.991955 1
9.120076 15.223006 15.810955 1
3.486226 9.988994 9.827045 1
2.147624 6.819006 22.646045 1
8.208519 0.265566 3.789296 1
8.693031 16.542434 16.608296 1
3.059181 8.669566 9.029704 1
2.574669 8.138434 21.848704 1
6.662591 0.554664 3.489332 1
10.238959 16.253336 16.308332 1
4.605109 8.958664 9.329668 1
1.028741 7.849336 22.148668 1
6.697521 0.242035 0.751193 6
10.204029 16.565965 13.570193 6
4.570179 8.646035 12.067807 6
1.063671 8.161965 24.886807 6
6.454139 16.162573 25.281375 6
10.447411 0.645427 12.462375 6
4.813561 7.758573 13.175625 6
0.820289 9.049427 0.356625 6
7.122313 14.912058 25.140110 6
9.779237 1.895942 12.321110 6
4.145387 6.508058 13.316890 6
1.488463 10.299942 0.497890 6
7.746544 14.646491 0.166647 1
9.155006 2.161509 12.985647 1
3.521156 6.242491 12.652353 1
2.112694 10.565509 25.471353 1
6.890199 14.086785 24.076646 6
10.011351 2.721215 11.257646 6
4.377501 5.682785 14.380354 6
1.256349 11.125215 1.561354 6
7.342033 13.253108 24.015115 1
9.559517 3.554892 11.196115 1
3.925667 4.849108 14.441885 1
1.708183 11.958892 1.622885 1
5.979768 14.471688 23.066509 6
10.921782 2.336312 10.247509 6
5.287932 6.067688 15.390491 6
0.345918 10.740312 2.571491 6
5.843429 13.908620 22.312751 1
11.058121 2.899380 9.493751 1
5.424271 5.504620 16.144249 1
0.209579 11.303380 3.325249 1
5.295819 15.644886 23.171624 6
0.338031 1.163114 10.352624 6
5.971881 7.240886 15.285376 6
10.929669 9.567114 2.466376 6
4.672715 15.891964 22.497345 1
0.961135 0.916036 9.678345 1
6.594985 7.487964 15.959655 1
10.306565 9.320036 3.140655 1
5.515539 16.505456 24.289441 6
0.118311 0.302544 11.470441 6
5.752161 8.101456 14.167559 6
11.149389 8.706544 1.348559 6
4.803421 0.932844 24.407376 6
0.830429 15.875156 11.588376 6
6.464279 9.336844 14.049624 6
10.437271 7.471156 1.230624 6
4.166795 1.176560 23.745916 1
1.467055 15.631440 10.926916 1
7.100905 9.580560 14.711084 1
9.800645 7.227440 1.892084 1
5.035535 1.748032 25.450843 6
0.598315 15.059968 12.631843 6
6.232165 10.152032 13.006157 6
10.669385 6.655968 0.187157 6
4.543137 2.556497 25.527757 1
1.090713 14.251503 12.708757 1
6.724563 10.960497 12.929243 1
10.176987 5.847503 0.110243 1
5.987656 1.428680 0.789650 6
10.913894 15.379320 13.608650 6
5.280044 9.832680 12.029350 6
0.353806 6.975320 24.848350 6
6.148784 2.042172 1.497259 1
10.752766 14.765828 14.316259 1
5.118916 10.446172 11.321741 1
0.514934 6.361828 24.140741 1
9.949379 15.686906 1.620065 6
6.952171 1.121094 14.439065 6
1.318321 7.282906 11.198935 6
4.315529 9.525094 24.017935 6
0.146480 15.900368 1.435728 6
5.487370 0.907632 14.254728 6
11.121220 7.496368 11.383272 6
5.780330 9.311632 24.202272 6
0.903670 14.979290 0.615056 6
4.730180 1.828710 13.434056 6
10.364030 6.575290 12.203944 6
6.537520 10.232710 25.022944 6
0.281692 14.026276 25.408284 6
5.352158 2.781724 12.589284 6
10.986008 5.622276 13.048716 6
5.915542 11.185724 0.229716 6
10.606286 13.915343 25.425205 1
6.295264 2.892657 12.606205 1
0.661414 5.511343 13.031795 1
4.972436 11.296657 0.212795 1
1.041135 13.268235 24.571459 6
4.592715 3.539765 11.752459 6
10.226565 4.864235 13.885541 6
6.674985 11.943765 1.066541 6
0.618597 12.653062 23.986913 1
5.015253 4.154938 11.167913 1
10.649103 4.249062 14.470087 1
6.252447 12.558938 1.651087 1
2.446218 13.384210 24.561204 6
3.187632 3.423790 11.742204 6
8.821482 4.980210 13.895796 6
8.080068 11.827790 1.076796 6
2.963405 12.842993 23.976658 1
2.670445 3.965007 11.157658 1
8.304295 4.438993 14.480342 1
8.597255 12.369007 1.661342 1
3.063688 14.273354 25.391875 6
2.570162 2.534646 12.572875 6
8.204012 5.869354 13.065125 6
8.697538 10.938646 0.246125 6
4.012428 14.320416 25.404694 1
1.621422 2.487584 12.585694 1
7.255272 5.916416 13.052306 1
9.646278 10.891584 0.233306 1
2.312132 15.120477 0.591212 6
3.321718 1.687523 13.410212 6
8.955568 6.716477 12.227788 6
7.945982 10.091523 25.046788 6
2.910447 16.108787 1.387016 6
2.723403 0.699213 14.206016 6
8.357253 7.704787 11.431984 6
8.544297 9.103213 24.250984 6
3.858060 16.170977 1.404962 1
1.775790 0.637023 14.223962 1
7.409640 7.766977 11.414038 1
9.491910 9.041023 24.233038 1
2.183680 0.168080 2.122826 6
3.450170 16.639920 14.941826 6
9.084020 8.572080 10.696174 6
7.817530 8.235920 23.515174 6
2.621994 0.848804 2.620204 1
3.011856 15.959196 15.439204 1
8.645706 9.252804 10.198796 1
8.255844 7.555196 23.017796 1
0.770711 0.070594 2.156925 6
4.863139 16.737406 14.975925 6
10.496989 8.474594 10.662075 6
6.404561 8.333406 23.481075 6
0.261411 0.679043 2.679171 1
5.372439 16.128957 15.498171 1
11.006289 9.083043 10.139829 1
5.895261 7.724957 22.958829 1
0.503666 16.762618 20.242739 7
5.130184 0.045382 7.423739 7
10.764034 8.358618 18.214261 7
6.137516 8.449382 5.395261 7
9.084020 16.722279 1.299590 7
7.817530 0.085721 14.118590 7
2.183680 8.318279 11.519410 7
3.450170 8.489721 24.338410 7
9.840082 0.299182 19.053392 8
7.061468 16.508818 6.234392 8
1.427618 8.703182 19.403608 8
4.206232 8.104818 6.584608 8
2.487908 0.053786 21.374401 8
3.145942 16.754214 8.555401 8
8.779792 8.457786 17.082599 8
8.121758 8.350214 4.263599 8
9.058104 2.167055 0.897330 8
7.843446 14.640945 13.716330 8
2.209596 10.571055 11.921670 8
3.424254 6.236945 24.740670 8
9.512192 14.640608 2.100521 8
7.389358 2.167392 14.919521 8
1.755508 6.236608 10.718479 8
3.878342 10.571392 23.537479 8
6.353856 12.370688 19.210553 8
10.547694 4.437312 6.391553 8
4.913844 3.966688 19.246447 8
0.720006 12.841312 6.427447 8
6.028220 10.220945 20.341189 6
10.873330 6.587055 7.522189 6
5.239480 1.816945 18.115811 6
0.394370 14.991055 5.296811 6
5.959487 10.785694 21.138531 1
10.942063 6.022306 8.319531 1
5.308213 2.381694 17.318469 1
0.325637 14.426306 4.499469 1
6.510477 9.397353 20.564240 1
10.391073 7.410647 7.745240 1
4.757223 0.993353 17.892760 1
0.876627 15.814647 5.073760 1
5.129057 9.995718 20.020714 1
0.504793 6.812282 7.201714 1
6.138643 1.591718 18.436286 1
10.762907 15.216282 5.617286 1
6.736958 10.926881 19.315669 6
10.164592 5.881119 6.496669 6
4.530742 2.522881 19.141331 6
1.103108 14.285119 6.322331 6
6.564562 10.484830 18.446541 1
10.336988 6.323170 5.627541 1
4.703138 2.080830 20.010459 1
0.930712 14.727170 7.191459 1
7.708234 10.864691 19.497699 1
9.193316 5.943309 6.678699 1
3.559466 2.460691 18.959301 1
2.074384 14.347309 6.140301 1
6.520618 14.853230 18.523455 6
10.380932 1.954770 5.704455 6
4.747082 6.449230 19.933545 6
0.886768 10.358770 7.114545 6
7.327385 15.372597 18.326042 1
9.574165 1.435403 5.507042 1
3.940315 6.968597 20.130958 1
1.693535 9.839403 7.311958 1
6.264841 14.987694 19.459242 1
10.636709 1.820306 6.640242 1
5.002859 6.583694 18.997758 1
0.630991 10.224306 6.178758 1
5.790471 15.150731 17.938909 1
11.111079 1.657269 5.119909 1
5.477229 6.746731 20.518091 1
0.156621 10.061269 7.699091 1
