0.366236 0.626779 3.453007 6
0.353001 1.650226 4.092378 6
0.303839 2.826149 4.911257 6
-0.218907 2.755199 6.191007 6
-0.540055 1.919676 6.511701 1
-0.287389 3.837074 7.001818 6
-0.657918 3.755327 7.872129 1
0.189589 5.086458 6.556074 6
0.157598 5.841630 7.130903 1
0.702268 5.204921 5.285400 6
1.001211 6.050845 4.972773 1
0.785129 4.088679 4.454419 6
1.368641 4.177735 3.126262 6
1.912953 4.110378 2.042155 6
2.502651 3.888089 0.755345 6
0.453069 -0.566527 9.774107 6
0.438681 -1.891893 8.867491 6
2.473382 2.754078 0.000000 6
1.842067 1.503244 0.275313 6
1.295884 0.511645 0.713998 6
0.777343 -0.677915 1.356394 6
0.247110 8.547153 0.689795 6
-2.363771 3.204316 9.860835 1
-0.182094 7.404700 1.324123 6
-0.189826 6.575579 0.860226 1
-0.609624 7.468733 2.665390 6
-0.930039 6.686809 3.099033 1
-0.565074 8.658669 3.346109 6
-0.383736 -1.771523 4.254742 1
0.348261 -0.603075 2.722873 6
3.970196 2.326544 4.960672 6
3.993918 1.296279 4.324326 6
3.998069 0.114654 3.498388 6
4.447066 0.203669 2.176282 6
4.762492 1.033572 1.836427 1
3.972134 9.509344 1.342276 6
4.282985 9.564086 0.445744 1
3.505942 8.322337 1.840461 6
3.493177 7.556627 1.277734 1
3.047732 8.205663 3.155508 6
2.725994 7.372203 3.480236 1
3.528260 -1.117829 3.995564 6
3.045337 -1.184536 5.342883 6
2.735840 -1.163529 6.477413 6
2.365596 -1.071430 7.842884 6
1.853573 -2.326003 8.589153 6
1.911280 -3.162408 8.043570 1
1.880628 -0.166310 10.039335 6
4.823780 5.953705 0.517346 1
2.379042 0.039076 8.595203 6
2.763101 1.327883 8.118196 6
3.087415 2.365625 7.659342 6
3.525497 3.589565 7.035098 6
3.512252 4.808070 7.743045 6
3.223588 4.832738 8.647644 1
3.927202 5.979841 7.102665 6
4.408856 -3.659616 7.588749 1
4.304027 5.970027 5.783585 6
4.548728 6.778620 5.348933 1
4.324914 4.746295 5.075638 6
4.607854 4.731050 4.169022 1
3.933133 3.562100 5.697865 6
-0.525738 0.423374 9.048007 6
-1.088604 0.907188 9.703514 1
-0.022489 1.083680 8.509483 1
-1.358928 -0.443742 8.176688 6
-1.705898 0.080089 7.412266 1
-2.129311 -0.795421 8.688991 1
-0.526251 -1.569590 7.680520 6
-0.017672 -1.303214 6.874751 1
-1.088930 -2.354371 7.460673 1
5.458291 3.929199 0.553651 6
5.872524 3.961530 1.407826 1
2.598495 -2.418223 9.921344 6
5.904976 2.083615 0.111940 1
