0.382495 0.742774 7.757861 7
3.081505 9.170126 1.471611 7
6.545505 5.699224 11.100889 7
3.846495 4.213676 4.814639 7
6.694873 0.396417 9.080362 6
3.697127 9.516483 2.794112 6
0.233127 5.352867 9.778388 6
3.230873 4.560033 3.492138 6
0.021061 1.311576 9.698678 1
3.442939 8.601324 3.412428 1
6.906939 6.268026 9.160072 1
3.485061 3.644874 2.873822 1
0.440067 9.347865 9.512605 1
3.023933 0.565035 3.226355 1
6.487933 4.391415 9.346145 1
3.904067 5.521485 3.059895 1
5.228908 0.033208 8.827781 6
5.163092 9.879692 2.541531 6
1.699092 4.989658 10.030969 6
1.764908 4.923242 3.744719 6
4.844127 9.611350 9.717160 1
5.547873 0.301550 3.430910 1
2.083873 4.654900 9.141590 1
1.380127 5.258000 2.855340 1
4.619937 0.831891 8.499764 1
5.772063 9.081009 2.213514 1
2.308063 5.788341 10.358986 1
1.155937 4.124559 4.072736 1
5.024671 8.493472 7.775714 16
5.367329 1.419428 1.489464 16
1.903329 3.537022 11.083036 16
1.560671 6.375878 4.796786 16
6.035327 9.049189 6.357662 6
4.356673 0.863711 0.071412 6
0.892673 4.092739 12.501088 6
2.571327 5.820161 6.214838 6
5.468409 9.760440 5.824462 1
4.923591 0.152460 12.110712 1
1.459591 4.803990 0.461788 1
2.004409 5.108910 6.748038 1
6.215871 8.025979 5.871986 1
4.176129 1.886921 12.158236 1
0.712129 3.069529 0.414264 1
2.751871 6.843371 6.700514 1
0.475538 9.503497 6.837303 6
2.988462 0.409403 0.551053 6
6.452462 4.547047 12.021447 6
3.939538 5.365853 5.735197 6
0.850204 8.727020 7.224913 1
2.613796 1.185880 0.938663 1
6.077796 3.770570 11.633837 1
4.314204 6.142330 5.347587 1
1.439153 0.109240 5.750033 6
2.024847 9.803660 12.036283 6
5.488847 5.065690 0.536217 6
4.903153 4.847210 6.822467 6
2.072996 9.258549 5.371349 1
1.391004 0.654351 11.657599 1
4.855004 4.302099 0.914901 1
5.536996 5.610801 7.201151 1
2.282014 1.229596 6.439634 6
1.181986 8.683304 0.153384 6
4.645986 6.186046 12.419116 6
5.746014 3.726854 6.132866 6
3.350589 0.920908 6.395505 1
0.113411 8.991992 0.109255 1
3.577411 5.877358 12.463245 1
6.814589 4.035542 6.176995 1
1.802111 1.189449 7.896284 6
1.661889 8.723451 1.610034 6
5.125889 6.145899 10.962466 6
5.266111 3.767001 4.676216 6
1.956259 2.171123 8.463681 1
1.507741 7.741777 2.177431 1
4.971741 7.127573 10.395069 1
5.420259 2.785327 4.108819 1
2.454868 0.475423 8.420558 1
1.009132 9.437477 2.134308 1
4.473132 5.431873 10.438192 1
5.918868 4.481027 4.151942 1
0.756468 0.664759 4.644407 8
2.707532 9.248141 10.930657 8
6.171532 5.621209 1.641843 8
4.220468 4.291691 7.928093 8
0.311136 0.082178 4.277290 1
3.152864 9.830722 10.563540 1
6.616864 5.038628 2.008960 1
3.775136 4.874272 8.295210 1
1.952934 2.473269 5.840806 8
1.511066 7.439631 12.127056 8
4.975066 7.429719 0.445444 8
5.416934 2.483181 6.731694 8
3.000240 3.166874 5.368332 1
0.463760 6.746026 11.654582 1
3.927760 8.123324 0.917918 1
6.464240 1.789576 7.204168 1
