10.153921 1.883761 7.519149 7
5.084579 9.210239 16.472649 7
5.074421 3.663239 10.387851 7
0.005080 7.430761 1.434351 7
0.802561 1.797228 7.556754 1
4.276939 9.296772 16.510254 1
5.882061 3.749772 10.350246 1
9.356439 7.344228 1.396746 1
7.829541 3.521236 9.768268 8
7.408959 7.572764 0.814768 8
2.750041 2.025764 8.138732 8
2.329459 9.068236 17.092232 8
0.771068 3.271621 5.282565 8
4.308432 7.822379 14.236065 8
5.850568 2.275379 12.624435 8
9.387932 8.818621 3.670935 8
0.044700 5.172023 6.111659 8
5.034800 5.921977 15.065159 8
5.124200 0.374977 11.795341 8
10.114300 10.719023 2.841841 8
9.891818 10.826635 7.750150 8
5.346682 0.267365 16.703650 8
4.812318 5.814365 10.156850 8
0.267182 5.279635 1.203350 8
8.056087 1.029523 7.406335 8
7.182413 10.064477 16.359835 8
2.976587 4.517477 10.500665 8
2.102913 6.576523 1.547165 8
9.160777 6.290742 13.441890 14
6.077723 4.803258 4.488390 14
4.081277 10.350258 4.465110 14
0.998223 0.743742 13.418610 14
9.266532 3.338296 10.045290 16
5.971968 7.755704 1.091790 16
4.187032 2.208704 7.861710 16
0.892468 8.885296 16.815210 16
8.850521 5.172023 12.010225 6
6.387979 5.921977 3.056725 6
3.771021 0.374977 5.896775 6
1.308479 10.719023 14.850275 6
7.984974 4.959018 11.943969 1
7.253526 6.134982 2.990469 1
2.905474 0.587982 5.963031 1
2.174026 10.506018 14.916531 1
10.136650 4.081483 8.638337 6
5.101850 7.012517 17.591837 6
5.057150 1.465517 9.268663 6
0.022350 9.628483 0.315163 6
9.854230 5.001175 8.518360 1
5.384270 6.092825 17.471860 1
4.774730 0.545825 9.388640 1
0.304770 10.548175 0.435140 1
0.934628 4.071498 8.792337 1
4.144872 7.022502 17.745837 1
6.014128 1.475502 9.114663 1
9.224372 9.618498 0.161163 1
9.725211 4.545212 11.256340 6
5.513289 6.548788 2.302840 6
4.645711 1.001788 6.650660 6
0.433789 10.092212 15.604160 6
0.457155 4.681668 11.263503 1
4.622345 6.412332 2.310003 1
5.536655 0.865332 6.643497 1
9.701845 10.228668 15.596997 1
9.792260 3.252761 7.386637 6
5.446240 7.841239 16.340138 6
4.712760 2.294239 10.520363 6
0.366740 8.799761 1.566862 6
8.878966 3.350388 7.252335 1
6.359534 7.743612 16.205835 1
3.799466 2.196612 10.654665 1
1.280034 8.897388 1.701165 1
0.219434 3.879572 6.138520 6
4.860066 7.214428 15.092020 6
5.298934 1.667428 11.768480 6
9.939566 9.426572 2.814980 6
0.461219 5.893133 4.940541 6
4.618281 5.200867 13.894041 6
5.540719 10.747867 12.966459 6
9.697781 0.346133 4.012959 6
0.286484 6.829466 5.062309 1
4.793016 4.264534 14.015809 1
5.365984 9.811534 12.844691 1
9.872516 1.282466 3.891191 1
10.132587 5.573626 4.177703 1
5.105913 5.520374 13.131203 1
5.053087 11.067374 13.729297 1
0.026413 0.026626 4.775797 1
1.400926 5.758895 4.799076 1
3.678574 5.335105 13.752576 1
6.480426 10.882105 13.107924 1
8.758074 0.211895 4.154424 1
9.260944 0.898614 7.542428 6
5.977556 10.195386 16.495928 6
4.181444 4.648386 10.364572 6
0.898056 6.445614 1.411072 6
9.177641 9.642905 8.215732 6
6.060859 1.451095 17.169232 6
4.098141 6.998095 9.691268 6
0.981359 4.095905 0.737768 6
8.224726 9.155878 7.164591 6
7.013774 1.938122 16.118091 6
3.145226 7.485122 10.742409 6
1.934274 3.608878 1.788909 6
8.709311 8.962843 6.358776 1
6.529189 2.131157 15.312276 1
3.629811 7.678157 11.548224 1
1.449689 3.415843 2.594724 1
7.568455 9.833722 6.987311 1
7.670045 1.260278 15.940811 1
2.488955 6.807278 10.919689 1
2.590545 4.286722 1.966189 1
7.787889 8.359329 7.472591 1
7.450611 2.734671 16.426091 1
2.708389 8.281671 10.434409 1
2.371111 2.812329 1.480909 1
8.460415 9.963521 9.513989 6
6.778085 1.130479 0.560489 6
3.380915 6.677479 8.393011 6
1.698585 4.416521 17.346511 6
7.751317 10.588114 9.342082 1
7.487183 0.505886 0.388582 1
2.671817 6.052886 8.564918 1
2.407683 5.041114 17.518418 1
9.082146 10.348483 10.135362 1
6.156354 0.745517 1.181862 1
4.002646 6.292517 7.771638 1
1.076854 4.801483 16.725138 1
8.094691 9.158097 9.884664 1
7.143809 1.935903 0.931164 1
3.015191 7.482903 8.022336 1
2.064309 3.611097 16.975836 1
0.116829 8.683274 8.473592 6
4.962671 2.410726 17.427092 6
5.196328 7.957726 9.433408 6
10.042172 3.136274 0.479908 6
0.573984 8.493566 7.651661 1
4.505517 2.600434 16.605161 1
5.653484 8.147434 10.255339 1
9.585017 2.946566 1.301839 1
9.912136 7.871193 8.833523 1
5.326364 3.222807 17.787023 1
4.832636 8.769807 9.073477 1
0.246864 2.324193 0.119977 1
0.733480 9.063798 9.102128 1
4.346020 2.030202 0.148628 1
5.812980 7.577202 8.804872 1
9.425520 3.516798 17.758372 1
8.555910 5.453810 14.980996 6
6.682590 5.640190 6.027496 6
3.476410 0.093190 2.926004 6
1.603090 11.000810 11.879504 6
8.717438 6.020714 15.738462 1
6.521062 5.073286 6.784962 1
3.637938 10.620286 2.168538 1
1.441562 0.473714 11.122038 1
9.022208 4.622870 15.097392 1
6.216292 6.471130 6.143892 1
3.942708 0.924130 2.809608 1
1.136792 10.169870 11.763108 1
7.614171 5.284072 14.903996 1
7.624329 5.809928 5.950496 1
2.534671 0.262928 3.003004 1
2.544830 10.831072 11.956504 1
8.182059 7.852333 13.177761 6
7.056441 3.241667 4.224261 6
3.102559 8.788667 4.729239 6
1.976941 2.305333 13.682739 6
8.338507 8.455847 13.908367 1
6.899993 2.638153 4.954867 1
3.259007 8.185153 3.998633 1
1.820493 2.908847 12.952133 1
7.247431 7.640438 13.131203 1
7.991069 3.453562 4.177703 1
2.167931 9.000562 4.775797 1
2.911569 2.093438 13.729297 1
8.456352 8.267249 12.357621 1
6.782148 2.826751 3.404121 1
3.376852 8.373751 5.549379 1
1.702648 2.720249 14.502879 1
0.814752 6.609805 13.598576 6
4.264748 4.484195 4.645076 6
5.894252 10.031195 4.308424 6
9.344248 1.062805 13.261924 6
0.974248 7.194459 14.343507 1
4.105252 3.899541 5.390007 1
6.053748 9.446541 3.563493 1
9.184752 1.647459 12.516993 1
1.137808 7.022502 12.792761 1
3.941692 4.071498 3.839261 1
6.217308 9.618498 5.114239 1
9.021192 1.475502 14.067739 1
1.274954 5.778865 13.738250 1
3.804546 5.315135 4.784750 1
6.354455 10.862135 4.168750 1
8.884046 0.231865 13.122250 1
