4.320999 3.286543 9.576296 53
9.780104 12.390893 9.747374 53
5.079737 14.922157 3.306151 53
-0.379369 5.817807 3.135072 53
8.368755 4.411986 11.006891 53
5.732348 13.516336 8.316779 53
1.031981 13.796714 1.875555 53
3.668387 4.692364 4.565668 53
3.521109 1.081597 1.231562 7
1.179259 10.185947 5.209661 7
5.879627 17.127103 11.650885 7
8.221476 8.022753 7.672785 7
5.780727 1.584339 0.440580 6
-1.080359 10.688689 6.000644 6
3.620009 16.624361 12.441867 6
10.481095 7.520011 6.881803 6
1.167111 2.802865 9.690305 8
0.610692 11.907215 9.633365 8
8.233625 15.405835 3.192141 8
8.790043 6.301485 3.249082 8
-0.333299 17.544447 11.665056 7
2.111102 8.440097 7.658615 7
9.734034 0.664253 1.217391 7
7.289634 9.768603 5.223832 7
3.114899 2.486398 11.099516 6
-1.337096 11.590748 8.224154 6
6.285837 15.722302 1.782931 6
10.737831 6.617952 4.658293 6
4.061011 0.735631 2.371658 6
0.639356 9.839981 4.069565 6
5.339724 17.473069 10.510788 6
8.761379 8.368719 8.812882 6
3.475930 0.471605 3.071175 1
1.224438 9.575955 3.370048 1
5.924806 17.737095 9.811271 1
8.176298 8.632745 9.512399 1
9.552420 2.694888 11.236070 6
4.548684 11.799238 8.087600 6
-0.151684 15.513812 1.646377 6
4.852052 6.409462 4.794847 6
0.888592 1.872583 11.868598 6
0.889211 10.976933 7.455072 6
8.512143 16.336117 1.013849 6
8.511525 7.231767 5.427375 6
-0.906989 16.364159 11.586473 6
2.684793 7.259809 7.737198 6
10.307725 1.844541 1.295974 6
6.715943 10.948891 5.145249 6
-0.351111 15.601214 11.694685 1
2.128915 6.496864 7.628985 1
9.751847 2.607486 1.187762 1
7.271821 11.711836 5.253462 1
3.674378 2.083257 12.278260 6
10.426726 11.187607 7.045410 6
5.726358 16.125443 0.604187 6
-1.025990 7.021093 5.837037 6
4.614577 2.137701 12.398067 1
9.486526 11.242051 6.925603 1
4.786159 16.070999 0.484380 1
-0.085791 6.966649 5.956843 1
1.112288 1.879138 8.660869 6
0.665515 10.983488 10.662801 6
8.288448 16.329562 4.221578 6
8.735220 7.225212 2.219646 6
-0.575571 1.728006 11.630273 6
2.353374 10.832356 7.693397 6
9.976306 16.480694 1.252174 6
7.047362 7.376344 5.189050 6
-2.543815 0.304085 11.261835 6
4.321618 9.408435 8.061835 6
11.944550 17.904615 1.620612 6
5.079117 8.800265 4.820612 6
6.300591 1.159894 1.679871 6
10.723077 10.264244 4.761352 6
3.100145 17.048806 11.202576 6
-1.322341 7.944456 8.121094 6
7.236075 1.174461 1.842190 1
9.787593 10.278811 4.599033 1
2.164661 17.034239 11.040257 1
-0.386857 7.929889 8.283413 1
4.374990 1.506588 0.243478 6
0.325378 10.610938 6.197745 6
5.025746 16.702112 12.638968 6
9.075358 7.597762 6.684702 6
1.505230 0.744190 8.797423 8
0.272573 9.848540 10.526247 8
7.895505 17.464510 4.085024 8
9.128163 8.360160 2.356200 8
5.438059 0.724706 2.640902 6
-0.737691 9.829056 3.800322 6
3.962677 17.483994 10.241545 6
10.138427 8.379644 9.082125 6
5.763854 0.420621 3.480837 1
11.259814 9.524971 2.960386 1
3.636882 17.788079 9.401610 1
-1.859078 8.683729 9.922060 1
-1.388382 2.826537 11.497584 6
3.166185 11.930887 7.826086 6
10.789118 15.382163 1.384863 6
6.234550 6.277813 5.056360 6
-2.270330 16.140192 11.354589 6
4.048134 7.035842 7.969082 6
11.671066 2.068508 1.527858 6
5.352602 11.172858 4.913365 6
9.707474 15.255249 11.318518 1
4.393629 6.150899 8.005152 1
-0.306738 2.953451 1.563929 1
5.007106 12.057801 4.877294 1
-1.153528 0.426084 11.505313 6
2.931332 9.530434 7.818357 6
10.554264 17.782616 1.377134 6
6.469404 8.678266 5.064090 6
0.582395 2.426673 7.558131 7
1.195409 11.531023 11.765539 7
8.818341 15.782027 5.324315 7
8.205327 6.677677 1.116908 7
1.728105 2.354021 10.889532 6
0.049699 11.458371 8.434138 6
7.672631 15.854679 1.992915 6
9.351037 6.750329 4.448309 6
-0.788164 4.083665 11.513558 8
2.565968 13.188015 7.810112 8
10.188900 14.125035 1.368889 8
6.834768 5.020685 5.072335 8
1.433421 4.465502 0.770370 8
3.266947 13.569852 5.670853 8
7.967314 13.743198 12.112076 8
6.133789 4.638848 7.211594 8
-0.396447 6.071145 12.443155 7
2.174251 15.175495 6.880515 7
9.797183 12.137555 0.439291 7
7.226485 3.033205 6.001932 7
-0.941069 4.870827 12.649274 6
2.718873 13.975177 6.674396 6
10.341805 13.337873 0.233172 6
6.681863 4.233523 6.208051 6
9.000049 1.474905 11.112399 6
5.101054 10.579255 8.211272 6
0.400686 16.733795 1.770048 6
4.299681 7.629445 4.671175 6
8.071935 1.396607 10.923027 1
6.029169 10.500957 8.400644 1
1.328801 16.812093 1.959420 1
3.371567 7.707743 4.481803 1
0.195037 6.500506 11.161352 6
1.582767 15.604856 8.162318 6
9.205699 11.708194 1.721095 6
7.817969 2.603844 4.720128 6
0.084741 7.478313 11.060869 1
1.693063 16.582663 8.262801 1
9.315995 10.730387 1.821578 1
7.707673 1.626037 4.619645 1
-0.282720 6.059855 10.415458 1
2.060524 15.164205 8.908212 1
9.683456 12.148845 2.466989 1
7.340212 3.044495 3.974235 1
9.235663 17.209042 11.181964 6
4.865441 8.104692 8.141706 6
0.165073 0.999658 1.700483 6
4.535295 10.104008 4.740740 6
8.309911 17.083402 11.009339 1
5.791193 7.979052 8.314331 1
1.090825 1.125298 1.873108 1
3.609543 10.229648 4.568116 1
0.078615 3.805618 7.502737 6
1.699188 12.909968 11.820933 6
9.322120 14.403082 5.379710 6
7.701548 5.298732 1.061514 6
0.119792 4.124271 6.566183 1
1.658012 13.228621 12.757487 1
9.280944 14.084429 6.316264 1
7.742724 4.980079 0.124960 1
0.670327 4.384655 8.045088 1
1.107477 13.489005 11.278582 1
8.730409 13.824045 4.837359 1
8.293259 4.719695 1.603865 1
2.436188 7.057692 0.641546 6
2.264180 16.162042 5.799678 6
6.964548 11.151008 12.240901 6
7.136555 2.046658 7.082769 6
3.281780 7.572998 0.684058 1
1.418588 16.677348 5.757165 1
6.118955 10.635702 12.198389 1
7.982148 1.531352 7.125281 1
2.321710 6.587908 1.504670 1
2.378658 15.692258 4.936554 1
7.079026 11.620792 11.377777 1
7.022077 2.516442 7.945893 1
1.660331 6.152720 11.090498 6
0.117473 15.257070 8.233172 6
7.740405 12.055980 1.791948 6
9.283263 2.951630 4.649275 6
2.132574 6.573341 11.838969 1
-0.354770 15.677691 7.484702 1
7.268162 11.635359 1.043478 1
9.755506 2.531009 5.397745 1
2.033496 6.476835 10.244122 1
-0.255692 15.581185 9.079548 1
7.367240 11.731865 2.638325 1
9.656428 2.627515 3.802898 1
1.767884 5.180375 11.143316 1
0.009919 14.284725 8.180354 1
7.632851 13.028325 1.739130 1
9.390816 3.923975 4.702093 1
0.323171 1.520426 6.419323 6
4.377197 10.624776 0.021900 6
9.077565 16.688274 6.463124 6
5.023539 7.583924 12.860547 6
-0.622980 1.607828 6.141062 1
5.323348 10.712178 0.300161 1
10.023716 16.600872 6.741384 1
4.077388 7.496522 12.582286 1
0.469958 0.584499 6.706602 1
1.307845 9.688849 12.617068 1
8.930777 17.624201 6.175845 1
8.092890 8.519851 0.265378 1
-1.332424 3.947646 8.002576 6
3.110227 13.051996 11.321094 6
10.733159 14.261054 4.879871 6
6.290509 5.156704 1.561353 6
10.403305 3.350401 7.496296 1
3.697798 12.454751 11.827374 1
-1.002569 14.858299 5.386151 1
5.702937 5.753949 1.055072 1
-1.628699 4.874469 7.885346 1
3.406502 13.978819 11.438324 1
11.029434 13.334231 4.997101 1
5.994233 4.229881 1.444122 1
-1.366956 3.710933 8.953300 1
3.144760 12.815283 10.370370 1
10.767692 14.497767 3.929146 1
6.255976 5.393417 2.512077 1
1.288821 8.006365 0.435427 6
3.411547 17.110715 6.005797 6
8.111915 10.202335 12.447020 6
5.989189 1.097985 6.876650 6
-1.457932 8.565372 12.532044 1
3.235735 17.669722 6.791626 1
10.858667 9.643328 0.350403 1
6.165000 0.538978 6.090821 1
1.190709 8.576298 1.226409 1
3.509659 17.680648 5.214814 1
8.210026 9.632402 11.656038 1
5.891077 0.528052 7.667632 1
0.463915 7.494701 0.296296 1
4.236453 16.599051 6.144927 1
8.936820 10.713999 12.586150 1
5.164283 1.609649 6.737520 1
1.200257 1.819049 5.263768 6
3.500110 10.923399 1.177456 6
8.200478 16.389651 7.618679 6
5.900625 7.285301 11.704991 6
1.035672 2.734947 4.957166 1
3.664696 11.839297 1.484058 1
8.365064 15.473753 7.925281 1
5.736040 6.369403 11.398389 1
1.007714 1.190849 4.537198 1
3.692653 10.295199 1.904026 1
8.393021 17.017851 8.345249 1
5.708082 7.913501 10.978421 1
2.138303 1.729827 5.534299 1
2.562065 10.834176 0.906924 1
7.262432 16.478874 7.348148 1
6.838671 7.374524 11.975522 1
