8.828045 6.079144 3.051807 16
1.520545 1.885356 5.339193 16
5.786955 14.043644 1.143693 16
13.094455 9.849856 7.247307 16
8.330550 7.363977 3.467161 8
1.023050 0.600523 4.923839 8
6.284450 15.328477 0.728339 8
13.591950 8.565023 7.662661 8
9.819819 5.433382 3.863216 8
2.512318 2.531118 4.527784 8
4.795181 13.397882 0.332284 8
12.102681 10.495618 8.058716 8
9.498289 6.247354 1.391228 6
2.190789 1.717146 6.999772 6
5.116711 14.211854 2.804272 6
12.424212 9.681646 5.586728 6
10.547645 7.378313 1.399619 6
3.240146 0.586187 6.991381 6
4.067354 15.342813 2.795881 6
11.374854 8.550687 5.595119 6
11.927302 7.018317 1.924056 6
4.619802 0.946183 6.466944 6
2.687698 14.982817 2.271444 6
9.995198 8.910683 6.119556 6
12.627360 5.912845 1.163832 6
5.319860 2.051655 7.227168 6
1.987640 13.877345 3.031668 6
9.295140 10.016155 5.359332 6
12.218140 4.485606 1.565761 6
4.910640 3.478894 6.825239 6
2.396860 12.450106 2.629739 6
9.704360 11.443394 5.761261 6
10.929097 3.979064 1.007759 6
3.621597 3.985436 7.383241 6
3.685903 11.943564 3.187741 6
10.993403 11.949936 5.203259 6
9.885586 4.952326 0.714913 6
2.578086 3.012174 7.676087 6
4.729414 12.916826 3.480587 6
12.036914 10.976674 4.910413 6
8.969226 5.113209 8.130040 6
1.661726 2.851291 0.260960 6
5.645774 13.077709 4.456460 6
12.953274 10.815791 3.934540 6
8.402164 6.390715 0.302915 6
1.094663 1.573785 8.088085 6
6.212837 14.355215 3.892585 6
13.520337 9.538285 4.498415 6
7.430266 4.992149 2.921746 6
0.122766 2.972351 5.469254 6
7.184734 12.956649 1.273754 6
14.492234 10.936851 7.117246 6
6.157300 5.519398 2.943563 6
13.464799 2.445102 5.447437 6
8.457700 13.483899 1.251937 6
1.150200 10.409601 7.139063 6
5.072866 4.651268 2.837836 6
12.380366 3.313232 5.553164 6
9.542134 12.615768 1.357664 6
2.234634 11.277732 7.033336 6
5.251170 3.318011 2.712810 6
12.558669 4.646489 5.678190 6
9.363831 11.282511 1.482690 6
2.056331 12.610989 6.908310 6
6.534366 2.800318 2.668338 6
13.841867 5.164182 5.722662 6
8.080633 10.764818 1.527162 6
0.773134 13.128682 6.863838 6
7.629030 3.642962 2.799238 6
0.321530 4.321538 5.591762 6
6.985970 11.607462 1.396262 6
14.293470 12.286038 6.994738 6
10.714256 2.679258 0.720787 6
3.406756 5.285242 7.670213 6
3.900744 10.643758 3.474713 6
11.208244 13.249742 4.916287 6
11.616002 1.533963 0.873503 6
4.308502 6.430537 7.517497 6
2.998998 9.498463 3.321997 6
10.306498 14.395037 5.069003 6
11.525389 0.493799 8.357436 6
4.217889 7.470701 0.033564 6
3.089611 8.458299 4.229064 6
10.397111 15.435201 4.161936 6
12.310215 15.322105 0.037759 6
5.002715 8.571395 8.353241 6
2.304785 7.357605 4.157741 6
9.612285 0.606895 4.233259 6
13.211960 15.180337 1.048875 6
5.904460 8.713163 7.342125 6
1.403040 7.215837 3.146625 6
8.710540 0.748663 5.244375 6
13.328880 0.230971 1.977759 6
6.021380 7.733529 6.413241 6
1.286120 8.195470 2.217741 6
8.593620 15.698030 6.173259 6
12.530901 1.365115 1.895527 6
5.223401 6.599385 6.495473 6
2.084099 9.329615 2.299973 6
9.391599 14.563885 6.091027 6
8.650619 4.385254 6.874746 6
1.343118 3.579246 1.516254 6
5.964382 12.349754 5.711754 6
13.271882 11.543746 2.679246 6
10.552030 7.725565 0.461505 1
3.244530 0.238935 7.929495 1
4.062970 15.690065 3.733995 1
11.370470 8.203435 4.657005 1
10.113580 8.155648 1.955103 1
2.806080 15.737852 6.435897 1
4.501420 0.191148 2.240397 1
11.808920 7.773352 6.150603 1
11.867380 6.626464 3.104670 1
4.559880 1.338036 5.286330 1
2.747620 14.590964 1.090830 1
10.055120 9.302536 7.300170 1
12.539670 7.884855 1.812456 1
5.232170 0.079645 6.578544 1
2.075330 15.849355 2.383044 1
9.382830 8.044145 6.007956 1
13.606565 5.925588 1.451643 1
6.299065 2.038912 6.939357 1
1.008435 13.890088 2.743857 1
8.315935 10.003412 5.647143 1
12.481210 6.021162 0.176211 1
5.173710 1.943338 8.214789 1
2.133790 13.985662 4.019289 1
9.441290 9.907838 4.371711 1
12.349675 4.348617 2.433390 1
5.042175 3.615883 5.957610 1
2.265325 12.313117 1.762110 1
9.572825 11.580383 6.628890 1
13.007350 3.918534 1.401297 1
5.699850 4.045966 6.989703 1
1.607650 11.883034 2.794203 1
8.915150 12.010466 5.596797 1
7.526725 6.307884 0.578979 1
0.219225 1.656616 7.812021 1
7.088275 14.272384 3.616521 1
14.395775 9.621116 4.774479 1
8.505930 7.422914 8.357436 1
1.198430 0.541586 0.033564 1
6.109070 15.387414 4.229064 1
13.416570 8.506086 4.161936 1
6.109070 6.403458 2.651556 1
13.416570 1.561042 5.739444 1
8.505930 14.367958 1.543944 1
1.198430 9.525542 6.847056 1
4.062970 4.985777 2.819376 1
11.370470 2.978723 5.571624 1
10.552030 12.950277 1.376124 1
3.244530 10.943223 7.014876 1
4.501420 2.548640 2.508909 1
11.808920 5.415860 5.882091 1
10.113580 10.513140 1.686591 1
2.806080 13.380360 6.704409 1
6.766745 1.895551 2.685120 1
14.074245 6.068949 5.705880 1
7.848255 9.860051 1.510380 1
0.540755 14.033449 6.880620 1
8.535160 3.488451 3.020760 1
1.227660 4.476049 5.370240 1
6.079840 11.452951 1.174740 1
13.387340 12.440549 7.216260 1
9.879740 2.325634 0.243339 1
2.572240 5.638866 8.147661 1
4.735260 10.290134 3.952161 1
12.042760 13.603366 4.438839 1
11.005095 0.477870 7.694547 1
3.697595 7.486630 0.696453 1
3.609905 8.442370 4.891953 1
10.917405 15.451130 3.499047 1
12.174295 14.495390 7.551900 1
4.866795 9.398110 0.839100 1
2.440705 6.530890 5.034600 1
9.748205 1.433610 3.356400 1
13.679640 14.224597 0.973356 1
6.372140 9.668903 7.417644 1
0.935360 6.260097 3.222144 1
8.242860 1.704403 5.168856 1
14.001170 0.095574 2.727075 1
6.693670 7.868926 5.663925 1
0.613830 8.060074 1.468425 1
7.921330 15.833426 6.922575 1
12.495825 2.007054 2.492127 1
5.188325 5.957446 5.898873 1
2.119175 9.971554 1.703373 1
9.426675 13.921946 6.687627 1
7.925714 4.823301 6.436736 1
0.618215 3.141199 1.954264 1
6.689286 12.787801 6.149764 1
13.996785 11.105699 2.241236 1
9.414983 4.413926 6.294928 1
2.107483 3.550574 2.096072 1
5.200017 12.378426 6.291572 1
12.507517 11.515074 2.099428 1
8.428470 3.496415 7.061866 1
1.120970 4.468084 1.329134 1
6.186529 11.460916 5.524634 1
13.494029 12.432584 2.866366 1
