11.033186 4.611176 3.243435 8
4.960225 8.228846 10.244465 8
10.825366 3.918754 3.671406 1
5.168045 8.921269 9.816494 1
10.444994 4.674367 6.388679 8
5.548417 8.165655 7.099221 8
10.295492 5.381637 5.961652 1
5.697919 7.458386 7.526248 1
9.955441 2.465839 8.196597 6
6.037970 10.374183 5.291303 6
8.851446 3.877067 4.806413 6
7.141965 8.962955 8.681487 6
10.937142 3.332543 8.734225 6
5.056269 9.507479 4.753676 6
11.266048 4.046924 8.200643 1
4.727363 8.793099 5.287257 1
8.922362 5.212113 4.134581 6
7.071049 7.627909 9.353319 6
10.199778 6.817783 2.754634 6
5.793633 6.022239 10.733266 6
11.342952 7.217514 1.926881 6
4.650459 5.622509 11.561019 6
8.382742 1.662294 6.449240 6
7.610669 11.177728 7.038661 6
9.556244 3.707498 5.997125 6
6.437167 9.132525 7.490775 6
9.342311 2.611485 6.876536 6
6.651100 10.228537 6.611364 6
10.041265 5.554268 3.386812 6
5.952146 7.285754 10.101089 6
7.939064 2.872907 4.385051 6
8.054347 9.967116 9.102849 6
6.599484 5.778924 4.992411 6
9.393927 7.061098 8.495489 6
11.359994 8.539623 1.397346 6
4.633417 4.300400 12.090554 6
9.133234 7.739955 2.946432 6
6.860176 5.100067 10.541469 6
7.983611 7.368629 3.670058 6
8.009800 5.471393 9.817843 6
7.273811 7.993908 3.753683 1
8.719600 4.846114 9.734218 1
7.850841 6.131161 4.260963 6
8.142569 6.708861 9.226938 6
13.278736 10.930552 8.532446 6
2.714675 1.909470 4.955455 6
13.018387 10.202020 9.084101 1
2.975024 2.638003 4.403799 1
14.230449 11.877446 9.023540 6
1.762962 0.962576 4.464360 6
12.416835 6.368112 1.582266 6
3.576576 6.471911 11.905635 6
2.668973 5.476463 1.911235 1
13.324438 7.363560 11.576665 1
7.187438 3.006899 3.107612 6
8.805973 9.833123 10.380288 6
7.736150 1.791868 5.206599 6
8.257261 11.048155 8.281301 6
7.138961 1.107891 4.927130 1
8.854450 11.732131 8.560770 1
14.747180 11.746346 10.330788 6
1.246231 1.093677 3.157113 6
14.442877 11.034732 10.882038 1
1.550534 1.805290 2.605862 1
12.424202 8.947206 0.568920 6
3.569209 3.892816 12.918981 6
12.425975 9.826886 0.210411 1
3.567436 3.013136 13.277489 1
12.745739 11.052680 7.304238 6
3.247671 1.787343 6.183663 6
12.130557 10.397092 6.997523 1
3.862854 2.442930 6.490378 1
5.370623 5.978776 4.368596 6
10.622788 6.861247 9.119304 6
5.340195 6.325710 3.485273 1
10.653215 6.514313 10.002627 1
10.295679 9.449411 1.685313 6
5.697731 3.390611 11.802587 6
10.341027 10.340656 1.358232 1
5.652384 2.499367 12.129669 1
5.431246 4.957221 6.944920 6
10.562165 7.882801 6.542980 6
5.454355 4.604726 7.827029 1
10.539056 8.235296 5.660872 1
9.232942 9.064349 2.410153 6
6.760469 3.775673 11.077747 6
8.531114 9.684811 2.570794 1
7.462296 3.155211 10.917107 1
6.613771 5.264263 6.289273 6
9.379640 7.575760 7.198627 6
7.444375 5.122203 6.729114 1
8.549036 7.717819 6.758787 1
11.425383 3.167914 10.003166 6
4.568028 9.672109 3.484734 6
2.324904 3.768607 10.333080 1
13.668507 9.071415 3.154820 1
3.695302 8.098300 0.271646 6
12.298109 4.741722 13.216254 6
5.942744 10.743096 13.208701 1
10.050667 2.096926 0.279200 1
5.819445 2.762758 3.078209 6
10.173966 10.077264 10.409692 6
5.372043 2.497310 3.873725 1
10.621368 10.342712 9.614175 1
4.186099 5.672516 5.032336 6
11.807312 7.167506 8.455565 6
3.352917 5.815251 4.599374 1
12.640493 7.024771 8.888526 1
4.213530 5.164738 6.312742 6
11.779881 7.675284 7.175158 6
3.401848 4.957949 6.761484 1
12.591563 7.882073 6.726416 1
3.686960 6.802599 0.781219 6
12.306451 6.037423 12.706681 6
4.400974 6.212159 0.573236 1
11.592437 6.627863 12.914665 1
7.814692 3.377346 1.920137 6
8.178719 9.462676 11.567763 6
8.750277 3.540341 1.916631 1
7.243134 9.299681 11.571270 1
10.971098 2.133882 10.817026 6
5.022313 10.706141 2.670874 6
6.248338 12.526466 11.702102 1
9.745073 0.313556 1.785798 1
7.093434 3.511257 0.743858 6
8.899977 9.328765 12.744043 6
9.067577 6.112589 13.429902 1
6.925833 6.727433 0.057998 1
5.099010 2.902341 1.900175 6
10.894401 9.937681 11.587725 6
4.164261 2.734275 1.895050 1
11.829150 10.105748 11.592850 1
5.731958 3.283129 0.737114 6
10.261453 9.556893 12.750787 6
6.765012 5.740152 13.423158 1
9.228399 7.099871 0.064742 1
