4.119092 0.004181 0.764081 9
2.881040 2.617031 12.062531 9
6.318786 1.421913 0.764466 9
0.681346 4.034763 12.062146 9
6.592557 3.589011 2.369460 9
0.407575 0.976161 10.457152 9
4.683832 4.289255 4.024093 9
2.316301 1.676405 8.802519 9
4.176494 1.040959 1.643089 6
2.823638 3.653809 11.183523 6
5.327611 1.754790 1.607175 6
1.672521 4.367640 11.219438 6
5.471410 2.854277 2.419099 6
1.528723 0.241427 10.407513 6
4.453000 3.181406 3.272069 6
2.547133 0.568556 9.554543 6
3.257594 2.456079 3.377247 6
3.742539 5.068929 9.449365 6
3.099167 1.338824 2.480667 6
3.900965 3.951674 10.345945 6
1.806763 0.680386 2.389598 6
5.193370 3.293236 10.437014 6
1.529579 4.802941 1.527650 6
5.470554 2.190091 11.298963 6
2.251372 4.352486 1.103089 1
4.748761 1.739636 11.723524 1
0.269058 4.386453 1.300618 6
6.731075 1.773603 11.525994 6
0.125981 3.586398 0.809359 1
6.874152 0.973548 12.017253 1
11.777776 5.116483 1.781616 6
-4.777644 2.503633 11.044996 6
10.471682 4.882372 1.304466 6
-3.471549 2.269522 11.522146 6
10.307648 4.136664 0.740096 1
-3.307515 1.523814 12.086517 1
9.441429 0.480242 1.640524 6
-2.441296 3.093092 11.186089 6
8.567488 0.313019 1.309597 1
-1.567355 2.925869 11.517015 1
9.685243 1.581819 2.480667 6
-2.685110 4.194669 10.345945 6
8.979442 2.184343 2.684610 1
-1.979310 4.797193 10.142002 1
10.930660 1.791370 3.003993 6
-3.930527 4.404220 9.822620 6
-1.562082 2.523491 3.594017 1
8.562214 5.136341 9.232596 1
-0.610797 0.948465 2.692562 6
7.610930 3.561315 10.134050 6
0.740059 1.199298 3.148292 6
6.260074 3.812148 9.678320 6
1.038347 2.005101 4.324749 6
5.961786 4.617951 8.501863 6
0.170213 1.980018 5.500051 6
6.829920 4.592868 7.326561 6
-0.802228 0.983477 5.724517 6
7.802361 3.596327 7.102095 6
-0.935700 0.308316 5.070360 1
7.935832 2.921166 7.756252 1
-1.559577 0.967800 6.866086 6
8.559709 3.580650 5.960527 6
-2.201720 0.280620 6.996917 1
9.201852 2.893470 5.829695 1
-1.391422 1.954934 7.838343 6
8.391555 4.567784 4.988270 6
-1.950169 1.965386 8.607939 1
8.950302 4.578236 4.218673 1
-0.431697 2.899741 7.683141 6
7.431830 0.286891 5.143472 6
-0.312420 3.560269 8.355255 1
7.312553 0.947419 4.471357 1
0.394838 2.915941 6.536442 6
6.605295 0.303091 6.290171 6
1.509691 3.780271 6.436394 6
5.490441 1.167421 6.390218 6
1.620719 4.466406 7.084138 1
5.379413 1.853556 5.742474 1
2.422328 3.657990 5.447462 6
4.577805 1.045140 7.379150 6
3.205729 4.194669 5.466702 1
3.794404 1.581819 7.359910 1
2.229319 2.736699 4.376440 6
4.770814 0.123849 8.450172 6
