4.014292 4.778838 0.340346 15
10.493152 11.427209 9.758942 15
-0.323282 3.799495 8.599544 15
14.830726 12.406553 1.499744 15
5.296814 1.974339 1.397741 14
9.210630 14.231709 8.701546 14
-0.759576 0.580088 8.680338 14
15.267021 15.625959 1.418950 14
4.200230 2.949466 0.174718 6
10.307214 13.256581 9.924570 6
-0.014040 2.167474 9.407487 6
14.521484 14.038573 0.691801 6
5.632192 5.723526 0.248442 6
8.875252 10.482521 9.850845 6
3.631198 4.962322 9.571095 6
10.876247 11.243726 0.528193 6
8.036573 5.738095 0.045447 6
6.470871 10.467953 10.053841 6
8.191959 6.347080 1.282610 6
6.315485 9.858967 8.816678 6
7.048742 6.848107 1.872408 6
7.458702 9.357940 8.226880 6
5.767251 6.606895 1.362394 6
8.740193 9.599152 8.736894 6
3.625903 4.499737 8.094579 6
10.881541 11.706310 2.004709 6
3.214689 3.037771 7.930971 6
11.292756 13.168276 2.168317 6
2.701140 5.415175 7.288656 6
11.806304 10.790872 2.810632 6
5.014221 4.630091 7.452265 6
9.493223 11.575956 2.647023 6
9.587746 6.468289 1.931994 6
4.919698 9.737758 8.167294 6
10.548937 7.168042 0.959432 6
3.958508 9.038005 9.139856 6
9.558310 7.237474 3.238842 6
4.949134 8.968574 6.860446 6
10.103919 5.041151 2.197605 6
4.403525 11.164896 7.901683 6
4.592910 7.454619 1.958252 6
9.914535 8.751428 8.141036 6
5.148985 8.738508 2.608646 6
9.358459 7.467539 7.490642 6
3.686381 7.945121 0.824102 6
10.821063 8.260926 9.275186 6
3.813275 6.718748 3.060084 6
10.694169 9.487299 7.039204 6
13.080315 4.257541 8.419776 6
1.427129 11.948506 1.679512 6
11.980713 3.972731 9.295385 6
2.526731 12.233316 0.803903 6
10.736079 3.695384 8.702556 6
3.771366 12.510663 1.396732 6
10.504525 3.743273 7.332083 6
4.002919 12.462774 2.767205 6
11.509405 4.305058 6.561507 6
2.998039 11.900989 3.537781 6
12.773243 4.640213 7.060412 6
1.734201 11.565835 3.038876 6
15.191394 4.526091 0.737248 6
-0.683950 11.679956 9.362040 6
0.724540 3.356074 1.387642 6
13.782904 12.849973 8.711646 6
0.623497 5.852952 1.148289 6
13.883947 10.353095 8.950999 6
13.776661 4.530476 1.352295 6
0.730783 11.675571 8.746993 6
9.200281 3.234330 6.697848 6
5.307163 12.971717 3.401440 6
9.557995 2.190057 5.635403 6
4.949449 14.015990 4.463885 6
8.284782 2.575857 7.714846 6
6.222662 13.630190 2.384442 6
8.452532 4.390808 6.016146 6
6.054912 11.815239 4.083142 6
13.734190 5.470423 6.151476 6
0.773255 10.735624 3.947812 6
-0.796592 6.546756 6.993757 6
15.304036 9.659291 3.105531 6
-0.473302 4.601331 5.371811 6
14.980746 11.604716 4.727477 6
12.921944 6.236514 5.080952 6
1.585500 9.969533 5.018336 6
6.901782 2.891388 1.690621 6
7.605662 13.314659 8.408667 6
5.793764 0.257633 0.834201 6
8.713680 15.948414 9.265087 6
4.421152 1.828099 3.085332 6
10.086293 14.377948 7.013955 6
4.058669 3.199061 3.657962 6
10.448776 13.006986 6.441326 6
5.372338 1.144936 4.095261 6
9.135106 15.061111 6.004027 6
3.153743 0.977650 3.007568 6
11.353701 15.228397 7.091720 6
1.533518 15.870680 9.923560 6
12.973927 0.335367 0.175728 6
12.741400 0.931765 8.053172 6
1.766044 15.274282 2.046116 6
0.245881 -0.042859 7.176554 6
14.261564 16.248907 2.922734 6
0.272127 1.027889 6.083811 6
14.235317 15.178158 4.015477 6
2.013923 15.382024 6.628163 6
12.493521 0.824023 3.471125 6
4.164155 16.266950 7.532049 6
10.343290 -0.060903 2.567239 6
11.325908 4.485151 5.642472 1
3.181537 11.720896 4.456816 1
5.646983 5.007847 9.667038 1
8.860461 11.198200 0.432250 1
7.134689 7.379844 2.660152 1
7.372756 8.826203 7.439135 1
3.195853 2.811254 7.002846 1
11.311592 13.394793 3.096442 1
3.855751 2.475149 8.365240 1
10.651693 13.730898 1.734048 1
2.361808 2.891525 8.308684 1
12.145636 13.314523 1.790604 1
1.820558 5.385797 7.664350 1
12.686887 10.820250 2.434938 1
3.021570 6.322342 7.366421 1
11.485874 9.883705 2.732867 1
2.680847 5.163781 6.392849 1
11.826597 11.042266 3.706439 1
4.961175 4.398569 6.524140 1
9.546269 11.807478 3.575148 1
5.628715 4.054314 7.882494 1
8.878729 12.151733 2.216794 1
5.316110 5.530918 7.522960 1
9.191335 10.675129 2.576328 1
10.583923 6.693927 0.152499 1
3.923521 9.512120 9.946789 1
11.424126 7.184135 1.361384 1
3.083318 9.021912 8.737904 1
10.261129 8.055459 0.819052 1
4.246315 8.150588 9.280236 1
10.434472 7.254852 3.613525 1
4.072972 8.951195 6.485763 1
9.275188 8.132801 3.072203 1
5.232256 8.073246 7.027084 1
8.961377 6.822047 3.841769 1
5.546067 9.384001 6.257519 1
10.962966 5.085746 2.596527 1
3.544479 11.120301 7.502761 1
10.164328 4.571372 1.369463 1
4.343117 11.634675 8.729824 1
9.504042 4.590308 2.773264 1
5.003402 11.615739 7.326023 1
5.636067 9.237196 1.938053 1
8.871377 6.968851 8.161235 1
5.726583 8.525130 3.313576 1
8.780861 7.680917 6.785712 1
4.430899 9.281265 2.914654 1
10.076545 6.924782 7.184633 1
3.299008 7.198739 0.378723 1
11.208436 9.007309 9.720565 1
4.189591 8.456348 0.206025 1
10.317853 7.749699 9.893262 1
2.986375 8.486977 1.184646 1
11.521069 7.719071 8.914641 1
4.397424 6.498460 3.770064 1
10.110021 9.707587 6.329224 1
3.105665 7.256358 3.369122 1
11.401779 8.949689 6.730165 1
3.455053 5.905406 2.690450 1
11.052391 10.300641 7.408838 1
0.263660 2.539314 1.196766 1
14.243784 13.666733 8.902522 1
1.604710 3.302046 1.047296 1
12.902734 12.904001 9.051992 1
0.752900 3.475066 2.331926 1
13.754545 12.730981 7.767362 1
1.505088 5.892533 0.803903 1
13.002356 10.313514 9.295385 1
0.657828 5.899736 2.102672 1
13.849616 10.306311 7.996616 1
15.322498 6.572535 0.817032 1
-0.815053 9.633512 9.282255 1
13.834120 4.597564 2.300618 1
0.673324 11.608483 7.798670 1
13.275326 5.262022 1.014978 1
1.232118 10.944025 9.084309 1
13.327717 3.716907 1.129100 1
1.179727 12.489140 8.970187 1
10.004888 1.471910 6.042404 1
4.502557 14.734137 4.056884 1
10.119516 2.596281 4.979959 1
4.387928 13.609766 5.119329 1
8.759791 1.887844 5.216282 1
5.747653 14.318203 4.883006 1
8.741833 1.837834 8.118818 1
5.765611 14.368213 1.980470 1
8.059044 3.202768 8.394528 1
6.448400 13.003280 1.704760 1
7.497584 2.263682 7.294716 1
7.009860 13.942365 2.804572 1
7.650240 4.061428 5.607125 1
6.857205 12.144619 4.492163 1
8.997274 4.781397 5.338484 1
5.510170 11.424650 4.760804 1
8.221945 5.053034 6.654421 1
6.285499 11.153014 3.444867 1
-0.258087 6.138007 7.667379 1
14.765531 10.068040 2.431909 1
13.780135 7.113304 7.396718 1
0.727309 9.092743 2.702569 1
-0.219584 7.073764 6.430217 1
14.727029 9.132283 3.669071 1
12.287112 6.806592 5.515221 1
2.220333 9.399455 4.584067 1
13.505133 6.761714 4.555789 1
1.002311 9.444333 5.543499 1
12.455320 5.620195 4.530541 1
2.052124 10.585853 5.568747 1
14.284161 4.000882 4.803221 1
0.223283 12.205165 5.296067 1
0.102211 5.157513 4.861797 1
14.405233 11.048534 5.237491 1
0.057555 4.099827 5.995947 1
14.449889 12.106220 4.103341 1
7.416137 2.914058 0.855410 1
7.091308 13.291989 9.243878 1
6.746383 3.778075 1.955222 1
7.761061 12.427972 8.144066 1
7.434583 2.440742 2.332935 1
7.072862 13.765305 7.766352 1
6.320823 0.332353 0.027268 1
8.186621 15.873694 10.072020 1
7.509373 16.418790 0.662513 1
6.998071 -0.212743 9.436775 1
8.810506 16.529432 1.500754 1
5.696938 -0.323385 8.598534 1
3.477043 3.657195 3.069174 1
11.030401 12.548853 7.030114 1
4.849226 3.716639 3.790263 1
9.658218 12.489409 6.309025 1
3.625260 3.090743 4.505292 1
10.882184 13.115305 5.593996 1
6.159882 1.655692 4.159897 1
8.347562 14.550355 5.939391 1
4.934695 1.102105 4.933502 1
9.572750 15.103942 5.165786 1
5.562265 0.275594 3.781173 1
8.945179 15.930453 6.318114 1
2.750897 0.928530 3.873077 1
11.756548 15.277517 6.226211 1
3.371246 0.102305 2.714689 1
11.136198 16.103742 7.384599 1
2.539151 1.374823 2.402621 1
11.968294 14.831224 7.696667 1
12.186837 1.193250 8.770222 1
2.320608 15.012797 1.329066 1
12.785279 1.637692 7.409848 1
1.722165 14.568355 2.689440 1
12.392089 0.153975 7.637081 1
2.115356 16.052072 2.462206 1
4.128599 16.611670 0.534252 1
10.378846 -0.405623 9.565036 1
5.560776 16.120672 0.191886 1
8.946668 0.085376 9.907401 1
1.165626 15.096560 9.500400 1
13.341818 1.109487 0.598888 1
0.754466 1.805670 6.393859 1
13.752978 14.400377 3.705429 1
-0.604560 1.296115 5.843448 1
15.112005 14.909932 4.255840 1
0.723362 0.700911 5.305156 1
13.784082 15.505136 4.794132 1
1.113487 15.591198 6.401939 1
13.393957 0.614850 3.697349 1
2.468522 15.067916 5.859607 1
12.038922 1.138131 4.239681 1
2.016189 14.703219 7.297745 1
12.491255 1.502828 2.801542 1
4.603993 15.953365 6.752384 1
9.903451 0.252682 3.346904 1
4.149538 15.580422 8.188503 1
10.357906 0.625625 1.910785 1
2.137496 0.346455 7.871385 1
12.369948 15.859592 2.227903 1
