6.459189 4.019247 4.414336 15
7.627083 10.938247 5.650959 15
-0.372406 13.191489 5.625292 15
14.458679 6.272489 4.440003 15
7.218523 6.160401 9.607324 17
6.867750 13.079401 0.457971 17
14.693698 2.017580 0.153596 17
-0.607426 8.936580 9.911699 17
6.188229 5.368037 4.971249 8
7.898043 12.287037 5.094046 8
-0.033880 11.813916 5.185640 8
14.120152 4.894916 4.879655 8
11.066373 13.570927 3.097091 8
3.019899 6.651927 6.968204 8
13.840167 13.410406 3.193718 7
0.246105 6.491406 6.871577 7
10.903812 3.359866 6.787029 8
3.182461 10.278866 3.278267 8
8.243421 3.657383 4.371358 6
5.842851 10.576383 5.693937 6
0.499220 0.628245 4.708545 6
13.587052 7.547245 5.356750 6
10.329003 3.726573 3.190699 6
3.757269 10.645573 6.874597 6
8.913965 3.516236 5.573154 6
5.172308 10.435236 4.492141 6
10.313166 3.469187 5.576174 6
3.773106 10.388187 4.489122 6
13.041998 13.511423 4.370351 6
1.044274 6.592423 5.694944 6
5.553828 2.712248 5.263143 6
8.532444 9.631248 4.802152 6
8.145211 3.469187 6.789042 7
5.941062 10.388187 3.276254 7
1.708808 0.267073 4.120732 6
12.377464 7.186073 5.944563 6
8.948832 3.772239 3.169561 6
5.137441 10.691239 6.895734 6
11.633999 13.581997 4.345188 6
2.452273 6.662997 5.720107 6
12.967317 13.534948 6.793068 6
1.118956 6.615948 3.272227 6
5.807134 2.752378 1.975817 6
8.279138 9.671378 8.089478 6
8.244662 4.696617 7.581180 6
5.841610 11.615617 2.484115 6
10.912396 13.629046 5.521821 6
3.173876 6.710046 4.543474 6
11.015932 3.584042 4.380416 6
3.070340 10.503042 5.684879 6
13.706012 13.504504 5.600330 6
0.380260 6.585504 4.464965 6
0.142101 13.432547 7.349679 6
13.944171 6.513547 2.715617 6
5.922196 3.939679 2.675355 6
8.164076 10.858679 7.389940 6
13.796473 12.099947 2.536454 6
0.289799 5.180947 7.528841 6
4.395629 3.081723 5.946576 6
9.690643 10.000723 4.118719 6
2.460144 1.212209 3.425220 6
11.626128 8.131209 6.640075 6
9.708755 0.107936 2.976308 6
4.377517 7.026936 7.088987 6
13.690384 0.691900 2.264691 6
0.395889 7.610900 7.800604 6
5.648410 5.139433 2.040235 6
8.437862 12.058433 8.025060 6
12.307505 3.195194 6.831316 6
1.778768 10.114194 3.233979 6
0.066339 1.940088 4.582729 6
14.019933 8.859088 5.482566 6
8.297680 2.234837 7.577154 6
5.788592 9.153837 2.488141 6
5.182085 0.427594 5.900276 6
8.904187 7.346594 4.165019 6
5.942214 1.371346 5.235967 6
8.144058 8.290346 4.829329 6
11.578709 13.597219 6.729656 6
2.507563 6.678219 3.335639 6
3.653993 2.118598 6.613905 6
10.432280 9.037598 3.451390 6
14.852586 0.631013 1.287351 6
-0.766314 7.550013 8.777944 6
0.217220 0.839967 7.960642 6
13.869053 7.758967 2.104653 6
4.048182 0.799836 6.607866 6
10.038091 7.718836 3.457429 6
5.407723 2.778670 0.629081 6
8.678549 9.697670 9.436214 6
0.971683 12.433443 9.379849 6
13.114589 5.514443 0.685447 6
14.924347 12.029373 1.519860 6
-0.838074 5.110373 8.545436 6
7.119072 4.660638 8.611867 6
6.967200 11.579638 1.453429 6
2.011760 2.497759 3.306449 6
12.074512 9.416759 6.758846 6
0.655574 0.964509 9.266111 6
13.430698 7.883509 0.799184 6
0.522237 12.322739 8.065321 6
13.564035 5.403739 1.999974 6
7.175959 2.185020 8.621932 6
6.910313 9.104020 1.443363 6
7.204289 3.441511 9.490567 6
6.881983 10.360511 0.574728 6
5.146787 3.963203 0.011072 6
8.939485 10.882203 10.054223 6
14.861550 13.172392 0.522389 6
-0.775278 6.253392 9.542906 6
5.248818 5.126979 0.703564 6
8.837454 12.045979 9.361731 6
1.060382 13.662257 9.949544 6
13.025890 6.743257 0.115751 6
0.809047 2.871385 3.882184 6
13.277225 9.790385 6.183111 6
