11.707200 3.550802 1.816519 8
5.080579 10.001132 12.222582 8
10.241022 5.126677 1.186164 8
6.546756 8.425257 12.852938 8
13.663482 11.212438 2.205402 8
3.124296 2.339495 11.833699 8
9.111795 2.115568 1.021906 8
7.675984 11.436365 13.017195 8
3.595720 6.823848 6.714902 8
13.192059 6.728085 7.324199 8
9.602312 2.264164 3.198950 7
7.185467 11.287769 10.840152 7
11.376419 7.325048 0.027095 7
5.411359 6.226886 14.012006 7
9.616203 3.719327 2.986538 6
7.171575 9.832606 11.052563 6
10.002544 4.423262 4.285997 6
6.785234 9.128672 9.753104 6
9.129675 3.964165 5.417970 6
7.658104 9.587768 8.621131 6
8.534101 4.848366 6.324615 6
8.253678 8.703568 7.714486 6
7.715464 4.355035 7.341046 6
9.072314 9.196898 6.698055 6
7.501872 3.012895 7.451955 6
9.285907 10.539039 6.587146 6
8.077233 2.122148 6.557664 6
8.710546 11.429786 7.481437 6
8.900083 2.604560 5.529581 6
7.887695 10.947374 8.509520 6
9.595027 1.671420 4.553442 6
7.192752 11.880513 9.485659 6
10.946200 1.285841 5.080751 6
5.841579 12.266093 8.958350 6
1.664113 1.527943 4.544457 6
15.123666 12.023991 9.494644 6
9.408438 1.427654 2.152054 6
7.379340 12.124279 11.887047 6
10.610453 4.152954 1.877730 6
6.177326 9.398980 12.161371 6
11.269433 3.910769 13.843958 6
5.518346 9.641164 0.195144 6
10.585630 4.693104 12.760139 6
6.202149 8.858829 1.278962 6
10.387384 4.072732 11.533122 6
6.400395 9.479201 2.505980 6
9.805439 4.746006 10.484401 6
6.982339 8.805928 3.554700 6
9.383382 6.044715 10.654274 6
7.404397 7.507218 3.384827 6
9.560378 6.676748 11.872868 6
7.227401 6.875186 2.166233 6
10.162980 6.004497 12.927204 6
6.624798 7.547437 1.111897 6
11.877960 8.062096 1.233054 6
4.909819 5.489838 12.806047 6
10.755300 8.343741 2.218178 6
6.032479 5.208192 11.820923 6
11.288014 9.014129 3.466254 6
5.499765 4.537804 10.572847 6
12.381562 8.187473 4.113457 6
4.406217 5.364460 9.925645 6
13.518957 7.906006 3.129316 6
3.268822 5.645927 10.909786 6
12.993680 7.239404 1.865797 6
3.794099 6.312530 12.173305 6
12.395323 10.490856 13.296714 6
4.392456 3.061077 0.742388 6
12.094524 9.594497 12.105917 6
4.693254 3.957437 1.933184 6
10.928985 10.166423 11.291649 6
5.858794 3.385510 2.747452 6
11.229455 11.589792 10.829763 6
5.558323 1.962142 3.209339 6
11.561566 12.478890 12.004835 6
5.226213 1.073043 2.034266 6
12.705641 11.910568 12.857009 6
4.082137 1.641366 1.182092 6
3.508003 4.678642 5.972234 6
13.279775 8.873292 8.066868 6
4.484306 5.871360 6.133683 6
12.303473 7.680573 7.905418 6
4.078871 8.238000 7.126248 6
12.708907 5.313934 6.912853 6
8.702333 4.043143 2.699719 1
8.085446 9.508791 11.339382 1
10.919812 4.179356 4.534630 1
5.867967 9.372577 9.504472 1
9.922699 5.325456 4.186460 1
6.865079 8.226478 9.852641 1
8.736786 5.976403 6.191244 1
8.050992 7.575531 7.847858 1
7.271398 5.047594 7.974209 1
9.516381 8.504340 6.064892 1
6.986501 2.714249 8.142679 1
9.801277 10.837685 5.896422 1
12.220405 12.180122 6.626456 1
4.567374 1.371812 7.412645 1
10.748806 3.246492 11.427828 1
6.038973 10.305441 2.611273 1
9.741846 4.292925 9.686980 1
7.045933 9.259008 4.352121 1
8.982499 6.532920 9.911605 1
7.805280 7.019014 4.127496 1
9.284505 7.559241 12.045549 1
7.503273 5.992693 1.993552 1
10.311815 6.439166 13.744280 1
6.475963 7.112768 0.294821 1
13.287104 11.809435 4.530418 1
3.500675 1.742499 9.508683 1
15.099216 11.751325 6.022774 1
1.688563 1.800609 8.016327 1
2.566804 1.013409 5.082155 1
14.220975 12.538524 8.956947 1
1.740251 2.070316 3.579971 1
15.047528 11.481618 10.459130 1
12.217642 3.725597 13.575811 1
4.570137 9.826337 0.463290 1
10.821187 3.038492 13.968906 1
5.966592 10.513441 0.070196 1
12.267362 8.907813 0.913945 1
4.520416 4.644120 13.125156 1
11.612491 10.470146 13.841150 1
5.175288 3.081787 0.197951 1
10.421678 7.534339 2.428765 1
6.366101 6.017594 11.610337 1
10.094290 8.890132 1.782966 1
6.693489 4.661802 12.256135 1
10.490277 9.169010 4.099418 1
6.297502 4.382923 9.939684 1
11.665750 9.901140 3.228993 1
5.122029 3.650793 10.810108 1
12.001696 7.303605 4.422317 1
4.786083 6.248329 9.616784 1
12.765291 8.652446 4.885607 1
4.022487 4.899488 9.153494 1
3.740764 7.307478 3.537853 1
13.047014 6.244455 10.501248 1
13.986954 8.712366 2.920133 1
2.800825 4.839568 11.118968 1
3.251228 7.083577 1.221402 1
13.536551 6.468356 12.817699 1
12.596968 6.381877 2.077787 1
4.190811 7.170056 11.961314 1
11.866345 8.695592 12.428816 1
4.921434 4.856342 1.610285 1
12.920780 9.547905 11.554180 1
3.866999 4.004029 2.484921 1
10.055854 10.186907 11.863041 1
6.731924 3.365027 2.176061 1
10.738931 9.552548 10.613560 1
6.048848 3.999385 3.425541 1
10.408833 11.970283 10.304700 1
6.378945 1.581651 3.734401 1
12.030016 11.564221 10.248544 1
4.757763 1.987713 3.790557 1
10.778600 12.577238 12.550956 1
6.009178 0.974696 1.488145 1
7.592589 2.341017 11.708610 1
9.195190 11.210916 2.330491 1
13.506417 11.912150 12.340370 1
3.281361 1.639784 1.698731 1
12.931549 12.435784 13.646006 1
3.856230 1.116150 0.393095 1
14.235598 9.810179 13.477537 1
2.552180 3.741755 0.561564 1
11.067576 6.477588 0.308860 1
5.720202 7.074346 13.730241 1
