2.154381 0.006322 0.241630 6
1.302637 2.640322 6.873515 6
4.759655 5.261678 13.988660 6
5.611398 2.627678 7.356776 6
1.433850 4.702217 0.106727 1
2.023168 2.068217 7.008418 1
5.480186 0.565783 14.123564 1
4.890867 3.199783 7.221873 1
2.110768 0.915578 1.284568 6
1.346250 3.549578 5.830577 6
4.803267 4.352422 12.945722 6
5.567785 1.718422 8.399714 6
3.193545 1.768994 1.468139 6
0.263473 4.402994 5.647006 6
3.720490 3.499006 12.762152 6
6.650563 0.865006 8.583284 6
3.179833 2.390618 2.160158 1
0.277185 5.024618 4.954987 1
3.734202 2.877382 12.070133 1
6.636851 0.243382 9.275303 1
4.288587 1.699457 0.630402 6
-0.831569 4.333457 6.484743 6
2.625448 3.568543 13.599889 6
7.745605 0.934543 7.745547 6
5.010883 2.268928 0.767013 1
-1.553865 4.902928 6.348133 1
1.903152 2.999072 13.463278 1
8.467901 0.365072 7.882158 1
-0.459635 0.789146 13.821454 6
-0.861312 3.423146 7.523982 6
7.373670 4.478854 0.408836 6
7.775348 1.844854 6.706309 6
0.278262 0.757538 13.256939 1
-1.599209 3.391538 8.088497 1
6.635773 4.510462 0.973352 1
8.513244 1.876462 6.141793 1
-1.515614 5.197409 13.614831 6
0.194666 2.563409 7.730605 6
8.429649 0.070591 0.615460 6
6.719369 2.704591 6.499685 6
0.953808 0.948240 2.246821 6
2.503209 3.582240 4.868325 6
5.960227 4.319760 11.983470 6
4.410826 1.685760 9.361966 6
1.294325 0.951401 3.154855 1
2.162693 3.585401 3.960290 1
5.619710 4.316599 11.075435 1
4.751342 1.682599 10.270001 1
0.418863 0.147504 2.130275 1
3.038155 2.781504 4.984871 1
6.495173 5.120496 12.100016 1
3.875880 2.486496 9.245420 1
10.406738 2.124058 3.326473 6
4.742279 4.758058 3.788673 6
-3.492703 3.143942 10.903818 6
2.171756 0.509942 10.441618 6
-0.800571 2.056627 4.163783 1
4.257589 4.690627 2.951362 1
7.714607 3.211373 10.066508 1
2.656446 0.577373 11.278928 1
9.835095 2.905829 3.385386 1
5.313923 0.271829 3.729759 1
-2.921060 2.362171 10.844905 1
1.600113 4.996171 10.500532 1
8.368523 1.099958 1.697674 6
6.780495 3.733958 5.417472 6
-1.454488 4.168042 12.532617 6
0.133540 1.534042 8.812819 6
7.443888 1.219015 1.965203 1
7.705129 3.853015 5.149942 1
-0.529853 4.048985 12.265088 1
-0.791094 1.414985 9.080349 1
8.684611 1.945999 1.344762 1
6.464406 4.579999 5.770383 1
-1.770576 3.322001 12.885528 1
0.449629 0.688001 8.459908 1
-0.086030 2.398573 1.996652 16
3.543048 5.032573 5.118493 16
7.000065 2.869427 12.233639 16
3.370988 0.235427 9.111797 16
9.356064 0.669721 3.166382 16
5.792954 3.303721 3.948763 16
-2.442029 4.598279 11.063909 16
1.121082 1.964279 10.281527 16
