8.753064 0.027503 6.408672 8
8.217378 12.977889 12.769207 8
3.866825 1.320446 7.141075 8
13.103617 11.684945 12.036804 8
6.218436 10.404605 9.222066 8
10.752007 2.600787 9.955812 8
7.282450 9.232573 11.667054 8
9.687992 3.772819 7.510824 8
9.288851 7.258982 11.796505 8
7.681591 5.746410 7.381374 8
11.748132 7.527076 10.266302 8
5.222311 5.478316 8.911577 8
13.046923 8.644903 8.157502 8
3.923520 4.360489 11.020376 8
12.152684 9.303732 3.550401 8
4.817758 3.701660 15.627478 8
10.695923 8.301025 1.405930 8
6.274519 4.704367 17.771948 8
8.153322 8.581972 0.178930 8
8.817120 4.423420 18.998949 8
6.244274 9.397299 2.119347 8
10.726169 3.608093 17.058531 8
6.016113 10.879860 4.508911 8
10.954329 2.125532 14.668967 8
6.333797 1.409015 5.552571 7
10.636645 11.596377 13.625307 7
9.555535 9.757763 8.734757 7
7.414908 3.247629 10.443122 7
8.706040 0.940597 5.304409 6
8.264402 12.064794 13.873469 6
9.308485 0.616549 4.602691 1
7.661957 12.388843 14.575188 1
9.039827 1.811457 5.603776 1
7.930615 11.193935 13.574102 1
7.334116 1.128588 4.712197 6
9.636327 11.876804 14.465682 6
7.158721 1.115460 3.334266 6
9.811721 11.889932 15.843612 6
7.884446 0.938209 2.763532 1
9.085996 12.067182 16.414346 1
5.915600 1.364570 2.817614 6
11.054842 11.640822 16.360265 6
5.768643 1.330424 1.889021 1
11.201799 11.674968 17.288857 1
4.891028 1.662419 3.669495 6
12.079414 11.342973 15.508383 6
4.032447 1.850896 3.335033 1
12.937995 11.154496 15.842845 1
5.135444 1.682430 5.034001 6
11.834998 11.322961 14.143877 6
4.046540 2.134081 5.973142 6
12.923902 10.871311 13.204736 6
4.245011 3.049130 6.261577 1
12.725431 9.956262 12.916301 1
3.200718 2.157161 5.479120 1
13.769725 10.848231 13.698759 1
3.217885 0.123649 6.990145 6
13.752557 12.881743 12.187734 6
7.017327 12.448824 8.183201 6
9.953115 0.556568 10.994678 6
7.222906 12.842981 9.011685 1
9.747536 0.162411 10.166193 1
6.456851 11.187460 8.122982 6
10.513591 1.817932 11.054896 6
6.121588 10.598706 6.911132 6
10.848854 2.406686 12.266746 6
5.753367 9.734317 6.881023 1
11.217075 3.271075 12.296856 1
6.343575 11.315896 5.747802 6
10.626867 1.689496 13.430076 6
6.929566 12.576078 5.775418 6
10.040877 0.429314 13.402460 6
3.034501 0.048670 4.976659 1
13.935941 12.956722 14.201219 1
6.277105 11.019905 10.513697 6
10.693337 1.985487 8.664182 6
5.577154 11.701040 10.597696 1
11.393288 1.304352 8.580183 1
7.147459 11.450195 10.647558 1
9.822983 1.555197 8.530320 1
6.073653 9.941437 11.519960 6
10.896789 3.063955 7.657919 6
5.806423 10.330406 12.379321 1
11.164019 2.674985 6.798558 1
5.364243 9.335611 11.222894 1
11.606199 3.669781 7.954984 1
7.151515 8.027143 12.406170 6
9.818927 4.978249 6.771709 6
6.757551 7.332827 11.838504 1
10.212892 5.672565 7.339374 1
6.555481 8.171711 13.171367 1
10.414962 4.833681 6.006512 1
8.465059 7.591883 12.879671 6
8.505383 5.413509 6.298207 6
8.881259 8.310877 13.399584 1
8.089183 4.694515 5.778295 1
8.360954 6.812214 13.464788 1
8.609488 6.193178 5.713090 1
10.576668 6.840353 12.253130 6
6.393774 6.165039 6.924748 6
10.476174 6.087993 12.872192 1
6.494268 6.917399 6.305686 1
11.006801 7.576231 12.736029 1
5.963641 5.429161 6.441849 1
11.422806 6.435683 11.119334 6
5.547636 6.569709 8.058545 6
12.250987 6.039368 11.462618 1
4.719455 6.966024 7.715260 1
10.955819 5.750484 10.599613 1
6.014624 7.254908 8.578265 1
13.027160 8.049016 10.435834 6
3.943282 4.956375 8.742044 6
13.699952 7.356930 10.265918 1
3.270490 5.648462 8.911960 1
13.140611 8.373797 11.353304 1
3.829831 4.631595 7.824574 1
13.188669 9.173512 9.468119 6
3.781773 3.831880 9.709760 6
12.507664 9.858837 9.631131 1
4.462778 3.146555 9.546748 1
14.072559 9.583253 9.571679 1
2.897883 3.422139 9.606199 1
12.884326 9.519422 7.132828 6
4.086116 3.485969 12.045050 6
12.996951 10.881290 7.265923 6
3.973491 2.124102 11.911956 6
13.230820 11.263358 8.093065 1
3.739622 1.742034 11.084814 1
12.757260 11.687666 6.152455 6
4.213183 1.317726 13.025423 6
12.471135 11.130101 4.923920 6
4.499307 1.875291 14.253958 6
12.323345 11.677821 4.175024 1
4.647097 1.327571 15.002854 1
12.403997 9.748744 4.811346 6
4.566446 3.256648 14.366532 6
12.578315 8.920395 5.906787 6
4.392128 4.084997 13.271092 6
12.493381 7.986968 5.830075 1
4.477061 5.018424 13.347803 1
11.992996 7.897257 3.353252 6
4.977446 5.108135 15.824626 6
11.191107 7.578067 3.818316 1
5.779335 5.427325 15.359563 1
12.769924 7.415548 3.707084 1
4.200518 5.589844 15.470795 1
11.863976 7.662734 1.880199 6
5.106466 5.342658 17.297679 6
12.650067 8.020399 1.417245 1
4.320376 4.984993 17.760633 1
11.814041 6.701193 1.701078 1
5.156401 6.304199 17.476801 1
10.450832 8.031576 0.035671 6
6.519610 4.973816 19.142208 6
12.699015 7.102898 19.099249 1
4.271427 5.902494 0.078629 1
13.783691 8.190691 18.692678 1
3.186751 4.814701 0.485200 1
11.879273 8.943299 18.731609 6
5.091170 4.062093 0.446269 6
12.102816 9.874047 18.943908 1
4.867626 3.131345 0.233970 1
11.786144 8.863643 17.758715 1
5.184298 4.141749 1.419163 1
9.632917 9.519255 19.097140 6
7.337525 3.486137 0.080739 6
9.389041 9.486402 18.148026 1
7.581401 3.518990 1.029852 1
7.424011 10.418073 0.126574 1
9.546431 2.587319 19.051304 1
5.925514 9.179586 0.757334 6
11.044928 3.825806 18.420544 6
5.167382 9.744908 0.498625 1
11.803061 3.260484 18.679254 1
5.672271 8.242367 0.619445 1
11.298172 4.763025 18.558433 1
5.098718 9.377982 2.941887 6
11.871724 3.627410 16.235992 6
4.631551 8.523964 2.838326 1
12.338892 4.481428 16.339552 1
4.486574 10.095379 2.673396 1
12.483869 2.910013 16.504482 1
5.498633 9.564393 4.366803 6
11.471809 3.440999 14.811076 6
4.722239 9.442431 4.953646 1
12.248203 3.562961 14.224232 1
6.180331 8.905479 4.614198 1
10.790111 4.099913 14.563681 1
9.728936 10.070984 10.021976 6
7.241506 2.934408 9.155903 6
9.587672 9.419896 10.683996 1
7.382771 3.585496 8.493882 1
10.110381 11.339740 10.380602 6
6.860061 1.665652 8.797276 6
10.237690 11.553122 11.288099 1
6.732752 1.452270 7.889779 1
10.310772 12.312803 9.403489 6
6.659670 0.692589 9.774389 6
10.119950 11.943807 8.080407 6
6.850493 1.061585 11.097471 6
10.246213 12.573309 7.394990 1
6.724229 0.432083 11.782889 1
9.747055 10.661422 7.771835 6
7.223387 2.343970 11.406043 6
9.625716 10.416718 6.873352 1
7.344727 2.588674 12.304527 1
9.146989 8.383985 8.383610 6
7.823454 4.621407 10.794269 6
9.061606 8.308622 7.419921 1
7.908836 4.696770 11.757957 1
8.294592 8.183061 8.800728 1
8.675850 4.822331 10.377150 1
9.816276 7.756683 8.699086 1
7.154166 5.248709 10.478793 1
11.012206 3.422619 2.952051 15
5.958236 9.582773 16.225828 15
10.486598 2.096160 2.271236 9
6.483844 10.909232 16.906642 9
10.630879 4.191225 1.638941 9
6.339563 8.814167 17.538937 9
11.370978 4.799507 3.623660 9
5.599464 8.205885 15.554218 9
11.408264 2.677541 4.269188 9
5.562178 10.327851 14.908691 9
9.546751 3.564780 3.537743 9
7.423691 9.440612 15.640135 9
2.043095 3.255637 2.380166 9
14.927347 9.749755 16.797712 9
8.915952 8.944989 4.945591 7
8.054490 4.060403 14.232287 7
8.986785 9.713777 4.116723 6
7.983658 3.291615 15.061155 6
9.083839 10.703837 3.056570 6
7.886603 2.301555 16.121308 6
5.702912 5.927177 3.490374 7
11.267530 7.078215 15.687505 7
6.711263 6.138880 3.047365 6
10.259179 6.866512 16.130514 6
7.986796 6.383028 2.471070 6
8.983647 6.622364 16.706809 6
3.416961 5.363718 5.241698 8
13.553481 7.641674 13.936181 8
