1.178485 0.334977 3.640552 47
3.781767 5.938477 2.815930 47
8.742019 10.872023 9.272412 47
6.138737 5.268523 10.097034 47
9.635482 9.826073 4.043178 34
6.049770 4.222573 2.413304 34
0.285022 1.380927 8.869786 34
3.870734 6.984427 10.499660 34
9.701400 2.114201 3.794216 34
5.983852 7.717701 2.662266 34
0.219104 9.092799 9.118748 34
3.936652 3.489299 10.250698 34
1.045300 1.305391 1.039106 34
3.914952 6.908891 5.417376 34
8.875204 9.901609 11.873857 34
6.005552 4.298109 7.495588 34
4.289058 0.149389 1.822665 34
0.671194 5.752889 4.633817 34
5.631446 11.057611 11.090299 34
9.249310 5.454111 8.279147 34
2.052680 8.927048 2.772930 34
2.907572 3.323548 3.683552 34
7.867824 2.279952 10.140034 34
7.012932 7.883452 9.229412 34
2.778663 0.296986 5.339510 8
2.181589 5.900486 1.116971 8
7.141841 10.910015 7.573453 8
7.738916 5.306515 11.795992 8
3.196545 10.746392 7.325524 8
0.959212 5.142892 12.043921 8
6.723960 0.460608 5.587439 8
8.961292 6.064108 0.869042 8
1.134858 10.767686 6.590777 8
3.020898 5.164186 12.778669 8
8.785646 0.439314 6.322187 8
6.899606 6.042814 0.134295 8
2.344800 11.020964 6.433238 7
2.615452 5.417464 0.023243 7
7.575704 0.186036 6.479725 7
7.305052 5.789536 12.889720 7
0.415465 8.102661 2.283012 6
4.544787 2.499161 4.173470 6
9.505039 3.104339 10.629952 6
5.375717 8.707839 8.739494 6
9.942720 8.431026 2.744005 6
5.742532 2.827526 3.712477 6
-0.022215 2.775974 10.168959 6
4.177972 8.379474 9.200487 6
8.519296 10.870790 2.867969 6
7.165956 5.267290 3.588513 6
1.401208 0.336210 10.044994 6
2.754549 5.939710 9.324451 6
8.590082 0.952595 2.764666 6
7.095170 6.556095 3.691816 6
1.330422 10.254405 10.148298 6
2.825335 4.650905 9.221147 6
10.170549 3.294858 2.357907 6
5.514703 8.898358 4.098575 6
-0.250045 7.912142 10.555056 6
4.405801 2.308642 8.814389 6
0.220333 2.992269 1.335200 6
4.739919 8.595769 5.121281 6
9.700172 8.214731 11.577763 6
5.180585 2.611231 7.791682 6
2.663254 2.095709 0.460993 6
2.296998 7.699209 5.995489 6
7.257250 9.111291 12.451971 6
7.623507 3.507791 6.917475 6
3.891640 1.678809 0.747661 6
1.068612 7.282309 5.708821 6
6.028864 9.528191 12.165303 6
8.851892 3.924691 7.204142 6
3.557825 10.063886 0.631444 6
1.402427 4.460386 5.825038 6
6.362679 1.143114 12.281520 6
8.518077 6.746614 7.087926 6
2.694459 9.133705 0.993007 6
2.265793 3.530205 5.463475 6
7.226045 2.073295 11.919957 6
7.654711 7.676795 7.449489 6
0.464297 7.392137 1.654151 1
4.495956 1.788637 4.802331 1
9.456208 3.814863 11.258813 1
5.424549 9.418363 8.110632 1
9.189962 7.951367 2.414724 1
6.495290 2.347867 4.041758 1
0.730542 3.255634 10.498239 1
3.425214 8.859134 8.871206 1
7.888966 10.405700 2.329499 1
7.796286 4.802200 4.126983 1
2.031538 0.801300 10.583465 1
2.124219 6.404801 8.785980 1
8.026731 1.365013 2.115143 1
7.658521 6.968513 4.341338 1
1.893773 9.841987 10.797820 1
2.261983 4.238487 8.571625 1
9.813782 4.180211 2.386316 1
5.871470 9.783711 4.070166 1
0.106723 7.026789 10.526648 1
4.049034 1.423289 8.842798 1
0.379444 3.674775 0.692135 1
4.580808 9.278275 5.764347 1
9.541060 7.532225 12.220829 1
5.339696 1.928725 7.148617 1
1.792215 2.866751 12.823864 1
2.363541 8.470251 6.545581 1
8.128289 8.340249 0.089099 1
7.556963 2.736749 6.367382 1
4.622525 2.174158 0.395137 1
0.337727 7.777658 6.061345 1
5.297979 9.032842 12.517827 1
9.582777 3.429342 6.851619 1
3.026611 10.087421 12.635335 1
1.129145 4.483921 6.734111 1
6.893893 1.119579 0.277629 1
8.791359 6.723079 6.178853 1
2.378748 8.530768 0.327989 1
2.581504 2.927268 6.128493 1
7.541756 2.676232 12.584974 1
7.339000 8.279732 6.784471 1
