12.332695 9.536620 8.217765 8
4.879136 7.493356 7.388449 8
7.935635 1.653062 6.200266 8
8.096271 1.549477 6.996409 1
5.732185 1.487570 4.000317 7
4.687752 8.814589 7.254250 6
4.479024 9.155747 5.815765 6
5.339925 9.416785 5.426740 1
4.073228 7.821603 5.244291 6
4.400399 7.720295 4.336567 1
10.743967 7.724149 5.244291 1
4.717633 6.812305 6.167093 6
4.148581 6.035767 6.278674 1
5.575454 6.524666 5.817273 1
11.145676 10.314842 5.675535 6
10.342340 10.107754 6.198758 1
6.937824 0.719572 4.228002 6
10.556858 9.678795 3.840486 1
8.082126 1.332523 3.401702 6
8.160777 2.270810 3.632403 1
1.276020 0.898250 3.655020 1
7.914121 1.214378 1.881793 6
7.022002 1.545945 1.651092 1
1.295777 2.053334 1.136916 6
2.179966 1.816195 1.426423 1
8.774673 2.982899 1.317858 1
1.214564 1.893865 0.194512 1
4.164652 9.627211 1.417376 6
4.104618 9.597901 0.459893 1
11.083067 9.116250 1.798861 1
5.004895 9.257926 1.696328 1
4.537580 0.713703 4.279269 6
3.773044 1.310175 4.270222 1
8.396059 10.188703 5.173422 1
8.067335 9.441815 3.324802 6
8.161833 9.644388 1.939091 6
4.646154 0.632244 1.623951 1
7.871728 8.670347 1.043430 6
7.926608 8.832155 0.129675 1
7.486930 7.407567 1.528957 6
7.279440 6.724431 0.934865 1
7.418808 7.190016 2.861893 6
7.161467 6.354741 3.180049 1
7.725261 8.191206 3.745491 6
7.698786 8.012488 4.657738 1
5.663552 2.816059 4.675833 6
6.548670 3.210945 4.719560 1
5.331128 2.710296 5.580541 1
4.731702 3.719137 3.881197 6
3.475105 4.110885 4.381803 6
3.188039 3.796377 5.209610 1
2.674586 4.954893 3.655020 6
9.481929 5.199505 3.998809 1
3.057407 5.438846 2.454774 6
10.134470 6.013321 1.984326 1
4.283115 5.077595 1.928536 6
4.560664 5.411331 1.105252 1
5.110484 4.191959 2.661349 6
5.927098 3.929039 2.303990 1
8.434035 5.653765 6.430966 8
8.631570 7.679181 7.242188 8
7.879857 3.679490 8.463544 8
8.088995 3.806304 7.680971 1
5.705101 3.847125 10.665000 7
8.452529 6.377066 7.388449 6
8.279596 6.033562 8.866139 6
9.149031 5.775348 9.237069 1
7.890375 7.349224 9.422534 6
8.221144 7.450356 10.328750 1
6.925146 7.447552 9.430073 1
8.527530 8.372477 8.501240 6
7.969803 9.162356 8.419816 1
9.402432 8.635663 8.826935 1
7.314723 4.856509 8.995813 6
6.504449 5.066155 8.486161 1
6.910822 4.601361 10.462948 6
6.746679 5.483541 10.854988 1
8.066322 3.994407 11.256076 6
8.176584 3.070103 10.984663 1
8.882025 4.466566 11.023867 1
7.892475 4.039993 12.769954 6
6.988704 3.720220 12.975021 1
8.879123 3.116581 13.474118 6
9.775627 3.365745 13.237386 1
8.717770 2.210171 13.204214 1
8.766542 3.192268 14.424062 1
8.012021 5.448867 13.306747 6
8.055810 5.424036 14.264230 1
7.246529 5.960603 13.033827 1
8.808630 5.856552 12.959942 1
5.643552 2.517579 10.048290 6
6.537560 2.144635 9.998531 1
5.303799 2.599542 9.142075 1
4.746895 1.576745 10.839910 6
7.315537 11.011828 10.370970 6
3.240889 1.469358 9.540146 1
6.503056 10.165677 11.096244 6
5.690008 9.885388 10.741900 1
6.902008 9.726362 12.367359 6
6.348675 9.186838 12.884550 1
8.118133 10.113325 12.818205 6
8.419598 9.779524 13.632442 1
8.935355 10.990296 12.112533 6
9.736017 11.286924 12.480447 1
4.507837 4.593015 10.373985 6
3.749362 3.988512 10.407158 1
4.568321 4.938157 9.470785 1
4.250797 5.735993 11.308850 6
11.509604 6.981909 10.805229 6
11.456288 7.103468 9.883935 1
11.221821 8.004588 11.619467 6
10.940205 8.814296 11.259091 1
11.336121 7.875567 12.943356 6
11.142949 8.596312 13.496736 1
11.742147 6.664777 13.495228 6
11.830759 6.578831 14.418030 1
4.373047 5.605676 12.680991 6
4.638626 4.793714 13.047397 1
