3.324936 11.928722 2.423104 8
1.754245 10.811278 8.276012 8
1.147936 0.558722 2.423104 8
-0.422755 22.181278 8.276012 8
-1.770010 15.158711 11.641434 8
-0.199319 7.581289 5.788526 8
0.406990 3.788711 11.641434 8
1.977681 18.951289 5.788526 8
1.022995 7.332513 9.005284 8
2.593686 15.407487 3.152376 8
-1.154005 18.702513 9.005284 8
0.416686 4.037487 3.152376 8
3.349687 6.341731 3.515256 8
1.778996 16.398269 9.368164 8
1.172687 17.711731 3.515256 8
-0.398004 5.028269 9.368164 8
2.511633 11.328386 0.372245 7
0.940942 11.411614 6.225153 7
0.334633 22.698386 0.372245 7
-1.236058 0.041614 6.225153 7
2.330669 13.513700 1.147170 7
0.759978 9.226300 7.000078 7
0.153669 2.143700 1.147170 7
-1.417022 20.596300 7.000078 7
2.763525 12.243216 1.400016 6
1.192834 10.496784 7.252923 6
0.586525 0.873216 1.400016 6
-0.984166 21.866784 7.252923 6
1.717945 13.982826 0.007023 6
0.147254 8.757174 5.859931 6
3.894945 2.612826 0.007023 6
2.324254 20.127174 5.859931 6
-1.596399 12.989088 10.686239 6
-0.025709 9.750912 4.833331 6
0.580601 1.619088 10.686239 6
2.151291 21.120912 4.833331 6
-1.204482 11.745210 10.896944 6
0.366209 10.994790 5.044036 6
0.972518 0.375210 10.896944 6
2.543209 22.364790 5.044036 6
2.922955 9.950114 0.513885 6
1.352264 12.789886 6.366793 6
0.745955 21.320114 0.513885 6
-0.824736 1.419886 6.366793 6
0.561377 9.389346 11.244607 6
2.132068 13.350654 5.391699 6
-1.615623 20.759346 11.244607 6
-0.044932 1.980654 5.391699 6
0.919756 8.040864 11.320694 6
2.490447 14.699136 5.467787 6
-1.257244 19.410864 11.320694 6
0.313447 3.329136 5.467787 6
3.614444 7.294992 0.695325 6
2.043753 15.445008 6.548233 6
1.437444 18.664992 0.695325 6
-0.133247 4.075008 6.548233 6
2.822477 7.868040 1.683296 6
1.251786 14.871960 7.536204 6
0.645477 19.238040 1.683296 6
-0.925214 3.501960 7.536204 6
2.463828 9.202878 1.591991 6
0.893137 13.537122 7.444899 6
0.286828 20.572878 1.591991 6
-1.283863 2.167122 7.444899 6
-2.607810 7.431432 10.236736 6
-1.037119 15.308568 4.383828 6
-0.430810 18.801432 10.236736 6
1.139881 3.938568 4.383828 6
2.301320 7.001646 2.814078 6
0.730629 15.738354 8.666986 6
0.124320 18.371646 2.814078 6
-1.446371 4.368354 8.666986 6
2.428337 14.167020 1.837813 1
0.857646 8.572980 7.690721 1
0.251337 2.797020 1.837813 1
-1.319354 19.942980 7.690721 1
-1.953970 13.189200 9.844591 1
-0.383279 9.550800 3.991683 1
0.223030 1.819200 9.844591 1
1.793721 20.920800 3.991683 1
-1.372129 11.028900 10.207471 1
0.198562 11.711100 4.354563 1
0.804871 22.398900 10.207471 1
2.375562 0.341100 4.354563 1
0.850674 9.869160 10.523528 1
2.421365 12.870840 4.670620 1
-1.326326 21.239160 10.523528 1
0.244365 1.500840 4.670620 1
3.884216 6.412680 0.760878 1
2.313525 16.327320 6.613786 1
1.707216 17.782680 0.760878 1
0.136525 4.957320 6.613786 1
1.911758 9.573540 2.188988 1
0.341067 13.166460 8.041895 1
-0.265242 20.943540 2.188988 1
-1.835933 1.796460 8.041895 1
-1.820152 8.049960 10.043590 1
-0.249461 14.690040 4.190682 1
0.356848 19.419960 10.043590 1
1.927539 3.320040 4.190682 1
-2.284206 6.549120 10.523528 1
-0.713515 16.190880 4.670620 1
-0.107206 17.919120 10.523528 1
1.463485 4.820880 4.670620 1
0.450919 6.731040 9.060301 1
2.021609 16.008960 3.207393 1
-1.726081 18.101040 9.060301 1
-0.155391 4.638960 3.207393 1
1.700178 6.321720 2.458221 1
0.129487 16.418280 8.311129 1
-0.476822 17.691720 2.458221 1
-2.047513 5.048280 8.311129 1
1.818241 7.504200 3.429804 1
0.247550 15.235800 9.282712 1
-0.358759 18.874200 3.429804 1
-1.929450 3.865800 9.282712 1
-0.751603 6.731040 4.260917 1
-2.322294 16.008960 10.113825 1
1.425397 18.101040 4.260917 1
-0.145294 4.638960 10.113825 1
