-1.898184 2.004352 3.981227 6
2.150046 14.637352 4.026068 6
6.231146 23.261648 4.026068 6
2.182916 10.628648 3.981227 6
-0.425502 3.053396 5.532240 6
0.677364 15.686396 2.475055 6
4.758464 22.212604 2.475055 6
3.655598 9.579604 5.532240 6
-0.806843 1.372449 3.399096 6
1.058705 14.005449 4.608198 6
5.139805 23.893551 4.608198 6
3.274257 11.260551 3.399096 6
0.642964 2.420230 4.936497 6
-0.391102 15.053230 3.070797 6
3.689998 22.845770 3.070797 6
4.724064 10.212770 4.936497 6
0.460068 1.584178 3.883538 6
-0.208206 14.217178 4.123757 6
3.872894 23.681822 4.123757 6
4.541168 11.048822 3.883538 6
3.804508 4.097387 7.502835 6
4.609553 16.730387 0.504460 6
0.528453 21.168613 0.504460 6
-0.276592 8.535613 7.502835 6
4.489067 4.211337 4.784438 7
3.924995 16.844337 3.222856 7
-0.156105 21.054663 3.222856 7
0.407967 8.421663 4.784438 7
-3.205861 3.406109 7.014390 6
3.457722 16.039109 0.992904 6
7.538822 21.859891 0.992904 6
0.875239 9.226891 7.014390 6
5.257857 3.507173 5.675570 6
3.156205 16.140173 2.331724 6
-0.924895 21.758827 2.331724 6
1.176757 9.125827 5.675570 6
3.043163 4.867748 6.587601 6
5.370899 17.500748 1.419693 6
1.289799 20.398252 1.419693 6
-1.037937 7.765252 6.587601 6
-2.361644 2.584964 7.930424 6
2.613506 15.217964 0.076870 6
6.694606 22.681036 0.076870 6
1.719456 10.048036 7.930424 6
7.212648 4.031190 0.847172 6
1.201414 16.664190 7.160123 6
-2.879686 21.234810 7.160123 6
3.131548 8.601810 0.847172 6
6.106858 4.712362 1.268355 6
2.307204 17.345362 6.738939 6
-1.773896 20.553638 6.738939 6
2.025758 7.920638 1.268355 6
-1.719762 2.846720 5.060610 6
1.971624 15.479720 2.946684 6
6.052724 22.419280 2.946684 6
2.361338 9.786280 5.060610 6
3.440037 4.876085 5.218354 6
4.974025 17.509085 2.788941 6
0.892925 20.389915 2.788941 6
-0.641063 7.756915 5.218354 6
1.917683 5.584039 7.070441 6
6.496379 18.217039 0.936853 6
2.415279 19.681961 0.936853 6
-2.163417 7.048961 7.070441 6
5.374685 5.501166 0.372339 6
3.039377 18.134166 7.634955 6
-1.041723 19.764834 7.634955 6
1.293585 7.131834 0.372339 6
-2.353723 1.211252 7.831935 6
2.605585 13.844252 0.175360 6
6.686685 24.054748 0.175360 6
1.727377 11.421748 7.831935 6
2.302087 3.195138 0.854378 6
-2.050225 15.828138 7.152916 6
2.030875 22.070862 7.152916 6
6.383187 9.437862 0.854378 6
2.680426 5.654278 4.176605 6
5.733636 18.287278 3.830690 6
1.652536 19.611722 3.830690 6
-1.400674 6.978722 4.176605 6
2.345288 0.460094 0.618964 6
-2.093426 13.093094 7.388330 6
1.987674 24.805906 7.388330 6
6.426388 12.172906 0.618964 6
3.156916 2.446254 1.640695 6
-2.905054 15.079254 6.366600 6
1.176046 22.819746 6.366600 6
7.238016 10.186746 1.640695 6
3.188296 1.083153 1.496563 6
-2.936434 13.716153 6.510731 6
1.144666 24.182847 6.510731 6
7.269396 11.549847 1.496563 6
-0.442886 3.476602 1.489357 1
0.694748 16.109602 6.517938 1
4.775848 21.789398 6.517938 1
3.638214 9.156398 1.489357 1
4.660612 6.041101 0.648591 1
3.753450 18.674101 7.358703 1
-0.327650 19.224899 7.358703 1
0.579512 6.591899 0.648591 1
5.773884 4.669157 2.177984 1
2.640178 17.302157 5.829310 1
-1.440922 20.596843 5.829310 1
1.692784 7.963843 2.177984 1
1.468142 6.132058 6.453879 1
6.945920 18.765058 1.553415 1
2.864820 19.133942 1.553415 1
-2.612958 6.500942 6.453879 1
-2.948420 0.798406 7.206565 1
3.200282 13.431406 0.800729 1
7.281382 24.467594 0.800729 1
1.132680 11.834594 7.206565 1
2.269390 24.846584 0.528481 1
-2.017528 12.213584 7.478813 1
2.063572 0.419416 7.478813 1
6.350490 13.052416 0.528481 1
-0.341245 3.711575 6.277719 1
0.593107 16.344575 1.729576 1
4.674207 21.554425 1.729576 1
3.739855 8.921425 6.277719 1
3.111286 5.530727 3.290998 1
5.302776 18.163727 4.716296 1
1.221676 19.735273 4.716296 1
-0.969814 7.102273 3.290998 1
3.814756 0.560905 2.041860 1
4.599306 13.193905 5.965434 1
0.518206 24.705095 5.965434 1
-0.266344 12.072095 2.041860 1
2.275836 4.201736 0.992904 1
-2.023974 16.834736 7.014390 1
2.057126 21.064264 7.014390 1
6.356936 8.431264 0.992904 1
3.805987 2.892957 2.282079 1
4.608075 15.525957 5.725215 1
0.526975 22.373043 5.725215 1
-0.275113 9.740043 2.282079 1
1.790213 5.283121 4.107742 1
-1.538351 17.916121 3.899552 1
2.542749 19.982879 3.899552 1
5.871313 7.349879 4.107742 1
2.515739 6.594426 4.468070 1
5.898323 19.227426 3.539224 1
1.817223 18.671574 3.539224 1
-1.565361 6.038574 4.468070 1
-0.959632 0.742820 2.706465 1
1.211494 13.375820 5.300829 1
5.292594 24.523180 5.300829 1
3.121468 11.890180 2.706465 1
5.326162 1.758514 3.643319 1
3.087900 14.391514 4.363975 1
-0.993200 23.507486 4.363975 1
1.245062 10.874486 3.643319 1
1.240528 1.149603 3.499188 1
-0.988666 13.782603 4.508107 1
3.092434 24.116397 4.508107 1
5.321628 11.483397 3.499188 1
1.610938 2.655457 5.284814 1
6.803124 15.288457 2.722480 1
2.722024 22.610543 2.722480 1
-2.470162 9.977543 5.284814 1
