0.482643 4.597172 6.158057 35
17.307357 3.382228 17.594057 35
9.377643 7.371928 6.158057 35
8.412357 0.607472 17.594057 35
5.683193 5.974576 6.175211 35
12.106807 2.004824 17.611211 35
14.578193 5.994524 6.175211 35
3.211807 1.984876 17.611211 35
0.863882 2.670705 20.529450 17
16.926118 5.308695 9.093450 17
9.758882 1.318995 20.529450 17
8.031118 6.660405 9.093450 17
3.517261 4.963745 22.076512 17
14.272739 3.015655 10.640512 17
12.412261 7.005355 22.076512 17
5.377739 0.974045 10.640512 17
1.869729 0.301621 2.137617 8
15.920271 7.677779 13.573617 8
10.764729 3.688079 2.137617 8
7.025271 4.291321 13.573617 8
4.609389 7.058577 0.319979 8
13.180611 0.920823 11.755979 8
13.504389 4.910523 0.319979 8
4.285611 3.068877 11.755979 8
3.118587 1.236807 0.395457 8
14.671413 6.742593 11.831457 8
12.013587 2.752893 0.395457 8
5.776413 5.226507 11.831457 8
3.743016 1.934207 21.098048 8
14.046984 6.045193 9.662048 8
12.638016 2.055493 21.098048 8
5.151984 5.923907 9.662048 8
1.341366 7.476698 19.674494 8
16.448634 0.502702 8.238494 8
10.236366 4.492402 19.674494 8
7.553634 3.486998 8.238494 8
3.417459 6.665193 19.564938 8
14.372541 1.314207 8.128938 8
12.312459 5.303907 19.564938 8
5.477541 2.675493 8.128938 8
0.763191 5.439557 1.013230 8
17.026809 2.539843 12.449230 8
9.658191 6.529543 1.013230 8
8.131809 1.449857 12.449230 8
0.053370 6.448153 22.001949 8
17.736630 1.531247 10.565949 8
8.948370 5.520947 22.001949 8
8.841630 2.458453 10.565949 8
16.555374 2.463241 0.146381 8
1.234626 5.516159 11.582381 8
7.660374 1.526459 0.146381 8
10.129626 6.452941 11.582381 8
16.836456 0.508288 1.253386 8
0.953544 7.471112 12.689386 8
7.941456 3.481412 1.253386 8
9.848544 4.497988 12.689386 8
2.076093 7.169491 0.016010 6
15.713907 0.809909 11.452010 6
10.971093 4.799609 0.016010 6
6.818907 3.179791 11.452010 6
2.768124 7.609156 21.588881 6
15.021876 0.370244 10.152881 6
11.663124 4.359944 21.588881 6
6.126876 3.619456 10.152881 6
2.874864 1.204091 21.840473 6
14.915136 6.775309 10.404473 6
11.769864 2.785609 21.840473 6
6.020136 5.193791 10.404473 6
1.458780 1.752276 21.817601 6
16.331220 6.227124 10.381601 6
10.353780 2.237424 21.817601 6
7.436220 5.741976 10.381601 6
0.848583 1.351710 0.068616 6
16.941417 6.627690 11.504616 6
9.743583 2.637990 0.068616 6
8.046417 5.341410 11.504616 6
1.931994 0.537812 0.786797 6
15.858006 7.441588 12.222797 6
10.826994 3.451888 0.786797 6
6.963006 4.527512 12.222797 6
3.451260 6.682748 22.570090 6
14.338740 1.296652 11.134090 6
12.346260 5.286352 22.570090 6
5.443740 2.693048 11.134090 6
4.785510 6.758552 1.687954 6
13.004490 1.220848 13.123954 6
13.680510 5.210548 1.687954 6
4.109490 2.768852 13.123954 6
5.940081 7.261254 2.236882 6
11.849919 0.718146 13.672882 6
14.835081 4.707846 2.236882 6
2.954919 3.271554 13.672882 6
6.530709 7.752785 1.713113 1
11.259291 0.226615 13.149113 1
15.425709 4.216315 1.713113 1
2.364291 3.763085 13.149113 1
6.215826 7.033043 3.570319 6
11.574174 0.946357 15.006319 6
15.110826 4.936057 3.570319 6
2.679174 3.043343 15.006319 6
6.987912 7.367380 3.963718 1
10.802088 0.612020 15.399718 1
15.882912 4.601720 3.963718 1
1.907088 3.377680 15.399718 1
5.312094 6.296545 4.299936 6
12.477906 1.682855 15.735936 6
14.207094 5.672555 4.299936 6
3.582906 2.306845 15.735936 6
4.191324 5.775490 3.773880 6
13.598676 2.203910 15.209880 6
13.086324 6.193610 3.773880 6
4.703676 1.785790 15.209880 6
3.609591 5.277575 4.302223 1
14.180409 2.701825 15.738223 1
12.504591 6.691525 4.302223 1
5.285409 1.287875 15.738223 1
3.913800 5.995721 2.417570 6
13.876200 1.983679 13.853570 6
12.808800 5.973379 2.417570 6
4.981200 2.006021 13.853570 6
3.154167 5.631861 2.021885 1
14.635833 2.347539 13.457885 1
12.049167 6.337239 2.021885 1
5.740833 1.642161 13.457885 1
1.554846 1.351710 3.003094 6
16.235154 6.627690 14.439094 6
10.449846 2.637990 3.003094 6
7.340154 5.341410 14.439094 6
1.576194 2.683472 2.660014 6
16.213806 5.295928 14.096014 6
10.471194 1.306228 2.660014 6
7.318806 6.673172 14.096014 6
1.818138 2.942803 1.800026 1
15.971862 5.036597 13.236026 1
10.713138 1.046897 1.800026 1
7.076862 6.932503 13.236026 1
1.238184 3.631425 3.600053 6
16.551816 4.347975 15.036053 6
10.133184 0.358275 3.600053 6
7.656816 7.621125 15.036053 6
1.232847 4.532299 3.371333 1
16.557153 3.447101 14.807333 1
10.127847 7.436801 3.371333 1
7.662153 0.542599 14.807333 1
0.914406 3.253999 4.860300 6
16.875594 4.725401 16.296300 6
9.809406 0.735701 4.860300 6
7.980594 7.243699 16.296300 6
0.873489 1.905481 5.217103 6
16.916511 6.073919 16.653103 6
9.768489 2.084219 5.217103 6
8.021511 5.895181 16.653103 6
0.620871 1.651736 6.074803 1
17.169129 6.327664 17.510803 1
9.515871 2.337964 6.074803 1
8.274129 5.641436 17.510803 1
1.209720 0.961518 4.283926 6
16.580280 7.017882 15.719926 6
10.104720 3.028182 4.283926 6
7.685280 4.951218 15.719926 6
1.204383 0.059845 4.510358 1
16.585617 7.919555 15.946358 1
10.099383 3.929854 4.510358 1
7.690617 4.049545 15.946358 1
17.238510 1.528055 0.478025 6
0.551490 6.451345 11.914025 6
8.343510 2.461645 0.478025 6
9.446490 5.517755 11.914025 6
15.459510 0.550579 1.770293 6
2.330490 7.428821 13.206293 6
6.564510 3.439121 1.770293 6
11.225490 4.540279 13.206293 6
15.068130 7.642669 1.740559 1
2.721870 0.336731 13.176559 1
6.173130 4.326431 1.740559 1
11.616870 3.652969 13.176559 1
14.918694 1.140256 1.221365 1
2.871306 6.839144 12.657365 1
6.023694 2.849444 1.221365 1
11.766306 5.129956 12.657365 1
15.480858 1.048493 3.181495 6
2.309142 6.930907 14.617495 6
6.585858 2.941207 3.181495 6
11.204142 5.038193 14.617495 6
14.582463 1.092380 3.520001 1
3.207537 6.887020 14.956001 1
5.687463 2.897320 3.520001 1
12.102537 5.082080 14.956001 1
15.874017 1.923833 3.206654 1
1.915983 6.055567 14.642654 1
6.979017 2.065867 3.206654 1
10.810983 5.913533 14.642654 1
15.998547 0.450038 3.725849 1
1.791453 7.529362 15.161849 1
7.103547 3.539662 3.725849 1
10.686453 4.439738 15.161849 1
2.394534 7.235720 20.163955 6
15.395466 0.743680 8.727955 6
11.289534 4.733380 20.163955 6
6.500466 3.246020 8.727955 6
3.179073 6.164884 18.210686 6
14.610927 1.814516 6.774686 6
12.074073 5.804216 18.210686 6
5.715927 2.175184 6.774686 6
2.743218 6.844729 17.673194 1
15.046782 1.134671 6.237194 1
11.638218 5.124371 17.673194 1
6.151782 2.855029 6.237194 1
2.608014 5.380509 18.238133 1
15.181986 2.598891 6.802133 1
11.503014 6.588591 18.238133 1
6.286986 1.390809 6.802133 1
4.511544 5.816185 17.622876 6
13.278456 2.163215 6.186876 6
13.406544 6.152915 17.622876 6
4.383456 1.826485 6.186876 6
4.390572 5.475464 16.735442 1
13.399428 2.503936 5.299442 1
13.285572 6.493636 16.735442 1
4.504428 1.485764 5.299442 1
4.936725 5.149107 18.167230 1
12.853275 2.830293 6.731230 1
13.831725 6.819993 18.167230 1
3.958275 1.159407 6.731230 1
5.063034 6.602156 17.593142 1
12.726966 1.377244 6.157142 1
13.958034 5.366944 17.593142 1
3.831966 2.612456 6.157142 1
0.884163 6.217548 0.132658 6
16.905837 1.761852 11.568658 6
9.779163 5.751552 0.132658 6
8.010837 2.227848 11.568658 6
16.576722 5.678141 21.996002 6
1.213278 2.301259 10.560002 6
7.681722 6.290959 21.996002 6
10.108278 1.688441 10.560002 6
15.946956 6.050779 22.631844 1
1.843044 1.928621 11.195844 1
7.051956 5.918321 22.631844 1
10.738044 2.061079 11.195844 1
16.740390 4.750137 22.224722 1
1.049610 3.229263 10.788722 1
7.845390 7.218963 22.224722 1
9.944610 0.760437 10.788722 1
16.050138 5.789853 20.605385 6
1.739862 2.189547 9.169385 6
7.155138 6.179247 20.605385 6
10.634862 1.800153 9.169385 6
15.224682 5.304705 20.536769 1
2.565318 2.674695 9.100769 1
6.329682 6.664395 20.536769 1
11.460318 1.315005 9.100769 1
16.688799 5.422800 19.990128 1
1.101201 2.556600 8.554128 1
7.793799 6.546300 19.990128 1
9.996201 1.433100 8.554128 1
15.897144 6.713867 20.394962 1
1.892856 1.265533 8.958962 1
7.002144 5.255233 20.394962 1
10.787856 2.724167 8.958962 1
5.089719 1.426717 20.998783 6
12.700281 6.552683 9.562783 6
13.984719 2.562983 20.998783 6
3.805281 5.416417 9.562783 6
5.103951 0.617606 20.463578 1
12.686049 7.361794 9.027578 1
13.998951 3.372094 20.463578 1
3.791049 4.607306 9.027578 1
5.434845 1.218454 21.881642 1
12.355155 6.760946 10.445642 1
14.329845 2.771246 21.881642 1
3.460155 5.208154 10.445642 1
5.920512 2.491169 20.353793 6
11.869488 5.488231 8.917793 6
14.815512 1.498531 20.353793 6
2.974488 6.480869 8.917793 6
6.827802 2.186356 20.276028 1
10.962198 5.793044 8.840028 1
15.722802 1.803344 20.276028 1
2.067198 6.176056 8.840028 1
5.895606 3.286715 20.888998 1
11.894394 4.692685 9.452998 1
14.790606 0.702985 20.888998 1
2.999394 7.276415 9.452998 1
5.571828 2.683472 19.480082 1
12.218172 5.295928 8.044082 1
14.466828 1.306228 19.480082 1
3.323172 6.673172 8.044082 1
