4.328172 1.475212 1.884774 51
-1.320127 4.010151 8.697960 51
4.077910 2.151299 3.624904 9
-1.069864 3.334064 6.957831 9
2.624170 2.069093 1.355225 9
0.383875 3.416270 9.227510 9
6.029499 0.838772 2.338784 9
-3.021454 4.646591 8.243950 9
5.029851 3.118328 1.342737 9
-2.021806 2.367035 9.239997 9
3.587728 -0.187003 2.369474 9
-0.579683 5.672366 8.213261 9
4.603910 0.827426 0.121596 9
-1.595864 4.657937 10.461139 9
1.782253 0.703958 9.402337 9
1.225793 4.781405 1.180398 9
5.189737 -0.107470 6.159046 9
-2.181692 5.592833 4.423689 9
4.750665 -0.627800 8.601753 8
-1.742620 6.113163 1.980982 8
4.413935 -1.052044 9.244019 1
-1.405890 6.537407 1.338716 1
-0.454240 -0.465984 10.125984 8
3.462285 5.951347 0.456751 8
0.372038 -0.337833 10.203873 1
2.636008 5.823196 0.378862 1
0.057151 0.234112 7.853448 6
2.950894 5.251251 2.729287 6
1.354994 0.701401 8.118016 6
1.653051 4.783962 2.464719 6
2.223367 1.154946 7.158162 6
0.784678 4.330417 3.424573 6
3.091075 1.466241 7.387807 1
-0.083030 4.019122 3.194928 1
1.788800 1.140518 5.842728 6
1.219245 4.344845 4.740007 6
2.379870 1.432529 5.158025 1
0.628175 4.052834 5.424710 1
0.524992 0.716400 5.498789 6
2.483053 4.768963 5.083946 6
0.243424 0.719868 4.591849 1
2.764622 4.765495 5.990886 1
-0.330927 0.282981 6.502032 6
3.338972 5.202382 4.080703 6
-0.803013 -0.289086 8.894789 6
3.811058 5.774449 1.687946 6
