1.160809 1.114248 6.978703 8
3.921541 9.080152 40.666202 8
9.003891 6.211448 26.708797 8
6.243159 3.982952 60.396298 8
4.300685 8.078043 6.044885 8
0.781665 2.116357 39.732385 8
5.864015 2.980843 27.642615 8
9.383035 7.213557 61.330115 8
5.619046 1.082645 7.200366 8
9.628004 9.111755 40.887866 8
4.545654 6.179845 26.487134 8
0.536696 4.014555 60.174634 8
4.549720 10.117942 10.304332 8
0.532630 0.076458 43.991833 8
5.614980 5.020742 23.383168 8
9.632070 5.173658 57.070667 8
1.072376 6.571310 8.878678 8
4.009974 3.623090 42.566178 8
9.092324 1.474110 24.808822 8
6.154726 8.720290 58.496322 8
1.947557 7.779347 4.574089 8
3.134793 2.415053 38.261589 8
8.217143 2.682147 29.113411 8
7.029907 7.512253 62.800911 8
1.831679 7.737550 3.746050 1
3.250671 2.456850 37.433550 1
8.333021 2.640350 29.941450 1
6.914029 7.554050 63.628950 1
8.494640 7.735511 5.327341 8
6.752410 2.458889 39.014841 8
1.670060 2.638311 28.360159 8
3.412290 7.556089 62.047659 8
8.724362 9.921190 7.628871 8
6.522688 0.273210 41.316371 8
1.440338 4.823990 26.058629 8
3.642012 5.370410 59.746129 8
1.667011 10.004784 6.562999 6
3.415339 0.189616 40.250499 6
8.497689 4.907584 27.124501 6
6.749361 5.286816 60.812001 6
1.631434 9.904879 5.571912 1
3.450916 0.289521 39.259412 1
8.533266 4.807679 28.115588 1
6.713784 5.386721 61.803088 1
3.061608 9.867160 7.065616 6
2.020742 0.327240 40.753116 6
7.103092 4.769960 26.621884 6
8.143958 5.424440 60.309384 6
4.219367 9.510356 6.202542 6
0.862983 0.684044 39.890042 6
5.945333 4.413156 27.484957 6
9.301717 5.781244 61.172458 6
4.106539 9.935462 5.302412 1
0.975811 0.258938 38.989913 1
6.058161 4.838262 28.385088 1
9.188889 5.356138 62.072587 1
5.551959 9.919151 6.783989 6
9.695091 0.275249 40.471489 6
4.612741 4.821951 26.903511 6
0.469609 5.372449 60.591011 6
6.366152 9.549094 6.333250 1
8.880898 0.645306 40.020750 1
3.798548 4.451894 27.354250 1
1.283802 5.742506 61.041750 1
5.675968 0.043836 8.218402 6
9.571082 10.150564 41.905902 6
4.488732 5.141036 25.469098 6
0.593618 5.053364 59.156598 6
6.559281 10.066970 8.657687 1
8.687769 0.127430 42.345188 1
3.605419 4.969770 25.029812 1
1.476931 5.224630 58.717312 1
4.450106 10.154642 9.077434 6
0.632244 0.039758 42.764934 6
5.714594 5.057442 24.610066 6
9.532456 5.136958 58.297566 6
3.151057 10.130175 8.360564 6
1.931293 0.064225 42.048064 6
7.013643 5.032975 25.326936 6
8.233407 5.161425 59.014436 6
1.809317 0.093788 9.064633 6
3.273033 10.100612 42.752133 6
8.355383 5.190988 24.622868 6
6.891667 5.003412 58.310367 6
1.923161 0.237530 10.045613 1
3.159189 9.956870 43.733112 1
8.241539 5.334730 23.641887 1
7.005511 4.859670 57.329388 1
1.125232 1.309980 8.384145 6
3.957118 8.884420 42.071645 6
9.039468 6.407180 25.303355 6
6.207582 3.787220 58.990855 6
0.167718 1.336486 8.671163 1
4.914632 8.857914 42.358663 1
9.996982 6.433686 25.016337 1
5.250068 3.760714 58.703837 1
1.755444 2.628116 8.722367 6
3.326906 7.566284 42.409868 6
8.409256 7.725316 24.965132 6
6.837794 2.469084 58.652632 6
1.280752 3.346822 8.253438 1
3.801598 6.847578 41.940938 1
8.883948 8.444022 25.434062 1
6.363102 1.750378 59.121562 1
2.694662 2.622000 8.442087 1
2.387688 7.572400 42.129587 1
7.470038 7.719200 25.245413 1
7.777012 2.475200 58.932913 1
1.703604 2.775935 9.688525 1
3.378746 7.418465 43.376025 1
8.461096 7.873135 23.998975 1
6.785954 2.321265 57.686475 1
0.976828 6.486697 7.501532 6
4.105522 3.707703 41.189032 6
9.187872 1.389497 26.185968 6
6.059178 8.804903 59.873468 6
0.953449 5.624250 7.101325 1
4.128901 4.570150 40.788825 1
9.211251 0.527050 26.586175 1
6.035799 9.667350 60.273675 1
0.915839 7.540798 6.709876 6
4.166511 2.653602 40.397376 6
9.248861 2.443598 26.977624 6
5.998189 7.750802 60.665124 6
0.769468 7.278802 5.253902 6
4.312882 2.915598 38.941402 6
9.395232 2.181602 28.433598 6
5.851818 8.012798 62.121098 6
0.669854 6.298100 5.086812 1
4.412496 3.896300 38.774313 1
9.494846 1.200900 28.600687 1
5.752204 8.993500 62.288187 1
9.741848 8.033187 4.664371 6
5.505202 2.161213 38.351871 6
0.422852 2.935987 29.023129 6
4.659498 7.258413 62.710629 6
9.717453 8.147364 3.671937 1
5.529597 2.047036 37.359437 1
0.447247 3.050164 30.015563 1
4.635103 7.144236 63.703063 1
9.047599 9.062822 5.487020 6
6.199451 1.131578 39.174520 6
1.117101 3.965622 28.200480 6
3.965249 6.228778 61.887980 6
8.593237 9.805993 4.992488 1
6.653813 0.388407 38.679988 1
1.571463 4.708793 28.695013 1
3.510887 5.485607 62.382512 1
9.485698 9.346226 6.898526 6
5.761352 0.848174 40.586026 6
0.679002 4.249026 26.788974 6
4.403348 5.945374 60.476474 6
0.737957 8.942528 7.272457 6
4.344393 1.251872 40.959958 6
9.426743 3.845328 26.415043 6
5.820307 6.349072 60.102542 6
0.979877 9.034277 8.770877 6
4.102473 1.160123 42.458377 6
9.184823 3.937077 24.916623 6
6.062227 6.257323 58.604123 6
0.092499 9.138260 9.223637 1
4.989851 1.056140 42.911138 1
10.072201 4.041060 24.463862 1
5.174849 6.153340 58.151362 1
1.676159 7.789541 9.370515 6
3.406191 2.404859 43.058015 6
8.488541 2.692341 24.316985 6
6.758509 7.502059 58.004485 6
2.635707 7.799735 9.088888 1
2.446643 2.394665 42.776387 1
7.528993 2.702535 24.598612 1
7.718057 7.491865 58.286113 1
1.621270 7.748763 10.907339 6
3.461080 2.445637 44.594839 6
8.543430 2.651563 22.780161 6
6.703620 7.542837 56.467661 6
2.064451 6.936270 11.231412 1
3.017899 3.258130 44.918912 1
8.100249 1.839070 22.456088 1
7.146801 8.355330 56.143588 1
0.686117 7.748763 11.197725 1
4.396233 2.445637 44.885225 1
9.478583 2.651563 22.489775 1
5.768467 7.542837 56.177275 1
2.077665 8.535771 11.271838 1
3.004685 1.658629 44.959338 1
8.087035 3.438571 22.415662 1
7.160015 6.755829 56.103162 1
5.104712 0.892010 15.410010 8
10.142338 9.302390 49.097510 8
5.059988 5.989210 18.277490 8
0.022362 4.205190 51.964990 8
8.275082 7.951632 16.566165 8
6.971968 2.242768 50.253665 8
1.889618 2.854432 17.121335 8
3.192732 7.339968 50.808835 8
5.154519 6.669176 15.175545 8
10.092531 3.525224 48.863045 8
5.010181 1.571976 18.511955 8
0.072169 8.622424 52.199455 8
6.659911 7.659053 12.196896 8
8.587139 2.535347 45.884396 8
3.504789 2.561853 21.490604 8
1.577561 7.632547 55.178104 8
9.913632 1.072451 13.634679 8
5.333418 9.121949 47.322179 8
0.251068 6.169651 20.052821 8
4.831282 4.024749 53.740321 8
8.541397 0.132527 17.868524 8
6.705653 10.061873 51.556024 8
1.623303 5.229727 15.818976 8
3.459047 4.964673 49.506476 8
8.635929 3.763772 17.158391 8
6.611121 6.430628 50.845891 8
1.528771 8.860972 16.529109 8
3.553579 1.333428 50.216609 8
6.516589 3.517068 14.786791 8
8.730461 6.677332 48.474291 8
3.648111 8.614268 18.900709 8
1.434239 1.580132 52.588209 8
6.403761 0.427145 15.890394 6
8.843289 9.767255 49.577894 6
3.760939 5.524345 17.797106 6
1.321411 4.670055 51.484606 6
6.470848 0.472001 16.884175 1
8.776202 9.722399 50.571675 1
3.693852 5.569201 16.803325 1
1.388498 4.625199 50.490825 1
6.568429 9.184135 15.366890 6
8.678621 1.010265 49.054390 6
3.596271 4.086935 18.320610 6
1.486079 6.107465 52.008110 6
6.870321 8.044401 16.320920 6
8.376729 2.149999 50.008420 6
3.294379 2.947201 17.366580 6
1.787971 7.247199 51.054080 6
6.375300 8.169792 17.180625 1
8.871750 2.024608 50.868125 1
3.789400 3.072592 16.506875 1
1.292950 7.121808 50.194375 1
6.486095 6.737479 15.684226 6
8.760955 3.456921 49.371726 6
3.678605 1.640279 18.003274 6
1.403745 8.554121 51.690774 6
6.815431 5.915810 16.149787 1
8.431619 4.278590 49.837288 1
3.349269 0.818610 17.537713 1
1.733081 9.375790 51.225212 1
6.264505 6.608010 14.274067 6
8.982545 3.586390 47.961567 6
3.900195 1.510810 19.413432 6
1.182155 8.683590 53.100933 6
6.462716 5.712942 13.872512 1
8.784334 4.481458 47.560012 1
3.701984 0.615742 19.814988 1
1.380366 9.578658 53.502488 1
6.469832 7.800755 13.382696 6
8.777218 2.393645 47.070196 6
3.694868 2.703555 20.304804 6
1.387482 7.490845 53.992304 6
6.401728 9.083210 14.027475 6
8.845322 1.111190 47.714975 6
3.762972 3.986010 19.660025 6
1.319378 6.208390 53.347525 6
6.197418 0.194713 13.332165 6
9.049632 9.999687 47.019665 6
3.967282 5.291913 20.355335 6
1.115068 4.902487 54.042835 6
6.091705 0.071361 12.343100 1
9.155345 10.123039 46.030600 1
4.072995 5.168561 21.344400 1
1.009355 5.025839 55.031900 1
4.965456 0.856330 13.947973 6
0.116894 9.338070 47.635472 6
5.199244 5.953530 19.739528 6
10.047806 4.240870 53.427028 6
4.920731 1.799312 13.616487 1
0.161619 8.395088 47.303987 1
5.243969 6.896512 20.071012 1
10.003081 3.297888 53.758513 1
3.663358 0.181460 13.617835 6
1.418992 10.012940 47.305335 6
6.501342 5.278660 20.069665 6
8.745708 4.915740 53.757165 6
2.928450 0.658558 14.054425 1
2.153900 9.535842 47.741925 1
7.236250 5.755758 19.633075 1
8.010800 4.438642 53.320575 1
3.686737 9.449189 13.933150 1
1.395613 0.745211 47.620650 1
6.477963 4.351989 19.754350 1
8.769087 5.842411 53.441850 1
3.526134 0.192674 12.646287 1
1.556216 10.001726 46.333787 1
6.638566 5.289874 21.041213 1
8.608484 4.904526 54.728713 1
9.930912 1.150948 14.955903 6
5.316138 9.043452 48.643403 6
0.233788 6.248148 18.731597 6
4.848562 3.946252 52.419097 6
0.621063 1.189686 15.368237 1
4.461287 9.004714 49.055737 1
9.543637 6.286886 18.319263 1
5.703413 3.907514 52.006763 1
8.881915 1.181531 15.765750 6
6.365135 9.012869 49.453250 6
1.282785 6.278731 17.921750 6
3.799565 3.915669 51.609250 6
9.051665 1.329350 17.254064 6
6.195385 8.865050 50.941564 6
1.113035 6.426550 16.433436 6
3.969315 3.767850 50.120936 6
10.024427 1.422119 17.470337 1
5.222623 8.772281 51.157837 1
0.140273 6.519319 16.217163 1
4.942077 3.675081 49.904663 1
8.313708 2.496609 17.804517 6
6.933342 7.697791 51.492017 6
1.850992 7.593809 15.882983 6
3.231358 2.600591 49.570483 6
8.194781 2.521075 18.797625 1
7.052269 7.673325 52.485125 1
1.969919 7.618275 14.889875 1
3.112431 2.576125 48.577375 1
7.280975 3.192886 16.998039 6
7.966075 7.001514 50.685539 6
2.883725 8.290086 16.689461 6
2.198625 1.904314 50.376961 6
6.524721 3.633284 17.483812 1
8.722329 6.561116 51.171313 1
3.639979 8.730484 16.203688 1
1.442371 1.463916 49.891187 1
7.054302 2.756566 15.590575 6
8.192748 7.437834 49.278075 6
3.110398 7.853766 18.096925 6
1.971952 2.340634 51.784425 6
7.504598 1.337505 15.177566 6
7.742452 8.856895 48.865066 6
2.660102 6.434705 18.509934 6
2.422248 3.759695 52.197434 6
7.433445 1.071431 13.662976 6
7.813605 9.122969 47.350476 6
2.731255 6.168631 20.024524 6
2.351095 4.025769 53.712024 6
7.323666 1.950189 13.198762 1
7.923384 8.244211 46.886263 1
2.841034 7.047389 20.488738 1
2.241316 3.147011 54.176237 1
8.710131 0.412873 13.136777 6
6.536919 9.781527 46.824277 6
1.454569 5.510073 20.550723 6
3.627781 4.684327 54.238223 6
8.723346 9.646961 13.414362 1
6.523704 0.547439 47.101863 1
1.441354 4.549761 20.273138 1
3.640996 5.644639 53.960637 1
8.823976 0.494428 11.632968 6
6.423074 9.699972 45.320467 6
1.340724 5.591628 22.054532 6
3.741626 4.602772 55.742033 6
9.653416 0.060147 11.345950 1
5.593634 10.134253 45.033450 1
0.511284 5.157347 22.341550 1
4.571066 5.037053 56.029050 1
8.834141 1.434352 11.359425 1
6.412909 8.760048 45.046925 1
1.330559 6.531552 22.328075 1
3.751791 3.662848 56.015575 1
8.057558 0.041797 11.224675 1
7.189492 10.152603 44.912175 1
2.107142 5.138997 22.462825 1
2.975208 5.055403 56.150325 1
6.449502 0.903224 4.012855 8
8.797548 9.291176 37.700355 8
3.715198 6.000424 29.674645 8
1.367152 4.193976 63.362145 8
9.466385 4.170529 5.195286 8
5.780665 6.023871 38.882786 8
0.698315 9.267729 28.492214 8
4.384035 0.926671 62.179714 8
8.786367 4.415195 5.625813 1
6.460683 5.779205 39.313313 1
1.378333 9.512395 28.061687 1
3.704017 0.682005 61.749187 1
0.501120 1.135656 3.558747 8
4.581230 9.058744 37.246247 8
9.663580 6.232856 30.128753 8
5.583470 3.961544 63.816253 8
9.557867 2.627097 0.665665 8
5.689183 7.567303 34.353165 8
0.606833 7.724297 33.021835 8
4.475517 2.470103 66.709335 8
6.831695 5.302107 2.051569 8
8.415355 4.892293 35.739069 8
3.333005 0.204907 31.635931 8
1.749345 9.989493 65.323431 8
7.019742 4.430486 6.505730 8
8.227308 5.763914 40.193230 8
3.144958 9.527686 27.181770 8
1.937392 0.666714 60.869270 8
6.875403 4.626219 7.310187 1
8.371647 5.568181 40.997688 1
3.289297 9.723419 26.377313 1
1.793053 0.470981 60.064812 1
3.551546 4.988120 5.362376 8
1.530804 5.206280 39.049876 8
6.613154 10.085320 28.325124 8
8.633896 0.109080 62.012624 8
3.691819 2.020530 3.956260 8
1.390531 8.173870 37.643760 8
6.472881 7.117730 29.731240 8
8.774169 3.076670 63.418740 8
6.746311 2.256021 4.448097 6
8.500739 7.938379 38.135597 6
3.418389 7.353221 29.239403 6
1.663961 2.841179 62.926903 6
6.744278 2.316168 5.443900 1
8.502772 7.878232 39.131400 1
3.420422 7.413368 28.243600 1
1.661928 2.781032 61.931100 1
8.126678 2.550639 3.892254 6
7.120372 7.643761 37.579754 6
2.038022 7.647839 29.795246 6
3.044328 2.546561 63.482746 6
9.324079 2.803460 4.818660 6
5.922971 7.390940 38.506160 6
0.840621 7.900660 28.868840 6
4.241729 2.293740 62.556340 6
9.210235 2.252962 5.646025 1
6.036815 7.941438 39.333525 1
0.954465 7.350162 28.041475 1
4.127885 2.844238 61.728975 1
0.445214 2.444617 4.186009 6
4.637136 7.749783 37.873509 6
9.719486 7.541817 29.501491 6
5.527564 2.652583 63.188991 6
1.273637 2.749430 4.655612 1
3.808713 7.444970 38.343112 1
8.891063 7.846630 29.031887 1
6.355987 2.347770 62.719388 1
0.533647 2.308012 2.707127 6
4.548703 7.886388 36.394627 6
9.631053 7.405212 30.980373 6
5.615997 2.789188 64.667873 6
1.408827 2.536367 2.284012 1
3.673523 7.658033 35.971513 1
8.755873 7.633567 31.403488 1
6.491177 2.560833 65.090987 1
9.483665 2.491511 1.883805 6
5.763385 7.702889 35.571305 6
0.681035 7.588711 31.803695 6
4.401315 2.605689 65.491195 6
8.195798 2.442578 2.564966 6
7.051252 7.751822 36.252466 6
1.968902 7.539778 31.122534 6
3.113448 2.654622 64.810034 6
6.893700 2.057230 1.968024 6
8.353350 8.137170 35.655524 6
3.271000 7.154430 31.719476 6
1.811350 3.039970 65.406976 6
6.987215 1.966500 0.976938 1
8.259835 8.227900 34.664437 1
3.177485 7.063700 32.710563 1
1.904865 3.130700 66.398063 1
6.485079 0.731958 2.570356 6
8.761971 9.462442 36.257856 6
3.679621 5.829158 31.117144 6
1.402729 4.365242 64.804644 6
5.559074 0.520934 2.257062 1
9.687976 9.673466 35.944562 1
4.605626 5.618134 31.430438 1
0.476724 4.576266 65.117937 1
7.377539 9.750944 2.229439 6
7.869511 0.443456 35.916939 6
2.787161 4.653744 31.458061 6
2.295189 5.540656 65.145561 6
7.045154 8.946605 2.681525 1
8.201896 1.247795 36.369025 1
3.119546 3.849405 31.005975 1
1.962804 6.344995 64.693475 1
8.292362 9.937501 2.526562 1
6.954688 0.256899 36.214062 1
1.872338 4.840301 31.160938 1
3.210012 5.354099 64.848438 1
7.372457 9.607203 1.259912 1
7.874593 0.587197 34.947413 1
2.792243 4.510003 32.427588 1
2.290107 5.684397 66.115088 1
6.706669 5.501918 3.374140 6
8.540381 4.692482 37.061640 6
3.458031 0.404718 30.313360 6
1.624319 9.789682 64.000860 6
7.043121 6.319509 3.719100 1
8.203929 3.874891 37.406600 1
3.121579 1.222309 29.968400 1
1.960771 8.972091 63.655900 1
6.156759 4.662919 4.239235 6
9.090291 5.531481 37.926735 6
4.007941 9.760119 29.448265 6
1.074409 0.434281 63.135765 6
6.027667 5.079870 5.662869 6
9.219383 5.114530 39.350369 6
4.137033 10.177070 28.024631 6
0.945317 0.017330 61.712131 6
6.147611 6.070765 5.720137 1
9.099439 4.123635 39.407637 1
4.017089 0.973565 27.967363 1
1.065261 9.220835 61.654863 1
4.654416 4.708793 6.225450 6
0.427934 5.485607 39.912950 6
5.510284 9.805993 27.462050 6
9.736766 0.388407 61.149550 6
4.512110 4.877001 7.202387 1
0.570240 5.317399 40.889888 1
5.652590 9.974201 26.485112 1
9.594460 0.220199 60.172612 1
3.881899 3.610856 5.630529 6
1.200451 6.583544 39.318029 6
6.282801 8.708056 28.056971 6
8.964249 1.486344 61.744471 6
3.268968 3.099098 6.232188 1
1.813382 7.095302 39.919688 1
6.895732 8.196298 27.455312 1
8.351318 1.998102 61.142812 1
4.388101 2.911521 4.409694 6
0.694249 7.282879 38.097194 6
5.776599 8.008721 29.277806 6
9.470451 2.185679 62.965306 6
5.736957 3.265266 3.833638 6
9.510093 6.929134 37.521137 6
4.427743 8.362466 29.853862 6
0.654607 1.831934 63.541363 6
5.790830 3.083806 2.299509 6
9.456220 7.110594 35.987009 6
4.373870 8.181006 31.387991 6
0.708480 2.013394 65.075491 6
4.928863 2.643408 2.048200 1
0.153487 7.550992 35.735700 1
5.235837 7.740608 31.639300 1
10.011213 2.453792 65.326800 1
5.827423 4.370339 1.531434 6
9.419627 5.824061 35.218934 6
4.337277 9.467539 32.156066 6
0.745073 0.726861 65.843566 6
6.067309 4.156257 0.586162 1
9.179741 6.038143 34.273663 1
4.097391 9.253457 33.101337 1
0.984959 0.940943 66.788837 1
4.472468 5.069675 1.525370 6
0.609882 5.124725 35.212870 6
5.692232 10.166875 32.162130 6
9.554818 0.027525 65.849630 6
4.533456 5.895422 1.003888 1
0.548894 4.298978 34.691388 1
5.631244 0.798222 32.683612 1
9.615806 9.396178 66.371112 1
4.211235 5.283758 2.445712 1
0.871115 4.910642 36.133212 1
5.953465 0.186558 31.241788 1
9.293585 10.007842 64.929288 1
3.801598 4.478400 1.125163 1
1.280752 5.716000 34.812663 1
6.363102 9.575600 32.562337 1
8.883948 0.618800 66.249837 1
0.257167 5.684397 1.694481 6
4.825183 4.510003 35.381981 6
9.907533 0.587197 31.993019 6
5.339517 9.607203 65.680519 6
9.669679 5.232786 1.253175 1
5.577371 4.961614 34.940675 1
0.495021 0.135586 32.434325 1
4.587329 10.058814 66.121825 1
0.079285 5.756778 2.654575 1
5.003065 4.437622 36.342075 1
10.085415 0.659578 31.032925 1
5.161635 9.534822 64.720425 1
1.076442 5.166522 1.549625 1
4.005908 5.027878 35.237125 1
9.088258 0.069322 32.137875 1
6.158792 10.125078 65.825375 1
0.420819 7.024961 1.125163 6
4.661531 3.169439 34.812663 6
9.743881 1.927761 32.562337 6
5.503169 8.266639 66.249837 6
9.768277 7.564245 1.273388 1
5.478773 2.630155 34.960887 1
0.396423 2.467045 32.414113 1
4.685927 7.727355 66.101613 1
0.585487 6.966853 0.148225 1
4.496863 3.227547 33.835725 1
9.579213 1.869653 33.539275 1
5.667837 8.324747 67.226775 1
1.560281 7.637644 1.794870 8
3.522069 2.556756 35.482370 8
8.604419 2.540444 31.892630 8
6.642631 7.653956 65.580130 8
1.824564 8.909906 1.208034 6
3.257786 1.284494 34.895534 6
8.340136 3.812706 32.479466 6
6.906914 6.381694 66.166966 6
1.052046 9.511375 1.354237 1
4.030304 0.683025 35.041738 1
9.112654 4.414175 32.333262 1
6.134396 5.780225 66.020763 1
1.954672 8.806942 0.229075 1
3.127678 1.387458 33.916575 1
8.210028 3.709742 33.458425 1
7.037022 6.484658 67.145925 1
3.049410 9.507297 1.817778 6
2.032940 0.687103 35.505277 6
7.115290 4.410097 31.869722 6
8.131760 5.784303 65.557222 6
3.228309 0.183499 1.408137 1
1.854041 10.010901 35.095638 1
6.936391 5.280699 32.279363 1
8.310659 4.913701 65.966863 1
3.812779 8.911944 1.670900 1
1.269571 1.282456 35.358400 1
6.351921 3.814744 32.016600 1
8.895129 6.379656 65.704100 1
2.910154 9.624533 2.782588 1
2.172196 0.569867 36.470087 1
7.254546 4.527333 30.904912 1
7.992504 5.667067 64.592412 1
9.280371 5.185891 13.223691 6
5.966679 5.008509 46.911191 6
0.884329 0.088691 20.463809 6
4.198021 10.105709 54.151309 6
8.412306 4.952440 12.834938 1
6.834744 5.241960 46.522438 1
1.752394 10.049640 20.852563 1
3.329956 0.144760 54.540062 1
9.413529 6.155379 13.165075 1
5.833521 4.039021 46.852575 1
0.751171 1.058179 20.522425 1
4.331179 9.136221 54.209925 1
9.303750 4.906565 14.162225 1
5.943300 5.287835 47.849725 1
0.860950 10.003765 19.525275 1
4.221400 0.190635 53.212775 1
0.162635 4.517139 12.498062 6
4.919715 5.677261 46.185563 6
10.002065 9.614339 21.189438 6
5.244985 0.580061 54.876937 6
0.136207 4.779135 11.541338 1
4.946143 5.415265 45.228837 1
10.028493 9.876335 22.146162 1
5.218557 0.318065 55.833663 1
0.043708 3.536437 12.558700 1
5.038642 6.657963 46.246200 1
10.120992 8.633637 21.128800 1
5.126058 1.560763 54.816300 1
1.383416 4.889234 13.066034 8
3.698934 5.305166 46.753534 8
8.781284 9.986434 20.621466 8
6.465766 0.207966 54.308966 8
2.448676 4.162374 12.447531 6
2.633674 6.032026 46.135031 6
7.716024 9.259574 21.239969 6
7.531026 0.934826 54.927469 6
2.333815 3.189828 12.592388 1
2.748535 7.004572 46.279888 1
7.830885 8.287028 21.095112 1
7.416165 1.907372 54.782612 1
2.467989 4.337717 11.473963 1
2.614361 5.856683 45.161462 1
7.696711 9.434917 22.213538 1
7.550339 0.759483 55.901038 1
3.651160 4.616024 13.058623 6
1.431190 5.578376 46.746122 6
6.513540 9.713224 20.628878 6
8.733510 0.481176 54.316378 6
4.415546 4.150140 12.659763 1
0.666804 6.044260 46.347262 1
5.749154 9.247340 21.027738 1
9.497896 0.947060 54.715238 1
3.618633 4.430486 14.020738 1
1.463717 5.763914 47.708237 1
6.546067 9.527686 19.666763 1
8.700983 0.666714 53.354263 1
3.745692 5.581434 12.915788 1
1.336658 4.612966 46.603288 1
6.419008 0.484234 20.771712 1
8.828042 9.710166 54.459212 1
7.358226 7.095302 8.987825 6
7.888824 3.099098 42.675325 6
2.806474 1.998102 24.699675 6
2.275876 8.196298 58.387175 6
7.958960 7.818085 9.264063 1
7.288090 2.376315 42.951562 1
2.205740 2.720885 24.423437 1
2.876610 7.473515 58.110938 1
6.432222 7.345065 9.189950 1
8.814828 2.849335 42.877450 1
3.732478 2.247865 24.497550 1
1.349872 7.946535 58.185050 1
7.452758 6.941367 8.024363 1
7.794292 3.253033 41.711863 1
2.711942 1.844167 25.663138 1
2.370408 8.350233 59.350637 1
7.613360 6.198195 9.520088 6
7.633690 3.996205 43.207587 6
2.551340 1.100995 24.167413 6
2.531010 9.093405 57.854913 6
7.558471 6.350092 10.497025 1
7.688579 3.844308 44.184525 1
2.606229 1.252892 23.190475 1
2.476121 8.941508 56.877975 1
8.525134 5.905616 9.284275 1
6.721916 4.288784 42.971775 1
1.639566 0.808416 24.403225 1
3.442784 9.385984 58.090725 1
6.509474 5.083947 9.049136 8
8.737576 5.110453 42.736636 8
3.655226 10.181147 24.638364 8
1.427124 0.013253 58.325864 8
6.525737 4.159315 9.951287 6
8.721313 6.035085 43.638787 6
3.638963 9.256515 23.736213 6
1.443387 0.937885 57.423713 6
7.473087 3.873872 9.991712 1
7.773963 6.320528 43.679212 1
2.691613 8.971072 23.695788 1
2.390737 1.223328 57.383288 1
6.353954 4.640491 10.800213 1
8.893096 5.553909 44.487713 1
3.810746 9.737691 22.887287 1
1.271604 0.456709 56.574787 1
5.875197 3.109292 10.045613 6
9.371853 7.085108 43.733112 6
4.289503 8.206492 23.641887 6
0.792847 1.987908 57.329388 6
6.161841 2.617922 10.840637 1
9.085209 7.576478 44.528137 1
4.002859 7.715122 22.846863 1
1.079491 2.479278 56.534363 1
6.027667 2.557775 9.250587 1
9.219383 7.636625 42.938088 1
4.137033 7.654975 24.436913 1
0.945317 2.539425 58.124412 1
4.920731 3.322355 10.119725 1
0.161619 6.872045 43.807225 1
5.243969 8.419555 23.567775 1
10.003081 1.774845 57.255275 1
8.741642 0.122333 18.582025 1
6.505408 10.072067 52.269525 1
1.423058 5.219533 15.105475 1
3.659292 4.974867 48.792975 1
3.334022 7.859882 5.598862 1
1.748328 2.334518 39.286362 1
6.830678 2.762682 28.088638 1
8.416372 7.431718 61.776138 1
8.263901 8.573490 17.295162 1
6.983149 1.620910 50.982662 1
1.900799 3.476290 16.392338 1
3.181551 6.718110 50.079838 1
