1.181644 5.101605 7.118597 8
20.172468 5.101605 8.092081 8
17.009644 1.925805 7.118597 8
4.344468 1.925805 8.092081 8
29.029116 1.674282 0.252497 8
-7.675005 1.674282 14.958181 8
13.201116 4.850082 0.252497 8
8.152995 4.850082 14.958181 8
0.580031 0.661837 6.140551 8
20.774081 0.661837 9.070128 8
16.408031 3.837637 6.140551 8
4.946081 3.837637 9.070128 8
-0.463252 4.999980 5.415002 6
21.817364 4.999980 9.795677 6
15.364748 1.824180 5.415002 6
5.989364 1.824180 9.795677 6
-0.766310 4.174907 5.889575 1
22.120422 4.174907 9.321104 1
15.061690 0.999107 5.889575 1
6.292422 0.999107 9.321104 1
29.734138 2.429487 1.172743 6
-8.380026 2.429487 14.037935 6
13.906138 5.605287 1.172743 6
7.447974 5.605287 14.037935 6
0.487684 5.779956 6.306347 6
20.866428 5.779956 8.904331 6
16.315684 2.604156 6.306347 6
5.038428 2.604156 8.904331 6
-1.586845 5.765347 5.022566 8
22.940957 5.765347 10.188112 8
14.241155 2.589547 5.022566 8
7.112957 2.589547 10.188112 8
-1.604718 1.843869 2.369824 6
22.958829 1.843869 12.840855 6
14.223282 5.019669 2.369824 6
7.130829 5.019669 12.840855 6
29.784591 0.948294 2.534099 1
-8.430479 0.948294 12.676579 1
13.956591 4.124094 2.534099 1
7.397521 4.124094 12.676579 1
1.609029 2.449177 7.877610 7
19.745083 2.449177 7.333068 7
17.437029 5.624977 7.877610 7
3.917083 5.624977 7.333068 7
2.513505 2.541275 7.894342 1
18.840607 2.541275 7.316336 1
18.341505 5.717075 7.894342 1
3.012607 5.717075 7.316336 1
1.231485 3.220261 7.576439 1
20.122626 3.220261 7.634239 1
17.059485 0.044461 7.576439 1
4.294626 0.044461 7.634239 1
1.383503 1.763839 7.323942 1
19.970608 1.763839 7.886737 1
17.211503 4.939639 7.323942 1
4.142608 4.939639 7.886737 1
30.115162 3.741728 0.947625 6
-8.761050 3.741728 14.263053 6
14.287162 0.565928 0.947625 6
7.066950 0.565928 14.263053 6
29.900088 4.167285 0.124728 1
-8.545976 4.167285 15.085951 1
14.072088 0.991485 0.124728 1
7.282024 0.991485 15.085951 1
-0.842600 4.432782 1.930235 6
22.196711 4.432782 13.280443 6
14.985400 1.256982 1.930235 6
6.368711 1.256982 13.280443 6
-0.590314 5.334074 1.769002 1
21.944426 5.334074 13.441676 1
15.237686 2.158274 1.769002 1
6.116426 2.158274 13.441676 1
-0.510807 3.857327 3.119710 6
21.864919 3.857327 12.090968 6
15.317193 0.681527 3.119710 6
6.036919 0.681527 12.090968 6
0.291236 4.609991 4.132741 6
21.062876 4.609991 11.077937 6
16.119236 1.434191 4.132741 6
5.234876 1.434191 11.077937 6
0.633976 5.435699 3.709884 1
20.720136 5.435699 11.500794 1
16.461976 2.259899 3.709884 1
4.892136 2.259899 11.500794 1
1.071407 4.057402 4.386760 1
20.282705 4.057402 10.823919 1
16.899407 0.881602 4.386760 1
4.454705 0.881602 10.823919 1
-0.903930 2.526031 3.334181 6
22.258042 2.526031 11.876498 6
14.924070 5.701831 3.334181 6
6.430042 5.701831 11.876498 6
-0.685132 2.094758 4.152515 1
22.039244 2.094758 11.058163 1
15.142868 5.270558 4.152515 1
6.211244 5.270558 11.058163 1
12.866116 0.661202 12.389098 6
8.487996 0.661202 2.821581 6
-2.961884 3.837002 12.389098 6
24.315996 3.837002 2.821581 6
12.972424 1.482463 11.923651 1
8.381688 1.482463 3.287028 1
-2.855576 4.658263 11.923651 1
24.209688 4.658263 3.287028 1
-0.395556 1.997578 9.249614 6
21.749668 1.997578 5.961065 6
15.432444 5.173378 9.249614 6
5.921668 5.173378 5.961065 6
18.981397 1.907385 14.088130 6
2.372715 1.907385 1.122548 6
3.153397 5.083185 14.088130 6
18.200715 5.083185 1.122548 6
19.862074 2.372323 13.992303 1
1.492038 2.372323 1.218375 1
4.034074 5.548123 13.992303 1
17.320038 5.548123 1.218375 1
1.111420 2.157003 9.258740 6
20.242692 2.157003 5.951938 6
16.939420 5.332803 9.258740 6
4.414692 5.332803 5.951938 6
1.520614 1.297632 9.565996 1
19.833498 1.297632 5.644683 1
17.348614 4.473432 9.565996 1
4.005498 4.473432 5.644683 1
-1.211522 3.008753 8.846531 6
22.565634 3.008753 6.364148 6
14.616478 6.184553 8.846531 6
6.737634 6.184553 6.364148 6
-0.825420 3.812230 8.519501 1
22.179532 3.812230 6.691177 1
15.002580 0.636430 8.519501 1
6.351532 0.636430 6.691177 1
16.780972 2.910303 14.106383 7
4.573140 2.910303 1.104295 7
0.952972 6.086103 14.106383 7
20.401140 6.086103 1.104295 7
16.749038 2.642266 14.942970 1
4.605074 2.642266 0.267708 1
0.921038 5.818066 14.942970 1
20.433074 5.818066 0.267708 1
12.561089 4.644925 13.732200 6
8.793023 4.644925 1.478478 6
-3.266911 1.469125 13.732200 6
24.621023 1.469125 1.478478 6
12.445134 3.819852 14.188521 1
8.908978 3.819852 1.022158 1
-3.382866 0.644052 14.188521 1
24.736978 0.644052 1.022158 1
13.828189 5.234989 13.656147 6
7.525923 5.234989 1.554531 6
-1.999811 2.059189 13.656147 6
23.353923 2.059189 1.554531 6
-2.432590 6.041642 6.139030 6
23.786702 6.041642 9.071649 6
13.395410 2.865842 6.139030 6
7.958702 2.865842 9.071649 6
-1.889344 0.022866 6.898043 1
23.243456 0.022866 8.312636 1
13.938656 3.198666 6.898043 1
7.415456 3.198666 8.312636 1
-2.890041 5.213393 6.426512 1
24.244152 5.213393 8.784167 1
12.937959 2.037593 6.426512 1
8.416152 2.037593 8.784167 1
11.471865 5.271193 13.138984 6
9.882247 5.271193 2.071694 6
-4.356135 2.095393 13.138984 6
25.710247 2.095393 2.071694 6
10.614963 4.868501 13.198306 1
10.739149 4.868501 2.012373 1
-5.213037 1.692701 13.198306 1
26.567149 1.692701 2.012373 1
17.899144 2.740080 13.399087 6
3.454967 2.740080 1.811592 6
2.071144 5.915880 13.399087 6
19.282967 5.915880 1.811592 6
-3.137000 1.750501 9.375862 6
24.491112 1.750501 5.834816 6
12.691000 4.926301 9.375862 6
8.663112 4.926301 5.834816 6
-4.084749 1.672376 9.429100 1
25.438861 1.672376 5.781579 1
11.743251 4.848176 9.429100 1
9.610861 4.848176 5.781579 1
18.073707 3.192314 12.278060 8
3.280405 3.192314 2.932619 8
2.245707 0.016514 12.278060 8
19.108405 0.016514 2.932619 8
-0.950049 0.830789 9.731792 6
22.304161 0.830789 5.478886 6
14.877951 4.006589 9.731792 6
6.476161 4.006589 5.478886 6
-0.395388 0.120045 10.029921 1
21.749499 0.120045 5.180757 1
15.432612 3.295845 10.029921 1
5.921499 3.295845 5.180757 1
11.610723 0.097815 12.471235 6
9.743388 0.097815 2.739443 6
-4.217277 3.273615 12.471235 6
25.571388 3.273615 2.739443 6
-2.579266 2.903316 8.898247 6
23.933378 2.903316 6.312432 6
13.248734 6.079116 8.898247 6
8.105378 6.079116 6.312432 6
-3.129582 3.621047 8.607723 1
24.483693 3.621047 6.602955 1
12.698418 0.445247 8.607723 1
8.655693 0.445247 6.602955 1
15.059005 4.588396 14.325417 6
6.295107 4.588396 0.885261 6
-0.768995 1.412596 14.325417 6
22.123107 1.412596 0.885261 6
15.750626 5.278180 14.482087 1
5.603485 5.278180 0.728591 1
-0.077374 2.102380 14.482087 1
21.431485 2.102380 0.728591 1
14.796974 4.209840 15.203073 1
6.557138 4.209840 0.007605 1
-1.031026 1.034040 15.203073 1
22.385138 1.034040 0.007605 1
9.927879 1.844505 12.483404 6
11.426232 1.844505 2.727275 6
-5.900121 5.020305 12.483404 6
27.254232 5.020305 2.727275 6
9.148195 2.240209 12.040773 1
12.205917 2.240209 3.169905 1
-6.679805 5.416009 12.040773 1
28.033917 5.416009 3.169905 1
10.652297 2.503166 12.516867 1
10.701815 2.503166 2.693811 1
-5.175703 5.678966 12.516867 1
26.529815 5.678966 2.693811 1
9.687503 1.577737 13.394523 1
11.666609 1.577737 1.816155 1
-6.140497 4.753537 13.394523 1
27.494609 4.753537 1.816155 1
19.054363 0.554495 13.385397 6
2.299749 0.554495 1.825281 6
3.226363 3.730295 13.385397 6
18.127749 3.730295 1.825281 6
19.774181 0.019690 13.780875 1
1.579930 0.019690 1.429804 1
3.946181 3.195490 13.780875 1
17.407930 3.195490 1.429804 1
19.234948 0.691054 12.431687 1
2.119163 0.691054 2.778991 1
3.406948 3.866854 12.431687 1
17.947163 3.866854 2.778991 1
18.202482 0.083841 13.493393 1
3.151630 0.083841 1.717286 1
2.374482 3.259641 13.493393 1
18.979630 3.259641 1.717286 1
1.577030 3.276155 10.192676 6
19.777081 3.276155 5.018003 6
17.405030 0.100355 10.192676 6
3.949081 0.100355 5.018003 6
2.556247 3.333320 10.172902 1
18.797864 3.333320 5.037777 1
18.384247 0.157520 10.172902 1
2.969864 0.157520 5.037777 1
1.277929 3.083067 11.106837 1
20.076183 3.083067 4.103841 1
17.105929 6.258867 11.106837 1
4.248183 6.258867 4.103841 1
1.194733 4.128540 9.897588 1
20.159378 4.128540 5.313090 1
17.022733 0.952740 9.897588 1
4.331378 0.952740 5.313090 1
10.356998 0.708839 11.756333 6
10.997114 0.708839 3.454345 6
-5.471002 3.884639 11.756333 6
26.825114 3.884639 3.454345 6
10.588683 0.968619 10.830003 1
10.765429 0.968619 4.380675 1
-5.239317 4.144419 10.830003 1
26.593429 4.144419 4.380675 1
9.629340 0.038745 11.718307 1
11.724772 0.038745 3.492372 1
-6.198660 3.214545 11.718307 1
27.552772 3.214545 3.492372 1
13.963431 0.069868 12.961019 6
7.390680 0.069868 2.249659 6
-1.864569 3.245668 12.961019 6
23.218680 3.245668 2.249659 6
14.819958 0.475735 12.878881 1
6.534153 0.475735 2.331797 1
-1.008042 3.651535 12.878881 1
22.362153 3.651535 2.331797 1
15.596088 3.546098 13.490351 6
5.758024 3.546098 1.720328 6
-0.231912 0.370298 13.490351 6
21.586024 0.370298 1.720328 6
15.848622 3.927829 12.612695 1
5.505489 3.927829 2.597984 1
0.020622 0.752029 12.612695 1
21.333489 0.752029 2.597984 1
14.899240 2.860125 13.336723 1
6.454871 2.860125 1.873956 1
-0.928760 6.035925 13.336723 1
22.282871 6.035925 1.873956 1
-2.345328 0.708203 9.777424 6
23.699440 0.708203 5.433254 6
13.482672 3.884003 9.777424 6
7.871440 3.884003 5.433254 6
-2.742257 6.253150 10.087722 1
24.096369 6.253150 5.122956 1
13.085743 3.077350 10.087722 1
8.268369 3.077350 5.122956 1
-3.448944 0.731069 5.742031 6
24.803056 0.731069 9.468647 6
12.379056 3.906869 5.742031 6
8.975056 3.906869 9.468647 6
-4.035742 0.924793 6.505607 1
25.389854 0.924793 8.705071 1
11.792258 4.100593 6.505607 1
9.561854 4.100593 8.705071 1
27.667200 0.393164 4.996708 1
-6.313088 0.393164 10.213971 1
11.839200 3.568964 4.996708 1
9.514912 3.568964 10.213971 1
-2.990239 1.551061 5.466718 1
24.344350 1.551061 9.743961 1
12.837761 4.726861 5.466718 1
8.516350 4.726861 9.743961 1
