10.062398 2.207199 4.910982 9
5.844352 8.855901 14.785082 9
0.542102 7.738749 4.963118 9
4.760148 3.324351 14.837218 9
0.542102 8.855901 14.837218 9
4.760148 2.207199 4.963118 9
10.062398 3.324351 14.785082 9
5.844352 7.738749 4.910982 9
9.215735 1.854618 6.977434 9
6.691015 9.208482 16.851534 9
1.388765 7.386168 2.896666 9
3.913485 3.676932 12.770766 9
1.388765 9.208482 12.770766 9
3.913485 1.854618 2.896666 9
9.215735 3.676932 16.851534 9
6.691015 7.386168 6.977434 9
0.667977 1.086950 6.438901 9
4.634273 9.976150 16.313001 9
9.936523 6.618500 3.435199 9
5.970227 4.444600 13.309299 9
9.936523 9.976150 13.309299 9
5.970227 1.086950 3.435199 9
0.667977 4.444600 16.313001 9
4.634273 6.618500 6.438901 9
9.344049 11.025596 5.484865 7
6.562701 0.037504 15.358965 7
1.260451 5.494046 4.389235 7
4.041799 5.569054 14.263335 7
1.260451 0.037504 14.263335 7
4.041799 11.025596 4.389235 7
9.344049 5.569054 15.358965 7
6.562701 5.494046 5.484865 7
9.091450 10.061558 6.289407 6
6.815300 1.001542 16.163507 6
1.513050 4.530008 3.584693 6
3.789200 6.533092 13.458793 6
1.513050 1.001542 13.458793 6
3.789200 10.061558 3.584693 6
9.091450 6.533092 16.163507 6
6.815300 4.530008 6.289407 6
8.678723 9.283047 5.930384 1
7.228027 1.780053 15.804484 1
1.925777 3.751497 3.943716 1
3.376473 7.311603 13.817816 1
1.925777 1.780053 13.817816 1
3.376473 9.283047 3.943716 1
8.678723 7.311603 15.804484 1
7.228027 3.751497 5.930384 1
9.383498 10.014097 7.747219 6
6.523252 1.049003 17.621319 6
1.221002 4.482547 2.126881 6
4.081248 6.580553 12.000981 6
1.221002 1.049003 12.000981 6
4.081248 10.014097 2.126881 6
9.383498 6.580553 17.621319 6
6.523252 4.482547 7.747219 6
10.029736 10.742270 8.005920 1
5.877014 0.320830 17.880020 1
0.574764 5.210720 1.868180 1
4.727486 5.852380 11.742280 1
0.574764 0.320830 11.742280 1
4.727486 10.742270 1.868180 1
10.029736 5.852380 17.880020 1
5.877014 5.210720 8.005920 1
8.069706 10.244541 8.522731 6
7.837044 0.818559 18.396831 6
2.534794 4.712991 1.351369 6
2.767456 6.350109 11.225469 6
2.534794 0.818559 11.225469 6
2.767456 10.244541 1.351369 6
8.069706 6.350109 18.396831 6
7.837044 4.712991 8.522731 6
7.713713 0.061953 8.329791 1
8.193037 11.001147 18.203891 1
2.890787 5.593503 1.544309 1
2.411463 5.469597 11.418409 1
2.890787 11.001147 11.418409 1
2.411463 0.061953 1.544309 1
7.713713 5.469597 18.203891 1
8.193037 5.593503 8.329791 1
7.377551 9.586176 8.250798 1
8.529199 1.476924 18.124898 1
3.226949 4.054626 1.623302 1
2.075301 7.008474 11.497402 1
3.226949 1.476924 11.497402 1
2.075301 9.586176 1.623302 1
7.377551 7.008474 18.124898 1
8.529199 4.054626 8.250798 1
8.293779 10.074833 10.020829 6
7.612971 0.988267 0.146729 6
2.310721 4.543283 19.601471 6
2.991529 6.519817 9.727371 6
2.310721 0.988267 9.727371 6
2.991529 10.074833 19.601471 6
8.293779 6.519817 0.146729 6
7.612971 4.543283 10.020829 6
8.884450 10.763290 10.346082 1
7.022300 0.299810 0.471982 1
1.720050 5.231740 19.276218 1
3.582200 5.831360 9.402118 1
1.720050 0.299810 9.402118 1
3.582200 10.763290 19.276218 1
8.884450 5.831360 0.471982 1
7.022300 5.231740 10.346082 1
7.476173 10.226730 10.486294 1
8.430577 0.836370 0.612194 1
3.128327 4.695180 19.136006 1
2.173923 6.367920 9.261906 1
3.128327 0.836370 9.261906 1
2.173923 10.226730 19.136006 1
7.476173 6.367920 0.612194 1
8.430577 4.695180 10.486294 1
8.862181 8.712191 10.348649 6
7.044569 2.350909 0.474549 6
1.742319 3.180641 19.273651 6
3.559931 7.882459 9.399551 6
1.742319 2.350909 9.399551 6
3.559931 8.712191 19.273651 6
8.862181 7.882459 0.474549 6
7.044569 3.180641 10.348649 6
9.043518 8.602667 11.295970 1
6.863232 2.460433 1.421870 1
1.560982 3.071117 18.326330 1
3.741268 7.991983 8.452230 1
1.560982 2.460433 8.452230 1
3.741268 8.602667 18.326330 1
9.043518 7.991983 1.421870 1
6.863232 3.071117 11.295970 1
8.229092 8.042874 10.105154 1
7.677658 3.020226 0.231054 1
2.375408 2.511324 19.517146 1
2.926842 8.551776 9.643046 1
2.375408 3.020226 9.643046 1
2.926842 8.042874 19.517146 1
8.229092 8.551776 0.231054 1
7.677658 2.511324 10.105154 1
10.153915 8.471016 9.595255 6
5.752835 2.592084 19.469355 6
0.450585 2.939466 0.278845 6
4.851665 8.123634 10.152945 6
0.450585 2.592084 10.152945 6
4.851665 8.471016 0.278845 6
10.153915 8.123634 19.469355 6
5.752835 2.939466 9.595255 6
0.235420 9.125951 9.939269 1
5.066830 1.937149 0.065169 1
10.369080 3.594401 19.683031 1
5.537670 7.468699 9.808931 1
10.369080 1.937149 9.808931 1
5.537670 9.125951 19.683031 1
0.235420 7.468699 0.065169 1
5.066830 3.594401 9.939269 1
10.477246 7.611413 9.806956 1
5.429504 3.451687 19.681056 1
0.127254 2.079863 0.067144 1
5.174996 8.983237 9.941244 1
0.127254 3.451687 9.941244 1
5.174996 7.611413 0.067144 1
10.477246 8.983237 19.681056 1
5.429504 2.079863 9.806956 1
9.966745 8.634528 8.092812 6
5.940005 2.428572 17.966912 6
0.637755 3.102978 1.781288 6
4.664495 7.960122 11.655388 6
0.637755 2.428572 11.655388 6
4.664495 8.634528 1.781288 6
9.966745 7.960122 17.966912 6
5.940005 3.102978 8.092812 6
9.336202 7.966538 7.761043 1
6.570548 3.096562 17.635143 1
1.268298 2.434988 2.113057 1
4.033952 8.628112 11.987157 1
1.268298 3.096562 11.987157 1
4.033952 7.966538 2.113057 1
9.336202 8.628112 17.635143 1
6.570548 2.434988 7.761043 1
0.185579 8.501992 7.593183 1
5.116671 2.561108 17.467283 1
10.418921 2.970442 2.280917 1
5.487829 8.092658 12.155017 1
10.418921 2.561108 12.155017 1
5.487829 8.501992 2.280917 1
0.185579 8.092658 17.467283 1
5.116671 2.970442 7.593183 1
9.017006 10.912421 4.024091 6
6.889744 0.150679 13.898191 6
1.587494 5.380871 5.850009 6
3.714756 5.682229 15.724109 6
1.587494 0.150679 15.724109 6
3.714756 10.912421 5.850009 6
9.017006 5.682229 13.898191 6
6.889744 5.380871 4.024091 6
8.625700 0.722420 3.785730 1
7.281050 10.340680 13.659830 1
1.978800 6.253970 6.088370 1
3.323450 4.809130 15.962470 1
1.978800 10.340680 15.962470 1
3.323450 0.722420 6.088370 1
8.625700 4.809130 13.659830 1
7.281050 6.253970 3.785730 1
8.028137 9.815182 3.700615 6
7.878613 1.247918 13.574715 6
2.576363 4.283632 6.173485 6
2.725887 6.779468 16.047585 6
2.576363 1.247918 16.047585 6
2.725887 9.815182 6.173485 6
8.028137 6.779468 13.574715 6
7.878613 4.283632 3.700615 6
8.366950 8.925709 3.803503 1
7.539800 2.137391 13.677603 1
2.237550 3.394159 6.070597 1
3.064700 7.668941 15.944697 1
2.237550 2.137391 15.944697 1
3.064700 8.925709 6.070597 1
8.366950 7.668941 13.677603 1
7.539800 3.394159 3.803503 1
7.189851 9.890411 4.245863 1
8.716899 1.172689 14.119963 1
3.414649 4.358861 5.628237 1
1.887601 6.704239 15.502337 1
3.414649 1.172689 15.502337 1
1.887601 9.890411 5.628237 1
7.189851 6.704239 14.119963 1
8.716899 4.358861 4.245863 1
7.797489 9.914750 2.782521 1
8.109261 1.148350 12.656621 1
2.807011 4.383200 7.091579 1
2.495239 6.679900 16.965679 1
2.807011 1.148350 16.965679 1
2.495239 9.914750 7.091579 1
7.797489 6.679900 12.656621 1
8.109261 4.383200 2.782521 1
10.323905 10.735079 3.258848 6
5.582845 0.328021 13.132948 6
0.280595 5.203529 6.615252 6
5.021655 5.859571 16.489352 6
0.280595 0.328021 16.489352 6
5.021655 10.735079 6.615252 6
10.323905 5.859571 13.132948 6
5.582845 5.203529 3.258848 6
0.395548 0.391634 3.471734 1
4.906702 10.671466 13.345834 1
10.208952 5.923184 6.402366 1
5.697798 5.139916 16.276466 1
10.208952 10.671466 16.276466 1
5.697798 0.391634 6.402366 1
0.395548 5.139916 13.345834 1
4.906702 5.923184 3.471734 1
10.081698 10.787629 2.310539 1
5.825052 0.275471 12.184639 1
0.522802 5.256079 7.563561 1
4.779448 5.807021 17.437661 1
0.522802 0.275471 17.437661 1
4.779448 10.787629 7.563561 1
10.081698 5.807021 12.184639 1
5.825052 5.256079 2.310539 1
0.084836 9.904793 3.444086 1
5.217414 1.158307 13.318186 1
10.519664 4.373243 6.430014 1
5.387086 6.689857 16.304114 1
10.519664 1.158307 16.304114 1
5.387086 9.904793 6.430014 1
0.084836 6.689857 13.318186 1
5.217414 4.373243 3.444086 1
10.008527 1.350805 5.986074 5
5.898223 9.712295 15.860174 5
0.595973 6.882355 3.888026 5
4.706277 4.180745 13.762126 5
0.595973 9.712295 13.762126 5
4.706277 1.350805 3.888026 5
10.008527 4.180745 15.860174 5
5.898223 6.882355 5.986074 5
