2.026474 3.286154 3.350101 6
12.317954 3.286154 9.034747 6
10.560974 0.343154 3.350101 6
3.783454 0.343154 9.034747 6
2.230714 4.272647 4.314881 6
12.113714 4.272647 8.069967 6
10.765214 1.329647 4.314881 6
3.579214 1.329647 8.069967 6
2.681767 5.055485 4.095669 1
11.662661 5.055485 8.289179 1
11.216267 2.112485 4.095669 1
3.128161 2.112485 8.289179 1
1.752027 4.076055 5.614052 6
12.592402 4.076055 6.770797 6
10.286527 1.133055 5.614052 6
4.057902 1.133055 6.770797 6
1.877314 4.723515 6.270449 1
12.467114 4.723515 6.114400 1
10.411814 1.780515 6.270449 1
3.932614 1.780515 6.114400 1
1.099319 2.914159 5.896426 6
13.245109 2.914159 6.488422 6
9.633819 5.857159 5.896426 6
4.710609 5.857159 6.488422 6
0.899471 1.923545 4.973755 6
13.444957 1.923545 7.411093 6
9.433971 4.866545 4.973755 6
4.910457 4.866545 7.411093 6
0.454156 1.138352 5.197921 1
13.890273 1.138352 7.186928 1
8.988656 4.081352 5.197921 1
5.355773 4.081352 7.186928 1
1.385475 2.136618 3.695639 6
12.958953 2.136618 8.689210 6
9.919975 5.079618 3.695639 6
4.424453 5.079618 8.689210 6
1.269138 1.474443 3.052865 1
13.075290 1.474443 9.331983 1
9.803638 4.417443 3.052865 1
4.540790 4.417443 9.331983 1
2.559245 3.476272 1.936990 6
11.785183 3.476272 10.447858 6
11.093745 0.533272 1.936990 6
3.250683 0.533272 10.447858 6
1.878814 3.174908 1.297932 1
12.465614 3.174908 11.086916 1
10.413314 0.231908 1.297932 1
3.931114 0.231908 11.086916 1
3.809216 2.636928 1.756172 6
10.535212 2.636928 10.628677 6
12.343716 5.579928 1.756172 6
2.000712 5.579928 10.628677 6
3.703814 1.675744 1.917175 1
10.640615 1.675744 10.467674 1
12.238314 4.618744 1.917175 1
2.106115 4.618744 10.467674 1
5.145904 3.174908 1.980337 6
9.198524 3.174908 10.404511 6
13.680404 0.231908 1.980337 6
0.664024 0.231908 10.404511 6
5.152821 4.106662 2.282528 1
9.191607 4.106662 10.102321 1
13.687321 1.163662 2.282528 1
0.657107 1.163662 10.102321 1
6.377462 2.399722 2.364268 6
7.966966 2.399722 10.020581 6
14.911962 5.342722 2.364268 6
-0.567534 5.342722 10.020581 6
6.206803 0.889963 2.162395 6
8.137625 0.889963 10.222454 6
14.741303 3.832963 2.162395 6
-0.396875 3.832963 10.222454 6
5.511713 0.566822 2.738290 1
8.832715 0.566822 9.646558 1
14.046213 3.509822 2.738290 1
0.298215 3.509822 9.646558 1
7.030732 0.443804 2.374175 1
7.313696 0.443804 10.010673 1
15.565232 3.386804 2.374175 1
-1.220804 3.386804 10.010673 1
5.974324 0.713383 1.248393 1
8.370104 0.713383 11.136456 1
14.508824 3.656383 1.248393 1
-0.164396 3.656383 11.136456 1
7.543728 2.914159 1.532006 6
6.800700 2.914159 10.852843 6
16.078228 5.857159 1.532006 6
-1.733800 5.857159 10.852843 6
7.387370 2.715800 0.605619 1
6.957058 2.715800 11.779229 1
15.921870 5.658800 0.605619 1
-1.577442 5.658800 11.779229 1
8.354451 2.486835 1.819334 1
5.989978 2.486835 10.565514 1
-0.180049 5.429835 1.819334 1
14.524478 5.429835 10.565514 1
7.624217 3.863570 1.647185 1
6.720211 3.863570 10.737664 1
16.158717 0.920570 1.647185 1
-1.814289 0.920570 10.737664 1
6.636942 2.665769 3.861596 6
7.707486 2.665769 8.523253 6
15.171442 5.608769 3.861596 6
-0.827014 5.608769 8.523253 6
6.795003 3.602821 3.996591 1
7.549425 3.602821 8.388258 1
15.329503 0.659821 3.996591 1
-0.985075 0.659821 8.388258 1
7.405265 2.166048 4.147686 1
6.939164 2.166048 8.237163 1
15.939765 5.109048 4.147686 1
-1.595336 5.109048 8.237163 1
5.869240 2.394425 4.371851 1
8.475188 2.394425 8.012997 1
14.403740 5.337425 4.371851 1
-0.059312 5.337425 8.012997 1
2.808375 4.864190 1.723971 8
11.536053 4.864190 10.660877 8
11.342875 1.921190 1.723971 8
3.001553 1.921190 10.660877 8
3.260112 4.960132 1.047758 1
11.084316 4.960132 11.337090 1
11.794612 2.017132 1.047758 1
2.549816 2.017132 11.337090 1
4.628613 2.996563 0.625311 8
9.715815 2.996563 11.759537 8
13.163113 0.053563 0.625311 8
1.181315 0.053563 11.759537 8
0.613966 2.717566 7.165378 9
13.730462 2.717566 5.219471 9
9.148466 5.660566 7.165378 9
5.195962 5.660566 5.219471 9
