1.620301 5.520759 16.004515 8
4.930551 10.521741 0.221485 8
5.000199 0.173259 8.334485 8
1.689949 5.174241 7.891515 8
2.533996 5.591346 1.804818 8
5.844246 10.451154 14.421182 8
4.086504 0.243846 6.308182 8
0.776254 5.103654 9.917818 8
5.091827 4.565161 15.148594 8
1.781577 0.782339 1.077406 8
1.528673 9.912661 9.190406 8
4.838923 6.129839 7.035594 8
5.545000 5.840753 0.700639 8
2.234750 10.201747 15.525361 8
1.075500 0.493253 7.412361 8
4.385750 4.854247 8.813639 8
0.964673 3.964743 1.301163 7
4.274923 1.382757 14.924837 7
5.655827 9.312243 6.811837 7
2.345577 6.730257 9.414163 7
6.262331 3.586354 0.773331 6
2.952081 1.761146 15.452669 6
0.358169 8.933854 7.339669 6
3.668419 7.108646 8.886331 6
6.358990 2.806368 0.188222 1
3.048740 2.541132 16.037778 1
0.261510 8.153868 7.924778 1
3.571760 7.888632 8.301222 1
5.477802 3.180051 2.035552 6
2.167552 2.167449 14.190448 6
1.142698 8.527551 6.077448 6
4.452948 7.514949 10.148552 6
4.963389 3.930413 2.370619 1
1.653139 1.417088 13.855381 1
1.657111 9.277912 5.742381 1
4.967361 6.764588 10.483619 1
4.869378 2.451294 1.836783 1
1.559128 2.896206 14.389217 1
1.751122 7.798794 6.276217 1
5.061372 8.243706 9.949783 1
6.522517 2.738348 3.072718 6
3.212267 2.609152 13.153282 6
0.097983 8.085848 5.040282 6
3.408233 7.956652 11.185718 6
0.065543 1.774301 3.009923 1
3.375793 3.573200 13.216077 1
6.554957 7.121800 5.103077 1
3.244707 8.920700 11.122923 1
6.300730 3.160052 4.549608 6
2.990480 2.187448 11.676392 6
0.319770 8.507552 3.563392 6
3.630020 7.534948 12.662608 6
5.451320 3.618119 4.647126 1
2.141070 1.729382 11.578874 1
1.169180 8.965619 3.465874 1
4.479430 7.076881 12.760126 1
6.300068 2.380707 5.127416 1
2.989818 2.966793 11.098584 1
0.320432 7.728207 2.985584 1
3.630682 8.314293 13.240416 1
0.846762 4.103565 4.917776 6
4.157012 1.243935 11.308224 6
5.773738 9.451065 3.195224 6
2.463488 6.591435 13.030776 6
0.573997 4.769970 5.567141 1
3.884247 0.577530 10.658859 1
6.046503 10.117470 2.545859 1
2.736253 5.925030 13.680141 1
1.608119 3.611702 5.262092 1
4.918369 1.735799 10.963908 1
5.012381 8.959202 2.850908 1
1.702131 7.083299 13.375092 1
1.151305 4.730612 3.569720 6
4.461555 0.616888 12.656280 6
5.469195 10.078112 4.543280 6
2.158945 5.964388 11.682720 6
0.388623 5.296164 3.326330 1
3.698873 0.051336 12.899670 1
6.231877 10.643664 4.786670 1
2.921627 5.398836 11.439330 1
1.129457 3.515019 2.664796 6
4.439707 1.832481 13.561204 6
5.491043 8.862519 5.448204 6
2.180793 7.179981 10.777796 6
1.942455 2.978558 2.768156 1
5.252705 2.368942 13.457844 1
4.678045 8.326057 5.344844 1
1.367795 7.716443 10.881156 1
1.659759 5.042693 0.882857 6
4.970009 0.304807 15.343143 6
4.960741 10.390193 7.230143 6
1.650491 5.652308 8.995857 6
2.382718 5.459263 3.205771 6
5.692968 10.583237 13.020229 6
4.237782 0.111763 4.907229 6
0.927532 5.235737 11.318771 6
3.338718 5.948559 3.960604 6
0.028468 10.093941 12.265396 6
3.281782 0.601059 4.152396 6
6.592032 4.746441 12.073604 6
4.075580 6.360317 3.569720 1
0.765330 9.682184 12.656280 1
2.544920 1.012817 4.543280 1
5.855170 4.334683 11.682720 1
3.279796 5.883320 4.887271 1
6.590046 10.159180 11.338729 1
3.340704 0.535820 3.225729 1
0.030454 4.811680 13.000271 1
5.584392 4.705372 0.006815 6
2.274142 0.642128 16.219185 6
1.036108 10.052872 8.106185 6
4.346358 5.989628 8.119815 6
4.989209 6.979771 0.015252 6
1.678959 9.062729 16.210748 6
1.631291 1.632271 8.097748 6
4.941541 3.715229 8.128252 6
5.495015 7.150677 15.443907 1
2.184765 8.891823 0.782093 1
1.125485 1.803177 8.895093 1
4.435735 3.544323 7.330907 1
5.027608 7.748528 0.589004 1
1.717358 8.293973 15.636996 1
1.592892 2.401027 7.523996 1
4.903142 2.946472 8.702004 1
4.075580 6.798812 16.008572 1
0.765330 9.243688 0.217428 1
2.544920 1.451311 8.330428 1
5.855170 3.896188 7.895572 1
