3.339492 5.568248 1.845180 6
-2.041136 8.301326 19.077596 6
3.013071 5.288606 3.180053 6
-1.714715 8.580968 17.742723 6
2.049910 4.330897 3.476528 6
-0.751554 9.538677 17.446247 6
1.834347 4.142253 4.381229 1
-0.535991 9.727321 16.541546 1
1.405769 3.652772 2.460518 6
-0.107413 10.216802 18.462257 6
0.746065 3.003150 2.671838 1
0.552292 10.866424 18.250937 1
1.714529 3.913032 1.135061 6
-0.416172 9.956542 19.787715 6
1.273985 3.442139 0.437286 1
0.024371 10.427435 20.485489 1
2.665852 4.862157 0.840468 6
-1.367495 9.007416 20.082308 6
1.739037 4.015434 20.853730 1
-0.440681 9.854140 0.069045 1
-1.026524 5.928018 4.219915 8
2.324881 7.941556 16.702861 8
-0.477164 6.490225 3.923020 1
1.775521 7.379348 16.999755 1
-0.312061 6.563366 1.466477 6
1.610418 7.306207 19.456298 6
-0.121306 6.691954 0.543992 1
1.419663 7.177620 20.378783 1
0.312143 7.272767 2.331006 7
0.986214 6.596807 18.591769 7
1.205708 8.161189 1.695163 8
0.092648 5.708385 19.227612 8
1.871176 8.975753 2.669118 6
-0.572820 4.893821 18.253657 6
2.587061 9.492258 2.219906 1
-1.288705 4.377315 18.702869 1
2.298578 8.388405 3.341367 1
-1.000222 5.481169 17.581408 1
0.952279 9.928932 3.371705 6
0.346078 3.940642 17.551070 6
0.240712 9.431669 3.847698 1
1.057644 4.437905 17.075077 1
1.456196 10.466925 4.031819 1
-0.157839 3.402649 16.890957 1
0.379671 10.780856 2.368877 8
0.918686 3.088718 18.553899 8
-0.499189 11.682045 2.998652 7
1.797546 2.187529 17.924123 7
-1.111230 12.407694 2.149397 6
2.409586 1.461880 18.773379 6
-0.937794 12.288236 1.223982 1
2.236151 1.581338 19.698793 1
-2.067705 13.412499 2.568271 6
3.366061 0.457075 18.354505 6
2.316123 13.681909 3.922602 6
-1.017766 0.187665 17.000174 6
1.401594 14.668510 4.269292 6
-0.103238 -0.798936 16.653483 6
3.428733 -0.056532 5.184664 1
-2.130376 13.926106 15.738112 1
2.971647 0.499575 3.295337 6
-1.673290 13.369999 17.627438 6
2.354990 1.177090 3.544318 1
-1.056633 12.692484 17.378457 1
3.215068 0.255906 1.953769 6
-1.916712 13.613667 18.969007 6
2.770835 0.762311 1.282566 1
-1.472478 13.107263 19.640209 1
1.902260 14.164595 1.605195 6
-0.603904 -0.295021 19.317580 6
2.066460 13.992082 0.686267 1
-0.768103 -0.122508 20.236508 1
-1.720550 13.002234 4.927732 8
3.018907 0.867340 15.995043 8
-1.182507 12.443940 4.605103 1
2.480864 1.425634 16.317673 1
0.623723 2.078110 8.311363 6
0.674634 11.791464 12.611412 6
0.497294 2.150146 6.908491 6
0.801062 11.719428 14.014284 6
-0.391071 3.048876 6.338764 6
1.689428 10.820697 14.584011 6
-0.476493 3.092904 5.393892 1
1.774850 10.776670 15.528884 1
3.490092 3.878874 7.131946 6
-2.191735 9.990699 13.790829 6
2.879892 4.487065 6.732949 1
-1.581536 9.382509 14.189826 1
-1.029416 3.829688 8.512431 6
2.327773 10.039886 12.410344 6
3.097704 4.411516 9.059562 1
-1.799348 9.458058 11.863214 1
-0.155046 2.930048 9.085506 6
1.453403 10.939526 11.837269 6
-0.084082 2.891876 10.032471 1
1.382439 10.977697 10.890305 1
1.217612 1.366376 6.074928 8
0.080745 12.503198 14.847848 8
1.735862 0.881771 6.523721 1
-0.437505 12.987803 14.399054 1
1.521504 1.134193 8.957877 6
-0.223147 12.735381 11.964898 6
1.559996 1.104410 9.906934 1
-0.261639 12.765164 11.015841 1
2.259304 0.344899 8.276213 7
-0.960947 13.524675 12.646562 7
0.822736 14.412251 9.113333 8
0.475621 -0.542677 11.809442 8
1.639024 13.556260 8.297345 6
-0.340668 0.313314 12.625430 6
-2.332869 13.108758 8.873349 1
3.631225 0.760816 12.049426 1
-2.512376 14.112288 7.640998 1
3.810733 -0.242714 13.281778 1
0.862371 12.511273 7.559190 6
0.435985 1.358301 13.363586 6
0.149806 12.936234 7.017499 1
1.148551 0.933340 13.905277 1
1.460589 12.009932 6.950546 1
-0.162233 1.859642 13.972229 1
0.283846 11.621701 8.524776 8
1.014511 2.247873 12.398000 8
-0.516333 10.683819 7.850435 7
1.814690 3.185755 13.072341 7
-1.046997 9.841443 8.640688 6
2.345354 4.028131 12.282088 6
-0.861917 9.895455 9.570077 1
2.160273 3.974119 11.352698 1
2.710634 8.797346 8.151304 6
-1.412277 5.072228 12.771471 6
2.428896 8.635936 6.787976 6
-1.130540 5.233638 14.134799 6
1.559680 7.630150 6.373914 6
-0.261324 6.239424 14.548861 6
1.368253 7.526643 5.448291 1
-0.069896 6.342931 15.474485 1
0.974479 6.784628 7.288867 6
0.323877 7.084946 13.633908 6
0.373693 6.109940 6.994484 1
0.924663 7.759634 13.928292 1
1.259996 6.914810 8.635876 6
0.038360 6.954763 12.286900 6
0.872256 6.320112 9.266697 1
0.426101 7.549462 11.656078 1
2.111515 7.913441 9.053076 6
-0.813158 5.956133 11.869700 6
2.296852 8.004213 9.980164 1
-0.998495 5.865360 10.942612 1
-1.661961 9.430027 5.840384 8
2.960318 4.439547 15.082392 8
-1.143254 9.981858 6.203603 1
2.441610 3.887716 14.719173 1
