4.284314 2.772203 1.148110 8
3.978586 5.490697 21.872110 8
1.359247 0.152864 32.234110 8
6.903653 8.110036 11.510110 8
8.110036 6.903653 29.937890 8
0.152864 1.359247 9.213890 8
2.772203 4.284314 40.299890 8
5.490697 3.978586 19.575890 8
4.570210 2.731715 0.360598 1
3.692690 5.531185 21.084598 1
1.399735 0.438760 31.446598 1
6.863165 7.824140 10.722598 1
7.824140 6.863165 30.725402 1
0.438760 1.399735 10.001402 1
2.731715 4.570210 41.087402 1
5.531185 3.692690 20.363402 1
4.714811 5.073421 0.706688 6
3.548089 3.189479 21.430688 6
7.320929 0.583361 31.792688 6
0.941971 7.679539 11.068688 6
7.679539 0.941971 30.379312 6
0.583361 7.320929 9.655312 6
5.073421 4.714811 40.741312 6
3.189479 3.548089 20.017312 6
4.047995 4.308276 2.964361 6
4.214905 3.954624 23.688361 6
8.086074 8.179445 34.050361 6
0.176826 0.083455 13.326361 6
0.083455 0.176826 28.121639 6
8.179445 8.086074 7.397639 6
4.308276 4.047995 38.483639 6
3.954624 4.214905 17.759639 6
4.320670 5.625382 3.414486 6
3.942230 2.637518 24.138486 6
6.768968 0.189220 34.500486 6
1.493932 8.073680 13.776486 6
8.073680 1.493932 27.671514 6
0.189220 6.768968 6.947514 6
5.625382 4.320670 38.033514 6
2.637518 3.942230 17.309514 6
4.847017 6.405400 1.173393 6
3.415883 1.857500 21.897393 6
5.988950 0.715567 32.259393 6
2.273950 7.547333 11.535393 6
7.547333 2.273950 29.912607 6
0.715567 5.988950 9.188607 6
6.405400 4.847017 40.274607 6
1.857500 3.415883 19.550607 6
4.696632 6.642545 2.515894 6
3.566268 1.620355 23.239894 6
5.751805 0.565182 33.601894 6
2.511095 7.697718 12.877894 6
7.697718 2.511095 28.570106 6
0.565182 5.751805 7.846106 6
6.642545 4.696632 38.932106 6
1.620355 3.566268 18.208106 6
4.851149 7.518413 2.847478 1
3.411751 0.744487 23.571478 1
4.875937 0.719699 33.933478 1
3.386963 7.543201 13.209478 1
7.543201 3.386963 28.238522 1
0.719699 4.875937 7.514522 1
7.518413 4.851149 38.600522 1
0.744487 3.411751 17.876522 1
4.344633 4.069478 1.589945 6
3.918267 4.193422 22.313945 6
0.061972 0.213183 32.675945 6
8.200928 8.049717 11.951945 6
8.049717 8.200928 29.496055 6
0.213183 0.061972 8.772055 6
4.069478 4.344633 39.858055 6
4.193422 3.918267 19.134055 6
3.459676 3.665422 5.269284 6
4.803224 4.597478 25.993284 6
0.466028 7.591126 36.355284 6
7.796872 0.671774 15.631284 6
0.671774 7.796872 25.816716 6
7.591126 0.466028 5.092716 6
3.665422 3.459676 36.178716 6
4.597478 4.803224 15.454716 6
3.563789 3.304334 3.901500 6
4.699111 4.958566 24.625500 6
0.827116 7.695239 34.987500 6
7.435784 0.567661 14.263500 6
0.567661 7.435784 27.184500 6
7.695239 0.827116 6.460500 6
3.304334 3.563789 37.546500 6
4.958566 4.699111 16.822500 6
3.774493 4.989965 5.691639 6
4.488407 3.272935 26.415639 6
7.404385 7.905943 36.777639 6
0.858515 0.356957 16.053639 6
0.356957 0.858515 25.394361 6
7.905943 7.404385 4.670361 6
4.989965 3.774493 35.756361 6
3.272935 4.488407 15.032361 6
3.699300 5.218848 6.610956 1
4.563600 3.044052 27.334956 1
7.175502 7.830750 37.696956 1
1.087398 0.432150 16.972956 1
0.432150 1.087398 24.475044 1
7.830750 7.175502 3.751044 1
5.218848 3.699300 34.837044 1
3.044052 4.563600 14.113044 1
5.182491 7.506018 0.234596 6
3.080409 0.756882 20.958596 6
4.888332 1.051041 31.320596 6
3.374568 7.211859 10.596596 6
7.211859 3.374568 30.851404 6
1.051041 4.888332 10.127404 6
7.506018 5.182491 41.213404 6
0.756882 3.080409 20.489404 6
4.445440 7.721680 40.519565 6
3.817460 0.541220 19.795565 6
4.672670 0.313990 30.157565 6
3.590230 7.948910 9.433565 6
7.948910 3.590230 32.014435 6
0.313990 4.672670 11.290435 6
7.721680 4.445440 0.928435 6
0.541220 3.817460 21.652435 6
3.695995 7.168892 40.333049 1
4.566905 1.094008 19.609049 1
5.225458 7.827445 29.971049 1
3.037442 0.435455 9.247049 1
0.435455 3.037442 32.200951 1
7.827445 5.225458 11.476951 1
7.168892 3.695995 1.114951 1
1.094008 4.566905 21.838951 1
3.166343 1.995490 3.553337 6
5.096557 6.267410 24.277337 6
2.135960 7.297793 34.639337 6
6.126940 0.965107 13.915337 6
0.965107 6.126940 27.532663 6
7.297793 2.135960 6.808663 6
1.995490 3.166343 37.894663 6
6.267410 5.096557 17.170663 6
3.192785 1.736035 2.640238 1
5.070115 6.526865 23.364238 1
2.395415 7.324235 33.726238 1
5.867485 0.938665 13.002238 1
0.938665 5.867485 28.445762 1
7.324235 2.395415 7.721762 1
1.736035 3.192785 38.807762 1
6.526865 5.070115 18.083762 1
4.175243 5.920368 4.809626 6
4.087657 2.342532 25.533626 6
6.473982 0.043793 35.895626 6
1.788918 8.219107 15.171626 6
8.219107 1.788918 26.276374 6
0.043793 6.473982 5.552374 6
5.920368 4.175243 36.638374 6
2.342532 4.087657 15.914374 6
4.366943 6.797888 5.118828 1
3.895957 1.465012 25.842828 1
5.596462 0.235493 36.204828 1
2.666438 8.027407 15.480828 1
8.027407 2.666438 25.967172 1
0.235493 5.596462 5.243172 1
6.797888 4.366943 36.329172 1
1.465012 3.895957 15.605172 1
6.259147 0.071061 0.479553 6
2.003753 8.191839 21.203553 6
4.060389 2.127697 31.565553 6
4.202511 6.135203 10.841553 6
6.135203 4.202511 30.606447 6
2.127697 4.060389 9.882447 6
0.071061 6.259147 40.968447 6
8.191839 2.003753 20.244447 6
6.761531 8.224064 1.276598 1
1.501369 0.038836 22.000598 1
4.170286 2.630081 32.362598 1
4.092614 5.632819 11.638598 1
5.632819 4.092614 29.809402 1
2.630081 4.170286 9.085402 1
8.224064 6.761531 40.171402 1
0.038836 1.501369 19.447402 1
3.039921 2.695358 6.208496 6
5.222979 5.567542 26.932496 6
1.436092 7.171371 37.294496 6
6.826808 1.091529 16.570496 6
1.091529 6.826808 24.877504 6
7.171371 1.436092 4.153504 6
2.695358 3.039921 35.239504 6
5.567542 5.222979 14.515504 6
2.991170 2.930851 7.129056 1
5.271730 5.332049 27.853056 1
1.200599 7.122620 38.215056 1
7.062301 1.140280 17.491056 1
1.140280 7.062301 23.956944 1
7.122620 1.200599 3.232944 1
2.930851 2.991170 34.318944 1
5.332049 5.271730 13.594944 1
2.746588 1.089877 4.482187 6
5.516312 7.173023 25.206187 6
3.041573 6.878038 35.568187 6
5.221327 1.384862 14.844187 6
1.384862 5.221327 26.603813 6
6.878038 3.041573 5.879813 6
1.089877 2.746588 36.965813 6
7.173023 5.516312 16.241813 6
2.479696 0.219793 4.211117 1
5.783204 8.043107 24.935117 1
3.911657 6.611146 35.297117 1
4.351243 1.651754 14.573117 1
1.651754 4.351243 26.874883 1
6.611146 3.911657 6.150883 1
0.219793 2.479696 37.236883 1
8.043107 5.783204 16.512883 1
4.783393 0.457765 39.634650 6
3.479507 7.805135 18.910650 6
3.673685 0.651943 29.272650 6
4.589215 7.610957 8.548650 6
7.610957 4.589215 32.899350 6
0.651943 3.673685 12.175350 6
0.457765 4.783393 1.813350 6
7.805135 3.479507 22.537350 6
4.257872 0.599887 38.857500 1
4.005028 7.663013 18.133500 1
3.531563 0.126422 28.495500 1
4.731337 8.136478 7.771500 1
8.136478 4.731337 33.676500 1
0.126422 3.531563 12.952500 1
0.599887 4.257872 2.590500 1
7.663013 4.005028 23.314500 1
2.706926 1.437745 5.830076 6
5.555974 6.825155 26.554076 6
2.693705 6.838376 36.916076 6
5.569195 1.424524 16.192076 6
1.424524 5.569195 25.255924 6
6.838376 2.693705 4.531924 6
1.437745 2.706926 35.617924 6
6.825155 5.555974 14.893924 6
2.447471 0.796544 6.482467 1
5.815429 7.466356 27.206467 1
3.334906 6.578921 37.568467 1
4.927994 1.683979 16.844467 1
1.683979 4.927994 24.603533 1
6.578921 3.334906 3.879533 1
0.796544 2.447471 34.965533 1
7.466356 5.815429 14.241533 1
5.884837 1.254308 39.875877 6
2.378063 7.008592 19.151877 6
2.877142 1.753387 29.513877 6
5.385758 6.509513 8.789877 6
6.509513 5.385758 32.658123 6
1.753387 2.877142 11.934123 6
1.254308 5.884837 1.572123 6
7.008592 2.378063 22.296123 6
6.137682 1.928561 39.255401 1
2.125218 6.334339 18.531401 1
2.202889 2.006232 28.893401 1
6.060011 6.256668 8.169401 1
6.256668 6.060011 33.278599 1
2.006232 2.202889 12.554599 1
1.928561 6.137682 2.192599 1
6.334339 2.125218 22.916599 1
6.616104 1.055172 41.032277 6
1.646796 7.207728 20.308277 6
3.076278 2.484654 30.670277 6
5.186622 5.778246 9.946277 6
5.778246 5.186622 31.501723 6
2.484654 3.076278 10.777723 6
1.055172 6.616104 0.415723 6
7.207728 1.646796 21.139723 6
7.371333 1.602176 41.211746 1
0.891567 6.660724 20.487746 1
2.529274 3.239883 30.849746 1
5.733626 5.023017 10.125746 1
5.023017 5.733626 31.322254 1
3.239883 2.529274 10.598254 1
1.602176 7.371333 0.236254 1
6.660724 0.891567 20.960254 1
