-1.096642 2.765993 14.700437 8
5.414319 6.612993 6.886108 8
3.547946 0.165421 20.403386 8
0.769731 4.012421 1.183159 8
1.585728 1.047153 10.501638 8
2.731949 4.894153 11.084907 8
1.249180 1.514179 11.112753 1
3.068497 5.361179 10.473792 1
0.396473 2.320510 12.493429 8
3.921204 6.167510 9.093116 8
3.792233 2.450539 11.800285 7
0.525444 6.297539 9.786260 7
4.612486 2.427457 12.194239 1
-0.294809 6.274457 9.392306 1
3.199786 1.978897 12.304331 1
1.117891 5.825897 9.282214 1
3.512367 3.313806 11.732287 1
0.805309 7.160806 9.854258 1
2.057893 1.458013 13.700332 8
2.259784 5.305013 7.886212 8
-1.054900 0.410090 16.559039 6
5.372577 4.257090 5.027506 6
-0.444620 0.540888 15.166706 6
4.762297 4.387888 6.419838 6
0.311054 7.600903 15.086836 1
4.006622 3.753903 6.499709 1
-1.124062 0.290064 14.493206 1
5.441739 4.137064 7.093339 1
2.314867 0.802484 20.731718 6
2.002810 4.649484 0.854827 6
1.590626 0.449330 20.157516 1
2.727050 4.296330 1.429029 1
2.388268 1.777314 20.574136 1
1.929409 5.624314 1.012409 1
-0.386135 7.479337 17.590875 6
4.703812 3.632337 3.995669 6
0.466873 7.098484 17.418183 1
3.850803 3.251484 4.168362 1
3.779655 0.544735 0.567726 6
0.538022 4.391735 21.018819 6
3.961594 0.286217 19.117044 6
0.356082 4.133217 2.469501 6
3.804980 0.953287 16.839664 6
0.512697 4.800287 4.746881 6
3.311972 1.375687 16.146736 1
1.005705 5.222687 5.439809 1
2.529082 1.837327 9.759277 6
1.788595 5.684327 11.827268 6
2.191204 2.763685 9.677248 1
2.126472 6.610685 11.909297 1
2.626866 1.464168 8.848325 1
1.690811 5.311168 12.738220 1
-0.904413 7.387779 18.851530 6
5.222090 3.540779 2.735015 6
-0.432043 6.928447 19.535823 1
4.749719 3.081447 2.050722 1
3.273001 0.889426 18.111111 6
1.044676 4.736426 3.475434 6
2.419814 1.270279 18.285962 1
1.897863 5.117279 3.300583 1
3.875404 1.850407 10.445729 6
0.442273 5.697407 11.140816 6
4.205351 0.910200 10.527758 1
0.112326 4.757200 11.058787 1
2.555974 1.004836 1.055582 6
1.761702 4.851836 20.530963 6
1.956277 1.455705 0.472745 1
2.361400 5.302705 21.113800 1
4.852697 2.639811 9.595219 6
-0.535021 6.486811 11.991326 6
-0.362788 2.625962 10.016157 1
4.680465 6.472962 11.570388 1
4.542702 3.566169 9.515349 1
-0.225025 7.413169 12.071196 1
4.909227 2.236646 8.703695 1
-0.591551 6.083646 12.882850 1
0.906606 1.927347 13.599523 6
3.411070 5.774347 7.987022 6
0.048099 1.930425 14.873129 6
4.269577 5.777425 6.713415 6
0.592819 2.263575 15.641610 1
3.724858 6.110575 5.944934 1
2.214514 0.813256 2.361568 6
2.103163 4.660256 19.224977 6
1.395211 1.166410 2.687525 1
2.922466 5.013410 18.899020 1
4.606515 7.564741 1.398808 6
-0.288839 3.717741 20.187737 6
5.441322 7.245440 1.077169 1
-1.123645 3.398440 20.509376 1
3.835052 4.774896 15.071726 6
0.482625 0.927896 6.514819 6
3.938706 5.698176 15.382572 1
0.378970 1.851176 6.203973 1
3.193502 4.307101 15.645928 1
1.124175 0.460101 5.940617 1
3.506295 4.775666 14.147822 1
0.811381 0.928666 7.438723 1
4.250058 7.337768 2.709111 6
0.067618 3.490768 18.877434 6
4.834355 6.853046 3.278996 1
-0.516678 3.006046 18.307549 1
3.033595 0.120796 3.205602 6
1.284082 3.967796 18.380943 6
2.783414 7.660146 4.107920 1
1.534263 3.813146 17.478625 1
-0.943620 4.077051 15.130009 6
5.261297 0.230051 6.456536 6
-0.291344 4.546385 14.551490 1
4.609021 0.699385 7.035055 1
-0.599360 4.087822 16.058231 1
4.917037 0.240822 5.528314 1
