7.174669 2.228162 1.150027 8
4.396631 10.260838 9.370377 8
0.539531 8.472662 7.070323 8
3.317569 4.016338 15.290673 8
0.952395 1.467707 3.446135 8
2.904705 11.021293 11.666485 8
6.761805 7.712207 4.774215 8
4.809495 4.776793 12.994565 8
3.734907 10.709442 5.055022 8
0.122193 1.779558 13.275372 8
3.979293 4.464942 3.165328 8
7.592007 8.024058 11.385678 8
4.643948 10.877919 4.748074 1
6.927352 1.611081 12.968424 1
3.070252 4.633419 3.472276 1
0.786848 7.855581 11.692626 1
5.112817 11.004433 2.766805 7
6.458483 1.484567 10.987155 7
2.601383 4.759933 5.453545 7
1.255717 7.729067 13.673895 7
6.479928 0.797423 6.341507 7
5.091372 11.691577 14.561857 7
1.234272 7.041923 1.878843 7
2.622828 5.447077 10.099193 7
1.407070 11.766012 16.431164 6
2.450030 0.722988 8.210814 6
6.307130 5.521512 8.229886 6
5.264170 6.967488 0.009536 6
1.491926 11.215122 15.674563 1
2.365174 1.273878 7.454213 1
6.222274 4.970622 8.986487 1
5.349026 7.518378 0.766137 1
0.520709 0.347694 16.397461 6
3.336391 12.141306 8.177111 6
7.193491 6.592194 8.263589 6
4.377809 5.896806 0.043239 6
0.045514 0.524538 15.605512 1
3.811586 11.964462 7.385162 1
7.668686 6.769038 9.055538 1
3.902614 5.719962 0.835188 1
0.318596 1.166223 1.066179 6
3.538504 11.322777 9.286529 6
7.395604 7.410723 7.154171 6
4.175696 5.078277 15.374521 6
1.048360 0.855996 2.204040 6
2.808740 11.633004 10.424390 6
6.665840 7.100496 6.016310 6
4.905460 5.388504 14.236660 6
1.648525 0.546394 4.375199 6
2.208575 11.942606 12.595549 6
6.065675 6.790894 3.845151 6
5.505625 5.698106 12.065501 6
2.105205 1.061565 5.086753 1
1.751895 11.427435 13.307103 1
5.608995 7.306065 3.133597 1
5.962305 5.182935 11.353947 1
0.627936 12.111957 4.981697 6
3.229164 0.377043 13.202047 6
7.086264 5.867457 3.238653 6
4.485036 6.621543 11.459003 6
0.643364 10.786624 4.831922 6
3.213736 1.702376 13.052272 6
7.070836 4.542124 3.388428 6
4.500464 7.946876 11.608778 6
7.666372 10.292185 5.233075 1
3.904928 2.196815 13.453425 1
0.047828 4.047685 2.987275 1
3.809272 8.441315 11.207625 1
1.683238 10.039033 4.072033 6
2.173862 2.449967 12.292383 6
6.030962 3.794533 4.148317 6
5.540338 8.694467 12.368667 6
1.316043 9.785132 3.199360 1
2.541057 2.703869 11.419710 1
6.398157 3.540631 5.020990 1
5.173143 8.948369 13.241340 1
1.896922 9.214384 4.557362 1
1.960178 3.274616 12.777712 1
5.817278 2.969884 3.662988 1
5.754022 9.519116 11.883338 1
3.827015 10.288064 2.678026 6
0.030085 2.200936 10.898376 6
3.887185 4.043564 5.542324 6
7.684115 8.445436 13.762674 6
4.016784 9.336776 2.875478 1
7.554516 3.152224 11.095828 1
3.697416 3.092276 5.344872 1
0.159684 9.396724 13.565222 1
3.116537 10.325406 1.294047 6
0.740563 2.163594 9.514397 6
4.597663 4.080906 6.926303 6
6.973637 8.408094 15.146653 6
3.797701 10.364621 0.590221 1
0.059399 2.124379 8.810571 1
3.916499 4.120121 7.630129 1
7.654801 8.368879 15.850479 1
2.614342 9.491640 1.175510 1
1.242758 2.997360 9.395860 1
5.099858 3.247140 7.044840 1
6.471442 9.241860 15.265190 1
2.169233 11.493752 1.119447 6
1.687867 0.995248 9.339797 6
5.544967 5.249252 7.100903 6
6.026333 7.239748 15.321253 6
1.970978 12.335635 2.189901 6
1.886122 0.153365 10.410251 6
5.743222 6.091135 6.030449 6
5.828078 6.397865 14.250799 6
2.679913 12.297669 3.515679 6
1.177187 0.191331 11.736029 6
5.034287 6.053169 4.704671 6
6.537013 6.435831 12.925021 6
2.968424 10.825590 3.852056 6
0.888676 1.663410 12.072406 6
4.745776 4.581090 4.368294 6
6.825524 7.907910 12.588644 6
3.992870 0.597349 3.435777 6
7.578430 11.891651 11.656127 6
3.721330 6.841849 4.784573 6
0.135770 5.647151 13.004923 6
3.803872 1.512418 3.140174 1
0.053228 10.976582 11.360524 1
3.910328 7.756918 5.080176 1
7.660972 4.732082 13.300526 1
4.397094 0.645681 4.327192 1
7.174206 11.843319 12.547542 1
3.317106 6.890181 3.893158 1
0.539994 5.598819 12.113508 1
4.973345 12.440418 2.473997 6
6.597955 0.048582 10.694347 6
2.740855 6.195918 5.746353 6
1.116245 6.293082 13.966703 6
4.657063 0.069938 1.553646 1
6.914237 12.419062 9.773996 1
3.057137 6.314438 6.666704 1
0.799963 6.174562 14.887054 1
5.847364 0.388408 2.553241 1
5.723936 12.100592 10.773591 1
1.866836 6.632908 5.667109 1
1.990264 5.856092 13.887459 1
6.169817 10.409706 1.962526 6
5.401483 2.079294 10.182876 6
1.544383 4.165206 6.257824 6
2.312717 8.323794 14.478174 6
6.999865 10.887910 2.114274 1
4.571435 1.601090 10.334624 1
0.714335 4.643410 6.106076 1
3.142765 7.845590 14.326426 1
5.931448 10.464533 1.024256 1
5.639852 2.024467 9.244606 1
1.782752 4.220033 7.196094 1
2.074348 8.268967 15.416444 1
6.282444 9.479151 2.212918 1
5.288856 3.009849 10.433268 1
1.431756 3.234651 6.007432 1
2.425344 9.254349 14.227782 1
6.425157 2.558996 16.417683 6
5.146143 9.930004 8.197333 6
1.289043 8.803496 8.243367 6
2.568057 3.685504 0.023017 6
5.860478 3.327070 0.159475 1
5.710822 9.161930 8.379825 1
1.853722 9.571570 8.060875 1
2.003378 2.917430 16.281225 1
5.871278 1.804661 16.162852 1
5.700022 10.684340 7.942502 1
1.842922 8.049160 8.498198 1
2.014178 4.439840 0.277848 1
7.034579 2.771309 15.694292 1
4.536721 9.717691 7.473942 1
0.679621 9.015809 8.966758 1
3.177479 3.473191 0.746408 1
7.293776 0.257648 5.738133 6
4.277524 12.231352 13.958483 6
0.420424 6.502148 2.482217 6
3.436676 5.986852 10.702567 6
