1.802341 0.658983 10.299068 8
6.632142 4.910483 1.791594 8
3.994625 7.844017 13.882257 8
-0.835177 3.592518 22.389731 8
1.142403 2.660589 7.360554 8
7.292080 6.912089 4.730109 8
4.654563 5.842411 16.820772 8
-1.495114 1.590911 19.451217 8
-1.462596 5.937645 11.389404 8
9.897078 1.686145 0.701258 8
7.259561 2.565355 12.791921 8
-4.100113 6.816855 23.480067 8
8.425344 6.140867 7.447848 8
0.009139 1.889367 4.642815 8
-2.628378 2.362133 16.733477 8
5.787827 6.613633 19.538511 8
3.875620 7.455430 11.067793 8
4.558863 3.203930 1.022870 8
1.921346 1.047570 13.113533 8
1.238103 5.299070 23.158456 8
1.962870 1.828995 9.471825 6
6.471613 6.080495 2.618838 6
3.834096 6.674005 14.709500 6
-0.674647 2.422505 21.562488 6
1.566868 1.431905 7.967747 6
6.867615 5.683405 4.122916 6
4.230097 7.071095 16.213579 6
-1.070649 2.819595 20.058410 6
2.911974 1.044168 7.339032 6
5.522509 5.295668 4.751630 6
2.884991 7.458832 16.842293 6
0.274457 3.207332 19.429695 6
3.235828 0.454910 6.158984 6
5.198655 4.706410 5.931679 6
2.561138 8.048089 18.022342 6
0.598311 3.796590 18.249647 6
4.597358 0.402192 5.769664 6
3.837125 4.653692 6.320999 6
1.199608 8.100808 18.411661 6
1.959840 3.849308 17.860327 6
5.603667 0.938731 6.526540 6
2.830816 5.190231 5.564123 6
0.193299 7.564269 17.654786 6
2.966149 3.312769 18.617203 6
5.288874 1.550097 7.776714 6
3.145609 5.801597 4.313949 6
0.508092 6.952903 16.404611 6
2.651357 2.701403 19.867377 6
6.196573 2.175067 8.681096 6
2.237910 6.426567 3.409567 6
-0.399607 6.327933 15.500230 6
3.559056 2.076433 20.771759 6
5.731264 2.745619 9.834545 6
2.703218 6.997119 2.256118 6
0.065701 5.757381 14.346781 6
3.093747 1.505881 21.925208 6
4.357874 2.719259 10.202101 6
4.076609 6.970759 1.888562 6
1.439091 5.783741 13.979224 6
1.720357 1.532241 22.292764 6
3.460134 2.126600 9.348501 6
4.974349 6.378100 2.742162 6
2.336832 6.376400 14.832825 6
0.822617 2.124900 21.439163 6
3.939842 1.569654 8.144270 6
4.494641 5.821154 3.946392 6
1.857124 6.933346 16.037055 6
1.302325 2.681846 20.234933 6
1.111847 2.944589 10.023160 6
7.322636 7.196089 2.067503 6
4.685119 5.558411 14.158166 6
-1.525670 1.306911 22.113822 6
-0.143831 2.658038 10.576912 6
8.578314 6.909538 1.513751 6
5.940797 5.844962 13.604414 6
-2.781348 1.593462 22.667575 6
-0.969325 3.677548 11.031521 6
9.403808 7.929048 1.059142 6
6.766291 4.825452 13.149805 6
-3.606842 0.573953 23.122184 6
-0.553325 5.002315 10.951722 6
8.987808 0.750815 1.138940 6
6.350291 3.500685 13.229603 6
-3.190843 7.752185 23.042385 6
0.699553 5.300770 10.446333 6
7.734930 1.049270 1.644330 6
5.097412 3.202230 13.734993 6
-1.937964 7.453730 22.536996 6
1.515505 4.271057 9.979633 6
6.918978 0.019557 2.111030 6
4.281460 4.231943 14.201693 6
-1.122012 8.483443 22.070296 6
-1.048654 7.307478 11.324115 6
9.483137 3.055978 0.766548 6
6.845619 1.195522 12.857211 6
-3.686171 5.447022 23.414778 6
0.472282 0.389437 7.854095 6
7.962201 4.640937 4.236568 6
5.324684 8.113563 16.327231 6
-2.165236 3.862063 19.944757 6
0.755527 7.536209 7.733188 6
7.678956 3.284709 4.357475 6
5.041438 0.966791 16.448138 6
-1.881990 5.218291 19.823851 6
-0.249162 6.587274 7.588100 6
8.683645 2.335774 4.502563 6
6.046127 1.915726 16.593226 6
-2.886679 6.167226 19.678763 6
-1.567837 6.992867 7.588100 6
10.002320 2.741367 4.502563 6
7.364803 1.510133 16.593226 6
-4.205354 5.761633 19.678763 6
9.187858 8.339742 7.723515 6
-0.753375 4.088242 4.367147 6
-3.390892 0.163258 16.457810 6
6.550341 4.414758 19.814178 6
-0.874758 0.773773 7.842004 6
9.309240 5.025273 4.248659 6
6.671723 7.729227 16.339322 6
-3.512275 3.477727 19.932667 6
8.660831 4.758279 7.723515 6
-0.226348 0.506779 4.367147 6
-2.863865 3.744721 16.457810 6
6.023314 7.996221 19.814178 6
5.416247 7.190987 10.243210 6
3.018235 2.939487 1.847453 6
0.380718 1.312013 13.938116 6
2.778730 5.563513 22.333872 6
4.794293 6.602580 9.500843 6
3.640189 2.351079 2.589820 6
1.002672 1.900421 14.680483 6
2.156776 6.151921 21.591506 6
1.690524 0.938731 11.166936 1
6.743959 5.190231 0.923727 1
4.106442 7.564269 13.014389 1
-0.946994 3.312769 23.257599 1
0.984643 2.622325 6.495104 1
7.449840 6.873825 5.595559 1
4.812323 5.880675 17.686222 1
-1.652875 1.629175 18.585767 1
3.476690 8.398413 10.780035 1
4.957792 4.146913 1.310628 1
2.320275 0.104587 13.401291 1
0.839173 4.356087 22.870698 1
2.546631 0.077377 5.597977 1
5.887852 4.328877 6.492686 1
3.250335 8.425623 18.583349 1
-0.090886 4.174123 17.688640 1
4.822579 8.477491 4.940245 1
3.611904 4.225991 7.150418 1
0.974386 0.025509 19.241081 1
2.185062 4.277009 17.030908 1
6.518299 0.903869 6.226691 1
1.916183 5.155369 5.863971 1
-0.721334 7.599131 17.954634 1
3.880782 3.347631 18.317354 1
7.130597 2.183570 8.485227 1
1.303886 6.435070 3.605436 1
-1.333631 6.319430 15.696099 1
4.493080 2.067930 20.575890 1
6.361988 3.189475 10.414897 1
2.072495 7.440975 1.675766 1
-0.565023 5.313525 13.766429 1
3.724471 1.062025 22.505560 1
4.065113 3.102745 11.031521 1
4.369369 7.354245 1.059142 1
1.731852 5.400255 13.149805 1
1.427596 1.148755 23.122184 1
-0.441621 1.743965 10.632529 1
8.876104 5.995465 1.458134 1
6.238587 6.759035 13.548797 1
-3.079139 2.507535 22.723192 1
-1.832192 3.468374 11.408749 1
10.266674 7.719874 0.681913 1
7.629157 5.034626 12.772576 1
-4.469709 0.783126 23.499412 1
1.010363 6.213142 10.417315 1
7.424120 1.961642 1.673348 1
4.786602 2.289858 13.764011 1
-1.627154 6.541358 22.507978 1
2.378476 4.470027 9.612077 1
6.056007 0.218527 2.478586 1
3.418489 4.032973 14.569249 1
-0.259041 8.284473 21.702740 1
1.672498 7.248808 7.752533 1
6.761985 2.997308 4.338130 1
4.124468 1.254193 16.428793 1
-0.965020 5.505692 19.843196 1
-0.024285 5.650244 7.496211 1
8.458767 1.398743 4.594452 1
5.821250 2.852757 16.685115 1
-2.661802 7.104256 19.586874 1
8.268302 0.117341 7.721097 1
0.166180 4.368841 4.369566 1
-2.471337 8.385659 16.460228 1
5.630785 4.134159 19.811760 1
-1.104116 1.704852 7.929057 1
9.538599 5.956352 4.161606 1
6.901081 6.798148 16.252269 1
-3.741633 2.546648 20.019720 1
-0.265710 7.449478 11.851268 1
8.700193 3.197978 0.239395 1
6.062676 1.053522 12.330058 1
-2.903228 5.305022 23.941931 1
-0.847518 7.550664 10.417315 1
9.282001 3.299164 1.673348 1
6.644484 0.952336 13.764011 1
-3.485036 5.203836 22.507978 1
-1.738896 7.886533 11.640890 1
10.173379 3.635032 0.449773 1
7.535862 0.616468 12.540436 1
-4.376413 4.867967 23.731553 1
7.872098 4.243847 7.583264 1
0.562385 8.495347 4.507399 1
-2.075132 4.259153 16.598062 1
5.234581 0.007653 19.673927 1
9.341298 4.419009 7.116564 1
-0.906815 0.167509 4.974099 1
-3.544333 4.083991 17.064762 1
6.703781 8.335491 19.207227 1
8.968219 4.635836 8.608552 1
-0.533736 0.384336 3.482111 1
-3.171253 3.867164 15.572774 1
6.330702 8.118664 20.699215 1
5.858425 7.963059 9.921598 1
2.576058 3.711559 2.169065 1
-0.061459 0.539941 14.259728 1
3.220907 4.791441 22.012261 1
6.043186 6.650196 10.729254 1
2.391297 2.398696 1.361409 1
-0.246220 1.852804 13.452071 1
3.405668 6.104304 22.819917 1
4.238065 7.168879 8.949509 1
4.196418 2.917379 3.141154 1
1.558901 1.334121 15.231817 1
1.600548 5.585621 21.040171 1
5.447990 6.214843 8.772985 1
2.986492 1.963343 3.317678 1
0.348975 2.288157 15.408341 1
2.810473 6.539657 20.863648 1
4.338041 5.876423 9.800691 1
4.096441 1.624923 2.289972 1
1.458924 2.626577 14.380634 1
1.700524 6.878077 21.891354 1
