8.227711 7.032715 0.037523 8
7.100771 22.586596 19.009621 8
11.700215 18.823774 17.646607 8
3.628266 10.795537 1.400536 8
13.902721 20.433305 17.095193 8
1.425760 9.186006 1.951951 8
5.583388 19.022982 16.859960 8
9.745094 10.596329 2.187184 8
7.224209 16.877314 17.868888 8
8.104272 12.741997 1.178256 8
11.035135 11.808308 18.543728 8
4.293346 17.811003 0.503416 8
12.266527 9.747821 16.988719 8
3.061954 19.871490 2.058425 8
3.685020 8.828814 15.361331 8
11.643461 20.790497 3.685813 8
6.173525 9.916471 16.130264 8
9.154957 19.702840 2.916880 8
7.419028 12.154573 17.277664 8
7.909453 17.464738 1.769480 8
9.897975 5.416463 4.470365 8
5.430507 24.202848 14.576779 8
4.533735 5.668256 3.473056 8
10.794746 23.951055 15.574088 8
10.240471 7.660140 10.818397 8
5.088011 21.959171 8.228747 8
10.678427 25.629909 11.787325 8
4.650054 3.989402 7.259819 8
8.279942 24.127319 11.545045 8
7.048539 5.491992 7.502099 8
4.008050 5.533442 10.896300 8
11.320432 24.085869 8.150844 8
2.975625 7.776006 9.436526 8
12.352857 21.843305 9.610617 8
10.054011 12.430923 10.913252 8
5.274470 17.188388 8.133892 8
8.567858 14.671925 11.573045 8
6.760623 14.947385 7.474099 8
6.719313 14.756342 13.866321 8
8.609168 14.862969 5.180823 8
4.203324 14.282559 12.075889 8
11.125157 15.336752 6.971255 8
8.912030 14.861195 12.243504 8
6.416452 14.758116 6.803640 8
5.439676 15.585728 12.647304 8
9.888805 14.033583 6.399840 8
2.684988 14.338049 12.744444 8
12.643493 15.281262 6.302700 8
3.052767 12.632402 9.697091 8
12.275714 16.986909 9.350052 8
9.921397 8.931556 6.017945 8
5.407084 20.687755 13.029199 8
4.511185 9.334937 4.965400 8
10.817297 20.284374 14.081744 8
8.395756 5.767837 0.524939 6
6.932725 23.851473 18.522205 6
10.889040 14.119921 18.790388 6
4.439441 15.499390 0.256755 6
10.733562 14.180285 17.854793 1
4.594919 15.439025 1.192351 1
8.566152 3.384354 0.349706 6
6.762330 26.234957 18.697438 6
8.814742 3.280073 1.707576 6
6.513739 26.339237 17.339567 6
8.969428 2.433578 2.108519 1
6.359054 27.185733 16.938625 1
8.835693 4.442123 2.475557 6
6.492788 25.177188 16.571587 6
8.620921 5.678287 1.895000 6
6.707560 23.941024 17.152144 6
8.627151 6.464194 2.430416 1
6.701331 23.155117 16.616728 1
7.330855 15.596947 18.342590 6
7.997626 14.022364 0.704554 6
7.321728 14.466145 17.549276 6
8.006753 15.153166 1.497867 6
7.237231 14.541653 16.605300 1
8.091251 15.077658 2.441844 1
7.437120 13.213618 18.148690 6
7.891362 16.405692 0.898454 6
5.019874 3.596549 0.478655 6
10.308608 26.022761 18.568489 6
5.070993 2.737910 0.881883 1
10.257488 26.881401 18.165261 1
5.051020 4.747978 1.265302 6
10.277461 24.871333 17.781842 6
4.951960 5.991995 0.677888 6
10.376521 23.627316 18.369256 6
4.981726 6.774223 1.215208 1
10.346756 22.845088 17.831936 1
11.230976 5.420751 4.114754 6
4.097505 24.198559 14.932389 6
1.188351 6.483120 4.605218 6
14.140130 23.136190 14.441925 6
11.565043 7.163629 5.121777 1
3.763438 22.455681 13.925367 1
2.538487 6.548050 4.341796 6
12.789995 23.071261 14.705347 6
3.047963 7.280768 4.670360 1
12.280518 22.338543 14.376784 1
3.164904 5.547614 3.597244 6
12.163577 24.071697 15.449900 6
2.408864 4.522526 3.068114 6
12.919617 25.096785 15.979030 6
2.820342 3.861106 2.525651 1
12.508139 25.758205 16.521493 1
1.043626 4.459264 3.329631 6
14.284855 25.160047 15.717513 6
11.318766 3.750346 2.965640 1
4.009715 25.868965 16.081504 1
10.653635 16.679307 17.665845 6
4.674846 12.940004 1.381299 6
9.878072 16.171620 17.319568 1
5.450409 13.447690 1.727576 1
11.474175 16.341396 17.228142 1
3.854306 13.277915 1.819002 1
10.481512 18.148741 17.384519 6
4.846970 11.470570 1.662625 6
10.222093 18.279982 16.437685 1
5.106389 11.339329 2.609459 1
9.763839 18.518328 17.957647 1
5.564642 11.100983 1.089497 1
11.568572 20.231242 17.492516 6
3.759909 9.388069 1.554628 6
10.817371 20.561431 18.047169 1
4.511111 9.057880 0.999975 1
11.373805 20.447295 16.546254 1
3.954676 9.172015 2.500890 1
12.843639 20.900380 17.914791 6
2.484842 8.718931 1.132353 6
12.756312 21.883307 17.824317 1
2.572169 7.736004 1.222827 1
13.036301 20.692984 18.864291 1
2.292181 8.926327 0.182853 1
4.354585 20.984228 17.503182 6
10.973896 8.635082 1.543961 6
4.525034 20.759619 18.452873 1
10.803448 8.859691 0.594271 1
4.328566 21.970903 17.418613 1
10.999915 7.648407 1.628531 1
5.450072 20.429241 16.645299 6
9.878409 9.190070 2.401845 6
5.245038 20.601603 15.692942 1
10.083443 9.017708 3.354202 1
6.303240 20.880611 16.862436 1
9.025242 8.738699 2.184707 1
6.738706 18.505941 16.213881 6
8.589776 11.113370 2.833263 6
7.543027 18.984384 16.538635 1
7.785454 10.634927 2.508509 1
6.667230 18.651945 15.237715 1
8.661252 10.967366 3.809429 1
6.878146 17.046968 16.491970 6
8.450335 12.572343 2.555174 6
6.025386 16.581559 16.296736 1
9.303095 13.037751 2.750408 1
7.582972 16.659359 15.915793 1
7.745509 12.959951 3.131350 1
8.895628 1.042376 0.024761 6
6.432854 28.576935 19.022383 6
8.312505 0.798625 0.786647 1
7.015976 28.820686 18.260497 1
9.831859 1.073466 0.344753 1
5.496622 28.545845 18.702391 1
11.283186 9.525730 17.975361 6
4.045295 20.093580 1.071783 6
13.396405 28.739577 18.348114 1
1.932077 0.879734 0.699030 1
10.382149 9.594124 17.569085 1
4.946332 20.025187 1.478058 1
12.176257 8.779202 15.970840 6
3.152224 20.840109 3.076304 6
11.262697 8.776795 15.590087 1
4.065784 20.842516 3.457057 1
14.369932 28.007459 16.346259 1
0.958550 1.611852 2.700885 1
2.380578 9.092795 14.895628 6
12.947903 20.526516 4.151515 6
2.194510 8.539665 14.096791 1
13.133972 21.079646 4.950353 1
2.305487 10.045002 14.637730 1
13.022994 19.574309 4.409414 1
4.681805 9.238580 14.431830 6
10.646676 20.380731 4.615313 6
4.562622 10.195672 14.209169 1
10.765859 19.423639 4.837975 1
4.600335 8.713573 13.597756 1
10.728146 20.905738 5.449388 1
6.027120 9.023895 15.036006 6
9.301361 20.595416 4.011138 6
6.112713 8.088681 15.348189 1
9.215768 21.530629 3.698955 1
6.732166 9.194895 14.361546 1
8.596315 20.424416 4.685597 1
7.450533 9.848669 16.725487 6
7.877948 19.770642 2.321656 6
8.148176 10.052014 16.052933 1
7.180306 19.567297 2.994211 1
7.611855 8.937675 17.075764 1
7.716626 20.681635 1.971379 1
7.508327 10.849305 17.847174 6
7.820154 18.770006 1.199970 6
6.757412 10.700105 18.475730 1
8.571069 18.919206 0.571414 1
8.356961 10.752278 18.346209 1
6.971520 18.867033 0.700935 1
9.093550 4.340655 3.968282 6
6.234931 25.278656 15.078862 6
8.227038 4.337056 4.445603 1
7.101444 25.282255 14.601540 1
9.548158 3.482202 4.159896 1
5.780323 26.137109 14.887248 1
5.221968 4.641395 2.757455 6
10.106513 24.977916 16.289689 6
4.886595 3.759689 3.057067 1
10.441886 25.859622 15.990077 1
6.187010 4.688926 2.975164 1
9.141471 24.930385 16.071980 1
10.271861 8.890843 10.215174 6
5.056620 20.728467 8.831970 6
10.142551 10.092717 10.893062 6
5.185930 19.526593 8.154082 6
10.027669 10.107608 11.835895 1
5.300812 19.511703 7.211249 1
10.185001 11.285229 10.160318 6
5.143480 18.334082 8.886826 6
10.338841 11.277819 8.778638 6
4.989640 18.341492 10.268506 6
10.352479 12.090384 8.287412 1
4.976002 17.528927 10.759732 1
10.473480 10.051331 8.129702 6
4.855001 19.567980 10.917442 6
10.458632 8.866080 8.835018 6
4.869849 20.753231 10.212126 6
10.575965 8.038244 8.382648 1
4.752516 21.581067 10.664496 1
3.083217 9.032361 8.921111 6
12.245264 20.586949 10.126033 6
2.977675 10.200543 9.679187 6
12.350806 19.418768 9.367957 6
2.816250 10.155167 10.614973 1
12.512231 19.464144 8.432171 1
3.112625 11.424950 9.047584 6
12.215856 18.194361 9.999560 6
3.356516 11.504552 7.683808 6
11.971965 18.114759 11.363336 6
3.449438 12.350443 7.262676 1
11.879043 17.268868 11.784468 1
3.463388 10.336602 6.941541 6
11.865093 19.282709 12.105603 6
3.322273 9.100556 7.551812 6
12.006208 20.518755 11.495332 6
3.387981 8.303842 7.037920 1
11.940500 21.315469 12.009224 1
8.550958 9.101278 5.881187 6
6.777523 20.518033 13.165957 6
7.903581 8.088191 5.189585 6
7.424901 21.531120 13.857559 6
8.387653 7.319885 4.910354 1
6.940828 22.299426 14.136790 1
6.552088 8.193109 4.904640 6
8.776393 21.426202 14.142504 6
6.111914 7.504577 4.420842 1
9.216567 22.114734 14.626302 1
5.841692 9.308757 5.329581 6
9.486789 20.310554 13.717563 6
6.473670 10.293137 6.052420 6
8.854811 19.326174 12.994723 6
5.980631 11.044041 6.361746 1
9.347850 18.575270 12.685398 1
7.841589 10.193246 6.334128 6
7.486893 19.426064 12.713016 6
8.277900 10.872942 6.834115 1
7.050582 18.746368 12.213029 1
9.756379 7.585053 12.165792 6
5.572102 22.034257 6.881352 6
8.861051 8.001744 12.230171 1
6.467430 21.617567 6.816973 1
10.369854 8.067979 12.774919 1
4.958627 21.551332 6.272224 1
11.692914 26.264764 12.548639 6
3.635567 3.354547 6.498505 6
12.564430 25.826673 12.378739 1
2.764051 3.792638 6.668405 1
11.488214 26.183184 13.513949 1
3.840267 3.436127 5.533195 1
10.598566 24.231451 12.070937 6
4.729915 5.387860 6.976207 6
10.370405 24.097696 13.024437 1
4.958076 5.521615 6.022707 1
11.478169 23.808208 11.902560 1
3.850312 5.811103 7.144584 1
9.558536 23.587078 11.210577 6
5.769945 6.032232 7.836566 6
9.757013 23.758776 10.256887 1
5.571468 5.860535 8.790257 1
9.559281 22.608895 11.357812 1
5.769201 7.010415 7.689332 1
7.259162 23.616802 10.700876 6
8.069319 6.002509 8.346268 6
7.200261 22.632619 10.799731 1
8.128221 6.986692 8.247413 1
7.470251 23.821043 9.755947 1
7.858230 5.798268 9.291197 1
5.952421 24.247093 11.079533 6
9.376061 5.372218 7.967611 6
5.227430 23.872737 10.517833 1
10.101051 5.746573 8.529311 1
5.745821 24.042997 12.026367 1
9.582660 5.576314 7.020777 1
2.768463 6.178127 11.163721 6
12.560018 23.441184 7.883422 6
2.525939 6.052965 12.115888 1
12.802542 23.566345 6.931256 1
2.055173 5.776039 10.607354 1
13.273308 23.843271 8.439789 1
2.882274 7.632736 10.859920 6
12.446207 21.986575 8.187224 6
2.087607 8.116063 11.199721 1
13.240874 21.503248 7.847423 1
3.687813 8.010575 11.294956 1
11.640668 21.608736 7.752188 1
10.016810 13.674729 10.198222 6
5.311671 15.944582 8.848922 6
9.228189 13.698452 9.599760 1
6.100292 15.920859 9.447383 1
10.831107 13.770601 9.643569 1
4.497375 15.848710 9.403575 1
9.937352 14.801794 11.204101 6
5.391130 14.817516 7.843042 6
8.274859 15.819144 12.413024 6
7.053622 13.800167 6.634120 6
8.331755 16.657883 11.891132 1
6.996726 12.961428 7.156012 1
8.910240 15.868940 13.171100 1
6.418241 13.750371 5.876044 1
7.631628 15.239057 11.822562 6
7.696853 14.380254 7.224582 6
7.217423 14.491321 11.319718 1
8.111058 15.127990 7.727426 1
7.701891 16.014000 11.213054 1
7.626590 13.605310 7.834090 1
6.804001 15.579315 12.929201 6
8.524480 14.039996 6.117943 6
5.370419 14.485410 14.211074 6
9.958062 15.133900 4.836070 6
4.886568 15.346868 14.275834 1
10.441913 14.272443 4.771310 1
5.356340 14.067153 15.108195 1
9.972141 15.552158 3.938949 1
4.624635 13.594964 13.264431 6
10.703846 16.024347 5.782713 6
5.205562 12.834739 13.011104 1
10.122919 16.784572 6.036040 1
3.829565 13.228988 13.725372 1
11.498916 16.390323 5.321772 1
4.554970 15.630973 13.759657 6
10.773511 13.988338 5.287487 6
4.719687 16.458643 14.281548 1
10.608794 13.160668 4.765595 1
4.722611 14.854587 14.350118 1
10.605870 14.764724 4.697026 1
3.122673 15.607080 13.279669 6
12.205809 14.012231 5.767475 6
13.326841 15.852095 14.037745 1
2.001640 13.767216 5.009399 1
3.012110 16.299164 12.580639 1
12.316371 13.320147 6.466505 1
2.917804 14.100772 11.525427 6
12.410678 15.518539 7.521717 6
2.755912 12.652567 11.082962 6
12.572569 16.966744 7.964182 6
3.379708 12.067430 11.580663 1
11.948773 17.551880 7.466480 1
12.624449 12.343109 11.245434 1
2.704033 17.276202 7.801710 1
10.655641 10.008163 6.624597 6
4.672841 19.611147 12.422547 6
10.353145 10.866666 6.236035 1
4.975337 18.752644 12.811109 1
11.617690 9.902268 6.416983 1
3.710791 19.717043 12.630161 1
3.705764 10.418445 5.452245 6
11.622717 19.200866 13.594899 6
2.834020 10.411044 4.982733 1
12.494461 19.208267 14.064411 1
4.155234 11.275694 5.243679 1
11.173247 18.343616 13.803465 1
5.852302 10.618421 11.814943 8
9.476179 19.000890 7.232201 8
6.377471 10.786088 10.548308 6
8.951010 18.833223 8.498836 6
6.590172 9.491992 9.841659 6
8.738310 20.127319 9.205485 6
5.950506 9.414400 9.104535 1
9.377975 20.204911 9.942609 1
6.457046 8.752706 10.470215 1
8.871435 20.866605 8.576929 1
7.503063 9.458304 9.487382 1
7.825418 20.161007 9.559761 1
6.590153 11.994189 9.923562 6
8.738328 17.625122 9.123582 6
5.858794 12.607571 10.140699 1
9.469687 17.011739 8.906444 1
6.623647 11.858190 8.952158 1
8.704834 17.761120 10.094986 1
7.440322 12.375520 10.228316 1
7.888159 17.243791 8.818828 1
10.084473 10.500663 14.202884 8
5.244008 19.118647 4.844260 8
9.847043 11.639789 14.340595 6
5.481439 17.979522 4.706549 6
10.776582 12.588630 14.814868 6
4.551900 17.030681 4.232275 6
11.212614 12.244494 15.622467 1
4.115867 17.374817 3.424676 1
10.311188 13.425521 15.028196 1
5.017293 16.193789 4.018947 1
11.452174 12.758167 14.125362 1
3.876307 16.861144 4.921782 1
8.512108 12.131914 14.035840 6
6.816374 17.487397 5.011304 6
8.558214 12.760127 13.285383 1
6.770267 16.859184 5.761761 1
8.143048 12.585440 14.820583 1
7.185433 17.033871 4.226561 1
7.933136 11.377385 13.793942 1
7.395345 18.241925 5.253202 1
11.692578 14.853130 0.695221 6
3.635903 14.766180 18.351923 6
12.541746 15.868529 2.780883 8
2.786735 13.750782 16.266261 8
11.600585 17.352147 1.287587 6
3.727896 12.267164 17.759557 6
11.799503 17.969222 2.020902 1
3.528978 11.650089 17.026242 1
10.642708 17.389547 1.079973 1
4.685773 12.229764 17.967171 1
12.116484 17.607274 0.495226 1
3.211997 12.012037 18.551918 1
11.985368 15.892357 1.714243 6
3.343113 13.726954 17.332901 6
14.078149 26.612487 18.812864 8
1.250332 3.006824 0.234280 8
11.587253 16.362065 0.678078 6
3.741229 13.257246 18.369066 6
11.598158 16.910536 2.158041 6
3.730323 12.708775 16.889102 6
12.522049 17.093533 2.432320 1
2.806432 12.525778 16.614824 1
11.207155 16.240588 2.756122 1
4.121326 13.378723 16.291022 1
11.073549 17.736336 2.203755 1
4.254932 11.882974 16.843389 1
6.148654 6.870302 12.411119 8
9.179827 22.749008 6.636025 8
3.104516 17.665299 16.082265 8
12.223965 11.954012 2.964878 8
9.887936 16.014974 14.715823 8
5.440545 13.604337 4.331321 8
12.598068 15.785386 14.586303 8
2.730413 13.833925 4.460841 8
