2.322525 8.574686 10.213857 16
14.358970 11.223997 6.437904 16
8.224401 5.504940 14.111535 16
8.457095 14.293743 2.540226 16
2.426680 4.940104 12.645680 7
14.254816 14.858579 4.006081 7
4.526860 17.570404 14.034271 7
12.154635 2.228279 2.617490 7
9.335658 9.582741 14.390285 7
7.345837 10.215942 2.261476 7
11.567695 10.749216 12.868148 7
5.113801 9.049467 3.783613 7
2.032583 9.778224 11.411452 6
14.648912 10.020459 5.240309 6
2.565965 9.388675 12.587066 6
14.115531 10.410007 4.064695 6
2.533524 9.941336 13.369699 1
14.147972 9.857347 3.282062 1
3.195599 8.117882 12.547102 6
13.485897 11.680801 4.104659 6
3.591409 7.689676 13.309752 1
13.090086 12.109007 3.342008 1
3.149612 7.536908 11.307545 6
13.531883 12.261775 5.344216 6
3.693247 6.176694 10.889752 6
12.988248 13.621989 5.762009 6
3.637067 5.249833 12.070695 6
13.044428 14.548850 4.581066 6
8.933171 18.355046 12.780226 6
7.748324 1.443637 3.871534 6
5.525591 4.573645 12.597057 1
11.155905 15.225038 4.054704 1
8.295168 17.624623 13.790822 6
8.386328 2.174060 2.860939 6
8.721181 17.054528 14.435411 1
7.960315 2.744155 2.216349 1
6.943820 17.860580 13.714723 6
9.737675 1.938103 2.937038 6
5.821792 17.325733 14.434079 6
10.859703 2.472949 2.217682 6
5.743122 16.461327 15.489967 6
10.938374 3.337356 1.161793 6
6.489409 16.114127 15.984025 1
10.192087 3.684556 0.667736 1
4.382480 16.186624 15.726256 6
12.299015 3.612059 0.925505 6
4.019644 15.611036 16.405315 1
12.661851 4.187647 0.246446 1
15.664406 16.878683 14.819568 6
1.017089 2.920000 1.832193 6
14.182943 17.002166 14.588441 6
2.498552 2.796517 2.063320 6
13.740524 18.406687 14.999074 6
2.940971 1.391996 1.652687 6
14.139670 19.120124 16.074444 6
2.541825 0.678559 0.577317 6
14.472905 12.778814 0.053286 1
2.208590 7.019869 16.598475 1
9.168612 6.589477 16.177685 6
7.512883 13.209206 0.474076 6
9.035874 1.203771 0.236455 1
7.645621 18.594912 16.415306 1
8.294403 6.852570 15.182909 6
8.387092 12.946113 1.468852 6
7.426310 8.078483 15.002903 6
9.255186 11.720200 1.648857 6
8.246052 9.324846 15.181577 6
8.435444 10.473837 1.470184 6
8.077801 10.438097 15.977531 6
8.603694 9.360586 0.674230 6
7.396080 10.547922 16.645100 1
9.285416 9.250761 0.006661 1
9.087182 11.367279 15.651656 6
7.594314 8.431404 1.000105 6
9.213868 12.235966 16.037311 1
7.467627 7.562717 0.614450 1
9.868890 10.823537 14.668203 6
6.812606 8.975146 1.983558 6
10.985800 11.377213 13.951345 6
5.695696 8.421470 2.700416 6
11.640024 12.574320 14.089055 6
5.041472 7.224363 2.562706 6
11.460463 13.230581 14.765116 1
5.221033 6.568102 1.886645 1
12.614647 12.664705 13.066637 6
4.066848 7.133978 3.585124 6
13.217738 13.397157 12.921766 1
3.463758 6.401526 3.729994 1
12.559368 11.520247 12.317974 6
4.122128 8.278436 4.333787 6
13.304975 11.065687 11.100064 6
3.376521 8.732996 5.551697 6
2.836003 5.603575 9.736951 6
13.845492 14.195108 6.914810 6
1.922284 5.524798 10.019364 1
14.759211 14.273885 6.632396 1
2.885961 6.183243 8.973634 1
13.795535 13.615440 7.678127 1
3.174850 4.735891 9.503160 1
13.506645 15.062792 7.148601 1
5.145646 6.322967 10.400690 6
11.535849 13.475716 6.251071 6
5.690817 6.688370 11.100064 1
10.990679 13.110313 5.551697 1
5.470318 5.450963 10.162570 1
11.211177 14.347720 6.489191 1
5.181428 6.898315 9.633044 1
11.500067 12.900368 7.018717 1
13.864630 16.733244 13.101439 6
2.816865 3.065439 3.550322 6
14.331427 17.375184 12.560423 1
2.350069 2.423499 4.091338 1
14.144453 15.847686 12.860155 1
2.537042 3.950997 3.791606 1
12.918904 16.820930 12.958400 1
3.762592 2.977753 3.693361 1
13.434633 15.969377 15.452834 6
3.246862 3.829306 1.198927 6
13.634619 16.128247 16.378672 1
3.046877 3.670436 0.273089 1
12.488500 16.056225 15.311294 1
4.192996 3.742458 1.340467 1
13.714049 15.082981 15.213049 1
2.967446 4.715702 1.438712 1
6.799913 8.103727 13.597328 6
9.881582 11.694955 3.054432 6
7.495410 8.126841 12.935088 1
9.186086 11.671842 3.716673 1
6.257487 7.323536 13.464614 1
10.424008 12.475146 3.187147 1
6.254838 8.889529 13.516234 1
10.426657 10.909154 3.135527 1
6.280369 8.041648 16.032315 6
10.401126 11.757035 0.619446 6
6.335529 2.005419 0.268093 1
10.345966 17.793264 16.383667 1
5.739555 8.828158 15.934070 1
10.941941 10.970525 0.717691 1
5.742204 7.262165 15.882449 1
10.939291 12.536518 0.769311 1
12.316070 10.859883 9.933275 6
4.365425 8.938800 6.718486 6
11.670725 10.185649 10.159239 1
5.010771 9.613034 6.492522 1
11.865457 11.690537 9.766258 1
4.816038 8.108146 6.885503 1
12.795978 10.592698 9.146812 1
3.885518 9.205985 7.504949 1
14.341348 12.148430 10.683770 6
2.340147 7.650253 5.967991 6
2.943236 12.270644 11.404791 1
13.738259 7.528039 5.246970 1
14.815089 11.876086 9.894476 1
1.866406 7.922597 6.757285 1
13.883801 12.975305 10.513922 1
2.797694 6.823378 6.137839 1
11.822534 6.038421 12.329130 8
4.858962 13.760262 4.322631 8
10.778808 8.017603 12.486656 8
5.902688 11.781080 4.165105 8
11.556573 7.132618 12.935421 6
5.124922 12.666065 3.716340 6
12.204016 7.345265 14.289376 6
4.477479 12.453418 2.362385 6
0.837019 6.661994 14.452063 1
15.844476 13.136689 2.199698 1
11.528791 7.323844 14.971598 1
5.152705 12.474839 1.680163 1
12.619286 8.211306 14.312188 1
4.062209 11.587377 2.339572 1
1.712803 5.257515 12.432205 1
14.968692 14.541168 4.219556 1
16.319525 18.207580 13.541212 1
0.361970 1.591103 3.110549 1
9.667365 9.063642 13.845939 1
7.014131 10.735040 2.805822 1
11.339970 9.997916 12.632026 1
5.341525 9.800767 4.019735 1
9.309425 6.088696 4.682475 7
7.372071 13.709987 11.969286 7
9.834478 6.343357 3.282062 6
6.847018 13.455326 13.369699 6
9.233838 6.939846 2.829134 1
7.447658 12.858836 13.822627 1
9.803092 5.499625 2.824139 1
6.878403 14.299058 13.827622 1
11.202929 6.884645 3.127201 6
5.478566 12.914038 13.524560 6
11.837123 6.266994 3.498535 1
4.844372 13.531689 13.153226 1
11.271885 7.718614 3.600111 1
5.409610 12.080069 13.051650 1
11.506446 7.103946 1.575257 6
5.175049 12.694737 15.076504 6
10.954201 7.812823 1.238891 1
5.727294 11.985860 15.412870 1
11.294703 6.301629 1.090690 1
5.386792 13.497054 15.561070 1
12.890266 7.441276 1.378766 6
3.791230 12.357407 15.272995 6
13.067706 7.573154 0.444602 1
3.613789 12.225529 16.207159 1
13.093634 8.246529 1.860002 1
3.587861 11.552154 14.791759 1
13.436636 6.723701 1.710136 1
3.244859 13.074981 14.941625 1
7.942049 5.489234 4.557587 6
8.739446 14.309448 12.094174 6
8.015449 4.664251 4.071356 1
8.666046 15.134432 12.580405 1
7.398930 6.087897 4.038052 1
9.282565 13.710786 12.613709 1
7.213344 5.219011 5.823121 6
9.468151 14.579672 10.828640 6
7.020595 6.046126 6.269388 1
9.660900 13.752557 10.382373 1
7.778669 4.689576 6.389281 1
8.902826 15.109107 10.262480 1
5.935862 4.487295 5.553362 6
10.745633 15.311388 11.098399 6
6.141493 3.660604 5.112091 1
10.540002 16.138079 11.539670 1
5.393857 5.014014 4.960560 1
11.287638 14.784669 11.691201 1
5.145914 4.184370 6.785593 6
11.535581 15.614313 9.866168 6
4.337468 3.713224 6.569120 1
12.344028 16.085459 10.082641 1
5.681175 3.646196 7.373400 1
11.000320 16.152487 9.278361 1
4.926604 5.011417 7.220203 1
11.754892 14.787266 9.431557 1
9.307321 7.270489 5.576675 6
7.374174 12.528194 11.075086 6
10.207883 7.580158 5.704893 1
6.473612 12.218525 10.946868 1
8.957983 7.008321 6.432575 1
7.723513 12.790362 10.219186 1
8.524662 8.367681 5.070461 6
8.156833 11.431002 11.581300 6
7.663379 8.022077 4.827345 1
9.018117 11.776606 11.824415 1
8.943038 8.707242 4.276172 1
7.738457 11.091441 12.375589 1
8.373362 9.578786 6.126183 6
8.308134 10.219897 10.525578 6
7.888997 9.256773 6.888833 1
8.792499 10.541910 9.762927 1
7.859196 10.281561 5.723210 1
8.822299 9.517122 10.928551 1
9.653150 10.193898 6.604088 6
7.028345 9.604785 10.047672 6
9.509770 10.905052 7.233525 1
7.171725 8.893631 9.418236 1
10.162319 9.494550 7.020382 1
6.519177 10.304133 9.631378 1
10.133511 10.530904 5.844768 1
6.547984 9.267778 10.806993 1
10.360352 5.507168 5.708224 6
6.321143 14.291515 10.943537 6
9.930462 5.376371 6.557463 1
6.751033 14.422312 10.094297 1
11.112567 6.091036 5.828116 1
5.568928 13.707647 10.823645 1
10.794746 4.177851 5.226988 6
5.886750 15.620832 11.424773 6
11.258470 4.323353 4.399395 1
5.423025 15.475330 12.252366 1
10.029188 3.626565 5.052144 1
6.652307 16.172118 11.599617 1
10.042710 4.676658 5.118751 6
6.638786 15.122025 11.533010 6
10.146142 4.125199 4.339449 1
6.535353 15.673484 12.312312 1
9.474708 4.219276 5.743192 1
7.206788 15.579406 10.908569 1
11.332795 4.909791 5.738197 6
5.348700 14.888892 10.913564 6
11.256358 5.537362 6.460883 1
5.425138 14.261321 10.190878 1
11.952193 5.251969 5.088778 1
4.729302 14.546714 11.562983 1
11.772915 3.513085 6.236084 6
4.908581 16.285598 10.415676 6
12.007472 2.677121 5.826451 1
4.674024 17.121562 10.825310 1
11.241489 3.294928 7.003731 1
5.440006 16.503755 9.648030 1
1.014501 4.025239 6.795584 6
15.666994 15.773444 9.856177 6
1.605831 3.310725 7.043695 1
15.075664 16.487957 9.608066 1
0.824303 4.574827 7.558234 1
15.857192 15.223856 9.093527 1
1.428957 4.577330 6.127848 1
15.252538 15.221353 10.523913 1
10.962282 7.160475 8.941496 17
5.719213 12.638208 7.710265 17
8.647439 5.449357 9.301840 17
8.034056 14.349326 7.349921 17
9.838699 6.332438 10.132596 6
6.842797 13.466245 6.519164 6
8.451737 6.872436 9.316660 17
8.229758 12.926247 7.335101 17
10.287910 7.487083 8.937000 17
6.393586 12.311600 7.714761 17
9.163479 4.896568 9.386598 17
7.518017 14.902115 7.265163 17
10.908868 5.265529 9.411575 17
5.772627 14.533154 7.240186 17
