2.010673 1.099461 1.501129 8
7.799438 6.270961 9.345179 8
1.263101 2.537138 3.001173 8
8.547010 7.708638 7.845134 8
0.042970 10.023401 0.207164 8
9.767142 4.851901 10.639143 8
9.549945 10.228193 10.319177 1
0.260167 5.056693 0.527131 1
7.229764 0.970173 10.497924 7
2.580348 6.141673 0.348383 7
1.083567 1.697286 1.969689 6
8.726544 6.868786 8.876618 6
10.101504 1.642468 1.586815 6
-0.291393 6.813968 9.259493 6
9.943686 2.230985 0.819981 1
-0.133575 7.402485 10.026327 1
9.410108 2.215471 2.814617 6
0.400004 7.386971 8.031691 6
8.614907 2.714003 2.570575 1
1.195205 7.885503 8.275733 1
9.165257 1.514215 3.439364 1
0.644855 6.685715 7.406943 1
-0.000554 3.117380 3.393810 6
9.810665 8.288880 7.452498 6
-0.089109 4.016187 3.040220 1
9.899220 9.187687 7.806087 1
-0.074511 3.153581 4.360216 1
9.884623 8.325081 6.486092 1
9.673000 0.218237 1.231056 6
0.137112 5.389737 9.615252 6
9.790139 10.006853 2.030429 1
0.019972 4.835352 8.815879 1
8.206270 0.142733 0.826489 6
1.603842 5.314233 10.019819 6
7.704005 0.531630 1.572715 1
2.106106 5.703130 9.273593 1
7.736173 9.000479 0.726703 6
2.073938 3.828979 10.119605 6
6.878055 8.966347 0.276581 1
2.932056 3.794847 10.569727 1
8.373164 8.498843 0.193064 1
1.436948 3.327343 10.653243 1
7.611862 8.361281 2.077068 6
2.198250 3.189781 8.769240 6
6.473256 8.535044 2.825463 6
3.336856 3.363544 8.020844 6
5.771314 9.035645 2.475127 1
4.038798 3.864145 8.371180 1
6.345542 7.988933 4.076042 6
3.464569 2.817433 6.770265 6
5.561859 8.113049 4.560872 1
4.248252 2.941549 6.285435 1
7.373374 7.260786 4.609681 6
2.436737 2.089286 6.236627 6
7.298892 6.899815 5.463285 1
2.511219 1.728315 5.383022 1
8.513419 7.070475 3.872132 6
1.296692 1.898975 6.974176 6
9.212745 6.572976 4.231145 1
0.597366 1.401477 6.615163 1
8.636686 7.597968 2.625891 6
1.173426 2.426468 8.220416 6
9.412259 7.446960 2.136723 1
0.397852 2.275460 8.709585 1
5.818550 1.408717 10.526341 6
3.991561 6.580217 0.319966 6
5.249310 0.636095 10.665174 1
4.560802 5.807594 0.181133 1
5.588922 1.795545 9.666229 1
4.221190 6.967045 1.180078 1
6.207056 2.407850 0.749480 6
3.603055 7.579350 10.096828 6
5.347253 2.152378 1.785302 6
4.462858 7.323878 9.061005 6
4.903711 1.335281 1.817841 1
4.906401 6.506781 9.028466 1
5.124053 3.081180 2.779909 6
4.686058 8.252680 8.066399 6
4.527874 2.893971 3.469734 1
5.282238 8.065471 7.376574 1
5.786293 4.283036 2.747370 6
4.023818 9.454536 8.098938 6
5.656285 4.901548 3.428518 1
4.153826 10.073048 7.417790 1
6.618236 4.566434 1.739748 6
3.191875 9.737934 9.106560 6
7.057593 5.386634 1.724563 1
2.752518 0.215134 9.121745 1
6.838035 3.657285 0.714772 6
2.972076 8.828785 10.131536 6
7.400729 3.876556 0.007592 1
2.409382 9.048056 10.838715 1
7.536725 0.336147 9.224785 6
2.273386 5.507648 1.621523 6
6.888217 9.975824 9.064259 1
2.921894 4.804324 1.782048 1
8.410928 10.264393 9.286608 1
1.399184 5.092893 1.559699 1
7.530827 1.280463 8.038198 6
2.279284 6.451963 2.808109 6
7.885297 2.619882 8.164016 6
1.924815 7.791382 2.682292 6
8.133563 2.961201 8.992674 1
1.676548 8.132701 1.853634 1
7.868739 3.430773 7.067454 6
1.941372 8.602273 3.778854 6
8.086587 4.329580 7.168325 1
1.723524 9.501080 3.677983 1
7.543231 2.968441 5.836398 6
2.266881 8.139941 5.009909 6
7.553033 3.537306 5.101018 1
2.257078 8.708806 5.745289 1
7.197394 1.637297 5.688888 6
2.612718 6.808797 5.157419 6
6.963122 1.301149 4.853723 1
2.846989 6.472649 5.992585 1
7.203030 0.819166 6.793042 6
2.607082 5.990666 4.053265 6
6.975829 10.266462 6.691087 1
2.834283 5.094962 4.155220 1
