3.782280 7.154070 12.156484 8
9.534827 6.145930 5.934514 8
2.843860 5.365220 5.746611 8
8.557313 7.934780 11.968580 8
3.668459 4.984840 1.305369 8
9.381912 8.315160 7.527338 8
5.191547 7.107520 9.936485 8
10.944093 6.192480 3.714516 8
3.514531 2.931320 8.329972 6
9.267078 10.368680 2.108003 6
3.094870 2.538970 9.061676 1
8.847417 10.761030 2.839707 1
2.806122 3.787840 7.539782 6
8.558669 9.512160 1.317813 6
3.441135 4.406290 6.509424 6
9.193682 8.893710 0.287455 6
4.750544 4.091080 6.147306 6
10.463997 9.208920 12.369275 6
5.155365 4.459490 5.394447 1
10.868818 8.840510 11.616417 1
5.435818 3.168060 7.002204 6
11.188365 10.131940 0.780235 6
4.862603 2.622760 8.069894 6
10.615150 10.677240 1.847925 6
5.623108 1.830080 9.066654 6
11.375655 11.469920 2.844684 6
5.844953 2.193170 10.350868 6
0.131500 11.106830 4.128899 6
5.443109 3.560410 10.885957 6
11.195656 9.739590 4.663988 6
4.793761 3.587010 12.099241 6
10.546308 9.712990 5.877272 6
4.274173 4.807950 0.111995 6
9.987626 8.492050 6.333965 6
4.328209 5.963720 11.744589 6
10.080756 7.336280 5.522620 6
5.062272 5.878600 10.573615 6
10.814819 7.421400 4.351645 6
5.603705 4.705540 10.133099 6
11.356252 8.594460 3.911130 6
6.076328 4.678940 9.331710 1
0.362875 8.621060 3.109740 1
2.326333 7.143430 12.081820 6
8.078880 6.156570 5.859851 6
2.032840 7.968030 0.026132 1
7.746293 5.331970 6.248102 1
2.036934 6.411930 0.182926 1
7.750387 6.888070 6.404895 1
1.763008 7.005110 10.731653 6
7.515555 6.294890 4.509683 6
1.937922 8.139600 9.800846 6
7.690469 5.160400 3.578877 6
1.505676 7.808430 8.333706 6
7.258223 5.491570 2.111736 6
2.501952 6.935950 7.641823 6
8.254499 6.364050 1.419853 6
1.930210 6.254990 6.416095 6
7.682757 7.045010 0.194125 6
3.628969 3.798480 2.196355 6
9.342422 9.501520 8.418324 6
6.065444 7.122150 8.781687 6
0.351991 6.177850 2.559718 6
5.850563 0.500080 0.900941 8
0.098016 12.799920 7.122910 8
6.795788 12.067090 7.334457 8
1.082335 1.232910 1.112488 8
6.004511 11.590950 11.753300 8
0.291058 1.709050 5.531331 8
4.424043 0.456190 3.138361 8
10.137496 12.843810 9.360331 8
6.085045 9.522800 4.732430 6
0.332498 3.777200 10.954399 6
6.513800 9.097200 4.025614 1
0.761253 4.202800 10.247583 1
6.811811 10.388630 5.518887 6
1.059264 2.911370 11.740856 6
7.714729 10.524290 5.345916 1
1.962182 2.775710 11.567885 1
6.190432 11.072250 6.589065 6
0.476979 2.227750 0.367096 6
4.895111 10.726450 6.846655 6
10.647658 2.573550 0.624686 6
4.484603 11.117470 7.584581 1
10.237150 2.182530 1.362611 1
4.177322 9.873920 6.122418 6
9.890775 3.426080 12.344387 6
3.303973 9.671760 6.372541 1
9.056520 3.628240 0.150572 1
4.750876 9.260790 4.946466 6
10.464329 4.039210 11.168435 6
3.994849 8.488060 3.984549 6
9.708302 4.811940 10.206518 6
3.763506 8.924300 2.803619 6
9.476959 4.375700 9.025589 6
4.226328 10.183810 2.202577 6
9.939781 3.116190 8.424546 6
4.836804 10.259620 0.953206 6
10.550257 3.040380 7.175175 6
4.887804 9.504180 0.413139 1
10.601258 3.795820 6.635108 1
5.362153 11.451300 0.522645 6
11.075606 1.848700 6.744615 6
5.290960 12.577810 1.285459 6
11.004413 0.722190 7.507428 6
4.552229 12.596430 2.482566 6
10.265682 0.703570 8.704535 6
4.017699 11.375490 2.915615 6
9.731153 1.924510 9.137584 6
3.511895 11.352880 3.694605 1
9.225348 1.947120 9.916575 1
7.282576 0.535990 0.929562 6
1.530029 12.764010 7.151532 6
7.844606 0.323190 2.327017 6
2.092059 12.976810 8.548986 6
8.791944 0.125020 2.248620 1
3.039397 13.174980 8.470589 1
7.415713 12.843810 2.712779 1
1.663166 0.456190 8.934748 1
7.671825 1.516200 3.308843 6
1.919278 11.783800 9.530813 6
8.118142 1.187690 4.676432 6
2.365595 12.112310 10.898401 6
7.144525 0.251370 5.455423 6
1.391978 13.048630 11.677392 6
7.764632 12.875730 6.615198 6
2.051179 0.424270 0.393228 6
5.975256 10.565520 10.846137 6
0.261803 2.734480 4.624168 6
3.617822 0.502740 4.284448 6
9.331275 12.797260 10.506417 6
1.837832 3.955420 7.717731 1
7.590379 9.344580 1.495761 1
6.510510 2.984520 6.897675 1
0.797057 10.315480 0.675706 1
5.996042 1.142470 8.974569 1
0.282589 12.157530 2.752599 1
6.211954 1.484280 11.052706 1
0.498501 11.815720 4.830737 1
4.757686 2.751770 0.223991 1
10.471139 10.548230 6.445960 1
2.048752 6.165880 10.289893 1
7.801299 7.134120 4.067924 1
0.785987 6.829550 10.768984 1
6.538534 6.470450 4.547015 1
2.919904 8.445500 9.644052 1
8.672451 4.854500 3.422083 1
1.247994 8.916320 10.062169 1
7.000541 4.383680 3.840199 1
1.484355 8.751400 7.821015 1
7.236902 4.548600 1.599046 1
0.595559 7.449330 8.608717 1
6.348106 5.850670 2.386747 1
3.004380 6.411930 8.302596 1
8.756927 6.888070 2.080627 1
3.307134 7.365540 7.191352 1
9.059681 5.934460 0.969383 1
1.435792 6.586160 5.760299 1
7.149245 6.713840 11.982268 1
1.173490 5.867960 6.769503 1
6.926037 7.432040 0.547533 1
4.636361 3.475290 2.345682 1
10.349814 9.824710 8.567652 1
3.603809 2.964570 1.810593 1
9.317262 10.335430 8.032562 1
3.430128 4.330480 3.078630 1
9.143581 8.969520 9.300600 1
6.087364 6.308190 8.008919 1
0.373911 6.991810 1.786950 1
5.835390 8.038520 8.285174 1
0.121937 5.261480 2.063205 1
6.982361 7.006440 9.262023 1
1.268908 6.293560 3.040054 1
3.717017 7.354900 4.462396 1
9.430470 5.945100 10.684366 1
3.204472 8.663620 2.277241 1
8.917925 4.636380 8.499210 1
7.693037 13.186950 0.206569 1
1.940490 0.113050 6.428539 1
7.412012 1.481620 0.606020 1
1.659465 11.818380 6.827989 1
6.679792 1.651860 3.015166 1
0.927245 11.648140 9.237136 1
8.179580 2.328830 3.003967 1
2.427033 10.971170 9.225936 1
9.027988 0.570570 4.853136 1
3.275441 12.729430 11.075105 1
8.525880 1.659840 5.185389 1
2.773333 11.640160 11.407359 1
6.364493 0.794010 5.564929 1
0.611946 12.505990 11.786899 1
6.973398 12.753370 4.815804 1
1.220851 0.546630 11.037774 1
8.603316 12.225360 6.449693 1
2.889863 1.074640 0.227724 1
7.980429 0.402990 7.269749 1
2.266976 12.897010 1.047780 1
5.130684 10.569510 10.330958 1
10.883231 2.730490 4.108989 1
6.702280 9.893870 11.185856 1
0.988827 3.406130 4.963887 1
6.598797 10.776990 10.182875 1
0.885344 2.523010 3.960906 1
3.401996 1.474970 4.369067 1
9.115449 11.825030 10.591036 1
4.051411 13.252120 4.958910 1
9.764864 0.047880 11.180879 1
2.758107 0.188860 4.209784 1
8.471560 13.111140 10.431754 1
