0.439378 7.343166 4.752547 8
8.148499 2.717666 7.015261 8
0.139927 8.508792 10.039117 8
8.447950 3.883292 1.728691 8
0.947123 1.062200 9.094397 8
7.640754 5.687700 2.673411 8
0.496013 0.253662 4.484947 8
8.091864 4.879162 7.282861 8
0.932624 9.115935 9.117109 6
7.655253 4.490435 2.650699 6
0.882132 8.429511 4.106730 6
7.705745 3.804011 7.661078 6
1.764261 8.206562 2.910767 6
6.823616 3.581062 8.857040 6
2.257425 9.021575 2.728955 1
6.330452 4.396075 9.038853 1
1.205705 8.022467 2.139387 1
7.382172 3.396967 9.628420 1
1.687248 8.227839 8.184510 6
6.900629 3.602339 3.583297 6
2.466149 8.708891 7.864426 1
6.121728 4.083391 3.903382 1
1.125233 8.039119 7.417249 1
7.462644 3.413619 4.350559 1
2.149041 6.901246 8.786434 6
6.438836 2.275746 2.981374 6
2.754791 7.061288 3.085284 6
5.833086 2.435788 8.682524 6
0.755971 4.892854 9.596176 6
7.831907 0.267354 2.171631 6
1.369030 4.308191 9.213017 1
7.218847 8.933691 2.554791 1
1.940224 5.848482 3.526812 6
6.647653 1.222982 8.240996 6
2.263990 4.553342 3.178603 6
6.323887 9.178842 8.589205 6
3.009596 4.389600 2.646580 1
5.578281 9.015099 9.121228 1
0.955708 6.267552 9.481087 6
7.632169 1.642052 2.286720 6
-0.340506 4.382199 10.272237 6
8.928383 9.007699 1.495571 6
1.479441 3.491327 3.619542 6
7.108436 8.116827 8.148265 6
0.374041 3.721677 4.425402 6
8.213836 8.347177 7.342406 6
-0.142639 3.009350 4.728305 1
8.730516 7.634850 7.039503 1
-1.241396 5.249942 10.865099 6
9.829274 0.624443 0.902709 6
8.465853 4.912281 11.347697 1
0.122024 0.286781 0.420111 1
0.020284 7.108468 10.060063 6
8.567593 2.482968 1.707744 6
3.176881 7.204679 9.885665 6
5.410996 2.579179 1.882143 6
3.705442 7.407276 4.238058 6
4.882435 2.781776 7.529749 6
0.820685 6.053854 4.319727 6
7.767192 1.428354 7.448081 6
-1.075751 6.614465 10.743302 6
9.663628 1.988965 1.024505 6
-1.696178 7.197278 11.118225 1
10.284055 2.571778 0.649583 1
0.047018 5.017742 4.774435 6
8.540859 0.392242 6.993373 6
-0.691816 5.186111 5.313165 1
9.279693 0.560611 6.454643 1
3.455365 8.222289 5.075455 8
5.132513 3.596789 6.692352 8
3.345089 8.290746 10.357201 8
5.242788 3.665246 1.410607 8
4.810121 6.682922 4.206638 8
3.777757 2.057422 7.561169 8
3.830113 6.121387 10.264823 8
4.757764 1.495887 1.502984 8
4.807648 6.288830 11.322985 6
3.780229 1.663330 0.444823 6
5.215919 5.442363 11.519507 1
3.371958 0.816863 0.248301 1
6.212237 6.624641 0.342443 1
2.375640 1.999141 11.425364 1
5.482646 6.911422 11.040557 1
3.105231 2.285922 0.727251 1
5.765317 6.892920 5.269624 6
2.822560 2.267420 6.498183 6
6.518222 6.310107 5.142532 1
2.069655 1.684607 6.625276 1
5.350851 6.701424 6.113376 1
3.237026 2.075924 5.654432 1
6.061391 7.805994 5.256680 1
2.526487 3.180494 6.511128 1
2.764342 6.019626 7.704501 6
5.823535 1.394126 4.063306 6
3.052974 5.190736 8.092721 1
5.534903 0.565236 3.675086 1
3.517618 6.470149 7.314869 1
5.070259 1.844649 4.452938 1
2.109486 5.844782 7.024204 1
6.478391 1.219282 4.743603 1
3.523164 6.839264 1.775880 6
5.064714 2.213764 9.991928 6
2.904127 6.628341 1.073224 1
5.683750 2.002842 10.694584 1
4.140914 6.112136 1.886380 1
4.446963 1.486636 9.881428 1
4.004971 7.636700 1.548643 1
4.582906 3.011200 10.219164 1
-0.596496 3.042284 10.384973 8
9.184373 7.667784 1.382835 8
-0.048610 2.620808 9.943798 1
8.636487 7.246308 1.824010 1
1.863272 2.243553 3.244620 8
6.724605 6.869053 8.523188 8
1.417897 1.687382 3.650374 1
7.169980 6.312882 8.117434 1
