2.477154 1.038136 2.643312 9
1.244196 13.128564 10.990262 9
4.965546 8.121486 5.703638 9
6.198504 6.045214 14.050588 9
1.545998 1.888421 4.966936 9
2.175352 12.278279 13.313886 9
5.896702 8.971771 3.380014 9
5.267348 5.194929 11.726964 9
4.986386 0.135717 7.280711 9
6.177664 14.030983 15.627661 9
2.456314 7.219067 1.066239 9
1.265036 6.947633 9.413189 9
6.262585 13.307631 5.066766 7
4.901465 0.859069 13.413716 7
1.180115 6.224281 3.280184 7
2.541235 7.942419 11.627134 7
4.879583 13.606832 2.571194 7
6.284467 0.559868 10.918144 7
2.563117 6.523482 5.775756 7
1.158233 7.643218 14.122706 7
3.255958 0.982177 6.131169 7
0.465392 13.184523 14.478119 7
4.186742 8.065527 2.215781 7
6.977308 6.101173 10.562731 7
6.974554 13.346873 3.789348 6
4.189496 0.819827 12.136298 6
0.468146 6.263523 4.557602 6
3.253204 7.903177 12.904552 6
6.119760 12.830214 2.655499 6
5.044290 1.336486 11.002449 6
1.322940 5.746864 5.691451 6
2.398410 8.419836 14.038401 6
3.171334 0.727318 3.763807 6
0.550016 13.439382 12.110757 6
4.271366 7.810668 4.583143 6
6.892684 6.356032 12.930093 6
2.695299 1.172294 4.970275 6
1.026051 12.994406 13.317225 6
4.747401 8.255644 3.376675 6
6.416649 5.911056 11.723625 6
4.391044 0.324276 6.082089 6
6.773006 13.842424 14.429039 6
3.051656 7.407626 2.264861 6
0.669694 6.759074 10.611811 6
5.011840 13.955333 4.969106 6
6.152210 0.211367 13.316056 6
2.430860 6.871983 3.377844 6
1.290490 7.294717 11.724794 6
4.357105 14.136383 3.720903 6
6.806945 0.030317 12.067853 6
3.085595 7.053033 4.626047 6
0.635755 7.113667 12.972997 6
6.215548 11.974403 5.693455 6
4.948502 2.192297 14.040405 6
1.227152 4.891053 2.653495 6
2.494198 9.275647 11.000445 6
0.122209 11.553794 6.223987 6
3.599141 2.612906 14.570937 6
7.320491 4.470444 2.122963 6
3.843559 9.696256 10.469913 6
0.998810 12.468538 6.792247 6
2.722540 1.698162 15.139197 6
6.443890 5.385188 1.554703 6
4.720160 8.781512 9.901653 6
2.200062 12.048637 7.346652 6
1.521288 2.118063 15.693602 6
5.242638 4.965287 1.000298 6
5.921412 9.201413 9.347248 6
2.546148 10.699400 7.323447 6
1.175202 3.467300 15.670397 6
4.896552 3.616050 1.023503 6
6.267498 10.550650 9.370453 6
1.678329 9.783948 6.761363 6
2.043021 4.382752 15.108313 6
5.764371 2.700598 1.585587 6
5.399679 11.466102 9.932537 6
0.469634 10.206399 6.212635 6
3.251716 3.960301 14.559585 6
6.973066 3.123049 2.134315 6
4.190984 11.043651 10.481265 6
4.061928 13.345881 1.386428 6
7.102122 0.820819 9.733378 6
3.380772 6.262531 6.960522 6
0.340578 7.904169 15.307472 6
2.959515 12.321487 1.576238 6
0.761835 1.845213 9.923188 6
4.483185 5.238137 6.770712 6
6.680865 8.928563 15.117662 6
2.881813 11.483385 2.688720 6
0.839537 2.683315 11.035670 6
4.560887 4.400035 5.658230 6
6.603163 9.766665 14.005180 6
1.891934 10.504750 2.758333 6
1.829416 3.661950 11.105283 6
5.550766 3.421400 5.588617 6
5.613284 10.745300 13.935567 6
0.987125 10.349199 1.716300 6
2.734225 3.817501 10.063250 6
6.455575 3.265849 6.630650 6
4.708475 10.900851 14.977600 6
1.043913 11.194951 0.618676 6
2.677437 2.971749 8.965626 6
6.398787 4.111601 7.728274 6
4.765263 10.055099 16.075224 6
2.022256 12.178970 0.554571 6
1.699094 1.987730 8.901521 6
5.420444 5.095620 7.792379 6
5.743606 9.071080 16.139329 6
0.334921 12.836447 3.881332 1
3.386429 1.330253 12.228282 1
7.107779 5.753097 4.465618 1
4.056271 8.413603 12.812568 1
7.278961 0.099167 3.570825 1
3.885089 14.067533 11.917775 1
0.163739 7.182517 4.776125 1
3.557611 6.984183 13.123075 1
5.931832 11.837695 2.772857 1
5.232218 2.329005 11.119807 1
1.510868 4.754345 5.574093 1
2.210482 9.412355 13.921043 1
6.534691 12.903030 1.766215 1
4.629359 1.263670 10.113165 1
0.908009 5.819680 6.580735 1
2.813341 8.347020 14.927685 1
5.879733 11.266777 5.056582 1
5.284317 2.899923 13.403532 1
1.562967 4.183427 3.290368 1
2.158383 9.983273 11.637318 1
5.574582 12.009112 6.470556 1
5.589468 2.157588 14.817506 1
1.868118 4.925762 1.876394 1
1.853232 9.240938 10.223344 1
0.774041 13.379031 6.781062 1
2.947309 0.787669 15.128012 1
6.668659 6.295681 1.565888 1
4.495391 7.871019 9.912838 1
2.835669 12.713197 7.712582 1
0.885681 1.453503 16.059532 1
4.607031 5.629847 0.634368 1
6.557019 8.536853 8.981318 1
3.371543 10.365774 7.710912 1
0.349807 3.800926 16.057862 1
4.071157 3.282424 0.636038 1
7.092893 10.884276 8.982988 1
1.905331 8.827271 6.771046 1
1.816019 5.339429 15.117996 1
5.537369 1.743921 1.575904 1
5.626681 12.422779 9.922854 1
7.353388 9.545522 5.804469 1
3.810662 4.621178 14.151419 1
0.089312 2.462172 2.542481 1
3.632038 11.704528 10.889431 1
3.646923 0.046750 1.096789 1
0.074427 14.119950 9.443739 1
3.795777 7.130100 7.250161 1
7.368273 7.036600 15.597111 1
4.674016 12.992281 0.701144 1
6.490034 1.174419 9.048094 1
2.768684 5.908931 7.645806 1
0.952666 8.257769 15.992756 1
3.512954 11.579861 3.438943 1
0.208396 2.586839 11.785893 1
3.929746 4.496511 4.908007 1
7.234304 9.670189 13.254957 1
1.868118 9.990357 3.537437 1
1.853232 4.176343 11.884387 1
5.574582 2.907007 4.809513 1
5.589468 11.259693 13.156463 1
0.282823 9.656023 1.811288 1
3.438527 4.510677 10.158238 1
7.159877 2.572673 6.535662 1
4.004173 11.594027 14.882612 1
0.401906 11.127943 16.612100 1
3.319444 3.038757 8.265150 1
7.040794 4.044593 8.428750 1
4.123256 10.122107 0.081800 1
2.054185 12.764197 16.473541 1
1.667165 1.402503 8.126591 1
5.388515 5.680847 8.567309 1
5.775535 8.485853 0.220359 1
