1.427037 11.651472 5.122498 8
10.325863 0.101428 13.104948 8
0.101428 1.427037 9.113723 8
11.651472 10.325863 1.131273 8
2.481037 11.142924 5.933834 6
9.271863 0.609976 13.916284 6
0.609976 2.481037 9.925059 6
11.142924 9.271863 1.942609 6
2.860656 10.321397 5.509487 1
8.892244 1.431503 13.491937 1
1.431503 2.860656 9.500712 1
10.321397 8.892244 1.518262 1
1.999168 10.820895 7.283347 7
9.753732 0.932005 15.265797 7
0.932005 1.999168 11.274572 7
10.820895 9.753732 3.292122 7
1.741780 9.639729 7.495521 7
10.011120 2.113171 15.477971 7
2.113171 1.741780 11.486746 7
9.639729 10.011120 3.504296 7
1.474989 8.611350 7.848345 7
10.277911 3.141550 15.830795 7
3.141550 1.474989 11.839570 7
8.611350 10.277911 3.857120 7
3.575232 0.446610 6.068418 6
8.177668 11.306290 14.050868 6
11.306290 3.575232 10.059643 6
0.446610 8.177668 2.077193 6
3.948974 0.649935 5.163049 1
7.803926 11.102965 13.145499 1
11.102965 3.948974 9.154274 1
0.649935 7.803926 1.171824 1
4.634639 11.745966 6.924137 8
7.118261 0.006934 14.906587 8
0.006934 4.634639 10.915362 8
11.745966 7.118261 2.932912 8
5.280578 10.344903 5.276559 8
6.472322 1.407997 13.259009 8
1.407997 5.280578 9.267784 8
10.344903 6.472322 1.285334 8
5.479202 10.829122 6.354030 6
6.273698 0.923778 14.336480 6
0.923778 5.479202 10.345255 6
10.829122 6.273698 2.362805 6
6.601604 10.484762 7.251258 6
5.151296 1.268138 15.233708 6
1.268138 6.601604 11.242483 6
10.484762 5.151296 3.260033 6
6.947139 9.598593 7.016574 1
4.805761 2.154307 14.999024 1
2.154307 6.947139 11.007799 1
9.598593 4.805761 3.025349 1
6.287802 10.478886 8.178818 1
5.465098 1.274014 0.196368 1
1.274014 6.287802 12.170043 1
10.478886 5.465098 4.187593 1
7.315005 11.149976 7.150679 1
4.437895 0.602924 15.133129 1
0.602924 7.315005 11.141904 1
11.149976 4.437895 3.159454 1
2.991113 1.714748 6.663590 6
8.761787 10.038152 14.646040 6
10.038152 2.991113 10.654815 6
1.714748 8.761787 2.672365 6
2.620897 1.531403 7.573749 1
9.132003 10.221497 15.556199 1
10.221497 2.620897 11.564974 1
1.531403 9.132003 3.582524 1
3.984938 2.750414 6.729844 8
7.767962 9.002486 14.712294 8
9.002486 3.984938 10.721069 8
2.750414 7.767962 2.738619 8
3.715914 2.924122 8.972912 8
8.036986 8.828778 0.990462 8
8.828778 3.715914 12.964137 8
2.924122 8.036986 4.981687 8
4.187558 3.334298 7.958503 6
7.565342 8.418602 15.940953 6
8.418602 4.187558 11.949728 6
3.334298 7.565342 3.967278 6
5.064325 4.540145 7.822801 6
6.688575 7.212755 15.805251 6
7.212755 5.064325 11.814026 6
4.540145 6.688575 3.831576 6
4.841020 5.187730 8.523660 1
6.911880 6.565170 0.541210 1
6.565170 4.841020 12.514885 1
5.187730 6.911880 4.532435 1
4.923290 4.949146 6.943135 1
6.829610 6.803754 14.925585 1
6.803754 4.923290 10.934360 1
4.949146 6.829610 2.951910 1
6.003381 4.273354 7.912204 1
5.749519 7.479546 15.894654 1
7.479546 6.003381 11.903429 1
4.273354 5.749519 3.920979 1
1.895743 2.182514 5.735710 6
9.857157 9.570386 13.718160 6
9.570386 1.895743 9.726935 6
2.182514 9.857157 1.744485 6
2.271836 2.367034 4.827786 1
9.481064 9.385866 12.810236 1
9.385866 2.271836 8.819011 1
2.367034 9.481064 0.836561 1
1.281536 3.366266 6.262551 8
10.471364 8.386634 14.245001 8
8.386634 1.281536 10.253776 8
3.366266 10.471364 2.271326 8
2.113171 4.570350 4.534511 8
9.639729 7.182550 12.516961 8
7.182550 2.113171 8.525736 8
4.570350 9.639729 0.543286 8
1.487917 4.531918 5.552113 6
10.264983 7.220982 13.534563 6
7.220982 1.487917 9.543338 6
4.531918 10.264983 1.560888 6
0.874416 5.691929 6.240679 6
10.878484 6.060971 14.223129 6
6.060971 0.874416 10.231904 6
5.691929 10.878484 2.249454 6
1.498495 6.039815 6.911205 1
10.254405 5.713085 14.893655 1
5.713085 1.498495 10.902430 1
6.039815 10.254405 2.919980 1
0.045836 5.408685 6.681311 1
11.707064 6.344215 14.663761 1
6.344215 0.045836 10.672536 1
5.408685 11.707064 2.690086 1
0.673441 6.392402 5.586119 1
11.079459 5.360498 13.568569 1
5.360498 0.673441 9.577344 1
6.392402 11.079459 1.594894 1
0.821528 1.094195 5.647424 6
10.931372 10.658705 13.629874 6
10.658705 0.821528 9.638649 6
1.094195 10.931372 1.656199 6
0.418403 0.920252 6.545609 1
11.334497 10.832648 14.528059 1
10.832648 0.418403 10.536834 1
0.920252 11.334497 2.554384 1
11.504914 1.503196 4.647063 6
0.247986 10.249704 12.629513 6
10.249704 11.504914 8.638288 6
1.503196 0.247986 0.655838 6
0.046659 1.878231 3.518185 8
11.706241 9.874669 11.500635 8
9.874669 0.046659 7.509410 8
1.878231 11.706241 15.491860 8
10.252055 1.411523 5.114036 7
1.500845 10.341377 13.096486 7
10.341377 10.252055 9.105261 7
1.411523 1.500845 1.122811 7
10.201517 1.140031 5.827189 1
1.551383 10.612869 13.809639 1
10.612869 10.201517 9.818414 1
1.140031 1.551383 1.835963 1
9.048558 1.771162 4.470172 6
2.704342 9.981738 12.452622 6
9.981738 9.048558 8.461397 6
1.771162 2.704342 0.478947 6
7.937909 1.967435 5.287415 6
3.814991 9.785465 13.269865 6
9.785465 7.937909 9.278640 6
1.967435 3.814991 1.296190 6
8.014303 1.844030 6.226311 1
3.738597 9.908870 14.208761 1
9.908870 8.014303 10.217536 1
1.844030 3.738597 2.235086 1
6.728535 2.338827 4.739979 6
5.024365 9.414073 12.722429 6
9.414073 6.728535 8.731204 6
2.338827 5.024365 0.748754 6
5.970473 2.477511 5.295557 1
5.782427 9.275389 13.278007 1
9.275389 5.970473 9.286782 1
2.477511 5.782427 1.304332 1
6.632161 2.505718 3.382962 6
5.120739 9.247182 11.365412 6
9.247182 6.632161 7.374187 6
2.505718 5.120739 15.356637 6
4.953260 3.027547 2.644426 35
6.799640 8.725353 10.626876 35
8.725353 4.953260 6.635651 35
3.027547 6.799640 14.618101 35
7.700500 2.285939 2.559173 6
4.052400 9.466961 10.541623 6
9.466961 7.700500 6.550398 6
2.285939 4.052400 14.532848 6
7.605302 2.389365 1.618841 1
4.147598 9.363535 9.601291 1
9.363535 7.605302 5.610066 1
2.389365 4.147598 13.592516 1
8.931029 1.908671 3.100384 6
2.821871 9.844229 11.082834 6
9.844229 8.931029 7.091609 6
1.908671 2.821871 15.074059 6
9.677338 1.750007 2.535226 1
2.075562 10.002893 10.517676 1
10.002893 9.677338 6.526451 1
1.750007 2.075562 14.508901 1
