0.988951 2.097994 14.793628 6
7.413349 14.008206 2.628472 6
7.413349 10.151094 6.082578 6
0.988951 5.955106 11.339522 6
5.190101 5.955106 14.793628 6
3.212199 10.151094 2.628472 6
3.212199 14.008206 6.082578 6
5.190101 2.097994 11.339522 6
2.407259 2.107013 14.246225 6
5.995041 13.999187 3.175875 6
5.995041 10.160113 5.535175 6
2.407259 5.946087 11.886925 6
6.608409 5.946087 14.246225 6
1.793891 10.160113 3.175875 6
1.793891 13.999187 5.535175 6
6.608409 2.107013 11.886925 6
3.094567 0.787271 14.423234 6
5.307733 15.318929 2.998866 6
5.307733 8.840371 5.712184 6
3.094567 7.265829 11.709916 6
7.295717 7.265829 14.423234 6
1.106583 8.840371 2.998866 6
1.106583 15.318929 5.712184 6
7.295717 0.787271 11.709916 6
2.752593 15.777150 13.656487 6
5.649707 0.329050 3.765613 6
5.649707 7.724050 4.945437 6
2.752593 8.382150 12.476663 6
6.953743 8.382150 13.656487 6
1.448557 7.724050 3.765613 6
1.448557 0.329050 4.945437 6
6.953743 15.777150 12.476663 6
3.376044 14.561293 13.884543 6
5.026256 1.544907 3.537557 6
5.026256 6.508193 5.173493 6
3.376044 9.598007 12.248607 6
7.577194 9.598007 13.884543 6
0.825106 6.508193 3.537557 6
0.825106 1.544907 5.173493 6
7.577194 14.561293 12.248607 6
4.344829 14.449194 14.856522 6
4.057471 1.657006 2.565578 6
4.057471 6.396094 6.145472 6
4.344829 9.710106 11.276628 6
0.143679 9.710106 14.856522 6
8.258621 6.396094 2.565578 6
8.258621 1.657006 6.145472 6
0.143679 14.449194 11.276628 6
4.689324 15.532819 15.609853 6
3.712976 0.573381 1.812247 6
3.712976 7.479719 6.898803 6
4.689324 8.626481 10.523297 6
0.488174 8.626481 15.609853 6
7.914126 7.479719 1.812247 6
7.914126 0.573381 6.898803 6
0.488174 15.532819 10.523297 6
4.075956 0.651335 15.393296 6
4.326344 15.454865 2.028804 6
4.326344 8.704435 6.682246 6
4.075956 7.401765 10.739854 6
8.277106 7.401765 15.393296 6
0.125194 8.704435 2.028804 6
0.125194 15.454865 6.682246 6
8.277106 0.651335 10.739854 6
2.319035 2.411098 12.830331 8
6.083265 13.695102 4.591769 8
6.083265 10.464198 4.119281 8
2.319035 5.642002 13.302819 8
6.520185 5.642002 12.830331 8
1.882115 10.464198 4.591769 8
1.882115 13.695102 4.119281 8
6.520185 2.411098 13.302819 8
0.882242 1.938864 16.323462 6
7.520059 14.167336 1.098638 6
7.520059 9.991964 7.612412 6
0.882242 6.114236 9.809688 6
5.083392 6.114236 16.323462 6
3.318909 9.991964 1.098638 6
3.318909 14.167336 7.612412 6
5.083392 1.938864 9.809688 6
7.830103 1.647181 16.672079 6
0.572197 14.459019 0.750021 6
0.572197 9.700281 7.961029 6
7.830103 6.405919 9.461071 6
3.628953 6.405919 16.672079 6
4.773347 9.700281 0.750021 6
4.773347 14.459019 7.961029 6
3.628953 1.647181 9.461071 6
7.547786 1.752032 0.716048 6
0.854514 14.354168 16.706052 6
0.854514 9.805132 9.427098 6
7.547786 6.301068 7.995002 6
3.346636 6.301068 0.716048 6
5.055664 9.805132 16.706052 6
5.055664 14.354168 9.427098 6
3.346636 1.752032 7.995002 6
8.299792 2.521909 1.489241 6
0.102508 13.584291 15.932859 6
0.102508 10.575009 10.200291 6
8.299792 5.531191 7.221809 6
4.098642 5.531191 1.489241 6
4.303658 10.575009 15.932859 6
4.303658 13.584291 10.200291 6
4.098642 2.521909 7.221809 6
0.998193 3.299355 0.922152 6
7.404107 12.806845 16.499948 6
7.404107 11.352455 9.633202 6
0.998193 4.753745 7.788898 6
5.199343 4.753745 0.922152 6
3.202957 11.352455 16.499948 6
3.202957 12.806845 9.633202 6
5.199343 3.299355 7.788898 6
1.435113 3.062111 17.129409 6
6.967187 13.044089 0.292691 6
6.967187 11.115211 8.418359 6
1.435113 4.990989 9.003741 6
5.636263 4.990989 17.129409 6
2.766037 11.115211 0.292691 6
2.766037 13.044089 8.418359 6
5.636263 3.062111 9.003741 6
0.389363 3.359109 14.406334 8
8.012937 12.747091 3.015766 8
8.012937 11.412209 5.695284 8
0.389363 4.693991 11.726816 8
4.590513 4.693991 14.406334 8
3.811787 11.412209 3.015766 8
3.811787 12.747091 5.695284 8
4.590513 3.359109 11.726816 8
0.517582 1.291717 14.413303 1
7.884718 14.814483 3.008797 1
7.884718 9.344817 5.702253 1
0.517582 6.761383 11.719847 1
4.718732 6.761383 14.413303 1
3.683568 9.344817 3.008797 1
3.683568 14.814483 5.702253 1
4.718732 1.291717 11.719847 1
2.951728 2.796036 14.747808 1
5.450572 13.310164 2.674292 1
5.450572 10.849136 6.036758 1
2.951728 5.257064 11.385342 1
7.152878 5.257064 14.747808 1
1.249422 10.849136 2.674292 1
1.249422 13.310164 6.036758 1
7.152878 2.796036 11.385342 1
2.051001 15.862996 12.923714 1
6.351299 0.243204 4.498386 1
6.351299 7.809896 4.212664 1
2.051001 8.296304 13.209436 1
6.252151 8.296304 12.923714 1
2.150149 7.809896 4.498386 1
2.150149 0.243204 4.212664 1
6.252151 15.862996 13.209436 1
3.117253 13.753084 13.329649 1
5.285047 2.353116 4.092451 1
5.285047 5.699984 4.618599 1
3.117253 10.406216 12.803501 1
7.318403 10.406216 13.329649 1
1.083897 5.699984 4.092451 1
1.083897 2.353116 4.618599 1
7.318403 13.753084 12.803501 1
4.795193 13.556589 15.007397 1
3.607107 2.549611 2.414703 1
3.607107 5.503489 6.296347 1
4.795193 10.602711 11.125753 1
0.594043 10.602711 15.007397 1
7.808257 5.503489 2.414703 1
7.808257 2.549611 6.296347 1
0.594043 13.556589 11.125753 1
5.391756 15.445846 16.341930 1
3.010544 0.660354 1.080170 1
3.010544 7.392746 7.630880 1
5.391756 8.713454 9.791220 1
1.190606 8.713454 16.341930 1
7.211694 7.392746 1.080170 1
7.211694 0.660354 7.630880 1
1.190606 15.445846 9.791220 1
4.347350 1.457611 15.946448 1
4.054950 14.648589 1.475652 1
4.054950 9.510711 7.235398 1
4.347350 6.595489 10.186702 1
0.146200 6.595489 15.946448 1
8.256100 9.510711 1.475652 1
8.256100 14.648589 7.235398 1
0.146200 1.457611 10.186702 1
1.480485 1.175753 16.601519 1
6.921815 14.930447 0.820581 1
6.921815 9.228853 7.890469 1
1.480485 6.877347 9.531631 1
5.681635 6.877347 16.601519 1
2.720665 9.228853 0.820581 1
2.720665 14.930447 7.890469 1
5.681635 1.175753 9.531631 1
7.602401 0.710283 16.352383 1
0.799899 15.395917 1.069717 1
0.799899 8.763383 7.641333 1
7.602401 7.342817 9.780767 1
3.401251 7.342817 16.352383 1
5.001049 8.763383 1.069717 1
5.001049 15.395917 7.641333 1
3.401251 0.710283 9.780767 1
7.242783 2.291912 16.167709 1
1.159517 13.814288 1.254391 1
1.159517 10.345012 7.456659 1
7.242783 5.761188 9.965441 1
3.041633 5.761188 16.167709 1
5.360667 10.345012 1.254391 1
5.360667 13.814288 7.456659 1
3.041633 2.291912 9.965441 1
6.782337 1.230514 1.125468 1
1.619963 14.875686 16.296632 1
1.619963 9.283614 9.836518 1
6.782337 6.822586 7.585582 1
2.581187 6.822586 1.125468 1
5.821113 9.283614 16.296632 1
5.821113 14.875686 9.836518 1
2.581187 1.230514 7.585582 1
8.108220 2.581824 2.484391 1
0.294081 13.524376 14.937709 1
0.294081 10.634924 11.195441 1
8.108220 5.471276 6.226659 1
3.907069 5.471276 2.484391 1
4.495231 10.634924 14.937709 1
4.495231 13.524376 11.195441 1
3.907069 2.581824 6.226659 1
1.440154 4.031382 1.487847 1
6.962146 12.074818 15.934253 1
6.962146 12.084482 10.198897 1
1.440154 4.021718 7.223203 1
5.641304 4.021718 1.487847 1
2.760996 12.084482 15.934253 1
2.760996 12.074818 10.198897 1
5.641304 4.031382 7.223203 1
2.140066 3.665771 16.707794 1
6.262234 12.440429 0.714306 1
6.262234 11.718871 7.996744 1
2.140066 4.387329 9.425356 1
6.341216 4.387329 16.707794 1
2.061084 11.718871 0.714306 1
2.061084 12.440429 7.996744 1
6.341216 3.665771 9.425356 1
7.930931 3.161647 14.033502 1
0.471369 12.944553 3.388598 1
0.471369 11.214747 5.322452 1
7.930931 4.891453 12.099648 1
3.729781 4.891453 14.033502 1
4.672519 11.214747 3.388598 1
4.672519 12.944553 5.322452 1
3.729781 3.161647 12.099648 1
1.542662 3.000585 12.726844 1
6.859638 13.105615 4.695256 1
6.859638 11.053685 4.015794 1
1.542662 5.052515 13.406306 1
5.743812 5.052515 12.726844 1
2.658488 11.053685 4.695256 1
2.658488 13.105615 4.015794 1
5.743812 3.000585 13.406306 1
