0.288503 1.526797 5.635765 17
9.339083 1.526797 9.783987 17
6.444003 5.616797 5.635765 17
3.183583 5.616797 9.783987 17
6.655670 6.653203 25.203739 17
-2.394910 6.653203 21.055517 17
0.500170 2.563203 25.203739 17
3.760590 2.563203 21.055517 17
11.248037 1.849416 1.195031 8
-1.620450 1.849416 14.224721 8
5.092537 5.939416 1.195031 8
4.535050 5.939416 14.224721 8
-4.303863 6.330584 29.644473 8
8.564623 6.330584 16.614783 8
1.851637 2.240584 29.644473 8
2.409123 2.240584 16.614783 8
9.386288 3.113472 1.425402 7
0.241299 3.113472 13.994350 7
3.230788 7.203472 1.425402 7
6.396799 7.203472 13.994350 7
-2.442114 5.066528 29.414102 7
6.702875 5.066528 16.845154 7
3.713386 0.976528 29.414102 7
0.547375 0.976528 16.845154 7
8.894373 2.019397 3.908290 7
0.733214 2.019397 11.511462 7
2.738873 6.109397 3.908290 7
6.888714 6.109397 11.511462 7
-1.950199 6.160603 26.931213 7
6.210960 6.160603 19.328042 7
4.205301 2.070603 26.931213 7
0.055460 2.070603 19.328042 7
9.237634 4.152741 5.596753 7
0.389953 4.152741 9.822999 7
3.082134 0.062741 5.596753 7
6.545453 0.062741 9.822999 7
-2.293460 4.027259 25.242751 7
6.554220 4.027259 21.016505 7
3.862040 8.117259 25.242751 7
0.398720 8.117259 21.016505 7
10.615788 5.151355 3.326966 7
-0.988202 5.151355 12.092786 7
4.460288 1.061355 3.326966 7
5.167298 1.061355 12.092786 7
-3.671615 3.028645 27.512538 7
7.932375 3.028645 18.746717 7
2.483885 7.118645 27.512538 7
1.776875 7.118645 18.746717 7
10.200304 2.116166 1.803803 6
-0.572717 2.116166 13.615949 6
4.044804 6.206166 1.803803 6
5.582783 6.206166 13.615949 6
-3.256130 6.063834 29.035701 6
7.516891 6.063834 17.223554 6
2.899370 1.973834 29.035701 6
1.361391 1.973834 17.223554 6
9.826582 1.307982 3.028131 6
-0.198995 1.307982 12.391621 6
3.671082 5.397982 3.028131 6
5.956505 5.397982 12.391621 6
-2.882409 6.872018 27.811373 6
7.143169 6.872018 18.447883 6
3.273091 2.782018 27.811373 6
0.987669 2.782018 18.447883 6
8.558071 1.209822 5.098695 6
1.069516 1.209822 10.321057 6
2.402571 5.299822 5.098695 6
7.225016 5.299822 10.321057 6
-1.613897 6.970178 25.740809 6
5.874658 6.970178 20.518447 6
4.541603 2.880178 25.740809 6
-0.280842 2.880178 20.518447 6
8.089101 2.080174 6.261961 6
1.538486 2.080174 9.157791 6
1.933601 6.170174 6.261961 6
7.693986 6.170174 9.157791 6
-1.144928 6.099826 24.577542 6
5.405688 6.099826 21.681713 6
5.010572 2.009826 24.577542 6
-0.749812 2.009826 21.681713 6
9.133781 3.113308 6.667501 6
0.493806 3.113308 8.752251 6
2.978281 7.203308 6.667501 6
6.649306 7.203308 8.752251 6
-2.189607 5.066692 24.172003 6
6.450368 5.066692 22.087253 6
3.965893 0.976692 24.172003 6
0.294868 0.976692 22.087253 6
10.350151 5.131314 5.749717 6
-0.722564 5.131314 9.670035 6
4.194651 1.041314 5.749717 6
5.432936 1.041314 9.670035 6
-3.405977 3.048686 25.089787 6
7.666738 3.048686 21.169469 6
2.749523 7.138686 25.089787 6
1.511238 7.138686 21.169469 6
10.402704 5.993486 4.504726 6
-0.775117 5.993486 10.915026 6
4.247204 1.903486 4.504726 6
5.380383 1.903486 10.915026 6
-3.458530 2.186514 26.334777 6
7.719291 2.186514 19.924478 6
2.696970 6.276514 26.334777 6
1.563791 6.276514 19.924478 6
10.530358 5.907596 2.068406 6
-0.902771 5.907596 13.351346 6
4.374858 1.817596 2.068406 6
5.252729 1.817596 13.351346 6
-3.586184 2.272404 28.771098 6
7.846944 2.272404 17.488157 6
2.569316 6.362404 28.771098 6
1.691444 6.362404 17.488157 6
10.897999 5.038880 0.866282 6
-1.270412 5.038880 14.553470 6
4.742499 0.948880 0.866282 6
4.885088 0.948880 14.553470 6
-3.953825 3.141120 29.973222 6
8.214586 3.141120 16.286033 6
2.201675 7.231120 29.973222 6
2.059086 7.231120 16.286033 6
9.841562 4.041738 0.386111 6
-0.213975 4.041738 15.033641 6
3.686062 8.131738 0.386111 6
5.941525 8.131738 15.033641 6
-2.897388 4.138262 30.453393 6
7.158149 4.138262 15.805862 6
3.258112 0.048262 30.453393 6
1.002649 0.048262 15.805862 6
8.123266 3.442962 2.095544 6
1.504321 3.442962 13.324208 6
1.967766 7.532962 2.095544 6
7.659821 7.532962 13.324208 6
-1.179092 4.737038 28.743959 6
5.439853 4.737038 17.515296 6
4.976408 0.647038 28.743959 6
-0.715647 0.647038 17.515296 6
7.720845 2.382834 3.097828 6
1.906742 2.382834 12.321924 6
1.565345 6.472834 3.097828 6
8.062242 6.472834 12.321924 6
-0.776671 5.797166 27.741676 6
5.037432 5.797166 18.517580 6
5.378829 1.707166 27.741676 6
-1.118068 1.707166 18.517580 6
9.358020 3.656460 4.758535 1
0.269567 3.656460 10.661216 1
3.202520 7.746460 4.758535 1
6.425067 7.746460 10.661216 1
-2.413846 4.523540 26.080968 1
6.674607 4.523540 20.178287 1
3.741654 0.433540 26.080968 1
0.519107 0.433540 20.178287 1
8.411702 4.695320 5.520271 1
1.215884 4.695320 9.899481 1
2.256202 0.605320 5.520271 1
7.371384 0.605320 9.899481 1
-1.467529 3.484680 25.319232 1
5.728289 3.484680 20.940023 1
4.687971 7.574680 25.319232 1
-0.427211 7.574680 20.940023 1
11.491413 4.703500 3.358422 1
-1.863826 4.703500 12.061330 1
5.335913 0.613500 3.358422 1
4.291674 0.613500 12.061330 1
-4.547239 3.476500 27.481082 1
8.807999 3.476500 18.778174 1
1.608261 7.566500 27.481082 1
2.652499 7.566500 18.778174 1
10.688449 1.079760 3.515703 1
-1.060862 1.079760 11.904048 1
4.532949 5.169760 3.515703 1
5.094638 5.169760 11.904048 1
-3.744275 7.100240 27.323800 1
8.005036 7.100240 18.935455 1
2.411225 3.010240 27.323800 1
1.849536 3.010240 18.935455 1
9.419040 0.400820 2.667617 1
0.208547 0.400820 12.752135 1
3.263540 4.490820 2.667617 1
6.364047 4.490820 12.752135 1
-2.474867 7.779180 28.171887 1
6.735627 7.779180 18.087369 1
3.680633 3.689180 28.171887 1
0.580127 3.689180 18.087369 1
7.820596 0.498980 4.863390 1
1.806991 0.498980 10.556362 1
1.665096 4.588980 4.863390 1
7.962491 4.588980 10.556362 1
-0.876422 7.681020 25.976114 1
5.137182 7.681020 20.283142 1
5.279078 3.591020 25.976114 1
-1.018318 3.591020 20.283142 1
9.456877 0.777100 5.350654 1
0.170709 0.777100 10.069098 1
3.301377 4.867100 5.350654 1
6.326209 4.867100 10.069098 1
-2.512704 7.402900 25.488850 1
6.773464 7.402900 20.770406 1
3.642796 3.312900 25.488850 1
0.617964 3.312900 20.770406 1
7.151237 2.568520 6.056879 1
2.476350 2.568520 9.362873 1
0.995737 6.658520 6.056879 1
8.631850 6.658520 9.362873 1
-0.207063 5.611480 24.782625 1
4.467824 5.611480 21.476630 1
5.948437 1.521480 24.782625 1
-1.687676 1.521480 21.476630 1
7.944523 1.513300 7.037575 1
1.683064 1.513300 8.382177 1
1.789023 5.603300 7.037575 1
7.838564 5.603300 8.382177 1
-1.000349 6.666700 23.801929 1
5.261110 6.666700 22.457327 1
5.155151 2.576700 23.801929 1
-0.894390 2.576700 22.457327 1
8.881288 3.591020 7.490915 1
0.746299 3.591020 7.928836 1
2.725788 7.681020 7.490915 1
6.901799 7.681020 7.928836 1
-1.937114 4.588980 23.348588 1
6.197875 4.588980 22.910667 1
4.218386 0.498980 23.348588 1
0.042375 0.498980 22.910667 1
10.070827 2.658500 6.732264 1
-0.443240 2.658500 8.687488 1
3.915327 6.748500 6.732264 1
5.712260 6.748500 8.687488 1
-3.126653 5.521500 24.107240 1
7.387414 5.521500 22.152015 1
3.028847 1.431500 24.107240 1
1.231914 1.431500 22.152015 1
10.145422 5.701460 6.544143 1
-0.517835 5.701460 8.875609 1
3.989922 1.611460 6.544143 1
5.637665 1.611460 8.875609 1
-3.201248 2.478540 24.295361 1
7.462009 2.478540 21.963894 1
2.954252 6.568540 24.295361 1
1.306509 6.568540 21.963894 1
11.217689 4.572620 5.893429 1
-1.590102 4.572620 9.526323 1
5.062189 0.482620 5.893429 1
4.565398 0.482620 9.526323 1
-4.273515 3.607380 24.946074 1
8.534276 3.607380 21.313181 1
1.881985 7.697380 24.946074 1
2.378776 7.697380 21.313181 1
9.497992 6.421300 4.406965 1
0.129595 6.421300 11.012787 1
3.342492 2.331300 4.406965 1
6.285095 2.331300 11.012787 1
-2.553819 1.758700 26.432539 1
6.814579 1.758700 19.826717 1
3.601681 5.848700 26.432539 1
0.659079 5.848700 19.826717 1
11.133332 6.723960 4.616674 1
-1.505745 6.723960 10.803078 1
4.977832 2.633960 4.616674 1
4.649755 2.633960 10.803078 1
-4.189158 1.456040 26.222830 1
8.449919 1.456040 20.036426 1
1.966342 5.546040 26.222830 1
2.294419 5.546040 20.036426 1
9.554125 6.233160 2.004568 1
0.073462 6.233160 13.415184 1
3.398625 2.143160 2.004568 1
6.228962 2.143160 13.415184 1
-2.609951 1.946840 28.834936 1
6.870712 1.946840 17.424320 1
3.545549 6.036840 28.834936 1
0.715212 6.036840 17.424320 1
11.197326 6.813940 2.112506 1
-1.569739 6.813940 13.307246 1
5.041826 2.723940 2.112506 1
4.585761 2.723940 13.307246 1
-4.253152 1.366060 28.726998 1
8.513913 1.366060 17.532258 1
1.902348 5.456060 28.726998 1
2.358413 5.456060 17.532258 1
11.111403 5.627840 0.052427 1
-1.483816 5.627840 15.367325 1
4.955903 1.537840 0.052427 1
4.671684 1.537840 15.367325 1
-4.167229 2.552160 30.787076 1
8.427990 2.552160 15.472179 1
1.988271 6.642160 30.787076 1
2.272490 6.642160 15.472179 1
11.789502 4.490820 1.030039 1
-2.161915 4.490820 14.389712 1
5.634002 0.400820 1.030039 1
3.993585 0.400820 14.389712 1
-4.845328 3.689180 29.809464 1
9.106089 3.689180 16.449791 1
1.310172 7.779180 29.809464 1
2.950589 7.779180 16.449791 1
4.831266 3.541940 30.417002 1
-0.570505 3.541940 15.842253 1
-1.324234 7.631940 30.417002 1
5.584995 7.631940 15.842253 1
2.112908 4.638060 0.422501 1
7.514679 4.638060 14.997251 1
8.268408 0.548060 0.422501 1
1.359179 0.548060 14.997251 1
9.034158 4.490820 0.061679 1
0.593429 4.490820 15.358073 1
2.878658 0.400820 0.061679 1
6.748929 0.400820 15.358073 1
-2.089984 3.689180 30.777825 1
6.350745 3.689180 15.481431 1
4.065516 7.779180 30.777825 1
0.195245 7.779180 15.481431 1
7.418239 3.533760 1.381610 1
2.209348 3.533760 14.038142 1
1.262739 7.623760 1.381610 1
8.364848 7.623760 14.038142 1
-0.474066 4.646240 29.457894 1
4.734826 4.646240 16.801362 1
5.681434 0.556240 29.457894 1
-1.420674 0.556240 16.801362 1
8.245962 4.376300 2.553511 1
1.381625 4.376300 12.866241 1
2.090462 0.286300 2.553511 1
7.537125 0.286300 12.866241 1
-1.301788 3.803700 28.285993 1
5.562549 3.803700 17.973263 1
4.853712 7.893700 28.285993 1
-0.592951 7.893700 17.973263 1
7.327434 1.537840 2.596686 1
2.300153 1.537840 12.823066 1
1.171934 5.627840 2.596686 1
8.455653 5.627840 12.823066 1
-0.383260 6.642160 28.242817 1
4.644021 6.642160 18.016438 1
5.772240 2.552160 28.242817 1
-1.511479 2.552160 18.016438 1
6.963136 2.748480 3.756252 1
2.664451 2.748480 11.663500 1
0.807636 6.838480 3.756252 1
8.819951 6.838480 11.663500 1
-0.018963 5.431520 27.083252 1
4.279723 5.431520 19.176003 1
6.136537 1.341520 27.083252 1
-1.875777 1.341520 19.176003 1
0.945212 2.982837 2.856046 8
8.682375 2.982837 12.563705 8
7.100712 7.072837 2.856046 8
2.526875 7.072837 12.563705 8
5.998962 5.197163 27.983457 8
-1.738201 5.197163 18.275798 8
-0.156538 1.107163 27.983457 8
4.417299 1.107163 18.275798 8
0.385804 2.552160 2.232780 1
9.241783 2.552160 13.186972 1
6.541304 6.642160 2.232780 1
3.086283 6.642160 13.186972 1
6.558370 5.627840 28.606724 1
-2.297609 5.627840 17.652532 1
0.402870 1.537840 28.606724 1
3.857891 1.537840 17.652532 1
0.782762 2.511260 3.722328 1
8.844825 2.511260 11.697424 1
6.938262 6.601260 3.722328 1
2.689325 6.601260 11.697424 1
6.161411 5.668740 27.117176 1
-1.900651 5.668740 19.142080 1
0.005911 1.578740 27.117176 1
4.254849 1.578740 19.142080 1
-1.341707 7.786542 7.709876 8
4.813793 3.696542 7.709876 8
-4.025120 0.393458 23.129628 8
2.130380 4.483458 23.129628 8
-0.863999 0.253580 7.157849 1
10.491586 0.253580 8.261903 1
5.291501 4.343580 7.157849 1
4.336086 4.343580 8.261903 1
7.808173 7.926420 23.681655 1
-3.547412 7.926420 22.577601 1
1.652673 3.836420 23.681655 1
2.608088 3.836420 22.577601 1
