3.376237 1.384567 7.113090 8
5.776763 8.526433 22.488090 8
0.325237 3.570933 23.636910 8
2.725763 6.340067 8.261910 8
2.631182 4.943607 5.933827 8
0.419818 4.967393 21.308827 8
5.682182 0.011893 24.816173 8
3.470818 9.899107 9.441173 8
4.255535 8.313347 1.118685 8
4.897465 1.597653 16.493685 8
1.204535 6.553153 29.631315 8
1.846465 3.357847 14.256315 8
4.218923 2.416302 5.327438 7
4.934077 7.494698 20.702438 7
1.167923 2.539198 25.422562 7
1.883077 7.371802 10.047563 7
3.949214 1.307261 6.061748 6
5.203786 8.603739 21.436747 6
0.898214 3.648239 24.688253 6
2.152786 6.262761 9.313252 6
5.526581 2.909870 5.058068 6
3.626419 7.001130 20.433067 6
2.475581 2.045630 25.691933 6
0.575419 7.865370 10.316933 6
4.298859 0.000991 5.410155 6
4.854141 9.910009 20.785155 6
1.247859 4.954509 25.339845 6
1.803141 4.956491 9.964845 6
5.743813 3.346945 3.661710 6
3.409187 6.564055 19.036710 6
2.692813 1.608555 27.088290 6
0.358187 8.302445 11.713290 6
3.108969 9.363913 4.753950 6
6.044031 0.547087 20.128950 6
0.057969 5.502587 25.996050 6
2.993031 4.408413 10.621050 6
5.849987 7.912942 2.835150 6
3.303013 1.998058 18.210150 6
2.798987 6.953558 27.914850 6
0.252013 2.957442 12.539850 6
2.499379 8.184504 5.187525 6
0.551621 1.726496 20.562525 6
5.550379 6.681996 25.562475 6
3.602621 3.229004 10.187475 6
1.429088 7.703820 4.560225 6
1.621912 2.207180 19.935225 6
4.480088 7.162680 26.189775 6
4.672912 2.748320 10.814775 6
1.460209 9.561142 3.042098 6
1.590791 0.349858 18.417098 6
4.511209 5.305358 27.707902 6
4.641791 4.605642 12.332902 6
3.896737 4.888105 5.430450 6
5.256263 5.022895 20.805450 6
0.845737 0.067395 25.319550 6
2.205263 9.843605 9.944550 6
5.336809 8.626534 1.823167 6
3.816191 1.284466 17.198168 6
2.285809 6.239966 28.926832 6
0.765191 3.671034 13.551833 6
0.896384 0.363734 1.992600 6
2.154616 9.547266 17.367600 6
3.947384 4.591766 28.757400 6
5.205616 5.319234 13.382400 6
0.871976 8.376777 3.481515 6
2.179024 1.534223 18.856515 6
3.922976 6.489723 27.268485 6
5.230024 3.421277 11.893485 6
0.526603 2.237904 5.750250 6
2.524397 7.673096 21.125250 6
3.577603 2.717596 24.999750 6
5.575397 7.193404 9.624750 6
2.582366 0.095146 3.682928 6
0.468634 9.815854 19.057928 6
5.633366 4.860354 27.067072 6
3.519634 5.050646 11.692073 6
4.581382 3.678963 5.913225 6
4.571618 6.232037 21.288225 6
1.530382 1.276537 24.836775 6
1.520618 8.634463 9.461775 6
4.906008 8.989277 6.417525 6
4.246992 0.921723 21.792525 6
1.855008 5.877223 24.332475 6
1.195992 4.033777 8.957475 6
5.066491 3.561022 1.383750 6
4.086509 6.349978 16.758750 6
2.015491 1.394478 29.366250 6
1.035509 8.516522 13.991250 6
4.855972 3.147734 2.669100 6
4.297028 6.763266 18.044100 6
1.804972 1.807766 28.080900 6
1.246028 8.103234 12.705900 6
0.995846 4.415350 2.038725 6
2.055154 5.495649 17.413725 6
4.046846 0.540149 28.711275 6
5.106154 9.370850 13.336275 6
3.565399 7.167635 1.522125 6
5.587601 2.743365 16.897125 6
0.514399 7.698865 29.227875 6
2.536601 2.212135 13.852875 6
5.913448 9.833694 1.399125 6
3.239552 0.077306 16.774125 6
2.862448 5.032806 29.350875 6
0.188552 4.878194 13.975875 6
0.103734 4.208211 1.073175 6
2.947266 5.702789 16.448175 6
3.154734 0.747289 29.676825 6
5.998266 9.163711 14.301825 6
0.783497 3.991160 3.317925 6
2.267503 5.919840 18.692925 6
3.834497 0.964340 27.432075 6
5.318503 8.946660 12.057075 6
2.880144 7.671114 5.934750 1
0.170856 2.239886 21.309750 1
5.931144 7.195386 24.815250 1
3.221856 2.715614 9.440250 1
4.472766 3.369740 0.615000 1
4.680234 6.541260 15.990000 1
1.421766 1.585760 30.135000 1
1.629234 8.325240 14.760000 1
4.393440 5.688914 5.627250 1
4.759560 4.222086 21.002250 1
1.342440 9.177586 25.122750 1
1.708560 0.733414 9.747750 1
4.594806 3.667070 6.826500 1
4.558194 6.243930 22.201500 1
1.543806 1.288430 23.923500 1
1.507194 8.622570 8.548500 1
5.558922 0.505461 0.584250 1
3.594078 9.405539 15.959250 1
2.507922 4.450039 30.165750 1
0.543078 5.460961 14.790750 1
4.082238 6.303396 1.353000 1
5.070762 3.607604 16.728000 1
1.031238 8.563104 29.397000 1
2.019762 1.347896 14.022000 1
2.721492 7.145831 0.953250 1
0.329508 2.765169 16.328250 1
5.772492 7.720669 29.796750 1
3.380508 2.190331 14.421750 1
3.447630 7.086365 2.429250 1
5.705370 2.824635 17.804250 1
0.396630 7.780135 28.320750 1
2.654370 2.130865 12.945750 1
1.330236 4.083332 3.905250 1
1.720764 5.827668 19.280250 1
4.381236 0.872168 26.844750 1
4.771764 9.038832 11.469750 1
4.326318 8.751413 7.257000 1
4.826682 1.159587 22.632000 1
1.275318 6.115087 23.493000 1
1.775682 3.795913 8.118000 1
4.887702 0.267597 4.581750 1
4.265298 9.643403 19.956750 1
1.836702 4.687903 26.168250 1
1.214298 5.223097 10.793250 1
0.237978 2.140776 6.334500 1
2.813022 7.770224 21.709500 1
3.288978 2.814724 24.415500 1
5.864022 7.096276 9.040500 1
0.781056 1.496561 5.196750 1
2.269944 8.414439 20.571750 1
3.832056 3.458939 25.553250 1
5.320944 6.452061 10.178250 1
1.189890 2.943567 5.565750 1
1.861110 6.967433 20.940750 1
4.240890 2.011933 25.184250 1
4.912110 7.899067 9.809250 1
5.137884 8.136931 5.811750 1
4.015116 1.774069 21.186750 1
2.086884 6.729569 24.938250 1
0.964116 3.181431 9.563250 1
5.693166 9.395628 6.642000 1
3.459834 0.515372 22.017000 1
2.642166 5.470872 24.108000 1
0.408834 4.440128 8.733000 1
2.599452 5.391584 6.519000 1
0.451548 4.519416 21.894000 1
5.650452 9.474916 24.231000 1
3.502548 0.436084 8.856000 1
0.311202 4.469861 0.123000 1
2.739798 5.441139 15.498000 1
3.362202 0.485639 30.627000 1
5.790798 9.425361 15.252000 1
1.324134 1.238875 1.629750 1
1.726866 8.672125 17.004750 1
4.375134 3.716625 29.120250 1
4.777866 6.194375 13.745250 1
1.739070 4.777102 1.752750 1
1.311930 5.133898 17.127750 1
4.790070 0.178398 28.997250 1
4.362930 9.732602 13.622250 1
3.886974 2.735436 2.767500 1
5.266026 7.175564 18.142500 1
0.835974 2.220064 27.982500 1
2.215026 7.690936 12.607500 1
0.951912 6.898056 4.766250 1
2.099088 3.012944 20.141250 1
4.002912 7.968444 25.983750 1
5.150088 1.942556 10.608750 1
3.008286 0.842435 3.198000 1
0.042714 9.068565 18.573000 1
6.059286 4.113065 27.552000 1
3.093714 5.797935 12.177000 1
5.381964 7.076454 2.921250 1
3.771036 2.834546 18.296250 1
2.330964 7.790046 27.828750 1
0.720036 2.120954 12.453750 1
3.929688 4.767191 4.182000 1
5.223312 5.143809 19.557000 1
0.878688 0.188309 26.568000 1
2.172312 9.722691 11.193000 1
