3.225291 5.492231 15.609532 8
1.095671 2.497231 4.915013 8
5.205583 4.642849 12.773040 8
-0.884620 1.647849 7.751505 8
4.337374 0.539100 13.782643 7
-0.016411 3.534100 6.741903 7
4.341430 0.433077 11.570302 7
-0.020467 3.428077 8.954243 7
2.729539 0.240798 16.739819 6
1.591424 3.235798 3.784726 6
1.863888 0.681662 16.503787 1
2.457074 3.676662 4.020758 1
3.773919 1.271677 16.971747 6
0.547044 4.266677 3.552799 6
3.743655 1.919196 17.665476 1
0.577308 4.914196 2.859069 1
4.726581 1.172842 16.109716 6
-0.405619 4.167842 4.414830 6
-2.699194 1.721526 16.097401 1
7.020157 4.716526 4.427144 1
4.445890 0.079068 15.134800 6
-0.124927 3.074068 5.389746 6
5.174289 5.385609 15.190216 1
-0.853326 2.390609 5.334329 1
4.680587 5.746806 12.708798 6
-0.359624 2.751806 7.815747 6
4.124271 1.848514 11.886175 6
0.196692 4.843514 8.638371 6
5.006768 2.318130 11.850872 1
-0.685805 5.313130 8.673673 1
3.664146 1.779629 13.374615 6
0.656817 4.774629 7.149931 6
4.055158 2.549943 13.878698 1
0.265805 5.544943 6.645848 1
4.900223 0.055707 10.293059 6
-0.579260 3.050707 10.231486 6
4.964434 5.069337 10.239696 1
-0.643471 2.074337 10.284850 1
5.793893 0.446854 10.198647 1
-1.472930 3.441854 10.325899 1
4.322126 0.385157 9.572648 1
-0.001163 3.380157 10.951897 1
3.179418 2.544552 10.949845 6
1.141545 5.539552 9.574700 6
3.582331 2.596665 10.059080 1
0.738632 5.591665 10.465466 1
2.999687 3.449641 11.280290 1
1.321276 0.454641 9.244255 1
2.339147 2.042590 10.900586 1
1.981816 5.037590 9.623959 1
2.161837 1.766451 13.565288 6
2.159126 4.761451 6.959258 6
1.537090 2.921922 14.024422 6
2.783872 5.916922 6.500123 6
2.061517 3.668276 14.291241 1
2.259446 0.673276 6.233304 1
0.161004 2.990208 14.098310 6
4.159959 5.985208 6.426235 6
-0.253185 3.790472 14.397969 1
4.574148 0.795472 6.126577 1
-0.612828 1.923988 13.745288 6
4.933791 4.918988 6.779257 6
-1.559855 1.982690 13.796599 1
5.880818 4.977690 6.727946 1
-0.008201 0.752943 13.310168 6
4.329164 3.747943 7.214378 6
-0.541684 0.001797 13.078240 1
4.862646 2.996797 7.446305 1
1.376297 0.678068 13.217807 6
2.944666 3.673068 7.306738 6
1.786342 5.867205 12.914044 1
2.534621 2.872205 7.610501 1
2.516336 5.249037 17.885089 6
1.804627 2.254037 2.639457 6
3.556410 4.951933 18.708123 6
0.764553 1.956933 1.816422 6
4.378170 5.416158 18.599343 1
-0.057208 2.421158 1.925202 1
3.449998 3.977360 19.717931 6
0.870965 0.982360 0.806615 6
4.190042 3.793467 20.284408 1
0.130921 0.798467 0.240137 1
2.284773 3.303485 19.878022 6
2.036189 0.308485 0.646523 6
6.095039 2.643387 0.032839 1
-1.774076 5.638387 20.491706 1
-0.043534 2.880591 19.215079 6
4.364497 5.875591 1.309466 6
-0.105701 2.202523 19.878022 1
4.426664 5.197523 0.646523 1
-1.130121 3.163918 18.451566 6
5.451084 0.168918 2.072979 6
-1.944237 2.693703 18.584976 1
6.265200 5.688703 1.939570 1
-1.041398 4.148075 17.474598 6
5.362360 1.153075 3.049947 6
-1.804006 4.349938 16.945065 1
6.124969 1.354938 3.579481 1
0.119153 4.826143 17.261143 6
4.201810 1.831143 3.263403 6
0.159346 5.482647 16.575623 1
4.161617 2.487647 3.948923 1
1.267509 4.566776 18.049285 6
3.053453 1.571776 2.475260 6
1.169166 3.567644 19.046778 6
3.151797 0.572644 1.477767 6
