14.759123 1.763208 2.528509 8
0.727077 6.456492 8.960409 8
7.016023 6.456492 2.528509 8
8.470177 1.763208 8.960409 8
0.608763 3.220643 3.564688 8
14.877437 4.999057 9.996588 8
8.351863 4.999057 3.564688 8
7.134337 3.220643 9.996588 8
0.559671 5.836069 0.342306 8
14.926529 2.383631 6.774206 8
8.302771 2.383631 0.342306 8
7.183429 5.836069 6.774206 8
2.221495 7.245172 0.801286 8
13.264705 0.974528 7.233186 8
9.964595 0.974528 0.801286 8
5.521605 7.245172 7.233186 8
14.644370 0.310705 2.440263 6
0.841830 7.908995 8.872163 6
6.901270 7.908995 2.440263 6
8.584930 0.310705 8.872163 6
15.085107 8.192575 1.645280 1
0.401093 0.027125 8.077180 1
7.342007 0.027125 1.645280 1
8.144193 8.192575 8.077180 1
13.714579 0.033701 2.429972 1
1.771621 8.185999 8.861872 1
5.971479 8.185999 2.429972 1
9.514721 0.033701 8.861872 1
15.339236 8.053662 3.693326 6
0.146964 0.166038 10.125226 6
7.596136 0.166038 3.693326 6
7.890064 8.053662 10.125226 6
14.761446 0.038633 4.458593 1
0.724754 8.181067 10.890493 1
7.018346 8.181067 4.458593 1
8.467854 0.038633 10.890493 1
0.361293 6.655491 3.856567 6
15.124907 1.564209 10.288467 6
8.104393 1.564209 3.856567 6
7.381807 6.655491 10.288467 6
15.353019 5.941199 3.523395 1
0.133181 2.278501 9.955295 1
7.609919 2.278501 3.523395 1
7.876281 5.941199 9.955295 1
1.502007 6.432737 4.465797 6
13.984193 1.786963 10.897697 6
9.245107 1.786963 4.465797 6
6.241093 6.432737 10.897697 6
1.759232 5.545010 4.566649 1
13.726968 2.674690 10.998549 1
9.502332 2.674690 4.566649 1
5.983868 5.545010 10.998549 1
2.435515 7.479105 5.017268 6
13.050685 0.740595 11.449168 6
10.178615 0.740595 5.017268 6
5.307585 7.479105 11.449168 6
2.607876 7.257173 5.955939 1
12.878324 0.962527 12.387839 1
10.350976 0.962527 5.955939 1
5.135224 7.257173 12.387839 1
1.831863 0.681413 4.975075 6
13.654337 7.538287 11.406975 6
9.574963 7.538287 4.975075 6
5.911237 0.681413 11.406975 6
1.266771 0.826902 5.750119 1
14.219429 7.392798 12.182019 1
9.009871 7.392798 5.750119 1
6.476329 0.826902 12.182019 1
2.539737 1.344743 4.983436 1
12.946463 6.874957 11.415336 1
10.282837 6.874957 4.983436 1
5.203363 1.344743 11.415336 1
1.021005 0.805531 3.710692 6
14.465195 7.414169 10.142592 6
8.764105 7.414169 3.710692 6
6.722095 0.805531 10.142592 6
1.610565 0.555652 2.968965 1
13.875635 7.664048 9.400865 1
9.353665 7.664048 2.968965 1
6.132535 0.555652 9.400865 1
0.338683 2.077940 3.313458 6
15.147517 6.141760 9.745358 6
8.081783 6.141760 3.313458 6
7.404417 2.077940 9.745358 6
3.766863 7.419923 4.275927 6
11.719337 0.799777 10.707827 6
11.509963 0.799777 4.275927 6
3.976237 7.419923 10.707827 6
4.108489 6.523976 4.302941 1
11.377711 1.695724 10.734841 1
11.851589 1.695724 4.302941 1
3.634611 6.523976 10.734841 1
4.393435 8.014207 4.695287 1
11.092765 0.205492 11.127187 1
12.136535 0.205492 4.695287 1
3.349665 8.014207 11.127187 1
3.636160 7.685420 3.362597 1
11.850040 0.534280 9.794497 1
11.379260 0.534280 3.362597 1
4.106940 7.685420 9.794497 1
0.367642 4.384388 0.273999 6
15.118558 3.835312 6.705899 6
8.110742 3.835312 0.273999 6
7.375458 4.384388 6.705899 6
15.286428 4.140263 12.390412 1
0.199772 4.079437 5.958512 1
7.543328 4.079437 12.390412 1
7.942872 4.140263 5.958512 1
15.466068 4.041626 1.093423 1
0.020132 4.178074 7.525323 1
7.722968 4.178074 1.093423 1
7.763232 4.041626 7.525323 1
1.778280 3.876411 0.080141 6
13.707920 4.343289 6.512041 6
9.521380 4.343289 0.080141 6
5.964820 3.876411 6.512041 6
2.048824 4.076971 12.023794 1
13.437376 4.142729 5.591894 1
9.791924 4.142729 12.023794 1
5.694276 4.076971 5.591894 1
2.170236 2.459334 0.378453 6
13.315964 5.760366 6.810353 6
9.913336 5.760366 0.378453 6
5.572864 2.459334 6.810353 6
1.585787 1.764770 0.176234 1
13.900413 6.454930 6.608134 1
9.328887 6.454930 0.176234 1
6.157313 1.764770 6.608134 1
3.336812 2.195482 0.923621 6
12.149388 6.024218 7.355521 6
11.079912 6.024218 0.923621 6
4.406288 2.195482 7.355521 6
3.546340 1.298713 1.057404 1
11.939860 6.920987 7.489304 1
11.289440 6.920987 1.057404 1
4.196760 1.298713 7.489304 1
4.368347 3.211437 1.351985 6
11.117853 5.008263 7.783885 6
12.111447 5.008263 1.351985 6
3.374753 3.211437 7.783885 6
5.217301 2.962380 0.930053 1
10.268899 5.257320 7.361953 1
12.960401 5.257320 0.930053 1
2.525799 2.962380 7.361953 1
4.017430 4.640843 0.874738 6
11.468770 3.578857 7.306638 6
11.760530 3.578857 0.874738 6
3.725670 4.640843 7.306638 6
4.480158 5.296775 1.418877 1
11.006042 2.922925 7.850777 1
12.223258 2.922925 1.418877 1
3.262942 5.296775 7.850777 1
4.289677 4.760850 12.816204 1
11.196523 3.458850 6.384304 1
12.032777 3.458850 12.816204 1
3.453423 4.760850 6.384304 1
2.526419 4.818388 1.004148 6
12.959781 3.401312 7.436048 6
10.269519 3.401312 1.004148 6
5.216681 4.818388 7.436048 6
2.288860 4.565221 1.920565 1
13.197340 3.654479 8.352465 1
10.031960 3.654479 1.920565 1
5.454240 4.565221 8.352465 1
1.834186 6.116279 0.720116 6
13.652014 2.103421 7.152016 6
9.577286 2.103421 0.720116 6
5.908914 6.116279 7.152016 6
4.582367 3.170338 2.859623 6
10.903833 5.049362 9.291523 6
12.325467 5.049362 2.859623 6
3.160733 3.170338 9.291523 6
3.789473 3.477755 3.304710 1
11.696727 4.741945 9.736610 1
11.532573 4.741945 3.304710 1
3.953627 3.477755 9.736610 1
5.319510 3.738320 3.093744 1
10.166690 4.481380 9.525644 1
13.062610 4.481380 3.093744 1
2.423590 3.738320 9.525644 1
4.772847 2.269459 3.131049 1
10.713353 5.950241 9.562949 1
12.515947 5.950241 3.131049 1
2.970253 2.269459 9.562949 1
