6.000474 6.026606 5.484349 35
8.149137 12.976106 4.638298 35
8.551757 3.837097 0.677914 15
5.597854 10.786597 9.444733 15
0.385535 1.902773 4.937422 35
13.764076 8.852273 5.185224 35
13.623235 13.071176 9.474291 15
0.526377 6.121676 0.648355 15
5.102345 3.257926 8.449373 7
9.047267 10.207426 1.673273 7
3.900782 13.322191 1.857506 8
10.248830 6.372692 8.265141 8
13.264491 11.690449 9.883752 8
0.885120 4.740949 0.238894 8
8.814732 5.173208 0.086042 8
5.334879 12.122708 10.036604 8
2.336269 3.145344 8.478729 8
11.813342 10.094844 1.643918 8
4.349495 3.314911 9.659029 6
9.800116 10.264411 0.463617 6
9.101797 3.774968 2.419312 6
5.047814 10.724468 7.703334 6
14.519992 0.437818 0.310765 6
-0.370380 7.387318 9.811881 6
2.947112 3.284334 9.692434 6
11.202499 10.233834 0.430212 6
2.316837 13.434773 9.550717 6
11.832775 6.485273 0.571930 6
6.113761 4.405983 6.594904 6
8.035850 11.355483 3.527742 6
6.784241 3.473360 0.751100 6
7.365370 10.422860 9.371546 6
9.248738 2.610232 3.126885 6
4.900873 9.559732 6.995761 6
6.087873 3.608180 1.955695 6
8.061738 10.557680 8.166951 6
1.125973 13.238797 1.779561 7
13.023638 6.289297 8.343085 7
4.695103 3.553974 1.951646 6
9.454508 10.503474 8.171000 6
4.993233 4.462969 7.623365 6
9.156379 11.412469 2.499281 6
9.368715 4.986961 3.029708 6
4.780897 11.936461 7.092938 6
4.939699 2.023694 7.676003 6
9.209913 8.973194 2.446644 6
1.126784 11.925342 2.430447 6
13.022828 4.975842 7.692199 6
8.846790 2.878483 9.248050 6
5.302822 9.827983 0.874597 6
-0.477681 13.345820 9.483907 6
14.627292 6.396320 0.638739 6
0.243983 13.397246 8.298545 6
13.905628 6.447746 1.824101 6
13.307747 0.082004 0.892817 6
0.841865 7.031504 9.229829 6
1.914409 13.329141 0.602297 6
12.235202 6.379641 9.520349 6
12.570413 1.031306 1.614562 6
1.579198 7.980806 8.508084 6
7.706721 2.511549 9.955623 6
6.442890 9.461049 0.167024 6
14.976358 1.748494 0.447421 6
-0.826746 8.697994 9.675225 6
6.044616 1.940300 6.618186 6
8.104996 8.889800 3.504460 6
3.319415 13.388907 0.627604 6
10.830196 6.439407 9.495042 6
5.243913 13.783638 1.994161 6
8.905698 6.834138 8.128485 6
1.632648 13.427824 8.354220 6
12.516963 6.478324 1.768426 6
9.166952 0.585148 8.596151 6
4.982659 7.534648 1.526495 6
3.998575 3.405255 0.762235 6
10.151036 10.354755 9.360411 6
9.636722 2.654709 4.475222 6
4.512889 9.604209 5.647424 6
0.131518 0.400291 3.700839 6
14.018093 7.349791 6.421807 6
13.066525 0.735257 7.178981 6
1.083086 7.684757 2.943666 6
6.021709 3.181481 5.743590 6
8.127903 10.130981 4.379057 6
0.936667 2.968826 8.474679 6
13.212944 9.918326 1.647967 6
0.100991 13.005294 4.461050 6
14.048620 6.055794 5.661596 6
7.312420 1.173076 9.994089 6
6.837191 8.122576 0.128558 6
8.077254 0.226554 9.324982 6
6.072357 7.176054 0.797665 6
9.581585 1.913892 8.568820 6
4.568027 8.863392 1.553826 6
1.302835 0.440598 2.718943 6
12.846776 7.390098 7.403703 6
9.886660 3.870872 5.073470 6
4.262951 10.820371 5.049176 6
0.009931 11.858627 3.446761 6
14.139680 4.909127 6.675885 6
14.222392 2.669998 1.154994 6
-0.072781 9.619498 8.967652 6
13.110033 13.363888 7.757996 6
1.039578 6.414389 2.364650 6
9.751537 5.028658 4.361848 6
4.398074 11.978158 5.760798 6
13.038400 2.304454 1.739071 6
1.111212 9.253954 8.383576 6
12.603214 0.864518 5.852914 6
1.546397 7.814018 4.269732 6
12.230166 12.436825 5.712209 6
1.919445 5.487325 4.410437 6
12.682506 12.251968 7.028153 6
1.467105 5.302468 3.094493 6
12.216697 13.662717 5.143317 6
1.932914 6.713217 4.979330 6
