3.752313 2.540250 3.176332 8
2.893308 7.620750 8.196143 8
1.756031 2.540250 2.206260 8
4.889591 7.620750 9.166215 8
-0.012248 0.210333 8.300087 8
6.657870 5.290833 3.072388 8
6.657870 9.950667 3.072388 8
-0.012248 4.870167 8.300087 8
1.262923 0.522275 6.665408 8
5.382699 5.602775 4.707067 8
5.382699 9.638725 4.707067 8
1.262923 4.558225 6.665408 8
0.188999 1.691806 6.699525 8
6.456623 6.772306 4.672950 8
6.456623 8.469193 4.672950 8
0.188999 3.388694 6.699525 8
7.170652 1.762933 0.094392 6
-0.525030 6.843433 11.278084 6
-0.525030 8.398067 11.278084 6
7.170652 3.317566 0.094392 6
8.056389 1.413395 0.279763 1
-1.410767 6.493895 11.092712 1
-1.410767 8.747605 11.092712 1
8.056389 3.667105 0.279763 1
6.548949 1.413395 0.751721 1
0.096673 6.493895 10.620754 1
0.096673 8.747605 10.620754 1
6.548949 3.667105 0.751721 1
5.058609 1.407299 10.022562 6
1.587013 6.487799 1.349913 6
1.587013 8.753701 1.349913 6
5.058609 3.673201 10.022562 6
5.247784 0.493825 9.722329 1
1.397837 5.574325 1.650146 1
1.397837 9.667175 1.650146 1
5.247784 4.586675 9.722329 1
3.623453 1.875721 9.879838 6
3.022168 6.956221 1.492637 6
3.022168 8.285279 1.492637 6
3.623453 3.204779 9.879838 6
2.255454 1.248787 9.868806 6
4.390168 6.329287 1.503669 6
4.390168 8.912213 1.503669 6
2.255454 3.831713 9.868806 6
2.281664 0.270283 9.837191 1
4.363958 5.350783 1.535284 1
4.363958 9.890717 1.535284 1
2.281664 4.810217 9.837191 1
1.517148 1.871656 8.673446 6
5.128474 6.952156 2.699030 6
5.128474 8.289344 2.699030 6
1.517148 3.208844 8.673446 6
0.744748 1.024229 7.751479 6
5.900873 6.104729 3.620996 6
5.900873 9.136771 3.620996 6
0.744748 4.056271 7.751479 6
5.758706 2.540250 9.243548 6
0.886915 7.620750 2.128927 6
6.721348 2.540250 9.362959 1
-0.075726 7.620750 2.009516 1
5.537687 2.540250 8.299632 1
1.107935 7.620750 3.072843 1
1.426458 1.802561 11.069967 6
5.219164 6.883061 0.302508 6
5.219164 8.358439 0.302508 6
1.426458 3.277939 11.069967 6
0.567166 1.365638 11.243966 1
6.078455 6.446138 0.128509 1
6.078455 8.795362 0.128509 1
0.567166 3.714862 11.243966 1
3.719373 2.540250 0.864308 6
2.926249 7.620750 10.508167 6
4.698122 2.540250 0.924582 1
1.947499 7.620750 10.447893 1
2.953706 2.540250 2.132339 6
3.691916 7.620750 9.240136 6
3.084492 2.540250 4.490990 6
3.561130 7.620750 6.881485 6
2.519545 3.325695 4.566049 1
4.126077 8.406195 6.806426 1
4.126077 6.835305 6.806426 1
2.519545 1.754805 4.566049 1
4.017983 2.540250 5.521337 6
2.627639 7.620750 5.851138 6
3.572211 2.697745 6.356076 1
3.073411 7.778246 5.016399 1
3.073411 7.463254 5.016399 1
3.572211 2.382754 6.356076 1
4.663321 3.233230 5.367808 1
1.982301 8.313730 6.004667 1
1.982301 6.927770 6.004667 1
4.663321 1.847270 5.367808 1
4.462340 1.689774 5.549768 1
2.183282 6.770274 5.822707 1
2.183282 8.471226 5.822707 1
4.462340 3.390726 5.549768 1
-0.877375 9.505615 7.535402 6
7.522997 4.425115 3.837073 6
7.522997 0.655385 3.837073 6
-0.877375 5.735885 7.535402 6
6.809503 10.038052 7.029327 1
-0.163881 4.957552 4.343148 1
-0.163881 0.122948 4.343148 1
6.809503 5.203448 7.029327 1
6.941833 8.931519 8.131320 1
-0.296211 3.851019 3.241155 1
-0.296211 1.229481 3.241155 1
6.941833 6.309981 8.131320 1
-0.349687 8.973179 6.936073 1
6.995309 3.892679 4.436403 1
6.995309 1.187821 4.436403 1
-0.349687 6.268321 6.936073 1
