5.010980 7.461612 14.953365 6
6.159741 1.434462 18.667331 6
2.436168 4.592688 7.460432 6
1.287406 10.619838 3.746466 6
4.640366 6.684109 14.486037 1
6.530356 0.656959 19.134658 1
2.806782 5.370191 7.927760 1
0.916792 11.397341 3.279138 1
3.905601 8.489843 15.044589 6
7.265121 2.462693 18.576106 6
3.541547 3.564457 7.369208 6
0.182027 9.591607 3.837690 6
2.687029 8.515158 15.679796 6
0.941093 2.488008 17.940899 6
4.760119 3.539142 6.734001 6
6.506055 9.566292 4.472897 6
2.407262 7.793105 16.196210 1
1.220860 1.765955 17.424486 1
5.039886 4.261195 6.217587 1
6.226288 10.288345 4.989311 1
1.866256 9.659111 15.535003 6
1.761866 3.631961 18.085693 6
5.580892 2.395189 6.878794 6
5.685282 8.422339 4.328104 6
1.059495 9.686835 15.996727 1
2.568627 3.659685 17.623968 1
6.387653 2.367465 6.417070 1
4.878521 8.394615 4.789828 1
2.194607 10.701808 14.768451 6
1.433515 4.674658 18.852244 6
5.252541 1.352492 7.645346 6
6.013633 7.379642 3.561552 6
1.605902 11.416628 14.681037 1
2.022220 5.389478 18.939658 1
5.841246 0.637672 7.732760 1
5.424928 6.664822 3.474138 1
3.437522 10.723505 14.084830 6
0.190600 4.696355 19.535865 6
4.009626 1.330795 8.328967 6
7.256548 7.357945 2.877932 6
3.934397 11.724012 13.242071 6
7.236325 5.696862 20.378624 6
3.512751 0.330288 9.171726 6
0.210823 6.357438 2.035173 6
3.433491 0.437571 13.082933 1
0.194631 6.464721 20.537762 1
4.013657 11.616729 9.330864 1
7.252517 5.589579 1.876035 1
5.149748 11.572128 12.654830 6
6.020974 5.544978 20.965865 6
2.297400 0.482172 9.758967 6
1.426174 6.509322 1.447931 6
5.473372 0.200101 12.112416 1
5.697350 6.227251 21.508279 1
1.973776 11.854199 10.301381 1
1.749798 5.827049 0.905517 1
5.935657 10.425764 12.838847 6
5.235065 4.398614 20.781848 6
1.511491 1.628536 9.574950 6
2.212083 7.655686 1.631949 6
6.763348 10.353438 12.421726 1
4.407374 4.326288 21.198969 1
0.683800 1.700862 9.992071 1
3.039774 7.728012 1.214828 1
5.478978 9.425257 13.629830 6
5.691744 3.398107 19.990865 6
1.968170 2.629043 8.783967 6
1.755404 8.656193 2.422931 6
4.254387 9.586785 14.261451 6
6.916335 3.559635 19.359245 6
3.192761 2.467515 8.152346 6
0.530813 8.494665 3.054552 6
6.068713 8.098079 14.006830 6
5.102009 2.070929 19.613865 6
1.378435 3.956221 8.406967 6
2.345139 9.983371 2.799931 6
6.890190 8.255990 14.517416 1
4.280532 2.228840 19.103279 1
0.556958 3.798310 7.896381 1
3.166616 9.825460 3.310518 1
6.408763 7.210882 12.795364 6
4.761959 1.183732 20.825331 6
1.038385 4.843418 9.618433 6
2.685189 10.870568 1.588466 6
6.724910 6.342973 13.123278 1
4.445812 0.315823 20.497417 1
0.722238 5.711327 9.290519 1
3.001336 11.738477 1.916380 1
7.486560 7.819624 11.919433 6
3.684162 1.792474 21.701262 6
-0.039412 4.234676 10.494364 6
3.762986 10.261826 0.712535 6
1.207802 8.223443 12.166433 6
2.420320 2.196293 21.454262 6
6.239346 3.830857 10.247364 6
5.026828 9.858007 0.959535 6
1.591159 8.107722 13.006726 1
2.036963 2.080572 20.613969 1
5.855989 3.946578 9.407070 1
5.410185 9.973728 1.799828 1
1.927289 8.824953 11.121726 6
1.796285 2.797803 0.085172 6
5.519859 3.229347 11.292071 6
5.650863 9.256497 22.328624 6
2.793199 9.116667 11.294312 1
0.834923 3.089517 22.326383 1
4.653949 2.937633 11.119485 1
6.612225 8.964783 0.087414 1
1.430273 9.005768 9.872381 6
2.293301 2.978618 1.334517 6
6.016875 3.048532 12.541416 6
5.153847 9.075682 21.079279 6
1.955042 9.392711 9.209829 1
1.768532 3.365561 1.997069 1
5.492106 2.661589 13.203968 1
5.678616 8.688739 20.416727 1
0.107005 8.599538 9.587502 6
3.616569 2.572388 1.619397 6
7.340143 3.454762 12.826295 6
3.830579 9.481912 20.794400 6
6.972180 8.756244 8.371105 6
4.293994 2.729094 2.835794 6
0.474968 3.298056 14.042692 6
3.153154 9.325206 19.578003 6
7.392386 9.155241 7.643105 1
3.873788 3.128091 3.563794 1
0.054762 2.899059 14.770692 1
3.573360 8.926209 18.850003 1
5.680556 8.313851 8.271812 6
5.585618 2.286701 2.935087 6
1.766592 3.740449 14.141985 6
1.861530 9.767599 19.478710 6
5.231441 8.419929 7.463794 1
6.034733 2.392779 3.743104 1
2.215707 3.634371 14.950002 1
1.412415 9.661521 18.670693 1
5.008468 7.702698 9.344312 6
6.257706 1.675548 1.862587 6
2.438680 4.351602 13.069485 6
1.189442 10.378752 20.551210 6
4.137002 7.396518 9.236726 1
7.129172 1.369368 1.970173 1
3.310146 4.657782 13.177071 1
0.317976 10.684932 20.443624 1
5.627986 7.564073 10.520588 6
5.638188 1.536923 0.686310 6
1.819162 4.490227 11.893209 6
1.808960 10.517377 21.727486 6
6.951177 8.011288 10.646329 6
4.314997 1.984138 0.560569 6
0.495971 4.043012 11.767467 6
3.132151 10.070162 21.853228 6
5.213520 6.974618 11.849054 6
5.957202 0.947468 21.771641 6
2.233628 5.079682 10.564743 6
1.489946 11.106832 0.642155 6
5.030612 6.025945 11.760519 1
6.140110 12.053095 21.860176 1
2.416536 6.028355 10.653278 1
1.307038 0.001205 0.553621 1
4.418602 7.415805 12.186381 1
6.752120 1.388655 21.434314 1
3.028546 4.638495 10.227415 1
0.695028 10.665645 0.979483 1
5.586054 6.952920 16.293485 6
5.584668 0.925770 17.327210 6
1.861094 5.101380 6.120311 6
1.862480 11.128530 5.086587 6
4.539897 6.265825 17.178606 6
6.630825 0.238675 16.442089 6
2.907251 5.788475 5.235191 6
0.816323 11.815625 5.971708 6
4.201637 5.488323 16.729658 1
6.969084 11.515473 16.891037 1
3.245510 6.565977 5.684139 1
0.478064 0.538827 5.522760 1
3.818083 6.873362 17.352761 1
7.352639 0.846212 16.267934 1
3.629065 5.180938 5.061035 1
0.094509 11.208088 6.145863 1
4.945167 6.004247 18.009486 1
6.225555 12.031397 15.611209 1
2.501981 6.050053 4.404311 1
1.221593 0.022903 6.802587 1
6.733567 5.977727 16.049623 6
4.437155 12.004877 17.571072 6
0.713581 6.076573 6.364173 6
3.009993 0.049423 4.842725 6
7.098063 5.695657 16.891037 1
4.072659 11.722807 16.729658 1
0.349085 6.358643 5.522760 1
3.374489 0.331493 5.684139 1
7.417619 6.410477 15.532761 1
3.753102 0.383327 18.087934 1
0.029529 5.643823 6.881036 1
3.694045 11.670973 4.325863 1
6.405995 5.212279 15.570865 1
4.764727 11.239429 18.049831 1
1.041153 6.842021 6.842932 1
2.682421 0.814871 4.363966 1
6.101008 8.105311 17.050175 6
5.069714 2.078161 16.570520 6
1.346140 3.948989 5.363622 6
2.377434 9.976139 5.843277 6
6.507320 8.980453 17.636520 7
4.663402 2.953304 15.984175 7
0.939828 3.073847 4.777277 7
2.783746 9.100996 6.429622 7
