2.110523 8.209853 1.527232 29
0.140347 12.108475 1.527232 29
-2.250870 8.452941 1.527232 29
-6.195027 13.005064 6.418865 29
0.140347 2.518052 6.418865 29
6.054680 13.248153 6.418865 29
10.416073 3.414641 11.310498 29
8.445897 7.313263 11.310498 29
6.054680 3.657730 11.310498 29
6.195027 6.175782 13.147668 29
8.165203 2.277160 13.147668 29
10.556420 5.932693 13.147668 29
-2.110523 10.970993 3.364402 29
-0.140347 7.072371 3.364402 29
2.250870 10.727905 3.364402 29
14.500577 1.380570 8.256035 29
8.165203 11.867583 8.256035 29
2.250870 1.137482 8.256035 29
-0.000831 9.590903 14.443917 29
16.610269 0.000480 4.660650 29
8.304719 4.795691 9.552284 29
8.306381 4.794732 0.230983 29
0.000831 9.589944 5.122616 29
-8.304719 14.385155 10.014250 29
-0.000831 9.590903 2.446306 17
16.610269 0.000480 7.337939 17
8.304719 4.795691 12.229572 17
-0.308800 6.098071 0.141906 15
3.178866 11.069170 0.141906 15
-2.870066 11.604028 0.141906 15
7.996750 10.893282 5.033540 15
3.178866 1.478747 5.033540 15
13.741034 2.013605 5.033540 15
7.996750 1.302859 9.925173 15
11.484416 6.273959 9.925173 15
5.435484 6.808817 9.925173 15
8.614350 8.287564 14.532994 15
5.126684 3.316464 14.532994 15
11.175616 2.781606 14.532994 15
0.308800 13.082776 4.749727 15
-3.178866 8.111676 4.749727 15
2.870066 7.576818 4.749727 15
0.308800 3.492353 9.641360 15
5.126684 12.906887 9.641360 15
-5.435484 12.372029 9.641360 15
-0.000831 9.590903 9.783756 15
16.610269 0.000480 0.000489 15
8.304719 4.795691 4.892122 15
2.265339 9.362315 14.248301 16
-0.935122 11.666318 14.248301 16
-1.330217 7.742636 14.248301 16
-6.040211 14.157526 4.465034 16
-0.935122 2.075895 4.465034 16
6.975333 12.537848 4.465034 16
10.570889 4.567103 9.356667 16
7.370428 6.871107 9.356667 16
6.975333 2.947425 9.356667 16
6.040211 5.023320 0.426599 16
9.240672 2.719317 0.426599 16
9.635767 6.642998 0.426599 16
-2.265339 9.818531 5.318233 16
0.935122 7.514528 5.318233 16
1.330217 11.438210 5.318233 16
14.345761 0.228108 10.209866 16
9.240672 12.309740 10.209866 16
1.330217 1.847787 10.209866 16
1.060120 6.189851 1.631115 16
2.414922 12.208800 1.631115 16
-3.475042 10.372618 1.631115 16
9.365670 10.985062 6.522748 16
2.414922 2.618377 6.522748 16
13.136058 0.782195 6.522748 16
9.365670 1.394639 11.414382 16
10.720472 7.413589 11.414382 16
4.830508 5.577406 11.414382 16
7.245430 8.195784 13.043785 16
5.890628 2.176834 13.043785 16
11.780592 4.013017 13.043785 16
-1.060120 12.990995 3.260518 16
-2.414922 6.972046 3.260518 16
3.475042 8.808228 3.260518 16
-1.060120 3.400572 8.152152 16
5.890628 11.767257 8.152152 16
-4.830508 13.603440 8.152152 16
0.248004 8.313458 10.707247 9
0.981882 10.443683 10.707247 9
-1.229886 10.014128 10.707247 9
8.553554 13.108670 0.923981 9
0.981882 0.853260 0.923981 9
15.381214 0.423705 0.923981 9
8.553554 3.518247 5.815614 9
9.287432 5.648471 5.815614 9
7.075664 5.218916 5.815614 9
8.057546 6.072176 3.967653 9
7.323668 3.941952 3.967653 9
9.535436 4.371507 3.967653 9
-0.248004 10.867388 8.859286 9
-0.981882 8.737163 8.859286 9
1.229886 9.166718 8.859286 9
-0.248004 1.276965 13.750919 9
7.323668 13.532375 13.750919 9
-7.075664 13.961930 13.750919 9
0.373667 5.445107 13.553591 8
3.403116 11.986686 13.553591 8
-3.776783 11.339476 13.553591 8
8.679217 10.240318 3.770324 8
3.403116 2.396263 3.770324 8
12.834317 1.749053 3.770324 8
8.679217 0.649895 8.661958 8
11.708666 7.191475 8.661958 8
4.528767 6.544265 8.661958 8
7.931883 8.940528 1.121309 8
4.902434 2.398948 1.121309 8
12.082333 3.046158 1.121309 8
-0.373667 13.735740 6.012942 8
-3.403116 7.194160 6.012942 8
3.776783 7.841370 6.012942 8
-0.373667 4.145317 10.904576 8
4.902434 11.989371 10.904576 8
-4.528767 12.636581 10.904576 8
-1.423156 5.053817 0.504523 8
4.640394 10.626237 0.504523 8
-3.217238 13.091215 0.504523 8
6.882394 9.849029 5.396156 8
4.640394 1.035814 5.396156 8
13.393862 3.500792 5.396156 8
6.882394 0.258606 10.287790 8
12.945944 5.831025 10.287790 8
5.088312 8.296004 10.287790 8
9.728706 9.331817 14.170377 8
3.665156 3.759398 14.170377 8
11.522788 1.294419 14.170377 8
1.423156 14.127029 4.387110 8
-4.640394 8.554609 4.387110 8
3.217238 6.089631 4.387110 8
1.423156 4.536606 9.278744 8
3.665156 13.349821 9.278744 8
-5.088312 10.884842 9.278744 8
1.490680 6.087425 12.872382 6
2.288345 12.632889 12.872382 6
-3.779025 10.050955 12.872382 6
9.796230 10.882637 3.089115 6
2.288345 3.042466 3.089115 6
12.832075 0.460532 3.089115 6
9.796230 1.292214 7.980749 6
10.593895 7.837677 7.980749 6
4.526525 5.255744 7.980749 6
6.814870 8.298209 1.802518 6
6.017205 1.752746 1.802518 6
12.084575 4.334679 1.802518 6
-1.490680 13.093421 6.694151 6
-2.288345 6.547957 6.694151 6
3.779025 9.129891 6.694151 6
-1.490680 3.502998 11.585785 6
6.017205 11.343169 11.585785 6
-4.526525 13.925102 11.585785 6
1.219255 6.977033 12.566117 1
1.653635 11.953024 12.566117 1
-2.872890 9.841213 12.566117 1
9.524805 11.772244 2.782850 1
1.653635 2.362601 2.782850 1
13.738210 0.250790 2.782850 1
9.524805 2.181821 7.674484 1
9.959185 7.157812 7.674484 1
5.432660 5.046001 7.674484 1
7.086295 7.408602 2.108783 1
6.651915 2.432611 2.108783 1
11.178440 4.544422 2.108783 1
-1.219255 12.203813 7.000416 1
-1.653635 7.227822 7.000416 1
2.872890 9.339633 7.000416 1
-1.219255 2.613390 11.892050 1
6.651915 12.023034 11.892050 1
-5.432660 14.134845 11.892050 1
1.759115 5.544224 12.100923 1
2.624554 13.136962 12.100923 1
-4.383669 10.090084 12.100923 1
10.064665 10.339435 2.317656 1
2.624554 3.546538 2.317656 1
12.227431 0.499661 2.317656 1
10.064665 0.749012 7.209289 1
10.930104 8.341750 7.209289 1
3.921881 5.294873 7.209289 1
6.546435 8.841411 2.573977 1
5.680996 1.248673 2.573977 1
12.689219 4.295550 2.573977 1
-1.759115 13.636623 7.465611 1
-2.624554 6.043885 7.465611 1
4.383669 9.090762 7.465611 1
-1.759115 4.046199 12.357244 1
5.680996 10.839096 12.357244 1
-3.921881 13.885974 12.357244 1
2.245821 6.171437 13.490636 1
1.838018 13.244854 13.490636 1
-4.083839 9.354978 13.490636 1
-6.059729 10.966649 3.707369 1
1.838018 3.654431 3.707369 1
4.221711 14.150190 3.707369 1
10.551371 1.376226 8.599002 1
10.143568 8.449642 8.599002 1
4.221711 4.559767 8.599002 1
6.059729 8.214197 1.184264 1
6.467532 1.140781 1.184264 1
12.389389 5.030656 1.184264 1
-2.245821 13.009409 6.075898 1
-1.838018 5.935992 6.075898 1
4.083839 9.825868 6.075898 1
14.365279 3.418986 10.967531 1
6.467532 10.731204 10.967531 1
4.083839 0.235445 10.967531 1
-1.082213 3.746307 1.056299 6
5.602260 11.575257 1.056299 6
-4.520046 13.449705 1.056299 6
7.223337 8.541518 5.947933 6
5.602260 1.984834 5.947933 6
12.091054 3.859282 5.947933 6
-1.082213 13.336730 10.839566 6
-2.703290 6.780045 10.839566 6
3.785504 8.654494 10.839566 6
9.387763 10.639328 13.618601 6
2.703290 2.810378 13.618601 6
12.825596 0.935929 13.618601 6
9.387763 1.048905 3.835334 6
11.008840 7.605589 3.835334 6
4.520046 5.731141 3.835334 6
1.082213 5.844116 8.726967 6
2.703290 12.400801 8.726967 6
-3.785504 10.526352 8.726967 6
-0.391191 3.327397 0.501882 1
5.619535 12.383154 0.501882 1
-5.228344 13.060718 0.501882 1
7.914359 8.122609 5.393515 1
5.619535 2.792731 5.393515 1
11.382756 3.470295 5.393515 1
-0.391191 12.917820 10.285148 1
-2.686015 7.587943 10.285148 1
3.077206 8.265506 10.285148 1
8.696741 11.058237 14.173018 1
2.686015 2.002480 14.173018 1
13.533894 1.324917 14.173018 1
8.696741 1.467814 4.389752 1
10.991565 6.797692 4.389752 1
5.228344 6.120128 4.389752 1
0.391191 6.263026 9.281385 1
2.686015 11.592903 9.281385 1
-3.077206 10.915340 9.281385 1
14.729062 3.179225 1.068333 1
6.493279 11.166130 1.068333 1
3.694309 0.040280 1.068333 1
6.423512 7.974437 5.959966 1
6.493279 1.575707 5.959966 1
11.999859 4.835491 5.959966 1
-1.882038 12.769648 10.851599 1
-1.812271 6.370918 10.851599 1
3.694309 9.630703 10.851599 1
-6.423512 11.206409 13.606567 1
1.812271 3.219505 13.606567 1
4.611241 14.345355 13.606567 1
10.187588 1.615986 3.823301 1
10.117821 8.014717 3.823301 1
4.611241 4.754932 3.823301 1
1.882038 6.411198 8.714934 1
1.812271 12.809928 8.714934 1
-3.694309 9.550143 8.714934 1
-0.745838 3.855350 1.969372 1
5.339638 11.812045 1.969372 1
-4.593800 13.103875 1.969372 1
7.559712 8.650562 6.861005 1
5.339638 2.221622 6.861005 1
12.017300 3.513451 6.861005 1
-0.745838 13.445773 11.752638 1
-2.965912 7.016833 11.752638 1
3.711750 8.308663 11.752638 1
9.051388 10.530285 12.705528 1
2.965912 2.573590 12.705528 1
12.899350 1.281760 12.705528 1
9.051388 0.939861 2.922262 1
11.271462 7.368802 2.922262 1
4.593800 6.076972 2.922262 1
0.745838 5.735073 7.813895 1
2.965912 12.164013 7.813895 1
-3.711750 10.872183 7.813895 1
