1.691558 10.039379 6.057716 8
5.650130 3.376929 6.717963 8
5.317819 3.285521 19.493642 8
1.359247 9.947971 18.833395 8
1.384722 10.232857 4.884653 6
5.956966 3.570407 7.891026 6
5.624655 3.092043 20.666705 6
1.052410 9.754493 17.660332 6
0.285494 10.976919 4.530767 7
7.056194 4.314469 8.244912 7
6.723882 2.347981 21.020591 7
-0.046817 9.010431 17.306446 7
2.211586 9.755692 3.749151 6
5.130102 3.093242 9.026528 6
4.797790 3.569208 21.802207 6
1.879275 10.231658 16.524830 6
3.340679 8.971922 4.005175 6
4.001009 2.309472 8.770504 6
3.668698 4.352978 21.546182 6
3.008367 11.015428 16.780854 6
3.426451 8.634535 4.867534 1
3.915237 1.972085 7.908145 1
3.582925 4.690365 20.683824 1
3.094140 11.352815 17.643212 1
4.238798 8.676375 2.992064 6
3.102891 2.013925 9.783615 6
2.770579 4.648525 22.559294 6
3.906486 11.310975 15.767743 6
5.066575 8.173494 3.178589 1
2.275114 1.511044 9.597090 1
1.942802 5.151406 22.372769 1
4.734263 11.813856 15.954268 1
4.007415 9.175526 1.709130 6
3.334273 2.513076 11.066548 6
3.001961 4.149374 23.842227 6
3.675104 10.811824 14.484809 6
4.639672 8.967658 1.004168 1
2.702016 2.305208 11.771510 1
2.369704 4.357242 24.547189 1
4.307361 11.019692 13.779847 1
2.886701 9.929849 1.426021 6
4.454987 3.267399 11.349658 6
4.122675 3.395051 24.125336 6
2.554390 10.057501 14.201700 6
2.754430 10.272165 0.610677 1
4.587259 3.609715 12.165001 1
4.254947 3.052735 24.940680 1
2.422118 9.715185 13.386356 1
1.966155 10.239519 2.445776 6
5.375533 3.577069 10.329903 6
5.043221 3.085381 23.105582 6
1.633844 9.747831 15.221455 6
0.661314 11.118297 1.423211 1
6.680374 4.455847 11.352468 1
6.348062 2.206603 24.128147 1
0.329003 8.869053 14.198889 1
0.878887 11.055403 2.233955 7
6.462801 4.392953 10.541724 7
6.130489 2.269497 23.317402 7
0.546576 8.931947 15.009634 7
7.455581 10.865923 3.145628 6
-0.113893 4.203473 9.630051 6
-0.446204 2.458977 22.405730 6
7.123269 9.121427 15.921306 6
7.011420 9.996340 3.050832 1
0.330268 3.333890 9.724847 1
-0.002043 3.328560 22.500526 1
6.679108 9.991010 15.826511 1
6.804288 11.523374 3.048277 1
0.537400 4.860924 9.727402 1
0.205088 1.801526 22.503081 1
6.471977 8.463976 15.823956 1
7.075121 11.493392 5.528803 6
0.266568 4.830942 7.246876 6
-0.065744 1.831508 20.022555 6
6.742809 8.493958 18.304482 6
7.418434 12.530070 6.402915 6
-0.076745 5.867620 6.372764 6
-0.409057 0.794830 19.148443 6
7.086122 7.457280 19.178594 6
6.473454 12.993776 7.329407 6
0.868234 6.331326 5.446272 6
0.535922 0.331124 18.221951 6
6.141143 6.993574 20.105086 6
6.700567 0.406409 7.920921 1
0.641122 7.068859 4.854758 1
0.308810 12.918491 17.630437 1
6.368255 6.256041 20.696600 1
5.200444 12.432665 7.384342 6
2.141245 5.770215 5.391336 6
1.808933 0.892235 18.167015 6
4.868132 7.554685 20.160021 6
4.555600 12.733274 8.071674 1
2.786089 6.070824 4.704005 1
2.453777 0.591626 17.479684 1
4.223288 7.254076 20.847353 1
4.857210 11.424236 6.507164 6
2.484478 4.761786 6.268515 6
2.152166 1.900664 19.044193 6
4.524899 8.563114 19.282843 6
4.020392 11.080987 6.520706 1
3.321296 4.418537 6.254972 1
2.988985 2.243913 19.030651 1
3.688081 8.906363 19.296385 1
5.783626 10.956932 5.586293 6
1.558063 4.294482 7.189385 6
1.225751 2.367968 19.965064 6
5.451314 9.030418 18.361972 6
5.579987 10.228193 4.977404 1
1.761701 3.565743 7.798274 1
1.429389 3.096707 20.573953 1
5.247676 9.759157 17.753083 1
1.107508 13.183390 6.455295 6
6.234180 6.520940 6.320384 6
5.901868 0.141510 19.096063 6
0.775197 6.803960 19.230974 6
1.783927 13.134620 5.303440 9
5.557761 6.472170 7.472239 9
5.225449 0.190280 20.247918 9
1.451616 6.852730 18.079119 9
1.003322 1.168327 6.772898 9
6.338366 7.830777 6.002780 9
6.006055 12.156573 18.778459 9
0.671010 5.494123 19.548577 9
1.902877 12.644797 7.395074 9
5.438811 5.982347 5.380605 9
5.106500 0.680103 18.156284 9
1.570565 7.342553 20.170753 9
7.126847 8.863857 12.367368 8
0.214841 2.201407 0.408311 8
-0.117470 4.461043 13.183990 8
6.794535 11.123493 25.143047 8
7.050820 9.700660 10.257081 7
0.290869 3.038210 2.518597 7
-0.041443 3.624240 15.294276 7
6.718508 10.286690 23.032760 7
-0.144804 8.834542 11.201971 6
7.486492 2.172092 1.573708 6
7.154181 4.490358 14.349387 6
-0.477116 11.152808 23.977649 6
0.931722 7.930181 10.735147 6
6.409966 1.267731 2.040531 6
6.077654 5.394719 14.816210 6
0.599411 12.057169 23.510826 6
1.487479 6.994906 11.614114 6
5.854209 0.332456 1.161565 6
5.521898 6.329994 13.937244 6
1.155167 12.992444 24.389793 6
1.087082 6.859659 12.492059 1
6.254607 0.197209 0.283620 1
5.922295 6.465241 13.059299 1
0.754770 13.127691 25.267738 1
2.576901 6.236719 11.241575 6
4.764787 12.899169 1.534104 6
4.432476 7.088181 14.309782 6
2.244589 0.425731 24.017254 6
2.915359 5.647093 11.830279 1
4.426329 12.309543 0.945400 1
4.094017 7.677807 13.721079 1
2.583048 1.015357 24.605957 1
3.138612 6.417938 9.973972 6
4.203077 13.080388 2.801706 6
3.870765 6.906962 15.577385 6
2.806300 0.244512 22.749651 6
3.937181 5.872283 9.719736 1
3.404507 12.534733 3.055942 1
3.072195 7.452617 15.831621 1
3.604870 0.790167 22.495415 1
2.610754 7.333359 9.084530 6
4.730935 0.670909 3.691149 6
4.398623 5.991541 16.466828 6
2.278442 12.653991 21.860208 6
2.978841 7.468606 8.209651 1
4.362848 0.806156 4.566028 1
4.030536 5.856294 17.341706 1
2.646529 12.518744 20.985330 1
1.486985 8.099674 9.449914 6
5.854703 1.437224 3.325765 6
5.522392 5.225226 16.101444 6
1.154673 11.887676 22.225593 6
1.300264 9.218166 7.836601 1
6.041424 2.555716 4.939077 1
5.709113 4.106734 17.714756 1
0.967952 10.769184 20.612280 1
0.961170 9.059733 8.629460 7
6.380519 2.397283 4.146219 7
6.048207 4.265167 16.921898 7
0.628858 10.927617 21.405139 7
7.263226 9.421904 8.829527 6
0.078462 2.759454 3.946152 6
-0.253850 3.902996 16.721830 6
6.930915 10.565446 21.605206 6
6.608341 8.675842 8.516267 1
0.733347 2.013392 4.259411 1
0.401036 4.649058 17.035090 1
6.276029 11.311508 21.291946 1
7.034133 10.256176 8.373180 1
0.307555 3.593726 4.402499 1
-0.024756 3.068724 17.178178 1
6.701821 9.731174 21.148859 1
5.942168 10.561849 10.584139 6
1.399520 3.899399 2.191540 6
1.067209 2.763051 14.967219 6
5.609856 9.425501 23.359818 6
6.165970 11.896604 10.919373 6
1.175718 5.234154 1.856306 6
0.843406 1.428296 14.631985 6
5.833659 8.090746 23.695051 6
5.084177 12.734607 11.175653 6
2.257512 6.072157 1.600026 6
1.925200 0.590293 14.375705 6
4.751865 7.252743 23.951332 6
5.275168 0.345115 11.385685 1
2.066520 7.007565 1.389994 1
1.734209 12.979785 14.165673 1
4.942856 6.317335 24.161364 1
3.790145 12.243318 11.094655 6
3.551543 5.580868 1.681024 6
3.219232 1.081582 14.456703 6
3.457833 7.744032 23.870334 6
3.060107 12.815889 11.280924 1
4.281582 6.153439 1.494754 1
3.949270 0.509011 14.270433 1
2.727795 7.171461 24.056603 1
3.566874 10.920155 10.738980 6
3.774814 4.257705 2.036699 6
3.442502 2.404745 14.812378 6
3.234563 9.067195 23.514659 6
2.692823 10.484031 10.649806 1
4.648865 3.821581 2.125873 1
4.316554 2.840869 14.901552 1
2.360511 9.503319 23.425485 1
4.637585 10.068028 10.495731 6
2.704103 3.405578 2.279948 6
2.371791 3.256872 15.055626 6
4.305274 9.919322 23.271410 6
4.522195 9.088914 10.240984 1
2.819493 2.426464 2.534695 1
2.487182 4.235986 15.310373 1
4.189883 10.898436 23.016663 1
-0.100951 12.421872 10.991172 6
7.442639 5.759422 1.784507 6
7.110328 0.903028 14.560186 6
-0.433263 7.565478 23.766851 6
0.632536 11.798666 11.940916 9
6.709152 5.136216 0.834763 9
6.376841 1.526234 13.610442 9
0.300225 8.188684 24.716595 9
0.572925 12.265970 9.836762 9
6.768763 5.603520 2.938917 9
6.436451 1.058930 15.714596 9
0.240614 7.721380 22.612440 9
-0.055074 0.412406 11.277858 9
7.396762 7.074856 1.497821 9
7.064450 12.912494 14.273499 9
-0.387385 6.250044 24.053537 9
