2.127433 5.503785 16.362745 6
2.590377 1.297285 1.281882 6
1.385989 6.032121 16.040731 1
3.331821 1.825621 1.603897 1
3.030344 5.412083 0.074107 6
1.687465 1.205583 17.570520 6
2.466030 5.838622 0.658145 1
2.251779 1.632122 16.986483 1
4.092970 4.686882 0.559335 6
0.624840 0.480382 17.085293 6
4.233157 4.719693 1.498029 1
0.484653 0.513193 16.146598 1
4.236361 4.039081 17.322083 6
0.481448 8.245581 0.322544 6
0.161391 3.541873 0.019409 1
4.556418 7.748373 17.625218 1
4.025763 4.136672 15.956919 6
0.692047 8.343172 1.687709 6
4.594210 3.718546 15.405524 1
0.123599 7.925046 2.239103 1
2.964179 4.882064 15.458811 6
1.753630 0.675564 2.185816 6
2.807629 5.137819 13.968722 6
1.910180 0.931319 3.675905 6
1.920138 5.619884 13.843975 1
2.797671 1.413384 3.800653 1
3.954706 6.021184 13.395625 6
0.763104 1.814684 4.249003 6
4.814358 5.524817 13.277582 1
-0.096548 1.318317 4.367045 1
4.719245 5.424702 13.152305 1
-0.001436 1.218202 4.492322 1
4.486306 7.146844 14.276268 6
0.231503 2.940343 3.368359 6
-0.030907 7.457283 13.965722 1
4.748717 3.250783 3.678905 1
4.552712 6.862484 15.222020 1
0.165098 2.655984 2.422607 1
3.422604 8.235486 14.096293 6
1.295206 4.028986 3.548335 6
3.794864 0.714264 14.308028 1
0.922946 4.920764 3.336599 1
2.645131 8.065543 14.685623 1
2.072678 3.859043 2.959004 1
3.012589 8.155562 12.619437 6
1.705220 3.949062 5.025190 6
3.437008 0.471969 12.102450 1
1.280802 4.678469 5.542177 1
2.029768 8.231279 12.527685 1
2.688041 4.024779 5.116942 1
3.499812 6.778354 12.113566 6
1.217997 2.571854 5.531061 6
2.727061 6.291241 11.707210 1
1.990748 2.084741 5.937417 1
2.734156 6.281987 11.705446 1
1.983653 2.075487 5.939182 1
4.613141 6.837245 11.116292 6
0.104669 2.630745 6.528336 6
4.887250 5.973230 10.794983 1
-0.169440 1.766730 6.849644 1
1.362595 0.584703 9.451697 6
3.355214 4.791203 8.192930 6
2.757606 3.854837 13.129720 6
1.960204 8.061337 4.514907 6
2.796490 4.038240 12.158913 1
1.921319 8.244740 5.485715 1
3.434679 3.239005 13.397565 1
1.283130 7.445505 4.247062 1
-0.237690 7.923363 10.795336 7
4.955499 3.716863 6.849291 7
0.787096 7.860266 9.864935 7
3.930713 3.653766 7.779693 7
1.053872 7.151050 9.579268 1
3.663937 2.944550 8.065359 1
0.870847 1.707839 9.934984 7
3.846962 5.914339 7.709643 7
0.147473 1.716252 10.509140 1
4.570336 5.922752 7.135487 1
1.232417 2.473422 9.713367 1
3.485393 6.679922 7.931260 1
1.463010 3.132160 13.327163 7
3.254799 7.338660 4.317464 7
1.358912 2.356481 14.251565 8
3.358897 6.562981 3.393062 8
0.544469 3.402217 12.556270 8
4.173340 7.608717 5.088358 8
2.645445 0.538348 8.345556 16
2.072365 4.744848 9.299071 16
4.054500 7.181337 14.413896 6
0.663309 2.974837 3.230731 6
3.313400 7.108985 15.068512 1
1.404409 2.902485 2.576116 1
-0.497356 7.113192 14.909710 1
5.215165 2.906691 2.734917 1
3.979359 0.127878 13.706346 6
0.738450 4.334378 3.938281 6
4.857010 0.410554 13.348161 1
-0.139201 4.617054 4.296467 1
3.615361 0.835411 14.295677 1
1.102448 5.041911 3.348950 1
2.995578 8.152197 12.598264 6
1.722232 3.945697 5.046363 6
3.013763 0.400459 11.853661 1
1.704046 4.606959 5.790967 1
2.069901 8.088258 12.940570 1
2.647908 3.881758 4.704058 1
