0.346907 17.141460 0.550544 8
4.877421 4.986810 4.107191 8
4.167350 7.167840 8.764927 8
-0.363165 19.322490 5.208280 8
-0.384688 17.847159 9.148724 6
4.188873 5.692509 4.824483 6
4.898945 6.462141 0.166747 6
0.325384 18.616791 4.490989 6
0.770877 17.285857 8.384856 6
3.033308 5.131207 5.588351 6
3.743379 7.023443 0.930616 6
1.480949 19.178093 3.727120 6
1.663037 18.127931 7.698306 6
2.141148 5.973281 6.274902 6
2.851220 6.181369 1.617166 6
2.373108 18.336019 3.040570 6
2.753573 17.622541 7.014550 6
1.050612 5.467891 6.958657 6
1.760684 6.686759 2.300921 6
3.463644 18.841409 2.356814 6
2.989016 16.253684 6.992193 6
0.815169 4.099034 6.981014 6
1.525241 8.055616 2.323279 6
3.699088 20.210266 2.334457 6
2.114173 15.404317 7.650797 6
1.690012 3.249667 6.322410 6
2.400084 8.904983 1.664675 6
2.824244 21.059633 2.993061 6
2.158306 13.899085 7.770035 6
1.645879 1.744435 6.203172 6
2.355951 10.410215 1.545437 6
2.868378 22.564865 3.112299 6
0.701966 13.546601 8.112844 6
3.102219 1.391951 5.860363 6
3.812291 10.762699 1.202627 6
1.412037 22.917349 3.455108 6
0.223313 14.767657 8.955894 6
3.580872 2.613007 5.017313 6
4.290944 9.541643 0.359577 6
0.933385 21.696293 4.298158 6
1.010155 15.907763 8.337347 6
2.794030 3.753113 5.635860 6
3.504102 8.401537 0.978124 6
1.720227 20.556187 3.679611 6
-0.680825 19.315927 9.016445 6
4.485010 7.161277 4.956762 6
5.195082 4.993373 0.299027 6
0.029246 17.148023 4.358709 6
-0.115549 13.383242 6.842214 6
3.919734 1.228592 7.130993 6
4.629805 10.926058 2.473258 6
0.594523 23.080708 2.184478 6
1.935843 14.562972 1.116925 6
3.288485 2.408322 3.540811 6
2.578413 9.746328 8.198546 6
1.225772 21.900978 5.774661 6
3.153053 14.917159 1.692621 6
2.071275 2.762509 2.965115 6
1.361204 9.392141 7.622850 6
2.442981 21.546791 6.350357 6
3.409630 14.635414 3.030323 6
1.814698 2.480764 1.627413 6
1.104627 9.673886 6.285149 6
2.699558 21.828536 7.688059 6
2.459329 14.005560 3.806302 6
2.764999 1.850910 0.851434 6
2.054928 10.303740 5.509170 6
1.749257 22.458390 8.464037 6
1.244169 13.656965 3.248305 6
3.980160 1.502315 1.409431 6
3.270088 10.652335 6.067166 6
0.534097 22.806985 7.906041 6
0.988829 13.929229 1.918056 6
4.235499 1.774579 2.739680 6
3.525427 10.380071 7.397416 6
0.278758 22.534721 6.575791 6
1.513231 19.065784 7.703895 1
2.290954 6.911134 6.269312 1
3.001025 5.243516 1.611577 1
2.223303 17.398166 3.046159 1
3.342278 18.212528 6.559023 1
0.461907 6.057878 7.414184 1
1.171979 6.096772 2.756448 1
4.052349 18.251422 1.901288 1
3.741911 15.903144 6.530145 1
0.062274 3.748494 7.443062 1
0.772346 8.406156 2.785326 1
4.451983 20.560806 1.872410 1
2.424969 13.498954 6.951205 1
1.379216 1.344304 7.022002 1
2.089288 10.810346 2.364267 1
3.135040 22.964996 2.293469 1
2.748752 13.627794 8.463106 1
1.055433 1.473144 5.510101 1
1.765504 10.681506 0.852366 1
3.458824 22.836156 3.805370 1
0.667823 12.752659 8.632647 1
3.136362 0.598009 5.340560 1
3.846434 11.556641 0.682824 1
1.377895 23.711291 3.974912 1
-0.707496 14.906463 8.825478 1
4.511681 2.751813 5.147729 1
5.221752 9.402837 0.489994 1
0.002576 21.557487 4.167742 1
1.447984 19.816941 0.085702 1
3.776344 7.662291 4.572033 1
3.066273 4.492359 9.229769 1
0.737912 16.647009 4.743438 1
-0.766306 19.539815 8.097939 1
4.570491 7.385165 5.875268 1
5.280563 4.769485 1.217532 1
-0.056235 16.924135 3.440204 1
5.861854 19.517937 0.152774 1
-0.637526 7.363287 4.504962 1
-1.347597 4.791363 9.162698 1
5.151782 16.946013 4.810509 1
-1.024789 13.226690 7.068580 1
4.828974 1.072040 6.904627 1
5.539045 11.082610 2.246892 1
-0.314717 23.237260 2.410844 1
-0.051450 14.174753 6.320547 1
3.855635 2.020103 7.652660 1
4.565707 10.134547 2.994924 1
0.658622 22.289197 1.662812 1
0.218124 12.648129 6.342904 1
3.586061 0.493479 7.630303 1
4.296133 11.661171 2.972567 1
0.928196 23.815821 1.685169 1
3.813391 15.353754 1.168160 1
1.410937 3.199104 3.489576 1
0.700865 8.955546 8.147311 1
3.103320 21.110196 5.825896 1
4.245267 14.877292 3.411326 1
0.979062 2.722642 1.246410 1
0.268990 9.432008 5.904146 1
3.535195 21.586658 8.069061 1
2.638832 13.812544 4.719218 1
1.165353 1.657894 9.253989 1
1.875424 10.496756 4.596254 1
3.348904 22.651406 0.061482 1
0.583288 13.229121 3.780218 1
4.641041 1.074471 0.877517 1
3.930969 11.080179 5.535253 1
-0.126784 23.234829 8.437954 1
0.152199 13.678843 1.543574 1
5.072130 1.524193 3.114162 1
4.362058 10.630457 7.771898 1
-0.557873 22.785107 6.201309 1
