2.187549 3.151695 1.111194 8
1.368599 6.578195 10.653701 8
2.208116 2.338244 1.216490 1
1.348033 5.764744 10.548405 1
2.212888 0.363209 0.755189 8
1.343261 3.789709 11.009707 8
2.817835 0.265211 0.210592 1
0.738313 3.691711 11.554304 1
2.252189 3.798618 2.385450 6
1.303960 0.372118 9.379445 6
1.323231 3.728032 2.823575 1
2.232918 0.301532 8.941320 1
2.645625 5.258992 2.108269 6
0.910523 1.832492 9.656626 6
3.520956 5.194574 1.600026 1
0.035192 1.768074 10.164869 1
1.693536 5.940866 1.123547 6
1.862612 2.514366 10.641348 6
1.621958 5.352193 0.235298 1
1.934191 1.925693 11.529597 1
0.294633 6.133435 1.617673 6
3.261515 2.706935 10.147222 6
-0.227802 6.566545 0.938839 1
3.783950 3.140045 10.826057 1
0.305808 6.677563 2.408274 1
3.250341 3.251063 9.356621 1
-0.092653 5.278866 1.822382 1
3.648801 1.852366 9.942513 1
3.200031 3.104409 3.316524 6
0.356118 6.530909 8.448371 6
4.492807 2.809045 2.924753 6
-0.936658 6.235545 8.840142 6
4.776813 3.046158 2.071798 1
-1.220664 6.472658 9.693097 1
5.362105 2.173772 3.771825 6
-1.805956 5.600272 7.993070 6
-0.208081 1.977090 3.490644 1
3.764230 5.403590 8.274251 1
4.947721 1.825639 5.047140 6
-1.391572 5.252139 6.717755 6
-0.893906 1.409662 5.630679 1
4.450055 4.836162 6.134216 1
3.671303 2.090850 5.448323 6
-0.115155 5.517350 6.316572 6
3.385231 1.835919 6.296572 1
0.170917 5.262419 5.468323 1
2.802886 2.741200 4.587133 6
0.753263 6.167700 7.177763 6
1.938427 2.936510 4.869490 1
1.617721 6.363010 6.895405 1
2.800146 6.053940 3.396525 6
0.756002 2.627440 8.368370 6
3.398870 5.592048 3.987123 1
0.157278 2.165548 7.777772 1
1.943257 6.149197 3.818885 1
1.612892 2.722697 7.946010 1
3.156324 0.069901 3.195346 1
0.399825 3.496401 8.569550 1
