4.561815 0.807559 9.565907 6
1.498280 3.431209 11.986695 6
4.074042 1.463472 9.082267 1
1.986053 4.087122 12.470336 1
4.399946 0.712059 10.943549 6
1.660149 3.335709 10.609053 6
3.804190 1.296608 11.397016 1
2.255905 3.920258 10.155586 1
5.108782 5.012746 11.643362 6
0.951313 2.389096 9.909240 6
5.004700 4.948204 12.584564 1
1.055394 2.324554 8.968038 1
5.955084 4.170029 11.003034 6
0.105011 1.546379 10.549568 6
6.436580 3.514642 11.494003 1
-0.376485 0.890992 10.058599 1
6.117319 4.268154 9.622590 6
-0.057224 1.644504 11.930012 6
6.714089 3.679931 9.174943 1
-0.653995 1.056281 12.377659 1
5.414487 5.215291 8.897130 6
0.645608 2.591641 12.655472 6
5.638147 0.096026 7.406121 6
0.421948 2.719676 14.146481 6
6.061790 4.497461 7.082185 1
-0.001695 1.873811 14.470417 1
3.562378 4.520549 6.366639 6
2.497717 1.896899 15.185963 6
2.207241 4.945580 5.814030 6
3.852854 2.321930 15.738572 6
2.272102 0.645943 5.500224 1
3.787993 3.269593 16.052378 1
1.775282 4.063509 4.630146 6
4.284813 1.439859 16.922457 6
1.770990 3.113223 4.942012 1
4.289105 0.489573 16.610590 1
2.814715 4.181049 3.494970 6
3.245380 1.557399 18.057632 6
2.753182 5.093554 3.116506 1
3.306913 2.469904 18.436096 1
3.716425 4.088171 3.892400 1
2.343670 1.464521 17.660202 1
2.700076 3.193507 2.360441 6
3.360019 0.569857 19.192161 6
3.724072 2.292545 2.119267 6
2.336023 4.916195 19.433335 6
4.482306 2.290446 2.691920 1
1.577789 4.914096 18.860682 1
3.670699 1.388436 1.059095 6
2.389396 4.012086 20.493507 6
4.381217 0.773977 0.915986 1
1.678878 3.397627 20.636617 1
2.582936 1.395782 0.224578 6
3.477159 4.019432 21.328024 6
-0.269423 0.787620 21.048271 1
6.329518 3.411270 0.504331 1
1.556877 2.281001 0.440751 6
4.503217 4.904651 21.111851 6
-2.011318 2.272081 21.421131 1
8.071413 4.895731 0.131471 1
1.615990 3.185111 1.484112 6
4.444105 0.561461 20.068490 6
0.909169 3.808490 1.605669 1
5.150926 1.184840 19.946933 1
6.572698 1.252531 7.068607 6
-0.512604 3.876181 14.483995 6
6.137751 2.101019 7.295556 1
-0.077656 4.724669 14.257046 1
6.780146 1.236264 6.110163 1
-0.720051 3.859914 15.442439 1
7.401327 1.163326 7.584361 1
-1.341233 3.786976 13.968241 1
1.213125 4.880514 6.982612 6
4.846970 2.256864 14.569990 6
0.379627 0.081333 6.728722 1
5.680468 2.704983 14.823880 1
1.598032 0.080284 7.765403 1
4.462063 2.703934 13.787200 1
1.025916 3.943346 7.200724 1
5.034179 1.319696 14.351878 1
0.366943 4.414553 4.193059 6
5.693152 1.790903 17.359543 6
0.091036 0.307492 3.451865 6
5.969059 2.931142 18.100737 6
0.802679 0.887843 3.204872 1
5.257416 3.511493 18.347730 1
7.668555 0.613934 3.064996 6
-1.608461 3.237584 18.487607 6
7.501203 1.387386 2.538897 1
-1.441108 4.011036 19.013706 1
6.620676 5.041606 3.441735 6
-0.560581 2.417956 18.110867 6
5.732686 5.243627 3.170388 1
0.327409 2.619977 18.382214 1
6.873473 3.936524 4.210516 6
-0.813378 1.312874 17.342086 6
6.154448 3.382934 4.493718 1
-0.094353 0.759284 17.058885 1
8.171115 3.621686 4.578204 6
-2.111020 0.998036 16.974398 6
-0.537658 2.847185 5.103656 1
6.597752 0.223535 16.448946 1
4.386078 0.284928 6.675272 7
1.674017 2.908578 14.877330 7
4.194224 1.101933 6.541215 1
1.865871 3.725583 15.011387 1
3.838922 3.343055 6.558672 8
2.221173 0.719405 14.993930 8
