10.465950 0.278597 2.755844 35
9.905608 3.756703 10.142622 35
2.041200 2.296247 2.755844 35
1.480858 1.739053 10.142622 35
7.871986 2.289185 7.374397 35
7.311645 1.746115 14.761175 35
-0.552764 0.271535 7.374397 35
-1.113105 3.763765 14.761175 35
10.172850 1.728319 5.442430 8
9.612508 2.306981 12.829207 8
1.748100 3.745969 5.442430 8
1.187758 0.289331 12.829207 8
5.410786 1.124638 5.876329 8
4.850445 2.910662 13.263107 8
13.835536 3.142288 5.876329 8
13.275195 0.893012 13.263107 8
5.542070 1.520501 6.593438 1
4.981728 2.514799 13.980215 1
13.966820 3.538151 6.593438 1
13.406478 0.497149 13.980215 1
5.265554 2.676211 1.244967 7
4.705213 1.359089 8.631745 7
13.690304 0.658561 1.244967 7
13.129963 3.376739 8.631745 7
8.991238 1.223503 4.993166 6
8.430897 2.811797 12.379944 6
0.566488 3.241153 4.993166 6
0.006147 0.794147 12.379944 6
8.911540 0.568977 3.787053 6
8.351198 3.466323 11.173831 6
0.486790 2.586627 3.787053 6
-0.073552 1.448673 11.173831 6
7.694176 0.111778 3.284900 6
7.133834 3.923522 10.671677 6
16.118926 2.129428 3.284900 6
15.558584 1.905872 10.671677 6
7.663700 3.699563 2.458320 1
7.103359 0.335737 9.845097 1
16.088450 1.681913 2.458320 1
15.528109 2.353387 9.845097 1
6.534035 0.314753 4.003042 6
5.973694 3.720547 11.389820 6
14.958785 2.332403 4.003042 6
14.398444 1.702897 11.389820 6
6.588935 0.958384 5.231759 6
6.028594 3.076916 12.618536 6
15.013685 2.976034 5.231759 6
14.453344 1.059266 12.618536 6
7.811048 1.413969 5.717957 6
7.250706 2.621331 13.104734 6
16.235798 3.431619 5.717957 6
15.675456 0.603681 13.104734 6
10.896179 0.889784 6.346719 6
10.335838 3.145516 13.733497 6
2.471429 2.907434 6.346719 6
1.911088 1.127866 13.733497 6
11.719661 1.329631 6.608211 1
11.159319 2.705669 13.994989 1
3.294911 3.347281 6.608211 1
2.734569 0.688019 13.994989 1
10.355394 0.722722 7.134150 1
9.795052 3.312578 14.520927 1
1.930644 2.740372 7.134150 1
1.370302 1.294928 14.520927 1
11.103520 0.047213 5.912377 1
10.543178 3.988087 13.299154 1
2.678770 2.064863 5.912377 1
2.118428 1.970437 13.299154 1
5.187747 3.832324 3.550085 6
4.627406 0.202976 10.936863 6
13.612497 1.814674 3.550085 6
13.052156 2.220626 10.936863 6
4.553583 0.543555 3.520538 1
3.993242 3.491745 10.907316 1
12.978333 2.561205 3.520538 1
12.417992 1.474095 10.907316 1
4.859917 3.189098 4.213418 1
4.299576 0.846202 11.600195 1
13.284667 1.171448 4.213418 1
12.724326 2.863852 11.600195 1
5.219868 3.187080 2.251490 6
4.659527 0.848220 9.638267 6
13.644618 1.169430 2.251490 6
13.084277 2.865870 9.638267 6
