3.205602 3.728902 0.967330 6
5.798898 6.252098 14.185830 6
2.797398 8.719402 12.251170 6
0.204102 1.261598 25.469670 6
3.104151 2.862551 0.520809 1
5.900349 7.118449 13.739309 1
2.898849 7.853051 12.697691 1
0.102651 2.127949 25.916191 1
4.490844 3.722913 1.615565 8
4.513656 6.258087 14.834065 8
1.512156 8.713413 11.602935 8
1.489344 1.267587 24.821435 8
4.683541 5.016451 2.292352 8
4.320959 4.964549 15.510852 8
1.319459 0.025951 10.926148 8
1.682041 9.955049 24.144648 8
3.694246 5.228048 3.319958 6
5.310254 4.752952 16.538458 6
2.308754 0.237548 9.898542 6
0.692746 9.743452 23.117042 6
2.277538 5.141213 2.720896 6
0.723962 4.839787 15.939396 6
3.725462 0.150713 10.497604 6
5.279038 9.830287 23.716104 6
1.626213 5.184131 3.452672 1
1.375287 4.796869 16.671172 1
4.376787 0.193631 9.765828 1
4.627713 9.787369 22.984328 1
1.943171 6.238125 1.703072 6
1.058329 3.742875 14.921572 6
4.059829 1.247625 11.515428 6
4.944671 8.733375 24.733928 6
1.019309 6.139313 1.422311 1
1.982191 3.841687 14.640811 1
4.983691 1.148813 11.796189 1
4.020809 8.832187 25.014689 1
2.030815 7.104476 2.130822 1
0.970685 2.876524 15.349322 1
3.972185 2.113976 11.087678 1
5.032315 7.867024 24.306178 1
2.843021 6.202193 0.467671 6
0.158479 3.778807 13.686171 6
3.159979 1.211693 12.750829 6
5.844521 8.769307 25.969329 6
2.448624 6.762128 26.217573 1
0.552876 3.218873 12.999073 1
3.554376 1.771627 13.437927 1
5.450124 8.209373 0.219427 1
3.703251 6.585464 0.700581 1
5.301249 3.395536 13.919080 1
2.299749 1.594964 12.517919 1
0.701751 8.386036 25.736420 1
3.070534 4.812838 26.325965 6
5.933966 5.168162 13.107465 6
2.932466 9.803338 13.329535 6
0.069034 0.177662 0.111035 6
2.269734 4.591260 25.807799 1
0.731766 5.389740 12.589299 1
3.733266 9.581760 13.847701 1
5.271234 0.399240 0.629201 1
2.134066 3.808750 2.028247 6
0.867434 6.172250 15.246747 6
3.868934 8.799250 11.190253 6
5.135566 1.181750 24.408753 6
1.255828 3.733892 1.623232 1
1.745672 6.247108 14.841732 1
4.747172 8.724392 11.595268 1
4.257328 1.256608 24.813768 1
2.240320 3.086125 2.667493 1
0.761180 6.894875 15.885993 1
3.762680 8.076625 10.551007 1
5.241820 1.904375 23.769507 1
4.227913 4.810842 25.355198 6
4.776587 5.170158 12.136698 6
1.775087 9.801342 14.300302 6
1.226413 0.179658 1.081802 6
4.084441 5.483561 24.684227 1
4.920059 4.497439 11.465727 1
1.918559 0.493061 14.971273 1
1.082941 9.487939 1.752773 1
4.292145 3.949482 24.935378 1
4.712355 6.031518 11.716878 1
1.710855 8.939982 14.720122 1
1.290645 1.041018 1.501622 1
5.041920 4.998485 25.826305 1
3.962580 4.982515 12.607805 1
0.961080 0.007985 13.829195 1
2.040420 9.973015 0.610695 1
4.056227 6.630378 3.813537 6
4.948273 3.350622 17.032037 6
1.946773 1.639878 9.404963 6
1.054727 8.341122 22.623463 6
4.969283 6.639361 4.110953 1
4.035217 3.341639 17.329453 1
1.033717 1.648861 9.107547 1
1.967783 8.332139 22.326047 1
3.480539 6.871918 4.541877 1
5.523961 3.109081 17.760377 1
2.522461 1.881418 8.676623 1
0.479039 8.099581 21.895123 1
3.946972 7.260179 3.098416 1
5.057527 2.720821 16.316916 1
2.056028 2.269679 10.120084 1
0.945472 7.711321 23.338584 1
3.859329 4.254900 4.466531 6
5.145171 5.726100 17.685031 6
2.143671 9.245400 8.751969 6
0.857829 0.735600 21.970469 6
3.195997 4.256896 5.118203 1
5.808503 5.724104 18.336703 1
2.807003 9.247396 8.100297 1
0.194497 0.733604 21.318797 1
4.848023 3.406515 4.630176 6
4.156477 6.574485 17.848676 6
1.154977 8.397015 8.588324 6
1.846523 1.583985 21.806824 6
5.501149 3.376572 3.968194 1
3.503351 6.604428 17.186694 1
0.501851 8.367072 9.250306 1
2.499649 1.613928 22.468806 1
5.004701 2.488263 5.795519 6
3.999799 7.492737 19.014019 6
0.998299 7.478763 7.422981 6
2.003201 2.502237 20.641481 6
4.371385 2.759747 6.492927 1
4.633115 7.221254 19.711427 1
1.631615 7.750246 6.725573 1
1.369885 2.230753 19.944073 1
0.330765 2.542161 6.341443 8
2.670735 7.438839 19.559943 8
5.672235 7.532661 6.877057 8
3.332265 2.448339 20.095557 8
0.782191 3.073150 5.908670 1
2.219309 6.907850 19.127170 1
5.220809 8.063650 7.309830 1
3.783691 1.917350 20.528330 1
4.762180 1.014070 5.465850 6
4.242320 8.966930 18.684350 6
1.240820 6.004570 7.752650 6
1.760680 3.976430 20.971150 6
5.105552 0.291445 6.681687 8
3.898948 9.689555 19.900187 8
0.897448 5.281945 6.536813 8
2.104052 4.699055 19.755313 8
4.969283 9.471969 6.572238 1
4.035217 0.509031 19.790738 1
1.033717 4.481469 6.646262 1
1.967783 5.499531 19.864762 1
5.620609 0.529991 4.326151 6
3.383891 9.451009 17.544651 6
0.382391 5.520491 8.892349 6
2.619109 4.460509 22.110849 6
0.536668 0.743584 4.504865 1
2.464832 9.237415 17.723365 1
5.466332 5.734084 8.713635 1
3.538168 4.246916 21.932135 1
5.344471 0.959174 3.513477 1
3.660029 9.021826 16.731977 1
0.658529 5.949674 9.705023 1
2.342971 4.031326 22.923523 1
5.525161 9.560800 4.235207 1
3.479339 0.420200 17.453707 1
0.477839 4.570300 8.983293 1
2.523661 5.410700 22.201793 1
3.298649 0.726617 5.194871 6
5.705852 9.254383 18.413371 6
2.704352 5.717117 8.023630 6
0.297149 4.263883 21.242130 6
3.169584 9.759422 5.107628 1
5.834916 0.221578 18.326128 1
2.833416 4.768922 8.110872 1
0.168084 5.212078 21.329372 1
3.032716 1.160790 4.380611 1
5.971784 8.820210 17.599111 1
2.970284 6.151290 8.837889 1
0.031216 3.829710 22.056389 1
2.767383 1.056988 5.921888 1
0.234117 8.924012 19.140388 1
3.235617 6.047488 7.296612 1
5.768883 3.933512 20.515112 1
