5.128415 2.055791 8.829121 16
5.853985 19.392209 23.154621 16
2.193185 12.779791 5.496379 16
1.467615 8.668209 19.821879 16
2.193185 19.392209 19.821879 16
1.467615 2.055791 5.496379 16
5.128415 8.668209 23.154621 16
5.853985 12.779791 8.829121 16
3.080490 0.608694 10.666595 16
0.580310 20.839306 24.992095 16
4.241110 11.332694 3.658905 16
6.741290 10.115306 17.984405 16
4.241110 20.839306 17.984405 16
6.741290 0.608694 3.658905 16
3.080490 10.115306 24.992095 16
0.580310 11.332694 10.666595 16
4.858614 2.419763 11.511399 7
6.123786 19.028237 25.836899 7
2.462986 13.143763 2.814101 7
1.197814 8.304237 17.139601 7
2.462986 19.028237 17.139601 7
1.197814 2.419763 2.814101 7
4.858614 8.304237 25.836899 7
6.123786 13.143763 11.511399 7
3.715712 2.866740 12.139715 7
7.266688 18.581260 26.465215 7
3.605888 13.590740 2.185785 7
0.054912 7.857260 16.511285 7
3.605888 18.581260 16.511285 7
0.054912 2.866740 2.185785 7
3.715712 7.857260 26.465215 7
7.266688 13.590740 12.139715 7
4.017362 3.930560 12.827339 7
6.965038 17.517440 27.152839 7
3.304238 14.654560 1.498161 7
0.356562 6.793440 15.823661 7
3.304238 17.517440 15.823661 7
0.356562 3.930560 1.498161 7
4.017362 6.793440 27.152839 7
6.965038 14.654560 12.827339 7
5.814083 0.403437 10.797129 7
5.168317 21.044563 25.122629 7
1.507517 11.127437 3.528371 7
2.153283 10.320563 17.853871 7
1.507517 21.044563 17.853871 7
2.153283 0.403437 3.528371 7
5.814083 10.320563 25.122629 7
5.168317 11.127437 10.797129 7
6.577725 21.340331 9.772570 7
4.404675 0.107669 24.098070 7
0.743875 10.616331 4.552930 7
2.916925 10.831669 18.878430 7
0.743875 0.107669 18.878430 7
2.916925 21.340331 4.552930 7
6.577725 10.831669 24.098070 7
4.404675 10.616331 9.772570 7
7.301100 20.362302 10.218666 7
3.681300 1.085698 24.544166 7
0.020500 9.638302 4.106834 7
3.640300 11.809698 18.432334 7
0.020500 1.085698 18.432334 7
3.640300 20.362302 4.106834 7
7.301100 11.809698 24.544166 7
3.681300 9.638302 10.218666 7
4.767826 1.361948 10.519215 6
6.214574 20.086052 24.844715 6
2.553774 12.085948 3.806285 6
1.107026 9.362052 18.131785 6
2.553774 20.086052 18.131785 6
1.107026 1.361948 3.806285 6
4.767826 9.362052 24.844715 6
6.214574 12.085948 10.519215 6
5.355750 4.220108 12.635378 6
5.626650 17.227892 26.960878 6
1.965850 14.944108 1.690122 6
1.694950 6.503892 16.015622 6
1.965850 17.227892 16.015622 6
1.694950 4.220108 1.690122 6
5.355750 6.503892 26.960878 6
5.626650 14.944108 12.635378 6
6.134769 5.274063 13.108979 6
4.847631 16.173937 27.434479 6
1.186831 15.998063 1.216521 6
2.473969 5.449937 15.542021 6
1.186831 16.173937 15.542021 6
2.473969 5.274063 1.216521 6
6.134769 5.449937 27.434479 6
4.847631 15.998063 13.108979 6
5.768689 5.934662 13.683718 1
5.213711 15.513338 28.009218 1
1.552911 16.658662 0.641782 1
2.107889 4.789338 14.967282 1
1.552911 15.513338 14.967282 1
2.107889 5.934662 0.641782 1
5.768689 4.789338 28.009218 1
5.213711 16.658662 13.683718 1
0.120074 5.323394 12.718179 6
3.540726 16.124606 27.043679 6
7.201526 16.047394 1.607321 6
3.780874 5.400606 15.932821 6
7.201526 16.124606 15.932821 6
3.780874 5.323394 1.607321 6
0.120074 5.400606 27.043679 6
3.540726 16.047394 12.718179 6
0.671391 6.033322 13.027610 1
2.989409 15.414678 27.353110 1
6.650209 16.757322 1.297890 1
4.332191 4.690678 15.623390 1
6.650209 15.414678 15.623390 1
4.332191 6.033322 1.297890 1
0.671391 4.690678 27.353110 1
2.989409 16.757322 13.027610 1
0.669926 4.345579 11.865525 6
2.990874 17.102421 26.191025 6
6.651674 15.069579 2.459975 6
4.330726 6.378421 16.785475 6
6.651674 17.102421 16.785475 6
4.330726 4.345579 2.459975 6
0.669926 6.378421 26.191025 6
2.990874 15.069579 11.865525 6
1.582198 4.416143 11.609385 1
2.078602 17.031857 25.934885 1
5.739402 15.140143 2.716115 1
5.242998 6.307857 17.041615 1
5.739402 17.031857 17.041615 1
5.242998 4.416143 2.716115 1
1.582198 6.307857 25.934885 1
2.078602 15.140143 11.609385 1
7.246920 3.290123 11.391065 6
3.735480 18.157877 25.716565 6
0.074680 14.014123 2.934435 6
3.586120 7.433877 17.259935 6
0.074680 18.157877 17.259935 6
3.586120 3.290123 2.934435 6
7.246920 7.433877 25.716565 6
3.735480 14.014123 11.391065 6
0.300186 2.623090 10.827213 1
3.360614 18.824910 25.152713 1
7.021414 13.347090 3.498287 1
3.960986 8.100910 17.823787 1
7.021414 18.824910 17.823787 1
3.960986 2.623090 3.498287 1
0.300186 8.100910 25.152713 1
3.360614 13.347090 10.827213 1
5.911460 3.257308 11.783870 6
5.070940 18.190692 26.109370 6
1.410140 13.981308 2.541630 6
2.250660 7.466692 16.867130 6
1.410140 18.190692 16.867130 6
2.250660 3.257308 2.541630 6
5.911460 7.466692 26.109370 6
5.070940 13.981308 11.783870 6
7.000182 20.198868 11.570993 6
3.982218 1.249132 25.896493 6
0.321418 9.474868 2.754507 6
3.339382 11.973132 17.080007 6
0.321418 1.249132 17.080007 6
3.339382 20.198868 2.754507 6
7.000182 11.973132 25.896493 6
3.982218 9.474868 11.570993 6
0.148628 19.245505 12.475791 6
3.512172 2.202495 26.801291 6
7.172972 8.521505 1.849709 6
3.809428 12.926495 16.175209 6
7.172972 2.202495 16.175209 6
3.809428 19.245505 1.849709 6
0.148628 12.926495 26.801291 6
3.512172 8.521505 12.475791 6
0.801715 18.601850 12.225382 1
2.859085 2.846150 26.550882 1
6.519885 7.877850 2.100118 1
4.462515 13.570150 16.425618 1
6.519885 2.846150 16.425618 1
4.462515 18.601850 2.100118 1
0.801715 13.570150 26.550882 1
2.859085 7.877850 12.225382 1
6.943805 19.282181 13.739301 6
4.038595 2.165819 28.064801 6
0.377795 8.558181 0.586199 6
3.283005 12.889819 14.911699 6
0.377795 2.165819 14.911699 6
3.283005 19.282181 0.586199 6
6.943805 12.889819 28.064801 6
4.038595 8.558181 13.739301 6
7.246920 18.653326 14.382802 1
3.735480 2.794674 0.057302 1
0.074680 7.929326 28.593698 1
3.586120 13.518674 14.268198 1
0.074680 2.794674 14.268198 1
3.586120 18.653326 28.593698 1
7.246920 13.518674 0.057302 1
3.735480 7.929326 14.382802 1
5.975158 20.218386 14.108325 6
5.007242 1.229614 28.433825 6
1.346442 9.494386 0.217175 6
2.314358 11.953614 14.542675 6
1.346442 1.229614 14.542675 6
2.314358 20.218386 0.217175 6
5.975158 11.953614 28.433825 6
5.007242 9.494386 14.108325 6
5.628846 20.195437 14.993068 1
5.353554 1.252563 0.667568 1
1.692754 9.471437 27.983432 1
1.968046 11.976563 13.657932 1
1.692754 1.252563 13.657932 1
1.968046 20.195437 27.983432 1
5.628846 11.976563 0.667568 1
5.353554 9.471437 14.993068 1
5.503647 21.176039 13.231032 6
5.478753 0.271961 27.556532 6
1.817953 10.452039 1.094468 6
1.842847 10.995961 15.419968 6
1.817953 0.271961 15.419968 6
1.842847 21.176039 1.094468 6
5.503647 10.995961 27.556532 6
5.478753 10.452039 13.231032 6
4.856417 0.375340 13.486026 1
6.125983 21.072660 27.811526 1
2.465183 11.099340 0.839474 1
1.195617 10.348660 15.164974 1
2.465183 21.072660 15.164974 1
1.195617 0.375340 0.839474 1
4.856417 10.348660 27.811526 1
6.125983 11.099340 13.486026 1
6.038856 21.130784 11.948327 6
4.943544 0.317216 26.273827 6
1.282744 10.406784 2.377173 6
2.378056 11.041216 16.702673 6
1.282744 0.317216 16.702673 6
2.378056 21.130784 2.377173 6
6.038856 11.041216 26.273827 6
4.943544 10.406784 11.948327 6
4.041523 3.461278 8.896995 6
6.940877 17.986722 23.222495 6
3.280077 14.185278 5.428505 6
0.380723 7.262722 19.754005 6
3.280077 17.986722 19.754005 6
0.380723 3.461278 5.428505 6
4.041523 7.262722 23.222495 6
6.940877 14.185278 8.896995 6
4.573071 4.698399 9.244818 6
6.409329 16.749601 23.570318 6
2.748529 15.422399 5.080682 6
0.912271 6.025601 19.406182 6
2.748529 16.749601 19.406182 6
0.912271 4.698399 5.080682 6
4.573071 6.025601 23.570318 6
6.409329 15.422399 9.244818 6
5.494861 4.774325 9.460560 1
5.487539 16.673675 23.786060 1
1.826739 15.498325 4.864940 1
1.834061 5.949675 19.190440 1
1.826739 16.673675 19.190440 1
1.834061 4.774325 4.864940 1
5.494861 5.949675 23.786060 1
5.487539 15.498325 9.460560 1
3.761838 5.815625 9.276334 6
7.220562 15.632375 23.601834 6
3.559762 16.539625 5.049166 6
0.101038 4.908375 19.374666 6
3.559762 15.632375 19.374666 6
0.101038 5.815625 5.049166 6
3.761838 4.908375 23.601834 6
7.220562 16.539625 9.276334 6
4.125722 6.659604 9.517862 1
6.856678 14.788396 23.843362 1
3.195878 17.383604 4.807638 1
0.464922 4.064396 19.133138 1
3.195878 14.788396 19.133138 1
0.464922 6.659604 4.807638 1
4.125722 4.064396 23.843362 1
6.856678 17.383604 9.517862 1
2.429307 5.708385 8.956876 6
1.231493 15.739615 23.282376 6
4.892293 16.432385 5.368624 6
6.090107 5.015615 19.694124 6
4.892293 15.739615 19.694124 6
6.090107 5.708385 5.368624 6
2.429307 5.015615 23.282376 6
1.231493 16.432385 8.956876 6
1.872133 6.477296 8.990684 1
1.788667 14.970704 23.316184 1
5.449467 17.201296 5.334816 1
5.532933 4.246704 19.660316 1
5.449467 14.970704 19.660316 1
5.532933 6.477296 5.334816 1
1.872133 4.246704 23.316184 1
1.788667 17.201296 8.990684 1
1.892634 4.483704 8.583840 6
1.768166 16.964296 22.909340 6
5.428966 15.207704 5.741660 6
5.553434 6.240296 20.067160 6
5.428966 16.964296 20.067160 6
5.553434 4.483704 5.741660 6
1.892634 6.240296 22.909340 6
1.768166 15.207704 8.583840 6
0.975237 4.418288 8.346036 1
2.685563 17.029712 22.671536 1
6.346363 15.142288 5.979464 1
4.636037 6.305712 20.304964 1
6.346363 17.029712 20.304964 1
4.636037 4.418288 5.979464 1
0.975237 6.305712 22.671536 1
2.685563 15.142288 8.346036 1
2.703135 3.355111 8.560346 6
0.957665 18.092889 22.885846 6
4.618465 14.079111 5.765154 6
6.363935 7.368889 20.090654 6
4.618465 18.092889 20.090654 6
6.363935 3.355111 5.765154 6
2.703135 7.368889 22.885846 6
0.957665 14.079111 8.560346 6
2.339983 2.513706 8.314520 1
1.320817 18.934294 22.640020 1
4.981617 13.237706 6.010980 1
6.000783 8.210294 20.336480 1
4.981617 18.934294 20.336480 1
6.000783 2.513706 6.010980 1
2.339983 8.210294 22.640020 1
1.320817 13.237706 8.314520 1
3.443348 20.577426 9.740480 6
0.217452 0.870574 24.065980 6
3.878252 9.853426 4.585020 6
7.104148 11.594574 18.910520 6
3.878252 0.870574 18.910520 6
7.104148 20.577426 4.585020 6
3.443348 11.594574 24.065980 6
0.217452 9.853426 9.740480 6
3.794785 19.436392 10.436700 6
7.187615 2.011608 24.762200 6
3.526815 8.712392 3.888800 6
0.133985 12.735608 18.214300 6
3.526815 2.011608 18.214300 6
0.133985 19.436392 3.888800 6
3.794785 12.735608 24.762200 6
7.187615 8.712392 10.436700 6
3.787464 19.438322 11.385907 1
7.194936 2.009678 25.711407 1
3.534136 8.714322 2.939593 1
0.126664 12.733678 17.265093 1
3.534136 2.009678 17.265093 1
0.126664 19.438322 2.939593 1
3.787464 12.733678 25.711407 1
7.194936 8.714322 11.385907 1
4.158669 18.286136 9.750222 6
6.823731 3.161864 24.075722 6
3.162931 7.562136 4.575278 6
0.497869 13.885864 18.900778 6
3.162931 3.161864 18.900778 6
0.497869 18.286136 4.575278 6
4.158669 13.885864 24.075722 6
6.823731 7.562136 9.750222 6
4.393692 17.499423 10.228407 1
6.588708 3.948577 24.553907 1
2.927908 6.775423 4.097093 1
0.732892 14.672577 18.422593 1
2.927908 3.948577 18.422593 1
0.732892 17.499423 4.097093 1
4.393692 14.672577 24.553907 1
6.588708 6.775423 10.228407 1
4.178437 18.291069 8.361794 6
6.803963 3.156931 22.687294 6
3.143163 7.567069 5.963706 6
0.517637 13.880931 20.289206 6
3.143163 3.156931 20.289206 6
0.517637 18.291069 5.963706 6
4.178437 13.880931 22.687294 6
6.803963 7.567069 8.361794 6
4.461783 17.518726 7.887620 1
6.520617 3.929274 22.213120 1
2.859817 6.794726 6.437880 1
0.800983 14.653274 20.763380 1
2.859817 3.929274 20.763380 1
0.800983 17.518726 6.437880 1
4.461783 14.653274 22.213120 1
6.520617 6.794726 7.887620 1
3.786732 19.421378 7.669586 6
7.195668 2.026622 21.995086 6
3.534868 8.697378 6.655914 6
0.125932 12.750622 20.981414 6
3.534868 2.026622 20.981414 6
0.125932 19.421378 6.655914 6
3.786732 12.750622 21.995086 6
7.195668 8.697378 7.669586 6
3.777213 19.412585 6.718659 1
7.205187 2.035415 21.044159 1
3.544387 8.688585 7.606841 1
0.116413 12.759415 21.932341 1
3.544387 2.035415 21.932341 1
0.116413 19.412585 7.606841 1
3.777213 12.759415 21.044159 1
7.205187 8.688585 6.718659 1
3.407473 20.569275 8.350047 6
0.253327 0.878725 22.675547 6
3.914127 9.845275 5.975453 6
7.068273 11.602725 20.300953 6
3.914127 0.878725 20.300953 6
7.068273 20.569275 5.975453 6
3.407473 11.602725 22.675547 6
0.253327 9.845275 8.350047 6
3.125591 21.340760 7.873295 1
0.535209 0.107240 22.198795 1
4.196009 10.616760 6.452205 1
6.786391 10.831240 20.777705 1
4.196009 0.107240 20.777705 1
6.786391 21.340760 6.452205 1
3.125591 10.831240 22.198795 1
0.535209 10.616760 7.873295 1
