5.635661 2.339962 1.997974 7
-1.677074 6.068999 12.028802 7
4.592935 3.963022 1.012032 7
-0.634348 4.445939 13.014744 7
-1.996424 -0.005519 13.240856 7
5.955011 8.414479 0.785920 7
-0.618886 1.683322 13.484641 7
4.577473 6.725638 0.542135 7
5.263602 2.433518 5.097330 7
-1.305015 5.975443 8.929446 7
1.274117 1.871381 3.296853 7
2.684470 6.537579 10.729923 7
2.377882 -1.026500 12.169210 7
1.580705 9.435460 1.857566 7
-1.533853 -1.548904 10.350218 7
5.492440 9.957864 3.676558 7
5.395711 6.043365 4.300049 7
-1.437124 2.365595 9.726728 7
1.496053 5.529983 2.499291 7
2.462534 2.878977 11.527485 7
5.691952 3.623656 1.691629 6
-1.733365 4.785304 12.335147 6
3.809444 2.822903 0.884669 6
0.149143 5.586057 13.142107 6
4.471256 1.823829 1.511245 6
-0.512669 6.585131 12.515531 6
-1.739165 1.265790 12.932968 6
5.697752 7.143170 1.093808 6
2.559694 2.804820 0.158643 6
1.398893 5.604140 13.868133 6
1.704626 1.753797 0.009959 6
2.253961 6.655163 14.016817 6
4.191029 2.004336 5.164378 6
-0.232442 6.404625 8.862398 6
2.003273 1.704057 4.161464 6
1.955314 6.704904 9.865312 6
2.870364 1.506407 5.275891 6
1.088223 6.902554 8.750885 6
1.718903 -0.894302 11.238393 6
2.239684 9.303263 2.788383 6
-0.447868 -1.185697 10.222153 6
4.406455 9.594657 3.804623 6
0.898649 -0.755600 10.088478 6
3.059938 9.164560 3.938298 6
2.385671 0.944010 6.476163 6
1.572916 7.464951 7.550614 6
3.216724 0.825947 7.631829 6
0.741863 7.583013 6.394948 6
1.040619 0.496450 6.583187 6
2.917968 7.912510 7.443589 6
1.401085 -0.175111 8.893958 6
2.557502 8.584071 5.132818 6
0.562153 -0.042209 7.745165 6
3.396434 8.451170 6.281611 6
2.740739 0.283519 8.792124 6
1.217848 8.125441 5.234653 6
4.308824 5.697192 4.455465 6
-0.350237 2.711768 9.571311 6
2.131729 5.414103 3.441750 6
1.826858 2.994857 10.585026 6
2.954937 5.271440 4.608778 6
1.003650 3.137520 9.417998 6
2.468665 4.743229 5.795443 6
1.489922 3.665731 8.231333 6
3.325489 4.624517 6.953213 6
0.633098 3.784443 7.073563 6
1.101009 4.304427 5.914951 6
2.857578 4.104533 8.111825 6
6.295939 1.847919 2.484142 1
-2.337352 6.561042 11.542634 1
4.130813 -0.514611 12.957936 1
-0.172226 8.923572 1.068840 1
-0.231916 2.552827 13.420819 1
4.190503 5.856133 0.605957 1
6.413003 4.219650 1.910447 1
-2.454416 4.189310 12.116329 1
4.174354 0.912589 1.594844 1
-0.215767 7.496371 12.431932 1
-2.296494 1.811307 12.378630 1
6.255081 6.597653 1.648146 1
1.798626 0.879430 0.387139 1
2.159961 7.529530 13.639637 1
4.118244 1.132745 7.591291 1
-0.159657 7.276215 6.435485 1
0.456751 0.568544 5.832334 1
3.501836 7.840416 8.194443 1
-0.346904 -0.331185 7.790471 1
4.305491 8.740146 6.236305 1
3.328203 0.215636 9.545221 1
0.630384 8.193325 4.481555 1
4.284575 4.934283 6.920811 1
-0.325988 3.474678 7.105965 1
0.497611 4.367581 5.116968 1
3.460976 4.041379 8.909808 1
