4.269781 1.563604 7.080527 8
-3.258414 1.563604 8.961631 8
9.093439 5.244404 15.101606 8
9.189827 5.244404 0.940552 8
5.377536 5.797996 8.961631 8
12.905731 5.797996 7.080527 8
0.553877 2.117196 0.940552 8
0.457489 2.117196 15.101606 8
4.783669 1.556978 7.879908 1
-3.772302 1.556978 8.162250 1
9.607327 5.237778 15.900987 1
8.675939 5.237778 0.141171 1
4.863648 5.804622 8.162250 1
13.419619 5.804622 7.879908 1
0.039989 2.123822 0.141171 1
0.971377 2.123822 15.900987 1
3.965793 0.700824 6.824334 1
-2.954427 0.700824 9.217824 1
8.789452 4.381624 14.845413 1
9.493815 4.381624 1.196745 1
5.681523 6.660776 9.217824 1
12.601743 6.660776 6.824334 1
0.857865 2.979976 1.196745 1
0.153502 2.979976 14.845413 1
5.957405 1.433230 9.785716 17
12.325862 1.433230 6.256441 17
1.133747 5.114030 1.764637 17
-0.122380 5.114030 14.277520 17
3.689912 5.928370 6.256441 17
-2.678545 5.928370 9.785716 17
8.513570 2.247570 14.277520 17
9.769697 2.247570 1.764637 17
7.078158 3.448394 5.192365 7
11.205109 3.448394 10.849792 7
-5.370084 7.129194 13.213444 7
6.381451 7.129194 2.828714 7
2.569159 3.913206 10.849792 7
-1.557792 3.913206 5.192365 7
15.017401 0.232406 2.828714 7
3.265866 0.232406 13.213444 7
8.374097 3.055947 5.076380 6
9.909170 3.055947 10.965777 6
-4.074145 6.736747 13.097459 6
5.085512 6.736747 2.944698 6
1.273220 4.305653 10.965777 6
-0.261853 4.305653 5.076380 6
13.721462 0.624853 2.944698 6
4.561805 0.624853 13.097459 6
8.703966 2.772379 4.243151 1
9.579301 2.772379 11.799007 1
-3.744276 6.453179 12.264230 1
4.755642 6.453179 3.777928 1
0.943351 4.589221 11.799007 1
0.068016 4.589221 4.243151 1
13.391592 0.908421 3.777928 1
4.891674 0.908421 12.264230 1
9.205931 3.070818 6.169814 6
9.077336 3.070818 9.872344 6
-3.242310 6.751618 14.190893 6
4.253677 6.751618 1.851265 6
0.441386 4.290782 9.872344 6
0.569981 4.290782 6.169814 6
12.889627 0.609982 1.851265 6
5.393640 0.609982 14.190893 6
10.108913 2.826854 6.076769 1
8.174354 2.826854 9.965388 1
-2.339329 6.507654 14.097848 1
3.350696 6.507654 1.944310 1
-0.461596 4.534746 9.965388 1
1.472963 4.534746 6.076769 1
11.986646 0.853946 1.944310 1
6.296621 0.853946 14.097848 1
8.708369 3.449204 7.418375 6
9.574898 3.449204 8.623783 6
-3.739873 7.130004 15.439454 6
4.751239 7.130004 0.602704 6
0.938948 3.912396 8.623783 6
0.072419 3.912396 7.418375 6
13.387189 0.231596 0.602704 6
4.896077 0.231596 15.439454 6
7.378172 3.844964 7.510136 6
10.905094 3.844964 8.532022 6
-5.070069 0.164164 15.531215 6
6.081436 0.164164 0.510943 6
2.269144 3.516636 8.532022 6
-1.257778 3.516636 7.510136 6
14.717386 7.197436 0.510943 6
3.565881 7.197436 15.531215 6
7.019180 4.101147 8.340318 1
11.264086 4.101147 7.701840 1
2.195522 0.420347 0.319239 1
-1.184155 0.420347 15.722919 1
2.628136 3.260453 7.701840 1
-1.616770 3.260453 8.340318 1
7.451795 6.941253 15.722919 1
10.831472 6.941253 0.319239 1
6.589314 3.861159 6.383335 6
11.693953 3.861159 9.658823 6
-5.858928 0.180359 14.404414 6
6.870294 0.180359 1.637744 6
3.058003 3.500441 9.658823 6
-2.046636 3.500441 6.383335 6
15.506244 7.181241 1.637744 6
2.777022 7.181241 14.404414 6
5.700002 4.162249 6.442531 1
12.583265 4.162249 9.599627 1
-6.748239 0.481449 14.463609 1
7.759606 0.481449 1.578548 1
3.947315 3.199351 9.599627 1
-2.935948 3.199351 6.442531 1
16.395556 6.880151 1.578548 1
1.887711 6.880151 14.463609 1
6.191980 3.401869 4.035565 6
-5.180614 3.401869 12.006592 6
11.015639 7.082669 12.056644 6
7.267628 7.082669 3.985514 6
3.455336 3.959731 12.006592 6
14.827930 3.959731 4.035565 6
-1.368322 0.278931 3.985514 6
2.379689 0.278931 12.056644 6
6.686734 3.727178 2.784919 6
-5.675367 3.727178 13.257239 6
11.510393 0.046378 10.805997 6
6.772874 0.046378 5.236160 6
2.960583 3.634422 13.257239 6
15.322684 3.634422 2.784919 6
-1.863076 7.315222 5.236160 6
2.874443 7.315222 10.805997 6
7.586977 3.978945 2.675832 1
10.696290 3.978945 13.366326 1
-4.861265 0.298145 10.696911 1
5.872631 0.298145 5.345247 1
2.060340 3.382655 13.366326 1
-1.048973 3.382655 2.675832 1
14.508581 7.063455 5.345247 1
3.774685 7.063455 10.696911 1
5.831632 3.675647 1.695014 6
-4.820265 3.675647 14.347143 6
10.655291 7.356447 9.716093 6
7.627976 7.356447 6.326064 6
3.815685 3.685953 14.347143 6
14.467582 3.685953 1.695014 6
-1.007974 0.005153 6.326064 6
2.019341 0.005153 9.716093 6
6.153991 3.881036 0.835796 1
-5.142624 3.881036 15.206361 1
10.977649 0.200236 8.856875 1
7.305618 0.200236 7.185282 1
3.493326 3.480564 15.206361 1
14.789941 3.480564 0.835796 1
-1.330332 7.161364 7.185282 1
2.341699 7.161364 8.856875 1
4.502754 3.320818 1.867949 6
-3.491387 3.320818 14.174209 6
9.326412 7.001618 9.889028 6
8.956855 7.001618 6.153130 6
5.144563 4.040782 14.174209 6
13.138704 4.040782 1.867949 6
0.320905 0.359982 6.153130 6
0.690462 0.359982 9.889028 6
3.923596 3.293580 1.127764 1
-2.912230 3.293580 14.914394 1
8.747255 6.974380 9.148843 1
9.536012 6.974380 6.893315 1
5.723720 4.068020 14.914394 1
12.559546 4.068020 1.127764 1
0.900062 0.387220 6.893315 1
0.111305 0.387220 9.148843 1
4.027211 3.007950 3.124691 6
-3.015844 3.007950 12.917466 6
8.850869 6.688750 11.145770 6
9.432398 6.688750 4.896387 6
5.620106 4.353650 12.917466 6
12.663161 4.353650 3.124691 6
0.796448 0.672850 4.896387 6
0.214919 0.672850 11.145770 6
3.123807 2.774587 3.235703 1
-2.112441 2.774587 12.806454 1
7.947466 6.455387 11.256782 1
10.335801 6.455387 4.785376 1
6.523509 4.587013 12.806454 1
11.759757 4.587013 3.235703 1
1.699851 0.906213 4.785376 1
-0.688484 0.906213 11.256782 1
4.867552 3.034452 4.225665 6
-3.856185 3.034452 11.816493 6
9.691210 6.715252 12.246744 6
8.592056 6.715252 3.795414 6
4.779765 4.327148 11.816493 6
13.503502 4.327148 4.225665 6
-0.043894 0.646348 3.795414 6
1.055260 0.646348 12.246744 6
4.547597 2.808450 5.080551 1
-3.536231 2.808450 10.961606 1
9.371256 6.489250 13.101630 1
8.912011 6.489250 2.940527 1
5.099719 4.553150 10.961606 1
13.183547 4.553150 5.080551 1
0.276061 0.872350 2.940527 1
0.735306 0.872350 13.101630 1
