0.279557 0.164032 9.634222 8
31.072750 0.164032 7.441677 8
16.858057 4.348532 9.634222 8
14.494250 4.348532 7.441677 8
0.078360 0.716386 13.115998 8
31.273947 0.716386 3.959901 8
16.656860 4.900886 13.115998 8
14.695447 4.900886 3.959901 8
31.642708 3.207838 12.050462 8
-0.290401 3.207838 5.025437 8
15.064208 7.392338 12.050462 8
16.288099 7.392338 5.025437 8
31.910289 5.028932 10.604133 8
-0.557982 5.028932 6.471766 8
15.331789 0.844432 10.604133 8
16.020518 0.844432 6.471766 8
1.606811 2.862198 10.180309 8
29.745496 2.862198 6.895589 8
18.185311 7.046698 10.180309 8
13.166996 7.046698 6.895589 8
7.857501 2.481408 10.974680 8
23.494805 2.481408 6.101219 8
24.436001 6.665908 10.974680 8
6.916305 6.665908 6.101219 8
5.074008 1.857918 11.059035 8
26.278298 1.857918 6.016864 8
21.652508 6.042418 11.059035 8
9.699798 6.042418 6.016864 8
4.548928 0.212573 13.348059 8
26.803378 0.212573 3.727839 8
21.127428 4.397073 13.348059 8
10.224878 4.397073 3.727839 8
5.480011 1.770880 15.813648 8
25.872295 1.770880 1.262250 8
22.058511 5.955380 15.813648 8
9.293795 5.955380 1.262250 8
7.319210 2.819516 16.789536 8
24.033096 2.819516 0.286363 8
23.897710 7.004016 16.789536 8
7.454596 7.004016 0.286363 8
7.937808 2.495636 13.236041 8
23.414499 2.495636 3.839857 8
24.516308 6.680136 13.236041 8
6.835999 6.680136 3.839857 8
2.019924 1.495540 10.506801 6
29.332382 1.495540 6.569098 6
18.598424 5.680040 10.506801 6
12.753882 5.680040 6.569098 6
2.726956 1.489682 11.186421 1
28.625351 1.489682 5.889478 1
19.305456 5.674182 11.186421 1
12.046851 5.674182 5.889478 1
0.880466 0.583319 10.894423 6
30.471840 0.583319 6.181475 6
17.458966 4.767819 10.894423 6
13.893340 4.767819 6.181475 6
1.255662 8.161449 11.334982 1
30.096644 8.161449 5.740917 1
17.834162 3.976949 11.334982 1
13.518144 3.976949 5.740917 1
-0.203949 1.187561 11.821645 6
31.556256 1.187561 5.254254 6
16.374551 5.372061 11.821645 6
14.977756 5.372061 5.254254 6
-1.080894 0.848617 11.545015 1
32.433200 0.848617 5.530884 1
15.497606 5.033117 11.545015 1
15.854700 5.033117 5.530884 1
-0.211294 2.675569 11.731143 6
31.563601 2.675569 5.344756 6
16.367206 6.860069 11.731143 6
14.985101 6.860069 5.344756 6
0.428302 3.023720 12.386857 1
30.924004 3.023720 4.689042 1
17.006802 7.208220 12.386857 1
14.345504 7.208220 4.689042 1
0.224346 3.141723 10.347995 6
31.127960 3.141723 6.727904 6
16.802846 7.326223 10.347995 6
14.549460 7.326223 6.727904 6
-0.300686 2.693144 9.653006 1
31.652993 2.693144 7.422893 1
16.277814 6.877644 9.653006 1
15.074493 6.877644 7.422893 1
0.086476 4.661533 10.225048 6
31.265831 4.661533 6.850851 6
16.664976 0.477033 10.225048 6
14.687331 0.477033 6.850851 6
0.728045 5.100906 10.805629 1
30.624262 5.100906 6.270270 1
17.306545 0.916406 10.805629 1
14.045762 0.916406 6.270270 1
0.259108 4.938547 9.313195 1
31.093199 4.938547 7.762704 1
16.837608 0.754047 9.313195 1
14.514699 0.754047 7.762704 1
31.684855 4.629731 11.949714 6
-0.332548 4.629731 5.126185 6
15.106355 0.445231 11.949714 6
16.245952 0.445231 5.126185 6
-0.752540 4.975371 12.516634 1
32.104846 4.975371 4.559265 1
15.825960 0.790871 12.516634 1
15.526346 0.790871 4.559265 1
30.350841 5.221419 12.405641 6
1.001465 5.221419 4.670258 6
13.772341 1.036919 12.405641 6
17.579965 1.036919 4.670258 6
29.649011 4.683292 13.396043 6
1.703295 4.683292 3.679856 6
13.070511 0.498792 13.396043 6
18.281795 0.498792 3.679856 6
29.960118 3.909160 13.809279 1
1.392189 3.909160 3.266619 1
13.381618 8.093660 13.809279 1
17.970689 8.093660 3.266619 1
28.459616 5.258243 13.826355 6
2.892690 5.258243 3.249544 6
11.881116 1.073743 13.826355 6
19.471190 1.073743 3.249544 6
27.981650 4.869921 14.521344 1
3.370656 4.869921 2.554554 1
11.403150 0.685421 14.521344 1
19.949156 0.685421 2.554554 1
28.009997 6.353745 13.249190 6
3.342309 6.353745 3.826709 6
11.431497 2.169245 13.249190 6
19.920809 2.169245 3.826709 6
27.204346 6.724492 13.530942 1
4.147960 6.724492 3.544957 1
10.625846 2.539992 13.530942 1
20.726460 2.539992 3.544957 1
28.705586 6.943759 12.251957 6
2.646720 6.943759 4.823941 6
12.127086 2.759259 12.251957 6
19.225220 2.759259 4.823941 6
28.417396 7.743836 11.872872 1
2.934911 7.743836 5.203026 1
11.838896 3.559336 11.872872 1
19.513411 3.559336 5.203026 1
29.863087 6.313574 11.809692 6
1.489219 6.313574 5.266207 6
13.284587 2.129074 11.809692 6
18.067719 2.129074 5.266207 6
30.312228 6.663398 11.073720 1
1.040079 6.663398 6.002178 1
13.733728 2.478898 11.073720 1
17.618579 2.478898 6.002178 1
-0.957164 0.711365 14.044927 6
32.309471 0.711365 3.030972 6
15.621336 4.895865 14.044927 6
15.730971 4.895865 3.030972 6
31.573059 0.005858 13.826355 1
-0.220752 0.005858 3.249544 1
14.994559 4.190358 13.826355 1
16.357748 4.190358 3.249544 1
-1.432707 1.559145 13.995407 1
32.785013 1.559145 3.080492 1
15.145793 5.743645 13.995407 1
16.206513 5.743645 3.080492 1
1.124725 0.528921 8.555025 6
30.227581 0.528921 8.520874 6
17.703225 4.713421 8.555025 6
13.649081 4.713421 8.520874 6
0.765953 1.303053 8.093976 1
30.586354 1.303053 8.981923 1
17.344453 5.487553 8.093976 1
14.007854 5.487553 8.981923 1
1.192011 8.166470 7.921509 1
30.160295 8.166470 9.154389 1
17.770511 3.981970 7.921509 1
13.581795 3.981970 9.154389 1
2.524687 0.859496 9.144144 6
28.827619 0.859496 7.931755 6
19.103187 5.043996 9.144144 6
12.249119 5.043996 7.931755 6
3.344615 7.968125 9.477124 6
28.007692 7.968125 7.598775 6
19.923115 3.783625 9.477124 6
11.429192 3.783625 7.598775 6
2.824511 6.692689 9.384914 6
28.527795 6.692689 7.690985 6
19.403011 2.508189 9.384914 6
11.949295 2.508189 7.690985 6
1.934102 6.566317 9.150974 1
29.418204 6.566317 7.924925 1
18.512602 2.381817 9.150974 1
12.839704 2.381817 7.924925 1
3.658620 5.575428 9.649590 6
27.693686 5.575428 7.426308 6
20.237120 1.390928 9.649590 6
11.115186 1.390928 7.426308 6
3.312683 4.715931 9.565919 1
28.039623 4.715931 7.509980 1
19.891183 0.531431 9.565919 1
11.461123 0.531431 7.509980 1
4.949054 5.738623 10.020137 6
26.403252 5.738623 7.055761 6
21.527554 1.554123 10.020137 6
9.824752 1.554123 7.055761 6
5.481300 5.002151 10.223341 1
25.871006 5.002151 6.852558 1
22.059800 0.817651 10.223341 1
9.292506 0.817651 6.852558 1
5.459870 7.006527 10.093564 6
25.892437 7.006527 6.982335 6
22.038370 2.822027 10.093564 6
9.313937 2.822027 6.982335 6
6.352087 7.117834 10.329211 1
25.000219 7.117834 6.746688 1
22.930587 2.933335 10.329211 1
8.421719 2.933335 6.746688 1
4.686316 8.136342 9.823765 6
26.665991 8.136342 7.252134 6
21.264816 3.951842 9.823765 6
10.087491 3.951842 7.252134 6
5.283864 1.131489 9.816934 6
26.068443 1.131489 7.258965 6
21.862364 5.315989 9.816934 6
9.489943 5.315989 7.258965 6
6.248791 1.041104 9.675204 1
25.103516 1.041104 7.400695 1
22.827291 5.225604 9.675204 1
8.525016 5.225604 7.400695 1
4.728988 1.970063 8.717246 6
26.623318 1.970063 8.358652 6
21.307488 6.154563 8.717246 6
10.044818 6.154563 8.358652 6
5.553026 2.868893 8.032503 6
25.799281 2.868893 9.043396 6
22.131526 7.053393 8.032503 6
9.220781 7.053393 9.043396 6
6.442474 2.960952 8.281811 1
24.909833 2.960952 8.794088 1
23.020974 7.145452 8.281811 1
8.331333 7.145452 8.794088 1
5.047172 3.626288 6.977212 6
26.305134 3.626288 10.098687 6
21.625672 7.810788 6.977212 6
9.726634 7.810788 10.098687 6
5.592776 4.235551 6.533239 1
25.759531 4.235551 10.542660 1
22.171276 0.051051 6.533239 1
9.181031 0.051051 10.542660 1
3.767831 3.470624 6.608373 6
27.584475 3.470624 10.467526 6
20.346331 7.655124 6.608373 6
11.005975 7.655124 10.467526 6
3.440016 3.951005 5.882647 1
27.912291 3.951005 11.193252 1
20.018516 8.135505 5.882647 1
11.333791 8.135505 11.193252 1
2.911422 2.596064 7.298239 6
28.440884 2.596064 9.777660 6
19.489922 6.780564 7.298239 6
11.862384 6.780564 9.777660 6
2.017001 2.537481 7.048931 1
29.335306 2.537481 10.026968 1
18.595501 6.721981 7.048931 1
12.756806 6.721981 10.026968 1
3.383997 1.816910 8.348407 6
27.968310 1.816910 8.727492 6
19.962497 6.001410 8.348407 6
11.389810 6.001410 8.727492 6
7.074983 2.632887 12.113643 6
24.277324 2.632887 4.962256 6
23.653483 6.817387 12.113643 6
7.698824 6.817387 4.962256 6
6.653679 3.517491 12.118765 1
24.698627 3.517491 4.957133 1
23.232179 7.701991 12.118765 1
8.120127 7.701991 4.957133 1
6.017216 1.551613 12.120473 6
25.335091 1.551613 4.955426 6
22.595716 5.736113 12.120473 6
8.756591 5.736113 4.955426 6
6.436672 0.683747 11.944591 1
24.915634 0.683747 5.131308 1
23.015172 4.868247 11.944591 1
8.337134 4.868247 5.131308 1
5.223639 1.474618 13.407996 6
26.128668 1.474618 3.667903 6
21.802139 5.659118 13.407996 6
9.550168 5.659118 3.667903 6
4.576003 2.208579 13.455808 1
26.776304 2.208579 3.620091 1
21.154503 6.393079 13.455808 1
10.197804 6.393079 3.620091 1
6.179189 1.532364 14.587940 6
25.173117 1.532364 2.487958 6
22.757689 5.716864 14.587940 6
8.594617 5.716864 2.487958 6
6.661066 0.682073 14.652829 1
24.691241 0.682073 2.423070 1
23.239566 4.866574 14.652829 1
8.112741 4.866574 2.423070 1
7.203644 2.692307 14.425719 6
24.148663 2.692307 2.650180 6
23.782144 6.876807 14.425719 6
7.570163 6.876807 2.650180 6
6.726413 3.547619 14.379614 1
24.625893 3.547619 2.696284 1
23.304913 7.732119 14.379614 1
8.047393 7.732119 2.696284 1
8.117358 2.687286 15.612494 6
23.234949 2.687286 1.463405 6
24.695858 6.871786 15.612494 6
6.656449 6.871786 1.463405 6
8.618759 1.857918 15.643231 1
22.733548 1.857918 1.432668 1
25.197259 6.042418 15.643231 1
6.155048 6.042418 1.432668 1
8.744373 3.423758 15.552729 1
22.607933 3.423758 1.523170 1
25.322873 7.608258 15.552729 1
6.029433 7.608258 1.523170 1
8.710924 3.602854 10.670729 6
22.641383 3.602854 6.405170 6
25.289424 7.787355 10.670729 6
6.062883 7.787355 6.405170 6
9.217896 3.413715 9.880115 1
22.134411 3.413715 7.195784 1
25.796396 7.598215 9.880115 1
5.555911 7.598215 7.195784 1
9.308549 3.757681 11.406700 1
22.043757 3.757681 5.669198 1
25.887049 7.942181 11.406700 1
5.465257 7.942181 5.669198 1
8.171366 4.384519 10.527292 1
23.180940 4.384519 6.548607 1
24.749866 0.200019 10.527292 1
6.602440 0.200019 6.548607 1
6.343395 1.775065 16.930754 6
25.008911 1.775065 0.145145 6
22.921895 5.959565 16.930754 6
8.430411 5.959565 0.145145 6
6.802662 0.911384 16.983689 1
24.549645 0.911384 0.092210 1
23.381162 5.095884 16.983689 1
7.971145 5.095884 0.092210 1
7.387568 1.991822 1.096273 6
23.964739 1.991822 15.979626 6
23.966068 6.176322 1.096273 6
7.386239 6.176322 15.979626 6
8.089623 2.031993 2.296708 6
23.262684 2.031993 14.779190 6
24.668123 6.216493 2.296708 6
6.684184 6.216493 14.779190 6
9.014770 1.945793 2.327445 1
22.337536 1.945793 14.748454 1
25.593270 6.130293 2.327445 1
5.759036 6.130293 14.748454 1
7.311184 2.211090 3.481776 6
24.041122 2.211090 13.594123 6
23.889684 6.395590 3.481776 6
7.462622 6.395590 13.594123 6
7.755612 2.244566 4.296296 1
23.596694 2.244566 12.779603 1
24.334112 6.429066 4.296296 1
7.018194 6.429066 12.779603 1
5.980325 2.334114 3.493729 6
25.371981 2.334114 13.582170 6
22.558825 6.518614 3.493729 6
8.793481 6.518614 13.582170 6
5.514560 2.418641 4.292881 1
25.837746 2.418641 12.783018 1
22.093060 6.603141 4.292881 1
9.259246 6.603141 12.783018 1
5.338742 2.331603 2.317199 6
26.013565 2.331603 14.758699 6
21.917242 6.516103 2.317199 6
9.435065 6.516103 14.758699 6
4.415827 2.456301 2.296708 1
26.936479 2.456301 14.779190 1
20.994327 6.640801 2.296708 1
10.357979 6.640801 14.779190 1
6.044168 2.141627 1.101395 6
25.308139 2.141627 15.974503 6
22.622668 6.326127 1.101395 6
8.729639 6.326127 15.974503 6
5.578763 2.120705 0.297121 1
25.773544 2.120705 16.778778 1
22.157263 6.305205 0.297121 1
9.195044 6.305205 16.778778 1
3.414297 0.070300 14.232762 6
27.938009 0.070300 2.843137 6
19.992797 4.254800 14.232762 6
11.359509 4.254800 2.843137 6
2.653477 0.566581 13.889536 1
28.698829 0.566581 3.186363 1
19.231977 4.751081 13.889536 1
12.120329 4.751081 3.186363 1
3.631344 0.410081 15.115586 1
27.720962 0.410081 1.960313 1
20.209844 4.594581 15.115586 1
11.142462 4.594581 1.960313 1
3.092721 6.991463 14.304480 6
28.259586 6.991463 2.771418 6
19.671221 2.806963 14.304480 6
11.681086 2.806963 2.771418 6
2.728296 6.382199 15.503209 6
28.624011 6.382199 1.572690 6
19.306796 2.197699 15.503209 6
12.045511 2.197699 1.572690 6
2.662941 6.892708 16.278454 1
28.689365 6.892708 0.797444 1
19.241441 2.708208 16.278454 1
12.110865 2.708208 0.797444 1
2.471430 5.053202 15.549314 6
28.880877 5.053202 1.526585 6
19.049930 0.868702 15.549314 6
12.302377 0.868702 1.526585 6
2.243132 4.660696 16.360419 1
29.109175 4.660696 0.715480 1
18.821632 0.476196 16.360419 1
12.530675 0.476196 0.715480 1
2.546172 4.284928 14.434257 6
28.806134 4.284928 2.641642 6
19.124672 0.100428 14.434257 6
12.227634 0.100428 2.641642 6
2.384740 3.370196 14.487193 1
28.967567 3.370196 2.588706 1
18.963240 7.554696 14.487193 1
12.389067 7.554696 2.588706 1
2.847184 4.841467 13.264558 6
28.505123 4.841467 3.811341 6
19.425684 0.656967 13.264558 6
11.926623 0.656967 3.811341 6
2.866874 4.314220 12.497850 1
28.485433 4.314220 4.578048 1
19.445374 0.129720 12.497850 1
11.906933 0.129720 4.578048 1
3.133801 6.187202 13.169104 6
28.218505 6.187202 3.906795 6
19.712301 2.002702 13.169104 6
11.640005 2.002702 3.906795 6
3.353765 6.557948 12.345875 1
27.998541 6.557948 4.730024 1
19.932265 2.373448 12.345875 1
11.420041 2.373448 4.730024 1
-0.443520 0.510509 15.453176 6
31.795827 0.510509 1.622723 6
16.134980 4.695009 15.453176 6
15.217327 4.695009 1.622723 6
-0.325327 1.792640 15.868974 6
31.677633 1.792640 1.206925 6
16.253173 5.977140 15.868974 6
15.099133 5.977140 1.206925 6
-0.560065 2.542502 15.370017 1
31.912371 2.542502 1.705882 1
16.018435 6.727002 15.370017 1
15.333871 6.727002 1.705882 1
2.080470 1.819421 0.267921 6
29.271837 1.819421 16.807978 6
18.658970 6.003921 0.267921 6
12.693337 6.003921 16.807978 6
2.307289 2.596901 0.725726 1
29.045018 2.596901 16.350173 1
18.885789 6.781401 0.725726 1
12.466518 6.781401 16.350173 1
2.219745 0.597547 0.763463 6
29.132562 0.597547 16.312435 6
18.798245 4.782047 0.763463 6
12.554062 4.782047 16.312435 6
2.668170 0.610100 1.577813 1
28.684137 0.610100 15.498086 1
19.246670 4.794600 1.577813 1
12.105637 4.794600 15.498086 1
1.918896 7.836732 0.441412 6
29.433411 7.836732 16.634487 6
18.497396 3.652232 0.441412 6
12.854911 3.652232 16.634487 6
2.011353 7.111139 1.016016 1
29.340953 7.111139 16.059883 1
18.589853 2.926639 1.016016 1
12.762453 2.926639 16.059883 1
-0.436261 7.696969 16.068421 6
31.788568 7.696969 1.007478 6
16.142239 3.512469 16.068421 6
15.210068 3.512469 1.007478 6
-0.719268 6.898567 15.684213 1
32.071574 6.898567 1.391686 1
15.859232 2.714067 15.684213 1
15.493074 2.714067 1.391686 1
