18.897994 5.272953 12.976920 8
11.303913 1.807553 20.056682 8
1.236610 1.657847 9.045481 8
8.830692 5.123247 1.965720 8
0.867057 4.757994 13.762239 8
7.223950 1.292594 19.271363 8
19.267548 2.172806 8.260162 8
12.910654 5.638206 2.751038 8
3.449609 3.140345 12.660899 8
4.641398 6.605745 20.372703 8
16.684996 3.790455 9.361503 8
15.493206 0.325055 1.649698 8
5.745056 4.883442 6.761097 8
4.322247 1.418042 4.250103 8
14.389549 2.047358 15.261304 8
15.812358 5.512758 17.772298 8
-1.025320 5.091366 12.396189 7
9.116327 1.625966 20.637412 7
21.159925 1.839434 9.626212 7
11.018278 5.304834 1.384989 7
0.355890 4.901462 12.672791 6
7.735117 1.436062 20.360811 6
19.778715 2.029338 9.349610 6
12.399488 5.494738 1.661590 6
20.898306 5.236219 10.984333 6
11.279897 1.770819 0.026867 6
-0.763701 1.694581 11.038068 6
8.854708 5.159981 21.995534 6
19.720578 5.411569 10.263540 6
12.457624 1.946169 0.747661 6
0.414026 1.519231 11.758861 6
7.676981 4.984631 21.274741 6
18.898110 5.462857 10.694078 1
13.280092 1.997457 0.317123 1
1.236494 1.467943 11.328323 1
6.854513 4.933343 21.705279 1
19.810907 5.507214 8.884938 6
12.367295 2.041814 2.126263 6
0.323698 1.423586 13.137463 6
7.767309 4.888986 19.896138 6
19.037078 5.627810 8.381726 1
13.141125 2.162410 2.629475 1
1.097527 1.302990 13.640675 1
6.993480 4.768390 19.392927 1
21.033239 5.426123 8.243866 6
11.144963 1.960723 2.767335 6
-0.898634 1.504677 13.778536 6
8.989641 4.970077 19.255066 6
21.065223 5.489887 7.315842 1
11.112979 2.024487 3.695359 1
-0.930618 1.440913 14.706560 1
9.021625 4.906313 18.327042 1
0.102780 5.252853 8.951666 6
9.964522 1.787453 2.059535 6
20.031825 1.677947 13.070736 6
10.170083 5.143347 19.962866 6
0.918999 5.199486 8.509456 1
9.148303 1.734086 2.501745 1
19.215606 1.731314 13.512945 1
10.986301 5.196714 19.520656 1
0.034348 5.158594 10.347445 6
10.032955 1.693194 0.663755 6
20.100257 1.772206 11.674956 6
10.101650 5.237606 21.358646 6
1.063738 4.943740 11.361137 6
7.027269 1.478340 21.672465 6
19.070867 1.987060 10.661265 6
13.107336 5.452460 0.349936 6
2.382050 4.717796 11.269303 6
5.708957 1.252396 21.764299 6
17.752555 2.213004 10.753098 6
14.425648 5.678404 0.258103 6
3.185996 4.782252 10.020193 6
6.881307 1.316852 0.991008 6
16.948609 2.148548 12.002209 6
13.253298 5.613948 21.031393 6
3.388993 5.977122 9.364586 6
6.678309 2.511722 1.646615 6
16.745612 0.953678 12.657816 6
13.456295 4.419078 20.375786 6
2.949538 6.741589 9.659025 1
7.117764 3.276189 1.352175 1
17.185066 0.189211 12.363376 1
13.016841 3.654611 20.670226 1
4.243862 6.056133 8.265007 6
5.823440 2.590733 2.746193 6
15.890743 0.874667 13.757394 6
14.311164 4.340067 19.276208 6
4.390593 6.871195 7.842177 1
5.676710 3.405795 3.169024 1
15.744012 0.059605 14.180224 1
14.457895 3.525005 18.853378 1
4.865814 4.920868 7.814429 6
5.201489 1.455468 3.196772 6
15.268791 2.009932 14.207972 6
14.933116 5.475332 18.825629 6
4.664670 3.706592 8.446912 6
5.402632 0.241192 2.564288 6
15.469934 3.224208 13.575489 6
14.731973 6.689608 19.458113 6
5.089545 2.940738 8.135075 1
4.977757 6.406138 2.876126 1
15.045059 3.990062 13.887326 1
15.156848 0.524662 19.146276 1
3.829097 3.637977 9.545830 6
6.238205 0.172577 1.465371 6
16.305508 3.292823 12.476571 6
13.896399 6.758223 20.557031 6
3.695356 2.822222 9.971743 1
6.371946 6.287622 1.039457 1
16.439248 4.108578 12.050658 1
13.762659 0.643178 20.982944 1
20.035932 5.125327 13.350200 6
10.165975 1.659927 19.683402 6
0.098673 1.805473 8.672201 6
9.968629 5.270873 2.338999 6
20.413061 4.980473 14.790024 6
9.788846 1.515073 18.243577 6
-0.278456 1.950327 7.232377 6
10.345759 5.415727 3.778824 6
19.618798 4.958294 15.327591 1
10.583109 1.492894 17.706011 1
0.515807 1.972506 6.694810 1
9.551496 5.437906 4.316391 1
-1.151997 5.725534 15.054513 1
9.243004 2.260134 17.979088 1
21.286602 1.205266 6.967888 1
10.891600 4.670666 4.043313 1
-1.205484 4.164718 14.911368 1
9.296491 0.699318 18.122234 1
21.340089 2.766082 7.111033 1
10.838113 6.231482 3.900167 1
3.213830 4.340760 12.467102 6
4.877177 0.875360 20.566500 6
16.920774 2.590040 9.555300 6
15.257428 6.055440 1.455901 6
3.849972 5.418499 13.260348 6
4.241035 1.953099 19.773253 6
16.284633 1.512301 8.762053 6
15.893570 4.977701 2.249148 6
4.355181 5.031068 13.977618 1
3.735826 1.565668 19.055984 1
15.779424 1.899732 8.044783 1
16.398778 5.365132 2.966417 1
3.171097 5.993063 13.620855 1
4.919910 2.527663 19.412747 1
16.963508 0.937737 8.401546 1
15.214695 4.403137 2.609655 1
4.434824 5.928606 12.695914 1
3.656183 2.463206 20.337688 1
15.699781 1.002194 9.326487 1
16.478421 4.467594 1.684714 1
5.988059 6.105342 6.056381 6
4.079243 2.639942 4.954820 6
14.146546 0.825458 15.966021 6
16.055361 4.290858 17.067581 6
6.599040 5.941775 5.333826 1
3.468262 2.476375 5.677375 1
13.535564 0.989025 16.688576 1
16.666343 4.454425 16.345026 1
6.367499 6.750599 6.657372 1
3.699803 3.285199 4.353829 1
13.767105 0.180201 15.365029 1
16.434802 3.645601 17.668573 1
5.159388 6.442179 5.706004 1
4.907915 2.976779 5.305196 1
14.975217 0.488621 16.316397 1
15.226690 3.954021 16.717205 1
7.894556 1.352199 12.983747 8
0.196451 4.817599 20.049855 8
12.240049 5.578601 9.038654 8
19.938153 2.113201 1.972546 8
7.499884 1.394477 8.822174 8
2.567419 4.859877 2.189027 8
12.634721 5.536323 13.200227 8
17.567186 2.070923 19.833375 8
8.947924 0.110200 6.252380 8
1.119379 3.575600 4.758821 8
11.186681 6.820600 15.770021 8
19.015226 3.355200 17.263581 8
14.925388 2.856183 4.852856 8
17.252814 6.321583 6.158344 8
5.209217 4.074617 17.169545 8
2.881790 0.609217 15.864057 8
8.665178 1.529628 10.859246 7
1.402124 4.995028 0.151955 7
11.469427 5.401172 11.163155 7
18.732480 1.935772 21.870447 7
8.541887 1.522004 9.448931 6
1.525416 4.987404 1.562269 6
11.592718 5.408796 12.573470 6
18.609189 1.943396 20.460132 6
10.045323 1.702898 11.201915 6
-1.954316 5.168298 21.831687 6
10.089281 5.227902 10.820487 6
22.088921 1.762502 0.190714 6
10.658415 1.727155 12.444198 6
19.543492 5.192555 20.589404 6
9.476190 5.203645 9.578203 6
0.591112 1.738245 1.432998 6
10.160746 1.623193 13.222250 1
20.041161 5.088593 19.811352 1
9.973859 5.307607 8.800152 1
0.093444 1.842207 2.211049 1
12.030544 1.908742 12.501677 6
18.171363 5.374142 20.531925 6
8.104060 5.022058 9.520724 6
1.963242 1.556658 1.490476 6
12.450596 1.937852 13.330159 1
17.751311 5.403252 19.703442 1
7.684009 4.992948 8.692242 1
2.383294 1.527548 2.318959 1
12.793074 2.048744 11.351887 6
17.408833 5.514144 21.681715 6
7.341531 4.882056 10.670514 6
2.725772 1.416656 0.340687 6
13.714417 2.165875 11.418615 1
16.487490 5.631275 21.614987 1
6.420188 4.764925 10.603786 1
3.647114 1.299525 0.407414 1
12.190347 2.015477 10.104979 6
19.987855 5.480877 0.906222 6
7.944257 4.915323 11.917422 6
0.146750 1.449923 21.116179 6
12.698739 2.113201 9.333094 1
19.479463 5.578601 1.678107 1
7.435866 4.817599 12.689308 1
0.655141 1.352199 20.344294 1
10.815851 1.834583 10.024597 6
21.362352 5.299983 0.986604 6
9.318754 5.096217 11.997804 6
-1.227747 1.630817 21.035798 6
9.892971 1.705670 8.890884 6
0.174331 5.171070 2.120317 6
10.241633 5.225130 13.131517 6
19.960274 1.759730 19.902084 6
10.133921 1.659927 7.568439 6
-0.066619 5.125327 3.442762 6
10.000684 5.270873 14.453963 6
20.201223 1.805473 18.579639 6
11.437556 1.925376 6.910850 6
20.740646 5.390776 4.100351 6
8.697049 5.005424 15.111551 6
-0.606042 1.540024 17.922050 6
11.875715 3.218664 6.741718 6
20.302487 6.684064 4.269483 6
8.258889 3.712136 15.280684 6
-0.167882 0.246736 17.752918 6
11.380117 3.918674 7.100022 1
20.798086 0.453274 3.911178 1
8.754488 3.012126 14.922379 1
-0.663481 6.477526 18.111223 1
13.038653 3.498668 6.050435 6
19.139549 0.033268 4.960766 6
7.095952 3.432132 15.971967 6
0.995055 6.897532 17.061635 6
13.309207 4.380266 5.930633 1
18.868995 0.914866 5.080568 1
6.825398 2.550534 16.091769 1
1.265609 6.015934 16.941833 1
13.799787 2.467365 5.537092 6
18.378415 5.932765 5.474108 6
6.334818 4.463435 16.485309 6
1.756189 0.998035 16.548293 6
13.394833 1.183088 5.705784 6
18.783369 4.648488 5.305417 6
6.739771 5.747712 16.316617 6
1.351236 2.282312 16.716985 6
13.907953 0.485156 5.369061 1
18.270249 3.950556 5.642139 1
6.226652 6.445644 16.653340 1
1.864355 2.980244 16.380262 1
12.211231 0.911400 6.383413 6
19.966971 4.376800 4.627787 6
7.923373 6.019400 15.638988 6
0.167634 2.554000 17.394614 6
11.935159 0.029109 6.483395 1
20.243043 3.494509 4.527806 1
8.199446 6.901691 15.539006 1
-0.108439 3.436291 17.494596 1
7.628204 1.407645 11.807531 6
0.462803 4.873045 21.226071 6
12.506400 5.523155 10.214871 6
19.671802 2.057755 0.796330 6
6.219405 1.378536 11.301236 6
1.871602 4.843936 21.732366 6
13.915199 5.552264 10.721166 6
18.263003 2.086864 0.290035 6
5.612134 1.376457 12.044051 1
2.478874 4.841857 20.989551 1
14.522471 5.554343 9.978350 1
17.655731 2.088943 1.032851 1
6.084165 0.586346 10.775561 1
3.983138 4.051746 0.235640 1
14.050440 6.344454 11.246840 1
16.151467 2.879054 21.786762 1
6.057002 2.153400 10.757943 1
4.010301 5.618800 0.253258 1
14.077603 4.777400 11.264458 1
16.124304 1.312000 21.769144 1
9.059467 1.302297 6.569062 6
1.007836 4.767697 4.442139 6
11.075138 5.628503 15.453339 6
19.126769 2.163103 17.580263 6
8.308747 2.387661 5.943846 6
1.758556 5.853061 5.067355 6
11.825858 4.543139 16.078555 6
18.376049 1.077739 16.955047 6
7.908499 2.073002 5.131219 1
2.158803 5.538402 5.879981 1
12.226106 4.857798 16.891182 1
17.975801 1.392398 16.142420 1
8.901219 3.116088 5.747847 1
1.166083 6.581488 5.263354 1
11.233385 3.814712 16.274555 1
18.968522 0.349312 16.759047 1
7.620211 2.687764 6.545058 1
2.447091 6.153164 4.466143 1
12.514394 4.243036 15.477344 1
17.687513 0.777636 17.556258 1
15.842066 1.859534 4.446763 6
16.336137 5.324934 6.564437 6
4.292539 5.071266 17.575638 6
3.798468 1.605866 15.457964 6
16.569568 2.268451 3.970639 1
15.608634 5.733851 7.040562 1
3.565037 4.662349 18.051762 1
4.525970 1.196949 14.981840 1
15.397542 1.230217 3.873740 1
16.780661 4.695617 7.137460 1
4.737063 5.700583 18.148661 1
3.353944 2.235183 14.884941 1
16.183337 1.403487 5.219309 1
15.994866 4.868887 5.791892 1
3.951268 5.527313 16.803092 1
4.139739 2.061913 16.230510 1
