1.211299 9.403591 2.402147 35
2.792201 0.903409 23.039147 35
6.795701 4.250091 18.234853 35
5.214799 6.056909 38.871853 35
0.621503 7.058543 32.695612 35
3.381997 3.248457 12.058612 35
7.385497 1.905043 29.215388 35
4.625003 8.401957 8.578388 35
4.433476 2.536553 35.970704 8
7.577024 7.770447 15.333704 8
3.573524 7.690053 25.940296 8
0.429976 2.616947 5.303296 8
3.038657 5.310166 34.599581 8
0.964843 4.996834 13.962581 8
4.968344 0.156666 27.311419 8
7.042156 10.150334 6.674419 8
1.390015 5.894573 37.868070 8
2.613485 4.412427 17.231070 8
6.616985 0.741073 24.042930 8
5.393515 9.565927 3.405930 8
0.478018 7.783846 37.061988 8
3.525482 2.523154 16.424988 8
7.528982 2.630346 24.849012 8
4.481518 7.676654 4.212012 8
6.918849 4.282559 36.982742 8
5.091651 6.024442 16.345742 8
1.088151 9.436058 24.928258 8
2.915349 0.870941 4.291258 8
0.817515 1.293529 37.425612 8
3.185985 9.013472 16.788612 8
7.189485 6.447029 24.485388 8
4.821015 3.859972 3.848388 8
1.711897 0.999779 35.259140 8
2.291603 9.307221 14.622140 8
6.295103 6.153279 26.651860 8
5.715397 4.153721 6.014860 8
3.778503 9.365971 37.419834 8
0.224997 0.941029 16.782834 8
4.228497 4.212471 24.491166 8
7.782003 6.094529 3.854166 8
5.749827 7.679746 35.133667 8
6.260673 2.627254 14.496667 8
2.257173 2.526246 26.777333 8
1.746327 7.780754 6.140333 8
6.303110 0.819407 33.923926 8
5.707390 9.487594 13.286926 8
1.703890 5.972907 27.987074 8
2.299610 4.334093 7.350074 8
0.003203 0.217478 32.582934 8
4.000297 10.089522 11.945934 8
8.003797 5.370978 29.328066 8
4.006703 4.936022 8.691066 8
3.567118 3.378635 36.013216 6
0.436381 6.928365 15.376216 6
4.439881 8.532135 25.897784 6
7.570619 1.774865 5.260784 6
3.846563 4.782448 35.693755 6
0.156937 5.524552 15.056755 6
4.160437 9.935948 26.217245 6
7.850063 0.371052 5.580245 6
4.793791 5.095781 35.768048 1
7.216709 5.211219 15.131048 1
3.213209 10.249281 26.142952 1
0.790291 0.057719 5.505952 1
2.773625 5.772951 35.920762 6
1.229875 4.534049 15.283762 6
5.233375 0.619451 25.990238 6
6.777125 9.687549 5.353238 6
3.082695 6.702642 36.118877 1
0.920805 3.604358 15.481877 1
4.924305 1.549142 25.792123 1
7.086195 8.757858 5.155123 1
1.457274 5.399837 36.498598 6
2.546226 4.907163 15.861598 6
6.549726 0.246337 25.412402 6
5.460774 10.060663 4.775402 6
0.727036 5.818302 35.957909 1
3.276464 4.488698 15.320909 1
7.279964 0.664802 25.953091 1
4.730536 9.642199 5.316091 1
1.220267 3.898107 36.592703 6
2.783233 6.408893 15.955703 6
6.786733 9.051607 25.318297 6
5.223767 1.255393 4.681297 6
7.835650 3.473459 36.936515 6
4.174850 6.833541 16.299515 6
0.171350 8.626959 24.974485 6
3.832150 1.680041 4.337485 6
7.621863 1.994405 37.121010 6
4.388637 8.312596 16.484010 6
0.385137 7.147905 24.789990 6
3.618363 3.159096 4.152990 6
7.242331 1.620260 36.275719 1
4.768168 8.686740 15.638719 1
0.764668 6.773760 25.635281 1
3.238831 3.533240 4.998281 1
1.885648 1.538835 36.568764 6
2.117851 8.768165 15.931764 6
6.121351 6.692335 25.342236 6
5.889149 3.614665 4.705236 6
2.699960 1.116248 36.969122 1
1.303540 9.190752 16.332122 1
5.307040 6.269748 24.941878 1
6.703460 4.037252 4.304878 1
2.176303 3.001398 36.374776 6
1.827197 7.305602 15.737776 6
5.830697 8.154898 25.536224 6
6.179803 2.152102 4.899224 6
0.876767 7.158212 38.000972 6
3.126733 3.148789 17.363972 6
7.130233 2.004712 23.910028 6
4.880267 8.302288 3.273028 6
0.900787 7.628211 39.374983 6
3.102712 2.678789 18.737983 6
7.106212 2.474711 22.536017 6
4.904288 7.832289 1.899017 6
1.038508 6.790252 40.444393 6
2.964992 3.516748 19.807393 6
6.968492 1.636752 21.466607 6
5.042008 8.670248 0.829607 6
1.105767 5.852315 40.308188 1
2.897733 4.454685 19.671188 1
6.901233 0.698815 21.602812 1
5.109267 9.608185 0.965812 1
1.081746 7.320031 0.499415 6
2.921754 2.986969 21.136415 6
6.925254 2.166531 20.137585 6
5.085246 8.140469 40.774585 6
1.144200 6.742839 1.250602 1
2.859300 3.564161 21.887602 1
6.862800 1.589339 19.386398 1
5.147700 8.717661 40.023398 1
1.032903 8.672310 0.656257 6
2.970597 1.634690 21.293257 6
6.974097 3.518810 19.980743 6
5.036403 6.788190 40.617743 6
0.890378 9.518515 40.881897 6
3.113122 0.788486 20.244897 6
7.116622 4.365015 21.029103 6
4.893878 5.941986 0.392103 6
0.824721 0.148421 41.026356 1
3.178779 10.158579 20.389356 1
7.182279 5.301921 20.884644 1
4.828221 5.005079 0.247644 1
0.842336 8.999042 39.598276 6
3.161164 1.307958 18.961276 6
7.164664 3.845542 22.312724 6
4.845836 6.461458 1.675724 6
0.768672 9.590663 38.859471 1
3.234828 0.716337 18.222471 1
7.238328 4.437163 23.051529 1
4.772172 5.869836 2.414529 1
2.066607 9.906058 35.190212 6
1.936893 0.400942 14.553212 6
5.940393 4.752558 26.720788 6
6.070107 5.554442 6.083788 6
1.612610 9.495839 34.410134 1
2.390890 0.811161 13.773134 1
6.394390 4.342339 27.500866 1
5.616110 5.964661 6.863866 1
1.742323 9.448427 36.003310 1
2.261177 0.858573 15.366310 1
6.264677 4.294927 25.907690 1
5.745823 6.012073 5.270690 1
3.569521 9.691672 35.062263 6
0.433979 0.615328 14.425263 6
4.437479 4.538172 26.848737 6
7.573021 5.768828 6.211737 6
4.250116 9.276300 36.329375 6
7.760384 1.030700 15.692375 6
3.756884 4.122800 25.581625 6
0.246616 6.184200 4.944625 6
5.609704 8.682617 36.184916 6
6.400796 1.624383 15.547916 6
2.397296 3.529117 25.726084 6
1.606204 6.777883 5.089084 6
6.141369 8.545534 37.018651 1
5.869131 1.761466 16.381651 1
1.865631 3.392034 24.892349 1
2.137869 6.914966 4.255349 1
6.359960 8.963998 34.950823 6
5.650540 1.343002 14.313823 6
1.647040 3.810498 26.960177 6
2.356460 6.496502 6.323177 6
7.356031 8.996980 35.037499 1
4.654469 1.310020 14.400499 1
0.650969 3.843480 26.873501 1
3.352531 6.463520 6.236501 1
5.766641 9.768975 33.848807 6
6.243859 0.538025 13.211807 6
2.240359 4.615475 28.062193 6
1.763141 5.691525 7.425193 6
6.017260 9.362879 32.969671 1
5.993240 0.944121 12.332671 1
1.989740 4.209379 28.941329 1
2.013761 6.097621 8.304329 1
4.246913 9.930795 33.914846 6
7.763587 0.376205 13.277846 6
3.760087 4.777294 27.996154 6
0.243413 5.529706 7.359154 6
3.605552 0.123684 32.705518 6
0.397948 10.183316 12.068518 6
4.401448 5.277184 29.205482 6
7.609052 5.029816 8.568482 6
2.658324 0.050504 32.689008 1
1.345176 10.256496 12.052008 1
5.348676 5.204004 29.221992 1
6.661824 5.102996 8.584992 1
4.130811 0.648310 31.653031 6
7.879689 9.658690 11.016031 6
3.876189 5.801810 30.257969 6
0.127311 4.505190 9.620969 6
5.079641 0.690569 31.653031 1
6.930859 9.616431 11.016031 1
2.927359 5.844069 30.257969 1
1.076141 4.462931 9.620969 1
3.473437 1.201796 30.423065 6
0.530063 9.105204 9.786065 6
4.533563 6.355296 31.487935 6
7.476937 3.951704 10.850935 6
4.157234 1.561511 29.820465 1
7.853266 8.745490 9.183465 1
3.849766 6.715010 32.090535 1
0.153734 3.591990 11.453535 1
2.854495 1.918133 30.678964 1
1.149004 8.388867 10.041964 1
5.152504 7.071633 31.232036 1
6.857996 3.235367 10.595036 1
2.977803 0.489583 29.969051 1
1.025697 9.817418 9.332051 1
5.029197 5.643083 31.941949 1
6.981303 4.663918 11.304949 1
7.408076 1.077082 33.167786 6
4.602424 9.229919 12.530786 6
0.598924 6.230582 28.743214 6
3.404576 4.076418 8.106214 6
7.703535 2.510785 33.140546 6
4.306965 7.796215 12.503546 6
0.303465 7.664285 28.770454 6
3.700035 2.642715 8.133454 6
6.843583 3.463152 33.667615 6
5.166917 6.843848 13.030615 6
1.163417 8.616652 28.243385 6
2.840083 1.690348 7.606385 6
6.050890 3.180740 34.108834 1
5.959610 7.126260 13.471834 1
1.956110 8.334240 27.802166 1
2.047390 1.972760 7.165166 1
7.121426 4.828830 33.559889 6
4.889074 5.478171 12.922889 6
0.885574 9.982330 28.351111 6
3.117926 0.324670 7.714111 6
6.541719 5.471986 33.951992 1
5.468781 4.835014 13.314992 1
1.465281 0.318486 27.959008 1
2.538219 9.988514 7.322008 1
0.220193 5.219465 32.891251 6
3.783307 5.087535 12.254251 6
7.786807 0.065965 29.019749 6
4.223693 10.241035 8.382749 6
1.138595 4.294927 32.387708 6
2.864905 6.012073 11.750708 6
6.868405 9.448427 29.523292 6
5.142095 0.858573 8.886292 6
1.947302 4.582492 31.983223 1
2.056198 5.724508 11.346223 1
6.059698 9.735992 29.927777 1
5.950802 0.571008 9.290777 1
0.831127 2.923065 32.499148 6
3.172373 7.383935 11.862148 6
7.175873 8.076565 29.411852 6
4.834627 2.230435 8.774852 6
1.419641 2.277847 32.123554 1
2.583859 8.029153 11.486554 1
6.587359 7.431347 29.787446 1
5.423141 2.875653 9.150446 1
6.648212 1.723330 38.244488 6
5.362288 8.583670 17.607488 6
1.358788 6.876830 23.666512 6
2.644712 3.430170 3.029512 6
6.508890 0.756534 38.331164 1
5.501610 9.550466 17.694164 1
1.498110 5.910034 23.579836 1
2.505390 4.396966 2.942836 1
5.793865 2.161378 38.050501 1
6.216635 8.145622 17.413501 1
2.213135 7.314878 23.860499 1
1.790365 2.992122 3.223499 1
7.011730 2.075830 39.082351 1
4.998770 8.231170 18.445351 1
0.995270 7.229330 22.828649 1
3.008230 3.077670 2.191649 1
7.854867 3.566222 0.458141 6
4.155633 6.740778 21.095141 6
0.152133 8.719722 20.178859 6
3.851367 1.587278 40.815859 6
1.040910 2.494294 41.220344 6
2.962590 7.812706 20.583344 6
6.966090 7.647794 20.690656 6
5.044410 2.659206 0.053656 6
2.121855 3.298240 40.353590 6
1.881645 7.008760 19.716590 6
5.885145 8.451740 21.557410 6
6.125355 1.855260 0.920410 6
3.098709 2.514908 40.002761 6
0.904791 7.792092 19.365761 6
4.908291 7.668408 21.908239 6
7.102209 2.638592 1.271239 6
