2.069277 2.227595 0.362515 8
13.610783 8.354095 4.801523 8
12.172844 10.025405 9.965561 8
0.631337 3.898905 5.526554 8
4.845957 6.203694 7.279228 8
7.958223 0.077194 8.212886 8
9.396163 6.049306 3.048848 8
6.283897 12.175806 2.115190 8
15.427067 11.433274 3.072603 8
0.252993 5.306774 2.091435 8
-1.184947 0.819726 7.255473 8
13.989128 6.946226 8.236641 8
9.054026 9.002279 5.009117 8
6.626035 2.875779 0.154921 8
5.188095 3.250721 5.318959 8
7.616086 9.377221 10.173155 8
2.791434 9.277972 1.003889 8
12.888626 3.151472 4.160149 8
11.450687 2.975028 9.324187 8
1.353494 9.101528 6.167927 8
4.678030 10.661335 5.810576 8
8.126150 4.534835 9.681539 8
9.564090 1.591665 4.517501 8
6.115970 7.718165 0.646538 8
3.374621 11.161258 4.079590 7
12.305440 5.034758 1.084448 7
10.867500 1.091742 6.248486 7
1.936681 7.218242 9.243628 7
4.224461 8.954492 2.693562 7
11.455599 2.827992 2.470476 7
10.017659 3.298508 7.634514 7
2.786521 9.425008 7.857600 7
4.026416 8.062474 2.199880 1
11.653645 1.935974 2.964158 1
10.215705 4.190526 8.128196 1
2.588476 10.317026 7.363918 1
1.061927 1.551230 1.012151 6
14.618133 7.677730 4.151887 6
13.180193 10.701770 9.315925 6
-0.376013 4.575270 6.176190 6
8.085403 8.264648 5.665983 6
4.718777 2.138148 9.826132 6
6.156717 3.988352 4.662094 6
9.523343 10.114852 0.501945 6
6.796421 8.385953 5.149579 6
8.883639 2.259453 0.014459 6
7.445699 3.867047 5.178497 6
5.358481 9.993547 10.313617 6
5.750700 7.681406 5.708328 6
7.053481 1.554906 9.783787 6
8.491421 4.571594 4.619748 6
7.188640 10.698094 0.544290 6
8.283555 7.462077 6.755595 6
4.520625 1.335577 8.736520 6
5.958565 4.790923 3.572482 6
9.721495 10.917423 1.591557 6
9.157475 7.384883 7.121208 1
3.646705 1.258383 8.370906 1
5.084645 4.868117 3.206868 1
10.595415 10.994617 1.957170 1
4.471085 7.911762 4.955411 6
11.208975 1.785262 0.208627 6
9.771035 4.341238 5.372665 6
3.033145 10.467738 10.119449 6
3.728216 8.117612 5.576128 1
9.075965 1.991112 9.915986 1
10.513905 4.135388 4.751948 1
5.166155 10.261888 0.412090 1
4.228916 7.117768 4.417318 1
11.451144 0.991268 0.746720 1
10.013204 5.135232 5.910758 1
2.790977 11.261732 9.581356 1
7.234917 6.755079 7.343262 6
5.569263 0.628579 8.148852 6
7.007203 5.497921 2.984814 6
8.672857 11.624421 2.179224 6
7.393850 6.213496 8.106507 1
5.410330 0.086996 7.385607 1
6.848270 6.039504 2.221569 1
8.831790 12.166004 2.942469 1
1.454295 0.430080 1.748543 6
14.225765 6.556580 3.415495 6
12.787825 11.822920 8.579533 6
0.016355 5.696420 6.912581 6
5.967093 6.848202 6.806202 6
6.837088 0.721702 8.685912 6
8.275028 5.404798 3.521874 6
7.405033 11.531298 1.642164 6
16.285066 0.014704 2.382687 6
-0.605006 6.141204 2.781351 6
-2.042946 12.238296 7.945389 6
14.847126 6.111796 7.546725 6
16.848571 1.864907 0.949150 6
-1.168511 7.991407 4.214888 6
-2.606451 10.388093 9.378926 6
15.410631 4.261593 6.113188 6
16.564429 2.606213 0.426550 1
-0.884369 8.732713 4.737489 1
-2.322309 9.646787 9.901527 1
15.126489 3.520287 5.590588 1
3.225992 9.641886 2.142043 6
12.454068 3.515386 3.021995 6
11.016128 2.611114 8.186033 6
1.788052 8.737614 7.306081 6
2.695289 10.859834 2.806138 6
12.984771 4.733334 2.357900 6
11.546831 1.393166 7.521938 6
1.257349 7.519666 7.970176 6
4.281337 10.379516 4.708570 6
11.398723 4.253016 0.455468 6
9.960783 1.873484 5.619506 6
2.843397 7.999984 9.872608 6
6.338295 9.198327 3.960817 6
9.341765 3.071827 1.203221 6
7.903826 3.054673 6.367259 6
4.900355 9.181173 9.124855 6
6.667978 8.805006 3.114948 1
9.012082 2.678506 2.049090 1
7.574142 3.447994 7.213128 1
5.230038 9.574494 8.278986 1
6.657114 10.133231 4.026917 1
9.022946 4.006731 1.137121 1
7.585007 2.119769 6.301159 1
5.219174 8.246269 9.190955 1
1.156708 10.707897 3.044717 6
14.523352 4.581397 2.119321 6
13.085412 1.545103 7.283359 6
-0.281231 7.671603 8.208755 6
0.817870 9.884495 2.614036 1
14.862190 3.757995 2.550002 1
13.424250 2.368505 7.714040 1
-0.620070 8.495005 7.778074 1
0.957135 10.665011 4.013490 1
14.722925 4.538511 1.150548 1
13.284986 1.587989 6.314586 1
-0.480805 7.714489 9.177528 1
4.781816 9.134612 4.036212 6
10.898244 3.008112 1.127826 6
9.460304 3.118389 6.291864 6
3.343876 9.244889 9.200250 6
15.907256 1.108896 1.643197 6
-0.227195 7.235397 3.520841 6
-1.665135 11.144103 8.684879 6
14.469316 5.017603 6.807235 6
14.990101 1.353957 1.604983 1
0.689959 7.480457 3.559055 1
-0.747980 10.899043 8.723093 1
13.552161 4.772544 6.769021 1
0.525277 11.925845 2.429164 6
15.154783 5.799345 2.734875 6
13.716844 0.327155 7.898913 6
-0.912663 6.453655 7.593202 6
2.832732 12.080233 1.808446 6
12.847328 5.953733 3.355592 6
11.409389 0.172767 8.519630 6
1.394792 6.299267 6.972484 6
3.490171 0.485219 2.146174 1
12.189890 6.611719 3.017864 1
10.751950 11.767781 8.181902 1
2.052231 5.641281 7.310212 1
3.121442 11.771457 0.913002 1
12.558618 5.644957 4.251036 1
11.120678 0.481543 9.415074 1
1.683502 6.608043 6.077040 1
-1.220922 3.200484 9.714588 6
14.025102 9.326984 5.777526 6
15.463042 9.052516 0.613488 6
0.217018 2.926016 4.550550 6
-0.430616 3.621987 9.316957 1
13.234796 9.748487 6.175157 1
14.672736 8.631013 1.011119 1
1.007324 2.504513 4.152919 1
-1.769946 3.885426 10.149400 1
14.574127 10.011926 5.342714 1
16.012067 8.367574 0.178676 1
-0.332007 2.241074 4.985362 1
-1.743181 2.758150 9.014345 1
14.547362 8.884650 6.477769 1
15.985302 9.494850 1.313731 1
-0.305242 3.368350 3.850307 1
14.045304 11.648927 2.840221 6
1.634756 5.522427 2.323817 6
0.196817 0.604073 7.487855 6
12.607364 6.730573 8.004259 6
13.521175 11.011771 3.370051 1
2.158885 4.885271 1.793987 1
0.720945 1.241229 6.958025 1
12.083235 7.367729 8.534089 1
13.849986 11.520271 1.887972 1
1.830075 5.393771 3.276066 1
0.392135 0.732729 8.440104 1
12.412046 6.859229 7.052010 1
13.808211 0.310001 3.101521 1
1.871849 6.436501 2.062517 1
0.433909 11.942999 7.226555 1
12.370271 5.816499 8.265559 1
2.949570 0.077194 4.831474 6
12.730490 6.203694 0.332564 6
11.292551 12.175806 5.496602 6
1.511630 6.049306 9.995512 6
2.296829 0.584468 4.304742 1
13.383231 6.710968 0.859296 1
11.945291 11.668532 6.023334 1
0.858889 5.542032 9.468780 1
3.726301 0.643282 5.023576 1
11.953759 6.769782 0.140462 1
10.515819 11.609718 5.304500 1
2.288361 5.483218 10.187614 1
2.536871 12.044699 5.674245 1
10.267310 5.918199 9.817869 1
11.705250 0.208301 4.653831 1
3.974811 6.334801 0.510207 1
3.410409 0.095573 5.696967 1
9.393771 6.222073 9.795147 1
10.831711 12.157427 4.631109 1
4.848349 6.030927 0.532929 1
1.980937 0.036759 4.978133 1
13.699124 6.163259 0.185905 1
12.261184 12.216241 5.349943 1
0.542997 6.089741 10.142171 1
3.170367 0.888342 4.327464 1
12.509693 7.014843 0.836574 1
11.071753 11.364657 6.000612 1
1.732427 5.238157 9.491502 1
5.040206 5.246735 8.327528 6
7.763974 11.373235 7.164586 6
9.201914 7.006265 2.000548 6
6.478146 0.879765 3.163490 6
4.176047 4.857089 8.578500 1
8.628133 10.983589 6.913614 1
10.066073 7.395911 1.749576 1
5.613987 1.269411 3.414462 1
5.436189 5.690293 9.106265 1
7.367991 11.816793 6.385849 1
8.805931 6.562707 1.221811 1
6.874129 0.436207 3.942227 1
5.640310 4.537286 8.016653 1
7.163870 10.663786 7.475462 1
8.601810 7.715714 2.311423 1
7.078250 1.589214 2.852615 1
10.402964 8.632238 5.248728 6
2.401217 2.505739 10.243386 6
3.839157 3.620761 5.079348 6
11.840904 9.747262 0.084690 6
10.997235 9.220382 4.737489 1
4.682825 3.093882 0.426550 1
3.244885 3.032618 5.590588 1
9.559295 9.159118 9.901527 1
10.540813 7.703461 4.968837 1
5.139247 1.576961 0.195201 1
3.701307 4.549539 5.359239 1
9.102873 10.676039 10.132875 1
10.600843 8.719235 6.204075 1
2.203338 2.592735 9.288039 1
3.641278 3.533765 4.124001 1
12.038783 9.660265 1.040037 1
