1.755175 11.717678 18.312550 8
6.174347 1.400278 11.150322 8
8.198340 8.917122 1.329365 8
3.779167 19.234522 8.491592 8
-0.323999 13.749174 18.672390 8
8.253521 3.431774 10.790482 8
10.277514 6.885626 0.969525 8
1.699993 17.203026 8.851432 8
-1.369464 15.447211 16.570901 8
9.298986 5.129811 12.891971 8
11.322978 5.187589 3.071013 8
0.654529 15.504989 6.749944 8
0.136458 16.101128 14.141786 8
7.793064 5.783728 15.321086 8
9.817056 4.533672 5.500129 8
2.160451 14.851072 4.320828 8
2.713209 16.546221 12.970931 8
5.216313 6.228821 16.491941 8
7.240306 4.088579 6.670983 8
4.737202 14.405979 3.149974 8
7.139174 17.729420 13.792552 8
0.790348 7.412020 15.670319 8
2.814341 2.905380 5.849362 8
9.163167 13.222780 3.971595 8
8.516339 18.257671 16.098513 8
-0.586817 7.940271 13.364359 8
1.437176 2.377129 3.543401 8
10.540332 12.694529 6.277556 8
8.892707 17.133074 18.606786 8
-0.963185 6.815674 10.856086 8
1.060808 3.501726 1.035129 8
10.916700 13.819126 8.785828 8
12.209413 14.615629 0.121780 8
-0.231906 4.298229 9.699177 8
-2.255899 6.019171 19.520135 8
10.185421 16.336571 9.942737 8
6.270291 12.469610 19.571204 8
1.659231 2.152210 9.891668 8
3.683223 8.165190 0.070711 8
8.294284 18.482590 9.750246 8
4.238647 9.723118 14.625370 8
3.690875 20.040518 14.837502 8
5.714868 10.911682 5.016545 8
6.262640 0.594282 4.804412 8
4.585579 6.167742 10.455391 8
3.343942 16.485142 19.007481 8
5.367935 14.467058 9.186523 8
6.609572 4.149658 0.634434 8
4.041655 12.071358 18.991767 6
3.887867 1.753958 10.471105 6
5.911859 8.563442 0.650147 6
6.065648 18.880842 9.170810 6
7.823586 12.583101 0.104102 1
4.153921 2.265701 9.716855 1
2.129929 8.051699 19.537812 1
5.799593 18.369099 9.925059 1
5.400248 11.879454 18.724637 6
2.529274 1.562054 10.738235 6
4.553267 8.755346 0.917277 6
7.424240 19.072746 8.903680 6
5.788204 11.126284 17.603084 6
2.141318 0.808884 11.859788 6
4.165310 9.508516 2.038831 6
7.812197 19.825916 7.782127 6
6.709159 10.988031 17.414521 1
1.220363 0.670631 12.048350 1
3.244355 9.646769 2.227393 1
8.733152 19.964169 7.593564 1
4.815107 10.585652 16.774195 6
3.114415 0.268252 12.688677 6
5.138408 10.049148 2.867720 6
6.839099 20.366548 6.953238 6
3.474683 10.767239 17.055074 6
4.454839 0.449839 12.407797 6
6.478832 9.867561 2.586840 6
5.498676 20.184961 7.234117 6
2.811567 10.379304 16.495280 1
5.117955 0.061904 12.967592 1
7.141947 10.255496 3.146635 1
4.835560 20.572896 6.674323 1
3.097337 11.526599 18.172699 6
4.832185 1.209199 11.290172 6
6.856178 9.108201 1.469215 6
5.121330 19.425601 8.351742 6
1.288624 12.279769 19.543705 6
6.640898 1.962369 9.919167 6
8.664891 8.355031 0.098210 6
3.312617 18.672431 9.722748 6
5.820781 13.119606 0.100174 1
6.156726 2.802206 9.720784 1
4.132734 7.515194 19.541741 1
3.796788 17.832594 9.921131 1
5.493619 11.646281 0.648183 1
6.483888 1.328881 9.172774 1
4.459895 8.988519 18.993731 1
3.469627 19.305919 10.469140 1
-0.174976 12.548022 19.396391 6
8.104498 2.230622 10.066481 6
10.128491 8.086778 0.245524 6
1.849017 18.404178 9.575433 6
-0.611248 11.803106 18.911235 1
8.540770 1.485706 10.551636 1
10.564763 8.831694 0.730679 1
1.412744 19.149094 9.090278 1
3.450210 12.632625 0.644255 1
8.527297 2.315225 9.176702 1
6.503305 8.002175 18.997660 1
1.426217 18.319575 10.465212 1
-1.668339 14.194679 18.571430 6
9.597861 3.877279 10.891442 6
11.621853 6.440121 1.070484 6
0.355654 16.757521 8.750473 6
-2.084357 14.227695 19.469066 1
10.013879 3.910295 9.993806 1
12.037871 6.407105 0.172849 1
-0.060364 16.724505 9.648108 1
-2.192030 13.571508 18.007707 1
10.121552 3.254108 11.455165 1
12.145545 7.063292 1.634207 1
-0.168038 17.380692 8.186750 1
-1.660464 15.548322 17.962531 6
9.589986 5.230922 11.500341 6
11.613979 5.086478 1.679384 6
0.363529 15.403878 8.141574 6
-2.544663 15.977526 18.088239 1
10.474185 5.660126 11.374633 1
12.498178 4.657274 1.553675 1
-0.520670 14.974674 8.267282 1
-0.977665 16.111652 18.406438 1
8.907187 5.794252 11.056434 1
10.931180 4.523148 1.235476 1
1.046327 14.840548 8.585481 1
-1.320344 16.707998 15.945306 6
9.249866 6.390598 13.517566 6
11.273859 3.926802 3.696608 6
0.703649 14.244202 6.124349 6
-0.559342 17.227995 16.308682 1
8.488864 6.910595 13.154190 1
10.512857 3.406805 3.333233 1
1.464651 13.724205 6.487724 1
-2.151909 17.207360 16.141725 1
10.081430 6.889960 13.321146 1
12.105423 3.427440 3.500189 1
-0.127916 13.744840 6.320768 1
-1.164351 16.563554 14.468234 6
9.093873 6.246154 14.994638 6
11.117866 4.071246 5.173680 6
0.859641 14.388646 4.647277 6
-1.837396 15.921812 14.126465 1
9.766918 5.604412 15.336407 1
11.790911 4.712988 5.515450 1
0.186597 15.030388 4.305508 1
-1.323713 17.436406 14.032184 1
9.253235 7.119006 15.430688 1
11.277227 3.198394 5.609731 1
0.700280 13.515794 4.211226 1
0.363797 16.249905 12.739746 6
7.565725 5.932505 16.723126 6
9.589718 4.384895 6.902169 6
2.387790 14.702295 2.918789 6
0.299584 17.207360 12.494222 1
7.629938 6.889960 16.968650 1
9.653930 3.427440 7.147693 1
2.323577 13.744840 2.673265 1
-0.335265 15.758797 12.238877 1
8.264787 5.441397 17.223995 1
10.288780 4.876003 7.403038 1
1.688727 15.193403 2.417920 1
1.728475 15.719591 12.354764 6
6.201047 5.402191 17.108108 6
8.225039 4.915209 7.287150 6
3.752468 15.232609 2.533807 6
1.828739 14.784834 12.663142 1
6.100783 4.467434 16.799730 1
8.124775 5.849966 6.978772 1
3.852732 16.167366 2.842185 1
1.834669 15.738162 11.370704 1
6.094853 5.420762 18.092167 1
8.118846 4.896638 8.271210 1
3.858662 15.214038 1.549747 1
4.023684 16.313873 12.617966 6
3.905838 5.996473 16.844906 6
5.929831 4.320927 7.023949 6
6.047677 14.638327 2.797009 6
4.433086 15.441021 11.643727 6
3.496436 5.123621 17.819145 6
5.520428 5.193779 7.998188 6
6.457079 15.511179 1.822770 6
3.808723 14.890072 11.188035 1
4.120799 4.572672 18.274837 1
6.144792 5.744728 8.453880 1
5.832715 16.062128 1.367077 1
5.793364 15.385307 11.341241 6
2.136158 5.067907 18.121630 6
4.160150 5.249493 8.300673 6
7.817357 15.566893 1.520284 6
6.716170 16.121969 12.040494 6
1.213352 5.804569 17.422378 6
3.237344 4.512831 7.601421 6
8.740163 14.830231 2.219536 6
7.637411 16.072446 11.816576 1
0.292111 5.755046 17.646296 1
2.316104 4.562354 7.825339 1
9.661404 14.879754 1.995619 1
6.295062 16.918473 13.057945 6
1.634460 6.601073 16.404927 6
3.658453 3.716327 6.583970 6
8.319055 14.033727 3.236988 6
4.943875 17.046408 13.323111 6
2.985647 6.729008 16.139761 6
5.009639 3.588392 6.318804 6
6.967868 13.905792 3.502153 6
4.651603 17.644817 14.000757 1
3.277918 7.327417 15.462115 1
5.301911 2.989983 5.641158 1
6.675596 13.307383 4.179799 1
8.350237 17.702595 13.820051 6
-0.420715 7.385195 15.642821 6
1.603277 2.932205 5.821863 6
10.374230 13.249605 3.999094 6
8.712459 17.886245 12.918487 1
-0.782937 7.568845 16.544385 1
1.241056 2.748555 6.723427 1
10.736451 13.065955 3.097530 1
8.661181 16.804981 14.104859 1
-0.731659 6.487581 15.358013 1
1.292334 3.829819 5.537056 1
10.685174 14.147219 4.283902 1
8.844708 18.757033 14.804111 6
-0.915186 8.439633 14.658761 6
1.108807 1.877767 4.837804 6
10.868701 12.195167 4.983154 6
9.823427 18.884969 14.715722 1
-1.893905 8.567569 14.747149 1
0.130088 1.749831 4.926192 1
11.847419 12.067231 4.894765 1
8.395254 19.623695 14.641083 1
-0.465732 9.306295 14.821789 1
1.558260 1.011105 5.000831 1
10.419247 11.328505 4.820126 1
9.244701 18.893223 17.055074 6
-1.315179 8.575823 12.407797 6
0.708813 1.741577 2.586840 6
11.268694 12.058977 7.234117 6
9.178570 19.873376 16.941151 1
-1.249048 9.555976 12.521721 1
0.774945 0.761424 2.700763 1
11.202563 11.078824 7.120194 1
10.197560 18.633224 16.990256 1
-2.268038 8.315824 12.472616 1
-0.244046 2.001576 2.651658 1
12.221553 12.318976 7.169299 1
8.686203 18.486717 18.392689 6
-0.756681 8.169317 11.070183 6
1.267311 2.148083 1.249226 6
10.710196 12.465483 8.571732 6
9.129720 19.008778 19.107654 1
-1.200198 8.691378 10.355217 1
0.823795 1.626022 0.534260 1
11.153712 11.943422 9.286697 1
7.717233 18.684811 18.420187 1
0.212289 8.367411 11.042684 1
2.236282 1.949989 1.221727 1
9.741225 12.267389 8.599230 1
12.643060 16.941171 0.286772 6
-0.665553 6.623771 9.534185 6
-2.689546 3.693629 19.355143 6
10.619068 14.011029 10.107729 6
11.676624 17.104186 0.424265 1
0.300884 6.786786 9.396692 1
-1.723109 3.530614 19.217649 1
9.652631 13.848014 10.245223 1
13.140806 17.605611 0.826925 1
-1.163299 7.288211 8.994033 1
-3.187291 3.029189 18.814990 1
11.116813 13.346589 10.647882 1
12.973512 15.579274 0.775856 6
-0.996004 5.261874 9.045102 6
-3.019997 5.055526 18.866059 6
10.949519 15.372926 10.596813 6
-0.066310 15.399751 0.620684 1
12.043817 5.082351 9.200273 1
10.019824 5.235049 19.021230 1
-2.090302 15.552449 10.441642 1
12.804935 15.529750 1.750095 1
-0.827428 5.212350 8.070863 1
-2.851420 5.105050 17.891820 1
10.780942 15.422450 11.571052 1
12.438225 13.268176 0.540153 6
-0.460718 2.950776 9.280805 6
-2.484710 7.366624 19.101762 6
10.414232 17.684024 10.361110 6
12.116946 13.150558 1.467251 1
-0.139439 2.833158 8.353706 1
-2.163431 7.484242 18.174664 1
10.092953 17.801642 11.288208 1
13.410367 13.076273 0.524439 1
-1.432860 2.758873 9.296518 1
-3.456852 7.558527 19.117475 1
11.386374 17.875927 10.345396 1
7.674564 12.302468 19.272647 6
0.254957 1.985068 10.190225 6
2.278950 8.332332 0.369268 6
9.698557 18.649732 9.451689 6
7.858881 12.512943 18.323942 1
0.070641 2.195543 11.138930 1
2.094634 8.121857 1.317972 1
9.882874 18.439257 8.502985 1
7.961753 11.371838 19.455316 1
-0.032231 1.054438 10.007555 1
1.991762 9.262962 0.186598 1
9.985746 19.580362 9.634359 1
5.267789 9.739626 15.603537 6
2.661733 20.057026 13.859335 6
4.685725 10.895174 4.038378 6
7.291782 0.577774 5.782580 6
6.096615 10.115179 15.216591 1
1.832907 20.432579 14.246281 1
3.856900 10.519621 4.425323 1
8.120608 0.202221 5.395634 1
5.458473 8.815187 15.907987 1
2.471049 19.132587 13.554885 1
4.495042 11.819613 3.733928 1
7.482465 1.502213 6.087029 1
4.386202 8.860583 13.576491 6
3.543320 19.177983 15.886380 6
5.567312 11.774217 6.065423 6
6.410195 1.456817 3.755534 6
5.519642 8.095032 13.362394 6
2.409880 18.412432 16.100477 6
4.433873 12.539768 6.279520 6
7.543635 2.222368 3.541437 6
6.267915 8.167254 13.943795 1
1.661607 18.484654 15.519077 1
3.685600 12.467546 5.698119 1
8.291907 2.150146 4.122838 1
5.545451 7.224243 12.286018 6
2.384071 17.541643 17.176854 6
4.408064 13.410557 7.355897 6
7.569443 3.093157 2.465060 6
6.319509 6.695993 12.130846 1
1.610013 17.013393 17.332025 1
3.634006 13.938807 7.511068 1
8.343502 3.621407 2.309889 1
4.468775 7.110752 11.443379 6
3.460747 17.428152 18.019492 6
5.484740 13.524048 8.198535 6
6.492768 3.206648 1.622422 6
3.342117 7.857732 11.665333 6
4.587405 18.175132 17.797539 6
6.611398 12.777068 7.976581 6
5.366110 2.459668 1.844376 6
2.595245 7.779320 11.083932 1
5.334277 18.096720 18.378939 1
7.358270 12.855480 8.557982 1
4.619237 2.538080 1.262975 1
3.297144 8.714076 12.725996 6
4.632377 19.031476 16.736875 6
6.656370 11.920724 6.915918 6
5.321137 1.603324 2.905039 6
2.508275 9.217565 12.885096 1
5.421247 19.534965 16.577776 1
7.445240 11.417235 6.756819 1
4.532267 1.099835 3.064139 1
3.687070 6.169805 9.386871 6
8.290437 16.487205 0.434086 6
6.266445 14.464995 10.255044 6
1.663077 4.147595 19.207828 6
3.599726 7.088054 9.029388 1
8.377781 17.405454 0.791569 1
6.353789 13.546746 10.612526 1
1.575733 3.229346 18.850345 1
2.795404 5.876791 9.705070 1
9.182103 16.194191 0.115887 1
7.158110 14.758009 9.936845 1
0.771412 4.440609 19.526027 1
1.216063 13.098352 15.228376 7
6.713459 2.780952 14.234495 7
8.737451 7.536448 4.413538 7
3.240056 17.853848 5.407419 7
7.958650 14.704358 15.862810 7
-0.029128 4.386958 13.600062 7
1.994865 5.930442 3.779104 7
9.982643 16.247842 6.041853 7
1.604594 13.949125 16.182973 6
6.324928 3.631725 13.279898 6
8.348921 6.685675 3.458941 6
3.628587 17.003075 6.362016 6
0.967056 14.304043 16.789909 1
6.962466 3.986643 12.672963 1
8.986458 6.330757 2.852006 1
2.991049 16.648157 6.968951 1
2.908491 14.304043 16.283147 6
5.021031 3.986643 13.179725 6
7.045023 6.330757 3.358767 6
4.932484 16.648157 6.462190 6
3.182437 14.890072 16.978471 1
4.747085 4.572672 12.484401 1
6.771077 5.744728 2.663444 1
5.206430 16.062128 7.157514 1
3.853175 13.819126 15.381583 6
4.076347 3.501726 14.081289 6
6.100340 6.815674 4.260331 6
5.877168 17.133074 5.560626 6
3.408891 12.946274 14.405380 6
4.520631 2.628874 15.057492 6
6.544624 7.688526 5.236534 6
5.432883 18.005926 4.584423 6
4.021697 12.593418 13.768982 1
3.907825 2.276018 15.693890 1
5.931818 8.041382 5.872932 1
6.045690 18.358782 3.948025 1
2.095278 12.595482 14.352347 6
5.834244 2.278082 15.110525 6
7.858236 8.039318 5.289568 6
4.119271 18.356718 4.531390 6
1.798459 11.986755 13.686486 1
6.131063 1.669355 15.776386 1
8.155056 8.648045 5.955428 1
3.822451 18.965445 3.865529 1
-0.220576 12.678021 15.181236 6
8.150098 2.360621 14.281636 6
10.174091 7.956779 4.460679 6
1.803416 18.274179 5.360278 6
-0.353784 12.054850 14.434843 1
8.283306 1.737450 15.028029 1
10.307298 8.579950 5.207072 1
1.670209 18.897350 4.613886 1
-0.787928 13.466270 15.053563 1
8.717450 3.148870 14.409309 1
10.741443 7.168530 4.588351 1
1.236065 17.485930 5.232606 1
-0.458237 12.234373 16.021910 1
8.387759 1.916973 13.440962 1
10.411752 8.400427 3.620005 1
1.565756 18.717827 6.200952 1
7.070405 15.298641 16.585633 6
0.859117 4.981241 12.877239 6
2.883110 5.336159 3.056282 6
9.094397 15.653559 6.764675 6
7.348751 15.969272 17.198460 1
0.580771 5.651872 12.264411 1
2.604764 4.665528 2.443454 1
9.372744 14.982928 7.377503 1
5.724284 14.989119 16.493316 6
2.205238 4.671719 12.969556 6
4.229231 5.645681 3.148599 6
7.748277 15.963081 6.672358 6
5.104729 15.366736 17.108108 1
2.824793 5.049336 12.354764 1
4.848785 5.268064 2.533807 1
7.128722 15.585464 7.287150 1
5.298945 14.157536 15.540683 6
2.630577 3.840136 13.922189 6
4.654570 6.477264 4.101232 6
7.322937 16.794664 5.719726 6
6.258950 13.621031 14.755006 6
1.670572 3.303631 14.707866 6
3.694565 7.013769 4.886908 6
8.282942 17.331169 4.934049 6
6.010611 13.024686 14.057718 1
1.918911 2.707286 15.405154 1
3.942903 7.610114 5.584196 1
8.034604 17.927514 4.236761 1
7.577239 13.918173 14.941604 6
0.352283 3.600773 14.521267 6
2.376275 6.716627 4.700310 6
9.601232 17.034027 5.120647 6
8.226097 13.528175 14.368060 1
-0.296575 3.210775 15.094811 1
1.727417 7.106625 5.273854 1
10.250090 17.424025 4.547103 1
9.405620 14.945786 16.104406 6
-1.476098 4.628386 13.358466 6
0.547895 5.689014 3.537509 6
11.429613 16.006414 6.283448 6
9.936189 14.407217 15.479793 1
-2.006667 4.089817 13.983079 1
0.017326 6.227583 4.162122 1
11.960182 16.544983 5.658836 1
9.628814 14.694041 17.025612 1
-1.699292 4.376641 12.437260 1
0.324701 5.940759 2.616303 1
11.652806 16.258159 7.204654 1
9.604774 15.894986 15.966912 1
-1.675252 5.577586 13.495959 1
0.348740 4.739814 3.675002 1
11.628767 15.057214 6.145955 1
0.902137 11.880899 10.590920 15
7.027385 1.563499 18.871951 15
9.051378 8.753901 9.050994 15
2.926129 19.071301 0.769963 15
1.358901 12.436594 9.188488 9
10.618606 2.119194 0.632470 9
8.594614 8.198206 10.453427 9
-0.665092 18.515606 19.009445 9
0.261056 13.243415 10.975902 9
7.668466 2.926015 18.486970 9
9.692459 7.391385 8.666013 9
2.285049 17.708785 1.154945 9
0.509186 11.245966 12.007102 9
7.420336 0.928566 17.455769 9
9.444328 9.388834 7.634812 9
2.533179 19.706234 2.186145 9
1.562817 10.493621 10.223617 9
6.366705 0.176221 19.239255 9
8.390698 10.141179 9.418298 9
3.586809 20.458579 0.402659 9
-0.453457 11.378029 9.999699 9
8.382979 1.060629 19.463173 9
10.406972 9.256771 9.642216 9
1.570536 19.574171 0.178741 9
2.267648 12.349928 11.233211 9
5.661874 2.032528 18.229661 9
7.685867 8.284872 8.408704 9
4.291641 18.602272 1.412254 9
-0.168299 10.026862 3.172758 15
12.145806 20.344262 6.648199 15
10.121814 10.607938 16.469156 15
-2.192292 0.290538 12.993716 15
0.748054 10.837397 2.158646 9
11.229453 0.519997 7.662311 9
9.205460 9.797403 17.483268 9
-1.275938 20.114803 11.979604 9
-0.162262 8.862647 2.166503 9
12.139770 19.180047 7.654454 9
10.115777 11.772153 17.475411 9
-2.186255 1.454753 11.987460 9
12.947034 9.198994 4.111053 9
-0.969527 19.516394 5.709905 9
-2.993520 11.435806 15.530862 9
10.923042 1.118406 13.932010 9
-0.133500 11.107713 4.248546 9
12.111007 0.790313 5.572411 9
10.087014 9.527087 15.393368 9
-2.157492 19.844487 14.069503 9
1.148584 9.415659 3.775176 9
10.828924 19.733059 6.045781 9
8.804931 11.219141 15.866739 9
-0.875409 0.901741 13.596133 9
12.515250 10.579462 2.598625 9
-0.537742 0.262062 7.222332 9
-2.561735 10.055338 17.043289 9
10.491257 20.372738 12.419583 9
