-0.348141 7.020930 41.678303 44
6.253766 17.249774 41.678303 44
-5.905626 17.852771 41.678303 44
11.811859 14.041510 4.478303 44
6.253766 3.208615 4.478303 44
18.414374 3.811613 4.478303 44
11.811859 0.000351 23.078303 44
18.413766 10.229195 23.078303 44
6.254374 10.832192 23.078303 44
5.697203 9.867845 50.978434 44
0.765594 21.061738 50.978434 44
-6.462797 11.193892 50.978434 44
-6.462797 16.888425 13.778434 44
0.765594 7.020579 13.778434 44
5.697203 18.214472 13.778434 44
17.857203 2.847266 32.378434 44
12.925594 14.041159 32.378434 44
5.697203 4.173313 32.378434 44
-0.688621 7.781259 43.920738 17
5.765542 16.574745 43.920738 17
-5.076922 17.767471 43.920738 17
11.471379 14.801838 6.720738 17
5.765542 2.533587 6.720738 17
19.243078 3.726313 6.720738 17
11.471379 0.760680 25.320738 17
17.925542 9.554166 25.320738 17
7.083078 10.746892 25.320738 17
4.873120 9.921974 53.225946 17
1.130758 20.320997 53.225946 17
-6.003878 11.880505 53.225946 17
-7.286880 16.942553 16.025946 17
1.130758 6.279838 16.025946 17
6.156122 18.901084 16.025946 17
17.033120 2.901395 34.625946 17
13.290758 13.300417 34.625946 17
6.156122 4.859926 34.625946 17
-0.689107 6.256389 39.435534 17
7.086362 17.336759 39.435534 17
-6.397254 18.530328 39.435534 17
11.470893 13.276968 2.235534 17
7.086362 3.295600 2.235534 17
17.922746 4.489169 2.235534 17
-0.689107 20.297548 20.835534 17
-5.073638 10.316180 20.835534 17
5.762746 11.509748 20.835534 17
6.154054 9.179758 48.729582 17
13.293069 0.739688 48.729582 17
17.032877 11.142291 48.729582 17
-6.005946 16.200338 11.529582 17
1.133069 7.760268 11.529582 17
4.872877 18.162870 11.529582 17
18.314054 2.159179 30.129582 17
13.293069 14.780847 30.129582 17
4.872877 4.121712 30.129582 17
1.183533 8.575287 41.237316 15
4.141818 17.799064 41.237316 15
-5.325350 15.749125 41.237316 15
13.343533 15.595866 4.037316 15
4.141818 3.757905 4.037316 15
18.994650 1.707967 4.037316 15
13.343533 1.554707 22.637316 15
16.301818 10.778485 22.637316 15
6.834650 8.728546 22.637316 15
1.181344 5.466574 42.120072 15
6.835136 19.351525 42.120072 15
-8.016480 17.305377 42.120072 15
13.341344 12.487153 4.920072 15
6.835136 5.310366 4.920072 15
16.303520 3.264218 4.920072 15
1.181344 19.507733 23.520072 15
-5.324864 12.330945 23.520072 15
4.143520 10.284798 23.520072 15
7.795898 10.449360 51.385104 15
11.372640 1.526765 51.385104 15
17.311462 9.085612 51.385104 15
-4.364102 17.469939 14.185104 15
-0.787360 8.547345 14.185104 15
5.151462 16.106192 14.185104 15
19.955898 3.428781 32.785104 15
11.372640 15.567924 32.785104 15
5.151462 2.065033 32.785104 15
5.146234 11.973809 50.578236 15
-0.782739 19.531603 50.578236 15
-4.363494 10.618065 50.578236 15
-7.013766 18.994388 13.378236 15
-0.782739 5.490444 13.378236 15
7.796506 17.638644 13.378236 15
17.306234 4.953229 31.978236 15
11.377261 12.511023 31.978236 15
7.796506 3.597485 31.978236 15
-1.990592 5.768810 42.135696 7
8.159360 16.453430 42.135696 7
-6.168768 19.901236 42.135696 7
10.169408 12.789389 4.935696 7
8.159360 2.412271 4.935696 7
18.151232 5.860078 4.935696 7
-1.990592 19.809969 23.535696 7
-4.000640 9.432850 23.535696 7
5.991232 12.880657 23.535696 7
-2.083008 5.136958 41.470560 1
8.752768 16.689321 41.470560 1
-6.669760 20.297197 41.470560 1
10.076992 12.157537 4.270560 1
8.752768 2.648163 4.270560 1
17.650240 6.256038 4.270560 1
-2.083008 19.178116 22.870560 1
-3.407232 9.668742 22.870560 1
5.490240 13.276617 22.870560 1
-1.822784 5.326513 42.926940 1
8.458496 16.819904 42.926940 1
-6.635712 19.977058 42.926940 1
10.337216 12.347093 5.726940 1
8.458496 2.778745 5.726940 1
17.684288 5.935900 5.726940 1
-1.822784 19.367672 24.326940 1
-3.701504 9.799325 24.326940 1
5.524288 12.956479 24.326940 1
-1.983296 8.279369 41.231736 7
5.981504 15.204469 41.231736 7
-3.998208 18.639638 41.231736 7
10.176704 15.299948 4.031736 7
5.981504 1.163310 4.031736 7
20.321792 4.598479 4.031736 7
10.176704 1.258790 22.631736 7
18.141504 8.183889 22.631736 7
8.161792 11.619059 22.631736 7
-2.062336 8.917540 41.889060 1
5.468352 14.816933 41.889060 1
-3.406016 18.389003 41.889060 1
10.097664 15.938119 4.689060 1
5.468352 0.775774 4.689060 1
20.913984 4.347845 4.689060 1
10.097664 1.896961 23.289060 1
17.628352 7.796353 23.289060 1
8.753984 11.368424 23.289060 1
-1.824000 8.711135 40.438260 1
5.527936 15.126540 40.438260 1
-3.703936 18.285801 40.438260 1
10.336000 15.731714 3.238260 1
5.527936 1.085382 3.238260 1
20.616064 4.244642 3.238260 1
10.336000 1.690555 21.838260 1
17.687936 8.105961 21.838260 1
8.456064 11.265222 21.838260 1
5.979072 7.820223 51.370596 7
14.557952 1.267917 51.370596 7
15.942976 11.973598 51.370596 7
-6.180928 14.840803 14.170596 7
2.397952 8.288496 14.170596 7
3.782976 18.994177 14.170596 7
18.139072 0.799644 32.770596 7
14.557952 15.309075 32.770596 7
3.782976 4.953019 32.770596 7
6.538432 7.474811 50.727780 1
14.577408 1.925043 50.727780 1
15.364160 11.661884 50.727780 1
-5.621568 14.495390 13.527780 1
2.417408 8.945622 13.527780 1
3.204160 18.682464 13.527780 1
18.698432 0.454231 32.127780 1
14.577408 15.966201 32.127780 1
3.204160 4.641305 32.127780 1
6.407104 7.735976 52.178580 1
14.416896 1.680727 52.178580 1
15.656000 11.645035 52.178580 1
-5.752896 14.756556 14.978580 1
2.256896 8.701306 14.978580 1
3.496000 18.665614 14.978580 1
18.567104 0.715397 33.578580 1
14.416896 15.721885 33.578580 1
3.496000 4.624456 33.578580 1
3.778112 9.100777 50.577120 7
2.389440 19.783290 50.577120 7
-6.167552 13.239408 50.577120 7
-8.381888 16.121356 13.377120 7
2.389440 5.742132 13.377120 7
5.992448 20.259988 13.377120 7
15.938112 2.080198 31.977120 7
14.549440 12.762711 31.977120 7
5.992448 6.218829 31.977120 7
3.199296 9.412491 51.218820 1
2.408896 19.126164 51.218820 1
-5.608192 13.584821 51.218820 1
-8.960704 16.433070 14.018820 1
2.408896 5.085006 14.018820 1
6.551808 20.605400 14.018820 1
15.359296 2.391911 32.618820 1
14.568896 12.105585 32.618820 1
6.551808 6.564242 32.618820 1
3.494784 9.431446 49.768020 1
2.244736 19.372586 49.768020 1
-5.739520 13.319443 49.768020 1
-8.665216 16.452025 12.568020 1
2.244736 5.331428 12.568020 1
6.420480 20.340022 12.568020 1
15.654784 2.410867 31.168020 1
14.404736 12.352007 31.168020 1
6.420480 6.298864 31.168020 1
-0.086336 10.743592 40.194414 6
2.898944 15.615172 40.194414 6
-2.812608 15.764711 40.194414 6
12.073664 17.764172 2.994414 6
2.898944 1.574014 2.994414 6
21.507392 1.723552 2.994414 6
12.073664 3.723013 21.594414 6
15.058944 8.594593 21.594414 6
9.347392 8.744131 21.594414 6
0.209152 10.379224 39.366900 1
3.066752 16.053257 39.366900 1
-3.275904 15.690995 39.366900 1
12.369152 17.399804 2.166900 1
3.066752 2.012098 2.166900 1
21.044096 1.649836 2.166900 1
12.369152 3.358645 20.766900 1
15.226752 9.032677 20.766900 1
8.884096 8.670415 20.766900 1
0.340480 10.172819 41.389650 6
3.179840 16.270192 41.389650 6
-3.520320 15.680464 41.389650 6
12.500480 17.193399 4.189650 6
3.179840 2.229034 4.189650 6
20.799680 1.639305 4.189650 6
12.500480 3.152240 22.789650 6
15.339840 9.249613 22.789650 6
8.639680 8.659885 22.789650 6
-0.152000 10.659346 42.578190 6
3.004736 15.600429 42.578190 6
-2.852736 15.863701 42.578190 6
12.008000 17.679925 5.378190 6
3.004736 1.559271 5.378190 6
21.467264 1.822542 5.378190 6
12.008000 3.638766 23.978190 6
15.164736 8.579850 23.978190 6
9.307264 8.843122 23.978190 6
0.103360 10.238111 43.390080 1
3.241856 16.032195 43.390080 1
-3.345216 15.853170 43.390080 1
12.263360 17.258690 6.190080 1
3.241856 1.991036 6.190080 1
20.974784 1.812012 6.190080 1
12.263360 3.217531 24.790080 1
15.401856 9.011616 24.790080 1
8.814784 8.832591 24.790080 1
-1.006848 11.735600 42.620040 6
2.500096 14.321982 42.620040 6
-1.493248 16.065894 42.620040 6
11.153152 18.756180 5.420040 6
2.500096 0.280823 5.420040 6
22.826752 2.024735 5.420040 6
11.153152 4.715021 24.020040 6
14.660096 7.301402 24.020040 6
10.666752 9.045314 24.020040 6
-1.385024 12.281099 41.420340 6
2.216768 13.721722 41.420340 6
-0.831744 16.120654 41.420340 6
10.774976 19.301679 4.220340 6
-9.943232 20.742301 4.220340 6
-0.831744 2.079496 4.220340 6
10.774976 5.260520 22.820340 6
14.376768 6.701143 22.820340 6
11.328256 9.100075 22.820340 6
-1.993024 13.009835 41.425920 1
1.889664 12.830811 41.425920 1
0.103360 16.282830 41.425920 1
10.166976 20.030415 4.225920 1
-10.270336 19.851390 4.225920 1
0.103360 2.241671 4.225920 1
10.166976 5.989256 22.825920 1
14.049664 5.810231 22.825920 1
12.263360 9.262250 22.825920 1
-0.920512 11.817741 40.198320 6
2.385792 14.355680 40.198320 6
-1.465280 15.950054 40.198320 6
11.239488 18.838320 2.998320 6
2.385792 0.314522 2.998320 6
22.854720 1.908896 2.998320 6
11.239488 4.797162 21.598320 6
14.545792 7.335101 21.598320 6
10.694720 8.929475 21.598320 6
0.345344 3.866935 41.972760 6
8.638464 19.427347 41.972760 6
-8.983808 18.829194 41.972760 6
12.505344 10.887514 4.772760 6
8.638464 5.386188 4.772760 6
15.336192 4.788035 4.772760 6
0.345344 17.908094 23.372760 6
-3.521536 12.406768 23.372760 6
3.176192 11.808614 23.372760 6
-0.143488 3.382515 40.767480 6
9.302400 19.246216 40.767480 6
-9.158912 19.494745 40.767480 6
12.016512 10.403094 3.567480 6
9.302400 5.205057 3.567480 6
15.161088 5.453586 3.567480 6
-0.143488 17.423674 22.167480 6
-2.857600 12.225637 22.167480 6
3.001088 12.474165 22.167480 6
0.127680 3.797431 39.958380 1
8.807488 19.273596 39.958380 1
-8.935168 19.052448 39.958380 1
12.287680 10.818011 2.758380 1
8.807488 5.232438 2.758380 1
15.384832 5.011289 2.758380 1
0.127680 17.838590 21.358380 1
-3.352512 12.253017 21.358380 1
3.224832 12.031869 21.358380 1
-1.016576 2.316791 40.717260 6
10.661888 19.022962 40.717260 6
-9.645312 20.783723 40.717260 6
11.143424 9.337370 3.517260 6
10.661888 4.981803 3.517260 6
14.674688 6.742564 3.517260 6
-1.016576 16.357950 22.117260 6
-1.498112 12.002382 22.117260 6
2.514688 13.763144 22.117260 6
22.942272 1.746018 41.939280 6
11.336768 18.995581 41.939280 6
2.200960 0.320138 41.939280 6
10.782272 8.766597 4.739280 6
11.336768 4.954423 4.739280 6
14.360960 7.340718 4.739280 6
-1.377728 15.787177 23.339280 6
-0.823232 11.975002 23.339280 6
2.200960 14.361297 23.339280 6
22.358592 0.996220 41.928120 1
12.277952 18.864999 41.928120 1
1.843456 1.200519 41.928120 1
10.198592 8.016799 4.728120 1
12.277952 4.823840 4.728120 1
14.003456 8.221098 4.728120 1
-1.961408 15.037379 23.328120 1
0.117952 11.844419 23.328120 1
1.843456 15.241678 23.328120 1
-0.938752 2.203058 43.166880 6
10.721472 19.147226 43.166880 6
-9.782720 20.773192 43.166880 6
11.221248 9.223637 5.966880 6
10.721472 5.106067 5.966880 6
14.537280 6.732033 5.966880 6
-0.938752 16.244216 24.566880 6
-1.438528 12.126647 24.566880 6
2.377280 13.752613 24.566880 6
-0.076608 3.254038 43.180830 6
9.380224 19.368374 43.180830 6
-9.303616 19.501063 43.180830 6
12.083392 10.274618 5.980830 6
9.380224 5.327216 5.980830 6
15.016384 5.459905 5.980830 6
-0.076608 17.295197 24.580830 6
-2.779776 12.347795 24.580830 6
2.856384 12.480484 24.580830 6
0.248064 3.584708 44.009460 1
8.931520 19.484214 44.009460 1
-9.179584 19.054554 44.009460 1
12.408064 10.605287 6.809460 1
8.931520 5.443055 6.809460 1
15.140416 5.013396 6.809460 1
0.248064 17.625866 25.409460 1
-3.228480 12.463634 25.409460 1
2.980416 12.033975 25.409460 1
8.824512 8.936495 51.345486 6
12.168512 3.174004 51.345486 6
15.486976 8.951239 51.345486 6
-3.335488 15.957075 14.145486 6
0.008512 10.194583 14.145486 6
3.326976 15.971818 14.145486 6
20.984512 1.915916 32.745486 6
12.168512 17.215162 32.745486 6
3.326976 1.930659 32.745486 6
9.154048 8.386784 52.523424 6
12.479808 3.734246 52.523424 6
14.846144 8.940708 52.523424 6
-3.005952 15.407363 15.323424 6
0.319808 10.754825 15.323424 6
2.686144 15.961287 15.323424 6
21.314048 1.366205 33.923424 6
12.479808 17.775405 33.923424 6
2.686144 1.920128 33.923424 6
8.974080 8.871204 53.316900 1
12.150272 3.336179 53.316900 1
15.355648 8.854355 53.316900 1
-3.185920 15.891783 16.116900 1
-0.009728 10.356759 16.116900 1
3.195648 15.874934 16.116900 1
21.134080 1.850625 34.716900 1
12.150272 17.377338 34.716900 1
3.195648 1.833775 34.716900 1
10.036864 6.571262 53.941860 6
13.610688 5.406548 53.941860 6
12.832448 9.083928 53.941860 6
-2.123136 13.591841 16.741860 6
1.450688 12.427127 16.741860 6
0.672448 16.104507 16.741860 6
10.036864 20.612421 35.341860 6
-10.709312 19.447707 35.341860 6
0.672448 2.063348 35.341860 6
10.452736 5.695094 53.807940 1
14.161536 6.204788 53.807940 1
11.865728 9.161856 53.807940 1
-1.707264 12.715673 16.607940 1
2.001536 13.225367 16.607940 1
-0.294272 16.182435 16.607940 1
10.452736 19.736252 35.207940 1
-10.158464 20.245947 35.207940 1
-0.294272 2.141277 35.207940 1
9.208768 6.463847 54.455220 1
14.117760 4.743103 54.455220 1
13.153472 9.854787 54.455220 1
-2.951232 13.484427 17.255220 1
1.957760 11.763683 17.255220 1
0.993472 16.875366 17.255220 1
9.208768 20.505006 35.855220 1
-10.202240 18.784262 35.855220 1
0.993472 2.834208 35.855220 1
10.652160 7.152566 54.432900 1
12.799616 5.648758 54.432900 1
13.028224 8.260414 54.432900 1
-1.507840 14.173145 17.232900 1
0.639616 12.669337 17.232900 1
0.868224 15.280993 17.232900 1
22.812160 0.131987 35.832900 1
12.799616 19.689917 35.832900 1
0.868224 1.239834 35.832900 1
10.016192 6.489121 51.458760 6
13.692160 5.429716 51.458760 6
12.771648 9.142900 51.458760 6
-2.143808 13.509701 14.258760 6
1.532160 12.450295 14.258760 6
0.611648 16.163480 14.258760 6
10.016192 20.530280 32.858760 6
-10.627840 19.470875 32.858760 6
0.611648 2.122321 32.858760 6
10.457600 5.648758 51.508980 1
14.199232 6.232168 51.508980 1
11.823168 9.180812 51.508980 1
-1.702400 12.669337 14.308980 1
2.039232 13.252747 14.308980 1
-0.336832 16.201391 14.308980 1
10.457600 19.689917 32.908980 1
-10.120768 20.273327 32.908980 1
-0.336832 2.160232 32.908980 1
9.668416 7.003028 50.208840 6
13.420992 4.871580 50.208840 6
13.390592 9.187130 50.208840 6
-2.491584 14.023607 13.008840 6
1.260992 11.892159 13.008840 6
1.230592 16.207709 13.008840 6
9.668416 21.044186 31.608840 6
-10.899008 18.912739 31.608840 6
1.230592 2.166551 31.608840 6
9.043392 8.241458 50.169780 6
12.660992 3.711078 50.169780 6
14.775616 9.109202 50.169780 6
-3.116608 15.262037 12.969780 6
0.500992 10.731657 12.969780 6
2.615616 16.129781 12.969780 6
21.203392 1.220879 31.569780 6
12.660992 17.752237 31.569780 6
2.615616 2.088622 31.569780 6
8.767360 8.610038 49.338360 1
12.479808 3.287737 49.338360 1
15.232832 9.163962 49.338360 1
-3.392640 15.630618 12.138360 1
0.319808 10.308317 12.138360 1
3.072832 16.184541 12.138360 1
20.927360 1.589459 30.738360 1
12.479808 17.328896 30.738360 1
3.072832 2.143383 30.738360 1
2.568192 8.492093 42.405210 6
3.521536 19.039811 42.405210 6
-6.089728 14.591572 42.405210 6
14.728192 15.512672 5.205210 6
3.521536 4.998652 5.205210 6
18.230272 0.550413 5.205210 6
14.728192 1.471513 23.805210 6
15.681536 12.019232 23.805210 6
6.070272 7.570993 23.805210 6
2.700736 9.395641 43.444764 6
2.672768 18.702823 43.444764 6
-5.373504 14.025011 43.444764 6
-9.459264 16.416221 6.244764 6
2.672768 4.661665 6.244764 6
6.786496 21.045590 6.244764 6
14.860736 2.375062 24.844764 6
14.832768 11.682244 24.844764 6
6.786496 7.004432 24.844764 6
2.092736 10.124377 43.479360 1
2.345664 17.811912 43.479360 1
-4.438400 14.187187 43.479360 1
14.252736 17.144957 6.279360 1
2.345664 3.770753 6.279360 1
19.881600 0.146028 6.279360 1
14.252736 3.103798 24.879360 1
14.505664 10.791332 24.879360 1
7.721600 7.166607 24.879360 1
3.489920 7.493766 42.257340 6
3.925248 20.337214 42.257340 6
-7.415168 14.292495 42.257340 6
15.649920 14.514346 5.057340 6
3.925248 6.296055 5.057340 6
16.904832 0.251337 5.057340 6
15.649920 0.473187 23.657340 6
16.085248 13.316635 23.657340 6
4.744832 7.271916 23.657340 6
3.641920 9.315607 44.421264 6
2.271488 19.557930 44.421264 6
-5.913408 13.249939 44.421264 6
-8.518080 16.336186 7.221264 6
2.271488 5.516771 7.221264 6
6.246592 20.270519 7.221264 6
15.801920 2.295027 25.821264 6
14.431488 12.537350 25.821264 6
6.246592 6.229360 25.821264 6
4.480960 7.365290 43.245558 6
15.700992 0.197980 43.245558 6
16.298048 13.498468 43.245558 6
-7.679040 14.385869 6.045558 6
3.540992 7.218560 6.045558 6
4.138048 20.519047 6.045558 6
16.640960 0.344710 24.645558 6
15.700992 14.239139 24.645558 6
4.138048 6.477888 24.645558 6
3.491136 6.543882 41.101164 6
4.747264 20.813209 41.101164 6
-8.238400 14.766384 41.101164 6
15.651136 13.564461 3.901164 6
4.747264 6.772051 3.901164 6
16.081600 0.725226 3.901164 6
3.491136 20.585040 22.501164 6
-7.412736 13.792630 22.501164 6
3.921600 7.745805 22.501164 6
2.577920 5.539237 40.988448 6
6.073920 20.524664 40.988448 6
-8.651840 16.059575 40.988448 6
14.737920 12.559816 3.788448 6
6.073920 6.483505 3.788448 6
15.668160 2.018417 3.788448 6
2.577920 19.580396 22.388448 6
-6.086080 13.504084 22.388448 6
3.508160 9.038996 22.388448 6
2.698304 4.631476 39.913740 6
18.959872 0.021062 39.913740 6
14.821824 16.409200 39.913740 6
14.858304 11.652055 2.713740 6
6.799872 7.041641 2.713740 6
14.821824 2.368041 2.713740 6
2.698304 18.672635 21.313740 6
-5.360128 14.062220 21.313740 6
2.661824 9.388621 21.313740 6
2.075712 3.915377 39.857940 1
7.731328 20.901669 39.857940 1
-9.807040 17.306430 39.857940 1
14.235712 10.935956 2.657940 1
7.731328 6.860510 2.657940 1
14.512960 3.265271 2.657940 1
2.075712 17.956536 21.257940 1
-4.428672 13.881089 21.257940 1
2.352960 10.285851 21.257940 1
3.648000 4.717829 38.960118 6
18.410240 0.800346 38.960118 6
14.421760 15.543563 38.960118 6
15.808000 11.738409 1.760118 6
6.250240 7.820925 1.760118 6
14.421760 1.502404 1.760118 6
3.648000 18.758988 20.360118 6
-5.909760 14.841505 20.360118 6
2.261760 8.522983 20.360118 6
4.490688 6.674465 40.126896 6
16.294400 0.551818 40.126896 6
15.694912 13.835456 40.126896 6
-7.669312 13.695044 2.926896 6
4.134400 7.572397 2.926896 6
3.534912 20.856035 2.926896 6
4.490688 20.715623 21.526896 6
-8.025600 14.592976 21.526896 6
3.534912 6.814876 21.526896 6
2.093952 5.227523 43.672428 6
6.585856 20.261392 43.672428 6
-8.679808 16.634561 43.672428 6
14.253952 12.248103 6.472428 6
6.585856 6.220233 6.472428 6
15.640192 2.593402 6.472428 6
2.093952 19.268682 25.072428 6
-5.574144 13.240813 25.072428 6
3.480192 9.613981 25.072428 6
2.999872 4.201817 43.763940 6
19.181184 0.497057 43.763940 6
14.298944 16.362864 43.763940 6
15.159872 11.222396 6.563940 6
7.021184 7.517636 6.563940 6
14.298944 2.321706 6.563940 6
2.999872 18.242975 25.163940 6
-5.138816 14.538216 25.163940 6
2.138944 9.342285 25.163940 6
3.061888 3.580495 43.049700 1
19.688256 0.861425 43.049700 1
13.729856 16.619817 43.049700 1
15.221888 10.601075 5.849700 1
7.528256 7.882004 5.849700 1
13.729856 2.578659 5.849700 1
3.061888 17.621654 24.449700 1
-4.631744 14.902584 24.449700 1
1.569856 9.599238 24.449700 1
3.801216 4.039641 44.835300 6
18.920960 1.272129 44.835300 6
13.757824 15.749968 44.835300 6
15.961216 11.060221 7.635300 6
6.760960 8.292708 7.635300 6
13.757824 1.708809 7.635300 6
3.801216 18.080800 26.235300 6
-5.399040 15.313288 26.235300 6
1.597824 8.729388 26.235300 6
3.677184 4.873686 45.867600 6
18.260672 0.747692 45.867600 6
14.542144 15.440360 45.867600 6
15.837184 11.894265 8.667600 6
6.100672 7.768271 8.667600 6
14.542144 1.399201 8.667600 6
3.677184 18.914845 27.267600 6
-6.059328 14.788850 27.267600 6
2.382144 8.419781 27.267600 6
4.226816 4.738891 46.632060 1
18.102592 1.291085 46.632060 1
14.150592 15.031762 46.632060 1
16.386816 11.759470 9.432060 1
5.942592 8.311664 9.432060 1
14.150592 0.990604 9.432060 1
4.226816 18.780050 28.032060 1
-6.217408 15.332243 28.032060 1
1.990592 8.011183 28.032060 1
2.799232 5.901499 45.878760 6
5.649536 20.535194 45.878760 6
-8.448768 15.686782 45.878760 6
14.959232 12.922078 8.678760 6
5.649536 6.494036 8.678760 6
15.871232 1.645624 8.678760 6
2.799232 19.942657 27.278760 6
-6.510464 13.514615 27.278760 6
3.711232 8.666203 27.278760 6
3.684480 10.269703 45.549540 6
1.423936 19.117739 45.549540 6
-5.108416 12.736033 45.549540 6
-8.475520 17.290283 8.349540 6
1.423936 5.076581 8.349540 6
7.051584 19.756612 8.349540 6
15.844480 3.249124 26.949540 6
13.583936 12.097160 26.949540 6
7.051584 5.715454 26.949540 6
2.897728 10.853113 45.516060 1
1.312064 18.144687 45.516060 1
-4.209792 13.125675 45.516060 1
-9.262272 17.873693 8.316060 1
1.312064 4.103529 8.316060 1
7.950208 20.146254 8.316060 1
15.057728 3.832534 26.916060 1
13.472064 11.124108 26.916060 1
7.950208 6.105096 26.916060 1
4.495552 10.815202 45.488160 1
0.545984 19.547399 45.488160 1
-5.041536 11.760874 45.488160 1
-7.664448 17.835782 8.288160 1
0.545984 5.506240 8.288160 1
7.118464 18.781454 8.288160 1
16.655552 3.794623 26.888160 1
12.705984 12.526820 26.888160 1
7.118464 4.740295 26.888160 1
3.684480 9.776859 46.397700 1
1.850752 19.364162 46.397700 1
-5.535232 12.982455 46.397700 1
-8.475520 16.797438 9.197700 1
1.850752 5.323003 9.197700 1
6.624768 20.003034 9.197700 1
15.844480 2.756279 27.797700 1
14.010752 12.343582 27.797700 1
6.624768 5.961876 27.797700 1
5.419712 7.693853 40.159260 6
14.947072 0.846682 40.159260 6
16.113216 12.521203 40.159260 6
-6.740288 14.714432 2.959260 6
2.787072 7.867261 2.959260 6
3.953216 19.541782 2.959260 6
17.579712 0.673274 21.559260 6
14.947072 14.887840 21.559260 6
3.953216 5.500624 21.559260 6
5.406336 8.306749 40.884660 1
14.422976 0.528650 40.884660 1
16.650688 12.226339 40.884660 1
-6.753664 15.327329 3.684660 1
2.262976 7.549229 3.684660 1
4.490688 19.246918 3.684660 1
17.566336 1.286170 22.284660 1
14.422976 14.569808 22.284660 1
4.490688 5.205760 22.284660 1
6.325632 7.839179 39.216240 6
14.368256 1.558569 39.216240 6
15.786112 11.663990 39.216240 6
-5.834368 14.859758 2.016240 6
2.208256 8.579148 2.016240 6
3.626112 18.684570 2.016240 6
18.485632 0.818600 20.616240 6
14.368256 15.599727 20.616240 6
3.626112 4.643411 20.616240 6
6.936064 8.563703 39.272040 1
13.435584 1.724956 39.272040 1
16.108352 10.773079 39.272040 1
-5.223936 15.584282 2.072040 1
1.275584 8.745536 2.072040 1
3.948352 17.793658 2.072040 1
19.096064 1.543123 20.672040 1
13.435584 15.766115 20.672040 1
3.948352 3.752500 20.672040 1
6.414400 6.977754 38.144880 6
15.069888 2.066156 38.144880 6
14.995712 12.017828 38.144880 6
-5.745600 13.998333 0.944880 6
2.909888 9.086736 0.944880 6
2.835712 19.038407 0.944880 6
6.414400 21.018912 19.544880 6
-9.250112 16.107315 19.544880 6
2.835712 4.997248 19.544880 6
3.689344 3.757414 37.826820 6
19.221312 1.316359 37.826820 6
13.569344 15.987965 37.826820 6
15.849344 10.777993 0.626820 6
7.061312 8.336938 0.626820 6
13.569344 1.946807 0.626820 6
3.689344 17.798573 19.226820 6
-5.098688 15.357517 19.226820 6
1.409344 8.967386 19.226820 6
2.925696 3.146624 37.888200 1
20.132096 0.960415 37.888200 1
13.422208 16.954699 37.888200 1
15.085696 10.167203 0.688200 1
7.972096 7.980995 0.688200 1
13.422208 2.913540 0.688200 1
2.925696 17.187782 19.288200 1
-4.187904 15.001574 19.288200 1
1.262208 9.934120 19.288200 1
4.523520 3.243508 37.865880 1
19.249280 2.295729 37.865880 1
12.707200 15.522501 37.865880 1
16.683520 10.264087 0.665880 1
7.089280 9.316309 0.665880 1
12.707200 1.481342 0.665880 1
4.523520 17.284666 19.265880 1
-5.070720 16.336888 19.265880 1
0.547200 8.501922 19.265880 1
3.648000 4.250259 36.978660 1
18.815168 1.034131 36.978660 1
14.016832 15.777348 36.978660 1
15.808000 11.270838 55.578660 1
6.655168 8.054711 55.578660 1
14.016832 1.736189 55.578660 1
3.648000 18.291417 18.378660 1
-5.504832 15.075290 18.378660 1
1.856832 8.756769 18.378660 1
7.420032 7.211539 37.040040 6
14.364608 2.820167 37.040040 6
14.695360 11.030032 37.040040 6
-4.739968 14.232118 55.640040 6
2.204608 9.840746 55.640040 6
2.535360 18.050611 55.640040 6
19.580032 0.190960 18.440040 6
14.364608 16.861325 18.440040 6
2.535360 4.009453 18.440040 6
7.320320 6.516502 36.359280 1
15.016384 3.081332 36.359280 1
14.143296 11.463904 36.359280 1
-4.839680 13.537081 54.959280 1
2.856384 10.101912 54.959280 1
1.983296 18.484483 54.959280 1
7.320320 20.557660 17.759280 1
-9.303616 17.122491 17.759280 1
1.983296 4.443325 17.759280 1
8.325952 7.179946 37.413900 1
13.939008 3.620513 37.413900 1
14.215040 10.261279 37.413900 1
-3.834048 14.200526 0.213900 1
1.779008 10.641092 0.213900 1
2.055040 17.281858 0.213900 1
20.485952 0.159367 18.813900 1
13.939008 17.661671 18.813900 1
2.055040 3.240699 18.813900 1
7.263168 8.089813 36.638280 1
13.682432 2.245181 36.638280 1
15.534400 10.726743 36.638280 1
-4.896832 15.110393 55.238280 1
1.522432 9.265761 55.238280 1
3.374400 17.747322 55.238280 1
19.423168 1.069234 18.038280 1
13.682432 16.286340 18.038280 1
3.374400 3.706164 18.038280 1
4.583104 8.287794 44.307990 6
2.691008 20.886925 44.307990 6
-7.274112 12.948756 44.307990 6
-7.576896 15.308373 7.107990 6
2.691008 6.845767 7.107990 6
4.885888 19.969336 7.107990 6
16.743104 1.267215 25.707990 6
14.851008 13.866346 25.707990 6
4.885888 5.928177 25.707990 6
1.242752 11.887245 51.726600 6
1.243968 16.194370 51.726600 6
-2.486720 14.041861 51.726600 6
13.402752 18.907824 14.526600 6
1.243968 2.153212 14.526600 6
21.833280 0.000702 14.526600 6
13.402752 4.866666 33.126600 6
13.403968 9.173791 33.126600 6
9.673280 7.021281 33.126600 6
2.603456 11.952536 51.771240 6
0.507072 17.340129 51.771240 6
-3.110528 12.830811 51.771240 6
-9.556544 18.973115 14.571240 6
0.507072 3.298970 14.571240 6
9.049472 19.851390 14.571240 6
14.763456 4.931957 33.171240 6
12.667072 10.319549 33.171240 6
9.049472 5.810231 33.171240 6
3.047296 11.878820 52.608240 1
0.348992 17.761364 52.608240 1
-3.396288 12.483292 52.608240 1
-9.112704 18.899399 15.408240 1
0.348992 3.720205 15.408240 1
8.763712 19.503871 15.408240 1
15.207296 4.858241 34.008240 1
12.508992 10.740784 34.008240 1
8.763712 5.462713 34.008240 1
3.320896 12.121030 50.650776 6
0.002432 17.877203 50.650776 6
-3.323328 12.125242 50.650776 6
-8.839104 19.141609 13.450776 6
0.002432 3.836045 13.450776 6
8.836672 19.145822 13.450776 6
15.480896 5.100451 32.050776 6
12.162432 10.856624 32.050776 6
8.836672 5.104663 32.050776 6
2.687360 12.106287 49.444938 6
0.331968 17.335916 49.444938 6
-3.019328 12.681272 49.444938 6
-9.472640 19.126866 12.244938 6
0.331968 3.294758 12.244938 6
9.140672 19.701852 12.244938 6
14.847360 5.085708 30.844938 6
12.491968 10.315337 30.844938 6
9.140672 5.660693 30.844938 6
3.198080 12.169472 48.646440 1
0.021888 17.746620 48.646440 1
-3.219968 12.207383 48.646440 1
-8.961920 19.190051 11.446440 1
0.021888 3.705462 11.446440 1
8.940032 19.227963 11.446440 1
15.358080 5.148893 30.046440 1
12.181888 10.726041 30.046440 1
8.940032 5.186804 30.046440 1
1.341248 12.003084 49.371840 6
1.094400 16.221750 49.371840 6
-2.435648 13.898641 49.371840 6
-10.818752 19.023664 12.171840 6
1.094400 2.180592 12.171840 6
9.724352 20.919220 12.171840 6
13.501248 4.982505 30.771840 6
13.254400 9.201171 30.771840 6
9.724352 6.878062 30.771840 6
0.625024 11.912519 50.510160 6
1.530944 15.646765 50.510160 6
-2.155968 14.564192 50.510160 6
12.785024 18.933098 13.310160 6
1.530944 1.605606 13.310160 6
22.164032 0.523033 13.310160 6
12.785024 4.891940 31.910160 6
13.690944 8.626186 31.910160 6
10.004032 7.543612 31.910160 6
-0.322240 11.868289 50.465520 1
2.042880 14.848525 50.465520 1
-1.720640 15.406661 50.465520 1
11.837760 18.888869 13.265520 1
2.042880 0.807367 13.265520 1
22.599360 1.365503 13.265520 1
11.837760 4.847710 31.865520 1
14.202880 7.827946 31.865520 1
10.439360 8.386082 31.865520 1
0.701632 11.982023 47.999160 6
1.432448 15.678358 47.999160 6
-2.134080 14.463095 47.999160 6
12.861632 19.002602 10.799160 6
1.432448 1.637199 10.799160 6
22.185920 0.421937 10.799160 6
12.861632 4.961443 29.399160 6
13.592448 8.657778 29.399160 6
10.025920 7.442516 29.399160 6
-0.269952 11.908307 48.094020 1
1.982080 14.873799 48.094020 1
-1.712128 15.341370 48.094020 1
11.890048 18.928886 10.894020 1
1.982080 0.832641 10.894020 1
22.607872 1.300211 10.894020 1
11.890048 4.887727 29.494020 1
14.142080 7.853220 29.494020 1
10.447872 8.320791 29.494020 1
1.042112 11.215375 47.491380 1
1.926144 16.356546 47.491380 1
-2.968256 14.551555 47.491380 1
13.202112 18.235955 10.291380 1
1.926144 2.315387 10.291380 1
21.351744 0.510396 10.291380 1
13.202112 4.194796 28.891380 1
14.086144 9.335966 28.891380 1
9.191744 7.530975 28.891380 1
0.921728 12.809749 47.524860 1
0.605568 15.455103 47.524860 1
-1.527296 13.858623 47.524860 1
-11.238272 19.830328 10.324860 1
0.605568 1.413945 10.324860 1
10.632704 20.879203 10.324860 1
13.081728 5.789170 28.924860 1
12.765568 8.434524 28.924860 1
10.632704 6.838044 28.924860 1
4.570944 5.747748 39.054978 6
17.056832 1.084679 39.054978 6
14.852224 14.229310 39.054978 6
16.730944 12.768328 1.854978 6
4.896832 8.105259 1.854978 6
14.852224 0.188152 1.854978 6
4.570944 19.788907 20.454978 6
-7.263168 15.125838 20.454978 6
2.692224 7.208731 20.454978 6
5.554688 5.926773 38.063412 6
16.409920 1.847114 38.063412 6
14.515392 13.287850 38.063412 6
-6.605312 12.947352 0.863412 6
4.249920 8.867694 0.863412 6
2.355392 20.308430 0.863412 6
5.554688 19.967932 19.463412 6
-7.910080 15.888273 19.463412 6
2.355392 6.267271 19.463412 6
5.614272 5.318089 37.335780 1
16.907264 2.203058 37.335780 1
13.958464 13.540591 37.335780 1
-6.545728 12.338668 0.135780 1
4.747264 9.223637 0.135780 1
1.798464 20.561171 0.135780 1
5.614272 19.359247 18.735780 1
-7.412736 16.244216 18.735780 1
1.798464 6.520012 18.735780 1
2.999872 9.837938 39.660408 6
2.140160 18.740734 39.660408 6
-5.140032 13.544804 39.660408 6
-9.160128 16.858517 2.460408 6
2.140160 4.699576 2.460408 6
7.019968 20.565383 2.460408 6
15.159872 2.817358 21.060408 6
14.300160 11.720155 21.060408 6
7.019968 6.524224 21.060408 6
3.072832 10.436091 40.393620 1
1.585664 18.504843 40.393620 1
-4.658496 13.182542 40.393620 1
-9.087168 17.456670 3.193620 1
1.585664 4.463684 3.193620 1
7.501504 20.203121 3.193620 1
15.232832 3.415512 21.793620 1
13.745664 11.484264 21.793620 1
7.501504 6.161962 21.793620 1
3.776896 10.004325 38.546640 6
1.607552 19.330463 38.546640 6
-5.384448 12.788687 38.546640 6
-8.383104 17.024905 1.346640 6
1.607552 5.289304 1.346640 6
6.775552 19.809266 1.346640 6
15.936896 2.983746 19.946640 6
13.767552 12.309884 19.946640 6
6.775552 5.768108 19.946640 6
3.679616 9.187130 37.514340 6
2.363904 19.654814 37.514340 6
-6.043520 13.281532 37.514340 6
-8.480384 16.207709 0.314340 6
2.363904 5.613655 0.314340 6
6.116480 20.302111 0.314340 6
15.839616 2.166551 18.914340 6
14.523904 12.634234 18.914340 6
6.116480 6.260953 18.914340 6
4.242624 9.311394 36.755460 1
1.974784 20.080261 36.755460 1
-6.217408 12.731821 36.755460 1
-7.917376 16.331974 55.355460 1
1.974784 6.039102 55.355460 1
5.942592 19.752400 55.355460 1
16.402624 2.290815 18.155460 1
14.134784 13.059682 18.155460 1
5.942592 5.711241 18.155460 1
2.767616 8.155105 37.525500 6
3.713664 19.381011 37.525500 6
-6.481280 14.587360 37.525500 6
14.927616 15.175684 0.325500 6
3.713664 5.339853 0.325500 6
17.838720 0.546201 0.325500 6
14.927616 1.134526 18.925500 6
15.873664 12.360432 18.925500 6
5.678720 7.566780 18.925500 6
1.997888 7.988717 38.645406 6
4.242624 18.797601 38.645406 6
-6.240512 15.337157 38.645406 6
14.157888 15.009296 1.445406 6
4.242624 4.756442 1.445406 6
18.079488 1.295999 1.445406 6
14.157888 0.968138 20.045406 6
16.402624 11.777022 20.045406 6
5.919488 8.316578 20.045406 6
1.377728 7.272618 38.686140 1
5.172864 18.618576 38.686140 1
-6.550592 16.232281 38.686140 1
13.537728 14.293197 1.486140 1
5.172864 4.577418 1.486140 1
17.769408 2.191123 1.486140 1
13.537728 0.252039 20.086140 1
17.332864 11.597997 20.086140 1
5.609408 9.211702 20.086140 1
2.112192 8.826974 39.688308 6
3.459520 18.477463 39.688308 6
-5.571712 14.819039 39.688308 6
14.272192 15.847554 2.488308 6
3.459520 4.436304 2.488308 6
18.748288 0.777880 2.488308 6
14.272192 1.806395 21.088308 6
15.619520 11.456883 21.088308 6
6.588288 7.798459 21.088308 6
6.419264 7.087275 45.203580 6
14.972608 2.015608 45.203580 6
15.088128 11.958855 45.203580 6
-5.740736 14.107854 8.003580 6
2.812608 9.036188 8.003580 6
2.928128 18.979434 8.003580 6
18.579264 0.066696 26.603580 6
14.972608 16.056767 26.603580 6
2.928128 4.938275 26.603580 6
6.336576 6.211106 44.115480 6
15.772736 2.382083 44.115480 6
14.370688 12.468549 44.115480 6
-5.823424 13.231686 6.915480 6
3.612736 9.402662 6.915480 6
2.210688 19.489128 6.915480 6
6.336576 20.252265 25.515480 6
-8.547264 16.423241 25.515480 6
2.210688 5.447970 25.515480 6
6.955520 5.497114 44.048520 1
16.081600 3.275100 44.048520 1
13.442880 12.289524 44.048520 1
-5.204480 12.517693 6.848520 1
3.921600 10.295680 6.848520 1
1.282880 19.310103 6.848520 1
6.955520 19.538272 25.448520 1
-8.238400 17.316259 25.448520 1
1.282880 5.268945 25.448520 1
5.416064 6.356432 43.180272 6
16.107136 1.512233 43.180272 6
14.956800 13.193073 43.180272 6
-6.743936 13.377012 5.980272 6
3.947136 8.532812 5.980272 6
2.796800 20.213652 5.980272 6
5.416064 20.397591 24.580272 6
-8.212864 15.553391 24.580272 6
2.796800 6.172493 24.580272 6
5.396608 5.754067 42.447060 1
16.638528 1.796566 42.447060 1
14.444864 13.511105 42.447060 1
-6.763392 12.774646 5.247060 1
4.478528 8.817146 5.247060 1
2.284864 20.531684 5.247060 1
5.396608 19.795225 23.847060 1
-7.681472 15.837725 23.847060 1
2.284864 6.490526 23.847060 1
-1.522432 12.211596 43.925760 6
2.345664 13.637475 43.925760 6
-0.823232 16.274405 43.925760 6
10.637568 19.232175 6.725760 6
-9.814336 20.658055 6.725760 6
-0.823232 2.233246 6.725760 6
10.637568 5.191016 25.325760 6
14.505664 6.616896 25.325760 6
11.336768 9.253826 25.325760 6
-2.132864 12.965606 43.780680 1
1.997888 12.731821 43.780680 1
0.134976 16.426049 43.780680 1
10.027136 19.986185 6.580680 1
-10.162112 19.752400 6.580680 1
0.134976 2.384891 6.580680 1
10.027136 5.945027 25.180680 1
14.157888 5.711241 25.180680 1
12.294976 9.405470 25.180680 1
-0.773376 12.502248 44.489340 1
1.719424 14.140851 44.489340 1
-0.946048 15.480377 44.489340 1
11.386624 19.522827 7.289340 1
1.719424 0.099692 7.289340 1
23.373952 1.439219 7.289340 1
11.386624 5.481668 25.889340 1
13.879424 7.120271 25.889340 1
11.213952 8.459798 25.889340 1
-2.002752 11.484966 44.372160 1
3.215104 13.584821 44.372160 1
-1.212352 17.053689 44.372160 1
10.157248 18.505545 7.172160 1
-8.944896 20.605400 7.172160 1
-1.212352 3.012531 7.172160 1
10.157248 4.464386 25.772160 1
15.375104 6.564242 25.772160 1
10.947648 10.033110 25.772160 1
22.949568 1.636497 44.444700 6
11.427968 19.056660 44.444700 6
2.102464 0.368580 44.444700 6
10.789568 8.657076 7.244700 6
11.427968 5.015502 7.244700 6
14.262464 7.389160 7.244700 6
-1.370432 15.677656 25.844700 6
-0.732032 12.036081 25.844700 6
2.102464 14.409739 25.844700 6
22.363456 0.869850 44.282880 1
12.384960 18.932396 44.282880 1
1.731584 1.259492 44.282880 1
10.203456 7.890429 7.082880 1
12.384960 4.891238 7.082880 1
13.891584 8.280071 7.082880 1
-1.956544 14.911008 25.682880 1
0.224960 11.911817 25.682880 1
1.731584 15.300650 25.682880 1
22.464384 2.316791 44.958060 1
11.081408 18.296332 44.958060 1
2.934208 0.448615 44.958060 1
10.304384 9.337370 7.758060 1
11.081408 4.255173 7.758060 1
15.094208 7.469194 7.758060 1
-1.855616 16.357950 26.358060 1
-1.078592 11.275752 26.358060 1
2.934208 14.489774 26.358060 1
-0.584896 1.345845 44.958060 1
11.286912 19.882281 44.958060 1
-10.702016 20.895350 44.958060 1
11.575104 8.366424 7.758060 1
11.286912 5.841122 7.758060 1
13.617984 6.854192 7.758060 1
-0.584896 15.387004 26.358060 1
-0.873088 12.861701 26.358060 1
1.457984 13.874771 26.358060 1
8.319872 11.832484 55.193454 6
9.912832 1.288978 55.193454 6
18.247296 7.940275 55.193454 6
-3.840128 18.853064 17.993454 6
-2.247168 8.309558 17.993454 6
6.087296 14.960854 17.993454 6
20.479872 4.811905 36.593454 6
9.912832 15.330137 36.593454 6
6.087296 0.919696 36.593454 6
7.721600 11.318578 54.048996 6
10.657024 1.027813 54.048996 6
18.101376 8.715347 54.048996 6
-4.438400 18.339157 16.848996 6
-1.502976 8.048392 16.848996 6
5.941376 15.735926 16.848996 6
19.881600 4.297999 35.448996 6
10.657024 15.068971 35.448996 6
5.941376 1.694768 35.448996 6
6.797440 11.095323 54.053460 1
11.312448 0.339094 54.053460 1
18.370112 9.627320 54.053460 1
-5.362560 18.115903 16.853460 1
-0.847552 7.359673 16.853460 1
6.210112 16.647900 16.853460 1
18.957440 4.074744 35.453460 1
11.312448 14.380253 35.453460 1
6.210112 2.606741 35.453460 1
8.471872 11.135341 52.895052 6
10.440576 1.769186 52.895052 6
17.567552 8.157211 52.895052 6
-3.688128 18.155920 15.695052 6
-1.719424 8.789765 15.695052 6
5.407552 15.177790 15.695052 6
20.631872 4.114762 34.295052 6
10.440576 15.810345 34.295052 6
5.407552 1.136632 34.295052 6
9.820416 11.466010 52.885008 6
9.479936 2.771725 52.885008 6
17.179648 6.824003 52.885008 6
-2.339584 18.486589 15.685008 6
-2.680064 9.792304 15.685008 6
5.019648 13.844582 15.685008 6
-2.339584 4.445431 34.285008 6
9.479936 16.812883 34.285008 6
-7.140352 20.865162 34.285008 6
10.336000 11.339640 52.094880 1
9.331584 3.281419 52.094880 1
16.812416 6.440679 52.094880 1
-1.824000 18.360219 14.894880 1
-2.828416 10.301998 14.894880 1
4.652416 13.461259 14.894880 1
-1.824000 4.319060 33.494880 1
9.331584 17.322577 33.494880 1
-7.507584 20.481838 33.494880 1
10.418688 11.979916 54.028908 6
8.735744 3.032890 54.028908 6
17.325568 6.048931 54.028908 6
-1.741312 19.000496 16.828908 6
-3.424256 10.053470 16.828908 6
5.165568 13.069510 16.828908 6
-1.741312 4.959337 35.428908 6
8.735744 17.074049 35.428908 6
-6.994432 20.090090 35.428908 6
9.668416 12.163154 55.183410 6
8.952192 2.291517 55.183410 6
17.859392 6.607067 55.183410 6
-2.491584 19.183733 17.983410 6
-3.207808 9.312096 17.983410 6
5.699392 13.627646 17.983410 6
-2.491584 5.142574 36.583410 6
8.952192 16.332676 36.583410 6
-6.460608 20.648226 36.583410 6
10.076992 12.512778 0.167400 1
8.445120 2.470542 0.167400 1
17.957888 6.078418 0.167400 1
-2.083008 19.533358 18.767400 1
-3.714880 9.491121 18.767400 1
5.797888 13.098997 18.767400 1
-2.083008 5.492199 37.367400 1
8.445120 16.511700 37.367400 1
-6.362112 20.119576 37.367400 1
5.931648 13.113038 51.757290 6
-2.162048 19.642177 51.757290 6
-3.769600 9.368261 51.757290 6
-6.228352 20.133617 14.557290 6
-2.162048 5.601018 14.557290 6
8.390400 16.388840 14.557290 6
18.091648 6.092459 33.157290 6
9.997952 12.621597 33.157290 6
8.390400 2.347682 33.157290 6
5.245824 13.605883 52.876080 6
-2.245952 18.801813 52.876080 6
-2.999872 9.715780 52.876080 6
-6.914176 20.626462 15.676080 6
-2.245952 4.760655 15.676080 6
9.160128 16.736359 15.676080 6
17.405824 6.585303 34.276080 6
9.914048 11.781234 34.276080 6
9.160128 2.695200 34.276080 6
4.318016 13.414221 52.954200 1
-1.616064 18.094139 52.954200 1
-2.701952 10.615116 52.954200 1
-7.841984 20.434800 15.754200 1
-1.616064 4.052980 15.754200 1
9.458048 17.635695 15.754200 1
16.478016 6.393642 34.354200 1
10.543936 11.073560 34.354200 1
9.458048 3.594537 34.354200 1
5.842880 14.349362 53.859834 6
-3.188352 18.947139 53.859834 6
-2.654528 8.826974 53.859834 6
5.842880 0.308203 16.659834 6
21.131648 4.905981 16.659834 6
9.505472 15.847554 16.659834 6
18.002880 7.328783 35.259834 6
8.971648 11.926560 35.259834 6
9.505472 1.806395 35.259834 6
7.167104 14.642120 53.718102 6
-4.104000 19.947572 53.718102 6
-3.063104 7.533784 53.718102 6
7.167104 0.600962 16.518102 6
20.216000 5.906413 16.518102 6
9.096896 14.554363 16.518102 6
19.327104 7.621541 35.118102 6
8.056000 12.926993 35.118102 6
9.096896 0.513204 35.118102 6
7.880896 15.326627 54.711900 6
-5.053696 20.223481 54.711900 6
-2.827200 6.573368 54.711900 6
7.880896 1.285468 17.511900 6
19.266304 6.182322 17.511900 6
9.332800 13.593948 17.511900 6
-4.279104 8.306047 36.111900 6
7.106304 13.202901 36.111900 6
-2.827200 20.614527 36.111900 6
7.417600 15.632022 55.481940 1
-5.086528 19.669557 55.481940 1
-2.331072 6.821897 55.481940 1
7.417600 1.590863 18.281940 1
19.233472 5.628398 18.281940 1
9.828928 13.842476 18.281940 1
-4.742400 8.611443 36.881940 1
7.073472 12.648978 36.881940 1
-2.331072 20.863055 36.881940 1
9.196608 15.566730 54.605880 6
6.240512 0.181131 54.605880 6
21.042880 5.313876 54.605880 6
9.196608 1.525572 17.405880 6
18.400512 7.201710 17.405880 6
8.882880 12.334456 17.405880 6
-2.963392 8.546151 36.005880 6
6.240512 14.222289 36.005880 6
-3.277120 19.355035 36.005880 6
3.692992 7.677003 50.542524 6
3.665024 20.421461 50.542524 6
-7.358016 14.025011 50.542524 6
-8.467008 14.697583 13.342524 6
3.665024 6.380302 13.342524 6
4.801984 21.045590 13.342524 6
15.852992 0.656424 31.942524 6
15.825024 13.400882 31.942524 6
4.801984 7.004432 31.942524 6
3.836480 7.382139 49.600620 1
3.848640 20.693157 49.600620 1
-7.685120 14.048179 49.600620 1
15.996480 14.402718 12.400620 1
3.848640 6.651999 12.400620 1
16.634880 0.007021 12.400620 1
15.996480 0.361560 31.000620 1
16.008640 13.672578 31.000620 1
4.474880 7.027600 31.000620 1
9.826496 15.246592 53.439660 6
6.202816 0.886699 53.439660 6
20.450688 4.928447 53.439660 6
9.826496 1.205433 16.239660 6
18.362816 7.907278 16.239660 6
8.290688 11.949026 16.239660 6
-2.333504 8.226013 34.839660 6
6.202816 14.927858 34.839660 6
-3.869312 18.969605 34.839660 6
10.725120 15.518288 53.305740 1
5.518208 1.529082 53.305740 1
20.236672 4.014367 53.305740 1
10.725120 1.477130 16.105740 1
17.678208 8.549661 16.105740 1
8.076672 11.034947 16.105740 1
-1.434880 8.497709 34.705740 1
5.518208 15.570241 34.705740 1
-4.083328 18.055526 34.705740 1
9.197824 14.557873 52.474320 6
7.113600 0.686613 52.474320 6
20.168576 5.817252 52.474320 6
9.197824 0.516715 15.274320 6
19.273600 7.707192 15.274320 6
8.008576 12.837831 15.274320 6
-2.962176 7.537294 33.874320 6
7.113600 14.727771 33.874320 6
-4.151424 19.858411 33.874320 6
9.692736 14.286177 51.715440 1
7.101440 1.251067 51.715440 1
19.685824 5.524494 51.715440 1
9.692736 0.245018 14.515440 1
19.261440 8.271646 14.515440 1
7.525824 12.545073 14.515440 1
-2.467264 7.265597 33.115440 1
7.101440 15.292226 33.115440 1
-4.634176 19.565652 33.115440 1
7.877248 14.229310 52.549092 6
-4.101568 20.768980 52.549092 6
-3.775680 7.125186 52.549092 6
7.877248 0.188152 15.349092 6
20.218432 6.727821 15.349092 6
8.384320 14.145765 15.349092 6
20.037248 7.208731 33.949092 6
8.058432 13.748400 33.949092 6
8.384320 0.104607 33.949092 6
7.232768 13.445813 51.578730 6
-3.100800 20.602592 51.578730 6
-4.131968 8.075070 51.578730 6
-4.927232 20.466393 14.378730 6
-3.100800 6.561433 14.378730 6
8.028032 15.095650 14.378730 6
19.392768 6.425234 32.978730 6
9.059200 13.582013 32.978730 6
8.028032 1.054491 32.978730 6
8.392832 11.701902 50.203818 6
9.989440 1.417455 50.203818 6
18.097728 7.942381 50.203818 6
-3.767168 18.722481 13.003818 6
-2.170560 8.438034 13.003818 6
5.937728 14.962961 13.003818 6
20.552832 4.681322 31.603818 6
9.989440 15.458614 31.603818 6
5.937728 0.921802 31.603818 6
8.003712 12.999305 50.366754 6
9.060416 0.431766 50.366754 6
19.415872 7.630668 50.366754 6
-4.156288 20.019884 13.166754 6
-3.099584 7.452345 13.166754 6
7.255872 14.651247 13.166754 6
20.163712 5.978725 31.766754 6
9.060416 14.472924 31.766754 6
7.255872 0.610088 31.766754 6
5.569280 8.112981 45.272772 6
14.509312 0.766647 45.272772 6
16.401408 12.182109 45.272772 6
-6.590720 15.133561 8.072772 6
2.349312 7.787227 8.072772 6
4.241408 19.202688 8.072772 6
17.729280 1.092402 26.672772 6
14.509312 14.807806 26.672772 6
4.241408 5.161530 26.672772 6
5.637376 8.732197 45.990360 1
13.939008 0.516013 45.990360 1
16.903616 11.813529 45.990360 1
-6.522624 15.752776 8.790360 1
1.779008 7.536592 8.790360 1
4.743616 18.834108 8.790360 1
17.797376 1.711617 27.390360 1
13.939008 14.557171 27.390360 1
4.743616 4.792949 27.390360 1
8.364864 13.940764 49.426524 6
8.064512 0.273803 49.426524 6
20.050624 6.847171 49.426524 6
-3.795136 20.961344 12.226524 6
-4.095488 7.294382 12.226524 6
7.890624 13.867750 12.226524 6
-3.795136 6.920185 30.826524 6
8.064512 14.314961 30.826524 6
-4.269376 20.888330 30.826524 6
7.986688 15.240273 49.477860 6
-5.031808 20.358276 49.477860 6
-2.954880 6.524926 49.477860 6
7.986688 1.199115 12.277860 6
19.288192 6.317117 12.277860 6
9.205120 13.545506 12.277860 6
-4.173312 8.219694 30.877860 6
7.128192 13.337697 30.877860 6
-2.954880 20.566085 30.877860 6
7.492992 15.535138 50.236740 1
-5.040320 19.783290 50.236740 1
-2.452672 6.805047 50.236740 1
7.492992 1.493979 13.036740 1
19.279680 5.742132 13.036740 1
9.707328 13.825627 13.036740 1
-4.667008 8.514559 31.636740 1
7.119680 12.762711 31.636740 1
-2.452672 20.846206 31.636740 1
5.178944 14.993851 47.937780 6
-3.414528 18.049909 47.937780 6
-1.764416 9.079715 47.937780 6
5.178944 0.952693 10.737780 6
20.905472 4.008751 10.737780 6
10.395584 16.100294 10.737780 6
17.338944 7.973272 29.337780 6
8.745472 11.029330 29.337780 6
10.395584 2.059136 29.337780 6
5.029376 14.216673 49.042620 6
-2.666688 18.308969 49.042620 6
-2.362688 9.597834 49.042620 6
5.029376 0.175514 11.842620 6
21.653312 4.267810 11.842620 6
9.797312 16.618413 11.842620 6
17.189376 7.196094 30.442620 6
9.493312 11.288389 30.442620 6
9.797312 2.577255 30.442620 6
4.652416 14.591572 49.829400 1
-2.802880 17.795062 49.829400 1
-1.849536 9.736841 49.829400 1
4.652416 0.550413 12.629400 1
21.517120 3.753904 12.629400 1
10.310464 16.757421 12.629400 1
16.812416 7.570993 31.229400 1
9.357120 10.774483 31.229400 1
10.310464 2.716262 31.229400 1
5.402688 12.925589 49.044852 6
-1.735232 19.277809 49.044852 6
-3.667456 9.920079 49.044852 6
-6.757312 19.946168 11.844852 6
-1.735232 5.236650 11.844852 6
8.492544 16.940658 11.844852 6
17.562688 5.905009 30.444852 6
10.424768 12.257229 30.444852 6
8.492544 2.899499 30.444852 6
5.931648 12.384302 47.903184 6
-1.530944 20.006545 47.903184 6
-4.400704 9.732629 47.903184 6
-6.228352 19.404881 10.703184 6
-1.530944 5.965386 10.703184 6
7.759296 16.753208 10.703184 6
18.091648 5.363723 29.303184 6
10.629056 12.985965 29.303184 6
7.759296 2.712050 29.303184 6
6.197952 11.472329 47.893140 1
-0.874304 20.693157 47.893140 1
-5.323648 9.957990 47.893140 1
-5.962048 18.492908 10.693140 1
-0.874304 6.651999 10.693140 1
6.836352 16.978569 10.693140 1
18.357952 4.451749 29.293140 1
11.285696 13.672578 29.293140 1
6.836352 2.937410 29.293140 1
6.077568 13.150949 46.777140 6
-2.267840 19.749592 46.777140 6
-3.809728 9.222935 46.777140 6
-6.082432 20.171528 9.577140 6
-2.267840 5.708433 9.577140 6
8.350272 16.243514 9.577140 6
18.237568 6.130370 28.177140 6
9.892160 12.729012 28.177140 6
8.350272 2.202356 28.177140 6
5.695744 14.444140 46.821780 6
-3.196864 18.772327 46.821780 6
-2.498880 8.907009 46.821780 6
5.695744 0.402981 9.621780 6
21.123136 4.731168 9.621780 6
9.661120 15.927588 9.621780 6
17.855744 7.423561 28.221780 6
8.963136 11.751748 28.221780 6
9.661120 1.886430 28.221780 6
5.795456 14.983320 46.046160 1
-3.713664 18.589090 46.046160 1
-2.081792 8.551066 46.046160 1
5.795456 0.942162 8.846160 1
20.606336 4.547931 8.846160 1
10.078208 15.571645 8.846160 1
17.955456 7.962741 27.446160 1
8.446336 11.568511 27.446160 1
10.078208 1.530486 27.446160 1
4.634176 3.304587 51.051420 6
19.141056 2.361021 51.051420 6
12.704768 15.396130 51.051420 6
16.794176 10.325166 13.851420 6
6.981056 9.381600 13.851420 6
12.704768 1.354972 13.851420 6
4.634176 17.345745 32.451420 6
-5.178944 16.402179 32.451420 6
0.544768 8.375551 32.451420 6
4.185472 2.573744 51.458760 1
19.998336 2.337853 51.458760 1
12.296192 16.150141 51.458760 1
16.345472 9.594324 14.258760 1
7.838336 9.358432 14.258760 1
12.296192 2.108982 14.258760 1
4.185472 16.614903 32.858760 1
-4.321664 16.379011 32.858760 1
0.136192 9.129561 32.858760 1
5.451328 3.056058 50.035860 6
18.947712 3.192959 50.035860 6
12.080960 14.812720 50.035860 6
17.611328 10.076637 12.835860 6
6.787712 10.213539 12.835860 6
12.080960 0.771562 12.835860 6
5.451328 17.097217 31.435860 6
-5.372288 17.234118 31.435860 6
-0.079040 7.792141 31.435860 6
5.614272 2.167253 49.751280 1
19.635968 3.778476 49.751280 1
11.229760 15.116009 49.751280 1
17.774272 9.187832 12.551280 1
7.475968 10.799055 12.551280 1
11.229760 1.074851 12.551280 1
5.614272 16.208411 31.151280 1
-4.684032 17.819634 31.151280 1
-0.930240 8.095430 31.151280 1
6.028928 4.073340 49.444380 6
17.777920 3.184535 49.444380 6
12.673152 13.803863 49.444380 6
-6.131072 11.093919 12.244380 6
5.617920 10.205114 12.244380 6
0.513152 20.824442 12.244380 6
6.028928 18.114499 30.844380 6
-6.542080 17.225693 30.844380 6
0.513152 6.783284 30.844380 6
6.612608 3.921696 48.713400 1
17.617408 3.765839 48.713400 1
12.249984 13.374204 48.713400 1
-5.547392 10.942275 11.513400 1
5.457408 10.786418 11.513400 1
0.089984 20.394783 11.513400 1
6.612608 17.962854 30.113400 1
-6.702592 17.806997 30.113400 1
0.089984 6.353624 30.113400 1
5.797888 5.366531 49.879620 6
16.773504 2.337853 49.879620 6
13.908608 13.357354 49.879620 6
-6.362112 12.387110 12.679620 6
4.613504 9.358432 12.679620 6
1.748608 20.377933 12.679620 6
5.797888 19.407689 31.279620 6
-7.546496 16.379011 31.279620 6
1.748608 6.336775 31.279620 6
6.191872 6.095267 49.410900 1
15.945408 2.314685 49.410900 1
14.342720 12.651786 49.410900 1
-5.968128 13.115846 12.210900 1
3.785408 9.335264 12.210900 1
2.182720 19.672365 12.210900 1
6.191872 20.136425 30.810900 1
-8.374592 16.355844 30.810900 1
2.182720 5.631207 30.810900 1
5.020864 5.608741 50.945400 6
16.952256 1.543825 50.945400 6
14.506880 13.909172 50.945400 6
-7.139136 12.629320 13.745400 6
4.792256 8.564405 13.745400 6
2.346880 20.929751 13.745400 6
5.020864 19.649899 32.345400 6
-7.367744 15.584984 32.345400 6
2.346880 6.888592 32.345400 6
4.404352 4.578822 51.542460 6
18.152448 1.524870 51.542460 6
13.923200 14.958046 51.542460 6
16.564352 11.599401 14.342460 6
5.992448 8.545449 14.342460 6
13.923200 0.916888 14.342460 6
4.404352 18.619980 32.942460 6
-6.167552 15.566028 32.942460 6
1.763200 7.937467 32.942460 6
3.825536 4.717829 52.284600 1
18.321472 0.954097 52.284600 1
14.332992 15.389812 52.284600 1
15.985536 11.738409 15.084600 1
6.161472 7.974676 15.084600 1
14.332992 1.348653 15.084600 1
3.825536 18.758988 33.684600 1
-5.998528 14.995255 33.684600 1
2.172992 8.369233 33.684600 1
11.820736 12.403257 53.980920 6
7.668096 4.035429 53.980920 6
16.991168 4.623051 53.980920 6
-0.339264 19.423837 16.780920 6
-4.491904 11.056008 16.780920 6
4.831168 11.643631 16.780920 6
-0.339264 5.382678 35.380920 6
7.668096 18.076588 35.380920 6
-7.328832 18.664210 35.380920 6
12.087040 12.750776 54.856980 1
7.233984 4.092296 54.856980 1
17.158976 4.218666 54.856980 1
-0.072960 19.771355 17.656980 1
-4.926016 11.112875 17.656980 1
4.998976 11.239245 17.656980 1
-0.072960 5.730197 36.256980 1
7.233984 18.133454 36.256980 1
-7.161024 18.259825 36.256980 1
11.926528 13.104613 53.305740 1
7.007808 3.776370 53.305740 1
17.545664 4.180755 53.305740 1
-0.233472 20.125193 16.105740 1
-5.152192 10.796949 16.105740 1
5.385664 11.201334 16.105740 1
-0.233472 6.084034 34.705740 1
7.007808 17.817528 34.705740 1
-6.774336 18.221914 34.705740 1
12.384960 11.636610 53.746560 1
8.049920 4.907385 53.746560 1
16.045120 4.517743 53.746560 1
0.224960 18.657189 16.546560 1
-4.110080 11.927964 16.546560 1
3.885120 11.538322 16.546560 1
0.224960 4.616031 35.146560 1
8.049920 18.948543 35.146560 1
-8.274880 18.558901 35.146560 1
4.786176 7.034620 51.404076 6
15.834752 0.627640 51.404076 6
15.859072 13.399478 51.404076 6
-7.373824 14.055200 14.204076 6
3.674752 7.648219 14.204076 6
3.699072 20.420057 14.204076 6
16.946176 0.014041 32.804076 6
15.834752 14.668798 32.804076 6
3.699072 6.378898 32.804076 6
4.461504 7.007240 52.345980 1
16.020800 0.360156 52.345980 1
15.997696 13.694342 52.345980 1
-7.698496 14.027819 15.145980 1
3.860800 7.380735 15.145980 1
3.837696 20.714921 15.145980 1
4.461504 21.048399 33.745980 1
-8.299200 14.401314 33.745980 1
3.837696 6.673763 33.745980 1
8.266368 16.129079 48.523680 6
-5.941376 20.156083 48.523680 6
-2.324992 5.838314 48.523680 6
8.266368 2.087920 11.323680 6
18.378624 6.114925 11.323680 6
9.835008 12.858893 11.323680 6
-3.893632 9.108500 29.923680 6
6.218624 13.135504 29.923680 6
-2.324992 19.879472 29.923680 6
8.034112 17.041052 48.646440 1
-6.615040 19.498957 48.646440 1
-1.419072 5.583467 48.646440 1
8.034112 2.999894 11.446440 1
17.704960 5.457798 11.446440 1
10.740928 12.604046 11.446440 1
-4.125888 10.020473 30.046440 1
5.544960 12.478378 30.046440 1
-1.419072 19.624625 30.046440 1
8.891392 15.745755 47.357460 6
-5.921920 20.889032 47.357460 6
-2.969472 5.488689 47.357460 6
8.891392 1.704597 10.157460 6
18.398080 6.847873 10.157460 6
9.190528 12.509268 10.157460 6
-3.268608 8.725176 28.757460 6
6.238080 13.868452 28.757460 6
-2.969472 19.529847 28.757460 6
9.098112 13.546910 48.243006 6
8.038976 1.105741 48.243006 6
19.342912 6.409087 48.243006 6
-3.061888 20.567489 11.043006 6
-4.121024 8.126321 11.043006 6
7.182912 13.429666 11.043006 6
-3.061888 6.526330 29.643006 6
8.038976 15.146900 29.643006 6
-4.977088 20.450245 29.643006 6
9.500608 12.238976 48.101832 6
8.970432 2.108280 48.101832 6
18.008960 6.714482 48.101832 6
-2.659392 19.259555 10.901832 6
-3.189568 9.128859 10.901832 6
5.848960 13.735061 10.901832 6
-2.659392 5.218397 29.501832 6
8.970432 16.149439 29.501832 6
-6.311040 20.755641 29.501832 6
-1.382592 12.386408 38.931660 6
2.124352 13.671174 38.931660 6
-0.741760 16.065894 38.931660 6
10.777408 19.406987 1.731660 6
-10.035648 20.691753 1.731660 6
-0.741760 2.024735 1.731660 6
10.777408 5.365829 20.331660 6
14.284352 6.650595 20.331660 6
11.418240 9.045314 20.331660 6
-2.001536 13.121463 39.110220 1
1.797248 12.767625 39.110220 1
0.204288 16.234388 39.110220 1
10.158464 20.142042 1.910220 1
-10.362752 19.788205 1.910220 1
0.204288 2.193229 1.910220 1
10.158464 6.100883 20.510220 1
13.957248 5.747046 20.510220 1
12.364288 9.213808 20.510220 1
-1.841024 11.693477 38.407140 1
2.953664 13.620626 38.407140 1
-1.112640 16.809373 38.407140 1
10.318976 18.714056 1.207140 1
-9.206336 20.641205 1.207140 1
-1.112640 2.768214 1.207140 1
10.318976 4.672898 19.807140 1
15.113664 6.600047 19.807140 1
11.047360 9.788794 19.807140 1
-0.615296 12.721290 38.423880 1
1.450688 14.168231 38.423880 1
-0.835392 15.233955 38.423880 1
11.544704 19.741869 1.223880 1
1.450688 0.127072 1.223880 1
23.484608 1.192796 1.223880 1
11.544704 5.700710 19.823880 1
13.610688 7.147652 19.823880 1
11.324608 8.213376 19.823880 1
4.793472 11.129022 38.513160 6
0.125248 19.648495 38.513160 6
-4.918720 11.345958 38.513160 6
-7.366528 18.149602 1.313160 6
0.125248 5.607337 1.313160 6
7.241280 18.366537 1.313160 6
16.953472 4.108443 19.913160 6
12.285248 12.627916 19.913160 6
7.241280 4.325379 19.913160 6
4.799552 11.590274 39.378060 1
-0.277248 19.423135 39.378060 1
-4.522304 11.110067 39.378060 1
-7.360448 18.610854 2.178060 1
-0.277248 5.381976 2.178060 1
7.637696 18.130646 2.178060 1
16.959552 4.569695 20.778060 1
11.882752 12.402555 20.778060 1
7.637696 4.089487 20.778060 1
4.555136 11.760874 37.804500 1
-0.302784 19.126164 37.804500 1
-4.252352 11.236437 37.804500 1
-7.604864 18.781454 0.604500 1
-0.302784 5.085006 0.604500 1
7.907648 18.257016 0.604500 1
16.715136 4.740295 19.204500 1
11.857216 12.105585 19.204500 1
7.907648 4.215858 19.204500 1
5.683584 10.758336 38.334600 1
0.001216 20.604698 38.334600 1
-5.684800 10.760442 38.334600 1
-6.476416 17.778915 1.134600 1
0.001216 6.563540 1.134600 1
6.475200 17.781021 1.134600 1
17.843584 3.737756 19.734600 1
12.161216 13.584119 19.734600 1
6.475200 3.739863 19.734600 1
9.172288 11.358595 49.098420 6
9.897024 2.264137 49.098420 6
17.410688 7.439006 49.098420 6
-2.987712 18.379174 11.898420 6
-2.262976 9.284716 11.898420 6
5.250688 14.459585 11.898420 6
21.332288 4.338016 30.498420 6
9.897024 16.305295 30.498420 6
5.250688 0.418427 30.498420 6
9.492096 10.467684 49.031460 1
10.508672 2.986554 49.031460 1
16.479232 7.607500 49.031460 1
-2.667904 17.488263 11.831460 1
-1.651328 10.007134 11.831460 1
4.319232 14.628079 11.831460 1
21.652096 3.447104 30.431460 1
10.508672 17.027713 30.431460 1
4.319232 0.586920 30.431460 1
2.698304 7.192583 36.409500 6
4.581888 19.802246 36.409500 6
-7.280192 15.128646 36.409500 6
14.858304 14.213163 55.009500 6
4.581888 5.761087 55.009500 6
17.039808 1.087488 55.009500 6
14.858304 0.172004 17.809500 6
16.741888 12.781667 17.809500 6
4.879808 8.108067 17.809500 6
3.309952 7.472705 35.695260 1
4.033472 20.191888 35.695260 1
-7.343424 14.458883 35.695260 1
15.469952 14.493284 54.295260 1
4.033472 6.150730 54.295260 1
16.976576 0.417724 54.295260 1
15.469952 0.452125 17.095260 1
16.193472 13.171309 17.095260 1
4.816576 7.438304 17.095260 1
1.782656 7.160991 36.063540 1
5.067072 19.025068 36.063540 1
-6.849728 15.937417 36.063540 1
13.942656 14.181570 54.663540 1
5.067072 4.983909 54.663540 1
17.470272 1.896258 54.663540 1
13.942656 0.140412 17.463540 1
17.227072 12.004488 17.463540 1
5.310272 8.916838 17.463540 1
2.958528 6.303778 36.733140 1
5.221504 20.472009 36.733140 1
-8.180032 15.347688 36.733140 1
15.118528 13.324357 55.333140 1
5.221504 6.430851 55.333140 1
16.139968 1.306530 55.333140 1
2.958528 20.344937 18.133140 1
-6.938496 13.451430 18.133140 1
3.979968 8.327109 18.133140 1
7.435840 6.821897 46.297260 6
14.694144 3.028678 46.297260 6
14.350016 11.211163 46.297260 6
-4.724160 13.842476 9.097260 6
2.534144 10.049257 9.097260 6
2.190016 18.231742 9.097260 6
7.435840 20.863055 27.697260 6
-9.625856 17.069836 27.697260 6
2.190016 4.190584 27.697260 6
7.387200 7.533784 46.966860 1
14.101952 2.630611 46.966860 1
14.990848 10.897343 46.966860 1
-4.772800 14.554363 9.766860 1
1.941952 9.651190 9.766860 1
2.830848 17.917922 9.766860 1
19.547200 0.513204 28.366860 1
14.101952 16.671770 28.366860 1
2.830848 3.876764 28.366860 1
8.334464 6.802941 45.906660 1
14.261248 3.816387 45.906660 1
13.884288 10.442410 45.906660 1
-3.825536 13.823521 8.706660 1
2.101248 10.836966 8.706660 1
1.724288 17.462989 8.706660 1
8.334464 20.844100 27.306660 1
-10.058752 17.857545 27.306660 1
1.724288 3.421830 27.306660 1
7.243712 5.958366 46.715760 1
15.538048 3.294056 46.715760 1
13.698240 11.809316 46.715760 1
-4.916288 12.978945 9.515760 1
3.378048 10.314635 9.515760 1
1.538240 18.829896 9.515760 1
7.243712 19.999524 28.115760 1
-8.781952 17.335214 28.115760 1
1.538240 4.788737 28.115760 1
4.799552 2.921263 44.863200 6
19.390336 2.695902 44.863200 6
12.290112 15.444572 44.863200 6
16.959552 9.941842 7.663200 6
7.230336 9.716482 7.663200 6
12.290112 1.403414 7.663200 6
4.799552 16.962422 26.263200 6
-4.929664 16.737061 26.263200 6
0.130112 8.423993 26.263200 6
4.793472 2.455799 43.998300 1
19.796480 2.923369 43.998300 1
11.890048 15.682570 43.998300 1
16.953472 9.476378 6.798300 1
7.636480 9.943948 6.798300 1
11.890048 1.641411 6.798300 1
4.793472 16.496957 25.398300 1
-4.523520 16.964528 25.398300 1
-0.269952 8.661991 25.398300 1
4.567296 2.291517 45.577440 1
20.051840 2.809636 45.577440 1
11.860864 15.960585 45.577440 1
16.727296 9.312096 8.377440 1
7.891840 9.830215 8.377440 1
11.860864 1.919426 8.377440 1
4.567296 16.332676 26.977440 1
-4.268160 16.850794 26.977440 1
-0.299136 8.940006 26.977440 1
5.695744 3.285631 45.030600 1
18.626688 3.289843 45.030600 1
12.157568 14.486263 45.030600 1
17.855744 10.306210 7.830600 1
6.466688 10.310423 7.830600 1
12.157568 0.445105 7.830600 1
5.695744 17.326790 26.430600 1
-5.693312 17.331002 26.430600 1
-0.002432 7.465684 26.430600 1
1.996672 6.069993 44.718678 6
5.904896 19.755910 44.718678 6
-7.901568 16.297573 44.718678 6
14.156672 13.090572 7.518678 6
5.904896 5.714752 7.518678 6
16.418432 2.256414 7.518678 6
1.996672 20.111151 26.118678 6
-6.255104 12.735331 26.118678 6
4.258432 9.276993 26.118678 6
1.380160 6.792410 44.679060 1
5.587520 18.860786 44.679060 1
-6.967680 16.470279 44.679060 1
13.540160 13.812990 7.479060 1
5.587520 4.819628 7.479060 1
17.352320 2.429120 7.479060 1
1.380160 20.833569 26.079060 1
-6.572480 11.840207 26.079060 1
5.192320 9.449700 26.079060 1
2.683712 6.897719 46.955700 6
4.844544 19.937041 46.955700 6
-7.528256 15.288715 46.955700 6
14.843712 13.918298 9.755700 6
4.844544 5.895882 9.755700 6
16.791744 1.247557 9.755700 6
2.683712 20.938878 28.355700 6
-7.315456 12.916462 28.355700 6
4.631744 8.268136 28.355700 6
3.325760 6.687102 47.669940 1
4.705920 20.598380 47.669940 1
-8.031680 14.837994 47.669940 1
15.485760 13.707681 10.469940 1
4.705920 6.557221 10.469940 1
16.288320 0.796836 10.469940 1
3.325760 20.728260 29.069940 1
-7.454080 13.577800 29.069940 1
4.128320 7.817415 29.069940 1
1.775360 6.878764 47.323980 1
5.315136 19.159863 47.323980 1
-7.090496 16.084849 47.323980 1
13.935360 13.899343 10.123980 1
5.315136 5.118704 10.123980 1
17.229504 2.043691 10.123980 1
1.775360 20.919922 28.723980 1
-6.844864 12.139284 28.723980 1
5.069504 9.064270 28.723980 1
2.873408 7.790737 46.598580 1
3.976320 19.654814 46.598580 1
-6.849728 14.677925 46.598580 1
15.033408 14.811316 9.398580 1
3.976320 5.613655 9.398580 1
17.470272 0.636767 9.398580 1
15.033408 0.770158 27.998580 1
16.136320 12.634234 27.998580 1
5.310272 7.657346 27.998580 1
22.819456 1.807097 39.456180 6
11.345280 18.858680 39.456180 6
2.315264 0.395961 39.456180 6
10.659456 8.827676 2.256180 6
11.345280 4.817521 2.256180 6
14.475264 7.416540 2.256180 6
-1.500544 15.848256 20.856180 6
-0.814720 11.838101 20.856180 6
2.315264 14.437119 20.856180 6
22.239424 1.034131 39.612420 1
12.304704 18.742840 39.612420 1
1.935872 1.284766 39.612420 1
10.079424 8.054711 2.412420 1
12.304704 4.701682 2.412420 1
14.095872 8.305345 2.412420 1
-2.080576 15.075290 21.012420 1
0.144704 11.722261 21.012420 1
1.935872 15.325925 21.012420 1
-0.738112 1.535401 38.898180 1
11.199360 19.654814 38.898180 1
-10.461248 20.933261 38.898180 1
11.421888 8.555980 1.698180 1
11.199360 5.613655 1.698180 1
13.858752 6.892103 1.698180 1
-0.738112 15.576559 20.298180 1
-0.960640 12.634234 20.298180 1
1.698752 13.912682 20.298180 1
22.311168 2.506347 38.993040 1
10.993856 18.068865 38.993040 1
3.174976 0.486526 38.993040 1
10.151168 9.526926 1.793040 1
10.993856 4.027706 1.793040 1
15.334976 7.507105 1.793040 1
-2.008832 16.547505 20.393040 1
-1.166144 11.048286 20.393040 1
3.174976 14.527685 20.393040 1
-3.216320 6.510183 42.257898 6
8.130176 15.021231 42.257898 6
-4.913856 20.592061 42.257898 6
8.943680 13.530762 5.057898 6
8.130176 0.980073 5.057898 6
19.406144 6.550903 5.057898 6
-3.216320 20.551342 23.657898 6
-4.029824 8.000652 23.657898 6
7.246144 13.571482 23.657898 6
-3.215104 6.992497 43.133400 1
7.711872 14.781128 43.133400 1
-4.496768 20.349851 43.133400 1
8.944896 14.013076 5.933400 1
7.711872 0.739969 5.933400 1
19.823232 6.308693 5.933400 1
-3.215104 21.033656 24.533400 1
-4.448128 7.760548 24.533400 1
7.663232 13.329272 24.533400 1
-3.232128 7.531677 41.132412 6
7.253440 14.496794 41.132412 6
-4.021312 20.095004 41.132412 6
8.927872 14.552257 3.932412 6
7.253440 0.455636 3.932412 6
20.298688 6.053846 3.932412 6
8.927872 0.511098 22.532412 6
19.413440 7.476215 22.532412 6
8.138688 13.074425 22.532412 6
-3.234560 7.038833 40.265280 1
7.681472 14.741110 40.265280 1
-4.446912 20.343533 40.265280 1
8.925440 14.059412 3.065280 1
7.681472 0.699952 3.065280 1
19.873088 6.302374 3.065280 1
8.925440 0.018254 21.665280 1
19.841472 7.720531 21.665280 1
7.713088 13.322953 21.665280 1
-4.414080 8.399421 41.168124 6
7.092928 13.039322 41.168124 6
-2.678848 20.684733 41.168124 6
7.745920 15.420000 3.968124 6
-5.067072 20.059901 3.968124 6
-2.678848 6.643574 3.968124 6
7.745920 1.378842 22.568124 6
19.252928 6.018743 22.568124 6
9.481152 13.664153 22.568124 6
18.811520 8.045584 40.455000 6
7.946560 12.268462 40.455000 6
9.721920 0.747692 40.455000 6
6.651520 15.066163 3.255000 6
-4.213440 19.289042 3.255000 6
-2.438080 7.768271 3.255000 6
6.651520 1.025005 21.855000 6
20.106560 5.247883 21.855000 6
9.721920 14.788850 21.855000 6
18.880832 7.344228 39.818880 1
8.519296 12.679166 39.818880 1
9.079872 1.038344 39.818880 1
6.720832 14.364807 2.618880 1
-3.640704 19.699745 2.618880 1
-3.080128 8.058923 2.618880 1
6.720832 0.323649 21.218880 1
20.679296 5.658587 21.218880 1
9.079872 15.079502 21.218880 1
17.601600 8.679542 40.633560 6
8.002496 10.903662 40.633560 6
10.875904 1.478534 40.633560 6
5.441600 15.700121 3.433560 6
-4.157504 17.924241 3.433560 6
-1.284096 8.499113 3.433560 6
5.441600 1.658963 22.033560 6
20.162496 3.883082 22.033560 6
10.875904 15.519693 22.033560 6
16.829440 8.390996 40.164840 1
8.638464 10.379224 40.164840 1
11.012096 2.291517 40.164840 1
4.669440 15.411576 2.964840 1
-3.521536 17.399804 2.964840 1
-1.147904 9.312096 2.964840 1
4.669440 1.370417 21.564840 1
20.798464 3.358645 21.564840 1
11.012096 16.332676 21.564840 1
17.538368 9.719992 41.498460 6
7.133056 10.328676 41.498460 6
11.808576 1.013070 41.498460 6
5.378368 16.740571 4.298460 6
-5.026944 17.349256 4.298460 6
-0.351424 8.033649 4.298460 6
5.378368 2.699413 22.898460 6
19.293056 3.308097 22.898460 6
11.808576 15.054228 22.898460 6
16.710272 10.160182 41.649120 1
7.165888 9.391429 41.649120 1
12.603840 1.510127 41.649120 1
4.550272 17.180762 4.449120 1
-4.994112 16.412008 4.449120 1
0.443840 8.530706 4.449120 1
4.550272 3.139603 23.049120 1
19.325888 2.370850 23.049120 1
12.603840 15.551285 23.049120 1
-5.656832 10.147545 42.156900 6
6.200384 11.089005 42.156900 6
-0.543552 20.886925 42.156900 6
6.503168 17.168125 4.956900 6
-5.959616 18.109584 4.956900 6
-0.543552 6.845767 4.956900 6
6.503168 3.126966 23.556900 6
18.360384 4.068426 23.556900 6
11.616448 13.866346 23.556900 6
-5.678720 10.909980 42.720480 1
5.551040 10.688832 42.720480 1
0.127680 20.524664 42.720480 1
6.481280 17.930559 5.520480 1
-6.608960 17.709411 5.520480 1
0.127680 6.483505 5.520480 1
6.481280 3.889401 24.120480 1
17.711040 3.668253 24.120480 1
12.287680 13.504084 24.120480 1
-4.524736 9.450402 41.978340 6
6.238080 12.418001 41.978340 6
-1.713344 20.255073 41.978340 6
7.635264 16.470981 4.778340 6
-5.921920 19.438580 4.778340 6
-1.713344 6.213915 4.778340 6
7.635264 2.429822 23.378340 6
18.398080 5.397421 23.378340 6
10.446656 13.234494 23.378340 6
-3.753792 9.724204 42.458220 1
5.615488 12.948756 42.458220 1
-1.861696 19.450515 42.458220 1
8.406208 16.744784 5.258220 1
-6.544512 19.969336 5.258220 1
-1.861696 5.409356 5.258220 1
8.406208 2.703625 23.858220 1
17.775488 5.928177 23.858220 1
10.298304 12.429936 23.858220 1
19.912000 5.642440 42.193170 6
9.477504 14.423078 42.193170 6
7.090496 0.996220 42.193170 6
7.752000 12.663019 4.993170 6
9.477504 0.381920 4.993170 6
19.250496 8.016799 4.993170 6
-4.408000 19.683598 23.593170 6
-2.682496 7.402499 23.593170 6
7.090496 15.037379 23.593170 6
19.802560 4.580928 41.377932 6
10.451520 14.859056 41.377932 6
6.225920 1.621754 41.377932 6
7.642560 11.601507 4.177932 6
10.451520 0.817897 4.177932 6
18.385920 8.642333 4.177932 6
-4.517440 18.622087 22.777932 6
-1.708480 7.838477 22.777932 6
6.225920 15.662912 22.777932 6
20.568640 4.294488 40.895820 1
10.316544 15.665721 40.895820 1
5.594816 1.101529 40.895820 1
8.408640 11.315068 3.695820 1
10.316544 1.624562 3.695820 1
17.754816 8.122108 3.695820 1
-3.751360 18.335647 22.295820 1
-1.843456 8.645141 22.295820 1
5.594816 15.142687 22.295820 1
18.647360 3.906952 41.213880 6
11.612800 14.195611 41.213880 6
6.219840 2.959174 41.213880 6
6.487360 10.927532 4.013880 6
11.612800 0.154453 4.013880 6
18.379840 9.979753 4.013880 6
-5.672640 17.948111 22.613880 6
-0.547200 7.175032 22.613880 6
6.219840 17.000333 22.613880 6
18.618176 3.136093 40.661460 1
12.294976 14.555767 40.661460 1
5.566848 3.369878 40.661460 1
6.458176 10.156672 3.461460 1
12.294976 0.514608 3.461460 1
17.726848 10.390457 3.461460 1
-5.701824 17.177251 22.061460 1
0.134976 7.535188 22.061460 1
5.566848 17.411037 22.061460 1
17.528640 4.332399 41.844420 6
11.803712 13.014048 41.844420 6
7.147648 3.715291 41.844420 6
5.368640 11.352979 4.644420 6
-0.356288 20.034627 4.644420 6
-5.012352 10.735870 4.644420 6
-6.791360 18.373558 23.244420 6
-0.356288 5.993469 23.244420 6
7.147648 17.756449 23.244420 6
16.696896 3.911165 41.671440 1
12.584384 12.504354 41.671440 1
7.198720 4.646219 41.671440 1
4.536896 10.931744 4.471440 1
0.424384 19.524933 4.471440 1
-4.961280 11.666799 4.471440 1
-7.623104 17.952323 23.071440 1
0.424384 5.483774 23.071440 1
7.198720 18.687378 23.071440 1
17.597952 5.349681 42.714900 6
10.888064 12.565433 42.714900 6
7.993984 3.146624 42.714900 6
5.437952 12.370261 5.514900 6
-1.271936 19.586012 5.514900 6
-4.166016 10.167203 5.514900 6
-6.722048 19.390840 24.114900 6
-1.271936 5.544854 24.114900 6
7.993984 17.187782 24.114900 6
16.823360 5.617165 43.194780 1
11.043712 11.760874 43.194780 1
8.612928 3.683698 43.194780 1
4.663360 12.637745 5.994780 1
-1.116288 18.781454 5.994780 1
-3.547072 10.704277 5.994780 1
-7.496640 19.658324 24.594780 1
-1.116288 4.740295 24.594780 1
8.612928 17.724856 24.594780 1
18.805440 6.013126 42.915780 6
9.709760 13.279426 42.915780 6
7.964800 1.769186 42.915780 6
6.645440 13.033705 5.715780 6
-2.450240 20.300005 5.715780 6
-4.195200 8.789765 5.715780 6
-5.514560 20.054285 24.315780 6
-2.450240 6.258846 24.315780 6
7.964800 15.810345 24.315780 6
18.862592 6.718694 43.551900 1
9.070144 12.976137 43.551900 1
8.547264 1.366907 43.551900 1
6.702592 13.739274 6.351900 1
-3.089856 19.996716 6.351900 1
-3.612736 8.387486 6.351900 1
-5.457408 20.759853 24.951900 1
-3.089856 5.955557 24.951900 1
8.547264 15.408065 24.951900 1
10.328704 11.777724 46.955700 6
8.955840 3.056058 46.955700 6
17.195456 6.227956 46.955700 6
-1.831296 18.798303 9.755700 6
-3.204160 10.076637 9.755700 6
5.035456 13.248535 9.755700 6
-1.831296 4.757145 28.355700 6
8.955840 17.097217 28.355700 6
-7.124544 20.269114 28.355700 6
10.520832 10.821521 47.056140 1
9.687872 3.700547 47.056140 1
16.271296 6.539670 47.056140 1
-1.639168 17.842100 9.856140 1
-2.472128 10.721127 9.856140 1
4.111296 13.560249 9.856140 1
-1.639168 3.800942 28.456140 1
9.687872 17.741706 28.456140 1
-8.048704 20.580828 28.456140 1
11.170176 12.278993 46.938960 1
8.100992 3.534160 46.938960 1
17.208832 5.248585 46.938960 1
-0.989824 19.299572 9.738960 1
-4.059008 10.554739 9.738960 1
5.048832 12.269164 9.738960 1
-0.989824 5.258414 28.338960 1
8.100992 17.575318 28.338960 1
-7.111168 19.289744 28.338960 1
9.843520 11.927262 46.124280 1
9.068928 2.561107 46.124280 1
17.567552 6.573368 46.124280 1
-2.316480 18.947841 8.924280 1
-3.091072 9.581687 8.924280 1
5.407552 13.593948 8.924280 1
-2.316480 4.906683 27.524280 1
9.068928 16.602266 27.524280 1
-6.752448 20.614527 27.524280 1
9.313344 14.479945 47.245860 6
7.123328 0.825620 47.245860 6
20.043328 5.756173 47.245860 6
9.313344 0.438786 10.045860 6
19.283328 7.846199 10.045860 6
7.883328 12.776752 10.045860 6
-2.846656 7.459365 28.645860 6
7.123328 14.866779 28.645860 6
-4.276672 19.797331 28.645860 6
9.776640 14.216673 46.459080 1
7.119680 1.358482 46.459080 1
19.583680 5.486583 46.459080 1
9.776640 0.175514 9.259080 1
19.279680 8.379061 9.259080 1
7.423680 12.507162 9.259080 1
-2.383360 7.196094 27.859080 1
7.119680 15.399641 27.859080 1
-4.736320 19.527741 27.859080 1
9.010560 16.701958 46.224720 6
-6.809600 20.514133 46.224720 6
-2.200960 4.907385 46.224720 6
9.010560 2.660800 9.024720 6
17.510400 6.472974 9.024720 6
9.959040 11.927964 9.024720 6
-3.149440 9.681379 27.624720 6
5.350400 13.493553 27.624720 6
-2.200960 18.948543 27.624720 6
9.430080 16.253343 45.460260 1
5.529152 0.040017 45.460260 1
21.520768 4.768377 45.460260 1
9.430080 2.212185 8.260260 1
17.689152 7.060597 8.260260 1
9.360768 11.788957 8.260260 1
-2.729920 9.232764 26.860260 1
5.529152 14.081176 26.860260 1
-2.799232 18.809536 26.860260 1
9.558976 17.466499 46.498140 1
-7.745920 20.606804 46.498140 1
-1.813056 4.050172 46.498140 1
9.558976 3.425341 9.298140 1
16.574080 6.565646 9.298140 1
10.346944 11.070751 9.298140 1
-2.601024 10.445920 27.898140 1
4.414080 13.586225 27.898140 1
-1.813056 18.091331 27.898140 1
8.118016 17.017884 45.968040 1
-6.636928 19.583204 45.968040 1
-1.481088 5.522388 45.968040 1
8.118016 2.976726 8.768040 1
17.683072 5.542045 8.768040 1
10.678912 12.542967 8.768040 1
-4.041984 9.997305 27.368040 1
5.523072 12.562625 27.368040 1
-1.481088 19.563546 27.368040 1
5.006272 14.808508 55.017126 6
-3.167680 17.993043 55.017126 6
-1.838592 9.321925 55.017126 6
5.006272 0.767349 17.817126 6
21.152320 3.951884 17.817126 6
10.321408 16.342504 17.817126 6
17.166272 7.787929 36.417126 6
8.992320 10.972463 36.417126 6
10.321408 2.301346 36.417126 6
5.564416 15.320308 55.638180 1
-3.889984 18.220509 55.638180 1
-1.674432 8.582658 55.638180 1
5.564416 1.279150 18.438180 1
20.430016 4.179351 18.438180 1
10.485568 15.603237 18.438180 1
17.724416 8.299729 37.038180 1
8.270016 11.199930 37.038180 1
10.485568 1.562079 37.038180 1
4.630528 14.031330 55.476360 1
-2.306752 18.056228 55.476360 1
-2.323776 10.035918 55.476360 1
-7.529472 21.051909 18.276360 1
-2.306752 4.015069 18.276360 1
9.836224 17.056497 18.276360 1
16.790528 7.010750 36.876360 1
9.853248 11.035649 36.876360 1
9.836224 3.015339 36.876360 1
4.279104 15.377175 54.689580 1
-3.296576 17.078963 54.689580 1
-0.982528 9.667338 54.689580 1
4.279104 1.336016 17.489580 1
21.023424 3.037805 17.489580 1
11.177472 16.687917 17.489580 1
16.439104 8.356596 36.089580 1
8.863424 10.058384 36.089580 1
11.177472 2.646758 36.089580 1
9.963904 16.166990 55.760940 6
5.337024 0.545499 55.760940 6
21.179072 4.349249 55.760940 6
9.963904 2.125831 18.560940 6
17.497024 7.566078 18.560940 6
9.019072 11.369828 18.560940 6
-2.196096 9.146411 37.160940 6
5.337024 14.586658 37.160940 6
-3.140928 18.390407 37.160940 6
10.903872 16.274405 55.504260 1
4.774016 1.305828 55.504260 1
20.802112 3.481505 55.504260 1
10.903872 2.233246 18.304260 1
16.934016 8.326407 18.304260 1
8.642112 10.502085 18.304260 1
-1.256128 9.253826 36.904260 1
4.774016 15.346986 36.904260 1
-3.517888 17.522664 36.904260 1
9.903104 15.573049 0.736560 1
5.881792 0.789815 0.736560 1
20.695104 4.698874 0.736560 1
9.903104 1.531890 19.336560 1
18.041792 7.810394 19.336560 1
8.535104 11.719453 19.336560 1
-2.256896 8.552470 37.936560 1
5.881792 14.830974 37.936560 1
-3.624896 18.740032 37.936560 1
9.583296 17.041052 0.184140 1
-7.389632 20.840590 0.184140 1
-2.193664 4.241834 0.184140 1
9.583296 2.999894 18.784140 1
16.930368 6.799431 18.784140 1
9.966336 11.262413 18.784140 1
-2.576704 10.020473 37.384140 1
4.770368 13.820010 37.384140 1
-2.193664 18.282993 37.384140 1
9.894592 6.219531 48.958920 6
13.986432 5.459202 48.958920 6
12.598976 9.383004 48.958920 6
-2.265408 13.240110 11.758920 6
1.826432 12.479782 11.758920 6
0.438976 16.403583 11.758920 6
9.894592 20.260690 30.358920 6
-10.333568 19.500361 30.358920 6
0.438976 2.362425 30.358920 6
10.298304 5.356000 49.182120 1
14.532416 6.240593 49.182120 1
11.649280 9.465145 49.182120 1
-1.861696 12.376579 11.982120 1
2.372416 13.261172 11.982120 1
-0.510720 16.485724 11.982120 1
10.298304 19.397158 30.582120 1
-9.787584 20.281751 30.582120 1
-0.510720 2.444566 30.582120 1
10.495296 6.716588 48.367440 1
13.255616 5.730899 48.367440 1
12.729088 8.614251 48.367440 1
-1.664704 13.737167 11.167440 1
1.095616 12.751478 11.167440 1
0.569088 15.634830 11.167440 1
10.495296 20.757747 29.767440 1
-11.064384 19.772057 29.767440 1
0.569088 1.593671 29.767440 1
9.038528 6.072099 48.506940 1
14.542144 4.791545 48.506940 1
12.899328 10.198093 48.506940 1
-3.121472 13.092678 11.306940 1
2.382144 11.812125 11.306940 1
0.739328 17.218673 11.306940 1
9.038528 20.113258 29.906940 1
-9.777856 18.832704 29.906940 1
0.739328 3.177514 29.906940 1
0.452352 11.693477 52.998840 6
1.806976 15.606748 52.998840 6
-2.259328 14.823251 52.998840 6
12.612352 18.714056 15.798840 6
1.806976 1.565589 15.798840 6
22.060672 0.782093 15.798840 6
12.612352 4.672898 34.398840 6
13.966976 8.586168 34.398840 6
9.900672 7.802672 34.398840 6
1.059136 11.720857 53.763300 1
1.479872 16.118548 53.763300 1
-2.539008 14.284071 53.763300 1
13.219136 18.741436 16.563300 1
1.479872 2.077389 16.563300 1
21.780992 0.242912 16.563300 1
13.219136 4.700278 35.163300 1
13.639872 9.097969 35.163300 1
9.620992 7.263491 35.163300 1
0.000000 10.825733 52.970940 1
2.784640 15.648871 52.970940 1
-2.784640 15.648871 52.970940 1
12.160000 17.846313 15.770940 1
2.784640 1.607713 15.770940 1
21.535360 1.607713 15.770940 1
12.160000 3.805154 34.370940 1
14.944640 8.628292 34.370940 1
9.375360 8.628292 34.370940 1
-0.212800 12.407470 53.082540 1
1.521216 14.673713 53.082540 1
-1.308416 15.042293 53.082540 1
11.947200 19.428049 15.882540 1
1.521216 0.632554 15.882540 1
23.011584 1.001135 15.882540 1
11.947200 5.386890 34.482540 1
13.681216 7.653133 34.482540 1
10.851584 8.021714 34.482540 1
6.750016 12.546477 45.555120 6
-2.080576 20.634185 45.555120 6
-4.669440 8.942814 45.555120 6
-5.409984 19.567056 8.355120 6
-2.080576 6.593026 8.355120 6
7.490560 15.963393 8.355120 6
18.910016 5.525898 26.955120 6
10.079424 13.613605 26.955120 6
7.490560 1.922235 26.955120 6
6.925120 11.594487 45.716940 1
10.816320 0.200087 45.716940 1
18.738560 9.267165 45.716940 1
-5.234880 18.615066 8.516940 1
-1.343680 7.220666 8.516940 1
6.578560 16.287744 8.516940 1
19.085120 4.573907 27.116940 1
10.816320 14.241245 27.116940 1
6.578560 2.246585 27.116940 1
7.596352 13.009835 45.382140 1
9.254976 0.073716 45.382140 1
19.628672 7.978186 45.382140 1
-4.563648 20.030415 8.182140 1
-2.905024 7.094295 8.182140 1
7.468672 14.998766 8.182140 1
19.756352 5.989256 26.782140 1
9.254976 14.114875 26.782140 1
7.468672 0.957607 26.782140 1
6.161472 12.643361 44.779500 1
-1.870208 20.076048 44.779500 1
-4.291264 9.404066 44.779500 1
-5.998528 19.663940 7.579500 1
-1.870208 6.034890 7.579500 1
7.868736 16.424645 7.579500 1
18.321472 5.622782 26.179500 1
10.289792 13.055469 26.179500 1
7.868736 2.383487 26.179500 1
9.728000 7.182053 52.624980 6
13.236160 4.833669 52.624980 6
13.515840 9.046016 52.624980 6
-2.432000 14.202632 15.424980 6
1.076160 11.854248 15.424980 6
1.355840 16.066596 15.424980 6
21.888000 0.161473 34.024980 6
13.236160 18.874827 34.024980 6
1.355840 2.025437 34.024980 6
7.491776 12.104181 0.602640 6
10.091584 0.435978 0.602640 6
18.896640 8.521579 0.602640 6
-4.668224 19.124760 19.202640 6
-2.068416 7.456557 19.202640 6
6.736640 15.542158 19.202640 6
19.651776 5.083601 37.802640 6
10.091584 14.477137 37.802640 6
6.736640 1.501000 37.802640 6
6.570048 11.813529 0.446400 1
-1.355840 20.844802 0.446400 1
-5.214208 9.465145 0.446400 1
-5.589952 18.834108 19.046400 1
-1.355840 6.803643 19.046400 1
6.945792 16.485724 19.046400 1
18.730048 4.792949 37.646400 1
10.804160 13.824223 37.646400 1
6.945792 2.444566 37.646400 1
7.501504 13.064596 0.797940 1
-2.905024 21.025933 0.797940 1
-4.596480 8.032947 0.797940 1
-4.658496 20.085175 19.397940 1
-2.905024 6.984774 19.397940 1
7.563520 15.053526 19.397940 1
19.661504 6.044017 37.997940 1
9.254976 14.005354 37.997940 1
7.563520 1.012368 37.997940 1
7.862656 11.613442 1.367100 1
10.331136 1.002539 1.367100 1
18.286208 8.445757 1.367100 1
-4.297344 18.634022 19.967100 1
-1.828864 8.023118 19.967100 1
6.126208 15.466336 19.967100 1
20.022656 4.592863 38.567100 1
10.331136 15.043697 38.567100 1
6.126208 1.425178 38.567100 1
4.839680 16.436580 47.954520 6
-4.494336 17.034734 47.954520 6
-0.345344 8.652162 47.954520 6
4.839680 2.395422 10.754520 6
19.825664 2.993575 10.754520 6
11.814656 15.672741 10.754520 6
16.999680 9.416001 29.354520 6
7.665664 10.014154 29.354520 6
11.814656 1.631583 29.354520 6
4.496768 16.680896 48.836160 1
-4.534464 16.615605 48.836160 1
0.037696 8.826974 48.836160 1
4.496768 2.639738 11.636160 1
19.785536 2.574446 11.636160 1
12.197696 15.847554 11.636160 1
16.656768 9.660317 30.236160 1
7.625536 9.595026 30.236160 1
12.197696 1.806395 30.236160 1
4.153856 16.617711 47.279340 1
-4.308288 16.350227 47.279340 1
0.154432 9.155537 47.279340 1
4.153856 2.576553 10.079340 1
20.011712 2.309069 10.079340 1
12.314432 16.176117 10.079340 1
16.313856 9.597132 28.679340 1
7.851712 9.329648 28.679340 1
12.314432 2.134958 28.679340 1
5.642240 16.963124 47.759220 1
-5.351616 17.466499 47.759220 1
-0.290624 7.693853 47.759220 1
5.642240 2.921965 10.559220 1
18.968384 3.425341 10.559220 1
11.869376 14.714432 10.559220 1
17.802240 9.942544 29.159220 1
6.808384 10.445920 29.159220 1
11.869376 0.673274 29.159220 1
1.735232 7.698065 52.083720 6
4.625664 18.715460 52.083720 6
-6.360896 15.709950 52.083720 6
13.895232 14.718644 14.883720 6
4.625664 4.674302 14.883720 6
17.959104 1.668792 14.883720 6
13.895232 0.677486 33.483720 6
16.785664 11.694881 33.483720 6
5.799104 8.689371 33.483720 6
2.164480 8.407846 52.546860 1
3.796352 18.732310 52.546860 1
-5.960832 14.983320 52.546860 1
14.324480 15.428425 15.346860 1
3.796352 4.691151 15.346860 1
18.359168 0.942162 15.346860 1
14.324480 1.387266 33.946860 1
15.956352 11.711730 33.946860 1
6.199168 7.962741 33.946860 1
0.520448 7.266300 52.518960 6
5.606976 17.879309 52.518960 6
-6.127424 16.977867 52.518960 6
12.680448 14.286879 15.318960 6
5.606976 3.838151 15.318960 6
18.192576 2.936708 15.318960 6
12.680448 0.245720 33.918960 6
17.766976 10.858730 33.918960 6
6.032576 9.957288 33.918960 6
0.099712 7.712808 53.244360 1
5.430656 17.291687 53.244360 1
-5.530368 17.118981 53.244360 1
12.259712 14.733388 16.044360 1
5.430656 3.250528 16.044360 1
18.789632 3.077822 16.044360 1
12.259712 0.692229 34.644360 1
17.590656 10.271107 34.644360 1
6.629632 10.098401 34.644360 1
-0.075392 6.255336 51.966540 6
6.780416 17.868778 51.966540 6
-6.705024 17.999361 51.966540 6
12.084608 13.275915 14.766540 6
6.780416 3.827620 14.766540 6
17.614976 3.958203 14.766540 6
-0.075392 20.296495 33.366540 6
-5.379584 10.848199 33.366540 6
5.454976 10.978782 33.366540 6
-0.909568 5.935198 52.290180 1
7.474752 17.306430 52.290180 1
-6.565184 18.881848 52.290180 1
11.250432 12.955777 15.090180 1
7.474752 3.265271 15.090180 1
17.754816 4.840689 15.090180 1
-0.909568 19.976356 33.690180 1
-4.685248 10.285851 33.690180 1
5.594816 11.861269 33.690180 1
0.533824 5.684563 50.917500 6
6.970112 18.681761 50.917500 6
-7.503936 17.757151 50.917500 6
12.693824 12.705142 13.717500 6
6.970112 4.640603 13.717500 6
16.816064 3.715993 13.717500 6
0.533824 19.725722 32.317500 6
-5.189888 11.661182 32.317500 6
4.656064 10.736572 32.317500 6
0.097280 4.953721 50.493420 1
7.821312 18.669124 50.493420 1
-7.918592 18.500631 50.493420 1
12.257280 11.974300 13.293420 1
7.821312 4.627966 13.293420 1
16.401408 4.459472 13.293420 1
0.097280 18.994879 31.893420 1
-4.338688 11.648545 31.893420 1
4.241408 11.480051 31.893420 1
1.770496 6.095267 50.404140 6
5.996096 19.547399 50.404140 6
-7.766592 16.480810 50.404140 6
13.930496 13.115846 13.204140 6
5.996096 5.506240 13.204140 6
16.553408 2.439651 13.204140 6
1.770496 20.136425 31.804140 6
-6.163904 12.526820 31.804140 6
4.393408 9.460231 31.804140 6
2.175424 5.655077 49.667580 1
6.174848 20.118172 49.667580 1
-8.350272 16.350227 49.667580 1
14.335424 12.675656 12.467580 1
6.174848 6.077013 12.467580 1
15.969728 2.309069 12.467580 1
2.175424 19.696235 31.067580 1
-5.985152 13.097593 31.067580 1
3.809728 9.329648 31.067580 1
2.349312 7.139929 51.006780 6
4.801984 19.526337 51.006780 6
-7.151296 15.457209 51.006780 6
14.509312 14.160508 13.806780 6
4.801984 5.485179 13.806780 6
17.168704 1.416051 13.806780 6
14.509312 0.119350 32.406780 6
16.961984 12.505758 32.406780 6
5.008704 8.436630 32.406780 6
-9.453184 19.528443 53.718660 8
-0.025536 3.110819 53.718660 8
9.478720 19.484214 53.718660 8
14.866816 5.487285 16.518660 8
12.134464 10.131398 16.518660 8
9.478720 5.443055 16.518660 8
2.706816 12.507864 35.118660 8
-0.025536 17.151977 35.118660 8
-2.681280 12.463634 35.118660 8
1.732800 2.365233 48.702240 6
21.405248 0.318032 48.702240 6
13.341952 18.378472 48.702240 6
13.892800 9.385812 11.502240 6
9.245248 7.338612 11.502240 6
13.341952 4.337314 11.502240 6
1.732800 16.406392 30.102240 6
-2.914752 14.359191 30.102240 6
1.181952 11.357893 30.102240 6
2.767616 1.520657 48.239100 6
21.619264 1.636497 48.239100 6
12.093120 17.904583 48.239100 6
14.927616 8.541237 11.039100 6
9.459264 8.657076 11.039100 6
12.093120 3.863425 11.039100 6
2.767616 15.561816 29.639100 6
-2.700736 15.677656 29.639100 6
-0.066880 10.884004 29.639100 6
13.146176 17.925645 54.265500 6
2.222848 2.422100 54.265500 6
21.110976 0.713993 54.265500 6
13.146176 3.884487 17.065500 6
14.382848 9.442679 17.065500 6
8.950976 7.734572 17.065500 6
0.986176 10.905066 35.665500 6
2.222848 16.463258 35.665500 6
-3.209024 14.755151 35.665500 6
1.203840 1.659665 49.489020 8
22.280768 0.212724 49.489020 8
12.995392 19.189349 49.489020 8
13.363840 8.680244 12.289020 8
10.120768 7.233303 12.289020 8
12.995392 5.148191 12.289020 8
1.203840 15.700823 30.889020 8
-2.039232 14.253882 30.889020 8
0.835392 12.168770 30.889020 8
-10.439360 18.675443 53.244360 6
1.206272 2.683265 53.244360 6
9.233088 20.764767 53.244360 6
13.880640 4.634284 16.044360 6
13.366272 9.703845 16.044360 6
9.233088 6.723609 16.044360 6
1.720640 11.654864 34.644360 6
1.206272 16.724424 34.644360 6
-2.926912 13.744188 34.644360 6
1.005632 3.081332 47.759220 6
8.988672 20.391975 47.759220 6
-9.994304 18.650169 47.759220 6
13.165632 10.101912 10.559220 6
8.988672 6.350816 10.559220 6
14.325696 4.609010 10.559220 6
1.005632 17.122491 29.159220 6
-3.171328 13.371395 29.159220 6
2.165696 11.629590 29.159220 6
-10.906304 19.492638 52.558020 6
0.732032 1.870282 52.558020 6
10.174272 20.760555 52.558020 6
13.413696 5.451480 15.358020 6
12.892032 8.890862 15.358020 6
10.174272 6.719396 15.358020 6
1.253696 12.472059 33.958020 6
0.732032 15.911441 33.958020 6
-1.985728 13.739976 33.958020 6
15.371456 8.338342 44.037360 8
9.413056 9.142900 44.037360 8
11.695488 3.580495 44.037360 8
3.211456 15.358921 6.837360 8
-2.746944 16.163480 6.837360 8
-0.464512 10.601075 6.837360 8
3.211456 1.317763 25.437360 8
21.573056 2.122321 25.437360 8
11.695488 17.621654 25.437360 8
2.631424 13.226771 1.891620 8
-0.610432 16.727232 1.891620 8
-2.020992 12.169472 1.891620 8
-9.528576 20.247351 20.491620 8
-0.610432 2.686074 20.491620 8
10.139008 19.190051 20.491620 8
14.791424 6.206192 39.091620 8
11.549568 9.706653 39.091620 8
10.139008 5.148893 39.091620 8
3.365888 12.712865 2.176200 6
-0.532608 17.620250 2.176200 6
-2.833280 11.790361 2.176200 6
-8.794112 19.733444 20.776200 6
-0.532608 3.579091 20.776200 6
9.326720 18.810940 20.776200 6
15.525888 5.692286 39.376200 6
11.627392 10.599671 39.376200 6
9.326720 4.769782 39.376200 6
14.664960 8.129831 42.999480 6
9.946880 8.635313 42.999480 6
11.868160 4.296595 42.999480 6
2.504960 15.150410 5.799480 6
-2.213120 15.655892 5.799480 6
-0.291840 11.317174 5.799480 6
2.504960 1.109252 24.399480 6
22.106880 1.614733 24.399480 6
11.868160 18.337753 24.399480 6
14.640640 7.497979 44.316360 6
10.506240 8.930177 44.316360 6
11.333120 4.633582 44.316360 6
2.480640 14.518558 7.116360 6
-1.653760 15.950756 7.116360 6
-0.826880 11.654162 7.116360 6
2.480640 0.477399 25.716360 6
22.666240 1.909598 25.716360 6
11.333120 18.674741 25.716360 6
13.959680 7.413732 45.839700 6
10.919680 8.382572 45.839700 6
11.600640 5.265434 45.839700 6
1.799680 14.434311 8.639700 6
-1.240320 15.403151 8.639700 6
-0.559360 12.286014 8.639700 6
1.799680 0.393152 27.239700 6
23.079680 1.361992 27.239700 6
11.600640 19.306593 27.239700 6
2.456320 13.437389 3.241980 6
-0.705280 16.470279 3.241980 6
-1.751040 12.215808 3.241980 6
-9.703680 20.457968 21.841980 6
-0.705280 2.429120 21.841980 6
10.408960 19.236387 21.841980 6
14.616320 6.416809 40.441980 6
11.454720 9.449700 40.441980 6
10.408960 5.195229 40.441980 6
2.006400 11.773511 3.710700 6
0.960640 16.912575 3.710700 6
-2.967040 13.437389 3.710700 6
-10.153600 18.794091 22.310700 6
0.960640 2.871417 22.310700 6
9.192960 20.457968 22.310700 6
14.166400 4.752932 40.910700 6
13.120640 9.891996 40.910700 6
9.192960 6.416809 40.910700 6
