5.095221 2.121216 2.893076 6
9.746301 6.294866 5.445761 6
4.287824 6.226084 13.784598 6
-0.363256 2.052434 11.231913 6
5.094582 1.054097 3.798674 6
9.746941 5.227747 4.540163 6
4.288464 7.293203 12.879000 6
-0.363895 3.119553 12.137511 6
5.753845 1.248756 5.020981 6
9.087678 5.422406 3.317857 6
3.629200 7.098544 11.656694 6
0.295368 2.924894 13.359818 6
5.774177 0.540905 5.653732 1
9.067345 4.714555 2.685106 1
3.608868 7.806395 11.023943 1
0.315700 3.632745 13.992569 1
6.378934 2.452270 5.328851 6
8.462589 6.625920 3.009987 6
3.004111 5.895030 11.348824 6
0.920457 1.721380 13.667688 6
6.825747 2.558447 6.160733 1
8.015776 6.732097 2.178104 1
2.557299 5.788853 10.516941 1
1.367270 1.615203 14.499570 1
6.347253 3.497686 4.417582 6
8.494270 7.671336 3.921255 6
3.035792 4.849614 12.260092 6
0.888776 0.675964 12.756420 6
6.764280 4.324736 4.628055 1
8.077243 0.151086 3.710783 1
2.618765 4.022564 12.049620 1
1.305803 8.196214 12.966892 1
5.703416 3.334663 3.193108 6
9.138107 7.508313 5.145730 6
3.679630 5.012637 13.484567 6
0.244939 0.838987 11.531945 6
5.680661 4.048440 2.566694 1
9.160862 8.222091 5.772143 1
3.702385 4.298860 14.110980 1
0.222183 0.125210 10.905531 1
4.771028 6.941364 4.369717 6
-0.079505 2.767714 3.969120 6
4.612018 1.405936 12.307957 6
9.462551 5.579586 12.708555 6
5.746150 6.862315 4.431258 1
9.095373 2.688665 3.907579 1
3.636895 1.484985 12.246416 1
0.287673 5.658635 12.770095 1
4.396797 6.105215 4.020987 1
0.294725 1.931565 4.317850 1
4.986248 2.242085 12.656687 1
9.088320 6.415735 12.359824 1
4.400713 7.118577 5.260139 1
0.290810 2.944927 3.078699 1
4.982333 1.228723 11.417536 1
9.092235 5.402373 13.598976 1
4.411917 8.089869 3.431765 6
0.279606 3.916219 4.907072 6
4.971129 0.257431 13.245909 6
9.103440 4.431081 11.770602 6
4.725817 7.836445 2.516661 1
-0.034294 3.662795 5.822176 1
4.657229 0.510855 14.161013 1
9.417339 4.684505 10.855498 1
2.867183 8.265914 3.359050 6
1.824340 4.092264 4.979787 6
6.515863 0.081386 13.318624 6
7.558705 4.255036 11.697888 6
2.439027 7.379848 3.465621 1
2.252496 3.206198 4.873216 1
6.944019 0.967452 13.212054 1
7.130550 5.141102 11.804458 1
2.574637 0.488317 4.114382 1
2.116885 4.661967 4.224455 1
6.808408 7.858983 12.563292 1
7.266160 3.685333 12.453219 1
2.387854 0.541656 2.060026 6
2.303668 4.715306 6.278811 6
6.995191 7.805644 14.617648 6
7.079377 3.631994 10.398864 6
1.399149 0.592658 2.086377 1
3.292374 4.766308 6.252460 1
7.983897 7.754642 14.591297 1
6.090672 3.580992 10.425214 1
2.633297 8.283861 1.315869 1
2.058225 4.110211 7.022969 1
6.749748 0.063439 15.361806 1
7.324820 4.237089 9.654706 1
2.928487 1.927392 1.745652 6
1.763035 6.101042 6.593185 6
6.454558 6.419908 14.932022 6
7.620010 2.246258 10.084489 6
2.538160 2.237076 0.890588 1
2.153363 6.410726 7.448249 1
6.844886 6.110224 15.787087 1
7.229682 1.936574 9.229425 1
2.635724 2.553439 2.454954 1
2.055798 6.727089 5.883884 1
6.747321 5.793861 14.222721 1
7.327247 1.620211 10.793791 1
4.982486 2.089079 0.413773 6
-0.290963 6.262729 7.925064 6
4.400560 6.258221 16.263901 6
9.674009 2.084571 8.752610 6
6.486059 2.119964 0.337556 6
8.355463 6.293614 8.001281 6
2.896986 6.227336 16.340118 6
1.027582 2.053686 8.676393 6
7.299544 1.256686 1.064536 6
7.541979 5.430336 7.274301 6
2.083502 7.090614 15.613138 6
1.841067 2.916964 9.403373 6
6.909951 0.646916 1.681110 1
7.931572 4.820566 6.657728 1
2.473095 7.700384 14.996565 1
1.451474 3.526734 10.019947 1
8.677977 1.280643 0.895424 6
6.163546 5.454293 7.443413 6
0.705069 7.066657 15.782250 6
3.219499 2.893007 9.234262 6
9.227269 0.686148 1.392586 1
5.614253 4.859798 6.946251 1
0.155776 7.661152 15.285089 1
3.768792 3.487502 9.731423 1
9.255427 2.170966 0.001167 6
5.586096 6.344616 8.337670 6
0.127619 6.176334 16.676507 6
3.796950 2.002684 8.340005 6
-0.717463 2.195340 16.572605 1
4.642031 6.368990 8.443907 1
10.100508 6.151960 0.105069 1
4.741015 1.978310 8.233768 1
7.682107 3.024978 15.940521 6
6.392461 7.198628 9.075990 6
1.700939 5.322322 0.737153 6
2.990584 1.148672 7.601684 6
8.074919 3.635249 15.326783 1
5.999649 7.808899 9.689729 1
1.308127 4.712051 1.350892 1
3.383396 0.538401 6.987946 1
6.303991 2.990170 16.096124 6
7.770578 7.163820 8.920388 6
3.079055 5.357130 0.581551 6
1.612468 1.183480 7.757287 6
5.755458 3.562628 15.573612 1
8.319110 7.736278 9.442899 1
3.627588 4.784672 1.104062 1
1.063935 0.611022 7.234775 1
4.398224 1.975889 1.643752 7
0.293298 6.149539 6.695086 7
4.984821 6.371411 15.033923 7
9.089747 2.197761 9.982589 7
3.549084 2.156024 16.056264 8
0.375485 6.329674 8.960247 8
5.833962 6.191276 0.621410 8
9.007561 2.017626 7.717427 8
