4.905551 3.824722 3.422800 30
5.843749 3.807778 15.026300 30
2.260649 0.008472 8.180700 30
1.322451 7.624028 19.784200 30
3.723558 1.982923 3.164739 17
7.025742 5.649577 14.768239 17
3.442642 5.799174 8.438761 17
0.140458 1.833327 20.042261 17
3.768705 5.676290 3.134569 17
6.980595 1.956210 14.738069 17
3.397495 1.860040 8.468931 17
0.185605 5.772460 20.072431 17
5.986643 3.821593 5.185836 7
4.762657 3.810907 16.789336 7
1.179557 0.005343 6.417664 7
2.403543 7.627157 18.021164 7
6.814340 3.814724 2.669733 7
3.934960 3.817776 14.273233 7
0.351860 7.630974 8.933767 7
3.231240 0.001526 20.537267 7
5.564554 3.802512 6.437622 6
5.184746 3.829989 18.041122 6
1.601646 7.618761 5.165878 6
1.981454 0.013739 16.769378 6
4.693861 4.068123 6.565260 1
6.055439 3.564377 18.168760 1
2.472339 0.251872 5.038240 1
1.110761 7.380628 16.641740 1
6.418765 3.816250 7.514427 6
4.330535 3.816250 19.117927 6
0.747435 0.000000 4.089073 6
2.835665 0.000000 15.692573 6
6.170098 3.953635 8.377727 1
4.579202 3.678865 19.981227 1
0.996102 0.137385 3.225773 1
2.586998 7.495115 14.829273 1
0.590495 3.862808 7.314846 6
2.992605 3.769692 18.918346 6
6.575705 0.046558 4.288654 6
4.173595 7.585942 15.892154 6
1.039099 3.617805 7.983208 1
2.544001 4.014695 19.586708 1
6.127101 7.434055 3.620292 1
4.622199 0.198445 15.223792 1
1.033366 3.839148 6.015254 6
2.549734 3.793353 17.618754 6
6.132834 0.022898 5.588246 6
4.616466 7.609603 17.191746 6
1.770051 3.655968 5.917785 1
1.813049 3.976533 17.521285 1
5.396149 7.472218 5.685715 1
5.353151 0.160283 17.289215 1
0.140458 3.896391 4.961657 6
3.442642 3.736109 16.565157 6
7.025742 0.080141 6.641843 6
3.723558 7.552359 18.245343 6
1.218254 4.075755 3.341808 1
2.364846 3.556745 14.945308 1
5.947946 0.259505 8.261692 1
4.801354 7.372995 19.865192 1
0.502351 3.787246 3.559954 6
3.080749 3.845254 15.163454 6
6.663849 7.603497 8.043546 6
4.085451 0.029004 19.647046 6
0.051597 3.862045 1.227650 6
3.531503 3.770455 12.831150 6
7.114603 0.045795 10.375850 6
3.634697 7.586705 21.979350 6
1.029783 3.816250 1.250857 1
2.553317 3.816250 12.854357 1
6.136417 0.000000 10.352643 1
4.612883 0.000000 21.956143 1
6.829389 2.610315 0.628910 6
3.919911 5.022185 12.232410 6
0.336811 6.426565 10.974590 6
3.246289 1.205935 22.578090 6
0.134008 1.893623 1.053598 1
3.449092 5.738877 12.657098 1
7.032192 5.709873 10.549902 1
3.717108 1.922627 22.153402 1
7.038642 2.626343 22.900668 1
3.710658 5.006157 11.297168 1
0.127558 6.442593 11.909832 1
3.455542 1.189907 0.306332 1
5.882734 2.485905 0.742624 1
4.866566 5.146595 12.346124 1
1.283466 6.302155 10.860876 1
2.299634 1.330345 22.464376 1
6.886718 5.472503 0.847055 6
3.862582 2.159998 12.450556 6
0.279482 1.656253 10.756445 6
3.303618 5.976248 22.359945 6
6.848021 5.572488 23.100248 1
3.901279 2.060012 11.496748 1
0.318179 1.756238 11.710252 1
3.264921 5.876262 0.106752 1
0.417073 6.031202 1.199802 1
3.166027 1.601298 12.803302 1
6.749127 2.214952 10.403698 1
4.000173 5.417548 22.007198 1
6.046123 5.724375 1.232292 1
4.703177 1.908125 12.835792 1
1.120077 1.908125 10.371208 1
2.463023 5.724375 21.974708 1
6.327755 4.388687 0.378274 6
4.421545 3.243813 11.981774 6
0.838445 0.572437 11.225226 6
2.744655 7.060063 22.828726 6
5.828987 3.688024 23.162907 1
4.920313 3.944476 11.559407 1
1.337213 7.504274 11.647593 1
2.245887 0.128226 0.044093 1
6.787825 4.903118 22.916913 1
3.961475 2.729382 11.313413 1
0.378375 1.086868 11.893587 1
3.204725 6.545632 0.290087 1
5.726510 4.963415 0.863300 1
5.022790 2.669085 12.466800 1
1.439690 1.147165 10.740200 1
2.143410 6.485335 22.343700 1
