1.891598 9.859820 11.356563 8
1.084323 2.480820 6.678316 8
2.277594 11.018323 12.045495 6
0.698326 3.639323 5.989383 6
2.351906 11.769505 11.435917 1
0.624014 4.390505 6.598962 1
3.133247 10.885501 12.483743 1
-0.157327 3.506501 5.551136 1
1.208516 11.261830 13.048235 6
1.767404 3.882830 4.986644 6
1.474789 10.946009 13.926533 1
1.501131 3.567009 4.108345 1
0.992437 12.206342 13.105946 1
1.983483 4.827342 4.928932 1
0.118904 10.525406 12.555882 8
2.857016 3.146406 5.478996 8
0.659273 9.421507 11.912037 6
2.316647 2.042507 6.122841 6
0.826250 8.708696 12.564900 1
2.149670 1.329696 5.469979 1
-0.254493 8.912356 10.828141 6
3.230413 1.533356 7.206737 6
-1.080008 8.598011 11.228515 1
4.055928 1.219011 6.806363 1
0.166799 8.159698 10.384483 1
2.809121 0.780698 7.650395 1
-0.572489 9.973456 9.805563 6
3.548409 2.594456 8.229315 6
0.230018 10.160883 9.293373 1
2.745902 2.781883 8.741506 1
-0.821009 10.788098 10.270863 1
3.796929 3.409098 7.764015 1
3.996163 9.600079 8.829877 6
-1.020243 2.221079 9.205002 6
3.188801 9.381661 9.340264 1
-0.212881 2.002661 8.694615 1
3.701966 10.739397 7.910098 6
-0.726046 3.360397 10.124781 6
3.486455 11.527474 8.451144 1
-0.510534 4.148474 9.583734 1
-0.868951 11.105395 6.952446 6
3.844871 3.726395 11.082433 6
-0.537795 11.998254 7.136401 1
3.513715 4.619254 10.898477 1
-0.134345 10.476704 7.029996 1
3.110265 3.097704 11.004883 1
4.237407 11.040460 5.641310 8
-1.261487 3.661460 12.393569 8
2.802152 11.182137 5.857729 6
0.173768 3.803137 12.177150 6
2.587291 10.456043 7.055244 8
0.388630 3.077043 10.979634 8
2.118461 10.478180 4.721531 6
0.857459 3.099180 13.313347 6
2.267387 10.962242 3.908158 1
0.708533 3.583242 14.126720 1
1.175147 10.429479 4.898273 1
1.800773 3.050479 13.136606 1
2.473639 9.589748 4.636767 1
0.502281 2.210748 13.398111 1
2.434550 12.631372 5.998401 6
0.541370 5.252372 12.036478 6
2.590186 13.082967 5.166993 1
0.385734 5.703967 12.867886 1
2.970948 13.031314 6.687333 1
0.004972 5.652314 11.347546 1
1.506184 12.703686 6.234658 1
1.469736 5.324686 11.800221 1
4.403419 8.435673 8.052573 8
-1.427499 1.056673 9.982305 8
3.665527 7.069377 8.219576 16
-0.689607 14.448377 9.815302 16
-1.154801 6.114239 7.657609 8
4.130721 13.493239 10.377269 8
3.254231 6.897889 9.529630 8
-0.278310 14.276889 8.505249 8
2.261200 7.225517 7.185096 6
0.714720 14.604517 10.849783 6
2.545895 7.345057 6.276138 1
0.430025 14.724057 11.758741 1
1.742729 7.984078 7.461029 1
1.233191 0.605078 10.573849 1
1.726141 6.431536 7.250021 1
1.249779 13.810536 10.784857 1
2.858954 13.661481 15.389162 8
0.116966 6.282481 2.645717 8
2.507854 0.053129 14.680391 6
0.468066 7.432129 3.354487 6
2.391087 0.801359 15.288167 1
0.584833 8.180359 2.746712 1
1.676690 14.670928 14.200663 1
1.299230 7.291928 3.834215 1
3.599312 0.327628 13.740774 6
-0.623392 7.706628 4.294105 6
3.340539 0.094451 12.835423 1
-0.364618 7.473451 5.199455 1
-1.849690 1.264761 13.766023 1
4.825610 8.643761 4.268856 1
-1.028942 14.270986 14.182629 8
4.004862 6.891986 3.852250 8
-1.587857 13.217265 14.862543 6
4.563777 5.838265 3.172335 6
-1.752402 12.485268 14.231323 1
4.728322 5.106268 3.803556 1
-0.705416 12.705162 15.987920 6
3.681336 5.326162 2.046959 6
-1.143553 11.959883 16.426167 1
4.119473 4.580883 1.608711 1
0.132862 12.386389 15.620008 1
2.843058 5.007389 2.414870 1
-0.428864 13.772166 16.990659 6
3.404784 6.393166 1.044219 6
-1.242297 13.949262 17.488422 1
4.218217 6.570262 0.546457 1
-0.190352 14.585331 16.519949 1
3.166272 7.206331 1.514930 1
0.702511 13.428304 17.991595 6
2.273409 6.049304 0.043284 6
1.526820 13.227595 17.501046 1
1.449101 5.848595 0.533832 1
3.658318 14.572049 0.885513 6
-0.682398 7.193049 17.149366 6
3.833458 0.619836 0.355287 1
-0.857538 7.998836 17.679591 1
2.523546 0.104782 1.863003 6
0.452375 7.483782 16.171876 6
2.157000 0.990262 1.709706 1
0.818920 8.369262 16.325172 1
1.812739 14.210478 1.767418 1
1.163181 6.831478 16.267460 1
3.117853 0.020661 3.168728 8
-0.141933 7.399661 14.866150 8
4.542657 0.209564 2.964934 6
-1.566737 7.588564 15.069945 6
4.789958 14.315260 1.722331 8
-1.814038 6.936260 16.312548 8
-0.423672 14.276889 4.057848 6
3.399592 6.897889 13.977031 6
-0.594690 14.722581 4.889256 1
3.570610 7.343581 13.145623 1
0.518154 14.293123 3.872088 1
2.457766 6.914123 14.162790 1
4.975213 13.366321 4.115559 1
-1.999293 5.987321 13.919319 1
4.817304 1.697170 2.851314 6
-1.841384 9.076170 15.183564 6
4.649806 2.119249 3.697150 1
-1.673886 9.498249 14.337728 1
4.241750 2.077926 2.184024 1
-1.265830 9.456926 15.850855 1
0.036604 1.834419 2.600629 1
2.939316 9.213419 15.434249 1
3.029812 12.266850 0.746644 8
-0.053892 4.887850 17.288235 8
3.819795 10.909704 0.630860 16
-0.843875 3.530704 17.404019 16
2.966173 9.952795 1.213747 8
0.009747 2.573795 16.821131 8
1.566249 10.733493 17.356767 8
1.409671 3.354493 0.678111 8
5.188272 11.129008 1.695279 6
-2.212352 3.750008 16.339600 6
0.091338 11.775408 1.316546 1
2.884582 4.396408 16.718332 1
-0.050495 10.292229 1.803488 1
3.026415 2.913229 16.231391 1
4.881546 11.440402 2.550132 1
-1.905626 4.061402 15.484747 1
