14.109876 10.876871 20.165634 6
3.841470 7.155476 1.534410 6
14.499804 9.663284 20.757828 6
3.451542 8.369063 0.942216 6
15.176968 9.140704 20.343791 1
2.774378 8.891643 1.356253 1
9.757284 7.380851 0.232190 6
8.194063 10.651496 21.467854 6
8.782499 8.192759 0.849557 6
9.168847 9.839588 20.850487 6
8.384459 9.376721 0.271034 6
9.566887 8.655626 21.429010 6
7.721553 9.908372 0.696571 1
10.229794 8.123975 21.003473 1
13.105799 11.641166 20.756309 6
4.845548 6.391181 0.943735 6
11.468051 13.149456 20.085778 6
6.483296 4.882891 1.614266 6
10.843214 12.596439 20.539092 1
7.108132 5.435908 1.160952 1
10.988169 14.338385 19.374233 6
6.963178 3.693962 2.325811 6
9.611876 14.530182 19.247505 6
8.339470 3.502165 2.452539 6
9.009388 13.921898 19.660240 1
8.941959 4.110449 2.039804 1
9.124985 15.595460 18.529668 6
8.826362 2.436887 3.170376 6
8.185945 15.735791 18.484098 1
9.765401 2.296556 3.215947 1
9.979957 16.471103 17.868250 6
7.971390 1.561244 3.831794 6
11.363790 16.290169 17.989337 6
6.587556 1.742178 3.710708 6
11.871006 15.217216 18.750574 6
6.080340 2.815131 2.949470 6
9.432654 17.509744 17.007627 6
8.518693 0.522603 4.692418 6
5.019268 1.472658 17.036705 1
12.932078 16.559689 4.663339 1
6.055242 2.993458 15.390105 6
11.896104 15.038889 6.309939 6
5.032196 3.813653 15.867723 6
12.919150 14.218694 5.832321 6
4.739731 3.714502 16.765454 1
13.211616 14.317845 4.934590 1
4.432383 4.766559 15.066124 6
13.518963 13.265788 6.633920 6
4.867676 4.900452 13.724193 6
13.083671 13.131895 7.975851 6
5.885978 4.122399 13.262199 6
12.065369 13.909948 8.437845 6
6.183954 4.235684 12.366855 1
11.767392 13.796663 9.333189 1
6.509238 3.155864 14.073130 6
11.442109 14.876483 7.626914 6
7.839297 2.262774 12.346674 6
10.112050 15.769573 9.353370 6
7.314452 2.773334 11.739724 1
10.636895 15.259013 9.960320 1
8.908573 1.457534 11.819797 6
9.042774 16.574813 9.880247 6
9.131271 1.448578 10.439891 6
8.820075 16.583769 11.260153 6
8.590345 1.988992 9.875690 1
9.361002 16.043355 11.824354 1
13.588266 16.879584 9.890446 6
4.363081 1.152763 11.809598 6
13.716056 16.881093 8.949098 1
4.235290 1.151254 12.750946 1
14.412797 16.085832 10.702462 6
3.538549 1.946515 10.997582 6
14.208706 16.094528 12.088878 6
3.742640 1.937819 9.611167 6
13.204818 16.880762 12.653513 6
4.746528 1.151585 9.046531 6
5.125686 15.262967 10.101154 6
12.825660 2.769380 11.598891 6
5.264561 15.300119 9.161759 1
12.686785 2.732228 12.538285 1
6.863547 13.665269 10.288425 6
11.087800 4.367078 11.411619 6
7.315390 13.720964 8.966241 6
10.635957 4.311383 12.733803 6
6.929865 14.350156 8.367537 1
11.021482 3.682191 13.332507 1
8.311173 12.879744 8.512059 6
9.640173 5.152603 13.187985 6
8.910182 11.960256 9.404365 6
9.041165 6.072091 12.295679 6
8.488548 11.920122 10.720907 6
9.462799 6.112225 10.979137 6
8.901439 11.312953 11.325253 1
9.049908 6.719395 10.374791 1
7.464007 12.757876 11.180080 6
10.487339 5.274471 10.519964 6
7.693840 12.320531 13.478982 6
10.257507 5.711816 8.221062 6
8.630470 12.236848 13.345527 1
9.320877 5.795499 8.354517 1
7.131828 12.080279 14.798779 6
10.819518 5.952068 6.901265 6
7.986942 11.802096 15.886168 6
9.964405 6.230252 5.813876 6
8.928873 11.810437 15.758572 1
9.022474 6.221910 5.941472 1
7.475477 11.520155 17.120901 6
10.475870 6.512192 4.579143 6
8.064607 11.335296 17.843946 1
9.886740 6.697051 3.856098 1
6.093059 11.501534 17.332042 6
11.858287 6.530813 4.368002 6
15.544132 11.803419 16.277854 6
2.407215 6.228928 5.422190 6
5.747668 12.078550 15.002759 6
12.203678 5.953797 6.697285 6
15.872238 11.145242 18.643593 6
2.079108 6.887105 3.056451 6
6.145633 10.809552 19.310869 1
11.805713 7.222796 2.389175 1
11.331416 5.405677 0.323331 6
6.619930 12.626670 21.376713 6
15.325599 6.945654 21.092443 1
2.625747 11.086693 0.607601 1
1.811762 5.996974 0.323331 1
16.139585 12.035373 21.376713 1
1.287130 4.193067 1.195672 6
16.664217 13.839281 20.504372 6
2.069131 3.712136 0.852812 1
15.882215 14.320211 20.847232 1
10.820375 3.600487 1.180482 1
7.130971 14.431860 20.519562 1
1.458871 4.484600 2.115754 1
16.492476 13.547747 19.584290 1
7.175456 8.432950 2.619629 6
10.775890 9.599397 19.080415 6
6.416016 8.458786 1.985554 1
11.535330 9.573561 19.714490 1
7.442390 9.364180 2.827516 1
10.508956 8.668167 18.872528 1
6.776561 7.701431 3.894290 6
11.174785 10.330916 17.805754 6
6.578386 6.765194 3.684667 1
11.372961 11.267153 18.015377 1
5.981511 8.125976 4.279249 1
11.969835 9.906371 17.420795 1
7.514261 7.742967 4.539649 1
10.437085 10.289380 17.160395 1
13.345032 5.558507 16.828384 6
4.606315 12.473840 4.871660 6
14.121297 5.658231 17.433815 1
3.830049 12.374116 4.266229 1
12.911952 4.686144 17.010665 1
5.039394 13.346203 4.689380 1
12.355433 6.695879 17.041045 6
5.595913 11.336468 4.658999 6
11.644093 6.640694 16.368343 1
6.307253 11.391653 5.331701 1
12.821543 7.553625 16.954244 1
5.129803 10.478722 4.745800 1
11.964766 6.625759 17.937256 1
5.986580 11.406588 3.762788 1
4.558553 5.880062 11.581314 6
13.392793 12.152285 10.118731 6
4.407982 4.993130 11.169013 1
13.543365 13.039217 10.531031 1
5.515977 6.112829 11.479323 1
12.435369 11.919519 10.220721 1
3.703587 6.917529 10.898630 6
14.247759 11.114819 10.801414 6
13.072887 6.666657 10.978052 1
4.878459 11.365691 10.721992 1
3.948689 6.970401 9.951640 1
14.002657 11.061946 11.748404 1
3.846822 7.789287 11.323083 1
14.104524 10.243060 10.376961 1
8.165515 13.764803 6.298872 6
9.785832 4.267544 15.401172 6
8.339834 14.695432 6.585963 1
9.611513 3.336915 15.114081 1
7.186907 13.625037 6.264803 1
10.764440 4.407310 15.435241 1
8.778182 13.516132 4.936760 6
9.173164 4.516215 16.763284 6
9.752643 13.595783 4.997520 1
8.198704 4.436564 16.702524 1
8.434509 14.175056 4.298779 1
9.516837 3.857292 17.401265 1
8.542116 12.614063 4.632959 1
9.409230 5.418284 17.067085 1
10.276246 10.032475 9.699920 6
7.675100 7.999872 12.000124 6
9.496617 9.474359 9.945130 1
8.454730 8.557988 11.754914 1
10.692248 10.371090 10.531031 1
7.259098 7.661257 11.169013 1
11.275313 9.215544 8.913727 6
6.676033 8.816803 12.786317 6
10.843368 8.856201 8.111476 1
7.107978 9.176146 13.588568 1
11.600298 8.475010 9.467729 1
6.351048 9.557337 12.232315 1
12.028633 9.784724 8.651808 1
5.922714 8.247623 13.048236 1
6.312993 4.238498 8.697595 6
11.638354 13.793849 13.002449 6
5.449839 4.629901 8.766818 1
12.501508 13.402446 12.933226 1
7.966392 3.194723 7.291215 6
9.984954 14.837624 14.408829 6
8.576768 3.399585 8.029016 1
9.374578 14.632762 13.671028 1
8.373999 3.471556 6.444913 1
9.577347 14.560791 15.255131 1
7.791756 2.230615 7.269515 1
10.159590 15.801732 14.430529 1
5.827918 4.044210 6.339234 6
12.123428 13.988137 15.360810 6
5.624826 3.158014 5.974022 1
12.326521 14.874333 15.726022 1
6.259863 4.590324 5.650691 1
11.691484 13.442023 16.049353 1
4.998155 4.476764 6.627193 1
12.953191 13.555583 15.072851 1
7.255896 7.780114 18.312667 6
10.695450 10.252233 3.387377 6
8.114074 7.803041 18.718458 1
9.837272 10.229306 2.981586 1
5.953667 7.936446 16.327113 6
11.997680 10.095901 5.372931 6
5.223059 7.866496 16.975944 1
12.728288 10.165851 4.724100 1
5.900912 7.191019 15.691302 1
12.050435 10.841328 6.008742 1
5.879172 8.784775 15.841032 1
12.072175 9.247572 5.859012 1
8.410835 8.069788 16.217962 6
9.540511 9.962559 5.482082 6
9.203435 7.986633 16.787154 1
8.747911 10.045714 4.912890 1
8.396073 8.958422 15.806312 1
9.555274 9.073925 5.893732 1
8.439401 7.385339 15.517701 1
9.511945 10.647008 6.182343 1
11.447326 10.314851 13.970488 6
6.504021 7.717496 7.729556 6
11.908324 11.089829 14.265609 1
6.043023 6.942518 7.434435 1
11.464682 7.985489 13.493087 6
6.486665 10.046858 8.206957 6
10.624879 7.861663 13.983508 1
7.326467 10.170684 7.716536 1
12.053254 7.219833 13.653668 1
5.898092 10.812514 8.046376 1
11.273287 8.056775 12.533945 1
6.678059 9.975572 9.166099 1
13.520297 9.143148 14.272119 6
4.431050 8.889199 7.427925 6
14.034378 8.903812 13.471387 1
3.916969 9.128535 8.228657 1
13.669223 8.471353 14.968690 1
4.282123 9.560994 6.731354 1
13.811269 10.020947 14.595450 1
4.140078 8.011400 7.104594 1
15.663737 17.393745 17.629116 6
2.287610 0.638602 4.070928 6
15.633244 15.317063 16.403063 6
2.318102 2.715284 5.296981 6
15.827089 14.984875 15.500341 1
2.124257 3.047472 6.199703 1
14.694544 15.140988 16.620064 1
3.256802 2.891359 5.079980 1
16.210796 14.861372 17.049725 1
1.740550 3.170975 4.650319 1
12.687524 1.296721 15.298531 6
5.263822 16.735626 6.401513 6
14.622229 11.278754 18.912456 7
3.329117 6.753593 2.787588 7
12.704452 12.841494 20.108780 7
5.246894 5.190853 1.591264 7
6.672377 2.011535 16.214490 7
11.278970 16.020812 5.485554 7
7.559685 2.323591 13.607881 7
10.391662 15.708756 8.092163 7
5.853724 14.482857 10.815736 7
12.097623 3.549490 10.884308 7
6.935441 12.645333 12.487073 7
11.015906 5.387014 9.212971 7
6.726358 3.903719 7.482175 7
11.224988 14.128628 14.217869 7
7.218907 7.888864 17.020213 7
10.732439 10.143483 4.679831 7
12.111344 9.192929 13.942712 7
5.840003 8.839418 7.757332 7
15.881044 16.737279 16.454492 7
2.070302 1.295068 5.245552 7
13.208351 15.055525 18.811768 8
4.742995 2.976823 2.888276 8
13.387103 14.371489 19.267469 1
4.564243 3.660858 2.432575 1
12.257435 17.091660 17.357214 8
5.693912 0.940687 4.342830 8
8.368793 1.491952 16.939054 1
9.582554 16.540395 4.760990 1
13.040105 16.862952 13.996528 8
4.911241 1.169395 7.703516 8
12.400686 17.365590 14.207019 1
5.550661 0.666757 7.493025 1
14.960819 15.336347 12.926933 8
2.990527 2.696000 8.773111 8
15.518334 14.893420 12.479695 1
2.433013 3.138927 9.220349 1
15.177759 12.335241 14.011935 8
2.773587 5.697106 7.688109 8
5.279539 12.482295 13.297787 1
12.671808 5.550052 8.402257 1
14.195639 11.826364 16.419121 8
3.755707 6.205983 5.280923 8
13.993530 11.636751 17.212475 1
3.957816 6.395596 4.487569 1
10.072397 6.206398 0.861926 8
7.878949 11.825949 20.838118 8
8.280025 7.715227 2.045229 8
9.671322 10.317120 19.654815 8
13.764148 5.629683 15.470829 8
4.187198 12.402664 6.229215 8
4.211339 5.837970 12.972503 8
13.740008 12.194377 8.727541 8
8.764736 12.843504 7.219605 8
9.186610 5.188843 14.480439 8
9.857396 11.128947 8.873799 8
8.093950 6.903400 12.826245 8
6.942555 4.089073 9.740499 8
11.008791 13.943274 11.959545 8
6.304032 7.651606 19.054592 8
11.647314 10.380741 2.645452 8
10.278977 10.444504 13.644988 8
7.672369 7.587843 8.055056 8
12.346836 2.463524 17.739786 8
5.604511 15.568823 3.960258 8
12.457005 2.401410 15.200881 8
5.494341 15.630937 6.499163 8
10.752509 5.433687 0.156240 6
7.198837 12.598660 21.543804 6
11.130760 4.722470 0.731291 1
6.820587 13.309877 20.968753 1
15.667531 7.772404 21.463514 1
2.283816 10.259943 0.236530 1
14.120340 6.622200 20.734392 6
3.831006 11.410147 0.965652 6
14.707245 6.031031 20.217931 1
3.244102 12.001316 1.482113 1
13.759502 7.319358 20.146321 1
4.191844 10.712989 1.553723 1
13.382136 6.100230 21.114143 1
4.569211 11.932117 0.585901 1
