6.476074 1.633654 2.850257 6
1.533841 10.563654 7.424641 6
6.896135 0.994802 2.221433 1
1.113780 9.924802 8.053465 1
5.812623 2.162846 2.340622 1
2.197292 11.092846 7.934276 1
6.739248 1.300208 1.955313 1
1.270667 10.230208 8.319585 1
5.622534 2.125340 2.755728 1
2.387381 11.055340 7.519170 1
6.279850 0.442928 3.803767 6
1.730065 9.372928 6.471131 6
5.506456 17.763556 3.504768 1
2.503459 8.833556 6.770130 1
7.084490 17.726050 3.783217 1
0.925425 8.796050 6.491681 1
6.040938 0.937650 5.223758 6
1.968977 9.867650 5.051140 6
5.865669 0.167884 5.821757 1
2.144246 9.097884 4.453141 1
5.249605 1.532388 5.244308 1
2.760310 10.462388 5.030590 1
7.272492 1.698307 5.708733 6
0.737423 10.628307 4.566165 6
7.019232 2.257504 6.485516 1
0.990683 11.187504 3.789382 1
7.952212 1.046596 6.013898 1
0.057703 9.976596 4.261000 1
6.557504 2.193208 6.183434 1
1.452411 11.123208 4.091464 1
7.963109 1.444874 6.370437 1
0.046806 10.374874 3.904461 1
7.879695 2.577198 4.657611 6
0.130220 11.507198 5.617287 6
-0.315149 3.184438 4.929896 1
8.325064 12.114438 5.345002 1
7.538619 2.564696 3.372222 6
0.471296 11.494696 6.902677 6
8.143753 3.491630 2.345759 6
-0.133838 12.421630 7.929139 6
7.372117 3.973850 1.930653 1
0.637798 12.903850 8.344245 1
8.390795 5.795391 3.271528 6
-0.380879 14.725391 7.003371 6
7.943415 6.635169 2.269725 6
0.066500 15.565169 8.005173 6
8.103193 6.413526 1.359369 1
-0.093277 15.343526 8.915529 1
7.262368 7.797855 2.583109 6
0.747547 16.727855 7.691789 6
6.956634 8.372768 1.891609 1
1.053281 17.302768 8.383289 1
7.028011 8.123800 3.906516 6
0.981905 17.053800 6.368382 6
7.494477 7.305276 4.913456 6
0.515438 16.235276 5.361442 6
7.356794 7.538706 5.824840 1
0.653121 16.468706 4.450058 1
8.170065 6.132588 4.580550 6
-0.160150 15.062588 5.694349 6
-0.390792 5.559818 5.271023 1
8.400707 14.489818 5.003875 1
6.008085 9.612073 5.467273 6
2.001830 0.682073 4.807625 6
5.501717 10.451672 5.485768 1
2.508198 1.521672 4.789130 1
6.839477 9.721198 5.973826 1
1.170438 0.791198 4.301072 1
5.471077 8.897852 5.872104 1
2.538838 17.827852 4.402794 1
1.470894 4.302653 3.014655 6
6.539021 13.232653 7.260243 6
3.597830 5.286203 3.761640 6
4.412085 14.216203 6.513258 6
3.869667 6.574623 4.487048 6
4.140248 15.504623 5.787850 6
3.438244 6.551048 5.367607 1
4.571671 15.481048 4.907291 1
3.510499 7.324386 3.967138 1
4.499416 16.254386 6.307760 1
4.836104 6.688570 4.600072 1
3.173811 15.618570 5.674826 1
4.026780 4.101013 4.591852 6
3.983135 13.031013 5.683046 6
3.584341 4.136376 5.466246 1
4.425574 13.066376 4.808652 1
4.998393 4.123874 4.717206 1
3.011522 13.053874 5.557692 1
3.776088 3.271952 4.132564 1
4.233827 12.201952 6.142334 1
4.251880 5.281916 2.384804 6
3.758035 14.211916 7.890094 6
3.941706 6.058112 1.873114 1
4.068209 14.988112 8.401784 1
4.007804 4.459642 1.910104 1
4.002111 13.389642 8.364795 1
5.225562 5.324066 2.485498 1
2.784353 14.254066 7.789400 1
1.349039 0.622421 1.073727 6
6.660876 9.552421 9.201171 6
2.729574 0.628493 0.913438 6
5.280341 9.558493 9.361460 6
3.178031 1.434158 0.686363 1
4.831884 10.364158 9.588535 1
3.454656 17.315091 1.084002 6
4.555259 8.385091 9.190896 6
4.398548 17.318842 0.975088 1
3.611367 8.388842 9.299810 1
2.799119 16.135260 1.416908 6
5.210796 7.205260 8.857990 6
3.294108 15.332810 1.534042 1
4.715807 6.402810 8.740856 1
1.418496 16.129187 1.577197 6
6.591420 7.199187 8.697701 6
0.970039 15.322094 1.804272 1
7.039876 6.392094 8.470626 1
0.693411 17.302589 1.405606 6
7.316504 8.372589 8.869292 6
8.621522 17.299196 1.515547 1
-0.611607 8.369196 8.759351 1
0.463943 3.808466 9.665597 6
7.545972 12.738466 0.609301 6
0.815024 5.100637 10.038678 6
7.194891 14.030637 0.236220 6
1.529538 5.393720 0.655538 1
6.480377 14.323720 9.619360 1
1.381098 5.963097 9.107670 6
6.628818 14.893097 1.167228 6
1.621442 6.845738 9.362487 1
6.388473 15.775738 0.912411 1
1.597046 5.533564 7.802758 6
6.412869 14.463564 2.472140 6
1.983997 6.122408 7.166741 1
6.025919 15.052408 3.108157 1
1.245940 4.241393 7.429984 6
6.763976 13.171393 2.844914 6
1.392563 3.947060 6.538945 1
6.617352 12.877060 3.735953 1
0.678953 3.378755 8.361301 6
7.330962 12.308755 1.913597 6
0.439548 2.495042 8.105867 1
7.570367 11.425042 2.169031 1
6.525556 1.989604 9.736493 6
1.484360 10.919604 0.538405 6
6.149869 0.719758 9.318305 6
1.860046 9.649758 0.956593 6
6.710316 17.834996 9.501198 1
1.299599 8.904996 0.773700 1
4.954643 0.537586 8.632969 6
3.055272 9.467586 1.641929 6
4.698254 17.529590 8.347327 1
3.311661 8.599590 1.927571 1
4.134218 1.628832 8.365822 6
3.875697 10.558832 1.909076 6
3.317295 1.503812 7.898314 1
4.692621 10.433812 2.376584 1
4.509818 2.898678 8.785038 6
3.500097 11.828678 1.489860 6
3.949371 3.643440 8.602145 1
4.060545 12.573440 1.672753 1
5.706017 3.080850 9.469346 6
2.303898 12.010850 0.805552 6
5.962320 3.948846 9.756016 1
2.047595 12.878846 0.518882 1
0.138956 4.541977 2.911906 7
7.870960 13.471977 7.362992 7
6.312568 9.271126 4.122289 8
1.697348 0.341126 6.152609 8
2.120737 5.311028 3.615634 8
5.889178 14.241028 6.659264 8
1.993114 3.279275 2.595748 8
6.016801 12.209275 7.679151 8
0.268725 2.443605 0.699998 50
7.741190 11.373605 9.574900 50
5.740328 0.839420 3.942478 6
2.269587 9.769420 6.332420 6
5.009920 1.394866 4.315457 1
2.999995 10.324866 5.959441 1
5.334699 0.030362 3.542785 1
2.675216 8.960362 6.732113 1
6.683497 0.430426 5.062442 6
1.326418 9.360426 5.212456 6
7.412155 17.727836 4.699738 1
0.597760 8.797836 5.575160 1
6.191872 17.763556 5.740586 1
1.818044 8.833556 4.534313 1
6.601399 1.855654 9.731356 6
1.408517 10.785654 0.543542 6
6.554393 0.548302 9.265903 6
1.455522 9.478302 1.008995 6
7.272047 17.811778 9.446741 1
0.737868 8.881778 0.828157 1
5.456116 0.108946 8.535358 6
2.553799 9.038946 1.739540 6
5.423399 17.074160 8.216836 1
2.586516 8.144160 2.058062 1
4.404846 0.978728 8.270265 6
3.605069 9.908728 2.004633 6
3.654474 0.680466 7.770905 1
4.355441 9.610466 2.503993 1
4.451852 2.287866 8.735718 6
3.558063 11.217866 1.539180 6
3.734198 2.882604 8.554880 1
4.275717 11.812604 1.720018 1
5.550128 2.727222 9.466264 6
2.459787 11.657222 0.808634 6
5.582846 3.622008 9.784785 1
2.427069 12.552008 0.490113 1
