11.839513 1.318741 3.601173 17
14.608180 9.593948 3.601173 17
6.057307 7.854081 3.601173 17
1.004513 7.574331 11.445839 17
3.773180 15.849539 11.445839 17
-4.777693 14.109671 11.445839 17
11.839513 13.829921 19.290506 17
3.773180 3.338358 19.290506 17
16.892307 1.598491 19.290506 17
-1.004513 17.448030 19.932827 17
-3.773180 9.172822 19.932827 17
4.777693 10.912689 19.932827 17
-1.004513 4.936849 4.243494 17
7.061820 15.428412 4.243494 17
-6.057307 17.168280 4.243494 17
9.830487 11.192439 12.088161 17
7.061820 2.917232 12.088161 17
15.612693 4.657099 12.088161 17
13.189446 1.405631 3.247692 8
13.857965 10.719579 3.247692 8
5.457590 6.641560 3.247692 8
2.354446 7.661221 11.092359 8
3.022965 16.975169 11.092359 8
-5.377410 12.897150 11.092359 8
13.189446 13.916811 18.937025 8
3.022965 4.463989 18.937025 8
16.292590 0.385970 18.937025 8
-2.354445 17.361139 20.286308 8
-3.022965 8.047191 20.286308 8
5.377411 12.125210 20.286308 8
-2.354445 4.849959 4.596975 8
7.812035 14.302781 4.596975 8
-5.457589 18.380801 4.596975 8
8.480555 11.105549 12.441641 8
7.812035 1.791601 12.441641 8
16.212411 5.869620 12.441641 8
11.241313 2.584184 3.515980 8
13.811375 8.443170 3.515980 8
7.452313 7.739416 3.515980 8
0.406313 8.839774 11.360646 8
2.976375 14.698760 11.360646 8
-3.382687 13.995006 11.360646 8
11.241313 15.095365 19.205313 8
2.976374 2.187580 19.205313 8
18.287313 1.483826 19.205313 8
-0.406312 16.182586 20.018020 8
-2.976374 10.323600 20.018020 8
3.382687 11.027354 20.018020 8
-0.406312 3.671406 4.328687 8
7.858626 16.579191 4.328687 8
-7.452313 17.282945 4.328687 8
10.428688 9.926996 12.173354 8
7.858626 4.068010 12.173354 8
14.217687 4.771764 12.173354 8
11.090706 0.371582 2.812313 8
15.802848 9.419042 2.812313 8
5.611447 8.976146 2.812313 8
0.255706 6.627172 10.656980 8
4.967848 15.674632 10.656980 8
-5.223553 15.231736 10.656980 8
11.090706 12.882762 18.501646 8
4.967848 3.163452 18.501646 8
16.446447 2.720556 18.501646 8
-0.255706 18.395188 20.721687 8
-4.967847 9.347728 20.721687 8
5.223554 9.790624 20.721687 8
-0.255706 5.884008 5.032354 8
5.867153 15.603319 5.032354 8
-5.611446 16.046214 5.032354 8
10.579294 12.139598 12.877020 8
5.867153 3.092138 12.877020 8
16.058554 3.535034 12.877020 8
11.736472 0.930832 4.956260 8
14.995640 9.698667 4.956260 8
5.772888 8.137272 4.956260 8
0.901472 7.186422 12.800927 8
4.160640 15.954257 12.800927 8
-5.062112 14.392862 12.800927 8
11.736472 13.442012 20.645594 8
4.160640 3.443077 20.645594 8
16.607888 1.881682 20.645594 8
-0.901472 17.835939 18.577740 8
-4.160640 9.068104 18.577740 8
5.062112 10.629499 18.577740 8
-0.901472 5.324758 2.888406 8
6.674360 15.323694 2.888406 8
-5.772888 16.885089 2.888406 8
9.933528 11.580349 10.733073 8
6.674360 2.812513 10.733073 8
15.897112 4.373909 10.733073 8
-0.581623 15.452934 2.084171 17
-2.256822 10.536603 2.084171 17
2.838445 11.544004 2.084171 17
-0.581623 2.941754 9.928838 17
8.578178 16.792193 9.928838 17
-7.996555 17.799594 9.928838 17
10.253377 9.197344 17.773504 17
8.578178 4.281013 17.773504 17
13.673445 5.288413 17.773504 17
11.416623 3.313836 21.449829 17
13.091822 8.230167 21.449829 17
7.996555 7.222767 21.449829 17
0.581623 9.569427 5.760496 17
2.256822 14.485757 5.760496 17
-2.838445 13.478357 5.760496 17
11.416623 15.825017 13.605162 17
2.256822 1.974577 13.605162 17
18.831555 0.967177 13.605162 17
-1.760687 16.253900 2.226316 8
-2.360946 9.115020 2.226316 8
4.121634 12.164621 2.226316 8
-1.760687 3.742720 10.070983 8
8.474054 15.370611 10.070983 8
-6.713366 18.420211 10.070983 8
9.074313 9.998310 17.915650 8
8.474054 2.859430 17.915650 8
14.956634 5.909030 17.915650 8
12.595688 2.512871 21.307684 8
13.195947 9.651750 21.307684 8
6.713366 6.602150 21.307684 8
1.760688 8.768461 5.618350 8
2.360947 15.907340 5.618350 8
-4.121634 12.857740 5.618350 8
12.595688 15.024051 13.463017 8
2.360947 3.396160 13.463017 8
17.548366 0.346560 13.463017 8
0.154941 15.889825 0.929593 8
-3.003462 10.956041 0.929593 8
2.848522 10.687676 0.929593 8
0.154941 3.378644 8.774260 8
7.831538 17.211631 8.774260 8
-7.986478 16.943266 8.774260 8
10.989941 9.634234 16.618926 8
7.831538 4.700450 16.618926 8
13.683521 4.432086 16.618926 8
10.680059 2.876946 22.604407 8
13.838462 7.810730 22.604407 8
7.986479 8.079095 22.604407 8
-0.154940 9.132536 6.915074 8
3.003462 14.066320 6.915074 8
-2.848521 14.334685 6.915074 8
10.680060 15.388126 14.759740 8
3.003462 1.555140 14.759740 8
18.821479 1.823505 14.759740 8
-0.997903 14.073201 1.870953 8
-0.853798 10.865960 1.870953 8
1.851702 12.594380 1.870953 8
20.672097 1.562021 9.715620 8
9.981202 17.121550 9.715620 8
1.851702 0.083199 9.715620 8
9.837097 7.817611 17.560286 8
9.981202 4.610370 17.560286 8
12.686702 6.338790 17.560286 8
11.832904 4.693569 21.663047 8
11.688798 7.900810 21.663047 8
8.983299 6.172391 21.663047 8
0.997904 10.949159 5.973714 8
0.853798 14.156401 5.973714 8
-1.851701 12.427981 5.973714 8
-9.837096 17.204750 13.818380 8
0.853798 1.645220 13.818380 8
8.983299 18.683571 13.818380 8
0.231869 15.520119 3.252399 8
-2.721752 11.207515 3.252399 8
2.489883 10.805906 3.252399 8
0.231869 3.008939 11.097065 8
8.113248 17.463106 11.097065 8
-8.345117 17.061497 11.097065 8
11.066869 9.264529 18.941732 8
8.113248 4.951925 18.941732 8
13.324883 4.550316 18.941732 8
10.603131 3.246651 20.281601 8
13.556752 7.559255 20.281601 8
8.345117 7.960864 20.281601 8
-0.231869 9.502241 4.592268 8
2.721752 13.814845 4.592268 8
-2.489883 14.216454 4.592268 8
10.603131 15.757832 12.436935 8
2.721752 1.303665 12.436935 8
19.180117 1.705274 12.436935 8
13.104933 5.241559 7.309660 8
10.578211 8.728425 7.309660 8
8.821857 4.796787 7.309660 8
2.269933 11.497149 15.154327 8
-0.256789 14.984015 15.154327 8
-2.013143 11.052377 15.154327 8
-8.565067 17.752739 22.998994 8
-0.256789 2.472835 22.998994 8
8.821857 17.307967 22.998994 8
-2.269932 13.525211 16.224340 8
0.256790 10.038346 16.224340 8
2.013143 13.969984 16.224340 8
19.400068 1.014031 0.535006 8
11.091790 16.293936 0.535006 8
2.013143 1.458804 0.535006 8
8.565068 7.269621 8.379673 8
11.091790 3.782755 8.379673 8
12.848143 7.714394 8.379673 8
14.613490 4.844642 6.546688 17
10.167672 10.233332 6.546688 17
7.723838 3.688796 6.546688 17
3.778490 11.100232 14.391355 17
-0.667328 16.488922 14.391355 17
-3.111162 9.944387 14.391355 17
-7.056510 17.355822 22.236021 17
-0.667328 3.977742 22.236021 17
7.723838 16.199977 22.236021 17
-3.778490 13.922129 16.987312 17
0.667328 8.533438 16.987312 17
3.111162 15.077974 16.987312 17
17.891510 1.410948 1.297979 17
11.502328 14.789028 1.297979 17
3.111162 2.566794 1.297979 17
7.056510 7.666539 9.142645 17
11.502328 2.277848 9.142645 17
13.946162 8.822384 9.142645 17
16.035800 4.601612 6.022351 8
9.666987 11.586604 6.022351 8
6.802213 2.578554 6.022351 8
5.200800 10.857202 13.867017 8
-1.168013 17.842194 13.867017 8
-4.032787 8.834144 13.867017 8
-5.634200 17.112792 21.711684 8
-1.168013 5.331014 21.711684 8
6.802213 15.089735 21.711684 8
-5.200800 14.165158 17.511649 8
1.168013 7.180166 17.511649 8
4.032787 16.188216 17.511649 8
16.469200 1.653978 1.822316 8
12.003013 13.435757 1.822316 8
4.032787 3.677036 1.822316 8
5.634200 7.909568 9.666983 8
12.003013 0.924576 9.666983 8
14.867787 9.932626 9.666983 8
14.421385 6.087940 5.935275 8
9.186997 9.445316 5.935275 8
8.896619 3.233515 5.935275 8
3.586385 12.343531 13.779941 8
-1.648003 15.700906 13.779941 8
-1.938381 9.489105 13.779941 8
-7.248615 18.599121 21.624608 8
-1.648003 3.189725 21.624608 8
8.896619 15.744695 21.624608 8
-3.586385 12.678830 17.598725 8
1.648004 9.321455 17.598725 8
1.938382 15.533256 17.598725 8
18.083615 0.167650 1.909392 8
12.483004 15.577045 1.909392 8
1.938381 3.022076 1.909392 8
7.248615 6.423240 9.754059 8
12.483004 3.065865 9.754059 8
12.773381 9.277666 9.754059 8
13.912140 3.817161 5.937628 8
11.408172 10.139686 5.937628 8
7.184689 4.809923 5.937628 8
3.077140 10.072751 13.782295 8
0.573172 16.395276 13.782295 8
-3.650311 11.065513 13.782295 8
-7.757860 16.328341 21.626962 8
0.573171 3.884096 21.626962 8
7.184689 17.321104 21.626962 8
-3.077140 14.949609 17.596372 8
-0.573171 8.627084 17.596372 8
3.650312 13.956847 17.596372 8
18.592860 2.438429 1.907038 8
10.261829 14.882675 1.907038 8
3.650312 1.445667 1.907038 8
7.757860 8.694019 9.751705 8
10.261829 2.371494 9.751705 8
14.485312 7.701257 9.751705 8
14.890541 4.813677 7.867416 8
10.055964 10.488748 7.867416 8
7.558496 3.464346 7.867416 8
4.055541 11.069267 15.712083 8
-0.779036 16.744338 15.712083 8
-3.276504 9.719936 15.712083 8
-6.779459 17.324857 0.022750 8
-0.779037 4.233158 0.022750 8
7.558496 15.975526 0.022750 8
-4.055541 13.953094 15.666584 8
0.779037 8.278022 15.666584 8
3.276504 15.302425 15.666584 8
17.614459 1.441914 23.511250 8
11.614037 14.533613 23.511250 8
3.276504 2.791244 23.511250 8
6.779459 7.697504 7.821917 8
11.614037 2.022432 7.821917 8
14.111504 9.046834 7.821917 8
10.836084 6.254965 4.993915 17
0.001084 12.510555 12.838581 17
-10.833916 18.766145 20.683248 17
-0.001083 12.511806 18.540085 17
21.668917 0.000626 2.850752 17
10.833917 6.256216 10.695419 17
-0.001083 12.511806 3.923118 11
21.668917 0.000626 11.767784 11
10.833917 6.256216 19.612451 11
11.308490 3.758984 6.001170 11
12.760380 7.913947 6.001170 11
8.436131 7.093839 6.001170 11
0.473489 10.014574 13.845837 11
1.925380 14.169537 13.845837 11
-2.398869 13.349429 13.845837 11
11.308490 16.270164 21.690503 11
1.925380 1.658357 21.690503 11
19.271131 0.838249 21.690503 11
-0.473489 15.007786 17.532830 11
-1.925379 10.852823 17.532830 11
2.398869 11.672931 17.532830 11
-0.473489 2.496606 1.843497 11
8.909621 17.108414 1.843497 11
-8.436131 17.928521 1.843497 11
10.361511 8.752196 9.688163 11
8.909621 4.597233 9.688163 11
13.233869 5.417341 9.688163 11
-0.001083 12.511806 21.528903 7
21.668917 0.000626 5.839570 7
10.833917 6.256216 13.684237 7
10.836084 6.254965 2.005097 7
0.001084 12.510555 9.849763 7
-10.833916 18.766145 17.694430 7
0.725945 13.737276 22.025471 6
-1.424802 12.526819 22.025471 6
0.698858 11.269446 22.025471 6
0.725945 1.226096 6.336137 6
20.245198 0.015639 6.336137 6
11.533858 17.525036 6.336137 6
11.560945 7.481686 14.180804 6
9.410198 6.271229 14.180804 6
11.533858 5.013856 14.180804 6
10.109055 5.029494 1.508529 6
12.259803 6.239951 1.508529 6
10.136143 7.497325 1.508529 6
-0.725945 11.285085 9.353196 6
1.424803 12.495541 9.353196 6
-0.698857 13.752915 9.353196 6
10.109055 17.540675 17.197863 6
-9.410197 18.751132 17.197863 6
-0.698858 1.241735 17.197863 6
1.023908 13.589019 22.936236 1
-1.445389 12.858991 22.936236 1
0.421482 11.085531 22.936236 1
1.023907 1.077838 7.246903 1
20.224611 0.347811 7.246903 1
11.256482 17.341122 7.246903 1
11.858908 7.333428 15.091570 1
9.389611 6.603401 15.091570 1
11.256481 4.829941 15.091570 1
9.811093 5.177752 0.597764 1
12.280389 5.907779 0.597764 1
10.413519 7.681239 0.597764 1
-1.023907 11.433342 8.442430 1
1.445389 12.163370 8.442430 1
-0.421481 13.936829 8.442430 1
9.811093 17.688932 16.287097 1
-9.389611 18.418960 16.287097 1
-0.421481 1.425649 16.287097 1
0.117018 14.491700 22.027824 1
-1.773689 11.622261 22.027824 1
1.656672 11.419580 22.027824 1
0.117018 1.980520 6.338491 1
9.061311 17.877851 6.338491 1
-9.178328 17.675170 6.338491 1
10.952018 8.236110 14.183157 1
9.061311 5.366671 14.183157 1
12.491672 5.163990 14.183157 1
10.717982 4.275070 1.506176 1
12.608690 7.144510 1.506176 1
9.178329 7.347191 1.506176 1
-0.117018 10.530660 9.350843 1
1.773690 13.400100 9.350843 1
-1.656671 13.602781 9.350843 1
10.717982 16.786251 17.195509 1
1.773690 0.888919 17.195509 1
20.013329 1.091600 17.195509 1
1.923213 14.058188 21.147652 6
-2.301354 13.403227 21.147652 6
0.378142 10.072126 21.147652 6
1.923212 1.547007 5.458319 6
19.368646 0.892047 5.458319 6
11.213142 16.327716 5.458319 6
12.758213 7.802598 13.302986 6
8.533646 7.147637 13.302986 6
11.213142 3.816536 13.302986 6
8.911788 4.708583 2.386348 6
13.136354 5.363543 2.386348 6
10.456859 8.694645 2.386348 6
-1.923212 10.964173 10.231014 6
2.301354 11.619133 10.231014 6
-0.378141 14.950235 10.231014 6
8.911788 17.219763 18.075681 6
-8.533646 17.874723 18.075681 6
-0.378142 2.439055 18.075681 6
2.363114 13.236203 20.879365 1
-1.809445 14.195185 20.879365 1
-0.553668 10.102153 20.879365 1
2.363113 0.725023 5.190031 1
19.860555 1.684005 5.190031 1
10.281332 16.357743 5.190031 1
13.198114 6.980613 13.034698 1
9.025555 7.939595 13.034698 1
10.281332 3.846562 13.034698 1
8.471887 5.530567 2.654635 1
12.644445 4.571585 2.654635 1
11.388669 8.664618 2.654635 1
-2.363113 11.786157 10.499302 1
1.809445 10.827175 10.499302 1
0.553669 14.920208 10.499302 1
8.471887 18.041748 18.343969 1
-9.025555 17.082766 18.343969 1
0.553668 2.409028 18.343969 1
1.628501 14.519850 20.345143 1
-2.553809 12.917168 20.345143 1
0.925309 10.096523 20.345143 1
1.628501 2.008670 4.655810 1
19.116191 0.405988 4.655810 1
11.760309 16.352113 4.655810 1
12.463501 8.264260 12.500476 1
8.281190 6.661578 12.500476 1
11.760309 3.840932 12.500476 1
9.206500 4.246920 3.188857 1
13.388810 5.849602 3.188857 1
9.909691 8.670248 3.188857 1
-1.628500 10.502510 11.033524 1
2.553810 12.105193 11.033524 1
-0.925309 14.925838 11.033524 1
9.206500 16.758100 18.878190 1
-8.281190 18.360783 18.878190 1
-0.925309 2.414658 18.878190 1
2.863691 14.910199 21.896034 7
-3.509456 13.791700 21.896034 7
0.645766 8.831642 21.896034 7
2.863690 2.399019 6.206700 7
18.160543 1.280519 6.206700 7
11.480766 15.087232 6.206700 7
13.698691 8.654609 14.051367 7
7.325544 7.536109 14.051367 7
11.480766 2.576052 14.051367 7
7.971310 3.856571 1.637966 7
14.344457 4.975071 1.637966 7
10.189234 9.935128 1.637966 7
-2.863690 10.112162 9.482633 7
3.509457 11.230661 9.482633 7
-0.645766 16.190718 9.482633 7
7.971310 16.367752 17.327300 7
-7.325543 17.486251 17.327300 7
-0.645766 3.679538 17.327300 7
3.708821 15.694650 20.978208 6
-4.611376 14.131378 20.978208 6
0.902556 7.707513 20.978208 6
3.708821 3.183470 5.288874 6
17.058624 1.620198 5.288874 6
11.737556 13.963103 5.288874 6
14.543821 9.439060 13.133541 6
6.223624 7.875788 13.133541 6
11.737555 1.451922 13.133541 6
7.126179 3.072120 2.555792 6
15.446376 4.635392 2.555792 6
9.932445 11.059258 2.555792 6
-3.708820 9.327710 10.400459 6
4.611376 10.890982 10.400459 6
-0.902555 17.314848 10.400459 6
7.126180 15.583301 18.245126 6
-6.223624 17.146573 18.245126 6
-0.902555 4.803668 18.245126 6
3.987280 15.133524 20.236887 1
-4.264656 14.653094 20.236887 1
0.277376 7.746923 20.236887 1
3.987280 2.622343 4.547553 1
17.405344 2.141914 4.547553 1
11.112376 14.002513 4.547553 1
14.822280 8.877934 12.392220 1
6.570344 8.397504 12.392220 1
11.112376 1.491333 12.392220 1
6.847720 3.633247 3.297113 1
15.099656 4.113676 3.297113 1
10.557624 11.019848 3.297113 1
-3.987280 9.888837 11.141780 1
4.264656 10.369266 11.141780 1
-0.277376 17.275438 11.141780 1
6.847720 16.144427 18.986447 1
-6.570344 16.624856 18.986447 1
-0.277376 4.764257 18.986447 1
4.504110 15.991165 21.444181 1
-5.265810 14.671861 21.444181 1
0.761701 6.870515 21.444181 1
4.504110 3.479985 5.754847 1
16.404190 2.160681 5.754847 1
11.596701 13.126105 5.754847 1
15.339110 9.735575 13.599514 1
5.569190 8.416271 13.599514 1
11.596700 0.614925 13.599514 1
6.330891 2.775605 2.089819 1
16.100810 4.094909 2.089819 1
10.073300 11.896256 2.089819 1
-4.504109 9.031196 9.934486 1
5.265810 10.350499 9.934486 1
-0.761700 18.151846 9.934486 1
6.330891 15.286786 17.779153 1
-5.569190 16.606090 17.779153 1
-0.761700 5.640666 17.779153 1
2.961206 16.899477 20.446339 6
-5.280979 12.881511 20.446339 6
2.319774 7.752553 20.446339 6
2.961205 4.388297 4.757006 6
16.389021 0.370331 4.757006 6
13.154774 14.008143 4.757006 6
13.796206 10.643887 12.601673 6
5.554021 6.625921 12.601673 6
13.154774 1.496963 12.601673 6
7.873795 1.867294 3.087661 6
16.115979 5.885259 3.087661 6
8.515227 11.014218 3.087661 6
-2.961205 8.122884 10.932327 6
5.280979 12.140849 10.932327 6
-2.319773 17.269808 10.932327 6
7.873795 14.378474 18.776994 6
-5.554021 18.396440 18.776994 6
-2.319773 4.758627 18.776994 6
3.559298 17.447467 19.912117 1
-6.054598 13.125479 19.912117 1
2.495301 6.960595 19.912117 1
3.559298 4.936286 4.222784 1
15.615402 0.614299 4.222784 1
13.330301 13.216185 4.222784 1
14.394298 11.191876 12.067451 1
4.780402 6.869889 12.067451 1
13.330300 0.705005 12.067451 1
7.275703 1.319304 3.621883 1
16.889598 5.641291 3.621883 1
8.339700 11.806175 3.621883 1
-3.559297 7.574894 11.466549 1
6.054598 11.896881 11.466549 1
-2.495300 18.061765 11.466549 1
7.275703 13.830484 19.311216 1
-4.780402 18.152472 19.311216 1
-2.495301 5.550585 19.311216 1
2.229843 16.608592 19.879170 1
-4.663384 12.393575 19.879170 1
2.433541 8.531374 19.879170 1
2.229843 4.097412 4.189836 1
6.171616 18.649165 4.189836 1
-8.401459 14.786964 4.189836 1
13.064843 10.353002 12.034503 1
6.171616 6.137985 12.034503 1
13.268541 2.275784 12.034503 1
8.605157 2.158179 3.654830 1
15.498384 6.373195 3.654830 1
8.401459 10.235397 3.654830 1
-2.229843 8.413769 11.499497 1
4.663384 12.628785 11.499497 1
-2.433541 16.490987 11.499497 1
8.605157 14.669359 19.344164 1
4.663384 0.117605 19.344164 1
19.236459 3.979806 19.344164 1
2.428124 17.698941 21.597152 7
-5.706794 12.020117 21.597152 7
3.278671 7.814483 21.597152 7
2.428124 5.187761 5.907818 7
5.128206 18.275707 5.907818 7
-7.556329 14.070073 5.907818 7
13.263124 11.443351 13.752485 7
5.128205 5.764526 13.752485 7
14.113671 1.558893 13.752485 7
8.406877 1.067829 1.936848 7
16.541795 6.746654 1.936848 7
7.556329 10.952287 1.936848 7
-2.428123 7.323419 9.781515 7
5.706795 13.002244 9.781515 7
-3.278671 17.207877 9.781515 7
8.406877 13.579010 17.626182 7
5.706795 0.491064 17.626182 7
18.391329 4.696697 17.626182 7
3.426027 18.627896 22.223156 6
-7.010245 12.419849 22.223156 6
3.584218 6.485796 22.223156 6
3.426027 6.116716 6.533823 6
3.824755 18.675439 6.533823 6
-7.250782 12.741386 6.533823 6
14.261027 12.372306 14.378490 6
3.824755 6.164259 14.378490 6
14.419218 0.230206 14.378490 6
7.408973 0.138874 1.310844 6
17.845245 6.346922 1.310844 6
7.250782 12.280975 1.310844 6
-3.426027 6.394464 9.155510 6
7.010245 12.602512 9.155510 6
-3.584218 18.536565 9.155510 6
7.408973 12.650054 17.000177 6
7.010245 0.091332 17.000177 6
18.085782 6.025384 17.000177 6
4.275491 18.173741 22.345533 1
-7.041666 13.382584 22.345533 1
2.766176 5.977216 22.345533 1
4.275491 5.662560 6.656200 1
14.628334 0.871404 6.656200 1
13.601176 12.232807 6.656200 1
-6.559509 11.918150 14.500866 1
3.793334 7.126994 14.500866 1
2.766176 18.488397 14.500866 1
6.559509 0.593030 1.188467 1
17.876667 5.384186 1.188467 1
8.068825 12.789554 1.188467 1
17.394509 6.848620 9.033134 1
7.041667 11.639777 9.033134 1
8.068824 0.278374 9.033134 1
6.559509 13.104210 16.877800 1
-3.793333 17.895367 16.877800 1
-2.766175 6.533964 16.877800 1
14.406216 0.630563 21.651280 1
13.920808 12.160867 21.651280 1
4.177976 5.975340 21.651280 1
3.571216 6.886154 5.961947 1
3.085808 18.416457 5.961947 1
-6.657024 12.230930 5.961947 1
-7.263784 13.141744 13.806613 1
3.085808 5.905277 13.806613 1
4.177976 18.486520 13.806613 1
-3.571216 18.136207 1.882720 1
-3.085808 6.605903 1.882720 1
6.657024 12.791431 1.882720 1
18.098784 5.625027 9.727387 1
7.749192 12.861493 9.727387 1
6.657024 0.280250 9.727387 1
7.263784 11.880617 17.572053 1
7.749192 0.350313 17.572053 1
17.492024 6.535841 17.572053 1
13.708442 0.296515 0.018827 6
14.558990 11.723602 0.018827 6
4.237569 6.746654 0.018827 6
2.873442 6.552105 7.863494 6
3.723990 17.979192 7.863494 6
-6.597431 13.002244 7.863494 6
13.708442 12.807695 15.708161 6
3.723990 5.468011 15.708161 6
15.072569 0.491064 15.708161 6
-2.873442 18.470256 23.515173 6
-3.723989 7.043169 23.515173 6
6.597432 12.020117 23.515173 6
-2.873442 5.959075 7.825839 6
7.111011 13.298759 7.825839 6
-4.237568 18.275707 7.825839 6
7.961558 12.214665 15.670506 6
7.111010 0.787579 15.670506 6
17.432432 5.764526 15.670506 6
14.348791 0.872655 0.463620 1
13.739864 11.990090 0.463620 1
4.416346 5.904026 0.463620 1
3.513790 7.128245 8.308286 1
2.904864 18.245680 8.308286 1
-6.418654 12.159616 8.308286 1
-7.321209 13.383835 16.152953 1
2.904864 5.734500 16.152953 1
4.416346 18.415206 16.152953 1
-3.513790 17.894116 23.070380 1
-2.904863 6.776681 23.070380 1
6.418654 12.862745 23.070380 1
18.156210 5.382935 7.381047 1
7.930137 13.032271 7.381047 1
6.418654 0.351564 7.381047 1
7.321210 11.638526 15.225714 1
7.930136 0.521091 15.225714 1
17.253654 6.607154 15.225714 1
12.891483 0.803218 23.413977 1
14.528652 10.762743 23.413977 1
5.084866 7.200810 23.413977 1
2.056483 7.058808 7.724643 1
3.693652 17.018333 7.724643 1
-5.750134 13.456400 7.724643 1
12.891483 13.314398 15.569310 1
3.693652 4.507153 15.569310 1
15.919866 0.945220 15.569310 1
-2.056483 17.963553 0.120023 1
-3.693651 8.004028 0.120023 1
5.750135 11.565961 0.120023 1
-2.056483 5.452372 7.964690 1
7.141349 14.259618 7.964690 1
-5.084865 17.821551 7.964690 1
8.778517 11.707963 15.809357 1
7.141349 1.748437 15.809357 1
16.585135 5.310370 15.809357 1
2.589565 17.895992 0.861344 7
-5.958166 12.061403 0.861344 7
3.368602 7.576145 0.861344 7
2.589565 5.384812 8.706011 7
4.876834 18.316994 8.706011 7
-7.466398 13.831735 8.706011 7
13.424565 11.640402 16.550678 7
4.876834 5.805813 16.550678 7
14.203601 1.320555 16.550678 7
8.245435 0.870778 22.672656 7
16.793167 6.705367 22.672656 7
7.466399 11.190625 22.672656 7
-2.589565 7.126368 6.983322 7
5.958167 12.960957 6.983322 7
-3.368601 17.446215 6.983322 7
8.245435 13.381958 14.827989 7
5.958167 0.449777 14.827989 7
18.301399 4.935035 14.827989 7
3.703403 17.539424 1.750930 6
-6.206288 13.204300 1.750930 6
2.502885 6.789818 1.750930 6
3.703403 5.028243 9.595596 6
15.463712 0.693119 9.595596 6
13.337885 13.045408 9.595596 6
14.538403 11.283834 17.440263 6
4.628712 6.948710 17.440263 6
13.337885 0.534227 17.440263 6
7.131597 1.227347 21.783070 6
17.041288 5.562471 21.783070 6
8.332115 11.976953 21.783070 6
-3.703403 7.482937 6.093737 6
6.206288 11.818061 6.093737 6
-2.502885 18.232543 6.093737 6
7.131597 13.738527 13.938404 6
-4.628712 18.073651 13.938404 6
-2.502885 5.721363 13.938404 6
3.808503 18.220657 2.433416 1
-6.848803 12.954702 2.433416 1
3.040301 6.358182 2.433416 1
3.808502 5.709477 10.278082 1
14.821196 0.443521 10.278082 1
13.875301 12.613772 10.278082 1
14.643503 11.965067 18.122749 1
3.986197 6.699112 18.122749 1
13.875301 0.102592 18.122749 1
7.026498 0.546113 21.100584 1
17.683804 5.812069 21.100584 1
7.794699 12.408589 21.100584 1
-3.808502 6.801703 5.411251 1
6.848804 12.067659 5.411251 1
-3.040301 18.664179 5.411251 1
7.026498 13.057293 13.255918 1
-3.986196 18.323249 13.255918 1
-3.040301 6.152998 13.255918 1
4.526863 17.494383 1.240242 1
-6.579012 13.939957 1.240242 1
2.052149 6.099200 1.240242 1
4.526863 4.983203 9.084908 1
15.090988 1.428777 9.084908 1
12.887149 12.354791 9.084908 1
-6.308137 11.238793 16.929575 1
4.255988 7.684367 16.929575 1
2.052149 18.610381 16.929575 1
6.308137 1.272387 22.293758 1
17.414012 4.826813 22.293758 1
8.782851 12.667570 22.293758 1
17.143137 7.527977 6.604425 1
6.579012 11.082404 6.604425 1
8.782851 0.156390 6.604425 1
6.308137 13.783567 14.449092 1
-4.255988 17.337994 14.449092 1
-2.052149 6.411980 14.449092 1
3.440113 16.212613 2.398115 6
-4.925591 13.639689 2.398115 6
1.485479 7.681239 2.398115 6
3.440112 3.701433 10.242781 6
16.744409 1.128508 10.242781 6
12.320479 13.936829 10.242781 6
14.275113 9.957023 18.087448 6
5.909409 7.384099 18.087448 6
12.320479 1.425649 18.087448 6
7.394888 2.554157 21.135885 6
15.760591 5.127082 21.135885 6
9.349522 11.085531 21.135885 6
-3.440112 8.809748 5.446552 6
4.925591 11.382672 5.446552 6
-1.485478 17.341122 5.446552 6
7.394888 15.065338 13.291219 6
-5.909409 17.638262 13.291219 6
-1.485478 4.829941 13.291219 6
2.708750 16.297064 3.031179 1
-4.633046 12.964085 3.031179 1
1.924296 8.272392 3.031179 1
2.708750 3.785883 10.875846 1
17.036954 0.452905 10.875846 1
12.759296 14.527983 10.875846 1
13.543750 10.041473 18.720513 1
6.201954 6.708495 18.720513 1
12.759296 2.016802 18.720513 1
8.126250 2.469707 20.502821 1
15.468046 5.802685 20.502821 1
8.910704 10.494378 20.502821 1
-2.708750 8.725297 4.813487 1
4.633046 12.058276 4.813487 1
-1.924296 16.749968 4.813487 1
8.126250 14.980887 12.658154 1
-6.201954 18.313866 12.658154 1
-1.924296 4.238788 12.658154 1
4.228901 15.919851 2.880562 1
-5.066446 14.469180 2.880562 1
0.837546 7.144510 2.880562 1
4.228900 3.408671 10.725228 1
16.603554 1.958000 10.725228 1
11.672546 13.400100 10.725228 1
15.063901 9.664261 18.569895 1
5.768554 8.213590 18.569895 1
11.672546 0.888919 18.569895 1
6.606100 2.846919 20.653438 1
15.901446 4.297590 20.653438 1
9.997455 11.622261 20.653438 1
-4.228900 9.102509 4.964105 1
5.066446 10.553181 4.964105 1
-0.837545 17.877851 4.964105 1
6.606100 15.358099 12.808772 1
-5.768554 16.808771 12.808772 1
-0.837546 5.366671 12.808772 1
3.081474 15.193577 1.334378 7
-3.863761 13.838617 1.334378 7
0.782287 8.501347 1.334378 7
3.081474 2.682397 9.179044 7
17.806239 1.327436 9.179044 7
11.617287 14.756937 9.179044 7
13.916474 8.937987 17.023711 7
6.971239 7.583026 17.023711 7
11.617287 2.245757 17.023711 7
7.753526 3.573193 22.199622 7
14.698761 4.928154 22.199622 7
10.052713 10.265423 22.199622 7
-3.081474 9.828783 6.510289 7
3.863761 11.183744 6.510289 7
-0.782287 16.521014 6.510289 7
7.753526 16.084373 14.354956 7
-6.971239 17.439334 14.354956 7
-0.782287 4.009833 14.354956 7
4.221316 14.840762 0.433026 6
-4.128135 15.002156 0.433026 6
-0.093181 7.690623 0.433026 6
4.221316 2.329582 8.277692 6
17.541865 2.490976 8.277692 6
10.741819 13.946213 8.277692 6
15.056316 8.585172 16.122359 6
6.706865 8.746566 16.122359 6
10.741819 1.435032 16.122359 6
6.613684 3.926008 23.100974 6
14.963135 3.764614 23.100974 6
10.928181 11.076148 23.100974 6
-4.221316 10.181599 7.411641 6
4.128135 10.020204 7.411641 6
0.093181 17.331738 7.411641 6
6.613684 16.437189 15.256308 6
-6.706865 16.275794 15.256308 6
0.093181 4.820558 15.256308 6
4.862748 14.296526 0.915473 1
-3.977528 15.829771 0.915473 1
-0.885219 7.407244 0.915473 1
4.862748 1.785345 8.760139 1
17.692472 3.318591 8.760139 1
9.949781 13.662834 8.760139 1
15.697748 8.040936 16.604806 1
6.857472 9.574181 16.604806 1
9.949781 1.151654 16.604806 1
5.972252 4.470245 22.618527 1
14.812529 2.937000 22.618527 1
11.720220 11.359526 22.618527 1
-4.862748 10.725835 6.929194 1
3.977529 9.192590 6.929194 1
0.885220 17.615116 6.929194 1
5.972252 16.981425 14.773861 1
-6.857471 15.448180 14.773861 1
0.885219 5.103936 14.773861 1
4.669885 15.651487 0.141204 1
-5.054527 14.985266 0.141204 1
0.384643 6.896788 0.141204 1
4.669885 3.140306 7.985871 1
16.615473 2.474086 7.985871 1
11.219643 13.152378 7.985871 1
15.504885 9.395896 15.830537 1
5.780473 8.729676 15.830537 1
11.219642 0.641198 15.830537 1
6.165115 3.115284 23.392796 1
15.889528 3.781504 23.392796 1
10.450358 11.869982 23.392796 1
-4.669885 9.370874 7.703463 1
5.054528 10.037094 7.703463 1
-0.384642 18.125573 7.703463 1
6.165115 15.626464 15.548129 1
-5.780472 16.292685 15.548129 1
-0.384642 5.614392 15.548129 1
3.712071 14.086338 22.771498 6
-3.220162 14.938349 22.771498 6
-0.491909 8.508854 22.771498 6
3.712071 1.575158 7.082165 6
18.449838 2.427169 7.082165 6
10.343091 14.764444 7.082165 6
14.547071 7.830748 14.926832 6
7.614838 8.682759 14.926832 6
10.343091 2.253264 14.926832 6
7.122929 4.680433 0.762502 6
14.055162 3.828421 0.762502 6
11.326909 10.257917 0.762502 6
-3.712071 10.936023 8.607168 6
3.220162 10.084011 8.607168 6
0.491909 16.513507 8.607168 6
7.122929 17.191613 16.451835 6
-7.614838 16.339602 16.451835 6
0.491909 4.002327 16.451835 6
4.468354 13.756043 22.260811 1
-3.312259 15.758457 22.260811 1
-1.156094 8.019041 22.260811 1
4.468354 1.244862 6.571477 1
18.357741 3.247277 6.571477 1
9.678906 14.274631 6.571477 1
15.303354 7.500453 14.416144 1
7.522741 9.502867 14.416144 1
9.678906 1.763451 14.416144 1
6.366646 5.010728 1.273189 1
14.147260 3.008313 1.273189 1
11.991095 10.747729 1.273189 1
-4.468354 11.266318 9.117856 1
3.312260 9.263903 9.117856 1
1.156095 17.003320 9.117856 1
6.366646 17.521908 16.962523 1
-7.522740 15.519494 16.962523 1
1.156095 4.492139 16.962523 1
3.201743 13.318777 23.077440 1
-2.300270 14.880172 23.077440 1
-0.901472 9.334592 23.077440 1
3.201743 0.807597 7.388107 1
19.369730 2.368992 7.388107 1
9.933528 15.590182 7.388107 1
14.036743 7.063187 15.232774 1
8.534730 8.624582 15.232774 1
9.933528 3.079001 15.232774 1
7.633258 5.447993 0.456560 1
13.135271 3.886598 0.456560 1
11.736472 9.432179 0.456560 1
-3.201742 11.703584 8.301226 1
2.300271 10.142188 8.301226 1
0.901472 15.687769 8.301226 1
7.633258 17.959174 16.145893 1
-8.534729 16.397779 16.145893 1
0.901472 3.176589 16.145893 1
