-0.786816 2.642718 4.934399 7
15.017291 2.642718 2.021337 7
8.655684 7.830418 4.934399 7
5.574791 7.830418 2.021337 7
10.362765 7.732682 8.977072 7
-5.441341 7.732682 11.890134 7
0.920265 2.544982 8.977072 7
4.001159 2.544982 11.890134 7
-1.435834 6.886879 4.389347 6
15.666309 6.886879 2.566388 6
8.006666 1.699179 4.389347 6
6.223809 1.699179 2.566388 6
11.011784 3.488521 9.522123 6
-6.090359 3.488521 11.345082 6
1.569284 8.676221 9.522123 6
3.352141 8.676221 11.345082 6
-0.640376 7.633908 5.228348 6
14.870850 7.633908 1.727387 6
8.802124 2.446208 5.228348 6
5.428350 2.446208 1.727387 6
10.216325 2.741492 8.683122 6
-5.294901 2.741492 12.184083 6
0.773825 7.929192 8.683122 6
4.147599 7.929192 12.184083 6
-0.054575 7.186002 5.827515 1
14.285050 7.186002 1.128220 1
9.387925 1.998302 5.827515 1
4.842550 1.998302 1.128220 1
9.630525 3.189398 8.083955 1
-4.709100 3.189398 12.783250 1
0.188025 8.377098 8.083955 1
4.733400 8.377098 12.783250 1
-0.669767 9.042057 5.225705 6
14.900242 9.042057 1.730030 6
8.772733 3.854357 5.225705 6
5.457742 3.854357 1.730030 6
10.245717 1.333343 8.685766 6
-5.324292 1.333343 12.181440 6
0.803217 6.521043 8.685766 6
4.118208 6.521043 12.181440 6
-0.116949 9.532918 5.821950 1
14.347424 9.532918 1.133785 1
9.325551 4.345218 5.821950 1
4.904924 4.345218 1.133785 1
9.692899 0.842482 8.089520 1
-4.771474 0.842482 12.777685 1
0.250399 6.030182 8.089520 1
4.671026 6.030182 12.777685 1
-1.491479 9.693217 4.366671 6
15.721954 9.693217 2.589064 6
7.951021 4.505517 4.366671 6
6.279454 4.505517 2.589064 6
11.067429 0.682183 9.544799 6
-6.146004 0.682183 11.322407 6
1.624929 5.869883 9.544799 6
3.296496 5.869883 11.322407 6
-1.506720 0.267685 4.362637 1
15.737195 0.267685 2.593098 1
7.935780 5.455385 4.362637 1
6.294695 5.455385 2.593098 1
11.082670 10.107715 9.548833 1
-6.161245 10.107715 11.318372 1
1.640170 4.920015 9.548833 1
3.281255 4.920015 11.318372 1
-2.327263 8.980739 3.477868 6
7.115237 3.793039 3.477868 6
-6.981788 1.394661 10.433603 6
2.460712 6.582361 10.433603 6
-2.327263 7.542605 3.477868 6
7.115237 2.354905 3.477868 6
-6.981788 2.832795 10.433603 6
2.460712 8.020495 10.433603 6
-1.754409 3.281013 5.572100 6
15.984884 3.281013 1.383635 6
7.688091 8.468713 5.572100 6
6.542384 8.468713 1.383635 6
11.330359 7.094387 8.339370 6
-6.408934 7.094387 12.527835 6
1.887859 1.906687 8.339370 6
3.033566 1.906687 12.527835 6
-2.013377 4.670071 5.379426 6
16.243851 4.670071 1.576309 6
7.429123 9.857771 5.379426 6
6.801351 9.857771 1.576309 6
11.589326 5.705329 8.532044 6
-6.667902 5.705329 12.335162 6
2.146826 0.517629 8.532044 6
2.774598 0.517629 12.335162 6
-2.713236 5.091209 5.863685 1
16.943711 5.091209 1.092050 1
6.729264 10.278909 5.863685 1
7.501211 10.278909 1.092050 1
12.289186 5.284191 8.047786 1
-7.367761 5.284191 12.819420 1
2.846686 0.096491 8.047786 1
2.074739 0.096491 12.819420 1
-1.260524 5.398632 4.503560 6
15.490999 5.398632 2.452175 6
8.181976 0.210932 4.503560 6
6.048499 0.210932 2.452175 6
10.836474 4.976768 9.407910 6
-5.915050 4.976768 11.459295 6
1.393974 10.164468 9.407910 6
3.527450 10.164468 11.459295 6
-0.200498 4.742492 3.805900 6
14.430972 4.742492 3.149835 6
9.242002 9.930192 3.805900 6
4.988472 9.930192 3.149835 6
9.776447 5.632908 10.105570 6
-4.855023 5.632908 10.761635 6
0.333947 0.445208 10.105570 6
4.587477 0.445208 10.761635 6
0.674957 5.401641 2.904576 6
13.555517 5.401641 4.051159 6
10.117457 0.213941 2.904576 6
4.113017 0.213941 4.051159 6
8.900992 4.973759 11.006894 6
-3.979568 4.973759 9.860311 6
-0.541508 10.161459 11.006894 6
5.462932 10.161459 9.860311 6
0.556798 6.326919 2.723866 1
13.673677 6.326919 4.231869 1
9.999298 1.139219 2.723866 1
4.231177 1.139219 4.231869 1
9.019152 4.048481 11.187604 1
-4.097727 4.048481 9.679601 1
-0.423348 9.236181 11.187604 1
5.344773 9.236181 9.679601 1
1.688320 4.714374 2.293584 6
12.542155 4.714374 4.662151 6
11.130820 9.902074 2.293584 6
3.099655 9.902074 4.662151 6
7.887630 5.661026 11.617886 6
-2.966205 5.661026 9.249319 6
-1.554870 0.473326 11.617886 6
6.476295 0.473326 9.249319 6
2.272081 5.166949 1.695808 1
11.958394 5.166949 5.259927 1
11.714581 10.354649 1.695808 1
2.515894 10.354649 5.259927 1
7.303869 5.208451 12.215662 1
-2.382444 5.208451 8.651543 1
-2.138631 0.020751 12.215662 1
7.060056 0.020751 8.651543 1
1.871462 3.339841 2.545103 6
12.359013 3.339841 4.410632 6
11.313962 8.527541 2.545103 6
2.916513 8.527541 4.410632 6
7.704488 7.035559 11.366367 6
-2.783063 7.035559 9.500839 6
-1.738012 1.847859 11.366367 6
6.659437 1.847859 9.500839 6
2.580159 2.872948 2.115935 1
11.650315 2.872948 4.839801 1
12.022659 8.060648 2.115935 1
2.207815 8.060648 4.839801 1
6.995790 7.502452 11.795536 1
-2.074366 7.502452 9.071670 1
-2.446710 2.314752 11.795536 1
7.368134 2.314752 9.071670 1
1.041532 2.674882 3.398433 6
13.188943 2.674882 3.557302 6
10.484032 7.862582 3.398433 6
3.746443 7.862582 3.557302 6
8.534418 7.700518 10.513037 6
-3.612994 7.700518 10.354168 6
-0.908082 2.512818 10.513037 6
5.829506 2.512818 10.354168 6
1.170002 1.746180 3.551598 1
13.060472 1.746180 3.404137 1
10.612502 6.933880 3.551598 1
3.617972 6.933880 3.404137 1
8.405947 8.629220 10.359872 1
-3.484523 8.629220 10.507334 1
-1.036553 3.441520 10.359872 1
5.957977 3.441520 10.507334 1
-0.012599 3.356753 4.061036 6
14.243074 3.356753 2.894699 6
9.429901 8.544453 4.061036 6
4.800574 8.544453 2.894699 6
9.588549 7.018647 9.850434 6
-4.667125 7.018647 11.016772 6
0.146049 1.830947 9.850434 6
4.775375 1.830947 11.016772 6
-2.566385 2.483456 6.535191 6
16.796859 2.483456 0.420544 6
6.876115 7.671156 6.535191 6
7.354359 7.671156 0.420544 6
12.142334 7.891944 7.376279 6
-7.220910 7.891944 13.490927 6
2.699834 2.704244 7.376279 6
2.221590 2.704244 13.490927 6
-3.905536 2.787247 6.779616 6
18.136011 2.787247 0.176119 6
5.536964 7.974947 6.779616 6
8.693511 7.974947 0.176119 6
13.481486 7.588153 7.131854 6
-8.560061 7.588153 13.735351 6
4.038986 2.400453 7.131854 6
0.882439 2.400453 13.735351 6
14.580652 3.534899 6.350586 1
-0.350177 3.534899 0.605149 1
5.138152 8.722599 6.350586 1
9.092323 8.722599 0.605149 1
-5.004702 6.840501 7.560884 1
9.926127 6.840501 13.306321 1
4.437798 1.652801 7.560884 1
0.483627 1.652801 13.306321 1
-4.658593 2.005772 7.643936 6
9.580018 2.005772 13.223270 6
4.783907 7.193472 7.643936 6
0.137518 7.193472 13.223270 6
14.234543 8.369628 6.267535 6
-0.004068 8.369628 0.688200 6
4.792043 3.181928 6.267535 6
9.438432 3.181928 0.688200 6
13.312239 2.213073 7.797379 1
-8.390815 2.213073 13.069826 1
3.869739 7.400773 7.797379 1
1.051685 7.400773 13.069826 1
-3.736290 8.162327 6.114091 1
17.966764 8.162327 0.841644 1
5.706210 2.974627 6.114091 1
8.524264 2.974627 0.841644 1
-4.078175 0.924448 8.282472 6
8.999600 0.924448 12.584733 6
5.364325 6.112148 8.282472 6
-0.442900 6.112148 12.584733 6
13.654125 9.450952 5.628998 6
0.576350 9.450952 1.326737 6
4.211625 4.263252 5.628998 6
10.018850 4.263252 1.326737 6
-4.594589 0.388040 8.872736 1
9.516013 0.388040 11.994470 1
4.847911 5.575740 8.872736 1
0.073513 5.575740 11.994470 1
14.170538 9.987360 5.038735 1
0.059936 9.987360 1.917001 1
4.728038 4.799660 5.038735 1
9.502436 4.799660 1.917001 1
-2.748061 0.625948 8.060584 6
7.669486 0.625948 12.806621 6
6.694439 5.813648 8.060584 6
-1.773014 5.813648 12.806621 6
12.324011 9.749452 5.850886 6
1.906464 9.749452 1.104849 6
2.881511 4.561752 5.850886 6
11.348964 4.561752 1.104849 6
-2.347951 10.264383 8.506864 1
7.269375 10.264383 12.360341 1
7.094549 5.076683 8.506864 1
-2.173125 5.076683 12.360341 1
11.923900 0.111017 5.404606 1
2.306574 0.111017 1.551129 1
2.481400 5.298717 5.404606 1
11.749074 5.298717 1.551129 1
-1.994134 1.396425 7.188474 6
6.915559 1.396425 13.678731 6
7.448366 6.584125 7.188474 6
-2.526941 6.584125 13.678731 6
11.570084 8.978975 6.722996 6
2.660391 8.978975 0.232739 6
2.127584 3.791275 6.722996 6
12.102891 3.791275 0.232739 6
-1.082598 1.180721 7.036422 1
6.004022 1.180721 13.830784 1
8.359902 6.368421 7.036422 1
-3.438478 6.368421 13.830784 1
10.658547 9.194679 6.875049 1
3.571928 9.194679 0.080687 1
1.216047 4.006979 6.875049 1
13.014428 4.006979 0.080687 1
