-3.611350 1.035341 15.530350 6
3.427228 4.939341 12.264294 6
8.003602 6.772659 2.999413 6
0.965024 2.868659 6.265469 6
-3.759698 1.991040 15.275936 1
3.575576 5.895040 12.518707 1
8.151950 5.816960 3.253826 1
0.816676 1.912960 6.011055 1
-3.503792 0.223933 14.213254 6
3.319669 4.127933 13.581389 6
7.896043 7.584067 4.316508 6
1.072582 3.680067 4.948373 6
-2.769789 0.637133 13.674965 1
2.585667 4.541133 14.119679 1
7.162041 7.170867 4.854798 1
1.806585 3.266867 4.410083 1
-3.056044 6.600883 14.561614 6
2.871922 2.696883 13.233030 6
7.448296 1.207117 3.968149 6
1.520330 5.111117 5.296733 6
-3.685748 6.217510 15.222200 1
3.501625 2.313510 12.572444 1
8.077999 1.590490 3.307563 1
0.890626 5.494490 5.957319 1
-3.097142 6.042611 13.745378 1
2.913019 2.138611 14.049266 1
7.489393 1.765389 4.784385 1
1.479232 5.669389 4.480497 1
-1.630360 6.545368 15.136777 6
1.446238 2.641368 12.657866 6
6.022612 1.262632 3.392985 6
2.946014 5.166632 5.871896 6
-1.357743 7.730545 16.063451 6
1.173620 3.826545 11.731192 6
5.749994 0.077455 2.466311 6
3.218631 3.981455 6.798570 6
-0.127898 7.779891 16.744420 6
-0.056225 3.875891 11.050224 6
4.520150 0.028109 1.785343 6
4.448476 3.932109 7.479539 6
0.506558 7.081856 16.634168 1
-0.690680 3.177856 11.160476 1
3.885694 0.726144 1.895595 1
5.082932 4.630144 7.369286 1
0.150500 1.030656 17.568623 6
-0.334623 4.934656 10.226020 6
4.241751 6.777344 0.961139 6
4.726874 2.873344 8.303742 6
-0.739987 2.058189 17.813031 6
0.555864 5.962189 9.981612 6
5.132238 5.749811 0.716731 6
3.836387 1.845811 8.548150 6
-0.530106 2.767155 18.409319 1
0.345984 6.671155 9.385325 1
4.922358 5.040845 0.120443 1
4.046268 1.136845 9.144438 1
-1.955782 2.003533 17.144477 6
1.771660 5.907533 10.650166 6
6.348034 5.804467 1.385285 6
2.620592 1.900467 7.879596 6
-2.591941 2.692979 17.293827 1
2.407819 6.596979 10.500816 1
6.984193 5.115021 1.235935 1
1.984433 1.211021 8.028946 1
-2.277287 0.968270 16.257272 6
2.093165 4.872270 11.537371 6
6.669539 6.839730 2.272490 6
2.299087 2.935730 6.992391 6
-4.760281 0.637133 16.470735 6
4.576158 4.541133 11.323908 6
9.152533 7.170867 2.059027 6
-0.183907 3.266867 7.205854 6
-4.678471 7.496461 16.702728 1
4.494348 3.592461 11.091916 1
9.070723 0.311539 1.827035 1
-0.102097 4.215539 7.437847 1
-5.618504 0.790170 16.022685 1
5.434382 4.694170 11.771958 1
10.010756 7.017830 2.507077 1
-1.042130 3.113830 6.757804 1
-4.717554 1.178227 17.286415 1
4.533432 5.082227 10.508228 1
9.109806 6.629773 1.243347 1
-0.141180 2.725773 8.021534 1
-1.489698 5.228237 15.917622 6
1.305576 1.324237 11.877022 6
5.881950 2.579763 2.612141 6
3.086676 6.483763 6.652741 6
-0.565312 5.129075 16.226513 1
0.381189 1.225075 11.568131 1
4.957563 2.678925 2.303249 1
4.011062 6.582925 6.961632 1
-1.721105 4.476326 15.333378 1
1.536982 0.572326 12.461265 1
6.113356 3.331674 3.196384 1
2.855269 7.235674 6.068497 1
-2.093096 5.240730 16.689757 1
1.908973 1.336730 11.104887 1
6.485348 2.567270 1.840005 1
2.483278 6.471270 7.424876 1
-0.608297 6.559501 13.977741 6
0.424175 2.655501 13.816903 6
5.000549 1.248499 4.552021 6
3.968077 5.152499 4.712860 6
-0.711783 7.385587 13.460019 1
0.527660 3.481587 14.334624 1
5.104035 0.422413 5.069743 1
3.864591 4.326413 4.195138 1
-0.765082 5.787290 13.395165 1
0.580959 1.883290 14.399478 1
5.157333 2.020710 5.134597 1
3.811292 5.924710 4.130284 1
0.300507 6.514995 14.342036 1
-0.484629 2.610995 13.452607 1
4.091745 1.293005 4.187726 1
4.876881 5.197005 5.077155 1
-4.925345 1.032218 12.182948 6
4.741222 4.936218 15.611695 6
9.317596 6.775782 6.346814 6
-0.348971 2.871782 2.918067 6
-4.759753 0.252198 13.351250 6
4.575631 4.156198 14.443394 6
9.152005 7.555802 5.178513 6
-0.183379 3.651802 4.086368 6
-5.832522 7.239578 13.747231 6
5.648399 3.335578 14.047413 6
10.224773 0.568422 4.782532 6
-1.256147 4.472422 4.482349 6
-5.719557 6.685990 14.510657 1
5.535434 2.781990 13.283987 1
10.111808 1.122010 4.019105 1
-1.143183 5.026010 5.245776 1
6.499308 7.200538 13.077750 6
-6.683431 3.296538 14.716893 6
-2.107056 0.607462 5.452012 6
11.075682 4.511462 3.812869 6
5.791322 6.639142 13.369223 1
-5.975444 2.735142 14.425420 1
-1.399070 1.168858 5.160539 1
10.367696 5.072858 4.104342 1
6.365043 0.195981 11.978750 6
-6.549166 4.099981 15.815893 6
-1.972791 7.612019 6.551012 6
10.941417 3.708019 2.713869 6
7.385446 0.997862 11.513282 6
-7.569569 4.901862 16.281361 6
-2.993195 6.810138 7.016480 6
11.961820 2.906138 2.248401 6
7.253113 1.528806 10.736144 1
-7.437235 5.432806 17.058499 1
-2.860861 6.279194 7.793618 1
11.829487 2.375194 1.471263 1
-3.817824 1.955123 11.598149 6
3.633702 5.859123 16.196495 6
8.210076 5.852877 6.931613 6
0.758550 1.948877 2.333268 6
-3.589695 3.212211 12.486280 6
3.405573 7.116211 15.308363 6
7.981947 4.595789 6.043482 6
0.986679 0.691789 3.221399 6
-3.261241 2.935027 13.367370 1
3.077119 6.839027 14.427273 1
7.653493 4.872973 5.162392 1
1.315133 0.968973 4.102489 1
-4.435416 3.696307 12.590973 1
4.251294 7.600307 15.203670 1
8.827668 4.111693 5.938789 1
0.140958 0.207693 3.326092 1
-2.929301 3.797811 12.059169 1
2.745179 7.701811 15.735474 1
7.321553 4.010189 6.470593 1
1.647073 0.106189 2.794288 1
-4.125324 2.419699 10.164316 6
3.941202 6.323699 17.630328 6
8.517576 5.388301 8.365446 6
0.451050 1.484301 0.899435 6
-3.339590 2.871002 9.791126 1
3.155467 6.775002 18.003517 1
7.731841 4.936998 8.738636 1
1.236784 1.032998 0.526245 1
-4.882673 3.041216 10.178398 1
4.698551 6.945216 17.616245 1
9.274925 4.766784 8.351364 1
-0.306299 0.862784 0.913517 1
-4.349747 1.642803 9.609535 1
4.165624 5.546803 18.185109 1
8.741998 6.165197 8.920228 1
0.226627 2.261197 0.344654 1
-2.507139 0.113216 10.810449 6
2.323017 4.017216 16.984195 6
6.899391 7.694784 7.719314 6
2.069235 3.790784 1.545567 6
-3.276050 7.355917 11.036326 1
3.091927 3.451917 16.758317 1
7.668302 0.452083 7.493436 1
1.300324 4.356083 1.771445 1
-1.676567 7.433997 10.995561 1
1.492444 3.529997 16.799082 1
6.068819 0.374003 7.534201 1
2.899807 4.278003 1.730680 1
-2.541792 0.348237 9.859686 1
2.357669 4.252237 17.934957 1
6.934044 7.459763 8.670076 1
2.034582 3.555763 0.594805 1
1.375973 1.068447 18.187147 9
-1.560095 4.972447 9.607496 9
3.016279 6.739553 0.342615 9
5.952347 2.835553 8.922266 9
5.176807 0.209411 11.300746 9
-5.360929 4.113411 16.493897 9
-0.784555 7.598589 7.229016 9
9.753181 3.694589 2.035865 9
-2.545989 1.294098 11.590552 8
2.361866 5.198098 16.204092 8
6.938240 6.513902 6.939211 8
2.030386 2.609902 2.325670 8
