2.878037 7.347640 0.844691 8
7.465981 0.306722 12.845599 8
3.286299 8.663332 4.614997 8
7.057719 -1.008970 9.075293 8
1.606801 7.245306 1.158199 7
8.737217 0.409056 12.532091 7
2.251741 8.797376 4.527379 7
8.092277 -1.143014 9.162911 7
8.364202 7.330312 2.555977 6
1.979815 0.324050 11.134313 6
7.418664 6.645821 1.808487 6
2.925354 1.008541 11.881803 6
7.709822 6.053812 1.125342 1
2.634196 1.600551 12.564948 1
6.046343 6.802828 2.034377 6
4.297675 0.851534 11.655913 6
5.427229 6.321739 1.499087 1
4.916788 1.332623 12.191203 1
5.585006 7.634802 3.010495 6
4.759012 0.019560 10.679795 6
4.651087 7.752969 3.140553 1
5.692931 -0.098607 10.549737 1
6.001082 9.157507 4.857315 6
4.342936 -1.503145 8.832975 6
5.063026 9.218082 4.994218 1
5.280992 -1.563720 8.696072 1
6.857879 9.875394 5.651352 6
3.486139 -2.221032 8.038938 6
6.830593 -1.844104 6.335866 1
3.513424 9.498466 7.354424 1
8.228785 9.763356 5.437783 6
2.115233 -2.108994 8.252507 6
9.118711 -2.014117 5.992240 1
1.225307 9.668479 7.698050 1
8.785362 8.970050 4.478094 6
1.558655 -1.315688 9.212196 6
7.932721 8.193008 3.615606 6
2.411297 -0.538646 10.074684 6
6.519025 8.323472 3.829174 6
3.824993 -0.669110 9.861116 6
9.767037 7.229935 2.075448 6
0.576980 0.424427 11.614842 6
10.467896 5.494771 3.737449 6
-0.123879 2.159591 9.952841 6
9.581630 5.428024 4.072861 1
0.762388 2.226338 9.617429 1
0.587433 4.717637 4.291906 6
9.756585 2.936725 9.398384 6
0.364548 4.124041 5.001063 1
9.979470 3.530321 8.689227 1
1.932668 4.779230 3.826436 6
8.411350 2.875132 9.863854 6
2.227961 5.631630 2.802402 6
8.116057 2.022732 10.887888 6
3.120642 5.688371 2.482050 1
7.223375 1.965991 11.208240 1
0.839010 4.035089 13.019466 6
9.505007 3.619273 0.670824 6
1.750164 4.041836 12.752505 1
8.593853 3.612526 0.937785 1
-0.090524 4.716685 12.300726 6
10.434542 2.937677 1.389564 6
0.167218 5.168700 11.505320 1
10.176799 2.485662 2.184970 1
9.434269 4.759741 12.718279 6
0.909749 2.894621 0.972011 6
8.798765 5.250886 12.210370 1
1.545253 2.403476 1.479920 1
9.235281 8.735209 0.156069 6
1.108737 -1.080847 13.534221 6
8.328636 8.796771 0.435351 1
2.015381 -1.142409 13.254939 1
10.149840 7.961409 0.918618 6
0.194178 -0.307047 12.771672 6
0.636833 7.942032 0.481898 6
9.707184 -0.287670 13.208392 6
1.225178 6.431857 2.212351 6
9.118840 1.222505 11.477939 6
-0.118561 6.410980 2.662761 6
10.462579 1.243382 11.027529 6
3.008422 3.942028 4.398690 6
7.335596 3.712334 9.291600 6
4.285186 4.490969 4.580771 6
6.058832 3.163393 9.109519 6
4.425967 5.411054 4.391845 1
5.918051 2.243308 9.298445 1
5.354571 3.713236 5.035289 6
4.989447 3.941126 8.655001 6
5.112218 2.367315 5.339213 6
5.231800 5.287047 8.351077 6
5.831166 1.819874 5.632185 1
4.512852 5.834488 8.058105 1
3.836271 1.814275 5.220108 6
6.507747 5.840087 8.470182 6
2.806943 2.611076 4.749162 6
7.537075 5.043286 8.941128 6
1.937041 2.236864 4.664282 1
8.406976 5.417498 9.026008 1
6.740361 4.310517 5.143442 6
3.603657 3.343845 8.546848 6
7.276332 4.034818 4.371310 1
3.067686 3.619544 9.318980 1
7.168831 3.994194 5.966228 1
3.175186 3.660168 7.724062 1
6.675149 5.287060 5.165346 1
3.668869 2.367302 8.524944 1
3.625781 0.356779 5.581531 6
6.718236 7.297583 8.108759 6
4.471561 -0.028390 5.892301 1
5.872456 7.682752 7.797989 1
3.315603 -0.134014 4.791601 1
7.028414 7.788376 8.898688 1
2.954420 0.289705 6.292057 1
7.389598 7.364658 7.398233 1
2.689136 0.113975 5.424093 1
7.654881 7.540387 8.266197 1
3.846160 0.219136 6.526161 1
6.497858 7.435226 7.164129 1
4.206258 -0.204582 5.025705 1
6.137760 7.858944 8.664585 1
10.272300 8.905142 4.452082 6
0.071718 -1.250780 9.238208 6
10.488584 10.600170 2.643595 6
-0.144566 -2.945808 11.046695 6
9.543596 10.661880 2.562822 1
0.800422 -3.007518 11.127468 1
0.427127 11.358520 1.846820 6
9.916891 -3.704158 11.843470 6
0.328421 -0.333280 1.225281 1
10.015597 7.987642 12.465009 1
1.853280 11.299606 1.908426 6
8.490738 -3.645244 11.781864 6
2.425986 10.440965 2.809248 6
7.918032 -2.786603 10.881042 6
3.373689 10.384064 2.861271 1
6.970329 -2.729702 10.829019 1
2.229170 7.204219 6.296164 6
8.114848 0.450144 7.394126 6
3.174360 7.123379 6.248248 1
7.169658 0.530984 7.442042 1
1.526853 6.512566 7.240794 6
8.817165 1.141796 6.449496 6
1.990271 5.951076 7.851381 1
8.353746 1.703287 5.838909 1
0.133026 6.621141 7.322936 6
10.210991 1.033221 6.367354 6
-0.324133 6.163614 8.018403 1
10.668151 1.490748 5.671887 1
10.265212 7.364293 6.433067 6
0.078806 0.290069 7.257223 6
9.316120 7.383250 6.482352 1
1.027898 0.271112 7.207938 1
0.100232 8.119934 5.422724 6
10.243786 -0.465572 8.267566 6
1.529110 8.052143 5.376177 6
8.814908 -0.397781 8.314113 6
1.626568 9.627992 3.673105 6
8.717450 -1.973630 10.017185 6
0.207690 9.704727 3.606022 6
10.136328 -2.050365 10.084268 6
2.983864 -0.130705 1.018558 6
7.360154 7.785067 12.671732 6
2.372912 7.370305 13.320652 6
7.971106 0.284057 0.369638 6
1.767734 6.729832 12.966074 1
8.576284 0.924530 0.724216 1
3.449872 -4.146333 12.449950 6
6.894146 11.800696 1.240340 6
4.235038 -3.140859 12.978395 6
6.108980 10.795221 0.711895 6
4.717513 -2.577251 12.386974 1
5.626505 10.231613 1.303316 1
4.544554 1.704818 0.665348 6
5.799464 5.949544 13.024942 6
3.811185 0.868684 1.514146 6
6.532833 6.785678 12.176144 6
3.879788 0.988400 2.453300 1
6.464229 6.665962 11.236990 1
3.106627 7.856444 10.960446 6
7.237390 -0.202082 2.729844 6
3.077144 8.704412 10.468965 1
7.266874 -1.050049 3.221325 1
2.310900 7.326750 10.746878 1
8.033117 0.327613 2.943412 1
3.910867 7.357071 10.704438 1
6.433151 0.297291 2.985852 1
5.359828 2.842176 1.203376 6
4.984190 4.812186 12.486913 6
5.321013 2.837911 2.182232 1
5.023004 4.816451 11.508058 1
5.001191 3.689422 0.866595 1
5.342827 3.964940 12.823695 1
6.290473 2.742552 0.913142 1
4.053544 4.911810 12.777148 1
5.754112 3.342167 0.458625 1
4.589906 4.312195 13.231665 1
6.073914 2.490193 1.775631 1
4.270103 5.164169 11.914659 1
4.784652 3.437525 1.727715 1
5.559366 4.216837 11.962575 1
