4.595897 1.223931 10.060077 9
-0.672562 4.998930 9.309817 9
2.496660 6.326070 2.853185 9
7.765118 2.551070 3.603446 9
8.679403 1.870890 6.994727 6
-4.756068 5.645890 12.375167 6
-1.586846 5.679110 5.918536 6
11.848624 1.904110 0.538096 6
8.505582 2.278590 6.154461 1
1.756196 6.053590 0.302170 1
-1.413026 5.271410 6.758802 1
5.336360 1.496410 12.611093 1
6.359361 1.730007 7.382125 9
-2.436027 5.505007 11.987769 9
0.733195 5.819993 5.531138 9
9.528583 2.044993 0.925494 9
7.636091 1.497920 7.811491 6
-3.712757 5.272920 11.558403 6
-0.543535 6.052080 5.101772 6
10.805313 2.277080 1.354860 6
-4.298042 0.685540 9.448376 6
8.221377 4.460540 9.921518 6
11.390599 6.864460 3.464887 6
-1.128821 3.089460 2.991745 6
-4.142385 0.283125 10.294453 1
8.065720 4.058125 9.075441 1
11.234942 7.266875 2.618810 1
-0.973164 3.491875 3.837822 1
0.703424 0.960813 8.688172 6
3.219910 4.735813 10.681722 6
6.389132 6.589187 4.225090 6
3.872646 2.814187 2.231541 6
1.789514 0.903735 7.800127 6
2.133821 4.678735 11.569767 6
5.303043 6.646265 5.113136 6
4.958736 2.871265 1.343496 6
1.620251 0.808605 6.869856 1
2.303084 4.583605 12.500038 1
5.472306 6.741395 6.043407 1
4.789473 2.966395 0.413224 1
-3.195717 1.043939 8.656406 6
7.119051 4.818938 10.713489 6
10.288273 6.506061 4.256857 6
-0.026495 2.731062 2.199774 6
-0.702280 0.934237 8.114953 6
4.625615 4.709237 11.254942 6
7.794836 6.615763 4.798310 6
2.466942 2.840763 1.658321 6
-0.753893 0.141940 7.506480 1
4.677228 3.916940 11.863415 1
7.846450 7.408060 5.406783 1
2.415329 3.633060 1.049848 1
2.280561 1.140050 10.512042 6
1.642774 4.915050 8.857853 6
4.811995 6.409950 2.401221 6
5.449783 2.634950 4.055410 6
2.465572 1.204225 11.441151 1
1.457763 4.979225 7.928743 1
4.626985 6.345775 1.472112 1
5.634794 2.570775 4.984519 1
-0.983047 2.177420 7.255059 6
4.906382 5.952420 12.114836 6
8.075604 5.372580 5.658204 6
2.186174 1.597580 0.798427 6
-1.034350 2.976965 7.837059 1
4.957685 6.751965 11.532835 1
8.126906 4.573035 5.076204 1
2.134872 0.798035 1.380428 1
-0.240693 2.311055 6.614173 1
4.164028 6.086055 12.755721 1
7.333249 5.238945 6.299090 1
2.928529 1.463945 0.157542 1
-1.796348 0.752735 9.178231 6
5.719683 4.527735 10.191664 6
8.888905 6.797265 3.735032 6
1.372874 3.022265 2.721599 6
-1.780281 7.341620 9.452508 1
5.703615 3.566620 9.917386 1
8.872837 0.208380 3.460754 1
1.388941 3.983380 2.995877 1
-3.434373 1.645976 7.410276 6
7.357708 5.420975 11.959618 6
10.526930 5.904024 5.502987 6
-0.265152 2.129024 0.953644 6
7.825820 0.897695 9.040188 6
-3.902486 4.672695 10.329706 6
-0.733264 6.652305 3.873075 6
10.995042 2.877305 2.583557 6
7.089368 0.640995 9.584224 1
-3.166034 4.415995 9.785671 1
0.003188 6.909005 3.329039 1
10.258590 3.134005 3.127592 1
3.309204 1.115211 9.602302 6
0.614131 4.890211 9.767592 6
3.783352 6.434789 3.310961 6
6.478426 2.659790 3.145671 6
-1.476474 1.579460 10.425265 6
5.399809 5.354460 8.944630 6
8.569031 5.970540 2.487998 6
1.692747 2.195540 3.968633 6
-2.216363 1.497165 11.076997 1
6.139698 5.272165 8.292897 1
9.308920 6.052835 1.836266 1
0.952859 2.277835 4.620365 1
-1.388395 2.533780 10.178234 1
5.311729 6.308780 9.191661 1
8.480951 5.016220 2.735029 1
1.780827 1.241220 3.721602 1
-2.289954 2.017360 6.493693 6
6.213288 5.792360 12.876202 6
9.382510 5.532640 6.419570 6
0.879268 1.757640 0.037061 6
-2.504033 2.866735 6.031785 1
12.765811 6.641735 0.424846 1
9.596589 4.683265 6.881478 1
-5.673255 0.908265 12.488417 1
-2.181610 1.315210 5.804512 1
12.443388 5.090210 0.652120 1
9.274166 6.234790 7.108751 1
-5.350831 2.459790 12.261143 1
0.963363 1.069608 10.060594 6
2.959971 4.844608 9.309300 6
6.129193 6.480392 2.852669 6
4.132585 2.705392 3.603963 6
3.105403 0.983010 8.243569 6
0.817931 4.758010 11.126326 6
3.987153 6.566990 4.669694 6
6.274625 2.791990 1.786937 6
3.835221 0.948280 7.635612 1
0.088114 4.723280 11.734282 1
3.257336 6.601720 5.277651 1
7.004443 2.826720 1.178981 1
-0.169676 1.090220 11.065633 6
4.093011 4.865220 8.304261 6
7.262233 6.459780 1.847630 6
2.999546 2.684780 4.609002 6
0.069747 1.686670 11.818218 1
3.853588 5.461670 7.551676 1
7.022810 5.863330 1.095045 1
3.238968 2.088330 5.361587 1
-0.302934 0.178935 11.428238 1
4.226269 3.953935 7.941657 1
7.395491 7.371065 1.485025 1
2.866287 3.596065 4.971606 1
