1.588059 4.293583 23.137696 7
9.333941 5.048417 10.748696 7
20.255941 8.964583 14.029304 7
12.510059 0.377417 1.640304 7
20.255941 5.048417 1.640304 7
12.510059 4.293583 14.029304 7
1.588059 0.377417 10.748696 7
9.333941 8.964583 23.137696 7
2.230272 4.423437 24.351818 6
8.691728 4.918563 11.962818 6
19.613728 9.094437 12.815182 6
13.152272 0.247563 0.426182 6
19.613728 4.918563 0.426182 6
13.152272 4.423437 12.815182 6
2.230272 0.247563 11.962818 6
8.691728 9.094437 24.351818 6
2.861564 3.829286 24.688799 1
8.060436 5.512714 12.299799 1
18.982436 8.500286 12.478201 1
13.783564 0.841714 0.089201 1
18.982436 5.512714 0.089201 1
13.783564 3.829286 12.478201 1
2.861564 0.841714 12.299799 1
8.060436 8.500286 24.688799 1
1.797761 5.562227 0.208135 6
9.124239 3.779773 12.597135 6
20.046239 0.891227 12.180865 6
12.719761 8.450773 24.569865 6
20.046239 3.779773 24.569865 6
12.719761 5.562227 12.180865 6
1.797761 8.450773 12.597135 6
9.124239 0.891227 0.208135 6
0.843178 6.210562 24.099083 6
10.078822 3.131438 11.710083 6
21.000822 1.539562 13.067917 6
11.765178 7.802438 0.678917 6
21.000822 3.131438 0.678917 6
11.765178 6.210562 13.067917 6
0.843178 7.802438 11.710083 6
10.078822 1.539562 24.099083 6
0.100482 7.374575 24.203150 6
10.821518 1.967425 11.814150 6
21.743518 2.703575 12.963850 6
11.022482 6.638425 0.574850 6
21.743518 1.967425 0.574850 6
11.022482 7.374575 12.963850 6
0.100482 6.638425 11.814150 6
10.821518 2.703575 24.203150 6
0.190043 7.936963 0.158579 1
10.731957 1.405037 12.547579 1
21.653957 3.265963 12.230421 1
11.112043 6.076037 24.619421 1
21.653957 1.405037 24.619421 1
11.112043 7.936963 12.230421 1
0.190043 6.076037 12.547579 1
10.731957 3.265963 0.158579 1
21.055432 7.676321 23.162474 6
11.710568 1.665679 10.773474 6
0.788568 3.005321 14.004526 6
10.133432 6.336679 1.615526 6
0.788568 1.665679 1.615526 6
10.133432 7.676321 14.004526 6
21.055432 6.336679 10.773474 6
11.710568 3.005321 23.162474 6
20.528991 8.440497 23.216986 1
12.237009 0.901503 10.827986 1
1.315009 3.769497 13.950014 1
9.606991 5.572503 1.561014 1
1.315009 0.901503 1.561014 1
9.606991 8.440497 13.950014 1
20.528991 5.572503 10.827986 1
12.237009 3.769497 23.216986 1
20.948396 6.875712 22.077198 6
11.817604 2.466288 9.688198 6
0.895604 2.204712 15.089802 6
10.026396 7.137288 2.700802 6
0.895604 2.466288 2.700802 6
10.026396 6.875712 15.089802 6
20.948396 7.137288 9.688198 6
11.817604 2.204712 22.077198 6
20.358608 7.119538 21.400759 1
12.407392 2.222462 9.011759 1
1.485392 2.448538 15.766241 1
9.436608 6.893462 3.377241 1
1.485392 2.222462 3.377241 1
9.436608 7.119538 15.766241 1
20.358608 6.893462 9.011759 1
12.407392 2.448538 21.400759 1
0.720852 5.379124 22.951861 6
10.201148 3.962876 10.562861 6
21.123148 0.708124 14.215139 6
11.642852 8.633876 1.826139 6
21.123148 3.962876 1.826139 6
11.642852 5.379124 14.215139 6
0.720852 8.633876 10.562861 6
10.201148 0.708124 22.951861 6
21.686723 5.696752 21.928530 6
11.079277 3.645248 9.539530 6
0.157277 1.025752 15.238470 6
10.764723 8.316248 2.849470 6
0.157277 3.645248 2.849470 6
10.764723 5.696752 15.238470 6
21.686723 8.316248 9.539530 6
11.079277 1.025752 21.928530 6
21.592794 5.152113 21.180234 1
11.173206 4.189887 8.791234 1
0.251206 0.481113 15.986766 1
10.670794 8.860887 3.597766 1
0.251206 4.189887 3.597766 1
10.670794 5.152113 15.986766 1
21.592794 8.860887 8.791234 1
11.173206 0.481113 21.180234 1
1.863293 3.165070 22.310111 6
9.058707 6.176930 9.921111 6
19.980707 7.836070 14.856889 6
12.785293 1.505930 2.467889 6
19.980707 6.176930 2.467889 6
12.785293 3.165070 14.856889 6
1.863293 1.505930 9.921111 6
9.058707 7.836070 22.310111 6
2.584145 2.301869 22.671870 8
8.337855 7.040131 10.282870 8
19.259855 6.972869 14.495130 8
13.506145 2.369131 2.106130 8
19.259855 7.040131 2.106130 8
13.506145 2.301869 14.495130 8
2.584145 2.369131 10.282870 8
8.337855 6.972869 22.671870 8
1.197051 3.265029 21.162890 8
9.724949 6.076971 8.773890 8
20.646949 7.936029 16.004110 8
12.119051 1.405971 3.615110 8
20.646949 6.076971 3.615110 8
12.119051 3.265029 16.004110 8
1.197051 1.405971 8.773890 8
9.724949 7.936029 21.162890 8
1.258214 2.136515 20.176725 6
9.663786 7.205485 7.787725 6
20.585786 6.807515 16.990275 6
12.180214 2.534485 4.601275 6
20.585786 7.205485 4.601275 6
12.180214 2.136515 16.990275 6
1.258214 2.534485 7.787725 6
9.663786 6.807515 20.176725 6
2.702103 2.009464 19.661343 6
8.219897 7.332536 7.272343 6
19.141897 6.680464 17.505657 6
13.624103 2.661536 5.116657 6
19.141897 7.332536 5.116657 6
13.624103 2.009464 17.505657 6
2.702103 2.661536 7.272343 6
8.219897 6.680464 19.661343 6
3.261309 1.662876 20.360083 1
7.660691 7.679124 7.971083 1
18.582691 6.333876 16.806917 1
14.183309 3.008124 4.417917 1
18.582691 7.679124 4.417917 1
14.183309 1.662876 16.806917 1
3.261309 3.008124 7.971083 1
7.660691 6.333876 20.360083 1
3.023210 2.873599 19.393741 1
7.898790 6.468401 7.004741 1
18.820790 7.544599 17.773259 1
13.945210 1.797401 5.384259 1
18.820790 6.468401 5.384259 1
13.945210 2.873599 17.773259 1
3.023210 1.797401 7.004741 1
7.898790 7.544599 19.393741 1
2.723947 1.413445 18.910570 1
8.198053 7.928555 6.521570 1
19.120053 6.084445 18.256430 1
13.645947 3.257555 5.867430 1
19.120053 7.928555 5.867430 1
13.645947 1.413445 18.256430 1
2.723947 3.257555 6.521570 1
8.198053 6.084445 18.910570 1
0.731774 0.886556 20.793698 6
10.190226 8.455444 8.404698 6
21.112226 5.557556 16.373302 6
11.653774 3.784444 3.984302 6
21.112226 8.455444 3.984302 6
11.653774 0.886556 16.373302 6
0.731774 3.784444 8.404698 6
10.190226 5.557556 20.793698 6
21.671432 1.028554 21.081122 1
11.094568 8.313446 8.692122 1
0.172568 5.699554 16.085878 1
10.749432 3.642446 3.696878 1
0.172568 8.313446 3.696878 1
10.749432 1.028554 16.085878 1
21.671432 3.642446 8.692122 1
11.094568 5.699554 21.081122 1
1.273505 0.649269 21.549427 1
9.648495 8.692731 9.160427 1
20.570495 5.320269 15.617573 1
12.195505 4.021731 3.228573 1
20.570495 8.692731 3.228573 1
12.195505 0.649269 15.617573 1
1.273505 4.021731 9.160427 1
9.648495 5.320269 21.549427 1
0.753618 0.177498 20.146992 1
10.168382 9.164502 7.757992 1
21.090382 4.848498 17.020008 1
11.675618 4.493502 4.631008 1
21.090382 9.164502 4.631008 1
11.675618 0.177498 17.020008 1
0.753618 4.493502 7.757992 1
10.168382 4.848498 20.146992 1
0.321107 2.672746 19.076582 6
10.600893 6.669254 6.687582 6
21.522893 7.343746 18.090418 6
11.243107 1.998254 5.701418 6
21.522893 6.669254 5.701418 6
11.243107 2.672746 18.090418 6
0.321107 1.998254 6.687582 6
10.600893 7.343746 19.076582 6
21.267318 2.719456 19.416041 1
11.498682 6.622544 7.027041 1
0.576682 7.390456 17.750959 1
10.345318 1.951544 5.361959 1
0.576682 6.622544 5.361959 1
10.345318 2.719456 17.750959 1
21.267318 1.951544 7.027041 1
11.498682 7.390456 19.416041 1
0.347320 2.083266 18.318375 1
10.574680 7.258734 5.929375 1
21.496680 6.754266 18.848625 1
11.269320 2.587734 6.459625 1
21.496680 7.258734 6.459625 1
11.269320 2.083266 18.848625 1
0.347320 2.587734 5.929375 1
10.574680 6.754266 18.318375 1
0.607263 3.549026 18.811458 1
10.314737 5.792974 6.422458 1
21.236737 8.220026 18.355542 1
11.529263 1.121974 5.966542 1
21.236737 5.792974 5.966542 1
11.529263 3.549026 18.355542 1
0.607263 1.121974 6.422458 1
10.314737 8.220026 18.811458 1
2.230272 6.057353 1.481724 6
8.691728 3.284647 13.870724 6
19.613728 1.386353 10.907276 6
13.152272 7.955647 23.296276 6
19.613728 3.284647 23.296276 6
13.152272 6.057353 10.907276 6
2.230272 7.955647 13.870724 6
8.691728 1.386353 1.481724 6
1.760626 7.014908 2.046663 8
9.161374 2.327092 14.435663 8
20.083374 2.343908 10.342337 8
12.682626 6.998092 22.731337 8
20.083374 2.327092 22.731337 8
12.682626 7.014908 10.342337 8
1.760626 6.998092 14.435663 8
9.161374 2.343908 2.046663 8
3.394558 5.303453 2.227542 6
7.527442 4.038547 14.616542 6
18.449442 0.632453 10.161458 6
14.316558 8.709547 22.550458 6
18.449442 4.038547 22.550458 6
14.316558 5.303453 10.161458 6
3.394558 8.709547 14.616542 6
7.527442 0.632453 2.227542 6
3.163011 4.352438 2.269665 1
7.758989 4.989562 14.658665 1
18.680989 9.023438 10.119335 1
14.085011 0.318562 22.508335 1
18.680989 4.989562 22.508335 1
14.085011 4.352438 10.119335 1
3.163011 0.318562 14.658665 1
7.758989 9.023438 2.269665 1
4.626559 5.433307 1.501547 7
6.295441 3.908693 13.890547 7
17.217441 0.762307 10.887453 7
15.548559 8.579693 23.276453 7
17.217441 3.908693 23.276453 7
15.548559 5.433307 10.887453 7
4.626559 8.579693 13.890547 7
6.295441 0.762307 1.501547 7
4.958588 6.352560 1.387568 1
5.963412 2.989440 13.776568 1
16.885412 1.681560 11.001432 1
15.880588 7.660440 23.390432 1
16.885412 2.989440 23.390432 1
15.880588 6.352560 11.001432 1
4.958588 7.660440 13.776568 1
5.963412 1.681560 1.387568 1
5.336489 4.371122 1.048109 6
5.585511 4.970878 13.437109 6
16.507511 9.042122 11.340891 6
16.258489 0.299878 23.729891 6
16.507511 4.970878 23.729891 6
16.258489 4.371122 11.340891 6
5.336489 0.299878 13.437109 6
5.585511 9.042122 1.048109 6
4.879950 3.227661 1.169522 8
6.042050 6.114339 13.558522 8
16.964050 7.898661 11.219478 8
15.801950 1.443339 23.608478 8
16.964050 6.114339 23.608478 8
15.801950 3.227661 11.219478 8
4.879950 1.443339 13.558522 8
6.042050 7.898661 1.169522 8
6.664604 4.692487 0.418748 6
4.257396 4.649513 12.807748 6
15.179396 0.021487 11.970252 6
17.586604 9.320513 24.359252 6
15.179396 4.649513 24.359252 6
17.586604 4.692487 11.970252 6
6.664604 9.320513 12.807748 6
4.257396 0.021487 0.418748 6
6.642760 5.605200 0.091679 1
4.279240 3.736800 12.480679 1
15.201240 0.934200 12.297321 1
17.564760 8.407800 24.686321 1
15.201240 3.736800 24.686321 1
17.564760 5.605200 12.297321 1
6.642760 8.407800 12.480679 1
4.279240 0.934200 0.091679 1
7.354875 4.639237 1.097665 1
3.567125 4.702763 13.486665 1
14.489125 9.310237 11.291335 1
18.276875 0.031763 23.680335 1
14.489125 4.702763 23.680335 1
18.276875 4.639237 11.291335 1
7.354875 0.031763 13.486665 1
3.567125 9.310237 1.097665 1
7.018477 3.782576 24.074305 6
3.903523 5.559424 11.685305 6
14.825523 8.453576 13.092695 6
17.940477 0.888424 0.703695 6
14.825523 5.559424 0.703695 6
17.940477 3.782576 13.092695 6
7.018477 0.888424 11.685305 6
3.903523 8.453576 24.074305 6
7.953400 3.912430 23.851303 1
2.968600 5.429570 11.462303 1
13.890600 8.583430 13.315697 1
18.875400 0.758570 0.926697 1
13.890600 5.429570 0.926697 1
18.875400 3.912430 13.315697 1
7.953400 0.758570 11.462303 1
2.968600 8.583430 23.851303 1
6.911442 2.865191 24.371641 1
4.010558 6.476809 11.982641 1
14.932558 7.536191 12.795359 1
17.833442 1.805809 0.406359 1
14.932558 6.476809 0.406359 1
17.833442 2.865191 12.795359 1
6.911442 1.805809 11.982641 1
4.010558 7.536191 24.371641 1
6.249568 3.977824 22.924606 6
4.672432 5.364176 10.535606 6
15.594432 8.648824 14.242394 6
17.171568 0.693176 1.853394 6
15.594432 5.364176 1.853394 6
17.171568 3.977824 14.242394 6
6.249568 0.693176 10.535606 6
4.672432 8.648824 22.924606 6
6.168746 4.940050 22.832927 1
4.753254 4.401950 10.443927 1
15.675254 0.269050 14.334073 1
17.090746 9.072950 1.945073 1
15.675254 4.401950 1.945073 1
17.090746 4.940050 14.334073 1
6.168746 9.072950 10.443927 1
4.753254 0.269050 22.832927 1
5.364886 3.656459 23.155041 1
5.557114 5.685541 10.766041 1
16.479114 8.327459 14.011959 1
16.286886 1.014541 1.622959 1
16.479114 5.685541 1.622959 1
16.286886 3.656459 14.011959 1
5.364886 1.014541 10.766041 1
5.557114 8.327459 23.155041 1
6.507328 3.469619 21.537038 6
4.414672 5.872381 9.148038 6
15.336672 8.140619 15.629962 6
17.429328 1.201381 3.240962 6
15.336672 5.872381 3.240962 6
17.429328 3.469619 15.629962 6
6.507328 1.201381 9.148038 6
4.414672 8.140619 21.537038 6
5.688178 3.536881 21.024133 1
5.233822 5.805119 8.635133 1
16.155822 8.207881 16.142867 1
16.610178 1.134119 3.753867 1
16.155822 5.805119 3.753867 1
16.610178 3.536881 16.142867 1
5.688178 1.134119 8.635133 1
5.233822 8.207881 21.024133 1
7.169201 4.037612 21.113334 1
3.752799 5.304388 8.724334 1
14.674799 8.708612 16.053666 1
18.091201 0.633388 3.664666 1
14.674799 5.304388 3.664666 1
18.091201 4.037612 16.053666 1
7.169201 0.633388 8.724334 1
3.752799 8.708612 21.113334 1
6.990080 2.050569 21.497393 6
3.931920 7.291431 9.108393 6
14.853920 6.721569 15.669607 6
17.912080 2.620431 3.280607 6
14.853920 7.291431 3.280607 6
17.912080 2.050569 15.669607 6
6.990080 2.620431 9.108393 6
3.931920 6.721569 21.497393 6
7.167016 1.797401 20.590518 1
3.754984 7.544599 8.201518 1
14.676984 6.468401 16.576482 1
18.089016 2.873599 4.187482 1
14.676984 7.544599 4.187482 1
18.089016 1.797401 16.576482 1
7.167016 2.873599 8.201518 1
3.754984 6.468401 20.590518 1
6.317285 1.473233 21.866585 1
4.604715 7.868767 9.477585 1
15.526715 6.144233 15.300415 1
17.239285 3.197767 2.911415 1
15.526715 7.868767 2.911415 1
17.239285 1.473233 15.300415 1
6.317285 3.197767 9.477585 1
4.604715 6.144233 21.866585 1
7.796124 1.972096 22.015253 1
3.125876 7.369904 9.626253 1
14.047876 6.643096 15.151747 1
18.718124 2.698904 2.762747 1
14.047876 7.369904 2.762747 1
18.718124 1.972096 15.151747 1
7.796124 2.698904 9.626253 1
3.125876 6.643096 22.015253 1
3.455721 5.827540 3.625021 6
7.466279 3.514460 16.014021 6
18.388279 1.156540 8.763979 6
14.377721 8.185460 21.152979 6
18.388279 3.514460 21.152979 6
14.377721 5.827540 8.763979 6
3.455721 8.185460 16.014021 6
7.466279 1.156540 3.625021 6
2.850642 5.390334 4.529418 8
8.071358 3.951666 16.918418 8
18.993358 0.719334 7.859582 8
13.772642 8.622666 20.248582 8
18.993358 3.951666 20.248582 8
13.772642 5.390334 7.859582 8
2.850642 8.622666 16.918418 8
8.071358 0.719334 4.529418 8
4.294530 6.827134 3.721656 8
6.627470 2.514866 16.110656 8
17.549470 2.156134 8.667344 8
15.216530 7.185866 21.056344 8
17.549470 2.514866 21.056344 8
15.216530 6.827134 8.667344 8
4.294530 7.185866 16.110656 8
6.627470 2.156134 3.721656 8
4.423410 7.391390 5.081968 6
6.498590 1.950610 17.470968 6
17.420590 2.720390 7.307032 6
15.345410 6.621610 19.696032 6
17.420590 1.950610 19.696032 6
15.345410 7.391390 7.307032 6
4.423410 6.621610 17.470968 6
6.498590 2.720390 5.081968 6
5.327752 7.283023 5.416471 1
5.594248 2.058977 17.805471 1
16.516248 2.612023 6.972529 1
16.249752 6.729977 19.361529 1
16.516248 2.058977 19.361529 1
16.249752 7.283023 6.972529 1
5.327752 6.729977 17.805471 1
5.594248 2.612023 5.416471 1
3.809594 6.958856 5.696462 1
7.112406 2.383144 18.085462 1
18.034406 2.287856 6.692538 1
14.731594 7.054144 19.081538 1
18.034406 2.383144 19.081538 1
14.731594 6.958856 6.692538 1
3.809594 7.054144 18.085462 1
7.112406 2.287856 5.696462 1
4.084828 8.842203 4.918433 6
6.837172 0.499797 17.307433 6
17.759172 4.171203 7.470567 6
15.006828 5.170797 19.859567 6
17.759172 0.499797 19.859567 6
15.006828 8.842203 7.470567 6
4.084828 5.170797 17.307433 6
6.837172 4.171203 4.918433 6
4.130700 9.280343 5.773274 1
6.791300 0.061657 18.162274 1
17.713300 4.609343 6.615726 1
15.052700 4.732657 19.004726 1
17.713300 0.061657 19.004726 1
15.052700 9.280343 6.615726 1
4.130700 4.732657 18.162274 1
6.791300 4.609343 5.773274 1
3.195777 8.925347 4.564108 1
7.726223 0.416653 16.953108 1
18.648223 4.254347 7.824892 1
14.117777 5.087653 20.213892 1
18.648223 0.416653 20.213892 1
14.117777 8.925347 7.824892 1
3.195777 5.087653 16.953108 1
7.726223 4.254347 4.564108 1
4.709566 9.251383 4.316328 1
6.212434 0.090617 16.705328 1
17.134434 4.580383 8.072672 1
15.631566 4.761617 20.461672 1
17.134434 0.090617 20.461672 1
15.631566 9.251383 8.072672 1
4.709566 4.761617 16.705328 1
6.212434 4.580383 4.316328 1
