8.717847 0.952815 1.325311 17
20.150153 6.915185 4.476311 17
23.151847 6.915185 1.325311 17
5.716153 0.952815 4.476311 17
13.193253 0.623932 1.322790 7
15.674747 7.244068 4.473790 7
27.627253 7.244068 1.322790 7
1.240747 0.623932 4.473790 7
14.021188 0.653044 1.557224 1
14.846812 7.214956 4.708224 1
28.455188 7.214956 1.557224 1
0.412812 0.653044 4.708224 1
13.000704 7.563508 5.490933 8
15.867296 0.304492 2.339933 8
27.434704 0.304492 5.490933 8
1.433296 7.563508 2.339933 8
12.587314 0.193553 0.203555 6
16.280686 7.674447 3.354555 6
27.021314 7.674447 0.203555 6
1.846686 0.193553 3.354555 6
11.257077 0.568070 0.761912 6
17.610923 7.299930 3.912912 6
25.691077 7.299930 0.761912 6
3.176923 0.568070 3.912912 6
11.950775 1.030708 2.012229 6
16.917225 6.837292 5.163229 6
26.384775 6.837292 2.012229 6
2.483225 1.030708 5.163229 6
11.855510 2.483928 2.415557 6
17.012490 5.384072 5.566557 6
26.289510 5.384072 2.415557 6
2.578490 2.483928 5.566557 6
12.812484 2.812023 3.547396 6
16.055516 5.055977 0.396396 6
27.246484 5.055977 3.547396 6
1.621516 2.812023 0.396396 6
12.632637 2.225857 4.298594 1
16.235363 5.642143 1.147594 1
27.066637 5.642143 4.298594 1
1.801363 2.225857 1.147594 1
13.723847 2.649156 3.254353 1
15.144153 5.218844 0.103353 1
28.157847 5.218844 3.254353 1
0.710153 2.649156 0.103353 1
12.685754 4.229837 3.989166 6
16.182246 3.638163 0.838166 6
27.119754 3.638163 3.989166 6
1.748246 4.229837 0.838166 6
13.334129 4.406867 4.688688 1
15.533871 3.461133 1.537688 1
27.768129 3.461133 4.688688 1
1.099871 4.406867 1.537688 1
11.801238 4.373034 4.358463 1
17.066762 3.494966 1.207463 1
26.235238 3.494966 4.358463 1
2.632762 4.373034 1.207463 1
12.912656 5.198388 2.838421 6
15.955344 2.669612 5.989421 6
27.346656 2.669612 2.838421 6
1.521344 5.198388 5.989421 6
12.765430 6.107142 3.144068 1
16.102570 1.760858 6.295068 1
27.199430 1.760858 3.144068 1
1.668570 6.107142 6.295068 1
13.827772 5.127576 2.528993 1
15.040228 2.740424 5.679993 1
28.261772 2.740424 2.528993 1
0.606228 5.127576 5.679993 1
11.962899 4.886815 1.698389 6
16.905101 2.981185 4.849389 6
26.396899 2.981185 1.698389 6
2.471101 4.886815 4.849389 6
12.167862 5.464326 0.945930 1
16.700138 2.403674 4.096930 1
26.601862 2.403674 0.945930 1
2.266138 5.464326 4.096930 1
11.053557 5.070139 1.978828 1
17.814443 2.797861 5.129828 1
25.487557 2.797861 1.978828 1
3.380443 5.070139 5.129828 1
12.070577 3.430448 1.257879 6
16.797423 4.437552 4.408879 6
26.504577 4.437552 1.257879 6
2.363423 3.430448 4.408879 6
11.408634 3.252631 0.571591 1
17.459366 4.615369 3.722591 1
25.842634 4.615369 0.571591 1
3.025366 3.252631 3.722591 1
12.947298 3.273875 0.874718 1
15.920702 4.594125 4.025718 1
27.381298 4.594125 0.874718 1
1.486702 3.273875 4.025718 1
10.025856 0.434314 0.304387 6
18.842144 7.433686 3.455387 6
24.459856 7.433686 0.304387 6
4.408144 0.434314 3.455387 6
9.648552 7.718508 5.315737 6
19.219448 0.149492 2.164737 6
24.082552 0.149492 5.315737 6
4.785448 7.718508 2.164737 6
10.424235 7.697264 4.732172 1
18.443765 0.170736 1.581172 1
24.858235 0.170736 4.732172 1
4.009765 7.697264 1.581172 1
8.972174 0.404415 4.896024 1
19.895826 7.463585 1.745024 1
23.406174 7.463585 4.896024 1
5.461826 0.404415 1.745024 1
9.096307 6.275517 5.495344 6
19.771693 1.592483 2.344344 6
23.530307 1.592483 5.495344 6
5.337693 6.275517 2.344344 6
9.748724 5.755442 5.991311 1
19.119276 2.112558 2.840311 1
24.182724 2.112558 5.991311 1
4.685276 5.755442 2.840311 1
8.288003 6.318004 6.029123 1
20.579997 1.549996 2.878123 1
22.722003 1.549996 6.029123 1
6.145997 6.318004 2.878123 1
8.796080 5.576052 4.247548 6
20.071920 2.291948 1.096548 6
23.230080 2.291948 4.247548 6
5.637920 5.576052 1.096548 6
9.555308 5.609097 3.644447 1
19.312692 2.258903 0.493447 1
23.989308 2.258903 3.644447 1
4.878692 5.609097 0.493447 1
8.028191 5.975746 3.808299 1
20.839809 1.892254 0.657299 1
22.462191 1.892254 3.808299 1
6.405809 5.975746 0.657299 1
8.492966 4.126766 4.663480 6
20.375034 3.741234 1.512480 6
22.926966 3.741234 4.663480 6
5.941034 4.126766 1.512480 6
9.315704 3.670422 4.855691 1
19.552296 4.197578 1.704691 1
23.749704 4.197578 4.855691 1
5.118296 3.670422 1.704691 1
8.039738 3.677503 3.943161 1
20.828262 4.190497 0.792161 1
22.473738 4.190497 3.943161 1
6.394262 3.677503 0.792161 1
7.932926 4.126766 5.441147 1
20.935074 3.741234 2.290147 1
22.366926 3.741234 5.441147 1
6.501074 4.126766 2.290147 1
11.749276 0.495684 2.785484 1
17.118724 7.372316 5.936484 1
26.183276 7.372316 2.785484 1
2.684724 0.495684 5.936484 1
10.926538 2.627912 2.653142 1
17.941462 5.240088 5.804142 1
25.360538 5.240088 2.653142 1
3.507462 2.627912 5.804142 1
