0.613597 10.216584 23.739381 7
2.142903 2.311416 10.643381 7
3.370097 8.575416 2.452619 7
4.899403 3.952584 15.548619 7
5.402740 9.771840 24.363798 1
2.866760 2.756160 11.267798 1
2.646240 9.020160 1.828202 1
0.110260 3.507840 14.924202 1
1.715094 10.703923 24.570977 6
1.041406 1.824077 11.474977 6
4.471594 8.088077 1.621023 6
3.797906 4.439923 14.717023 6
2.191418 9.938462 24.955214 1
0.565082 2.589538 11.859214 1
4.947917 8.853538 1.236786 1
3.321583 3.674462 14.332786 1
2.671048 11.498198 23.691974 6
0.085452 1.029802 10.595974 6
5.427548 7.293802 2.500026 6
2.841952 5.234198 15.596026 6
3.499101 11.674843 24.184383 1
4.770399 0.853157 11.088383 1
0.742601 7.117157 2.007617 1
2.013899 5.410843 15.103617 1
2.992456 10.806653 22.399398 6
5.277044 1.721347 9.303398 6
0.235956 7.985347 3.792602 6
2.520544 4.542653 16.888602 6
4.033311 11.278958 21.608400 6
4.236189 1.249042 8.512400 6
1.276811 7.513042 4.583600 6
1.479689 5.014958 17.679600 6
4.311166 10.772827 20.335207 6
3.958334 1.755173 7.239207 6
1.554666 8.019173 5.856793 6
1.201834 4.508827 18.952793 6
3.489178 9.739267 19.945470 6
4.780322 2.788733 6.849470 6
0.732678 9.052733 6.246530 6
2.023822 3.475267 19.342530 6
2.495735 9.228125 20.720491 6
0.260765 3.299875 7.624491 6
5.252235 9.563875 5.471509 6
3.017265 2.964125 18.567509 6
2.204097 9.725486 21.963302 6
0.552403 2.802514 8.867302 6
4.960597 9.066514 4.228698 6
3.308903 3.461486 17.324698 6
1.057945 9.208080 22.797779 6
1.698555 3.319920 9.701779 6
3.814445 9.583920 3.394221 6
4.455055 2.944080 16.490221 6
0.311484 9.045216 22.183838 1
2.445015 3.482784 9.087838 1
3.067985 9.746784 4.008162 1
5.201516 2.781216 17.104162 1
1.178128 11.555827 25.679684 6
1.578372 0.972173 12.583684 6
3.934628 7.236173 0.512316 6
4.334872 5.291827 13.608316 6
0.476874 11.072246 26.142497 1
2.279625 1.455754 13.046497 1
3.233375 7.719754 0.049503 1
5.036125 4.808246 13.145503 1
1.887651 11.733725 0.124936 1
0.868849 0.794275 13.220936 1
4.644151 7.058275 26.067064 1
3.625349 5.469725 12.971064 1
0.653842 0.270605 25.203252 8
2.102658 12.257395 12.107252 8
3.410342 5.993395 0.988748 8
4.859158 6.534605 14.084748 8
2.039810 0.225755 23.334191 8
0.716690 12.302245 10.238191 8
4.796310 6.038245 2.857809 8
3.473190 6.489755 15.953809 8
1.594360 1.017274 24.435826 6
1.162140 11.510726 11.339826 6
4.350860 5.246726 1.756174 6
3.918640 7.281274 14.852174 6
0.823642 2.156069 23.825029 6
1.932858 10.371931 10.729029 6
3.580142 4.107931 2.366971 6
4.689358 8.420069 15.462971 6
1.398648 2.653430 23.240162 1
1.357852 9.874570 10.144162 1
4.155148 3.610570 2.951838 1
4.114352 8.917430 16.047838 1
0.499478 2.732357 24.520950 1
2.257022 9.795643 11.424950 1
3.255978 3.531643 1.671050 1
5.013522 8.996357 14.767050 1
0.081041 1.809043 23.326595 1
2.675459 10.718957 10.230595 1
2.837541 4.454957 2.865405 1
5.431959 8.073043 15.961405 1
2.758154 1.503360 25.284447 6
5.511346 11.024640 12.188447 6
0.001654 4.760640 0.907553 6
2.754846 7.767360 14.003553 6
3.334814 2.054592 24.751440 1
4.934686 10.473408 11.655440 1
0.578314 4.209408 1.440560 1
2.178186 8.318592 14.536560 1
3.251567 0.749174 25.613157 1
5.017933 11.778826 12.517157 1
0.495067 5.514826 0.578843 1
2.261433 7.013174 13.674843 1
2.422412 2.014502 26.024371 1
0.334088 10.513498 12.928371 1
5.178912 4.249498 0.167629 1
3.090588 8.278502 13.263629 1
4.809541 12.322541 22.062045 8
3.459959 0.205459 8.966045 8
2.053041 6.469459 4.129955 8
0.703459 6.058541 17.225955 8
0.068912 11.776320 22.629888 1
2.687588 0.751680 9.533888 1
2.825412 7.015680 3.562112 1
5.444088 5.512320 16.658112 1
5.390060 11.330323 19.457251 6
2.879440 1.197677 6.361251 6
2.633560 7.461677 6.734749 6
0.122940 5.066323 19.830749 6
0.716139 11.299003 19.921635 1
2.040361 1.228997 6.825635 1
3.472639 7.492997 6.270365 1
4.796861 5.035003 19.366365 1
5.181669 12.241109 19.232786 1
3.087831 0.286891 6.136786 1
2.425169 6.550891 6.959214 1
0.331331 5.977109 20.055214 1
5.449600 10.809158 18.653942 1
2.819899 1.718842 5.557942 1
2.693101 7.982842 7.538058 1
0.063399 4.545158 20.634058 1
3.523358 9.101592 18.729375 8
4.746142 3.426408 5.633375 8
0.766858 9.690408 7.462625 8
1.989642 2.837592 20.558625 8
1.827008 8.229643 20.042904 8
0.929492 4.298357 6.946904 8
4.583508 10.562357 6.149096 8
3.685992 1.965643 19.245096 8
2.566853 8.051746 18.847763 6
0.189647 4.476254 5.751763 6
5.323353 10.740254 7.344237 6
2.946147 1.787746 20.440237 6
1.968141 8.064274 18.085576 1
0.788359 4.463726 4.989576 1
4.724641 10.727726 8.106424 1
3.544859 1.800274 21.202424 1
3.020021 7.193578 18.866098 1
5.249479 5.334422 5.770098 1
0.263521 11.598422 7.325902 1
2.492979 0.929578 20.421902 1
1.350134 7.877606 23.503391 6
1.406366 4.650394 10.407391 6
4.106634 10.914394 2.688609 6
4.162866 1.613606 15.784609 6
0.933902 7.612013 24.575954 8
1.822598 4.915987 11.479954 8
3.690402 11.179987 1.616046 8
4.579098 1.348013 14.712046 8
2.120300 7.095859 22.838638 8
0.636200 5.432141 9.742638 8
4.876800 11.696141 3.353362 8
3.392700 0.831859 16.449362 8
2.379411 5.772902 23.376360 6
0.377089 6.755098 10.280360 6
5.135911 0.491098 2.815640 6
3.133589 12.036902 15.911640 6
2.399258 5.810486 24.345464 1
0.357242 6.717514 11.249464 1
5.155758 0.453514 1.846536 1
3.113742 12.074486 14.942536 1
1.672093 5.165294 23.109202 1
1.084407 7.362706 10.013202 1
4.428593 1.098706 3.082798 1
3.840907 11.429294 16.178798 1
3.586758 5.316883 22.902285 6
4.682742 7.211117 9.806285 6
0.830258 0.947117 3.289715 6
1.926242 11.580883 16.385715 6
3.758763 4.441176 23.255877 1
4.510737 8.086824 10.159877 1
1.002263 1.822824 2.936123 1
1.754237 10.705176 16.032123 1
4.284704 5.915722 23.179920 1
3.984796 6.612278 10.083920 1
1.528204 0.348278 3.012080 1
1.228296 12.179722 16.108080 1
3.559744 5.276794 21.943658 1
4.709756 7.251206 8.847658 1
0.803244 0.987206 4.248342 1
1.953256 11.540794 17.344342 1
