2.297577 1.327230 3.397589 46
2.576573 16.208770 13.927589 46
7.450723 10.095230 7.132411 46
7.171727 7.440770 17.662411 46
2.275741 1.630497 5.616491 15
2.598409 15.905503 16.146491 15
7.472559 10.398497 4.913509 15
7.149891 7.137503 15.443509 15
2.402956 1.216998 1.355843 7
2.471194 16.319002 11.885843 7
7.345344 9.984998 9.174157 7
7.277106 7.551002 19.704157 7
1.071826 17.004308 3.151208 15
3.802324 0.531692 13.681208 15
8.676474 8.236308 7.378792 15
5.945976 9.299692 17.908792 15
3.436276 3.024960 3.151629 7
1.437874 14.511040 13.681629 7
6.312024 11.792960 7.378371 7
8.310426 5.743040 17.908371 7
2.537482 2.630400 0.948964 6
2.336668 14.905600 11.478964 6
7.210818 11.398400 9.581036 6
7.411632 6.137600 20.111036 6
1.726424 3.063539 1.286766 1
3.147726 14.472461 11.816766 1
8.021876 11.831539 9.243234 1
6.600574 5.704461 19.773234 1
3.650738 3.273971 1.703754 6
1.223412 14.262029 12.233754 6
6.097562 12.041971 8.826246 6
8.524888 5.494029 19.356246 6
4.500790 2.870643 1.429974 1
0.373360 14.665357 11.959974 1
5.247510 11.638643 9.100026 1
9.374940 5.897357 19.630026 1
2.538457 4.462912 20.337642 6
2.335693 13.073088 9.807642 6
7.209843 13.230912 11.252358 6
7.412607 4.305088 0.722358 6
2.565753 4.664576 19.387836 1
2.308397 12.871424 8.857836 1
7.182547 13.432576 12.202164 1
7.439903 4.103424 1.672164 1
1.713751 4.824154 20.699874 1
3.160399 12.711846 10.169874 1
8.034549 13.592154 10.890126 1
6.587901 3.943846 0.360126 1
3.089236 0.285837 0.692874 6
1.784914 17.250163 11.222874 6
6.659064 9.053837 9.837126 6
7.963386 8.482163 20.367126 6
3.418729 0.466458 7.897500 6
1.455421 17.069542 18.427500 6
6.329571 9.234458 2.632500 6
8.292879 8.301542 13.162500 6
2.748046 0.882061 8.390304 1
2.126104 16.653939 18.920304 1
7.000254 9.650061 2.139696 1
7.622196 7.885939 12.669696 1
5.510714 3.835123 3.631797 8
9.111736 13.700877 14.161797 8
4.237586 12.603123 6.898203 8
0.636564 4.932877 17.428203 8
3.695581 4.769792 1.425762 6
1.178569 12.766208 11.955762 6
6.052719 13.537792 9.104238 6
8.569731 3.998208 19.634238 6
2.923515 5.190656 1.836432 1
1.950635 12.345344 12.366432 1
6.824785 13.958656 8.693568 1
7.797665 3.577344 19.223568 1
4.490067 5.143309 1.836432 1
0.384083 12.392691 12.366432 1
5.258233 13.911309 8.693568 1
9.364217 3.624691 19.223568 1
1.969157 15.873587 2.034396 6
2.904993 1.662413 12.564396 6
7.779143 7.105587 8.495604 6
6.843307 10.430413 19.025604 6
2.567702 2.967091 20.537080 6
2.306448 14.568909 10.007080 6
7.180598 11.735091 11.052920 6
7.441852 5.800909 0.522920 6
3.371937 2.602342 20.137572 1
1.502213 14.933658 9.607572 1
6.376363 11.370342 11.452428 1
8.246087 6.165658 0.922428 1
1.802461 2.565517 20.097558 1
3.071689 14.970483 9.567558 1
7.945839 11.333517 11.492442 1
6.676611 6.202483 0.962442 1
3.421653 0.559398 6.522282 6
1.452497 16.976602 17.052282 6
6.326647 9.327398 4.007718 6
8.295803 8.208602 14.537718 6
0.660935 15.941978 4.574232 6
4.213215 1.594022 15.104232 6
9.087365 7.173978 5.955768 6
5.535085 10.362022 16.485768 6
5.370338 16.694272 7.825896 6
9.252112 0.841728 18.355896 6
4.377962 7.926272 2.704104 6
0.496188 9.609728 13.234104 6
6.029324 16.206771 8.266050 1
8.593126 1.329229 18.796050 1
3.718976 7.438771 2.263950 1
1.155174 10.097229 12.793950 1
3.953910 3.835123 5.370300 6
0.920240 13.700877 15.900300 6
5.794390 12.603123 5.159700 6
8.828060 4.932877 15.689700 6
0.160847 14.309376 6.768684 6
4.713303 3.226624 17.298684 6
9.587453 5.541376 3.761316 6
5.034997 11.994624 14.291316 6
9.740501 13.765760 7.503678 1
4.881949 3.770240 18.033678 1
0.007799 4.997760 3.026322 1
4.866351 12.538240 13.556322 1
8.758848 16.624128 1.297296 6
5.863602 0.911872 11.827296 6
0.989452 7.856128 9.232704 6
3.884698 9.679872 19.762704 6
9.279407 15.941978 0.937170 1
5.343043 1.594022 11.467170 1
0.468893 7.173978 9.592830 1
4.405257 10.362022 20.122830 1
4.378936 3.489664 3.976128 6
0.495214 14.046336 14.506128 6
5.369364 12.257664 6.553872 6
9.253086 5.278336 17.083872 6
2.566727 3.791283 7.333092 6
2.307423 13.744717 17.863092 6
7.181573 12.559283 3.196908 6
7.440877 4.976717 13.726908 6
1.881422 3.394970 7.821684 1
2.992728 14.141030 18.351684 1
7.866878 12.162970 2.708316 1
6.755572 5.373030 13.238316 1
4.404282 17.295757 8.539830 6
0.469868 0.240243 19.069830 6
5.344018 8.527757 1.990170 6
9.278432 9.008243 12.520170 6
4.404282 17.234381 9.468576 1
0.469868 0.301619 19.998576 1
5.344018 8.466381 1.061424 1
9.278432 9.069619 11.591424 1
3.821334 0.466458 20.788958 8
1.052816 17.069542 10.258958 8
5.926966 9.234458 10.801042 8
8.695484 8.301542 0.271042 8
4.423779 17.490406 5.829408 6
0.450371 0.045594 16.359408 6
5.324521 8.722406 4.700592 6
9.297929 8.813594 15.230592 6
4.447174 0.022797 4.902768 1
0.426976 17.513203 15.432768 1
5.301126 8.790797 5.627232 1
9.321324 8.745203 16.157232 1
3.563004 15.433434 0.318006 6
1.311146 2.102566 10.848006 6
6.185296 6.665434 10.211994 6
8.437154 10.870566 20.741994 6
4.188845 15.736806 20.760948 1
0.685305 1.799194 10.230948 1
5.559455 6.968806 10.829052 1
9.062995 10.567194 0.299052 1
0.620967 1.578240 6.358014 6
4.253183 15.957760 16.888014 6
9.127333 10.346240 4.171986 6
5.495117 7.189760 14.701986 6
9.106862 15.633344 4.932252 6
5.515588 1.902656 15.462252 6
0.641438 6.865344 5.597748 6
4.232712 10.670656 16.127748 6
8.391337 15.968282 4.441554 1
6.231113 1.567718 14.971554 1
1.356963 7.200282 6.088446 1
3.517187 10.335718 16.618446 1
9.232615 17.337843 2.362932 6
5.389835 0.198157 12.892932 6
0.515685 8.569843 8.167068 6
4.358465 8.966157 18.697068 6
7.177673 1.029363 2.348190 6
7.444777 16.506637 12.878190 6
2.570627 9.797363 8.181810 6
2.303523 7.738637 18.711810 6
6.629819 1.676442 2.727270 1
7.992631 15.859558 13.257270 1
3.118481 10.444442 7.802730 1
1.755669 7.091558 18.332730 1
9.496794 2.563763 5.947344 6
5.125656 14.972237 16.477344 6
0.251506 11.331763 4.582656 6
4.622644 6.204237 15.112656 6
0.045817 3.237146 5.378724 1
4.828333 14.298854 15.908724 1
9.702483 12.005146 5.151276 1
4.919967 5.530854 15.681276 1
0.193016 0.603238 7.248852 6
4.681134 16.932762 17.778852 6
9.555284 9.371238 3.281148 6
5.067166 8.164762 13.811148 6
0.771091 17.471117 7.537374 1
4.103059 0.064883 18.067374 1
8.977209 8.703117 2.992626 1
5.645241 8.832883 13.522626 1
1.682557 15.415898 5.323968 6
3.191593 2.120102 15.853968 6
8.065743 6.647898 5.206032 6
6.556707 10.888102 15.736032 6
2.561853 15.612301 5.090202 1
2.312297 1.923699 15.620202 1
7.186447 6.844301 5.439798 1
7.436003 10.691699 15.969798 1
8.437154 0.787366 2.868372 6
6.185296 16.748634 13.398372 6
1.311146 9.555366 7.661628 6
3.563004 7.980634 18.191628 6
8.747150 1.306432 3.575988 1
5.875300 16.229568 14.105988 1
1.001150 10.074432 6.954012 1
3.873000 7.461568 17.484012 1
3.706304 5.097715 21.019986 6
1.167846 12.438285 10.489986 6
6.041996 13.865715 10.570014 6
8.580454 3.670285 0.040014 6
3.668285 6.058688 20.899944 1
1.205865 11.477312 10.369944 1
6.080015 14.826688 10.690056 1
8.542435 2.709312 0.160056 1
4.530035 4.776806 20.619846 1
0.344115 12.759194 10.089846 1
5.218265 13.544806 10.970154 1
9.404185 3.991194 0.440154 1
4.587550 4.941645 5.930496 6
0.286600 12.594355 16.460496 6
5.160750 13.709645 4.599504 6
9.461700 3.826355 15.129504 6
5.300151 5.329190 5.475600 1
9.322299 12.206810 16.005600 1
4.448149 14.097190 5.054400 1
0.426001 3.438810 15.584400 1
2.936188 3.245914 6.120036 6
1.937962 14.290086 16.650036 6
6.812112 12.013914 4.409964 6
7.810338 5.522086 14.939964 6
3.185744 4.897805 7.830108 6
1.688406 12.638195 18.360108 6
6.562556 13.665805 2.699892 6
8.059894 3.870195 13.229892 6
2.916691 5.255539 8.645130 1
1.957459 12.280461 19.175130 1
6.831609 14.023539 1.884870 1
7.790841 3.512461 12.414870 1
8.883626 14.819674 6.029478 6
5.738824 2.716326 16.559478 6
0.864674 6.051674 4.500522 6
4.009476 11.484326 15.030522 6
8.008228 14.616256 6.269562 1
6.614222 2.919744 16.799562 1
1.740072 5.848256 4.260438 1
3.134078 11.687744 14.790438 1
1.444698 14.616256 6.404346 6
3.429452 2.919744 16.934346 6
8.303602 5.848256 4.125654 6
6.318848 11.687744 14.655654 6
2.158274 14.276058 6.895044 1
2.715876 3.259942 17.425044 1
7.590026 5.508058 3.634956 1
7.032424 12.027942 14.164956 1
8.183698 2.558502 6.374862 6
6.438752 14.977498 16.904862 6
1.564602 11.326502 4.155138 6
3.309548 6.209498 14.685138 6
7.584177 3.193306 6.054750 1
7.038273 14.342694 16.584750 1
2.164123 11.961306 4.475250 1
2.710027 5.574694 15.005250 1
7.550058 16.887168 0.753948 6
7.072392 0.648832 11.283948 6
2.198242 8.119168 9.776052 6
2.675908 9.416832 20.306052 6
7.257609 16.410189 0.012636 1
7.364841 1.125811 10.542636 1
2.490691 7.642189 10.517364 1
2.383459 9.893811 21.047364 1
5.401533 16.783706 6.482268 6
9.220917 0.752294 17.012268 6
4.346767 8.015706 4.047732 6
0.527383 9.520294 14.577732 6
6.080990 16.368102 6.002100 1
8.541460 1.167898 16.532100 1
3.667310 7.600102 4.527900 1
1.206840 9.935898 15.057900 1
2.431226 13.618458 1.354158 6
2.442924 3.917542 11.884158 6
7.317074 4.850458 9.175842 6
7.305376 12.685542 19.705842 6
2.254782 12.708339 1.423656 1
2.619368 4.827661 11.953656 1
7.493518 3.940339 9.106344 1
7.128932 13.595661 19.636344 1
4.198593 5.478246 7.128810 6
0.675557 12.057754 17.658810 6
5.549707 14.246246 3.401190 6
9.072743 3.289754 13.931190 6
4.623619 6.235802 7.463664 1
0.250531 11.300198 17.993664 1
5.124681 15.003802 3.066336 1
9.497769 2.532198 13.596336 1
2.865025 16.359334 1.071954 6
2.009125 1.176666 11.601954 6
6.883275 7.591334 9.458046 6
7.739175 9.944666 19.988046 6
8.633094 0.648832 7.697430 6
5.989356 16.887168 18.227430 6
1.115206 9.416832 2.832570 6
3.758944 8.119168 13.362570 6
8.334796 0.008768 8.301852 1
6.287654 17.527232 18.831852 1
1.413504 8.776768 2.228148 1
3.460647 8.759232 12.758148 1
3.365113 14.079654 0.450684 6
1.509037 3.456346 10.980684 6
6.383187 5.311654 10.079316 6
8.239263 12.224346 20.609316 6
3.855453 13.481677 20.994714 1
1.018697 4.054323 10.464714 1
5.892847 4.713677 10.595286 1
8.729603 12.822323 0.065286 1
1.765417 14.512794 2.152332 6
3.108733 3.023206 12.682332 6
7.982883 5.744794 8.377668 6
6.639567 11.791206 18.907668 6
1.162972 14.197146 2.788344 1
3.711178 3.338854 13.318344 1
8.585328 5.429146 7.741656 1
6.037122 12.106854 18.271656 1
6.758496 0.322662 1.297296 6
7.863954 17.213338 11.827296 6
2.989804 9.090662 9.232704 6
1.884346 8.445338 19.762704 6
5.920143 0.491008 0.932958 1
8.702307 17.044992 11.462958 1
3.828157 9.259008 9.597042 1
1.045993 8.276992 20.127042 1
7.774269 1.618573 7.265700 6
6.848181 15.917427 17.795700 6
1.974031 10.386573 3.264300 6
2.900119 7.149427 13.794300 6
6.900822 1.636109 7.583706 1
7.721628 15.899891 18.113706 1
2.847478 10.404109 2.946294 1
2.026672 7.131891 13.476294 1
