1.920325 10.788291 24.511323 45
3.380925 6.760209 5.857973 45
8.682175 2.014041 31.448727 45
7.221575 15.534459 12.795377 45
1.139981 9.139083 22.866843 45
4.161269 8.409417 4.213493 45
9.462519 0.364833 33.093207 45
6.441231 17.183667 14.439857 45
0.027566 11.824179 22.665313 6
5.273683 5.724321 4.011963 6
10.574933 3.049929 33.294737 6
5.328817 14.498571 14.641387 6
0.134652 10.683527 22.046021 7
5.166598 6.864973 3.392671 7
10.467848 1.909277 33.914029 7
5.435902 15.639223 15.260679 7
0.594800 12.176904 23.742357 8
4.706450 5.371596 5.089007 8
10.007700 3.402654 32.217693 8
5.896050 14.145846 13.564343 8
9.056655 11.924206 20.953308 6
6.847094 5.624294 2.299958 6
1.545845 3.149956 35.006742 6
3.755405 14.398544 16.353392 6
9.016366 12.455925 20.119503 1
6.887384 5.092575 1.466153 1
1.586134 3.681675 35.840547 1
3.715116 13.866825 17.187197 1
8.141660 11.639920 21.205128 1
7.762090 5.908580 2.551778 1
2.460840 2.865670 34.754922 1
2.840410 14.682830 16.101572 1
9.692805 12.675282 22.032218 7
6.210944 4.873218 3.378868 7
0.909694 3.901032 33.927832 7
4.391555 13.647468 15.274482 7
9.986495 10.722133 20.799978 6
5.917255 6.826367 2.146628 6
0.616005 1.947883 35.160072 6
4.685245 15.600617 16.506722 6
9.482876 9.874541 20.638066 1
6.420874 7.673959 1.984716 1
1.119624 1.100291 35.321984 1
4.181626 16.448209 16.668634 1
9.196608 13.880864 22.427296 6
6.707141 3.667636 3.773946 6
1.405891 5.106613 33.532754 6
3.895358 12.441886 14.879404 6
8.197853 14.333615 21.815093 8
7.705897 3.214885 3.161743 8
2.404647 5.559365 34.144957 8
2.896603 11.989135 15.491607 8
9.829578 14.624920 23.502848 6
6.074172 2.923580 4.849498 6
0.772922 5.850670 32.457202 6
4.528328 11.697830 13.803852 6
0.133592 14.317821 23.794213 1
5.167658 3.230679 5.140863 1
10.468908 5.543571 32.165837 1
5.434842 12.004929 13.512487 1
9.529527 16.125317 23.639390 6
6.374223 1.423183 4.986040 6
1.072973 7.351067 32.320660 6
4.228277 10.197433 13.667310 6
9.657817 17.015026 23.331610 1
6.245933 0.533474 4.678260 1
0.944683 8.240776 32.628440 1
4.356567 9.307724 13.975090 1
8.881714 15.168923 24.613841 6
7.022036 2.379577 5.960491 6
1.720786 6.394673 31.346209 6
3.580464 11.153827 12.692859 6
7.909465 15.000458 24.454542 1
7.994285 2.548042 5.801192 1
2.693035 6.226208 31.505508 1
2.608215 11.322292 12.852158 1
9.284609 15.140846 26.010977 6
6.619141 2.407654 7.357627 6
1.317891 6.366596 29.949073 6
3.983359 11.181904 11.295723 6
9.901675 14.030026 26.591843 6
6.002075 3.518474 7.938493 6
0.700825 5.255776 29.368207 6
4.600425 12.292724 10.714857 6
10.107363 13.270176 26.058730 1
5.796387 4.278324 7.405380 1
0.495137 4.495926 29.901320 1
4.806113 13.052574 11.247970 1
10.215509 14.030026 27.940853 6
5.688241 3.518474 9.287503 6
0.386991 5.255776 28.019197 6
4.914259 12.292724 9.365847 6
0.054073 13.273685 28.312055 1
5.247177 4.274815 9.658705 1
10.548427 4.499435 27.647995 1
5.355323 13.049065 8.994645 1
9.915458 15.061878 28.733620 6
5.988292 2.486622 10.080270 6
0.687042 6.287628 27.226430 6
4.614208 11.260872 8.573080 6
10.107363 15.018006 29.662557 1
5.796387 2.530494 11.009207 1
0.495137 6.243756 26.297493 1
4.806113 11.304744 7.644143 1
9.314296 16.211304 28.191181 6
6.589454 1.337196 9.537831 6
1.288204 7.437054 27.768869 6
4.013046 10.111446 9.115519 6
9.135114 16.969400 28.737351 1
6.768636 0.579100 10.084001 1
1.467386 8.195150 27.222699 1
3.833864 9.353350 8.569349 1
8.989860 16.216569 26.834709 6
6.913890 1.331931 8.181359 6
1.612640 7.442319 29.125341 6
3.688610 10.106181 10.471991 6
8.554097 16.976419 26.469104 1
7.349653 0.572081 7.815754 1
2.048403 8.202169 29.490946 1
3.252847 9.346331 10.837596 1
0.283087 11.113465 19.593479 6
5.018163 6.435035 0.940129 6
10.319413 2.339215 36.366571 6
5.584337 15.209285 17.713221 6
10.497535 10.866031 18.414587 8
5.406215 6.682469 37.067937 8
0.104965 2.091781 0.238763 8
5.196285 15.456719 18.892113 8
2.134283 12.238324 18.694387 6
3.166967 5.310176 0.041037 6
8.468217 3.464074 37.265663 6
7.435533 14.084426 18.612313 6
2.937953 12.694585 19.022686 1
2.363297 4.853915 0.369336 1
7.664547 3.920335 36.937364 1
8.239203 13.628165 18.284014 1
1.584013 12.870070 18.187016 1
3.717236 4.678430 36.840366 1
9.018486 4.095820 0.466334 1
6.885263 13.452680 19.119684 1
2.395105 11.492513 18.116134 1
2.906145 6.055987 36.769484 1
8.207395 2.718263 0.537216 1
7.696355 14.830237 19.190566 1
1.380445 11.734682 19.813961 8
3.920805 5.813818 1.160611 8
9.222054 2.960432 36.146089 8
6.681695 14.588068 17.492739 8
0.275665 10.746701 19.586018 6
5.025585 6.801799 0.932667 6
10.326835 1.972451 36.374032 6
5.576915 15.576049 17.720682 6
0.692343 9.658694 19.168182 8
4.608907 7.889806 0.514832 8
9.910157 0.884444 36.791868 8
5.993593 16.664056 18.138518 8
1.569170 12.018968 18.209400 6
3.732080 5.529532 36.862750 6
9.033330 3.244718 0.443950 6
6.870420 14.303782 19.097300 6
2.381321 11.525855 18.444432 1
2.919928 6.022645 37.097782 1
8.221178 2.751605 0.208918 1
7.682571 14.796895 18.862268 1
1.788642 12.961322 18.052712 1
3.512608 4.587178 36.706062 1
8.813858 4.187072 0.600638 1
7.089892 13.361428 19.253988 1
1.173697 11.636410 17.399845 1
4.127553 5.912090 36.053195 1
9.428803 2.862160 1.253505 1
6.474947 14.686340 19.906855 1
0.602222 11.922451 19.313679 8
4.699028 5.626049 0.660329 8
10.000278 3.148201 36.646371 8
5.903472 14.400299 17.993021 8
10.186882 9.355105 25.358483 6
5.716868 8.193395 6.705133 6
0.415618 0.580855 30.601567 6
4.885632 16.967645 11.948217 6
10.249437 8.768985 24.165788 7
5.654313 8.779515 5.512438 7
0.353063 17.543235 31.794262 7
4.948187 0.005265 13.140912 7
0.403955 10.195678 25.813998 8
4.897295 7.352822 7.160648 8
10.198545 1.421428 30.146052 8
5.705205 16.127071 11.492702 8
8.518048 7.738889 25.425635 6
7.385701 9.809611 6.772285 6
2.084451 16.513139 30.534415 6
3.216798 1.035362 11.881065 6
7.528835 7.788024 25.420785 1
8.374915 9.760476 6.767435 1
3.073665 16.562274 30.539265 1
2.227585 0.986226 11.885915 1
8.800075 6.884277 25.838620 1
7.103675 10.664223 7.185270 1
1.802425 15.658527 30.121430 1
3.498825 1.889973 11.468080 1
9.100126 8.876031 26.115063 7
6.803624 8.672469 7.461713 7
1.502374 0.101781 29.844987 7
3.798876 17.446719 11.191637 7
9.098005 7.895070 23.993058 6
6.805745 9.653430 5.339708 6
1.504495 16.669320 31.966992 6
3.796755 0.879180 13.313642 6
9.388514 7.005361 23.641256 1
6.515236 10.543139 4.987906 1
1.213986 15.779611 32.318794 1
4.087264 1.768889 13.665444 1
8.632556 9.251569 27.338723 6
7.271194 8.296931 8.685373 6
1.969944 0.477319 28.621327 6
3.331306 17.071181 9.967977 6
9.305814 8.660185 27.782299 1
6.597936 8.888315 9.128949 1
1.296686 17.434435 28.177751 1
4.004564 0.114065 9.524401 1
9.218874 10.436093 28.013974 6
6.684876 7.112407 9.360624 6
1.383626 1.661843 27.946076 6
3.917624 15.886657 9.292726 6
9.771264 11.052045 27.454001 1
6.132486 6.496455 8.800651 1
0.831236 2.277795 28.506049 1
4.470014 15.270705 9.852699 1
8.404602 11.064329 29.134667 6
7.499148 6.484171 10.481317 6
2.197898 2.290079 26.825383 6
3.103352 15.258421 8.172033 6
8.450192 12.047045 29.240991 1
7.453558 5.501455 10.587641 1
2.152308 3.272795 26.719059 1
3.148942 14.275705 8.065709 1
7.523534 10.662469 29.345450 1
8.380216 6.886031 10.692100 1
3.078966 1.888219 26.614600 1
2.222284 15.660281 7.961250 1
9.633431 10.265873 29.468562 6
6.270319 7.282628 10.815212 6
0.969068 1.491622 26.491488 6
4.332181 16.056878 7.838138 6
9.476515 9.363880 29.867744 1
6.427235 8.184620 11.214394 1
1.125985 0.589630 26.092306 1
4.175264 16.958870 7.438956 1
0.252339 10.997645 29.943850 6
5.048910 6.550855 11.290500 6
10.350160 2.223395 26.016200 6
5.553590 15.325105 7.362850 6
0.229014 11.636410 31.162287 6
5.072236 5.912090 12.508937 6
10.373486 2.862160 24.797763 6
5.530264 14.686340 6.144413 6
10.057531 11.587275 31.710695 1
5.846218 5.961225 13.057345 1
0.544968 2.813025 24.249355 1
4.756281 14.735475 5.596005 1
1.360301 12.362918 31.595044 6
3.940949 5.185582 12.941694 6
9.242199 3.588668 24.365006 6
6.661551 13.959832 5.711656 6
1.321071 12.856031 32.408330 1
3.980178 4.692469 13.754980 1
9.281428 4.081781 23.551720 1
6.622321 13.466719 4.898370 1
2.501130 12.364673 30.863833 6
2.800120 5.183827 12.210483 6
8.101370 3.590423 25.096217 6
7.802380 13.958077 6.442867 6
3.262389 12.847257 31.166017 1
2.038861 4.701243 12.512667 1
7.340111 4.073007 24.794033 1
8.563639 13.475493 6.140683 1
2.553082 11.645185 29.651365 6
2.748168 5.903315 10.998015 6
8.049418 2.870935 26.308685 6
7.854332 14.677565 7.655335 6
3.351450 11.627636 29.136533 1
1.949800 5.920864 10.483183 1
7.251050 2.853386 26.823517 1
8.652700 14.695114 8.170167 1
1.424976 10.966058 29.217115 6
3.876274 6.582442 10.563765 6
9.177524 2.191808 26.742935 6
6.726226 15.356692 8.089585 6
1.459964 10.471190 28.405321 1
3.841286 7.077310 9.751971 1
9.142536 1.696940 27.554729 1
6.761214 15.851560 8.901379 1
8.017610 8.505758 23.076805 6
7.886139 9.042742 4.423455 6
2.584889 17.280008 32.883245 6
2.716360 0.268492 14.229895 6
7.979441 9.639391 22.692919 8
7.924309 7.909109 4.039569 8
2.623058 0.865141 33.267131 8
2.678191 16.683359 14.613781 8
5.879086 8.112672 22.186294 6
10.024664 9.435828 3.532944 6
4.723414 16.886922 33.773756 6
0.577836 0.661578 15.120406 6
5.553590 8.895335 22.678743 1
10.350160 8.653165 4.025393 1
5.048910 0.121085 33.281307 1
0.252339 17.427415 14.627957 1
5.180382 7.424770 22.167641 1
0.120869 10.123730 3.514291 1
5.422118 16.199020 33.792409 1
10.481631 1.349480 15.139059 1
6.107040 8.372389 21.268550 1
9.796710 9.176111 2.615200 1
4.495460 17.146639 34.691500 1
0.805790 0.401861 16.038150 1
7.057024 7.582707 22.845131 8
8.846726 9.965793 4.191781 8
3.545476 16.356957 33.114919 8
1.755774 1.191543 14.461569 8
3.056701 8.089859 24.738446 6
2.244549 9.458642 6.085096 6
7.545799 16.864109 31.221604 6
8.357951 0.684392 12.568254 6
3.104412 9.305970 25.220448 7
2.196838 8.242530 6.567098 7
7.498088 0.531720 30.739602 7
8.405662 17.016780 12.086252 7
2.314526 7.689753 23.792721 8
2.986724 9.858747 5.139371 8
8.287974 16.464003 32.167329 8
7.615776 1.084497 13.513979 8
4.526207 7.968774 26.573189 6
0.775043 9.579726 7.919839 6
6.076293 16.743024 29.386861 6
9.827457 0.805476 10.733511 6
5.514360 7.907354 26.569832 1
10.389390 9.641146 7.916482 1
5.088140 16.681604 29.390218 1
0.213110 0.866896 10.736868 1
4.180566 7.621314 27.431617 1
1.120684 9.927186 8.778267 1
6.421934 16.395564 28.528433 1
9.481816 1.152936 9.875083 1
3.940949 7.245776 25.428620 7
1.360301 10.302724 6.775270 7
6.661551 16.020026 30.531430 7
9.242199 1.528474 11.878080 7
4.051215 9.420035 26.322115 6
1.250035 8.128465 7.668765 6
6.551285 0.645785 29.637935 6
9.352465 16.902715 10.984585 6
3.606970 9.795573 27.136894 1
1.694279 7.752927 8.483544 1
6.995529 1.021323 28.823156 1
8.908221 16.527177 10.169806 1
4.407459 5.973509 25.143597 6
0.893791 11.574991 6.490247 6
6.195041 14.747759 30.816453 6
9.708709 2.800741 12.163103 6
5.246117 5.459338 25.882269 8
0.055133 12.089162 7.228919 8
5.356383 14.233588 30.077781 8
10.547367 3.314912 11.424431 8
3.894298 5.264550 23.928517 6
1.406952 12.283950 5.275167 6
6.708202 14.038800 32.031533 6
9.195548 3.509700 13.378183 6
3.019592 5.562875 23.547989 1
2.281658 11.985626 4.894639 1
7.582908 14.337124 32.412061 1
8.320842 3.211375 13.758711 1
4.946066 4.803024 22.980927 6
0.355184 12.745476 4.327577 6
5.656434 13.577274 32.979123 6
10.247316 3.971226 14.325773 6
5.596000 5.013606 22.320599 1
10.307750 12.534894 3.667249 1
5.006500 13.787856 33.639451 1
0.294750 3.760644 14.986101 1
4.263265 3.793986 23.802794 6
1.037985 13.754514 5.149444 6
6.339235 12.568236 32.157256 6
9.564515 4.980264 13.503906 6
4.802932 3.425467 24.559001 1
0.498317 14.123033 5.905651 1
5.799567 12.199717 31.401049 1
10.104183 5.348783 12.747699 1
3.292076 2.835838 23.189845 6
2.009174 14.712662 4.536495 6
7.310424 11.610088 32.770205 6
8.593326 5.938412 14.116855 6
3.256028 1.526720 23.647598 6
2.045222 16.021781 4.994248 6
7.346472 10.300969 32.312452 6
8.557278 7.247531 13.659102 6
3.832804 1.267002 24.357544 1
1.468446 16.281498 5.704194 1
6.769696 10.041252 31.602506 1
9.134054 7.507248 12.949156 1
2.388743 0.577346 23.087251 6
2.912507 16.971154 4.433901 6
8.213757 9.351596 32.872799 6
7.689993 8.196904 14.219449 6
2.400406 17.222098 23.380109 1
2.900844 0.326402 4.726759 1
8.202094 8.447848 32.579941 1
7.701656 9.100652 13.926591 1
1.509796 0.989735 22.089297 6
3.791454 16.558765 3.435947 6
9.092704 9.763985 33.870753 6
6.811046 7.784515 15.217403 6
0.876827 0.379048 21.734883 1
4.424423 17.169452 3.081533 1
9.725673 9.153298 34.225167 1
6.178077 8.395202 15.571817 1
7.713319 8.597010 27.846467 8
8.190431 8.951490 9.193117 8
2.889181 17.371260 28.113583 8
2.412069 0.177240 9.460233 8
1.556447 2.279550 21.622963 6
3.744803 15.268950 2.969613 6
9.046053 11.053800 34.337087 6
6.857697 6.494700 15.683737 6
0.966948 2.534003 20.921597 1
4.334302 15.014497 2.268247 1
9.635552 11.308253 35.038453 1
6.268198 6.240247 16.385103 1
2.443876 3.230679 22.141153 6
2.857374 14.317821 3.487803 6
8.158624 12.004929 33.818897 6
7.745126 5.543571 15.165547 6
2.472503 4.115123 21.794574 1
2.828747 13.433377 3.141224 1
8.129997 12.889373 34.165476 1
7.773753 4.659127 15.512126 1
5.240816 10.304479 25.890850 6
0.060434 7.244021 7.237500 6
5.361684 1.530229 30.069200 6
10.542066 16.018271 11.415850 6
5.865303 10.158827 24.912668 8
10.038447 7.389673 6.259318 8
4.737197 1.384577 31.047382 8
0.564053 16.163923 12.394032 8
6.533260 12.194453 26.487757 6
9.370489 5.354047 7.834407 6
4.069240 3.420203 29.472293 6
1.232011 14.128297 10.818943 6
7.304062 11.682036 26.166919 1
8.599688 5.866464 7.513569 1
3.298438 2.907786 29.793131 1
2.002812 14.640714 11.139781 1
6.781359 12.682301 27.301043 1
9.122391 4.866199 8.647693 1
3.821141 3.908051 28.659007 1
1.480109 13.640449 10.005657 1
6.253354 12.833218 25.797583 1
9.650396 4.715282 7.144233 1
4.349145 4.058968 30.162467 1
0.952104 13.489532 11.509117 1
5.443323 11.292460 26.779122 8
10.460426 6.256040 8.125772 8
5.159177 2.518210 29.180928 8
0.142073 15.030290 10.527578 8
3.418246 10.572971 22.003492 6
1.883004 6.975529 3.350142 6
7.184254 1.798721 33.956558 6
8.719496 15.749779 15.303208 6
3.254967 11.269647 23.097324 7
2.046282 6.278853 4.443974 7
7.347532 2.495397 32.862726 7
8.556217 15.053103 14.209376 7
2.764072 9.558668 21.660270 8
2.537178 7.989832 3.006920 8
7.838428 0.784418 34.299780 8
8.065322 16.764082 15.646430 8
5.213249 12.052310 22.010580 6
0.088001 5.496190 3.357230 6
5.389251 3.278060 33.949470 6
10.514499 14.270440 15.296120 6
5.460287 12.833218 21.455083 1
10.443462 4.715282 2.801733 1
5.142212 4.058968 34.504967 1
0.159038 13.489532 15.851617 1
6.030702 11.675017 22.421327 1
9.873048 5.873483 3.767977 1
4.571798 2.900767 33.538723 1
0.729452 14.647733 14.885373 1
4.490159 11.038006 21.221170 7
0.811091 6.510493 2.567820 7
6.112341 2.263756 34.738880 7
9.791409 15.284744 16.085530 7
4.159361 12.436622 23.090982 6
1.141889 5.111878 4.437632 6
6.443139 3.662372 32.869068 6
9.460611 13.886128 14.215718 6
4.608907 12.513835 23.980747 1
0.692343 5.034665 5.327397 1
5.993593 3.739585 31.979303 1
9.910157 13.808915 13.325953 1
4.996958 10.627372 20.021014 6
0.304292 6.921128 1.367664 6
5.605542 1.853122 35.939036 6
10.298208 15.695378 17.285686 6
6.047666 11.099426 19.603552 8
9.856084 6.449074 0.950202 8
4.554834 2.325176 36.356498 8
0.746416 15.223324 17.703148 8
4.236759 9.630617 19.229365 6
1.064491 7.917883 0.576015 6
6.365741 0.856367 36.730685 6
9.538009 16.692133 18.077335 6
3.327065 9.383183 19.563633 1
1.974185 8.165317 0.910283 1
7.275435 0.608933 36.396417 1
8.628315 16.939567 17.743067 1
4.431845 9.663959 17.737844 6
0.869405 7.884541 36.391194 6
6.170655 0.889709 0.915506 6
9.733095 16.658791 19.568856 6
4.280229 10.097407 16.907396 1
1.021021 7.451093 35.560746 1
6.322271 1.323157 1.745954 1
9.581479 16.225343 20.399304 1
5.029826 8.542610 18.492931 6
0.271424 9.005890 37.146281 6
5.572674 17.316860 0.160419 6
10.331076 0.231640 18.813769 6
6.014798 8.674224 18.608582 1
9.888952 8.874276 37.261932 1
4.587702 17.448474 0.044768 1
0.713548 0.100026 18.698118 1
4.636473 7.031684 18.690657 6
0.664777 10.516816 0.037307 6
5.966027 15.805934 37.269393 6
9.937723 1.742566 18.616043 6
3.319643 6.717566 18.373550 6
1.981607 10.830934 37.026900 6
7.282857 15.491816 0.279800 6
8.620893 2.056684 18.933150 6
2.715300 7.407222 18.123595 1
2.585950 10.141278 36.776945 1
7.887200 16.181472 0.529755 1
8.016550 1.367028 19.183105 1
2.888121 5.397919 18.418318 6
2.413129 12.150581 37.071668 6
7.714379 14.172169 0.235032 6
8.189371 3.376331 18.888382 6
1.989029 5.183827 18.198208 1
3.312221 12.364673 36.851558 1
8.613471 13.958077 0.455142 1
7.290279 3.590423 19.108492 1
3.773430 4.388880 18.783923 6
1.527820 13.159620 0.130573 6
6.829070 13.163130 37.176127 6
9.074680 4.385370 18.522777 6
3.478680 3.486887 18.813769 1
1.822570 14.061613 0.160419 1
7.123820 12.261137 37.146281 1
8.779930 5.287363 18.492931 1
5.089200 4.702998 19.101030 6
0.212050 12.845502 0.447680 6
5.513300 13.477248 36.859020 6
10.390450 4.071252 18.205670 6
5.694603 4.013342 19.350985 1
10.209147 13.535158 0.697635 1
4.907897 12.787592 36.609065 1
0.393353 4.760908 17.955715 1
5.520722 6.022645 19.056262 6
10.383028 11.525855 0.402912 6
5.081778 14.796895 36.903788 6
0.219472 2.751605 18.250438 6
6.420874 6.236737 19.272641 1
9.482876 11.311763 0.619291 1
4.181626 15.010987 36.687409 1
1.119624 2.537513 18.034059 1
4.437146 7.233492 18.190747 6
0.864104 10.315008 36.844097 6
6.165354 16.007742 0.462603 6
9.738396 1.540758 19.115953 6
3.470198 6.994832 17.220773 6
1.831052 10.553668 35.874123 6
7.132302 15.769082 1.432577 6
8.771448 1.779418 20.085927 6
3.140461 7.712566 16.691018 1
2.160789 9.835934 35.344368 1
7.462039 16.486816 1.962332 1
8.441710 1.061684 20.615682 1
2.986724 5.706772 17.023047 6
2.314526 11.841728 35.676397 6
7.615776 14.481022 1.630303 6
8.287974 3.067478 20.283653 6
2.326188 5.543571 16.358988 1
2.975061 12.004929 35.012338 1
8.276311 14.317821 2.294362 1
7.627439 3.230679 20.947712 1
3.470198 4.657372 17.795296 6
1.831052 12.891128 36.448646 6
7.132302 13.431622 0.858054 6
8.771448 4.116878 19.511404 6
3.139400 3.776437 17.660992 1
2.161850 13.772063 36.314342 1
7.463100 12.550687 0.992358 1
8.440650 4.997813 19.645708 1
4.436086 4.896032 18.765270 6
0.865164 12.652468 0.111920 6
6.166414 13.670282 37.194780 6
9.737336 3.878218 18.541430 6
4.765824 4.178298 19.295025 1
0.535426 13.370202 0.641675 1
5.836676 12.952548 36.665025 1
10.067074 4.595952 18.011675 1
4.919560 6.184091 18.962996 6
0.381690 11.364409 0.309646 6
5.682940 14.958341 36.997054 6
10.220810 2.590159 18.343704 6
5.580096 6.347292 19.627055 1
10.323654 11.201208 0.973705 1
5.022404 15.121542 36.332995 1
0.278846 2.426958 17.679645 1
3.392800 13.717662 22.797378 6
1.908450 3.830838 4.144028 6
7.209700 4.943412 33.162672 6
8.694050 12.605088 14.509322 6
3.198774 14.588068 23.562166 8
2.102476 2.960432 4.908816 8
7.403726 5.813818 32.397884 8
8.500024 11.734682 13.744534 8
2.271055 14.896922 21.078285 6
3.030195 2.651578 2.424935 6
8.331444 6.122672 34.881765 6
7.572305 11.425828 16.228415 6
2.838289 15.690114 21.190206 1
2.462961 1.858386 2.536856 1
7.764211 6.915864 34.769844 1
8.139539 10.632636 16.116494 1
1.454663 15.003967 21.608041 1
3.846587 2.544533 2.954691 1
9.147837 6.229717 34.352009 1
6.755913 11.318783 15.698659 1
2.035680 14.793385 20.130695 1
3.265570 2.755115 1.477345 1
8.566820 6.019135 35.829355 1
7.336930 11.529365 17.176005 1
2.984604 13.733456 21.524847 8
2.316646 3.815044 2.871497 8
7.617896 4.959206 34.435203 8
8.285854 12.589294 15.781853 8
2.876458 13.231569 26.555655 6
2.424792 4.316931 7.902305 6
7.726042 4.457319 29.404395 6
8.177708 13.091181 10.751045 6
2.567925 12.327821 25.943825 7
2.733325 5.220679 7.290475 7
8.034574 3.553571 30.016225 7
7.869175 13.994929 11.362875 7
3.221039 14.359938 27.353272 6
2.080210 3.188562 8.699922 6
7.381460 5.585688 28.606778 6
8.522289 11.962812 9.953428 6
3.993962 14.814444 26.957821 1
1.307288 2.734056 8.304471 1
6.608538 6.040194 29.002229 1
9.295212 11.508306 10.348879 1
3.443692 14.063368 28.259825 1
1.857558 3.485132 9.606475 1
7.158808 5.289118 27.700225 1
8.744942 12.259382 9.046875 1
2.460840 14.977645 27.386848 1
2.840410 2.570855 8.733498 1
8.141660 6.203395 28.573202 1
7.762090 11.345105 9.919852 1
0.968008 6.391164 21.305856 6
4.333242 11.157336 2.652506 6
9.634492 15.165414 34.654194 6
6.269258 2.383086 16.000844 6
1.938137 6.529797 21.305856 1
3.363113 11.018703 2.652506 1
8.664363 15.304047 34.654194 1
7.239387 2.244453 16.000844 1
0.710368 5.887522 20.503762 1
4.590882 11.660978 1.850412 1
9.892132 14.661772 35.456288 1
6.011617 2.886728 16.802938 1
0.709307 5.887522 22.104220 1
4.591943 11.660978 3.450870 1
9.893193 14.661772 33.855830 1
6.010557 2.886728 15.202480 1
0.341400 7.591481 21.305483 8
4.959849 9.957019 2.652133 8
10.261099 16.365731 34.654567 8
5.642650 1.182769 16.001217 8
5.071176 7.919638 30.468382 6
0.230074 9.628862 11.815032 6
5.531324 16.693888 25.491668 6
10.372426 0.854612 6.838318 6
5.900291 7.559894 30.848910 1
10.003459 9.988606 12.195560 1
4.702209 16.334144 25.111140 1
0.599041 1.214356 6.457790 1
4.597244 7.210679 29.987125 1
0.704006 10.337821 11.333775 1
6.005256 15.984929 25.972925 1
9.898494 1.563571 7.319575 1
4.501821 8.260079 31.192132 1
0.799429 9.288421 12.538782 1
6.100678 17.034329 24.767918 1
9.803071 0.514171 6.114568 1
5.404094 9.060291 29.502138 8
10.499656 8.488209 10.848788 8
5.198406 0.286041 26.457912 8
0.102844 17.262459 7.804562 8
5.970268 8.795308 28.942538 1
9.933482 8.753192 10.289188 1
4.632232 0.021058 27.017512 1
0.669018 17.527442 8.364162 1
8.962293 7.935432 18.407126 6
6.941457 9.613068 37.060476 6
1.640207 16.709682 0.246224 6
3.661043 0.838818 18.899574 6
8.401421 7.617804 19.145798 1
7.502329 9.930696 0.492448 1
2.201079 16.392054 36.814252 1
3.100171 1.156446 18.160902 1
8.702532 7.477416 17.582648 1
7.201218 10.071084 36.235998 1
1.899968 16.251666 1.070702 1
3.401282 1.296834 19.724052 1
8.841425 8.900599 18.298936 1
7.062325 8.647901 36.952286 1
1.761075 0.126349 0.354414 1
3.540175 17.422151 19.007764 1
10.328955 7.656411 18.694387 8
5.574794 9.892089 0.041037 8
0.273544 16.430661 37.265663 8
5.027706 1.117839 18.612313 8
10.385149 7.266834 19.436791 1
5.518601 10.281666 0.783441 1
0.217351 16.041084 36.523259 1
5.083899 1.507416 17.869909 1
1.516157 7.179091 15.277094 6
3.785092 10.369409 33.930444 6
9.086342 15.953341 3.376256 6
6.817407 1.595159 22.029606 6
2.492648 7.173827 15.176366 1
2.808602 10.374673 33.829716 1
8.109852 15.948077 3.476984 1
7.793898 1.600423 22.130334 1
1.104780 7.477416 14.437693 1
4.196469 10.071084 33.091043 1
9.497720 16.251666 4.215657 1
6.406030 1.296834 22.869007 1
1.206564 6.275344 15.489742 1
4.094685 11.273156 34.143092 1
9.395935 15.049594 3.163608 1
6.507814 2.498906 21.816958 1
1.113262 8.172336 16.448524 8
4.187988 9.376164 35.101874 8
9.489237 16.946586 2.204826 8
6.414512 0.601914 20.858176 8
0.945743 8.930432 16.127686 1
4.355507 8.618068 34.781036 1
9.656757 0.156182 2.525664 1
6.246993 17.392318 21.179014 1
