-1.901343 6.998095 7.213115 8
13.462157 2.852795 7.213115 8
-5.704030 1.292505 21.639346 8
9.659470 5.437805 21.639346 8
-0.595599 7.834617 7.155410 1
27.519912 7.834617 7.270820 1
14.767901 3.689317 7.155410 1
12.156412 3.689317 7.270820 1
23.717225 0.455983 21.697051 1
-4.398286 0.455983 21.581641 1
8.353725 4.601283 21.697051 1
10.965214 4.601283 21.581641 1
27.890247 4.287069 5.558138 6
-0.965934 4.287069 8.868093 6
12.526747 0.141769 5.558138 6
14.397566 0.141769 8.868093 6
-4.768621 4.003531 23.294323 6
24.087560 4.003531 19.984369 6
10.594879 8.148831 23.294323 6
8.724060 8.148831 19.984369 6
27.474837 5.116129 5.623345 1
-0.550524 5.116129 8.802886 1
12.111337 0.970829 5.623345 1
14.812976 0.970829 8.802886 1
-4.353211 3.174471 23.229117 1
23.672150 3.174471 20.049575 1
11.010289 7.319771 23.229117 1
8.308650 7.319771 20.049575 1
29.251417 4.213283 5.515148 6
-2.327104 4.213283 8.911083 6
13.887917 0.067983 5.515148 6
13.036396 0.067983 8.911083 6
-6.129791 4.077317 23.337313 6
25.448730 4.077317 19.941379 6
9.233709 8.222617 23.337313 6
10.085230 8.222617 19.941379 6
-0.973163 4.995087 5.556984 1
27.897476 4.995087 8.869247 1
14.390337 0.849787 5.556984 1
12.533976 0.849787 8.869247 1
24.094789 3.295513 23.295477 1
-4.775850 3.295513 19.983215 1
8.731289 7.440813 23.295477 1
10.587650 7.440813 19.983215 1
-0.831136 2.987932 5.408682 6
27.755449 2.987932 9.017548 6
14.532364 7.133232 5.408682 6
12.391949 7.133232 9.017548 6
23.952762 5.302668 23.443779 6
-4.633823 5.302668 19.834913 6
8.589262 1.157368 23.443779 6
10.729677 1.157368 19.834913 6
29.082423 1.859582 5.371751 6
-2.158110 1.859582 9.054479 6
13.718923 6.004882 5.371751 6
13.205390 6.004882 9.054479 6
-5.960797 6.431018 23.480710 6
25.279736 6.431018 19.797982 6
9.402703 2.285718 23.480710 6
9.916236 2.285718 19.797982 6
-1.258014 1.015598 5.320394 1
28.182327 1.015598 9.105837 1
14.105486 5.160898 5.320394 1
12.818827 5.160898 9.105837 1
24.379640 7.275002 23.532068 1
-5.060701 7.275002 19.746625 1
9.016140 3.129701 23.532068 1
10.302799 3.129701 19.746625 1
27.728619 1.974821 5.411279 6
-0.804306 1.974821 9.014952 6
12.365119 6.120121 5.411279 6
14.559194 6.120121 9.014952 6
-4.606993 6.315779 23.441182 6
23.925932 6.315779 19.837510 6
10.756507 2.170479 23.441182 6
8.562432 2.170479 19.837510 6
27.203007 1.208769 5.372328 1
-0.278694 1.208769 9.053902 1
11.839507 5.354069 5.372328 1
15.084806 5.354069 9.053902 1
-4.081381 7.081831 23.480133 1
23.400320 7.081831 19.798559 1
11.282119 2.936531 23.480133 1
8.036820 2.936531 19.798559 1
0.650169 2.868548 5.334243 6
26.274144 2.868548 9.091988 6
16.013669 7.013848 5.334243 6
10.910644 7.013848 9.091988 6
22.471457 5.422052 23.518218 6
-3.152518 5.422052 19.760474 6
7.107957 1.276752 23.518218 6
12.210982 1.276752 19.760474 6
0.911044 2.057727 5.799345 1
26.013269 2.057727 8.626886 1
16.274544 6.203027 5.799345 1
10.649769 6.203027 8.626886 1
22.210582 6.232873 23.053117 1
-2.891643 6.232873 20.225575 1
6.847082 2.087573 23.053117 1
12.471857 2.087573 20.225575 1
1.034773 3.614702 5.819541 1
25.889540 3.614702 8.606689 1
16.398273 7.760002 5.819541 1
10.526040 7.760002 8.606689 1
22.086853 4.675898 23.032920 1
-2.767914 4.675898 20.245772 1
6.723353 0.530598 23.032920 1
12.595586 0.530598 20.245772 1
1.100434 4.482727 2.765797 6
25.823879 4.482727 11.660434 6
16.463934 0.337427 2.765797 6
10.460379 0.337427 11.660434 6
22.021192 3.807873 26.086664 6
-2.702253 3.807873 17.192028 6
6.657692 7.953173 26.086664 6
12.661247 7.953173 17.192028 6
1.177582 5.160069 3.470951 1
25.746731 5.160069 10.955280 1
16.541082 1.014769 3.470951 1
10.383231 1.014769 10.955280 1
21.944044 3.130531 25.381510 1
-2.625105 3.130531 17.897182 1
6.580544 7.275831 25.381510 1
12.738395 7.275831 17.897182 1
2.111453 4.886480 1.672000 6
24.812860 4.886480 12.754231 6
17.474953 0.741180 1.672000 6
9.449360 0.741180 12.754231 6
21.010173 3.404120 27.180461 6
-1.691234 3.404120 16.098231 6
5.646673 7.549420 27.180461 6
13.672266 7.549420 16.098231 6
2.077369 4.248932 0.955016 1
24.846944 4.248932 13.471214 1
17.440869 0.103632 0.955016 1
9.483444 0.103632 13.471214 1
21.044257 4.041667 27.897445 1
-1.725318 4.041667 15.381247 1
5.680757 8.186967 27.897445 1
13.638182 8.186967 15.381247 1
2.994384 4.903890 2.045640 1
23.929929 4.903890 12.380591 1
18.357884 0.758590 2.045640 1
8.566429 0.758590 12.380591 1
20.127242 3.386710 26.806822 1
-0.808303 3.386710 16.471870 1
4.763742 7.532010 26.806822 1
14.555197 7.532010 16.471870 1
1.887869 5.757822 1.335869 1
25.036444 5.757822 13.090362 1
17.251369 1.612522 1.335869 1
9.672944 1.612522 13.090362 1
21.233757 2.532778 27.516592 1
-1.914817 2.532778 15.762100 1
5.870257 6.678078 27.516592 1
13.448683 6.678078 15.762100 1
-0.324167 4.607915 2.206636 6
27.248480 4.607915 12.219594 6
15.039333 0.462615 2.206636 6
11.884980 0.462615 12.219594 6
23.445793 3.682685 26.645825 6
-4.126854 3.682685 16.632867 6
8.082293 7.827985 26.645825 6
11.236646 7.827985 16.632867 6
-0.466664 5.502471 1.886951 1
27.390977 5.502471 12.539280 1
14.896836 1.357171 1.886951 1
12.027477 1.357171 12.539280 1
23.588290 2.788129 26.965510 1
-4.269351 2.788129 16.313182 1
8.224790 6.933429 26.965510 1
11.094149 6.933429 16.313182 1
29.769080 4.410599 2.899672 1
-2.844767 4.410599 11.526558 1
14.405580 0.265299 2.899672 1
12.518733 0.265299 11.526558 1
-6.647454 3.880001 25.952789 1
25.966393 3.880001 17.325903 1
8.716046 8.025301 25.952789 1
10.602893 8.025301 17.325903 1
30.286921 3.987779 1.483017 1
-3.362608 3.987779 12.943214 1
14.923421 8.133079 1.483017 1
12.000892 8.133079 12.943214 1
-7.165295 4.302821 27.369445 1
26.484234 4.302821 15.909247 1
8.198205 0.157521 27.369445 1
11.120734 0.157521 15.909247 1
0.645363 1.404428 2.648079 6
26.278950 1.404428 11.778152 6
16.008863 5.549728 2.648079 6
10.915450 5.549728 11.778152 6
22.476263 6.886172 26.204383 6
-3.157324 6.886172 17.074310 6
7.112763 2.740872 26.204383 6
12.206176 2.740872 17.074310 6
-0.323912 1.537906 2.709246 1
27.248225 1.537906 11.716985 1
15.039588 5.683206 2.709246 1
11.884725 5.683206 11.716985 1
23.445538 6.752694 26.143215 1
-4.126599 6.752694 17.135477 1
8.082038 2.607394 26.143215 1
11.236901 2.607394 17.135477 1
0.932513 0.029017 3.288604 6
25.991800 0.029017 11.137627 6
16.296013 4.174317 3.288604 6
10.628300 4.174317 11.137627 6
22.189113 8.261583 25.563858 6
-2.870174 8.261583 17.714834 6
6.825613 4.116283 25.563858 6
12.493326 4.116283 17.714834 6
0.361789 7.656369 2.893902 1
26.562524 7.656369 11.532329 1
15.725289 3.511069 2.893902 1
11.199024 3.511069 11.532329 1
22.759837 0.634231 25.958560 1
-3.440898 0.634231 17.320133 1
7.396337 4.779531 25.958560 1
11.922602 4.779531 17.320133 1
0.764784 0.073786 4.232656 1
26.159529 0.073786 10.193575 1
16.128284 4.219086 4.232656 1
10.796029 4.219086 10.193575 1
22.356842 8.216814 24.619805 1
-3.037903 8.216814 18.658887 1
6.993342 4.071514 24.619805 1
12.325597 4.071514 18.658887 1
1.848857 8.081677 3.139148 1
25.075456 8.081677 11.287083 1
17.212357 3.936377 3.139148 1
9.711956 3.936377 11.287083 1
21.272769 0.208923 25.713314 1
-1.953830 0.208923 17.565379 1
5.909269 4.354223 25.713314 1
13.409670 4.354223 17.565379 1
0.978546 1.354684 1.148616 6
25.945767 1.354684 13.277614 6
16.342046 5.499984 1.148616 6
10.582267 5.499984 13.277614 6
22.143080 6.935916 27.703845 6
-2.824141 6.935916 15.574847 6
6.779580 2.790616 27.703845 6
12.539359 2.790616 15.574847 6
1.917802 1.193017 1.035803 1
25.006511 1.193017 13.390427 1
17.281302 5.338317 1.035803 1
9.643011 5.338317 13.390427 1
21.203824 7.097583 27.816658 1
-1.884885 7.097583 15.462034 1
5.840324 2.952283 27.816658 1
13.478615 2.952283 15.462034 1
0.747861 2.192864 0.741508 1
26.176452 2.192864 13.684722 1
16.111361 6.338164 0.741508 1
10.812952 6.338164 13.684722 1
22.373765 6.097736 28.110953 1
-3.054826 6.097736 15.167739 1
7.010265 1.952436 28.110953 1
12.308674 1.952436 15.167739 1
0.479745 0.647496 0.732853 1
26.444568 0.647496 13.693378 1
15.843245 4.792796 0.732853 1
11.081068 4.792796 13.693378 1
22.641881 7.643104 28.119609 1
-3.322942 7.643104 15.159083 1
7.278381 3.497804 28.119609 1
12.040558 3.497804 15.159083 1
3.249908 2.497129 3.971830 6
23.674405 2.497129 10.454401 6
18.613408 6.642429 3.971830 6
8.310905 6.642429 10.454401 6
19.871718 5.793471 24.880632 6
-0.552779 5.793471 18.398061 6
4.508218 1.648171 24.880632 6
14.810721 1.648171 18.398061 6
3.258482 1.745171 4.599082 1
23.665831 1.745171 9.827148 1
18.621982 5.890471 4.599082 1
8.302331 5.890471 9.827148 1
19.863144 6.545429 24.253379 1
-0.544205 6.545429 19.025313 1
4.499644 2.400129 24.253379 1
14.819295 2.400129 19.025313 1
3.926628 3.664445 4.710453 6
22.997685 3.664445 9.715778 6
19.290128 7.809745 4.710453 6
7.634185 7.809745 9.715778 6
19.194998 4.626155 24.142009 6
0.123941 4.626155 19.136684 6
3.831498 0.480855 24.142009 6
15.487441 0.480855 19.136684 6
4.798974 3.394172 5.003017 1
22.125339 3.394172 9.423214 1
20.162474 7.539472 5.003017 1
6.761839 7.539472 9.423214 1
18.322652 4.896428 23.849445 1
0.996287 4.896428 19.429248 1
2.959152 0.751128 23.849445 1
16.359787 0.751128 19.429248 1
3.396763 3.910676 5.473312 1
23.527550 3.910676 8.952919 1
18.760263 8.055976 5.473312 1
8.164050 8.055976 8.952919 1
19.724863 4.379924 23.379150 1
-0.405924 4.379924 19.899543 1
4.361363 0.234624 23.379150 1
14.957576 0.234624 19.899543 1
4.006177 4.415574 4.117246 1
22.918136 4.415574 10.308984 1
19.369677 0.270274 4.117246 1
7.554636 0.270274 10.308984 1
19.115449 3.875026 24.735215 1
0.203490 3.875026 18.543477 1
3.751949 8.020326 24.735215 1
15.566990 8.020326 18.543477 1
4.123874 2.058556 2.787148 6
22.800439 2.058556 11.639083 6
19.487374 6.203856 2.787148 6
7.436939 6.203856 11.639083 6
18.997752 6.232044 26.065314 6
0.321187 6.232044 17.213378 6
3.634252 2.086744 26.065314 6
15.684687 2.086744 17.213378 6
4.099948 2.734240 2.106230 1
22.824365 2.734240 12.320001 1
19.463448 6.879540 2.106230 1
7.460865 6.879540 12.320001 1
19.021678 5.556360 26.746232 1
0.297261 5.556360 16.532460 1
3.658178 1.411060 26.746232 1
15.660761 1.411060 16.532460 1
3.787388 1.232812 2.429377 1
23.136925 1.232812 11.996853 1
19.150888 5.378112 2.429377 1
7.773425 5.378112 11.996853 1
19.334238 7.057788 26.423084 1
-0.015299 7.057788 16.855608 1
3.970738 2.912488 26.423084 1
15.348201 2.912488 16.855608 1
5.028188 1.935026 3.084328 1
21.896125 1.935026 11.341903 1
20.391688 6.080326 3.084328 1
6.532625 6.080326 11.341903 1
18.093438 6.355574 25.768133 1
1.225501 6.355574 17.510559 1
2.729938 2.210274 25.768133 1
16.589001 2.210274 17.510559 1
25.669631 3.264009 5.538230 6
1.254682 3.264009 8.888001 6
10.306131 7.409309 5.538230 6
16.618182 7.409309 8.888001 6
-2.548005 5.026591 23.314231 6
21.866944 5.026591 19.964461 6
12.815495 0.881291 23.314231 6
6.503444 0.881291 19.964461 6
25.316818 3.049283 4.671214 1
1.607495 3.049283 9.755017 1
9.953318 7.194583 4.671214 1
16.970995 7.194583 9.755017 1
-2.195192 5.241317 24.181248 1
21.514131 5.241317 19.097444 1
13.168308 1.096017 24.181248 1
6.150631 1.096017 19.097444 1
25.412692 4.157736 5.776263 1
1.511621 4.157736 8.649968 1
10.049192 0.012436 5.776263 1
16.875121 0.012436 8.649968 1
-2.291066 4.132864 23.076199 1
21.610005 4.132864 20.202493 1
13.072434 8.278164 23.076199 1
6.246505 8.278164 20.202493 1
25.322372 2.647189 6.188853 1
1.601941 2.647189 8.237378 1
9.958872 6.792489 6.188853 1
16.965441 6.792489 8.237378 1
-2.200746 5.643411 22.663608 1
21.519685 5.643411 20.615084 1
13.162754 1.498111 22.663608 1
6.156185 1.498111 20.615084 1
3.110788 7.667147 6.756381 6
23.813525 7.667147 7.669850 6
18.474288 3.521847 6.756381 6
8.450025 3.521847 7.669850 6
20.010838 0.623453 22.096081 6
-0.691899 0.623453 21.182612 6
4.647338 4.768753 22.096081 6
14.671601 4.768753 21.182612 6
3.808224 0.275248 7.543476 6
23.116089 0.275248 6.882755 6
19.171724 4.420548 7.543476 6
7.752589 4.420548 6.882755 6
19.313403 8.015352 21.308985 6
0.005537 8.015352 21.969707 6
3.949903 3.870052 21.308985 6
15.369037 3.870052 21.969707 6
3.444315 0.567906 8.347017 1
23.479998 0.567906 6.079214 1
18.807815 4.713206 8.347017 1
8.116498 4.713206 6.079214 1
19.677311 7.722694 20.505444 1
-0.358372 7.722694 22.773248 1
4.313811 3.577394 20.505444 1
15.005128 3.577394 22.773248 1
5.036000 0.735376 7.138099 6
21.888313 0.735376 7.288132 6
20.399500 4.880676 7.138099 6
6.524813 4.880676 7.288132 6
18.085626 7.555224 21.714362 6
1.233313 7.555224 21.564330 6
2.722126 3.409924 21.714362 6
16.596813 3.409924 21.564330 6
5.493555 1.346393 7.671869 1
21.430758 1.346393 6.754361 1
20.857055 5.491693 7.671869 1
6.067258 5.491693 6.754361 1
17.628071 6.944207 21.180592 1
1.690868 6.944207 22.098100 1
2.264571 2.798907 21.180592 1
17.054368 2.798907 22.098100 1
5.604935 0.310898 5.957745 6
21.319378 0.310898 8.468486 6
20.968435 4.456198 5.957745 6
5.955878 4.456198 8.468486 6
17.516691 7.979702 22.894717 6
1.802248 7.979702 20.383975 6
2.153191 3.834402 22.894717 6
17.165748 3.834402 20.383975 6
4.898434 7.705284 5.170073 6
22.025879 7.705284 9.256158 6
20.261934 3.559984 5.170073 6
6.662379 3.559984 9.256158 6
18.223192 0.585316 23.682389 6
1.095747 0.585316 19.596303 6
2.859692 4.730616 23.682389 6
16.459247 4.730616 19.596303 6
5.265105 7.412625 4.365377 1
21.659208 7.412625 10.060853 1
20.628605 3.267325 4.365377 1
6.295708 3.267325 10.060853 1
17.856522 0.877975 24.487084 1
1.462418 0.877975 18.791608 1
2.493022 5.023275 24.487084 1
16.825918 5.023275 18.791608 1
3.655108 7.239352 5.563332 6
23.269205 7.239352 8.862899 6
19.018608 3.094052 5.563332 6
7.905705 3.094052 8.862899 6
19.466518 1.051248 23.289130 6
-0.147579 1.051248 19.989562 6
4.103018 5.196548 23.289130 6
15.215921 5.196548 19.989562 6
3.188940 6.640771 5.026099 1
23.735373 6.640771 9.400132 1
18.552440 2.495471 5.026099 1
8.371873 2.495471 9.400132 1
19.932686 1.649829 23.826363 1
-0.613747 1.649829 19.452329 1
4.569186 5.795129 23.826363 1
14.749753 5.795129 19.452329 1
6.965607 0.810821 5.523804 6
19.958706 0.810821 8.902427 6
22.329107 4.956121 5.523804 6
4.595206 4.956121 8.902427 6
16.156019 7.479779 23.328658 6
3.162920 7.479779 19.950034 6
0.792519 3.334479 23.328658 6
18.526420 3.334479 19.950034 6
6.905298 1.739368 5.288656 1
20.019015 1.739368 9.137575 1
22.268798 5.884668 5.288656 1
4.655515 5.884668 9.137575 1
16.216328 6.551232 23.563805 1
3.102611 6.551232 19.714887 1
0.852828 2.405932 23.563805 1
18.466111 2.405932 19.714887 1
7.264950 0.306752 4.763541 1
19.659363 0.306752 9.662689 1
22.628450 4.452052 4.763541 1
4.295863 4.452052 9.662689 1
15.856676 7.983848 24.088920 1
3.462263 7.983848 19.189772 1
0.493176 3.838548 24.088920 1
18.825763 3.838548 19.189772 1
7.590733 0.703043 6.243673 1
19.333580 0.703043 8.182558 1
22.954233 4.848343 6.243673 1
3.970080 4.848343 8.182558 1
15.530893 7.587557 22.608789 1
3.788046 7.587557 20.669903 1
0.167393 3.442257 22.608789 1
19.151546 3.442257 20.669903 1
27.140599 3.169496 5.505338 7
-0.216286 3.169496 8.920893 7
11.777099 7.314796 5.505338 7
15.147214 7.314796 8.920893 7
-4.018973 5.121104 23.347123 7
23.337912 5.121104 19.931569 7
11.344527 0.975804 23.347123 7
7.974412 0.975804 19.931569 7
1.205379 5.950993 6.426597 8
25.718934 5.950993 7.999633 8
16.568879 1.805693 6.426597 8
10.355434 1.805693 7.999633 8
21.916247 2.339607 22.425864 8
-2.597308 2.339607 20.852828 8
6.552747 6.484907 22.425864 8
12.766192 6.484907 20.852828 8
0.620940 8.215156 7.089915 8
26.303373 8.215156 7.336315 8
15.984440 4.069856 7.089915 8
10.939873 4.069856 7.336315 8
22.500686 0.075444 21.762546 8
-3.181747 0.075444 21.516146 8
7.137186 4.220744 21.762546 8
12.181753 4.220744 21.516146 8
1.647869 6.712899 8.669299 8
25.276444 6.712899 5.756932 8
17.011369 2.567599 8.669299 8
9.912944 2.567599 5.756932 8
21.473757 1.577701 20.183162 8
-2.154818 1.577701 23.095530 8
6.110257 5.723001 20.183162 8
13.208682 5.723001 23.095530 8
1.434330 2.824856 3.596171 14
25.489983 2.824856 10.830060 14
16.797830 6.970156 3.596171 14
10.126483 6.970156 10.830060 14
21.687296 5.465744 25.256291 14
-2.368356 5.465744 18.022402 14
6.323796 1.320444 25.256291 14
12.995144 1.320444 18.022402 14
1.517483 7.083323 7.266204 16
25.406830 7.083323 7.160027 16
16.880983 2.938023 7.266204 16
10.043330 2.938023 7.160027 16
21.604143 1.207277 21.586258 16
-2.285204 1.207277 21.692435 16
6.240643 5.352577 21.586258 16
13.078296 5.352577 21.692435 16
3.813602 0.139282 12.157850 6
23.110711 0.139282 2.268381 6
19.177102 4.284582 12.157850 6
7.747211 4.284582 2.268381 6
19.308024 8.151318 16.694611 6
0.010915 8.151318 26.584081 6
3.944524 4.006018 16.694611 6
15.374415 4.006018 26.584081 6
4.154236 7.709429 11.587149 1
22.770077 7.709429 2.839082 1
19.517736 3.564129 11.587149 1
7.406577 3.564129 2.839082 1
18.967390 0.581171 17.265313 1
0.351549 0.581171 26.013379 1
3.603890 4.726471 17.265313 1
15.715049 4.726471 26.013379 1
4.321083 1.451684 11.558008 6
22.603230 1.451684 2.868223 6
19.684583 5.596984 11.558008 6
7.239730 5.596984 2.868223 6
18.800543 6.838916 17.294454 6
0.518396 6.838916 25.984238 6
3.437043 2.693616 17.294454 6
15.881896 2.693616 25.984238 6
4.048857 2.184573 12.115149 1
22.875456 2.184573 2.311082 1
19.412357 6.329873 12.115149 1
7.511956 6.329873 2.311082 1
19.072769 6.106027 16.737313 1
0.246170 6.106027 26.541379 1
3.709269 1.960727 16.737313 1
15.609670 1.960727 26.541379 1
3.954409 1.564436 10.678296 1
22.969904 1.564436 3.747935 1
19.317909 5.709736 10.678296 1
7.606404 5.709736 3.747935 1
19.167217 6.726164 18.174165 1
0.151722 6.726164 25.104527 1
3.803717 2.580864 18.174165 1
15.515222 2.580864 25.104527 1
5.279391 1.429299 11.503476 1
21.644922 1.429299 2.922754 1
20.642891 5.574599 11.503476 1
6.281422 5.574599 2.922754 1
17.842235 6.861301 17.348985 1
1.476704 6.861301 25.929707 1
2.478735 2.716001 17.348985 1
16.840204 2.716001 25.929707 1
4.432410 8.225933 13.538152 6
22.491903 8.225933 0.888079 6
19.795910 4.080633 13.538152 6
7.128403 4.080633 0.888079 6
18.689216 0.064667 15.314309 6
0.629723 0.064667 27.964383 6
3.325716 4.209967 15.314309 6
15.993223 4.209967 27.964383 6
5.389817 8.229250 13.462559 1
21.534496 8.229250 0.963672 1
20.753317 4.083950 13.462559 1
6.170996 4.083950 0.963672 1
17.731809 0.061350 15.389903 1
1.587130 0.061350 27.888789 1
2.368309 4.206650 15.389903 1
16.950630 4.206650 27.888789 1
4.141149 7.384437 13.898231 1
22.783164 7.384437 0.528000 1
19.504649 3.239137 13.898231 1
7.419664 3.239137 0.528000 1
18.980477 0.906163 14.954231 1
0.338462 0.906163 28.324461 1
3.616977 5.051463 14.954231 1
15.701962 5.051463 28.324461 1
4.153260 0.645009 14.120395 1
22.771053 0.645009 0.305836 1
19.516760 4.790309 14.120395 1
7.407553 4.790309 0.305836 1
18.968366 7.645591 14.732067 1
0.350573 7.645591 28.546625 1
3.604866 3.500291 14.732067 1
15.714073 3.500291 28.546625 1
1.178362 1.333958 13.225968 6
25.745951 1.333958 1.200262 6
16.541862 5.479258 13.225968 6
10.382451 5.479258 1.200262 6
21.943264 6.956642 15.626493 6
-2.624325 6.956642 27.652199 6
6.579764 2.811342 15.626493 6
12.739175 2.811342 27.652199 6
1.807928 2.084257 13.214427 1
25.116385 2.084257 1.211803 1
17.171428 6.229557 13.214427 1
9.752885 6.229557 1.211803 1
21.313698 6.206343 15.638034 1
-1.994759 6.206343 27.640658 1
5.950198 2.061043 15.638034 1
13.368741 2.061043 27.640658 1
-0.160848 1.889428 12.713549 6
27.085161 1.889428 1.712682 6
15.202652 6.034728 12.713549 6
11.721661 6.034728 1.712682 6
23.282474 6.401172 16.138913 6
-3.963535 6.401172 27.139779 6
7.918974 2.255872 16.138913 6
11.399965 2.255872 27.139779 6
-0.819023 1.189701 12.712395 1
27.743336 1.189701 1.713836 1
14.544477 5.335001 12.712395 1
12.379836 5.335001 1.713836 1
23.940649 7.100899 16.140067 1
-4.621710 7.100899 27.138625 1
8.577149 2.955599 16.140067 1
10.741790 2.955599 27.138625 1
-0.049367 2.222710 11.820853 1
26.973680 2.222710 2.605377 1
15.314133 6.368010 11.820853 1
11.610180 6.368010 2.605377 1
23.170993 6.067890 17.031608 1
-3.852054 6.067890 26.247084 1
7.807493 1.922590 17.031608 1
11.511446 1.922590 26.247084 1
-0.451084 2.602419 13.286558 1
27.375397 2.602419 1.139672 1
14.912416 6.747719 13.286558 1
12.011897 6.747719 1.139672 1
23.572710 5.688181 15.565903 1
-4.253771 5.688181 27.712789 1
8.209210 1.542881 15.565903 1
11.109729 1.542881 27.712789 1
1.041513 0.916111 14.691673 6
18.277426 0.916111 28.587019 6
16.405013 5.061411 14.691673 6
2.913926 5.061411 28.587019 6
22.080113 7.374489 14.160788 6
4.844200 7.374489 0.265443 6
6.716613 3.229189 14.160788 6
20.207700 3.229189 0.265443 6
0.790795 1.678017 15.219673 1
18.528144 1.678017 28.059019 1
16.154295 5.823317 15.219673 1
3.164644 5.823317 28.059019 1
22.330831 6.612583 13.632788 1
4.593482 6.612583 0.793443 1
6.967331 2.467283 13.632788 1
19.956982 2.467283 0.793443 1
1.879502 0.571222 15.006165 1
17.439437 0.571222 28.272527 1
17.243002 4.716522 15.006165 1
2.075937 4.716522 28.272527 1
21.242124 7.719378 13.846296 1
5.682189 7.719378 0.579934 1
5.878624 3.574078 13.846296 1
21.045689 3.574078 0.579934 1
0.365571 0.237111 14.769575 1
18.953368 0.237111 28.509117 1
15.729071 4.382411 14.769575 1
3.589868 4.382411 28.509117 1
22.756055 8.053489 14.082886 1
4.168258 8.053489 0.343344 1
7.392555 3.908189 14.082886 1
19.531758 3.908189 0.343344 1
1.413670 6.571959 12.680657 6
25.510643 6.571959 1.745574 6
16.777170 2.426659 12.680657 6
10.147143 2.426659 1.745574 6
21.707956 1.718641 16.171805 6
-2.389017 1.718641 27.106888 6
6.344456 5.863941 16.171805 6
12.974483 5.863941 27.106888 6
1.593969 6.499830 13.641444 1
25.330344 6.499830 0.784787 1
16.957469 2.354530 13.641444 1
9.966844 2.354530 0.784787 1
21.527657 1.790770 15.211018 1
-2.208717 1.790770 28.067674 1
6.164157 5.936070 15.211018 1
13.154783 5.936070 28.067674 1
-0.088042 6.339822 12.474650 6
27.012355 6.339822 1.951580 6
15.275458 2.194522 12.474650 6
11.648855 2.194522 1.951580 6
23.209668 1.950778 16.377811 6
-3.890729 1.950778 26.900881 6
7.846168 6.096078 16.377811 6
11.472771 6.096078 26.900881 6
-0.302062 6.443454 11.543870 1
27.226375 6.443454 2.882361 1
15.061438 2.298154 11.543870 1
11.862875 2.298154 2.882361 1
23.423688 1.847146 17.308592 1
-4.104749 1.847146 25.970101 1
8.060188 5.992446 17.308592 1
11.258751 5.992446 25.970101 1
-0.585525 6.979027 12.992263 1
27.509838 6.979027 1.433967 1
14.777975 2.833727 12.992263 1
12.146338 2.833727 1.433967 1
23.707151 1.311573 15.860198 1
-4.388212 1.311573 27.418494 1
8.343651 5.456873 15.860198 1
10.975288 5.456873 27.418494 1
-0.314978 5.451899 12.758558 1
27.239291 5.451899 1.667672 1
15.048522 1.306599 12.758558 1
11.875791 1.306599 1.667672 1
23.436604 2.838701 16.093903 1
-4.117665 2.838701 27.184789 1
8.073104 6.984001 16.093903 1
11.245835 6.984001 27.184789 1
2.209182 5.460189 11.980119 6
24.715131 5.460189 2.446112 6
17.572682 1.314889 11.980119 6
9.351631 1.314889 2.446112 6
20.912444 2.830411 16.872342 6
-1.593505 2.830411 26.406350 6
5.548944 6.975711 16.872342 6
13.769995 6.975711 26.406350 6
1.877616 4.604599 12.262296 1
25.046697 4.604599 2.163935 1
17.241116 0.459299 12.262296 1
9.683197 0.459299 2.163935 1
21.244010 3.686001 16.590165 1
-1.925071 3.686001 26.688527 1
5.880510 7.831301 16.590165 1
13.438429 7.831301 26.688527 1
3.138062 5.536463 12.213247 1
23.786252 5.536463 2.212984 1
18.501562 1.391163 12.213247 1
8.422752 1.391163 2.212984 1
19.983565 2.754137 16.639215 1
-0.664625 2.754137 26.639478 1
4.620065 6.899437 16.639215 1
14.698875 6.899437 26.639478 1
2.110185 5.545582 11.030296 1
24.814128 5.545582 3.395935 1
17.473685 1.400282 11.030296 1
9.450628 1.400282 3.395935 1
21.011441 2.745018 17.822165 1
-1.692502 2.745018 25.456527 1
5.647941 6.890318 17.822165 1
13.670998 6.890318 25.456527 1
1.426571 0.307581 10.618571 8
25.497742 0.307581 3.807659 8
16.790071 4.452881 10.618571 8
10.134242 4.452881 3.807659 8
21.695055 7.983019 18.233890 8
-2.376116 7.983019 25.044802 8
6.331555 3.837719 18.233890 8
12.987384 3.837719 25.044802 8
1.932373 8.286869 12.140827 14
24.991940 8.286869 2.285403 14
17.295873 4.141569 12.140827 14
9.628440 4.141569 2.285403 14
21.189253 0.003731 16.711634 14
-1.870314 0.003731 26.567058 14
5.825753 4.149031 16.711634 14
13.493186 4.149031 26.567058 14
1.447810 8.025301 10.081050 1
25.476503 8.025301 4.345181 1
16.811310 3.880001 10.081050 1
10.113003 3.880001 4.345181 1
21.673816 0.265299 18.771411 1
-2.354877 0.265299 24.507281 1
6.310316 4.410599 18.771411 1
13.008623 4.410599 24.507281 1
