-0.469520 1.704039 5.699805 34
3.325755 7.559039 3.744776 34
6.181990 10.005961 13.189357 34
2.386715 4.150961 15.144386 34
1.627883 10.807159 8.490678 17
1.228352 4.952159 0.953903 17
4.084587 0.902841 10.398484 17
4.484118 6.757841 17.935259 17
7.583296 5.240225 5.026784 16
3.619939 11.095225 4.417797 16
-1.870826 6.469775 13.862378 16
2.092531 0.614775 14.471365 16
6.692329 3.283484 5.029239 15
4.510906 9.138484 4.415342 15
-0.979859 8.426516 13.859922 15
1.201564 2.571516 14.473820 15
-0.978859 4.708591 7.640666 8
3.835094 10.563591 1.803915 8
6.691328 7.001409 11.248496 8
1.877376 1.146409 17.085247 8
-0.614900 5.535317 6.826543 6
3.471135 11.390317 2.618038 6
6.327370 6.174683 12.062619 6
2.241335 0.319683 16.271124 6
-0.026148 6.844495 7.183548 6
2.882382 0.989495 2.261033 6
5.738617 4.865505 11.705614 6
2.830087 10.720505 16.628129 6
0.348477 7.788321 6.239090 6
2.507758 1.933321 3.205491 6
5.363993 3.921679 12.650072 6
3.204712 9.776679 15.683671 6
0.867733 9.010845 6.639540 6
1.988502 3.155845 2.805041 6
4.844737 2.699155 12.249621 6
3.723968 8.554155 16.084121 6
1.018779 9.259097 7.986338 6
1.837456 3.404097 1.458243 6
4.693691 2.450903 10.902824 6
3.875014 8.305903 17.430919 6
0.657114 8.350401 8.915684 6
2.199121 2.495401 0.528897 6
5.055356 3.359599 9.973477 6
3.513349 9.214599 18.360265 6
0.147216 7.131390 8.537901 6
2.709018 1.276390 0.906680 6
5.565253 4.578610 10.351261 6
3.003451 10.433610 17.982482 6
5.090337 3.411123 5.874529 6
6.112898 9.266123 3.570052 6
0.622133 8.298877 13.014633 6
-0.400428 2.443877 15.319110 6
4.530423 2.264714 6.393981 6
6.672812 8.119714 3.050600 6
1.182047 9.445286 12.495181 6
-0.960342 3.590286 15.838562 6
3.245506 2.293989 6.922878 6
7.957729 8.148989 2.521703 6
2.466964 9.416011 11.966284 6
-2.245259 3.561011 16.367459 6
2.532586 3.473186 6.947434 6
0.323649 9.328186 2.497147 6
3.179884 8.236814 11.941728 6
5.388821 2.381814 16.392015 6
3.081433 4.621937 6.471427 6
-0.225198 10.476937 2.973154 6
2.631037 7.088063 12.417735 6
5.937668 1.233063 15.916008 6
4.370127 4.600859 5.927419 6
6.833108 10.455859 3.517162 6
1.342343 7.109141 12.961743 6
-1.120638 1.254141 15.372000 6
6.324317 3.271774 3.245158 6
4.878918 9.126774 6.199423 6
-0.611847 8.438226 15.644004 6
0.833552 2.583226 12.689739 6
5.481450 4.230823 2.699261 6
5.721785 10.085823 6.745320 6
0.231020 7.479177 16.189901 6
-0.009315 1.624177 12.143842 6
5.225099 4.237849 1.335464 6
5.978136 10.092849 8.109117 6
0.487371 7.472151 17.553698 6
-0.265666 1.617151 10.780045 6
5.762589 3.283484 0.545897 6
5.440646 9.138484 8.898684 6
-0.050119 8.426516 18.343265 6
0.271824 2.571516 9.990478 6
6.631154 2.311554 1.069127 6
4.572081 8.166554 8.375454 6
-0.918684 9.398446 17.820035 6
1.140389 3.543446 10.513707 6
6.904110 2.326777 2.421591 6
4.299124 8.181777 7.022990 6
-1.191641 9.383223 16.467571 6
1.413345 3.528223 11.866171 6
0.256811 7.579883 5.298410 1
2.599424 1.724883 4.146171 1
5.455658 4.130117 13.590752 1
3.113046 9.985117 14.742991 1
1.115196 9.681828 5.978420 1
1.741039 3.826828 3.466161 1
4.597274 2.028172 12.910742 1
3.971431 7.883172 15.423001 1
0.765210 8.563523 9.858254 1
-0.543505 2.708523 18.475489 1
4.947260 3.146477 9.030908 1
6.255975 9.001477 0.413673 1
-0.117066 6.472117 9.289690 1
2.973300 0.617117 0.154891 1
5.829535 5.237883 9.599472 1
2.739169 11.092883 18.734271 1
5.042050 1.443843 6.388315 1
6.161185 7.298843 3.056266 1
0.670420 10.266157 12.500847 1
-0.448716 4.411157 15.832895 1
2.854585 1.494196 7.277994 1
0.001650 7.349196 2.166587 1
2.857885 10.215804 11.611168 1
5.710820 4.360804 16.722575 1
1.634958 3.481383 7.296883 1
1.221277 9.336383 2.147698 1
4.077512 8.228617 11.592279 1
4.491193 2.373617 16.741464 1
2.584789 5.453347 6.507316 1
0.271446 11.308347 2.937265 1
3.127681 6.256653 12.381846 1
5.441024 0.401653 15.951897 1
4.773175 5.408849 5.593081 1
6.430060 11.263849 3.851500 1
0.939295 6.301151 13.296081 1
-0.717590 0.446151 15.037662 1
5.078992 4.899464 3.286714 1
6.124243 10.754464 6.157867 1
0.633478 6.810536 15.602448 1
-0.411774 0.955536 12.731295 1
4.661736 4.920542 0.952014 1
6.541498 10.775542 8.492567 1
1.050733 6.789458 17.937148 1
-0.829029 0.934458 10.396595 1
2.941983 3.253038 18.483045 1
5.626721 9.108038 9.850698 1
2.770487 8.456962 0.406117 1
0.085748 2.601962 9.038464 1
7.047364 1.645255 0.496785 1
4.155871 7.500255 8.947796 1
-1.334894 10.064745 18.392377 1
1.556599 4.209745 9.941366 1
7.487858 1.663991 2.814485 1
3.715377 7.518991 6.630096 1
-1.775388 10.046009 16.074677 1
1.997093 4.191009 12.259066 1
