4.194203 3.318614 1.352603 16
4.344172 8.615514 13.682999 16
3.872448 7.275186 28.718601 16
3.722478 1.978286 16.388205 16
2.426512 7.385468 2.418025 8
6.111863 2.088568 12.617576 8
5.640138 3.208332 27.653178 8
1.954788 8.505232 17.453627 8
4.608553 7.969716 2.321196 8
3.929822 2.672816 12.714406 8
3.458098 2.624084 27.750008 8
4.136828 7.920984 17.356798 8
4.055565 5.839408 1.951922 7
4.482810 0.542508 13.083680 7
4.011085 4.754392 28.119282 7
3.583841 10.051292 16.987524 7
1.941885 4.776638 1.831336 7
6.596490 10.073538 13.204266 7
6.124765 5.817162 28.239868 7
1.470160 0.520262 16.866938 7
3.198742 4.731191 1.746836 6
5.339633 10.028091 13.288766 6
4.867908 5.862609 28.324368 6
2.727017 0.565709 16.782438 6
5.416260 5.528904 1.742626 6
3.122115 0.232004 13.292976 6
2.650391 5.064896 28.328578 6
4.944535 10.361796 16.778228 6
6.108438 6.174067 1.822315 1
2.429937 0.877167 13.213287 1
1.958212 4.419733 28.248889 1
5.636714 9.716633 16.857917 1
5.646932 4.273539 1.426277 6
2.891443 9.570439 13.609325 6
2.419718 6.320261 28.644927 6
5.175208 1.023361 16.461879 6
6.514511 3.926062 1.256976 1
2.023865 9.222962 13.778626 1
1.552140 6.667738 28.814227 1
6.042786 1.370838 16.292578 1
1.205302 3.591298 1.587459 6
7.333073 8.888198 13.448143 6
6.861348 7.002502 28.483745 6
0.733577 1.705602 16.623061 6
0.989103 2.671756 2.591236 6
7.549272 7.968656 12.444366 6
7.077548 7.922044 27.479968 6
0.517378 2.625144 17.626838 6
1.376651 2.804179 3.449167 1
7.161724 8.101079 11.586435 1
6.690000 7.789621 26.622037 1
0.904926 2.492721 18.484769 1
0.205573 1.550932 2.350365 6
8.332802 6.847832 12.685237 6
7.861077 9.042868 27.720839 6
-0.266152 3.745968 17.385967 6
0.058596 0.918482 3.043206 1
8.479780 6.215382 11.992396 1
8.008055 9.675318 27.027998 1
-0.413129 4.378418 18.078808 1
8.653522 1.353888 1.112935 6
-0.115147 6.650788 13.922667 6
-0.586872 9.239912 28.958269 6
8.181798 3.943012 16.148537 6
8.118921 0.584778 0.950250 1
0.419454 5.881678 14.085352 1
-0.052271 10.009022 29.120954 1
7.647197 4.712122 15.985852 1
8.864193 2.270251 0.113068 6
-0.325818 7.567151 14.922534 6
-0.797543 8.323549 29.958136 6
8.392468 3.026649 15.148670 6
7.538630 2.131473 29.325438 1
0.056296 7.428373 15.781368 1
0.528021 8.462327 0.745766 1
8.010355 3.165427 14.289836 1
0.622324 3.395313 0.353337 6
7.916051 8.692213 14.682265 6
7.444326 7.198487 29.717867 6
0.150600 1.901587 15.388939 6
-0.194055 4.036238 29.734406 1
7.788980 9.333138 15.372399 1
8.260705 6.557562 0.336797 1
0.277670 1.260662 14.698804 1
3.582856 7.131746 2.254739 6
4.955520 1.834846 12.780863 6
4.483795 3.462054 27.816465 6
3.111131 8.758954 17.290341 6
4.360149 9.428482 2.522072 6
4.178226 4.131582 12.513530 6
3.706501 1.165318 27.549132 6
3.888424 6.462218 17.557674 6
3.865349 9.660486 3.933915 6
4.673026 4.363586 11.101687 6
4.201301 0.933314 26.137289 6
3.393624 6.230214 18.969517 6
4.500401 9.270634 4.570823 1
4.037974 3.973734 10.464779 1
3.566249 1.323166 25.500381 1
4.028676 6.620066 19.606425 1
2.988704 9.236734 4.047584 1
5.549671 3.939834 10.988018 1
5.077946 1.357066 26.023620 1
2.516979 6.653966 19.083186 1
3.786296 0.028603 4.098705 1
4.752079 5.325503 10.936897 1
4.280354 10.565197 25.972499 1
3.314571 5.268297 19.134307 1
3.407474 9.946519 1.469279 6
5.130901 4.649619 13.566323 6
4.659176 0.647281 28.601925 6
2.935750 5.944181 16.504881 6
3.687457 9.623408 0.586388 1
4.850918 4.326508 14.449213 1
4.379194 0.970392 29.484815 1
3.215732 6.267292 15.621990 1
3.415357 0.332645 1.476496 1
5.123018 5.629545 13.559106 1
4.651293 10.261155 28.594708 1
2.943632 4.964255 16.512098 1
2.501290 9.626586 1.662938 1
6.037086 4.329686 13.372664 1
5.565361 0.967214 28.408266 1
2.029565 6.264114 16.698539 1
5.753266 9.993132 2.316084 6
2.785109 4.696232 12.719518 6
2.313384 0.600668 27.755120 6
5.281541 5.897568 17.351686 6
6.367218 9.590567 2.965021 1
2.171158 4.293667 12.070581 1
1.699433 1.003233 27.106183 1
5.895493 6.300133 18.000623 1
5.734005 0.370783 2.441782 1
2.804370 5.667683 12.593820 1
2.332645 10.223017 27.629422 1
5.262281 4.926117 17.477384 1
6.057486 9.788671 1.407332 1
2.480889 4.491771 13.628270 1
2.009164 0.805129 28.663871 1
5.585761 6.102029 16.442934 1
0.103133 8.125656 4.185310 16
8.435242 2.828756 10.850292 16
7.963517 2.468144 25.885894 16
-0.368591 7.765044 19.220912 16
5.206681 7.384514 6.412384 8
3.331694 2.087614 8.623218 8
2.859970 3.209286 23.658820 8
4.734956 8.506186 21.447985 8
5.345621 5.418835 5.323806 8
3.192754 0.121935 9.711796 8
2.721029 5.174965 24.747398 8
4.873896 10.471865 20.359408 8
6.978479 6.925061 5.035122 7
1.559897 1.628161 10.000480 7
1.088172 3.668739 25.036081 7
6.506754 8.965639 20.070724 7
7.151622 9.163849 5.797127 7
1.386753 3.866949 9.238475 7
0.915028 1.429951 24.274077 7
6.679898 6.726851 20.832729 7
7.620354 8.182651 5.153001 6
0.918021 2.885751 9.882600 6
0.446297 2.411149 24.918202 6
7.148629 7.708049 20.188603 6
7.672428 6.014100 4.211171 6
0.865947 0.717200 10.824431 6
0.394222 4.579700 25.860032 6
7.200703 9.876600 19.246773 6
7.361494 5.132696 4.041570 1
1.176881 10.429596 10.994032 1
0.705156 5.461104 26.029634 1
6.889770 0.164204 19.077172 1
8.791539 6.489762 3.692443 6
-0.253163 1.192862 11.343159 6
-0.724888 4.104038 26.378761 6
8.319814 9.400938 18.728045 6
0.347358 5.991853 3.115377 1
8.191018 0.694953 11.920225 1
7.719293 4.601947 26.955827 1
-0.124367 9.898847 18.150979 1
7.856391 10.375568 5.900572 6
0.681985 5.078668 9.135030 6
0.210260 0.218232 24.170632 6
7.384666 5.515132 20.936174 6
7.160051 0.956620 5.666317 6
1.378324 6.253520 9.369285 6
0.906599 9.637180 24.404887 6
6.688326 4.340280 20.701919 6
6.251437 0.915304 5.391767 1
2.286938 6.212204 9.643835 1
1.815214 9.678496 24.679437 1
5.779712 4.381596 20.427369 1
7.767653 2.187620 5.828401 6
0.770722 7.484520 9.207201 6
0.298998 8.406180 24.242803 6
7.295928 3.109280 20.864003 6
7.279296 2.985333 5.656393 1
1.259079 8.282233 9.379208 1
0.787355 7.608467 24.414810 1
6.807571 2.311567 20.691995 1
0.077231 2.260717 6.240076 6
8.461144 7.557617 8.795526 6
7.989420 8.333083 23.831128 6
-0.394494 3.036183 21.275677 6
0.496941 3.103983 6.360060 1
8.041434 8.400883 8.675542 1
7.569709 7.489817 23.711144 1
0.025216 2.192917 21.395662 1
0.772697 1.108111 6.473428 6
7.765678 6.405011 8.562174 6
7.293953 9.485689 23.597776 6
0.300973 4.188789 21.509030 6
1.681406 1.155784 6.744971 1
6.856969 6.452684 8.290631 1
6.385244 9.438016 23.326233 1
1.209681 4.141116 21.780573 1
0.171120 10.466674 6.320366 6
8.367255 5.169774 8.715236 6
7.895531 0.127126 23.750838 6
-0.300605 5.424026 21.355968 6
0.664600 9.675318 6.501394 1
7.873775 4.378418 8.534208 1
7.402051 0.918482 23.569810 1
0.192875 6.215382 21.536996 1
5.756990 6.635956 5.672331 6
2.781385 1.339056 9.363271 6
2.309660 3.957844 24.398873 6
5.285265 9.254744 20.707933 6
4.131974 4.854079 6.004017 6
4.406401 10.150979 9.031585 6
3.934677 5.739721 24.067187 6
3.660249 0.442821 21.039618 6
2.905543 5.662386 5.635644 6
5.632832 0.365486 9.399958 6
5.161107 4.931414 24.435560 6
2.433819 10.228314 20.671246 6
2.796464 5.664505 4.661037 1
5.741911 0.367605 10.374565 1
5.270186 4.929295 25.410167 1
2.324739 10.226195 19.696638 1
3.012683 6.581928 5.954098 1
5.525692 1.285028 9.081504 1
5.053967 4.011872 24.117105 1
2.540959 9.308772 20.989700 1
2.114061 5.261940 6.050326 1
6.424315 10.558840 8.985276 1
5.952590 5.331860 24.020878 1
1.642336 0.034960 21.085928 1
4.368105 4.807466 7.495248 6
4.170270 10.104366 7.540354 6
3.698545 5.786334 22.575956 6
3.896380 0.489434 22.530849 6
3.628353 4.331805 7.926769 1
4.910022 9.628705 7.108833 1
4.438298 6.261995 22.144434 1
3.156628 0.965095 22.962371 1
4.420185 5.720652 7.845577 1
4.118190 0.423752 7.190025 1
3.646466 4.873148 22.225627 1
3.948460 10.170048 22.881179 1
5.209347 4.338161 7.677178 1
3.329028 9.635061 7.358424 1
2.857304 6.255639 22.394025 1
4.737622 0.958739 22.712780 1
4.053850 3.464173 5.421237 6
4.484525 8.761073 9.614365 6
4.012801 7.129627 24.649967 6
3.582125 1.832727 20.456839 6
4.015115 3.521379 4.444524 1
4.523260 8.818279 10.591078 1
4.051535 7.072421 25.626680 1
3.543390 1.775521 19.480126 1
3.248668 3.016055 5.755628 1
5.289707 8.312955 9.279973 1
4.817983 7.577745 24.315575 1
2.776943 2.280845 20.791230 1
4.846526 2.953551 5.686465 1
3.691849 8.250451 9.349137 1
3.220124 7.640249 24.384739 1
4.374802 2.343349 20.722067 1
