7.184534 1.178555 5.782252 8
-5.287624 6.830997 6.231569 8
6.598831 1.649629 6.155882 1
-4.701922 6.359923 5.857939 1
4.132567 0.108579 5.673767 8
-2.235658 7.900973 6.340054 8
4.708506 -0.090101 5.096263 1
-2.811596 8.099652 6.917558 1
5.724500 1.607832 3.954830 6
-3.827591 6.401720 8.058991 6
4.776043 2.270695 4.905243 6
-2.879134 5.738857 7.108578 6
2.309312 1.204507 7.639949 6
-0.412403 6.805045 4.373872 6
7.639001 0.519592 2.229645 6
-5.742091 7.489960 9.784176 6
3.062099 1.990979 6.667070 6
-1.165190 6.018573 5.346751 6
5.466952 1.568020 2.568194 6
-3.570043 6.441532 9.445626 6
6.925323 1.103402 4.454244 6
-5.028414 6.906150 7.559576 6
4.013301 1.468059 5.749574 6
-2.116392 6.541493 6.264246 6
1.281557 1.858443 8.376516 6
0.615352 6.151108 3.637304 6
2.865745 3.391756 6.620336 6
-0.968836 4.617796 5.393485 6
7.935105 0.557831 3.613757 6
-6.038195 7.451721 8.400063 6
4.606269 3.673611 4.936359 6
-2.709360 4.335941 7.077462 6
9.252009 0.105400 4.072685 6
-7.355099 7.904152 7.941135 6
4.196157 2.093069 1.986605 6
-2.299247 5.916483 10.027215 6
1.050347 3.259726 8.204238 6
0.846563 4.749825 3.809582 6
0.327553 3.673543 8.661965 1
1.569357 4.336009 3.351856 1
3.646391 4.196908 5.774563 6
-1.749481 3.812644 6.239258 6
3.506847 5.136298 5.781050 1
-1.609938 2.873253 6.232770 1
0.528128 1.134240 9.325128 6
1.368782 6.875312 2.688693 6
-0.169869 1.572593 9.798472 1
2.066778 6.436958 2.215349 1
2.564963 -0.145754 7.949545 6
-0.668053 8.155306 4.064275 6
3.262818 -0.604174 7.496624 1
-1.365909 8.613726 4.517197 1
5.407904 4.611123 4.105122 6
-3.510995 3.398428 7.908698 6
6.418670 1.022595 1.740803 6
-4.521761 6.986957 10.273018 6
6.247040 0.983718 0.807329 1
-4.350131 7.025834 11.206492 1
-1.247618 -0.324125 3.095962 6
3.144527 8.333677 8.917859 6
8.596504 -0.009163 1.304701 6
-6.699594 8.018715 10.709120 6
8.367451 -0.090868 0.386845 1
-6.470542 8.100419 11.626976 1
1.819934 -0.813287 8.897436 6
0.076976 8.822839 3.116385 6
2.019579 -1.722252 9.092059 1
-0.122670 9.731804 2.921761 1
9.815370 -0.391840 1.721580 6
-7.918460 8.401392 10.292240 6
5.624304 10.149973 1.084848 1
-3.727395 -2.140421 10.928973 1
6.791846 4.491509 3.972970 6
-4.894937 3.518043 8.040850 6
7.241541 3.757535 4.373031 1
-5.344632 4.252016 7.640790 1
-1.761350 0.084639 5.417032 6
3.658259 7.924912 6.596789 6
-2.373840 0.328510 6.100618 1
4.270749 7.681042 5.913202 1
2.953266 1.583600 2.365521 6
-1.056357 6.425952 9.648299 6
2.902775 0.927540 3.050309 1
-1.005866 7.082011 8.963512 1
1.833637 3.996900 7.411326 6
0.063272 4.012651 4.602495 6
1.703984 4.937478 7.371680 1
0.192925 3.072074 4.642140 1
0.051950 -0.694001 3.486411 6
1.844959 8.703553 8.527410 6
-4.146230 9.888293 2.825651 1
6.043139 -1.878741 9.188170 1
1.792551 2.025578 1.754018 6
0.104358 5.983974 10.259803 6
0.953086 1.664013 2.013516 1
0.943823 6.345539 10.000304 1
3.074424 3.517608 0.400060 6
-1.177515 4.491944 11.613760 6
-1.609109 1.334077 11.743510 1
3.506018 6.675475 0.270311 1
0.781725 -0.185531 9.575015 6
1.115185 8.195083 2.438806 6
0.256162 -0.666276 10.203338 1
1.640748 8.675828 1.810483 1
-0.482601 -0.279817 5.761828 6
2.379510 8.289369 6.251992 6
-0.224306 -0.275486 6.676080 1
2.121215 8.285037 5.337740 1
4.243132 3.073568 1.001953 6
-2.346223 4.935984 11.011868 6
5.079035 3.441938 0.741253 1
-3.182126 4.567614 11.272568 1
4.785780 5.704050 3.506834 6
-2.888871 2.305502 8.506986 6
3.843889 5.800659 3.584924 1
-1.946979 2.208892 8.428897 1
5.506328 6.650435 2.802824 6
-3.609419 1.359117 9.210996 6
5.062999 7.391673 2.408771 1
-3.166089 0.617879 9.605050 1
1.853625 2.987720 0.768885 6
0.043285 5.021831 11.244936 6
1.058157 3.285189 0.344797 1
0.838752 4.724363 11.669024 1
-3.919520 5.438006 3.259350 6
5.816429 2.571546 8.754471 6
-2.978518 5.344997 3.175253 1
4.875427 2.664555 8.838568 1
0.440741 -0.654270 4.791112 6
1.456169 8.663822 7.222709 6
1.331129 -0.880653 5.034992 1
0.565780 8.890205 6.978828 1
6.879896 6.510121 2.675478 6
-4.982987 1.499431 9.338343 6
-4.057846 7.152228 2.186515 1
5.954755 0.857324 9.827305 1
-1.449197 5.807727 0.611503 6
3.346106 2.201825 11.402317 6
-1.318341 4.647165 1.069230 6
3.215250 3.362386 10.944591 6
9.344452 3.448241 0.783301 6
-7.447543 4.561311 11.230519 6
9.204252 4.669293 0.285929 6
-7.307342 3.340259 11.727892 6
-1.565643 6.974229 0.133353 6
3.462552 1.035323 11.880467 6
