0.478807 3.630350 3.612597 8
3.388375 1.319722 5.883742 8
-0.668767 1.984700 2.624123 8
4.535950 2.965372 6.872216 8
5.581009 -0.785790 3.784766 8
-1.713826 5.735862 5.711573 8
5.435188 7.265199 0.411191 8
-1.568005 -2.315127 9.085148 8
0.519495 4.337993 2.366488 6
3.347687 0.612079 7.129851 6
1.074208 5.038226 2.478545 1
2.792975 -0.088154 7.017795 1
-0.328727 4.446039 1.994231 1
4.195909 0.504033 7.502108 1
0.963864 3.808736 1.652363 1
2.903318 1.141336 7.843976 1
-0.167873 2.468478 3.609464 6
4.035055 2.481594 5.886876 6
-0.219671 1.843531 4.948162 6
4.086853 3.106541 4.548177 6
0.113160 2.551998 6.101208 6
3.754022 2.398074 3.395131 6
0.411645 3.419564 5.966550 1
3.455538 1.530508 3.529789 1
-0.005160 1.966161 7.342664 6
3.872343 2.983911 2.153675 6
0.234672 2.463699 8.090881 1
3.632511 2.486373 1.405458 1
-0.475985 0.687663 7.462983 6
4.343168 4.262409 2.033356 6
-0.567047 0.219211 8.347282 1
4.434229 4.730860 1.149057 1
-0.814064 -0.034546 6.337477 6
4.681246 4.984618 3.158862 6
-1.123668 -0.939264 6.436619 1
4.990850 5.889336 3.059720 1
-0.680007 0.530965 5.075698 6
4.547190 4.419107 4.420641 6
-1.019770 -0.340551 3.903850 6
4.886953 5.290623 5.592489 6
0.066949 -0.749516 2.977482 6
3.800233 5.699587 6.518857 6
1.390502 -0.785138 3.402538 6
2.476680 5.735210 6.093801 6
1.612648 -0.517576 4.317985 1
2.254534 5.467648 5.178354 1
2.188560 7.949673 2.561543 6
1.678623 -2.999601 6.934797 6
3.308068 -1.260446 2.884038 1
0.559114 6.210518 6.612301 1
1.880793 7.543304 1.289793 6
1.986389 -2.593232 8.206546 6
2.562966 7.245191 0.719823 1
1.304217 -2.295119 8.776517 1
0.574716 7.560840 0.845364 6
3.292466 -2.610768 8.650975 6
-3.311883 3.074381 9.465001 1
7.179066 1.875691 0.031338 1
-0.442340 8.003663 1.677623 6
4.309523 -3.053591 7.818716 6
5.898085 8.092054 1.149817 6
-2.030902 -3.141982 8.346522 6
5.529893 -0.222869 1.427300 1
-1.662711 5.172941 8.069039 1
