3.975352 6.180229 2.883484 8
2.921930 3.910301 1.543326 8
6.127032 0.048198 8.724245 8
6.081373 0.258333 5.412101 8
-0.378975 0.416790 4.988112 1
6.098210 0.895838 6.137059 1
6.106499 2.440046 7.277319 7
1.342398 0.818062 4.179739 7
3.537835 0.782592 4.434842 7
4.391537 0.557141 4.801291 1
0.706171 7.378102 1.539122 6
0.151284 8.135897 1.573030 1
1.917041 7.382989 2.224847 6
2.172375 8.160239 2.688349 1
2.766844 6.275432 2.249881 6
2.323525 5.158471 1.567612 6
1.856510 2.985557 1.068894 6
2.262364 2.251553 0.542714 1
1.122919 2.413849 2.255019 6
-0.185371 2.611532 2.418207 6
6.673486 2.204166 3.160072 1
6.211471 3.428135 1.518852 6
6.106962 4.322581 1.904637 1
5.323992 3.015544 1.475883 1
5.574708 2.463683 8.656896 6
4.605484 2.270379 8.598421 1
6.263223 6.103426 0.052777 6
5.650434 4.551186 8.736668 1
5.523226 6.200944 0.688434 1
0.303529 6.261297 0.800900 6
1.166357 5.190719 0.833781 6
0.991079 3.870763 0.146467 6
6.765822 3.561411 0.097894 6
1.029557 1.666280 8.060751 6
1.979863 1.901715 8.102412 1
0.952781 0.787303 7.634427 1
0.286418 2.700677 7.228372 6
0.471750 3.597972 7.575578 1
0.597311 2.662304 6.299593 1
5.384917 3.333062 6.380860 6
4.435211 3.143171 6.432236 1
5.693697 3.196791 5.471977 1
5.545950 4.253019 6.642409 1
4.456383 7.351625 3.539318 6
5.343392 7.182887 3.893343 1
3.857253 7.584651 4.265116 1
4.495507 8.084699 2.905061 1
1.915702 1.641461 3.224431 6
2.354849 0.338152 4.870882 6
2.256386 -0.254444 5.594345 1
3.271936 1.616195 3.381547 6
3.903379 2.082543 2.864895 1
4.838581 -0.541754 8.538639 6
4.572482 -0.473940 7.597997 1
4.174046 -0.068968 9.082287 1
4.900908 -1.965837 8.944974 6
5.861538 0.252597 0.485734 1
4.681321 7.037683 8.310717 1
2.749131 6.817030 9.010361 6
3.415548 8.216130 0.090608 1
3.491924 0.128825 0.257813 1
2.023666 6.603319 7.698880 6
0.738452 7.080141 7.509257 6
1.117133 -1.904172 8.189284 1
0.046867 6.830600 6.333221 6
-0.820809 7.173955 6.216458 1
0.627293 6.084735 5.341203 6
0.158605 5.910506 4.545347 1
1.899841 5.590685 5.515880 6
2.302059 5.070105 4.845194 1
2.580186 5.865227 6.678839 6
3.454961 5.537843 6.780656 1
