7.156946 0.149392 13.550631 35
1.788454 10.453308 2.238831 35
2.684246 5.151958 13.550631 35
6.261154 5.450742 2.238831 35
3.309709 9.818842 9.476347 35
5.635691 0.783858 20.788147 35
7.782409 6.085208 9.476347 35
1.162991 4.517492 20.788147 35
2.736487 10.482783 13.987946 35
6.208913 0.119917 2.676146 35
7.209187 5.421267 13.987946 35
1.736213 5.181433 2.676146 35
7.678105 9.580282 17.914950 35
1.267295 1.022418 6.603150 35
3.205405 6.323768 17.914950 35
5.739995 4.278932 6.603150 35
3.465448 2.209603 9.273414 8
5.479952 8.393097 20.585214 8
7.938148 3.091747 9.273414 8
1.007252 7.510953 20.585214 8
2.447461 3.836057 8.212367 8
6.497939 6.766643 19.524167 8
6.920161 1.465293 8.212367 8
2.025239 9.137407 19.524167 8
3.906456 5.777411 9.510961 8
5.038944 4.825289 20.822761 8
8.379156 10.126639 9.510961 8
0.566244 0.476061 20.822761 8
3.188141 5.811340 8.999668 1
5.757259 4.791360 20.311468 1
7.660841 10.092710 8.999668 1
1.284559 0.509990 20.311468 1
5.038049 9.215867 11.965622 8
3.907351 1.386833 0.653822 8
0.565349 6.688183 11.965622 8
8.380051 3.914517 0.653822 8
7.777131 1.969982 18.064945 8
1.168269 8.632718 6.753145 8
3.304431 3.331368 18.064945 8
5.640969 7.271332 6.753145 8
6.788664 3.591134 19.153140 8
2.156736 7.011566 7.841340 8
2.315964 1.710216 19.153140 8
6.629436 8.892484 7.841340 8
8.228873 5.552634 17.811560 8
0.716527 5.050066 6.499760 8
3.756173 10.351416 17.811560 8
5.189227 0.251284 6.499760 8
7.734193 5.771050 18.560401 1
1.211207 4.831650 7.248601 1
3.261493 10.133000 18.560401 1
5.683907 0.469700 7.248601 1
1.088655 8.875520 16.012984 8
7.856745 1.727180 4.701184 8
5.561355 7.028530 16.012984 8
3.384045 3.574170 4.701184 8
3.274911 3.521157 9.047178 6
5.670489 7.081543 20.358978 6
7.747611 1.780193 9.047178 6
1.197789 8.822507 20.358978 6
4.076419 4.486002 9.782445 6
4.868981 6.116698 21.094245 6
8.549119 0.815348 9.782445 6
0.396281 9.787352 21.094245 6
4.956646 4.062955 10.705488 6
3.988754 6.539745 22.017288 6
0.483946 1.238395 10.705488 6
8.461454 9.364305 22.017288 6
5.488003 4.687454 11.164747 1
3.457397 5.915246 22.476547 1
1.015303 0.613896 11.164747 1
7.930097 9.988804 22.476547 1
5.960320 2.152348 11.963360 6
2.985080 8.450352 0.651560 6
1.487620 3.149002 11.963360 6
7.457780 7.453698 0.651560 6
6.535509 2.724894 12.436193 1
2.409891 7.877806 1.124393 1
2.062809 2.576456 12.436193 1
6.882591 8.026244 1.124393 1
5.967476 0.790961 12.216744 6
2.977924 9.811739 0.904944 6
1.494776 4.510389 12.216744 6
7.450624 6.092311 0.904944 6
5.165968 10.513637 11.560660 6
3.779431 0.089063 0.248860 6
0.693269 5.390413 11.560660 6
8.252131 5.212287 0.248860 6
4.347464 0.381697 10.529023 6
4.597936 10.221003 21.840823 6
8.820164 4.919653 10.529023 6
0.125236 5.683047 21.840823 6
4.319734 1.751566 10.282426 6
4.625666 8.851134 21.594226 6
8.792434 3.549784 10.282426 6
0.152966 7.052916 21.594226 6
5.090827 2.666579 10.997332 6
3.854573 7.936121 22.309132 6
0.618127 2.634771 10.997332 6
8.327273 7.967929 22.309132 6
5.925433 8.291311 11.286914 6
3.019967 2.311389 22.598714 6
1.452733 7.612739 11.286914 6
7.492667 2.989961 22.598714 6
5.779623 8.347506 10.329936 1
3.165777 2.255194 21.641736 1
1.306923 7.556544 10.329936 1
7.638477 3.046156 21.641736 1
5.744736 7.387961 11.590070 1
3.200664 3.214739 0.278270 1
1.272036 8.516089 11.590070 1
7.673364 2.086611 0.278270 1
6.845915 8.521390 11.488264 1
2.099485 2.081310 0.176464 1
2.373215 7.382660 11.488264 1
6.572185 3.220040 0.176464 1
7.597328 3.294259 18.329641 6
1.348072 7.308441 7.017841 6
3.124628 2.007091 18.329641 6
5.820772 8.595609 7.017841 6
8.421200 4.235779 17.549127 6
0.524200 6.366921 6.237327 6
3.948500 1.065571 17.549127 6
4.996900 9.537129 6.237327 6
0.354238 3.816972 16.648707 6
8.591162 6.785728 5.336907 6
4.826938 1.484378 16.648707 6
4.118462 9.118322 5.336907 6
0.882016 4.440411 16.184923 1
8.063384 6.162289 4.873123 1
5.354716 0.860939 16.184923 1
3.590684 9.741761 4.873123 1
1.410690 1.896823 15.445132 6
7.534710 8.705877 4.133332 6
5.883390 3.404527 15.445132 6
3.062010 7.198173 4.133332 6
1.954570 2.475730 14.940625 1
6.990830 8.126970 3.628825 1
6.427270 2.825620 14.940625 1
2.518130 7.777080 3.628825 1
1.501038 0.551340 15.270930 6
7.444362 10.051360 3.959130 6
5.973738 4.750010 15.270930 6
2.971662 5.852690 3.959130 6
0.720105 10.231606 16.015246 6
8.225295 0.371095 4.703446 6
5.192805 5.672445 16.015246 6
3.752595 4.930255 4.703446 6
8.751285 0.159041 16.933765 6
0.194115 10.443660 5.621965 6
4.278585 5.142309 16.933765 6
4.666815 5.460391 5.621965 6
8.671671 1.517246 17.110229 6
0.273729 9.085454 5.798429 6
4.198971 3.784104 17.110229 6
4.746429 6.818596 5.798429 6
0.503626 2.421657 16.381749 6
8.441774 8.181043 5.069949 6
4.976326 2.879693 16.381749 6
3.969074 7.723007 5.069949 6
0.284464 8.042148 15.198534 6
8.660936 2.560552 3.886734 6
4.757164 7.861902 15.198534 6
4.188236 2.740798 3.886734 6
0.603815 7.128195 15.255093 1
8.341585 3.474505 3.943293 1
5.076515 8.775855 15.255093 1
3.868885 1.826845 3.943293 1
0.332769 8.345385 14.277754 1
8.612631 2.257315 2.965954 1
4.805469 7.558665 14.277754 1
4.139931 3.044035 2.965954 1
8.310277 8.082438 15.503953 1
0.635123 2.520262 4.192153 1
3.837577 7.821612 15.503953 1
5.107823 2.781088 4.192153 1
0.402543 9.052585 15.327489 8
8.542857 1.550115 4.015689 8
4.875243 6.851465 15.327489 8
4.070157 3.751235 4.015689 8
1.127120 8.047449 16.012984 6
7.818280 2.555251 4.701184 6
5.599820 7.856601 16.012984 6
3.345580 2.746099 4.701184 6
0.966103 7.186510 15.596710 1
7.979297 3.416190 4.284910 1
5.438803 8.717540 15.596710 1
3.506597 1.885160 4.284910 1
0.848024 8.016701 16.940552 1
8.097376 2.585999 5.628752 1
5.320724 7.887349 16.940552 1
3.624676 2.715351 5.628752 1
2.078911 8.251021 15.969999 1
6.866489 2.351679 4.658199 1
6.551611 7.653029 15.969999 1
2.393789 2.949671 4.658199 1
