1.873721 14.178407 3.100624 1
3.136229 0.307093 10.715124 1
8.146179 6.935657 4.513876 1
6.883671 7.549843 12.128376 1
7.064030 3.302694 5.374314 1
7.965820 11.182806 12.988814 1
2.955870 10.545444 2.240186 1
2.054080 3.940056 9.854686 1
5.145519 2.546696 4.902520 8
9.884331 11.938804 12.517020 8
4.874381 9.789446 2.711980 8
0.135569 4.696054 10.326480 8
7.745884 2.828873 4.997701 8
7.283966 11.656627 12.612201 8
2.274016 10.071623 2.616799 8
2.735934 4.413877 10.231299 8
1.804183 14.199701 3.993044 8
3.205767 0.285799 11.607544 8
8.215717 6.956951 3.621456 8
6.814133 7.528549 11.235956 8
0.365827 13.851904 1.734431 7
4.644123 0.633596 9.348931 7
9.654073 6.609154 5.880069 7
5.375777 7.876346 13.494569 7
1.352687 2.557415 8.405647 7
3.657264 11.928085 0.791147 7
8.667213 9.800165 14.437853 7
6.362636 4.685335 6.823353 7
6.202118 13.815401 3.456526 6
8.827732 0.670099 11.071026 6
3.817782 6.572651 4.157974 6
1.192168 7.912849 11.772474 6
5.845610 13.031156 3.080827 1
9.184240 1.454344 10.695327 1
4.174290 5.788406 4.533673 1
0.835660 8.697094 12.148173 1
5.342210 0.316798 3.907914 6
9.687640 14.168702 11.522414 6
4.677690 7.559548 3.706586 6
0.332260 6.925952 11.321086 6
4.411762 0.197003 3.852937 1
0.598188 14.288497 11.467437 1
5.608138 7.439753 3.761563 1
9.421712 7.045747 11.376063 1
5.863746 1.470278 4.436512 6
9.166104 13.015222 12.051012 6
4.156154 8.713028 3.177988 6
0.853796 5.772472 10.792488 6
7.253706 1.641207 4.518444 6
7.776144 12.844293 12.132944 6
2.766194 8.883957 3.096056 6
2.243756 5.601543 10.710556 6
0.113726 1.636282 5.309134 6
4.896224 12.849218 12.923634 6
9.906174 8.879032 2.305366 6
5.123676 5.606468 9.919866 6
0.092183 2.575522 5.261619 1
4.917767 11.909978 12.876119 1
9.927717 9.818272 2.352881 1
5.102133 4.667228 9.967381 1
0.560213 1.076128 6.431054 6
4.449737 13.409372 14.045554 6
9.459687 8.318878 1.183446 6
5.570163 6.166622 8.797946 6
0.659710 14.073388 6.678526 6
4.350240 0.412112 14.293026 6
9.360190 6.830638 0.935974 6
5.669660 7.654862 8.550474 6
0.053105 13.861175 7.431752 1
4.956845 0.624325 15.046252 1
9.966795 6.618425 0.182748 1
5.063055 7.867075 7.797248 1
0.163725 13.276106 5.457921 6
4.846225 1.209394 13.072421 6
9.856175 6.033356 2.156579 6
5.173675 8.452144 9.771079 6
0.626244 12.412625 5.435230 1
4.383706 2.072875 13.049730 1
9.393656 5.169875 2.179270 1
5.636194 9.315625 9.793770 1
9.225322 13.097789 5.564677 1
5.804528 1.387711 13.179177 1
0.794578 5.855039 2.049823 1
4.215372 8.630461 9.664323 1
9.943348 13.143853 2.954883 6
5.086502 1.341647 10.569383 6
0.076552 5.901103 4.659617 6
4.933398 8.584397 12.274117 6
0.413822 12.285153 2.990976 1
4.596128 2.200347 10.605476 1
9.606078 5.042403 4.623524 1
5.423772 9.443097 12.238024 1
8.454291 12.823144 3.056613 6
6.575559 1.662356 10.671113 6
1.565609 5.580394 4.557887 6
3.444341 8.905106 12.172387 6
8.136159 12.545892 2.171655 1
6.893691 1.939608 9.786155 1
1.883741 5.303142 5.442845 1
3.126209 9.182358 13.057345 1
8.341567 12.060627 3.662574 1
6.688283 2.424873 11.277074 1
1.678333 4.817877 3.951925 1
3.331617 9.667623 11.566426 1
7.579153 13.958952 3.546834 6
7.450697 0.526548 11.161334 6
2.440747 6.716202 4.067666 6
2.569203 7.769298 11.682166 6
8.130748 0.640259 4.099190 6
6.899102 13.845241 11.713690 6
1.889152 7.883009 3.515310 6
3.120798 6.602491 11.129810 6
9.659184 0.852617 4.109546 6
5.370666 13.632883 11.724046 6
0.360716 8.095367 3.504954 6
4.649234 6.390133 11.119454 6
0.383963 13.979666 4.140156 6
4.625987 0.505834 11.754656 6
9.635937 6.736916 3.474344 6
5.393913 7.748584 11.088844 6
0.015330 1.571242 2.796044 6
4.994620 12.914258 10.410544 6
10.004570 8.813992 4.818456 6
5.025280 5.671508 12.432956 6
9.514897 2.397350 2.715331 1
5.514953 12.088150 10.329831 1
0.505003 9.640100 4.899169 1
4.504947 4.845400 12.513669 1
0.964916 1.810688 2.815842 1
4.045034 12.674812 10.430342 1
9.054984 9.053437 4.798658 1
5.974866 5.432062 12.413158 1
9.763391 0.685744 1.596151 6
5.266459 13.799756 9.210651 6
0.256509 7.928494 6.018349 6
4.753441 6.557006 13.632849 6
8.795468 0.576523 1.489396 1
6.234382 13.908977 9.103896 1
1.224432 7.819273 6.125104 1
3.785518 6.666227 13.739604 1
0.088175 1.121178 0.788862 1
4.921775 13.364322 8.403362 1
9.931725 8.363928 6.825638 1
5.098125 6.121572 14.440138 1
0.170338 13.039992 0.533167 6
4.839612 1.445508 8.147667 6
9.849562 5.797242 7.081333 6
5.180288 8.688258 14.695833 6
0.591174 12.175063 0.654847 1
4.418776 2.310437 8.269347 1
9.428726 4.932313 6.959653 1
5.601124 9.553187 14.574153 1
0.569130 13.488898 15.000565 1
4.440820 0.996602 7.386065 1
9.450770 6.246148 7.842935 1
5.579080 8.239352 0.228435 1
9.240352 12.918169 0.376156 1
5.789498 1.567331 7.990656 1
0.779548 5.675419 7.238344 1
4.230402 8.810081 14.852844 1
3.730609 2.432985 4.957496 6
1.279341 12.052515 12.571996 6
6.289291 9.675735 2.657004 6
8.740559 4.809765 10.271504 6
3.371696 2.421976 4.057006 1
1.638254 12.063524 11.671506 1
6.648204 9.664726 3.557494 1
8.381646 4.820774 11.171994 1
3.363680 3.189707 5.441322 1
1.646270 11.295793 13.055822 1
6.656220 10.432457 2.173178 1
8.373630 4.053043 9.787678 1
3.489931 1.610788 5.412387 1
1.520019 12.874712 13.026887 1
6.529969 8.853538 2.202113 1
8.499881 5.631962 9.816613 1
0.992972 1.920343 7.520537 6
4.016978 12.565157 15.135037 6
9.026928 9.163093 0.093963 6
6.002922 5.322407 7.708463 6
2.085141 13.675036 7.117578 6
2.924809 0.810464 14.732078 6
7.934759 6.432286 0.496922 6
7.095091 8.053214 8.111422 6
2.705373 13.816270 6.371814 1
2.304577 0.669230 13.986314 1
7.314527 6.573520 1.242686 1
7.715323 7.911980 8.857186 1
2.368704 14.250835 7.858164 1
2.641246 0.234665 0.243664 1
7.651196 7.008085 14.985336 1
7.378654 7.477415 7.370836 1
2.153277 12.227066 7.557087 6
2.856673 2.258434 15.171587 6
7.866623 4.984316 0.057413 6
7.163227 9.501184 7.671913 6
2.808578 11.277976 6.808886 6
2.201372 3.207524 14.423386 6
7.211322 4.035226 0.805614 6
7.818528 10.450274 8.420114 6
3.261477 11.533355 6.024592 1
1.748473 2.952145 13.639092 1
6.758423 4.290605 1.589908 1
8.271427 10.194895 9.204408 1
2.804570 9.932707 7.203317 6
2.205380 4.552793 14.817817 6
7.215330 2.689957 0.411183 6
7.814520 11.795543 8.025683 6
3.262479 9.292448 6.690100 1
1.747471 5.193052 14.304600 1
6.757421 2.049698 0.924400 1
8.272429 12.435802 8.538900 1
2.136243 9.550290 8.334832 6
2.873707 4.935210 0.720332 6
7.883657 2.307540 14.508668 6
7.146193 12.177960 6.894168 6
2.116203 8.646395 8.587633 1
2.893747 5.839105 0.973133 1
7.903697 1.403645 14.255867 1
7.126153 13.081855 6.641367 1
1.498977 10.488951 9.093236 6
3.510973 3.996549 1.478736 6
8.520923 3.246201 13.750264 6
6.508927 11.239299 6.135764 6
1.052089 10.229660 9.879052 1
3.957861 4.255840 2.264552 1
8.967811 2.986910 12.964448 1
6.062040 11.498590 5.349948 1
1.504989 11.820168 8.713882 6
3.504961 2.665332 1.099382 6
8.514911 4.577418 14.129618 6
6.514939 9.908082 6.515118 6
1.064113 12.457530 9.247049 1
3.945837 2.027970 1.632549 1
8.955787 5.214780 13.596451 1
6.074063 9.270720 5.981951 1
