-0.073389 8.664687 2.306955 8
3.015071 2.897687 6.297874 8
5.956753 2.869313 14.902704 8
2.868293 8.636313 10.911784 8
7.189688 7.744274 4.029641 8
4.076993 1.977274 4.575188 8
-1.306325 3.789726 13.180017 8
1.806370 9.556726 12.634471 8
6.031152 7.356847 5.887596 8
5.235530 1.589847 2.717233 8
-0.147788 4.177153 11.322062 8
0.647834 9.944153 14.492425 8
0.115501 3.135633 7.529914 8
2.826180 8.902633 1.074915 8
5.767862 8.398367 9.679744 8
3.057183 2.631367 16.134743 8
6.724249 3.181308 6.113215 8
4.542432 8.948308 2.491614 8
-0.840886 8.352692 11.096443 8
1.340931 2.585692 14.718044 8
7.118628 10.106091 3.896783 6
4.148054 4.339091 4.708046 6
-1.235264 1.427909 13.312875 6
1.735310 7.194909 12.501612 6
6.545839 10.602053 3.274998 1
4.720843 4.835053 5.329831 1
-0.662475 0.931947 13.934660 1
1.162521 6.698947 11.879827 1
6.313404 9.651651 5.118669 6
4.953278 3.884651 3.486160 6
-0.430040 1.882349 12.090990 6
0.930086 7.649349 13.723498 6
5.372173 9.905399 5.016615 1
5.894509 4.138399 3.588214 1
0.511191 1.628601 12.193043 1
-0.011145 7.395601 13.621444 1
6.899421 10.274487 6.427635 6
4.367261 4.507487 2.177194 6
-1.016057 1.259513 10.782023 6
1.516103 7.026513 15.032464 6
6.411235 9.991904 7.228056 1
4.855447 4.224904 1.376773 1
-0.527872 1.542096 9.981602 1
1.027917 7.309096 15.832886 1
0.005910 9.829967 6.442263 6
2.935771 4.062967 2.162566 6
5.877453 1.704033 10.767395 6
2.947592 7.471033 15.047093 6
0.925597 9.118780 7.406176 6
2.016085 3.351780 1.198653 6
4.957767 2.415220 9.803482 6
3.867279 8.182220 16.011006 6
0.496707 8.532853 8.064446 1
2.444975 2.765853 0.540383 1
5.386657 3.001147 9.145212 1
3.438389 8.768147 16.669275 1
1.895172 10.198363 7.971514 6
1.046510 4.431363 0.633315 6
3.988192 1.335637 9.238145 6
4.836853 7.102637 16.576343 6
1.404581 10.953840 8.331196 1
1.537100 5.186840 0.273634 1
4.478782 0.580160 8.878463 1
4.346263 6.347160 16.936025 1
2.461697 9.829275 8.666784 1
-1.961651 4.062275 17.147703 1
3.421667 1.704725 8.542874 1
7.845015 7.471725 0.061955 1
2.731462 10.614740 6.736032 6
0.210220 4.847740 1.868797 6
3.151902 0.919260 10.473626 6
5.673143 6.686260 15.340861 6
3.673490 10.431350 6.873537 1
7.593191 4.664350 1.731292 1
2.209873 1.102650 10.336121 1
-1.709828 6.869650 15.478367 1
2.616375 0.023068 6.537949 1
0.325307 5.790068 2.066880 1
3.266989 11.510932 10.671709 1
5.558057 5.743932 15.142778 1
2.147595 9.727776 5.599679 6
0.794086 3.960776 3.005151 6
3.735768 1.806224 11.609980 6
5.089277 7.573224 14.204508 6
2.700298 9.632043 4.796332 1
0.241383 3.865043 3.808497 1
3.183065 1.901957 12.413326 1
5.641980 7.668957 13.401161 1
0.724668 10.192019 5.383869 6
2.217013 4.425019 3.220960 6
5.158695 1.341981 11.825789 6
3.666350 7.108981 13.988699 6
-0.009589 10.997669 4.362820 6
2.951271 5.230669 4.242009 6
5.892953 0.536331 12.846838 6
2.932093 6.303331 12.967650 6
0.566765 11.264104 3.615749 1
2.374917 5.497104 4.989080 1
5.316599 0.269896 13.593909 1
3.508447 6.036896 12.220578 1
-0.707479 0.658591 5.010076 6
3.649161 6.425591 3.594753 6
6.590843 10.875409 12.199583 6
2.234203 5.108409 13.614905 6
7.204748 1.303342 4.398789 1
4.061934 7.070342 4.206040 1
-1.321384 10.230658 12.810870 1
1.821430 4.463658 13.003618 1
6.793815 0.238754 6.180332 6
4.472867 6.005754 2.424497 6
-0.910451 11.295246 11.029326 6
1.410496 5.528246 14.785162 6
5.900914 0.635523 6.253990 1
5.365767 6.402523 2.350839 1
-0.017551 10.898477 10.955668 1
0.517596 5.131477 14.858819 1
1.859010 8.435968 6.389774 6
1.082672 2.668968 2.215055 6
4.024354 3.098032 10.819884 6
4.800692 8.865032 14.994603 6
1.407459 7.762382 5.858168 1
1.534222 1.995382 2.746661 1
4.475904 3.771618 11.351491 1
4.349141 9.538618 14.462997 1
2.653943 8.061113 6.801257 1
0.287739 2.294113 1.803572 1
3.229421 3.472887 10.408401 1
5.595625 9.239887 15.406086 1
7.592926 8.840811 3.270523 6
3.673755 3.073811 5.334306 6
-1.709563 2.693189 13.939135 6
2.209608 8.460189 11.875353 6
6.449514 8.166072 5.109892 6
4.817167 2.399072 3.494937 6
-0.566151 3.367928 12.099767 6
1.066196 9.134928 13.714721 6
-0.353116 1.174161 6.385127 6
3.294798 6.941161 2.219702 6
6.236480 10.359839 10.824531 6
2.588566 4.592839 14.989957 6
0.448950 0.811994 6.816746 1
2.492731 6.578994 1.788083 1
5.434413 10.722006 10.392913 1
3.390632 4.955006 15.421575 1
-0.692258 2.583616 6.639658 6
3.633940 8.350616 1.965171 6
6.575621 8.950384 10.570000 6
2.249424 3.183384 15.244487 6
-0.078068 4.560544 7.802859 6
3.019750 10.327544 0.801970 6
5.961432 6.973456 9.406799 6
2.863614 1.206456 16.407688 6
-0.315903 5.025364 6.985400 1
3.257585 10.792364 1.619429 1
6.199266 6.508636 10.224258 1
2.625779 0.741636 15.590229 1
-0.797434 4.680497 8.443058 1
3.739116 10.447497 0.161771 1
6.680798 6.853503 8.766600 1
2.144248 1.086503 17.047887 1
1.163112 5.107255 8.343242 6
1.778570 10.874255 0.261587 6
4.720251 6.426745 8.866416 6
4.104794 0.659745 16.948071 6
1.372842 4.668963 9.171027 1
-0.872796 10.435963 16.643460 1
4.510522 6.865037 8.038631 1
6.756160 1.098037 0.566198 1
1.057887 6.049583 8.498129 1
1.883794 0.282583 0.106700 1
4.825476 5.484417 8.711529 1
3.999569 11.251417 17.102958 1
1.875774 4.964234 7.715090 1
1.065907 10.731234 0.889739 1
4.007589 6.569766 9.494568 1
4.817456 0.802766 16.319919 1
