12.271909 15.657689 0.897554 8
22.683491 7.645911 5.193304 8
1.820011 18.097809 3.045429 8
9.831789 5.205791 7.341179 8
0.620109 4.005889 5.193304 8
11.031691 19.297711 0.897554 8
13.471811 6.446009 7.341179 8
21.483589 16.857591 3.045429 8
11.031691 7.645911 7.693946 8
0.620109 15.657689 3.398196 8
21.483589 5.205791 5.546071 8
13.471811 18.097809 1.250321 8
22.683491 19.297711 3.398196 8
12.271909 4.005889 7.693946 8
9.831789 16.857591 1.250321 8
1.820011 6.446009 5.546071 8
12.744739 16.382431 1.090261 1
22.210661 6.921169 5.386011 1
1.095269 18.570639 3.238136 1
10.556531 4.732961 7.533886 1
1.092939 4.730631 5.386011 1
10.558861 18.572969 1.090261 1
12.747069 6.918839 7.533886 1
22.208331 16.384761 3.238136 1
10.558861 6.921169 7.501239 1
1.092939 16.382431 3.205489 1
22.208331 4.732961 5.353364 1
12.747069 18.570639 1.057614 1
22.210661 18.572969 3.205489 1
12.744739 4.730631 7.501239 1
10.556531 16.384761 1.057614 1
1.095269 6.918839 5.353364 1
14.344065 14.575237 0.298039 6
20.611335 8.728363 4.593789 6
2.902463 20.169965 2.445914 6
8.749337 3.133635 6.741664 6
2.692265 2.923437 4.593789 6
8.959535 20.380163 0.298039 6
14.554263 8.518165 6.741664 6
20.401137 14.785435 2.445914 6
8.959535 8.728363 8.293461 6
2.692265 14.575237 3.997711 6
20.401137 3.133635 6.145586 6
14.554263 20.169965 1.849836 6
20.611335 20.380163 3.997711 6
14.344065 2.923437 8.293461 6
8.749337 14.785435 1.849836 6
2.902463 8.518165 6.145586 6
14.568712 13.867972 1.493632 6
20.386688 9.435628 5.789382 6
3.609728 20.394612 3.641507 6
8.042072 2.908988 7.937257 6
2.916912 2.216172 5.789382 6
8.734888 21.087428 1.493632 6
15.261528 8.742812 7.937257 6
19.693872 14.560788 3.641507 6
8.734888 9.435628 7.097868 6
2.916912 13.867972 2.802118 6
19.693872 2.908988 4.949993 6
15.261528 20.394612 0.654243 6
20.386688 21.087428 2.802118 6
14.568712 2.216172 7.097868 6
8.042072 14.560788 0.654243 6
3.609728 8.742812 4.949993 6
15.879306 13.559899 1.835230 6
19.076094 9.743701 6.130980 6
3.917801 21.705206 3.983105 6
7.733999 1.598394 8.278855 6
4.227506 1.908099 6.130980 6
7.424294 21.395501 1.835230 6
15.569601 10.053406 8.278855 6
19.385799 13.250194 3.983105 6
7.424294 9.743701 6.756270 6
4.227506 13.559899 2.460520 6
19.385799 1.598394 4.608395 6
15.569601 21.705206 0.312645 6
19.076094 21.395501 2.460520 6
15.879306 1.908099 6.756270 6
7.733999 13.250194 0.312645 6
3.917801 10.053406 4.608395 6
16.037538 13.084971 2.618689 1
18.917862 10.218629 6.914439 1
4.392729 21.863438 4.766564 1
7.259071 1.440162 0.470814 1
4.385738 1.433171 6.914439 1
7.266062 21.870429 2.618689 1
16.044529 10.211638 0.470814 1
18.910871 13.091962 4.766564 1
7.266062 10.218629 5.972811 1
4.385738 13.084971 1.677061 1
18.910871 1.440162 3.824936 1
16.044529 21.863438 8.120686 1
18.917862 21.870429 1.677061 1
16.037538 1.433171 5.972811 1
7.259071 13.091962 8.120686 1
4.392729 10.211638 3.824936 1
16.948475 13.932989 1.057614 6
18.006925 9.370611 5.353364 6
3.544711 22.774375 3.205489 6
8.107089 0.529225 7.501239 6
5.296675 2.281189 5.353364 6
6.355125 21.022411 1.057614 6
15.196511 11.122575 7.501239 6
19.758889 12.181025 3.205489 6
6.355125 9.370611 7.533886 6
5.296675 13.932989 3.238136 6
19.758889 0.529225 5.386011 6
15.196511 22.774375 1.090261 6
18.006925 21.022411 3.238136 6
16.948475 2.281189 7.533886 6
8.107089 12.181025 1.090261 6
3.544711 11.122575 5.386011 6
17.815602 13.721160 1.317936 1
17.139798 9.582440 5.613686 1
3.756540 0.337902 3.465811 1
7.895260 22.965698 7.761561 1
6.163802 2.069360 5.613686 1
5.487998 21.234240 1.317936 1
15.408340 11.989702 7.761561 1
19.547060 11.313898 3.465811 1
5.487998 9.582440 7.273564 1
6.163802 13.721160 2.977814 1
19.547060 22.965698 5.125689 1
15.408340 0.337902 0.829939 1
17.139798 21.234240 2.977814 1
17.815602 2.069360 7.273564 1
7.895260 11.313898 0.829939 1
3.756540 11.989702 5.125689 1
16.726392 14.613455 8.500430 6
18.229008 8.690145 4.204680 6
2.864245 22.552292 2.056805 6
8.787555 0.751308 6.352555 6
5.074592 2.961655 4.204680 6
6.577208 20.341945 8.500430 6
14.516045 10.900492 6.352555 6
20.439355 12.403108 2.056805 6
6.577208 8.690145 0.091070 6
5.074592 14.613455 4.386820 6
20.439355 0.751308 6.534695 6
14.516045 22.552292 2.238945 6
18.229008 20.341945 4.386820 6
16.726392 2.961655 0.091070 6
8.787555 12.403108 2.238945 6
2.864245 10.900492 6.534695 6
17.442745 14.867697 7.964321 1
17.512655 8.435903 3.668570 1
2.610003 23.268645 1.520695 1
9.041797 0.034955 5.816446 1
5.790945 3.215897 3.668570 1
5.860855 20.087703 7.964321 1
14.261803 11.616845 5.816446 1
20.693597 11.686755 1.520695 1
5.860855 8.435903 0.627180 1
5.790945 14.867697 4.922929 1
20.693597 0.034955 7.070804 1
14.261803 23.268645 2.775054 1
17.512655 20.087703 4.922929 1
17.442745 3.215897 0.627180 1
9.041797 11.686755 2.775054 1
2.610003 11.616845 7.070804 1
15.450753 14.928053 8.126356 6
19.504647 8.375547 3.830606 6
2.549647 21.276653 1.682731 6
9.102153 2.026947 5.978481 6
3.798953 3.276253 3.830606 6
7.852847 20.027347 8.126356 6
14.201447 9.624853 5.978481 6
20.753953 13.678747 1.682731 6
7.852847 8.375547 0.465144 6
3.798953 14.928053 4.760894 6
20.753953 2.026947 6.908769 6
14.201447 21.276653 2.613019 6
19.504647 20.027347 4.760894 6
15.450753 3.276253 0.465144 6
9.102153 13.678747 2.613019 6
2.549647 9.624853 6.908769 6
15.317456 15.394358 7.332845 1
19.637944 7.909242 3.037095 1
2.083342 21.143356 0.889220 1
9.568458 2.160244 5.184970 1
3.665656 3.742558 3.037095 1
7.986144 19.561042 7.332845 1
13.735142 9.491556 5.184970 1
21.220258 13.812044 0.889220 1
7.986144 7.909242 1.258655 1
3.665656 15.394358 5.554405 1
21.220258 2.160244 7.702280 1
13.735142 21.143356 3.406530 1
19.637944 19.561042 5.554405 1
15.317456 3.742558 1.258655 1
9.568458 13.812044 3.406530 1
2.083342 9.491556 7.702280 1
12.947014 14.966970 8.415117 6
22.008386 8.336630 4.119367 6
2.510730 18.772914 1.971492 6
9.141070 4.530686 6.267242 6
1.295214 3.315170 4.119367 6
10.356586 19.988430 8.415117 6
14.162530 7.121114 6.267242 6
20.792870 16.182486 1.971492 6
10.356586 8.336630 0.176383 6
1.295214 14.966970 4.472133 6
20.792870 4.530686 6.620008 6
14.162530 18.772914 2.324258 6
22.008386 19.988430 4.472133 6
12.947014 3.315170 0.176383 6
9.141070 16.182486 2.324258 6
2.510730 7.121114 6.620008 6
13.471112 13.414251 2.450554 6
21.484288 9.889349 6.746304 6
4.063449 19.297012 4.598429 6
7.588351 4.006588 0.302679 6
1.819312 1.762451 6.746304 6
9.832488 21.541149 2.450554 6
15.715249 7.645212 0.302679 6
19.240151 15.658388 4.598429 6
9.832488 9.889349 6.140946 6
1.819312 13.414251 1.845196 6
19.240151 4.006588 3.993071 6
15.715249 19.297012 8.288821 6
21.484288 21.541149 1.845196 6
13.471112 1.762451 6.140946 6
7.588351 15.658388 8.288821 6
4.063449 7.645212 3.993071 6
12.609578 13.693195 2.074847 1
22.345822 9.610405 6.370597 1
3.784505 18.435478 4.222722 1
7.867295 4.868122 8.518472 1
0.957778 2.041395 6.370597 1
10.694022 21.262205 2.074847 1
15.436305 6.783678 8.518472 1
19.519095 16.519922 4.222722 1
10.694022 9.610405 6.516653 1
0.957778 13.693195 2.220903 1
19.519095 4.868122 4.368778 1
15.436305 18.435478 0.073028 1
22.345822 21.262205 2.220903 1
12.609578 2.041395 6.516653 1
7.867295 16.519922 0.073028 1
3.784505 6.783678 4.368778 1
13.450605 11.886234 2.592915 6
21.504795 11.417366 6.888665 6
5.591466 19.276505 4.740790 6
6.060334 4.027095 0.445040 6
1.798805 0.234434 6.888665 6
9.852995 23.069166 2.592915 6
17.243266 7.624705 0.445040 6
17.712134 15.678895 4.740790 6
9.852995 11.417366 5.998585 6
1.798805 11.886234 1.702835 6
17.712134 4.027095 3.850710 6
17.243266 19.276505 8.146460 6
21.504795 23.069166 1.702835 6
13.450605 0.234434 5.998585 6
6.060334 15.678895 8.146460 6
5.591466 7.624705 3.850710 6
13.383257 11.484014 1.723455 1
21.572143 11.819586 6.019205 1
5.993686 19.209157 3.871330 1
5.658114 4.094443 8.167080 1
1.731457 23.135814 6.019205 1
9.920343 0.167786 1.723455 1
17.645486 7.557357 8.167080 1
17.309914 15.746243 3.871330 1
9.920343 11.819586 6.868045 1
1.731457 11.484014 2.572295 1
17.309914 4.094443 4.720170 1
17.645486 19.209157 0.424420 1
21.572143 0.167786 2.572295 1
13.383257 23.135814 6.868045 1
5.658114 15.746243 0.424420 1
5.993686 7.557357 4.720170 1
12.695801 11.623836 3.125588 1
22.259599 11.679764 7.421338 1
5.853864 18.521701 5.273463 1
5.797936 4.781899 0.977713 1
1.044001 23.275636 7.421338 1
10.607799 0.027964 3.125588 1
17.505664 6.869901 0.977713 1
17.449736 16.433699 5.273463 1
10.607799 11.679764 5.465912 1
1.044001 11.623836 1.170162 1
17.449736 4.781899 3.318037 1
17.505664 18.521701 7.613787 1
22.259599 0.027964 1.170162 1
12.695801 23.275636 5.465912 1
5.797936 16.433699 7.613787 1
5.853864 6.869901 3.318037 1
14.259473 11.593541 3.018194 1
20.695927 11.710059 7.313944 1
5.884159 20.085373 5.166069 1
5.767641 3.218227 0.870319 1
2.607673 23.245341 7.313944 1
9.044127 0.058259 3.018194 1
17.535959 8.433573 0.870319 1
17.419441 14.870027 5.166069 1
9.044127 11.710059 5.573306 1
2.607673 11.593541 1.277556 1
17.419441 3.218227 3.425431 1
17.535959 20.085373 7.721181 1
20.695927 0.058259 1.277556 1
14.259473 23.245341 5.573306 1
5.767641 14.870027 7.721181 1
5.884159 8.433573 3.425431 1
13.621420 14.075607 3.815915 6
21.333980 9.227993 8.111665 6
3.402093 19.447320 5.963790 6
8.249707 3.856280 1.668040 6
1.969620 2.423807 8.111665 6
9.682180 20.879793 3.815915 6
15.053893 7.795520 1.668040 6
19.901507 15.508080 5.963790 6
9.682180 9.227993 4.775585 6
1.969620 14.075607 0.479835 6
19.901507 3.856280 2.627710 6
15.053893 19.447320 6.923460 6
21.333980 20.879793 0.479835 6
13.621420 2.423807 4.775585 6
8.249707 15.508080 6.923460 6
3.402093 7.795520 2.627710 6
14.462214 13.821365 4.203821 1
20.493186 9.482235 8.499571 1
3.656335 20.288114 6.351696 1
7.995465 3.015486 2.055946 1
2.810414 2.169565 8.499571 1
8.841386 21.134035 4.203821 1
15.308135 8.636314 2.055946 1
19.647265 14.667286 6.351696 1
8.841386 9.482235 4.387679 1
2.810414 13.821365 0.091929 1
19.647265 3.015486 2.239804 1
15.308135 20.288114 6.535554 1
20.493186 21.134035 0.091929 1
14.462214 2.169565 4.387679 1
7.995465 14.667286 6.535554 1
3.656335 8.636314 2.239804 1
12.905534 13.791070 4.389397 1
22.049866 9.512530 0.093647 1
3.686630 18.731434 6.537272 1
7.965170 4.572166 2.241522 1
1.253734 2.139270 0.093647 1
10.398066 21.164330 4.389397 1
15.338430 7.079634 2.241522 1
19.616970 16.223966 6.537272 1
10.398066 9.512530 4.202103 1
1.253734 13.791070 8.497853 1
19.616970 4.572166 2.054228 1
15.338430 18.731434 6.349978 1
22.049866 21.164330 8.497853 1
12.905534 2.139270 4.202103 1
7.965170 16.223966 6.349978 1
3.686630 7.079634 2.054228 1
13.590660 15.030822 3.714105 1
21.364740 8.272778 8.009855 1
2.446878 19.416560 5.861980 1
9.204922 3.887040 1.566230 1
1.938860 3.379022 8.009855 1
9.712940 19.924578 3.714105 1
14.098678 7.764760 1.566230 1
20.856722 15.538840 5.861980 1
9.712940 8.272778 4.877395 1
1.938860 15.030822 0.581645 1
20.856722 3.887040 2.729520 1
14.098678 19.416560 7.025270 1
21.364740 19.924578 0.581645 1
13.590660 3.379022 4.877395 1
9.204922 15.538840 7.025270 1
2.446878 7.764760 2.729520 1
12.097132 13.751454 8.068278 6
22.858268 9.552146 3.772528 6
3.726246 17.923032 1.624653 6
7.925554 5.380568 5.920403 6
0.445332 2.099654 3.772528 6
11.206468 21.203946 8.068278 6
15.378046 6.271232 5.920403 6
19.577354 17.032368 1.624653 6
11.206468 9.552146 0.523222 6
0.445332 13.751454 4.818972 6
19.577354 5.380568 6.966847 6
15.378046 17.923032 2.671097 6
22.858268 21.203946 4.818972 6
12.097132 2.099654 0.523222 6
7.925554 17.032368 2.671097 6
3.726246 6.271232 6.966847 6
12.099229 13.138570 0.215647 1
22.856171 10.165030 4.511397 1
4.339130 17.925129 2.363522 1
7.312670 5.378471 6.659272 1
0.447429 1.486770 4.511397 1
11.204371 21.816830 0.215647 1
15.990930 6.273329 6.659272 1
18.964470 17.030271 2.363522 1
11.204371 10.165030 8.375853 1
0.447429 13.138570 4.080103 1
18.964470 5.378471 6.227978 1
15.990930 17.925129 1.932228 1
22.856171 21.816830 4.080103 1
12.099229 1.486770 8.375853 1
7.312670 17.030271 1.932228 1
4.339130 6.273329 6.227978 1
12.460435 13.318007 7.292465 1
22.494965 9.985593 2.996715 1
4.159693 18.286335 0.848840 1
7.492107 5.017265 5.144590 1
0.808635 1.666207 2.996715 1
10.843165 21.637393 7.292465 1
15.811493 6.634535 5.144590 1
19.143907 16.669065 0.848840 1
10.843165 9.985593 1.299035 1
0.808635 13.318007 5.594785 1
19.143907 5.017265 7.742660 1
15.811493 18.286335 3.446910 1
22.494965 21.637393 5.594785 1
12.460435 1.666207 1.299035 1
7.492107 16.669065 3.446910 1
4.159693 6.634535 7.742660 1
11.197380 14.031098 7.886138 1
0.454420 9.272502 3.590388 1
3.446602 17.023280 1.442513 1
8.205198 6.280320 5.738263 1
22.849180 2.379298 3.590388 1
12.106220 20.924302 7.886138 1
15.098402 5.371480 5.738263 1
19.856998 17.932120 1.442513 1
12.106220 9.272502 0.705362 1
22.849180 14.031098 5.001112 1
19.856998 6.280320 7.148987 1
15.098402 17.023280 2.853237 1
0.454420 20.924302 5.001112 1
11.197380 2.379298 0.705362 1
8.205198 17.932120 2.853237 1
3.446602 5.371480 7.148987 1
12.937460 15.907037 7.217461 6
22.017940 7.396563 2.921711 6
1.570663 18.763360 0.773836 6
10.081137 4.540240 5.069586 6
1.285660 4.255237 2.921711 6
10.366140 19.048363 7.217461 6
13.222463 7.111560 5.069586 6
21.732937 16.192040 0.773836 6
10.366140 7.396563 1.374039 6
1.285660 15.907037 5.669789 6
21.732937 4.540240 7.817664 6
13.222463 18.763360 3.521914 6
22.017940 19.048363 5.669789 6
12.937460 4.255237 1.374039 6
10.081137 16.192040 3.521914 6
1.570663 7.111560 7.817664 6
12.036309 16.175029 7.028706 1
22.919091 7.128571 2.732956 1
1.302671 17.862209 0.585081 1
10.349129 5.441391 4.880831 1
0.384509 4.523229 2.732956 1
11.267291 18.780371 7.028706 1
12.954471 6.210409 4.880831 1
22.000929 17.093191 0.585081 1
11.267291 7.128571 1.562794 1
0.384509 16.175029 5.858544 1
22.000929 5.441391 8.006419 1
12.954471 17.862209 3.710669 1
22.919091 18.780371 5.858544 1
12.036309 4.523229 1.562794 1
10.349129 17.093191 3.710669 1
1.302671 6.210409 8.006419 1
13.304025 15.454948 6.453076 1
21.651375 7.848652 2.157326 1
2.022752 19.129925 0.009451 1
9.629048 4.173675 4.305201 1
1.652225 3.803148 2.157326 1
9.999575 19.500452 6.453076 1
13.674552 7.478125 4.305201 1
21.280848 15.825475 0.009451 1
9.999575 7.848652 2.138424 1
1.652225 15.454948 6.434174 1
21.280848 4.173675 8.582049 1
13.674552 19.129925 4.286299 1
21.651375 19.500452 6.434174 1
13.304025 3.803148 2.138424 1
9.629048 15.825475 4.286299 1
2.022752 7.478125 8.582049 1
13.467150 16.683047 7.415324 1
21.488250 6.620553 3.119574 1
0.794653 19.293050 0.971699 1
10.857147 4.010550 5.267449 1
1.815350 5.031247 3.119574 1
9.836450 18.272353 7.415324 1
12.446453 7.641250 5.267449 1
22.508947 15.662350 0.971699 1
9.836450 6.620553 1.176176 1
1.815350 16.683047 5.471926 1
22.508947 4.010550 7.619801 1
12.446453 19.293050 3.324051 1
21.488250 18.272353 5.471926 1
13.467150 5.031247 1.176176 1
10.857147 15.662350 3.324051 1
0.794653 7.641250 7.619801 1
