3.344268 3.394021 8.901105 7
0.493231 8.991021 13.418617 7
9.166731 7.799979 5.978710 7
12.017768 2.202979 1.461198 7
3.025399 2.063054 9.136207 6
0.812101 7.660054 13.183516 6
9.485601 9.130946 5.743609 6
11.698899 3.533946 1.696299 6
2.981867 1.680219 9.982868 1
0.855632 7.277219 12.336855 1
9.529133 9.513781 4.896947 1
11.655367 3.916781 2.542960 1
2.788169 1.398131 8.005341 6
1.049331 6.995131 14.314382 6
9.722831 9.795869 6.874475 6
11.461669 4.198869 0.565433 6
2.970539 2.339546 6.947386 6
3.284961 7.936546 0.492522 6
9.540461 8.854454 7.932429 6
9.226039 3.257454 14.387293 6
2.892470 2.253352 5.535291 6
3.363030 7.850352 1.904616 6
9.618530 8.940648 9.344524 6
9.147970 3.343648 12.975199 6
2.663129 1.449623 5.127584 1
3.592371 7.046623 2.312323 1
9.847871 9.744377 9.752231 1
8.918629 4.147377 12.567492 1
3.155395 3.357081 4.780885 6
3.100105 8.954081 2.659023 6
9.355605 7.836919 10.098931 6
9.410895 2.239919 12.220792 6
3.130116 3.292155 3.852384 1
3.125384 8.889155 3.587523 1
9.380884 7.901845 11.027431 1
9.385616 2.304845 11.292292 1
3.461474 4.574988 5.368637 6
2.794026 10.171988 2.071270 6
9.049526 6.619012 9.511178 6
9.716974 1.022012 12.808545 6
3.595286 5.320508 4.829988 1
2.660214 10.917508 2.609920 1
8.915714 5.873492 10.049827 1
9.850786 0.276492 12.269896 1
3.572503 4.705958 6.752460 6
2.682997 10.302958 0.687447 6
8.938497 6.488042 8.127355 6
9.828003 0.891042 14.192368 6
3.795546 5.519761 7.143799 1
2.459954 11.116761 0.296108 1
8.715454 5.674239 7.736016 1
10.051046 0.077239 14.583707 1
3.335766 3.578722 7.520259 6
0.501733 9.175722 14.799464 6
9.175233 7.615278 7.359557 6
12.009266 2.018278 0.080351 6
3.711002 4.245884 9.951620 6
0.126498 9.842884 12.368102 6
8.799998 6.948116 4.928195 6
12.384502 1.351116 2.511713 6
3.545674 3.929094 11.088438 8
0.291826 9.526094 11.231284 8
8.965326 7.264906 3.791377 8
12.219174 1.667906 3.648531 8
4.214579 5.373120 9.471002 8
-0.377080 10.970120 12.848720 8
8.296420 5.820880 5.408813 8
12.888080 0.223880 2.031095 8
4.779805 6.396252 10.402479 6
-0.942305 0.799252 11.917244 6
7.731195 4.797748 4.477336 6
13.453305 10.394748 2.962571 6
5.916337 5.752597 11.180693 6
12.850163 0.155597 11.139030 6
6.594663 5.441403 3.699122 6
-0.339163 11.038403 3.740786 6
5.556793 5.125733 11.813085 1
13.209707 10.722733 10.506637 1
6.954207 6.068267 3.066730 1
-0.698707 0.471267 4.373178 1
6.409206 6.430953 11.647919 1
12.357293 0.833953 10.671803 1
6.101793 4.763047 3.231896 1
0.153706 10.360047 4.208012 1
6.500183 5.293643 10.573597 1
12.266316 10.890643 11.746126 1
6.010816 5.900357 4.306219 1
0.244684 0.303357 3.133689 1
5.324477 7.413786 9.402555 6
-1.486977 1.816786 12.917168 6
7.186523 3.780214 5.477260 6
13.997977 9.377214 1.962648 6
4.594919 7.813412 8.921937 1
-0.757420 2.216412 13.397786 1
7.916081 3.380588 5.957878 1
13.268419 8.977588 1.482030 1
5.911509 6.972743 8.785043 1
-2.074009 1.375743 13.534680 1
6.599491 4.221257 6.094772 1
14.585009 9.818257 1.345135 1
5.809398 8.096620 9.872757 1
-1.971899 2.499620 12.446965 1
6.701602 3.097380 5.007058 1
14.482898 8.694380 2.432850 1
3.692452 6.959310 11.241700 6
0.145047 1.362310 11.078022 6
8.818548 4.234690 3.638115 6
12.365952 9.831690 3.801793 6
3.388587 6.293267 11.862189 1
0.448912 0.696267 10.457534 1
9.122413 4.900733 3.017627 1
12.062087 10.497733 4.422281 1
2.961023 7.229085 10.680731 1
0.876477 1.632085 11.638991 1
9.549977 3.964915 4.199084 1
11.634523 9.561915 3.240824 1
4.022922 7.720502 11.725294 1
-0.185422 2.123502 10.594428 1
8.488078 3.473498 3.154521 1
12.696422 9.070498 4.285387 1
2.388219 11.143627 7.930941 6
1.449281 5.546627 14.388781 6
10.122781 0.050373 6.948874 6
11.061719 5.647373 0.491034 6
2.605745 10.719374 8.788019 1
1.231755 5.122374 13.531704 1
9.905255 0.474626 6.091796 1
11.279245 6.071626 1.348111 1
3.138689 10.410420 6.831323 6
3.116810 4.813420 0.608584 6
9.372310 0.783580 8.048492 6
9.394189 6.380580 14.271231 6
2.647730 10.014152 5.819496 8
3.607769 4.417152 1.620412 8
9.863269 1.179848 9.060319 8
8.903230 6.776848 13.259403 8
4.419620 10.363405 7.152727 8
1.835879 4.766405 0.287180 8
8.091379 0.830595 7.727088 8
10.675120 6.427595 14.592635 8
5.211471 10.130570 5.963830 6
1.044028 4.533570 1.476078 6
7.299528 1.063430 8.915985 6
11.466971 6.660430 13.403738 6
5.431411 8.798484 5.960854 6
0.824088 3.201484 1.479054 6
7.079588 2.395516 8.918961 6
11.686911 7.992516 13.400762 6
5.387194 9.593258 6.398321 6
0.868305 3.996258 1.041587 6
7.123805 1.600742 8.481495 6
11.642694 7.197742 13.838228 6
5.833419 10.460793 5.416253 6
0.422081 4.863793 2.023655 6
6.677581 0.733207 9.463562 6
12.088919 6.330207 12.856160 6
0.883448 10.989150 7.682449 6
2.954052 5.392150 14.637274 6
11.627552 0.204850 7.197367 6
9.556948 5.801850 0.242541 6
0.225403 0.747759 7.276230 8
6.030097 6.344759 0.163678 8
12.285597 10.446241 7.603586 8
6.480902 4.849241 14.716137 8
0.262455 9.800347 7.957725 7
3.575044 4.203347 14.361998 7
12.248544 1.393653 6.922090 7
8.935955 6.990653 0.517818 7
-0.697880 9.850720 7.767264 1
4.535380 4.253720 14.552459 1
13.208880 1.343280 7.112552 1
7.975620 6.940280 0.327356 1
0.832262 8.632813 8.383288 6
3.005238 3.035813 13.936435 6
11.678738 2.561187 6.496527 6
9.505762 8.158187 0.943380 6
2.034141 8.468261 8.456199 8
1.803358 2.871261 13.863524 8
10.476859 2.725739 6.423616 8
10.707641 8.322739 1.016291 8
-0.122036 7.535801 8.734452 6
3.959536 1.938801 13.585271 6
12.633036 3.658199 6.145364 6
8.551464 9.255199 1.294544 6
0.425817 6.278715 8.936817 6
3.411682 0.681715 13.382906 6
12.085182 4.915285 5.942998 6
9.099317 10.512285 1.496909 6
1.342804 6.152222 8.852002 1
2.494695 0.555222 13.467721 1
11.168195 5.041778 6.027813 1
10.016304 10.638778 1.412094 1
-0.377340 5.228717 9.258221 6
4.214840 10.825717 13.061502 6
12.888340 5.965283 5.621594 6
8.296160 0.368283 1.818313 6
-0.000256 4.389167 9.390651 1
3.837756 9.986167 12.929071 1
12.511256 6.804833 5.489164 1
8.673244 1.207833 1.950744 1
13.220341 5.383195 9.384699 6
5.546159 10.980195 12.935023 6
-0.709341 5.810805 5.495116 6
6.964841 0.213805 1.944792 6
12.685156 6.614535 9.177870 6
6.081344 1.017535 13.141853 6
-0.174156 4.579465 5.701945 6
6.429656 10.176465 1.737962 6
11.765383 6.729833 9.252269 1
7.001117 1.132833 13.067454 1
0.745617 4.464167 5.627546 1
5.509883 10.061167 1.812361 1
13.468948 7.686920 8.865394 6
5.297552 2.089920 13.454329 6
-0.957948 3.507080 6.014421 6
7.213448 9.104080 1.425486 6
13.083190 8.524231 8.740403 1
5.683309 2.927231 13.579319 1
-0.572190 2.669769 6.139412 1
6.827690 8.266769 1.300496 1
12.072438 3.932788 9.777973 35
6.694061 9.529788 12.541750 35
0.438562 7.261212 5.101842 35
5.816938 1.664212 2.338065 35
