4.040710 1.841863 1.041439 8
4.680243 7.083363 5.965010 8
2.852196 8.641137 12.971459 8
2.212663 3.399637 8.047887 8
5.260963 2.437612 2.774554 8
3.459990 7.679112 4.231895 8
1.631943 8.045388 11.238344 8
3.432916 2.803888 9.781003 8
6.136599 3.500274 4.523363 8
2.584354 8.741774 2.483085 8
0.756307 6.982726 9.489534 8
4.308552 1.741226 11.529812 8
2.598735 10.095443 5.585681 8
6.122218 4.853943 1.420768 8
4.294171 0.387557 8.427217 8
0.770688 5.629057 12.592130 8
0.563050 0.029981 6.365779 8
8.157903 5.271481 0.640670 8
6.329856 10.453019 7.647119 8
-1.264997 5.211519 13.372228 8
3.249327 3.610345 2.493735 6
5.471626 8.851845 4.512714 6
3.643579 6.872655 11.519162 6
1.421280 1.631155 9.500184 6
3.139808 4.320044 1.825881 1
5.581145 9.561544 5.180568 1
3.753098 6.162956 12.187017 1
1.311761 0.921456 8.832329 1
3.957226 4.149171 3.714539 6
4.763727 9.390671 3.291910 6
2.935680 6.333829 10.298359 6
2.129179 1.092329 10.720988 6
4.127308 5.108366 3.612525 1
4.593645 10.349866 3.393924 1
2.765598 5.374634 10.400373 1
2.299261 0.133134 10.618974 1
3.111328 3.882903 4.991674 6
5.609625 9.124403 2.014774 6
3.781578 6.600097 9.021223 6
1.283281 1.358597 11.998123 6
3.537562 4.227794 5.804142 1
5.183391 9.469294 1.202307 1
3.355344 6.255206 8.208755 1
1.709515 1.013706 12.810591 1
1.812036 4.548574 4.703289 6
6.908918 9.790074 2.303160 6
5.080871 5.934426 9.309609 6
-0.016011 0.692926 11.709738 6
0.937410 5.542362 5.395106 6
7.783543 0.300862 1.611343 6
5.955496 4.940638 8.617792 6
-0.890637 10.182138 12.401555 6
1.390290 6.167149 6.000323 1
7.330663 0.925649 1.006126 1
5.502616 4.315851 8.012575 1
-0.437757 9.557351 13.006772 1
-0.247885 4.760330 5.991915 6
8.968839 10.001830 1.014534 6
7.140792 5.722670 8.020983 6
-2.075932 0.481170 12.998364 6
0.059687 4.014989 6.531412 1
8.661266 9.256489 0.475037 1
6.833219 6.468011 7.481486 1
-1.768359 1.226511 13.537860 1
-0.809592 5.335847 6.535615 1
9.530545 0.094347 0.470833 1
7.702498 5.147153 7.477282 1
-2.637639 10.388653 13.542064 1
-0.995368 4.271822 4.748971 6
9.716321 9.513323 2.257478 6
7.888274 6.211178 9.263927 6
-2.823415 0.969678 11.755420 6
8.651254 4.627196 4.722347 1
0.069699 9.868696 2.284102 1
-1.758348 5.855804 9.290551 1
6.823208 0.614304 11.728795 1
-1.036623 3.303193 4.725149 1
9.757577 8.544693 2.281300 1
7.929530 7.179807 9.287749 1
-2.864670 1.938307 11.731598 1
-0.149694 4.821132 3.585901 6
8.870647 10.062632 3.420548 6
7.042600 5.661868 10.426997 6
-1.977741 0.420368 10.592349 6
-0.587519 4.852581 2.708693 1
9.308472 10.094081 4.297756 1
7.480425 5.630419 11.304205 1
-2.415566 0.388919 9.715142 1
1.181270 4.128205 3.635646 6
7.539684 9.369705 3.370803 6
5.711637 6.354795 10.377251 6
-0.646777 1.113295 10.642095 6
1.856234 3.019104 2.884275 6
6.864719 8.260604 4.122174 6
5.036672 7.463896 11.128623 6
0.028187 2.222396 9.890724 6
1.340870 2.721387 2.106139 1
7.380083 7.962887 4.900310 1
5.552036 7.761613 11.906759 1
-0.487177 2.520113 9.112587 1
2.213916 1.880650 3.822018 6
6.507037 7.122150 3.184431 6
4.678990 8.602350 10.190880 6
0.385869 3.360850 10.828467 6
2.562147 1.065073 3.405134 1
6.158806 6.306573 3.601315 1
4.330759 9.417927 10.607764 1
0.734100 4.176427 10.411583 1
2.940799 2.376496 5.018579 6
5.780154 7.617996 1.987870 6
3.952107 8.106504 8.994319 6
1.112752 2.865004 12.025028 6
3.719775 1.853394 5.303882 1
5.001178 7.094894 1.702567 1
3.173131 8.629606 8.709016 1
1.891728 3.388106 12.310331 1
0.260025 6.159811 4.178646 6
8.460928 0.918311 2.827803 6
6.632881 4.323189 9.834252 6
-1.568022 9.564689 11.185095 6
-0.499376 6.716458 4.412661 1
9.220329 1.474958 2.593787 1
7.392282 3.766542 9.600236 1
-2.327423 9.008042 11.419110 1
0.875052 6.651464 3.612525 1
7.845901 1.409964 3.393924 1
6.017854 3.831537 10.400373 1
-0.952995 9.073037 10.618974 1
4.166868 2.548417 1.973016 6
4.554085 7.789917 5.033433 6
2.726038 7.934583 12.039882 6
2.338821 2.693083 8.979465 6
5.240463 3.399637 3.765266 6
3.480490 8.641137 3.241183 6
1.652443 7.083363 10.247632 6
3.412416 1.841863 10.771714 6
1.606673 1.729695 5.187154 6
7.114280 6.971195 1.819295 6
5.286233 8.753305 8.825743 6
-0.221374 3.511805 12.193603 6
0.838682 2.289487 5.425794 1
7.882271 7.530987 1.580655 1
6.054224 8.193513 8.587104 1
-0.989365 2.952013 12.432243 1
1.670471 0.352229 5.714880 6
7.050483 5.593729 1.291569 6
5.222436 10.130771 8.298018 6
-0.157576 4.889271 12.721329 6
0.504510 9.150611 6.848103 6
8.216443 3.909111 0.158346 6
6.388396 1.332389 7.164795 6
-1.323537 6.573889 13.854552 6
0.815563 8.544693 6.157267 1
7.905390 3.303193 0.849182 1
6.077343 1.938307 7.855630 1
-1.012484 7.179807 13.163716 1
1.082264 9.051022 7.621615 1
3.982595 3.809522 13.397731 1
5.810642 1.431978 6.391283 1
2.910311 6.673478 0.615166 1
-0.846527 8.826686 7.206833 6
5.911386 3.585186 13.812513 6
7.739433 1.656314 6.806064 6
0.981520 6.897814 0.200384 6
-1.121485 9.374947 7.945313 1
6.186345 4.133447 13.074034 1
8.014392 1.108053 6.067585 1
0.706562 6.349553 0.938864 1
-0.898623 7.901037 7.459065 1
5.963482 2.659537 13.560281 1
7.791529 2.581963 6.553832 1
0.929424 7.823463 0.452617 1
-1.424168 8.987076 6.457143 1
10.145121 3.745576 0.549306 1
8.317074 1.495924 7.555754 1
-3.252215 6.737424 13.463592 1
