9.992711 11.586941 4.847357 8
-0.093545 1.743904 12.578522 8
-0.702073 8.386628 2.925108 8
10.601239 4.944218 14.500771 8
2.064495 -0.143961 5.888379 8
7.834671 13.474806 11.537500 8
0.146079 10.102733 4.101355 7
9.753087 3.228112 13.324524 7
-1.343278 11.727078 4.996522 7
11.242444 1.603767 12.429357 7
-1.404928 12.467798 5.428161 1
11.304095 0.863047 11.997718 1
0.969544 11.948020 5.147430 7
8.929622 1.382825 12.278449 7
1.737471 11.562369 5.100555 1
8.161695 1.768477 12.325324 1
4.328470 -0.186686 5.812228 7
5.570696 13.517532 11.613651 7
2.845842 13.325225 5.656440 1
7.053324 0.005620 11.769439 1
-0.102587 11.233284 4.735308 6
10.001753 2.097561 12.690571 6
11.069156 11.096857 4.602697 6
-1.169990 2.233988 12.823182 6
11.217294 9.786305 3.856173 6
-1.318128 3.544541 13.569706 6
-0.911198 9.390646 3.597224 6
10.810364 3.940199 13.828655 6
10.558276 8.654592 4.702896 6
-0.659109 4.676253 12.722983 6
9.606757 8.829828 4.767721 1
0.292409 4.501018 12.658159 1
10.669884 7.811868 4.234489 1
-0.770718 5.518978 13.191391 1
11.106188 8.515268 6.063509 6
-1.207022 4.815577 11.362370 6
11.020550 9.279996 6.585240 1
-1.121384 4.050849 10.840639 1
11.655071 7.580826 6.637517 6
-1.755905 5.750020 10.788362 6
11.785016 6.773568 6.193157 1
-1.885850 6.557277 11.232722 1
-1.637973 7.679043 7.515782 1
11.537140 5.651803 9.910097 1
10.459547 9.892666 2.508804 6
-0.560381 3.438180 14.917075 6
10.523779 9.039184 2.051026 1
-0.624613 4.291661 15.374853 1
9.521433 10.054314 2.695784 1
0.377733 3.276531 14.730096 1
10.951357 10.961533 1.588892 6
-1.052191 2.369313 15.836987 6
10.864600 11.846051 1.862826 1
-0.965434 1.484794 15.563053 1
11.493399 10.731326 0.427805 6
-1.594233 2.599519 16.998074 6
11.593380 9.857893 0.127209 1
-1.694214 3.472953 17.298670 1
10.278474 10.779802 17.324809 1
-0.379307 2.551043 0.101070 1
0.945268 13.278811 5.651735 6
8.953898 0.052034 11.774144 6
4.491960 1.193421 6.248397 6
5.407206 12.137425 11.177482 6
5.201324 1.230899 6.909361 1
4.697842 12.099946 10.516518 1
3.672894 1.485941 6.677597 1
6.226272 11.844905 10.748282 1
4.822629 2.152800 5.116412 6
5.076537 11.178045 12.309467 6
4.131898 2.058161 4.427916 1
5.767269 11.272685 12.997963 1
4.800637 3.588565 5.608693 6
5.098530 9.742281 11.817186 6
3.939632 3.784419 5.985789 1
5.959535 9.546426 11.440090 1
4.968913 4.182033 4.872276 1
4.930253 9.148812 12.553603 1
5.478159 3.707557 6.278544 1
4.421007 9.623288 11.147335 1
6.158959 1.825738 4.487512 6
3.740208 11.505107 12.938367 6
6.850731 1.900681 5.149347 1
3.048435 11.430165 12.276532 1
6.334276 2.439860 3.770960 1
3.564890 10.890985 13.654919 1
6.139811 0.930011 4.143874 1
3.759355 12.400834 13.282005 1
7.265381 9.112661 3.434118 8
2.633785 4.218184 13.991761 8
4.547361 12.512699 5.262441 8
5.351805 0.818146 12.163438 8
3.799015 6.613651 3.517936 8
6.100151 6.717194 13.907943 8
3.611660 10.626997 4.474094 7
6.287506 2.703848 12.951785 7
5.035544 8.915423 3.639569 7
4.863622 4.415422 13.786310 7
5.067440 8.124256 3.302204 1
4.831727 5.206590 14.123675 1
2.733092 8.644250 3.761725 7
7.166074 4.686596 13.664155 7
1.963594 9.026338 3.791871 1
7.935572 4.304507 13.634008 1
1.559141 6.744628 3.226053 7
8.340025 6.586217 14.199826 7
0.870357 7.259681 3.225530 1
9.028809 6.071164 14.200349 1
3.818597 9.419348 3.976760 6
6.080569 3.911497 13.449119 6
6.220146 9.598735 3.806683 6
3.679020 3.732111 13.619196 6
6.134351 10.934826 4.514348 6
3.764815 2.396019 12.911531 6
4.697985 11.402130 4.758311 6
5.201182 1.928715 12.667569 6
6.888583 12.010602 3.700037 6
3.010584 1.320243 13.725842 6
6.818739 12.861433 4.161300 1
3.080427 0.469413 13.264579 1
7.827587 11.772325 3.659435 1
2.071579 1.558520 13.766445 1
6.368992 12.169933 2.313634 6
3.530174 1.160913 15.112245 6
6.529103 11.476692 1.714707 1
3.370063 1.854154 15.711173 1
5.706572 13.206223 1.872759 6
4.192594 0.124623 15.553120 6
7.704634 -0.071592 2.441366 1
2.194532 13.402437 14.984513 1
5.414313 13.230751 0.989790 1
4.484853 0.100094 16.436089 1
6.831419 10.769212 5.896743 6
3.067747 2.561634 11.529136 6
7.748798 10.492610 5.748798 1
2.150369 2.838235 11.677082 1
6.854309 11.632981 6.337792 1
3.044857 1.697864 11.088087 1
6.182594 9.790215 6.808117 6
3.716572 3.540631 10.617762 6
6.185816 8.893220 6.564329 1
3.713351 4.437625 10.861550 1
5.612802 10.121527 7.922676 6
4.286364 3.209319 9.503203 6
5.594848 11.012932 8.188421 1
4.304318 2.317914 9.237459 1
5.221088 9.469270 8.456779 1
4.678078 3.861576 8.969100 1
2.758229 7.249650 3.490055 6
7.140937 6.081196 13.935824 6
1.401595 5.324745 2.938526 6
8.497571 8.006100 14.487353 6
2.271785 4.898614 2.985053 1
7.627381 8.432231 14.440826 1
1.074402 5.225853 2.030115 1
8.824764 8.104993 15.395764 1
0.461890 4.609065 3.872205 6
9.437276 8.721781 13.553675 6
0.692779 4.846812 4.793859 1
9.206387 8.484033 12.632020 1
0.597094 3.106017 3.707879 6
9.302073 10.224829 13.718001 6
0.348227 2.858111 2.814279 1
9.550939 10.472735 14.611600 1
0.021359 2.661905 4.335559 1
9.877807 10.668940 13.090320 1
1.507383 2.847448 3.870288 1
8.391783 10.483397 13.555591 1
-0.980604 5.023680 3.605414 6
10.879771 8.307165 13.820465 6
-1.045815 5.981366 3.617613 1
10.944981 7.349479 13.808267 1
12.029692 4.656233 4.285024 1
-2.130526 8.674613 13.140855 1
12.325642 4.694994 2.746319 1
-2.426475 8.635852 14.679561 1
6.040969 6.856185 1.597779 8
3.858197 6.474661 15.828100 8
8.977481 3.257639 0.731538 8
0.921685 10.073206 16.694341 8
7.146287 6.660452 5.648773 8
2.752879 6.670394 11.777106 8
8.779208 4.069569 2.816371 7
1.119958 9.261277 14.609509 7
7.295769 5.887300 3.183360 7
2.603397 7.443546 14.242520 7
6.965391 6.417555 3.774445 1
2.933775 6.913290 13.651434 1
8.536574 4.963450 4.902248 7
1.362592 8.367396 12.523631 7
9.122126 4.386799 5.154575 1
0.777040 8.944046 12.271304 1
8.543001 5.620605 7.094772 7
1.356165 7.710240 10.331107 7
9.141017 5.009398 7.184690 1
0.758149 8.321447 10.241189 1
8.203011 4.966330 3.590254 6
1.696155 8.364515 13.835625 6
6.870205 6.025009 1.880078 6
3.028961 7.305837 15.545801 6
7.523573 5.111389 0.864498 6
2.375593 8.219457 16.561381 6
8.473811 4.085241 1.480677 6
1.425355 9.245605 15.945202 6
6.416609 4.378783 0.067612 6
3.482557 8.952063 17.358267 6
4.336888 4.378210 17.077362 1
5.562278 8.952636 0.348518 1
5.328187 3.198556 16.786349 1
4.570979 10.132290 0.639530 1
5.583800 3.471108 0.909805 6
4.315366 9.859737 16.516074 6
5.992131 2.712777 1.259891 1
3.907035 10.618069 16.165988 1
4.332256 3.661643 1.191059 6
5.566911 9.669203 16.234820 6
3.889486 4.409772 0.859096 1
6.009680 8.921073 16.566783 1
3.877374 3.050521 1.725162 1
6.021792 10.280324 15.700717 1
6.847639 5.333608 17.315922 6
3.051527 7.997237 0.109957 6
7.243553 4.767172 16.634744 1
2.655614 8.563673 0.791135 1
6.251530 5.957270 16.871736 1
3.647636 7.373575 0.554143 1
9.433500 6.762286 0.572440 6
0.465667 6.568560 16.853439 6
9.177491 7.453511 1.139652 1
0.721675 5.877334 16.286227 1
10.714084 6.537929 0.434079 6
-0.814918 6.792916 16.991801 6
9.507057 5.193794 17.302155 1
0.392109 8.137052 0.123724 1
11.330753 7.061268 0.893948 1
-1.431586 6.269577 16.531932 1
8.008970 5.825196 5.902145 6
1.890196 7.505650 11.523734 6
8.146991 6.402972 8.265617 6
1.752176 6.927873 9.160262 6
7.726050 7.223989 7.967112 1
2.173116 6.106856 9.458767 1
8.941795 6.643786 8.766960 1
0.957372 6.687060 8.658919 1
7.193578 5.665645 9.179779 6
2.705588 7.665200 8.246100 6
6.421968 5.386364 8.644979 1
3.477198 7.944481 8.780901 1
6.685634 6.589340 10.280223 6
3.213532 6.741506 7.145656 6
7.420632 6.860572 10.835412 1
2.478534 6.470274 6.590467 1
6.036445 6.125404 10.814501 1
3.862722 7.205442 6.611379 1
6.279547 7.363907 9.885701 1
3.619619 5.966938 7.540178 1
7.819982 4.415192 9.778009 6
2.079185 8.915653 7.647870 6
8.094976 3.825496 9.071913 1
1.804190 9.505349 8.353966 1
7.177872 3.970672 10.335289 1
2.721294 9.360173 7.090590 1
8.584687 4.660185 10.305665 1
1.314479 8.670660 7.120214 1
12.849942 -0.250172 6.907096 8
-2.950776 13.581017 10.518783 8
10.482285 3.740856 7.592107 8
-0.583119 9.589990 9.833772 8
11.822542 -0.051373 2.837979 8
-1.923376 13.382218 14.587900 8
10.420711 2.745064 5.574016 7
-0.521545 10.585782 11.851863 7
11.634031 0.721814 5.287709 7
-1.734865 12.609031 12.138170 7
11.854041 0.101691 4.734611 1
-1.954875 13.229155 12.691268 1
10.564496 1.767494 3.514451 7
-0.665330 11.563351 13.911428 7
10.006536 2.364607 3.246441 1
-0.107370 10.966238 14.179438 1
10.727550 1.161352 1.290212 7
-0.828383 12.169494 16.135667 7
10.233545 1.843717 1.116999 1
-0.334379 11.487128 16.308880 1
10.869193 1.752470 4.833068 6
-0.970026 11.578375 12.592812 6
12.074430 0.622723 6.594650 6
-2.175264 12.708122 10.831229 6
11.522479 1.625737 7.569976 6
-1.623313 11.705108 9.855903 6
10.778574 2.775701 6.898731 6
-0.879408 10.555145 10.527148 6
10.501222 0.895163 8.494245 6
-0.602056 12.435683 8.931634 6
10.971879 0.211561 8.995239 1
-1.072713 13.119284 8.430640 1
10.147565 1.535614 9.131161 1
-0.248399 11.795232 8.294718 1
9.360247 0.258518 7.779087 6
0.538919 13.072327 9.646792 6
7.395966 13.651017 7.101046 1
2.503200 -0.320172 10.324833 1
8.094841 0.455325 8.005623 6
1.804325 12.875520 9.420256 6
7.828575 1.045096 8.672860 1
2.070592 12.285749 8.753019 1
7.456175 0.005215 7.500098 1
2.442991 13.325630 9.925781 1
-0.908820 2.175011 8.445452 6
10.807987 11.155835 8.980427 6
-0.494390 1.437460 8.878485 1
10.393557 11.893386 8.547394 1
12.273182 2.755476 9.099794 1
-2.374015 10.575369 8.326085 1
11.084018 0.884488 2.536511 6
-1.184851 12.446358 14.889368 6
11.190535 0.283046 0.217823 6
-1.291369 13.047799 17.208056 6
8.648981 13.386194 0.358973 1
1.250185 -0.055349 17.066906 1
12.157139 0.218218 0.259646 1
-2.257973 13.112627 17.166234 1
9.284927 0.105328 16.257474 6
0.614239 13.225517 1.168405 6
9.560725 1.040980 16.160760 1
0.338442 12.289866 1.265119 1
7.871887 13.256010 15.237363 6
2.027279 0.074835 2.188516 6
8.813932 13.404215 15.343487 1
1.085234 -0.073370 2.082393 1
9.784096 -0.482612 14.350211 1
0.115070 13.813458 3.075668 1
7.676284 12.327002 15.376596 1
2.222882 1.003844 2.049283 1
7.787387 0.015121 16.020308 6
2.111779 13.315724 1.405571 6
5.330462 13.090767 16.082344 1
4.568704 0.240078 1.343535 1
7.580298 0.353272 15.146574 1
2.318868 12.977573 2.279305 1
7.326280 0.535711 16.681794 1
2.572887 12.795134 0.744085 1
-0.073429 3.195933 7.778912 6
9.972595 10.134913 9.646967 6
-0.421199 4.019961 7.522752 1
10.320365 9.310884 9.903127 1
1.185041 2.882385 7.561089 6
8.714125 10.448461 9.864790 6
1.509845 2.052430 7.825962 1
8.389321 11.278416 9.599917 1
1.751901 3.491424 7.144610 1
8.147265 9.839421 10.281269 1
0.312561 2.612082 7.568059 6
9.586606 10.718764 9.857820 6
0.741914 1.983024 7.036570 1
9.157252 11.347822 10.389309 1
0.724083 3.812367 7.573287 6
9.175083 9.518478 9.852592 6
0.299440 4.447088 8.103034 1
9.599726 8.883757 9.322845 1
1.450257 4.056190 7.047026 1
8.448909 9.274655 10.378854 1
