8.672201 2.769676 9.549025 6
0.597512 5.954676 12.035571 6
1.707608 3.600324 4.840705 6
9.782297 0.415324 2.354160 6
8.415451 3.364634 10.796615 6
0.854263 0.179634 10.787981 6
1.964358 3.005366 3.593116 6
9.525546 6.190366 3.601750 6
7.779875 2.988804 11.363570 1
1.489839 6.173804 10.221026 1
2.599934 3.381196 3.026160 1
8.889971 0.196196 4.168705 1
9.097574 4.505501 11.193772 6
0.172140 1.320501 10.390825 6
1.282236 1.864499 3.195959 6
10.207669 5.049499 3.998906 6
8.888409 5.071794 12.451434 7
0.381305 1.886794 9.133162 7
1.491400 1.298206 1.938297 7
9.998504 4.483206 5.256569 7
8.326946 4.713163 12.995366 1
0.942768 1.528163 8.589230 1
2.052864 1.656837 1.394365 1
9.437041 4.841837 5.800500 1
9.319086 5.778864 12.681670 1
-0.049372 2.593864 8.902926 1
1.060723 0.591136 1.708061 1
10.429181 3.776136 5.486804 1
10.048675 5.069883 10.337583 6
-0.778961 1.884883 11.247014 6
0.331134 1.300117 4.052148 6
11.158770 4.485117 3.142717 6
10.501816 5.840016 10.593720 1
-1.232102 2.655016 10.990876 1
-0.122006 0.529984 3.796011 1
11.611911 3.714984 3.398854 1
10.325957 4.484480 9.095749 6
-1.056244 1.299480 12.488847 6
0.053852 1.885520 5.293982 6
11.436053 5.070520 1.900883 6
9.636425 3.344250 8.705787 6
-0.366711 0.159250 12.878809 6
0.743385 3.025750 5.683944 6
10.746520 6.210750 1.510922 6
9.814486 2.958228 7.878378 1
-0.544772 6.143228 13.706219 1
0.565324 3.411772 6.511353 1
10.924581 0.226772 0.683512 1
7.934938 1.559376 9.166259 6
1.334775 4.744376 12.418338 6
2.444871 4.810624 5.223472 6
9.045034 1.625624 1.971393 6
7.305302 1.251068 9.776383 1
1.964411 4.436068 11.808213 1
3.074507 5.118932 4.613348 1
8.415398 1.933932 2.581518 1
8.066089 0.854854 8.046737 6
1.203625 4.039854 13.537859 6
2.313720 5.515146 6.342993 6
9.176185 2.330146 0.851872 6
8.701209 1.149785 7.433735 1
0.568504 4.334785 14.150861 1
1.678600 5.220215 6.955996 1
9.811305 2.035215 0.238870 1
7.308450 6.034301 7.689872 6
1.961264 2.849301 13.894724 6
3.071359 0.335699 6.699859 6
8.418545 3.520699 0.495007 6
7.473200 5.411952 6.671079 8
4.016705 2.226952 0.523786 8
2.906610 0.958048 7.718652 8
6.363104 4.143048 13.865945 8
5.597584 4.520152 8.292802 6
3.672130 1.335152 13.291794 6
4.782225 1.849848 6.096929 6
6.707679 5.034848 1.097936 6
6.178344 3.751293 8.179123 1
3.091370 0.566293 13.405473 1
4.201466 2.618707 6.210608 1
7.288439 5.803707 0.984258 1
5.099397 4.653922 7.471148 1
4.170317 1.468922 14.113448 1
5.280412 1.716078 6.918583 1
6.209492 4.901078 0.276283 1
3.872017 3.618160 9.423835 6
5.397697 0.433160 12.160762 6
6.507792 2.751840 4.965896 6
4.982112 5.936840 2.228969 6
3.701447 3.093272 8.675569 1
5.568267 6.278272 12.909028 1
6.678362 3.276728 5.714162 1
4.811542 0.091728 1.480703 1
3.333579 3.539809 10.177857 1
5.936135 0.354809 11.406740 1
7.046230 2.830191 4.211874 1
4.443674 6.015191 2.982991 1
4.680787 4.305483 9.416640 6
4.588927 1.120483 12.167956 6
5.699022 2.064517 4.973091 6
5.790883 5.249517 2.221774 6
4.818009 4.811898 10.185051 1
4.451705 1.626898 11.399545 1
5.561800 1.558102 4.204679 1
5.928104 4.743102 2.990186 1
-1.250444 5.002361 8.284168 7
10.520158 1.817361 13.300428 7
11.630253 1.367639 6.105563 7
-0.140348 4.552639 1.089303 7
-1.049164 4.613154 7.543097 1
10.318878 1.428154 14.041499 1
11.428973 1.756846 6.846634 1
0.060931 4.941846 0.348231 1
-0.824285 5.708794 8.527354 1
10.093999 2.523794 13.057242 1
11.204094 0.661206 5.862376 1
0.285810 3.846206 1.332489 1
6.384786 5.705609 8.605059 8
2.884928 2.520609 12.979537 8
3.995023 0.664391 5.784672 8
7.494881 3.849391 1.410194 8
