9.921021 14.504632 3.110029 15
10.121629 7.570718 15.952359 15
8.749049 13.964712 4.037414 9
11.293601 8.110637 15.024974 9
11.093320 15.045925 2.182643 9
8.949329 7.029425 16.879745 9
10.976266 14.172472 4.250913 9
9.066383 7.902878 14.811475 9
8.864576 14.836449 1.969145 9
11.178073 7.238901 17.093243 9
9.725611 15.961934 3.713353 9
10.317038 6.113416 15.349035 9
10.116349 13.046987 2.506704 9
9.926301 9.028363 16.555684 9
10.001303 14.507030 3.076669 15
10.041346 7.568320 15.985719 15
10.765521 13.265980 2.443798 9
9.277129 8.809370 16.618590 9
9.236377 15.749796 3.709541 9
10.806272 6.325554 15.352847 9
10.290999 15.355107 1.763271 9
9.751651 6.720243 17.299117 9
9.710490 13.658952 4.390068 9
10.332159 8.416397 14.672320 9
11.363791 15.022399 3.711447 9
8.678858 7.052951 15.350941 9
8.637698 13.991660 2.441892 9
11.404952 8.083689 16.620496 9
9.833379 14.347147 3.175794 15
10.209271 7.728203 15.886594 15
10.146189 13.530464 4.504442 9
9.896460 8.544886 14.557946 9
9.522163 15.164321 1.849052 9
10.520486 6.911029 17.213336 9
10.845928 15.482221 3.637104 9
9.196721 6.593129 15.425284 9
8.821537 13.210356 2.714484 9
11.221113 8.864994 16.347904 9
8.647914 15.101649 3.919227 9
11.394735 6.973701 15.143161 9
11.019960 13.592645 2.432361 9
9.022689 8.482705 16.630027 9
3.254198 5.172197 6.699667 15
16.788451 16.903152 12.362721 15
2.471353 3.810259 6.450712 9
17.571296 18.265091 12.611676 9
4.036947 6.534038 6.948240 9
16.005702 15.541312 12.114148 9
3.932927 4.545524 7.992859 9
16.109722 17.529826 11.069529 9
2.575374 5.798772 5.406093 9
17.467276 16.276577 13.656295 9
13.219523 5.701540 7.588737 9
6.823127 16.373809 11.473651 9
4.460769 4.641039 5.810216 9
15.581880 17.434310 13.252172 9
3.389347 5.286911 6.631805 15
16.653302 16.788438 12.430583 15
2.659887 3.898378 6.892960 9
17.382763 18.176972 12.169429 9
4.119286 6.675936 6.372556 9
15.923364 15.399414 12.689832 9
4.271913 5.066415 7.935672 9
15.770736 17.008935 11.126716 9
2.506782 5.507408 5.327937 9
17.535868 16.567942 13.734451 9
13.459593 6.030154 7.504862 9
6.583057 16.045195 11.557526 9
4.491980 4.544159 5.760654 9
15.550670 17.531191 13.301734 9
3.008973 5.105106 6.745798 15
17.033677 16.970244 12.316590 15
13.353133 6.195703 7.554424 9
6.689517 15.879646 11.507964 9
3.837813 4.016422 5.937934 9
16.204837 18.058928 13.124454 9
4.062828 6.219036 6.324900 9
15.979822 15.856314 12.737488 9
13.127709 3.991373 7.167458 9
6.914940 18.083977 11.894930 9
13.326282 5.421837 5.442312 9
6.716368 16.653513 13.620076 9
3.864187 4.789798 8.048140 9
16.178463 17.285552 11.014248 9
6.802507 10.117977 4.805819 15
13.240142 11.957373 14.256569 15
5.591169 10.156745 3.776259 9
14.451481 11.918605 15.286129 9
8.013341 10.077394 5.834997 9
12.029309 11.997955 13.227391 9
5.806344 9.662951 5.958902 9
14.236305 12.412398 13.103486 9
7.797458 10.572905 3.652354 9
12.245192 11.502445 15.410034 9
6.537346 11.640229 5.177345 9
13.505304 10.435121 13.885043 9
7.067164 8.593910 4.433911 9
12.975486 13.481439 14.628477 9
6.881891 10.117442 4.830409 15
13.160758 11.957908 14.231979 15
6.126388 9.459906 6.063746 9
13.916261 12.615443 12.998642 9
7.636208 10.776203 3.595166 9
12.406442 11.299146 15.467222 9
6.546281 11.564486 5.396562 9
13.496368 10.510864 13.665826 9
7.217023 8.669907 4.262350 9
12.825627 13.405443 14.800038 9
5.522864 10.125883 4.003101 9
14.519785 11.949467 15.059287 9
8.239323 10.108510 5.655811 9
11.803327 11.966840 13.406578 9
6.695173 10.205213 4.677910 15
13.347477 11.870136 14.384478 15
6.511450 9.531280 6.107589 9
13.531199 12.544069 12.954799 9
6.883842 10.879637 3.250137 9
13.158807 11.195712 15.812251 9
5.477866 9.352400 4.119382 9
14.564784 12.722950 14.943006 9
7.916949 11.058027 5.236438 9
12.125700 11.017323 13.825950 9
7.698930 9.044886 4.258537 9
12.343720 13.030464 14.803851 9
5.692533 11.365541 5.097283 9
14.350116 10.709809 13.965105 9
6.798620 5.047827 1.389457 7
13.244030 17.027522 17.672931 7
9.834514 16.236061 17.638046 7
10.208136 5.839289 1.424342 7
7.610355 8.231014 10.951342 7
12.432295 13.844336 8.111046 7
9.034563 14.747750 8.566065 7
11.008087 7.327599 10.496323 7
2.969822 5.345411 1.121059 7
17.072828 16.729939 17.941329 7
5.173494 14.125581 7.957213 7
14.869155 7.949769 11.105175 7
6.900032 5.269198 0.035647 6
13.142618 16.806152 19.026741 6
11.964013 9.473334 18.543891 1
8.078637 12.602015 0.518497 1
11.383163 11.367264 18.538744 6
8.659486 10.708085 0.523644 6
11.457419 11.463583 17.606022 1
8.585230 10.611766 1.456366 1
6.183395 7.574565 0.252958 6
13.859254 14.500785 18.809430 6
6.102721 7.315998 1.650993 6
13.939928 14.759351 17.411395 6
5.836016 8.007149 2.228393 1
14.206633 14.068200 16.833995 1
6.398814 6.105753 2.171206 6
13.643835 15.969596 16.891182 6
6.328495 5.982555 3.099544 1
13.714155 16.092795 15.962844 1
9.751676 16.005223 18.989760 6
10.290973 6.070126 0.072628 6
4.644011 11.778231 0.486091 1
15.398638 10.297119 18.576297 1
5.348310 9.921723 0.476560 6
14.694340 12.153627 18.585828 6
5.290858 9.816673 1.408710 1
14.751792 12.258677 17.653678 1
10.608260 13.745420 18.752052 6
9.434390 8.329930 0.310336 6
10.680827 14.029247 17.356114 6
9.361823 8.046103 1.706274 6
10.994690 13.362374 16.772995 1
9.047960 8.712976 2.289393 1
10.313886 15.226201 16.844289 6
9.728764 6.849149 2.218099 6
10.390587 15.369069 15.919000 1
9.652062 6.706281 3.143388 1
7.094061 3.761590 1.960567 6
12.948588 18.313760 17.101821 6
6.838907 2.610112 1.236196 6
13.203742 19.465237 17.826192 6
6.476810 2.665143 0.369810 1
13.565839 19.410206 18.692578 1
7.123735 1.376135 1.797583 6
12.918915 20.699215 17.264805 6
6.959298 0.592492 1.307680 1
13.083352 21.482857 17.754708 1
7.647231 1.289047 3.072857 6
12.395419 20.786303 15.989531 6
11.929079 17.616068 3.450292 1
8.113570 4.459282 15.612096 1
7.886956 2.439615 3.787697 6
12.155693 19.635734 15.274692 6
8.233380 2.380661 4.658848 1
11.809270 19.694689 14.403540 1
7.624094 3.679089 3.240987 6
12.418556 18.396261 15.821401 6
7.801502 4.459691 3.732416 1
12.241147 17.615659 15.329972 1
9.425921 17.504496 17.081806 6
10.616728 4.570853 1.980582 6
9.612005 18.666472 17.817614 6
10.430645 3.408878 1.244774 6
10.003128 18.630568 18.671609 1
10.039522 3.444782 0.390779 1
9.217526 19.880834 17.280055 6
10.825124 2.194516 1.782333 6
9.336242 20.668157 17.777583 1
10.706407 1.407193 1.284805 1
8.653706 19.944628 16.027656 6
11.388943 2.130722 3.034732 6
8.392514 20.774230 15.669283 1
11.650136 1.301119 3.393105 1
8.476212 18.787681 15.301379 6
11.566438 3.287669 3.761009 6
8.094000 18.831187 14.443571 1
11.948650 3.244163 4.618817 1
8.853794 17.560956 15.824260 6
11.188856 4.514394 3.238128 6
8.723122 16.773977 15.328066 1
11.319528 5.301373 3.734322 1
7.396229 8.580091 9.640803 6
12.646421 13.495258 9.421585 6
7.004088 7.952164 9.062259 1
13.038561 14.123186 10.000129 1
7.731196 9.795590 9.154331 6
12.311453 12.279760 9.908057 6
7.580972 9.981918 8.244483 1
12.461678 12.093432 10.817905 1
8.307648 10.804328 9.985069 6
11.735002 11.271021 9.077319 6
8.508179 10.403144 11.336593 6
11.534471 11.672206 7.725795 6
8.876529 11.020432 11.944492 1
11.166120 11.054917 7.117896 1
8.189260 9.167183 11.774265 6
11.853389 12.908167 7.288123 6
8.368408 8.940877 12.668863 1
11.674242 13.134472 6.393525 1
9.268457 14.419617 9.877939 6
10.774193 7.655733 9.184449 6
9.575442 15.083401 10.469064 1
10.467207 6.991948 8.593325 1
9.069951 13.164581 10.344205 6
10.972698 8.910768 8.718183 6
9.245352 12.980312 11.248715 1
10.797297 9.095037 7.813673 1
8.603910 12.115253 9.504507 6
11.438740 9.960096 9.557881 6
8.415005 12.486591 8.145740 6
11.627645 9.588759 10.916648 6
8.130920 11.835604 7.529643 1
11.911730 10.239746 11.532745 1
8.632706 13.752570 7.713977 6
11.409943 8.322779 11.348411 6
8.505035 13.952926 6.805273 1
11.537615 8.122423 12.257116 1
7.224471 6.930245 11.447345 6
12.818178 15.145105 7.615043 6
7.340753 5.823702 10.610125 6
12.701896 16.251648 8.452263 6
7.669776 5.921159 9.735162 1
12.372874 16.154191 9.327226 1
6.961440 4.572298 11.090497 6
13.081210 17.503052 7.971891 6
7.033422 3.814885 10.535782 1
13.009228 18.260464 8.526606 1
6.480571 4.438614 12.371490 6
13.562079 17.636735 6.690898 6
6.211076 3.593798 12.684113 1
13.831574 18.481551 6.378275 1
6.392320 5.533040 13.194985 6
13.650330 16.542309 5.867403 6
6.084391 5.428963 14.077574 1
13.958259 16.646387 4.984814 1
6.754656 6.794993 12.735581 6
13.287994 15.280356 6.326807 6
6.679827 7.545295 13.296016 1
13.362823 14.530055 5.766372 1
9.215841 16.108953 8.099418 6
10.826808 5.966397 10.962970 6
8.865474 17.161344 8.925010 6
11.177175 4.914006 10.137378 6
8.506522 17.001836 9.779005 1
11.536128 5.073514 9.283383 1
9.053992 18.462781 8.465607 6
10.988657 3.612568 10.596782 6
8.833874 19.189293 9.020322 1
11.208776 2.886057 10.042066 1
9.558288 18.693831 7.209395 6
10.484362 3.381518 11.852993 6
5.587049 2.407779 6.904397 1
14.455601 19.667570 12.157991 1
9.885983 17.637176 6.399244 6
10.156666 4.438174 12.663144 6
10.221429 17.799379 5.535717 1
9.821221 4.275970 13.526671 1
9.727374 16.333478 6.836535 6
10.315276 5.741872 12.225853 6
9.965356 15.610694 6.282963 1
10.077294 6.464655 12.779425 1
7.850361 10.605343 18.859945 6
12.192288 11.470007 0.202443 6
8.171552 9.971376 18.244612 1
11.871097 12.103974 0.817776 1
7.505906 11.829726 18.414648 6
12.536744 10.245623 0.647740 6
7.582962 12.019290 17.497366 1
12.459688 10.056059 1.565022 1
2.245723 7.939756 0.233133 6
17.796927 14.135593 18.829255 6
2.215933 7.553729 1.594188 6
17.826717 14.521621 17.468201 6
13.118732 8.184709 2.237924 1
6.923917 13.890641 16.824464 1
2.558161 6.313840 2.005935 6
17.484488 15.761510 17.056453 6
2.514053 6.108580 2.922264 1
17.528596 15.966769 16.140124 1
3.250298 3.997446 1.555110 6
16.792352 18.077904 17.507278 6
2.968871 2.934580 0.716174 6
17.073779 19.140769 18.346214 6
7.372924 7.997025 18.930858 1
12.669725 14.078325 0.131530 1
3.243355 1.646036 1.132306 6
16.799295 20.429314 17.930082 6
3.063002 0.923199 0.558528 1
16.979647 21.152151 18.503860 1
3.774816 1.410324 2.377080 6
16.267834 20.665026 16.685308 6
8.049929 17.697106 2.651578 1
11.992720 4.378243 16.410810 1
4.039342 2.465023 3.219637 6
16.003308 19.610326 15.842751 6
4.390204 2.300856 4.075539 1
15.652445 19.774494 14.986849 1
3.791741 3.767157 2.816277 6
16.250908 18.308193 16.246111 6
3.987843 4.486363 3.389293 1
16.054806 17.588986 15.673095 1
5.367935 13.958360 9.306639 6
14.674714 8.116990 9.755749 6
5.710035 14.672503 9.813317 1
14.332615 7.402847 9.249071 1
5.079804 12.793600 9.923498 6
14.962846 9.281750 9.138890 6
5.217301 12.723227 10.850311 1
14.825349 9.352123 8.212077 1
4.573515 11.668538 9.214377 6
15.469134 10.406811 9.848011 6
4.370661 11.888972 7.830257 6
15.671988 10.186378 11.232131 6
15.198837 11.191796 7.302801 1
4.843813 10.883554 11.759587 1
4.657444 13.074043 7.245614 6
15.385205 9.001306 11.816774 6
4.498375 13.180321 6.324900 1
15.544274 8.895028 12.737488 1
5.529122 15.367636 7.304516 6
14.513527 6.707714 11.757872 6
16.554149 16.566069 7.979897 6
3.488501 5.509280 11.082491 6
16.203811 16.577893 8.852573 1
3.838838 5.497457 10.209815 1
5.753170 17.746720 7.358082 6
14.289479 4.328630 11.704306 6
16.836493 18.562729 7.813673 1
3.206157 3.512621 11.248715 1
6.251528 17.731784 6.073277 6
13.791122 4.343565 12.989111 6
6.498807 18.535381 5.653904 1
13.543843 3.539969 13.408484 1
6.384824 16.533401 5.406093 6
13.657826 5.541948 13.656295 6
6.714680 16.526383 4.525411 1
13.327970 5.548967 14.536977 1
6.039811 15.338818 6.013802 6
14.002839 6.736531 13.048586 6
6.149163 14.521681 5.560499 1
13.893486 7.553668 13.501889 1
4.521927 15.856076 1.801396 7
15.520723 6.219274 17.260992 7
5.633874 15.144983 2.060644 6
14.408776 6.930367 17.001744 6
6.473801 15.505701 1.841427 1
13.568849 6.569649 17.220961 1
5.564102 13.887222 2.649672 6
14.478548 8.188128 16.412716 6
6.347252 13.394307 2.815515 1
13.695397 8.681042 16.246873 1
4.337103 13.371038 2.985170 6
15.705546 8.704312 16.077218 6
4.273157 12.525256 3.387386 1
15.769493 9.550093 15.675002 1
14.375611 14.102560 2.725921 6
5.667038 7.972790 16.336467 6
13.528620 13.763915 2.950858 1
6.514029 8.311435 16.111530 1
14.501334 15.334080 2.134987 6
5.541315 6.741270 16.927401 6
13.724543 15.833124 1.959613 1
6.318107 6.242226 17.102775 1
12.625136 11.100291 4.287131 7
7.417513 10.975058 14.775257 7
13.644328 10.346975 4.735097 6
6.398322 11.728375 14.327291 6
14.513948 10.705280 4.746535 1
5.528701 11.370069 14.315853 1
13.434520 9.043328 5.179251 6
6.608130 13.032022 13.883137 6
14.157141 8.521743 5.480437 1
5.885508 13.553607 13.581951 1
12.162488 8.531255 5.177345 6
7.880162 13.544094 13.885043 6
12.004720 7.656518 5.480437 1
8.037930 14.418832 13.581951 1
11.122918 9.306889 4.729378 6
8.919731 12.768461 14.333010 6
10.244570 8.971392 4.719847 1
9.798079 13.103958 14.342541 1
11.386488 10.581599 4.292850 6
8.656162 11.493751 14.769538 6
10.672230 11.111520 3.984039 1
9.370420 10.963829 15.078349 1
9.779306 6.039476 6.094245 7
10.263343 16.035873 12.968143 7
9.871150 4.801813 6.614649 6
10.171499 17.273536 12.447739 6
10.705551 4.370185 6.631805 1
9.337098 17.705165 12.430583 1
8.753623 4.154210 7.133146 6
11.289027 17.921140 11.929242 6
8.828497 3.284876 7.483894 1
11.214153 18.790474 11.578494 1
7.542024 4.797241 7.123614 6
12.500625 17.278109 11.938774 6
6.779198 4.374253 7.474362 1
13.263451 17.701096 11.588026 1
7.452828 6.063107 6.599399 6
12.589822 16.012243 12.462989 6
6.629878 6.516318 6.586055 1
13.412771 15.559032 12.476333 1
8.583552 6.652344 6.094245 6
11.459097 15.423005 12.968143 6
8.519695 7.519224 5.733966 1
11.522954 14.556126 13.328422 1
14.711955 15.678391 2.058738 7
5.330695 6.396959 17.003650 7
4.858817 15.754376 1.820458 6
15.183832 6.320974 17.241930 6
5.210560 16.514808 1.393461 1
14.832090 5.560542 17.668927 1
5.719319 14.723920 2.192175 6
14.323330 7.351430 16.870213 6
6.639111 14.781521 2.009176 1
13.403539 7.293829 17.053212 1
5.206100 13.620916 2.828858 6
14.836549 8.454434 16.233530 6
5.773642 12.919560 3.091919 1
14.269008 9.155790 15.970469 1
3.857484 13.551800 3.080482 6
16.185166 8.523549 15.981906 6
14.663924 12.805348 3.515104 1
5.378726 9.270001 15.547284 1
14.228708 14.593043 2.683984 6
5.813941 7.482306 16.378404 6
13.305152 14.542797 2.855546 1
6.737497 7.532552 16.206842 1
13.516987 10.652749 4.462505 7
6.525663 11.422601 14.599883 7
13.693689 9.457280 5.053439 6
6.348960 12.618070 14.008949 6
3.388503 9.182891 5.287906 1
16.654146 12.892459 13.774482 1
12.613537 8.622757 5.326031 6
7.429112 13.452592 13.736357 6
12.750096 7.783843 5.728248 1
7.292554 14.291507 13.334140 1
11.347274 9.036184 4.998158 6
8.695375 13.039165 14.064230 6
10.607255 8.485886 5.181157 1
9.435394 13.589464 13.881231 1
11.169159 10.261573 4.403412 6
8.873491 11.813777 14.658976 6
10.308697 10.559751 4.174663 1
9.733953 11.515598 14.887725 1
12.268820 11.040918 4.149882 6
7.773830 11.034431 14.912506 6
12.145352 11.878361 3.741947 1
7.897298 10.196989 15.320441 1
10.039370 5.450942 6.408775 7
10.003280 16.624408 12.653613 7
9.666788 4.320469 7.032115 6
10.375862 17.754881 12.030273 6
10.319359 3.682871 7.262770 1
9.723290 18.392479 11.799618 1
8.332974 4.074296 7.342832 6
11.709676 18.001054 11.719556 6
8.083068 3.273889 7.767923 1
11.959581 18.801461 11.294465 1
7.385727 5.012303 7.018771 6
12.656923 17.063047 12.043617 6
6.481229 4.863230 7.226551 1
13.561421 17.212120 11.835837 1
7.769416 6.170488 6.389712 6
12.273234 15.904862 12.672676 6
7.132655 6.824518 6.162870 1
12.909995 15.250832 12.899518 1
9.097819 6.358541 6.099964 6
10.944831 15.716808 12.962424 6
9.357992 7.151835 5.667248 1
10.684657 14.923514 13.395140 1
