2.685897 4.232500 9.174584 35
8.331773 8.470000 8.268033 35
9.630550 4.242500 2.453827 35
3.984673 0.005000 3.360378 35
5.838129 4.988385 8.591884 35
5.179542 0.750885 8.850732 35
6.478318 3.486615 3.036527 35
7.136905 7.724115 2.777679 35
1.094641 4.098934 5.261972 16
12.520582 8.336434 0.552233 16
11.221806 4.376066 6.366439 16
-0.204135 0.138566 11.076178 16
-0.060243 4.731592 4.677528 8
13.675467 0.494093 1.136677 8
12.376690 3.743407 6.950883 8
-1.359020 7.980907 10.491734 8
1.858364 3.193380 1.477157 6
11.756859 7.430880 4.337048 6
10.458083 5.281620 10.151254 6
0.559587 1.044120 7.291363 6
2.410475 2.422155 1.433783 1
11.204748 6.659655 4.380422 1
9.905972 6.052845 10.194628 1
1.111699 1.815345 7.247989 1
1.111309 4.111900 6.714942 8
9.906361 8.349400 10.727674 8
11.205138 4.363100 4.913469 8
2.410086 0.125600 0.900737 8
6.081726 3.994267 0.263965 6
7.533498 8.231768 5.550241 6
6.234721 4.480732 11.364446 6
4.782949 0.243233 6.078170 6
-0.298344 4.144275 1.716819 7
13.913567 8.381775 4.097387 7
12.614791 4.330725 9.911592 7
-1.597120 0.093225 7.531024 7
3.865990 4.659555 1.138421 6
9.749233 0.422055 4.675784 6
8.450457 3.815445 10.489990 6
2.567214 8.052945 6.952627 6
4.268433 5.464680 1.441923 1
9.346791 1.227180 4.372283 1
8.048014 3.010320 10.186488 1
2.969656 7.247820 7.256128 1
5.286735 4.509548 10.336495 6
5.730935 0.272048 7.106122 6
7.029712 3.965452 1.291916 6
6.585512 8.202953 4.522289 6
13.171377 3.984097 1.996598 6
0.443846 8.221597 3.817607 6
-0.854930 4.490902 9.631813 6
11.872600 0.253402 7.810804 6
13.021219 4.011217 2.965245 1
0.594004 8.248717 2.848961 1
-0.704772 4.463782 8.663166 1
11.722442 0.226282 8.779450 1
12.863175 3.123885 1.643094 1
0.752048 7.361385 4.171111 1
-0.546728 5.351115 9.985317 1
11.564399 1.113615 7.457300 1
12.672495 4.711252 1.568673 1
0.942729 0.473752 4.245533 1
-0.356048 3.763748 10.059738 1
11.373718 8.001247 7.382878 1
3.936396 4.251907 10.592320 6
7.081274 0.014408 6.850297 6
8.380051 4.223092 1.036091 6
5.235173 8.460592 4.778114 6
0.492667 3.056932 1.642164 6
13.122556 7.294433 4.172041 6
11.823780 5.418067 9.986247 6
-0.806109 1.180567 7.456370 6
0.108638 2.189940 1.703562 1
13.506586 6.427440 4.110643 1
12.207809 6.285060 9.924849 1
-1.190139 2.047560 7.517768 1
1.401668 2.801835 4.709390 8
12.213555 7.039335 1.104815 8
10.914779 5.673165 6.919021 8
0.102892 1.435665 10.523596 8
0.217637 5.385015 1.630885 6
13.397586 1.147515 4.183321 6
12.098809 3.089985 9.997526 6
-1.081139 7.327485 7.445090 6
-0.359461 6.138443 1.682631 1
13.974684 1.900942 4.131574 1
12.675907 2.336557 9.945780 1
-1.658237 6.574057 7.496837 1
2.425162 4.463782 1.374711 6
11.190061 0.226282 4.439495 6
9.891285 4.011217 10.253700 6
1.126386 8.248717 7.188916 6
2.257114 5.099407 4.794278 8
11.358110 0.861908 1.019928 8
10.059333 3.375592 6.834133 8
0.958337 7.613092 10.608483 8
4.629972 3.764595 0.519790 6
8.985252 8.002095 5.294416 6
7.686475 4.710405 11.108621 6
3.331195 0.472905 6.333995 6
4.237835 2.949300 0.230243 1
9.377389 7.186800 5.583963 1
8.078612 5.525700 11.398168 1
2.939058 1.288200 6.044448 1
1.575772 5.573160 1.469017 6
12.039451 1.335660 4.345188 6
10.740675 2.901840 10.159394 6
0.276996 7.139340 7.283223 6
1.932842 6.452865 1.422155 1
11.682382 2.215365 4.392051 1
10.383605 2.022135 10.206256 1
0.634065 6.259635 7.236360 1
3.586557 4.701930 5.142083 6
10.028666 0.464430 0.672122 6
8.729890 3.773070 6.486328 6
2.287780 8.010570 10.956289 6
3.663920 4.638368 6.117707 1
7.353751 0.400867 11.324909 1
8.652527 3.836632 5.510704 1
4.962696 8.074132 0.303502 1
4.223624 5.365522 4.807185 1
9.391599 1.128022 1.007020 1
8.092823 3.109478 6.821226 1
2.924848 7.346977 10.621391 1
3.781802 3.829005 4.742066 1
9.833421 8.066505 1.072139 1
8.534645 4.645995 6.886345 1
2.483026 0.408495 10.556272 1
