9.817351 5.296777 1.559604 7
13.589888 1.816177 10.202113 7
1.985127 1.664423 21.963829 7
-1.787410 5.145023 13.321320 7
9.256120 5.424167 2.769649 6
14.151119 1.943567 8.992067 6
2.546358 1.537033 20.753783 6
-2.348641 5.017633 14.531365 6
7.902689 5.589844 3.001590 7
-2.001450 2.109244 8.760126 7
3.899790 1.371356 20.521842 7
13.803928 4.851956 14.763306 7
7.281817 5.620473 2.378219 1
-1.380578 2.139873 9.383497 1
4.520661 1.340727 21.145213 1
13.183056 4.821327 14.139935 1
9.919542 5.444355 4.040620 6
13.487697 1.963755 7.721096 6
1.882936 1.516845 19.482812 6
-1.685219 4.997445 15.802336 6
11.354935 5.328799 4.293732 6
12.052304 1.848199 7.467984 6
0.447543 1.632401 19.229700 6
-0.249826 5.113001 16.055448 6
11.882138 5.795199 5.498367 6
11.525101 2.314599 6.263349 6
-0.079660 1.166001 18.025065 6
0.277377 4.646601 17.260083 6
11.298943 6.180153 6.141968 1
12.108296 2.699553 5.619748 1
0.503535 0.781047 17.381464 1
-0.305817 4.261647 17.903684 1
13.236934 5.710968 5.780648 6
10.170305 2.230368 5.981068 6
-1.434456 1.250232 17.742784 6
1.632173 4.730832 17.542364 6
13.572691 6.021438 6.612437 1
9.834548 2.540838 5.149279 1
-1.770213 0.939762 16.910995 1
1.967930 4.420362 18.374153 1
14.098524 5.166603 4.833595 6
9.308715 1.686003 6.928121 6
-2.296046 1.794597 18.689837 6
2.493763 5.275197 16.595311 6
15.460166 5.067057 4.973559 8
7.947073 1.586457 6.788157 8
-3.657688 1.894143 18.549873 8
3.855406 5.374743 16.735275 8
-1.480691 5.512574 6.200777 6
7.381930 2.031974 5.560939 6
13.283169 1.448626 17.322655 6
4.420549 4.929226 17.962493 6
15.771772 6.445375 6.358384 1
7.635467 2.964775 5.403332 1
-3.969294 0.515825 17.165048 1
4.167011 3.996425 18.120100 1
-0.503523 5.443658 6.156082 1
6.404762 1.963058 5.605634 1
12.306001 1.517542 17.367350 1
5.397716 4.998142 17.917798 1
15.693307 4.954286 6.934708 1
7.713932 1.473686 4.827008 1
-3.890829 2.006914 16.588724 1
4.088546 5.487514 18.696424 1
13.589437 4.692545 3.633665 6
9.817802 1.211945 8.128052 6
-1.786958 2.268655 19.889768 6
1.984676 5.749255 15.395381 6
14.173869 4.308287 2.992181 1
9.233370 0.827687 8.769536 1
-2.371390 2.652913 20.531252 1
2.569108 6.133513 14.753897 1
12.247641 4.775383 3.369967 6
11.159598 1.294783 8.391749 6
-0.445163 2.185817 20.153465 6
0.642880 5.666417 15.131683 6
11.914814 4.449599 2.540531 1
11.492425 0.968999 9.221185 1
-0.112336 2.511601 20.982902 1
0.310054 5.992201 14.302247 1
8.909892 5.606550 4.984615 6
14.497347 2.125950 6.777101 6
2.892586 1.354650 18.538817 6
-2.694869 4.835250 16.746331 6
9.035372 5.649014 5.925553 1
14.371867 2.168414 5.836164 1
2.767106 1.312186 17.597880 1
-2.569389 4.792786 17.687269 1
7.676016 5.697742 4.319137 6
-1.774777 2.217142 7.442579 6
4.126462 1.263458 19.204295 6
13.577255 4.744058 16.080854 6
6.337189 5.848104 4.866292 6
-0.435950 2.367504 6.895424 6
5.465289 1.113096 18.657140 6
12.238428 4.593696 16.628009 6
5.311989 6.363929 4.076611 6
0.589250 2.883329 7.685105 6
6.490489 0.597271 19.446821 6
11.213228 4.077871 15.838327 6
5.486099 6.618709 3.178016 1
0.415140 3.138109 8.583700 1
6.316380 0.342491 20.345417 1
11.387338 3.823091 14.939732 1
4.039338 6.504545 4.603536 6
1.861901 3.023945 7.158180 6
7.763140 0.456655 18.919897 6
9.940577 3.937255 16.365252 6
3.350668 6.878362 4.064849 1
2.550571 3.397762 7.696867 1
8.451811 0.082838 19.458583 1
9.251907 3.563438 15.826565 1
3.752434 6.113326 5.887915 6
2.148805 2.632726 5.873801 6
8.050044 0.847874 17.635517 6
9.653673 4.328474 17.649631 6
2.873249 6.198949 6.236062 1
3.027990 2.718349 5.525654 1
8.929229 0.762251 17.287370 1
8.774488 4.242851 17.997778 1
4.771561 5.591932 6.666541 6
1.129678 2.111332 5.095175 6
7.030917 1.369268 16.856892 6
10.672800 4.849868 18.428257 6
4.585728 5.311396 7.555726 1
1.315511 1.830796 4.205990 1
7.216750 1.649804 15.967706 1
10.486967 5.130404 19.317443 1
6.040909 5.475680 6.174901 6
-0.139670 1.995080 5.586815 6
5.761569 1.485520 17.348531 6
11.942148 4.966120 17.936617 6
6.730268 5.135973 6.732406 1
-0.829029 1.655373 5.029310 1
5.072210 1.825227 16.791026 1
12.631507 5.305827 18.494122 1
9.108582 5.252922 0.454002 6
14.298657 1.772322 11.307714 6
2.693897 1.708278 23.069430 6
-2.496179 5.188878 12.215718 6
7.713796 5.293993 0.387196 7
-1.812557 1.813393 11.374520 7
4.088682 1.667207 23.136237 7
13.615035 5.147807 12.148912 7
7.155992 5.365693 1.063259 1
-1.254753 1.885093 10.698457 1
4.646486 1.595507 22.460173 1
13.057231 5.076107 12.824975 1
3.955606 5.125532 22.630953 6
13.748111 1.644932 12.654195 6
7.846872 1.835668 0.892479 6
-1.945633 5.316268 10.869237 6
5.364762 4.998838 22.263047 6
12.338956 1.518238 13.022102 6
6.437716 1.962362 1.260385 6
-0.536477 5.442962 10.501331 6
6.378554 5.605854 23.005917 6
11.325164 2.125254 12.279232 6
5.423925 1.355346 0.517516 6
0.477315 4.835946 11.244201 6
11.856447 6.123072 0.246996 1
11.550792 2.642472 11.514720 1
-0.053969 0.838128 23.276436 1
0.251686 4.318728 12.008712 1
7.697670 5.467326 22.648361 6
10.006048 1.986726 12.636788 6
4.104809 1.493874 0.875072 6
1.796430 4.974474 10.886644 6
8.374577 5.882214 23.170581 1
9.329140 2.401614 12.114568 1
3.427901 1.078986 0.352851 1
2.473338 4.559586 11.408865 1
8.046223 4.727351 21.535702 6
9.657494 1.246751 13.749446 6
3.756255 2.233849 1.987730 6
2.144984 5.714449 9.773986 6
8.959833 4.636159 21.291059 1
8.743885 1.155559 13.994090 1
2.842646 2.325041 2.232374 1
3.058593 5.805641 9.529342 1
7.062836 4.121727 20.782952 6
10.640881 0.641127 14.502196 6
4.739642 2.839473 2.740480 6
1.161597 6.320073 9.021236 6
7.297217 3.608686 20.018441 1
10.406500 0.128086 15.266708 1
4.505261 3.352514 3.504991 1
1.395978 6.833114 8.256725 1
5.739706 4.262343 21.142626 6
11.964011 0.781743 14.142523 6
6.062772 2.698857 2.380807 6
-0.161533 6.179457 9.380910 6
5.067954 3.847455 20.613584 1
12.635763 0.366855 14.671565 1
6.734524 3.113745 2.909849 1
-0.833285 6.594345 8.851868 1
2.865379 5.100471 21.806222 6
-2.667662 1.619871 13.478927 6
8.937099 1.860729 1.717211 6
14.470140 5.341329 10.044506 6
2.883409 5.025986 20.858227 1
-2.685692 1.545386 14.426921 1
8.919069 1.935214 2.665205 1
14.488170 5.415814 9.096511 1
1.689110 5.204889 22.621544 6
-1.491393 1.724289 12.663605 6
10.113368 1.756311 0.901888 6
13.293871 5.236911 10.859828 6
0.295559 5.241784 22.181420 6
-0.097841 1.761184 13.103728 6
11.506919 1.719416 1.342012 6
11.900320 5.200016 10.419704 6
-0.733287 4.916696 23.052964 6
0.931004 1.436096 12.232185 6
12.535765 2.044504 0.470469 6
10.871474 5.525104 11.291247 6
5.172996 4.627806 0.411660 1
0.728244 1.147206 11.350056 1
6.629483 2.333394 23.111772 1
11.074235 5.813994 12.173376 1
-2.054313 5.007887 22.653065 6
2.252030 1.527287 12.632083 6
13.856791 1.953313 0.870367 6
9.550448 5.433913 10.891349 6
-2.752372 4.771206 23.250560 1
2.950089 1.290606 12.034588 1
14.554850 2.189994 0.272872 1
8.852389 5.670594 11.488844 1
-2.350929 5.445747 21.371038 6
2.548647 1.965147 13.914110 6
14.153408 1.515453 2.152394 6
9.253832 4.996053 9.609322 6
-3.255781 5.532066 21.095814 1
3.453498 2.051466 14.189334 1
15.058259 1.429134 2.427618 1
8.348980 4.909734 9.334098 1
-1.329981 5.757609 20.495966 6
1.527698 2.277009 14.789182 6
13.132459 1.203591 3.027466 6
10.274780 4.684191 8.734250 6
-1.536243 6.049979 19.613838 1
1.733960 2.569379 15.671311 1
13.338721 0.911221 3.909594 1
10.068518 4.391821 7.852122 1
-0.016453 5.648318 20.890690 6
0.214171 2.167718 14.394459 6
11.818931 1.312882 2.632743 6
11.588308 4.793482 9.128974 6
0.680232 5.850889 20.277199 1
-0.482515 2.370289 15.007950 1
11.122246 1.110311 3.246234 1
12.284993 4.590911 8.515482 1
1.435385 5.205585 3.105093 17
4.465854 1.724985 8.656623 17
10.367093 1.755615 20.418339 17
7.336624 5.236215 14.866809 17
16.776708 6.024222 1.376121 17
6.630531 2.543622 10.385595 17
-4.974230 0.936978 22.147311 17
5.171947 4.417578 13.137837 17
-0.166240 3.333719 1.761435 17
6.067479 6.814319 10.000282 17
11.968718 3.627481 21.761998 17
5.734999 0.146881 13.523151 17
-0.083877 4.761461 2.526417 6
5.985116 1.280861 9.235299 6
11.886355 2.199739 20.997016 6
5.817362 5.680339 14.288133 6
-0.706203 4.716909 3.309747 1
6.607442 1.236309 8.451969 1
12.508681 2.244291 20.213685 1
5.195037 5.724891 15.071463 1
1.099970 4.949413 2.813402 17
4.801269 1.468813 8.948314 17
10.702509 2.011787 20.710030 17
7.001209 5.492387 14.575119 17
16.633526 4.728047 1.129125 17
6.773713 1.247447 10.632591 17
-4.831048 2.233153 22.394307 17
5.028765 5.713753 12.890841 17
0.305427 0.156627 1.917160 17
5.595812 3.637227 9.844556 17
11.497051 6.804573 21.606272 17
6.206666 3.323973 13.678876 17
-0.169109 5.506309 2.415856 6
6.070348 2.025709 9.345860 6
11.971587 1.454891 21.107576 6
5.732130 4.935491 14.177573 6
16.709274 5.545988 3.192130 1
6.697965 2.065388 8.569586 1
-4.906796 1.415212 20.331302 1
5.104513 4.895812 14.953846 1
