10.690806 12.104658 0.899477 6
3.966479 5.252008 4.266960 6
3.563863 1.600642 9.433396 6
10.288190 8.453292 6.065913 6
11.786111 12.640672 1.718873 7
2.871173 5.788022 3.447563 7
2.468558 1.064628 8.613999 7
11.383496 7.917278 6.885309 7
11.724174 12.813359 3.168782 6
2.933110 5.960709 1.997654 6
2.530495 0.891941 7.164090 6
11.321559 7.744591 8.335218 6
12.751876 12.038598 3.962863 6
1.905408 5.185948 1.203573 6
1.502793 1.666702 6.370009 6
12.349261 8.519352 9.129299 6
13.185172 10.772640 3.593463 6
1.472113 3.919990 1.572973 6
1.069497 2.932660 6.739409 6
12.782557 9.785310 8.759899 6
14.061708 10.064487 4.410276 6
0.595576 3.211837 0.756160 6
0.192961 3.640813 5.922596 6
13.659093 10.493463 9.576712 6
14.518493 10.622430 5.590807 6
-0.666440 3.769780 9.908501 6
-0.263824 3.082870 4.742065 6
14.921109 9.935520 0.424371 6
14.109306 11.888662 5.956177 6
-0.257252 5.036012 9.543131 6
0.145363 1.816638 4.376695 6
14.511921 8.669288 0.789741 6
13.226803 12.597226 5.144427 6
1.430481 5.744576 0.022009 6
1.027866 1.108074 5.188445 6
12.824188 7.960724 10.310863 6
12.697222 13.324978 0.982759 6
1.960063 6.472328 4.183677 6
1.557447 0.380322 9.350113 6
12.294606 7.232972 6.149195 6
13.658734 0.245873 1.371999 8
0.998551 7.098523 3.794437 8
0.595935 13.459427 8.960873 8
13.256118 6.606777 6.538435 8
11.527010 13.173671 9.958099 7
2.325044 6.321021 5.541209 7
2.727660 0.531629 0.374773 7
11.929625 7.384279 4.791663 7
12.258929 0.068252 8.846798 6
1.593125 6.920902 6.652510 6
1.995740 13.637048 1.486074 6
12.661544 6.784398 3.680362 6
11.707493 1.408768 8.403518 6
2.144561 8.261418 7.095790 6
2.547177 12.296532 1.929354 6
12.110108 5.443882 3.237082 6
12.389332 2.099652 7.397613 6
1.462722 8.952302 8.101695 6
1.865337 11.605648 2.935259 6
12.791947 4.752998 2.231177 6
11.908191 3.318327 6.937387 6
1.943863 10.170977 8.561921 6
2.346479 10.386973 3.395485 6
12.310806 3.534323 1.770951 6
10.751318 3.867910 7.472320 6
3.100735 10.720560 8.026988 6
3.503351 9.837390 2.860552 6
11.153934 2.984740 2.305884 6
10.076425 3.186619 8.476055 6
3.775629 10.039269 7.023253 6
4.178244 10.518681 1.856817 6
10.479040 3.666031 3.309619 6
10.553848 1.963695 8.943411 6
3.298206 8.816345 6.555897 6
3.700821 11.741605 1.389461 6
10.956463 4.888955 3.776975 6
10.371551 12.481006 9.827491 6
3.480502 5.628356 5.671817 6
3.883118 1.224294 0.505381 6
10.774167 8.076944 4.661055 6
9.821544 12.211148 8.764859 8
4.030509 5.358498 6.734449 8
4.433125 1.494152 1.568013 8
10.224160 8.346802 3.598423 8
10.417907 10.595293 1.060049 6
4.239378 3.742643 4.106387 6
3.836762 3.110007 9.272823 6
10.015291 9.962657 6.226485 6
8.888238 10.400541 0.938741 6
5.769046 3.547891 4.227695 6
5.366431 3.304759 9.394131 6
8.485623 10.157409 6.105177 6
7.667323 9.425409 10.205261 6
6.184730 2.572759 5.294047 6
6.587346 4.279891 0.127611 6
8.069939 11.132541 5.038825 6
8.348916 9.100182 9.258563 8
5.503138 2.247532 6.240745 8
5.905753 4.605118 1.074309 8
8.751532 11.457768 4.092127 8
7.224476 8.981357 0.068404 8
7.432809 2.128707 5.098032 8
7.030194 4.723943 10.264468 8
6.821860 11.576593 5.234840 8
5.879918 8.125324 9.348459 6
7.972135 1.272674 6.150849 6
8.374751 5.579976 0.984413 6
6.282534 12.432626 4.182023 6
4.529412 7.648791 9.801762 6
9.322642 0.796141 5.697546 6
9.725257 6.056509 0.531110 6
4.932027 12.909159 4.635326 6
8.283979 11.793959 0.601270 6
6.373305 4.941309 4.565166 6
5.970690 1.911341 9.731602 6
7.881364 8.763991 5.767706 6
7.251288 11.973772 9.537654 8
6.600766 5.121122 5.961654 8
7.003382 1.731528 0.795218 8
7.653903 8.584178 4.371218 8
9.324739 12.756482 1.191070 6
5.332546 5.903832 3.975366 6
4.929930 0.948818 9.141802 6
8.922123 7.801468 6.357506 6
9.315813 0.370043 0.704599 8
5.341472 7.222693 4.461837 8
4.938856 13.335257 9.628274 8
8.913197 6.482607 5.871035 8
10.810678 12.504716 3.469778 1
3.846607 5.652066 1.696658 1
3.443991 1.200584 6.863094 1
10.408062 8.053234 8.636214 1
11.823121 0.079491 3.387115 1
2.834163 6.932141 1.779321 1
2.431548 13.625809 6.945757 1
11.420506 6.773159 8.553551 1
12.862859 10.385876 2.760943 1
1.794425 3.533226 2.405493 1
1.391810 3.319424 7.571929 1
12.460244 10.172074 7.927379 1
14.364322 9.209962 4.133149 1
0.292962 2.357312 1.033287 1
-0.109653 4.495338 6.199723 1
13.961707 11.347988 9.299585 1
0.081035 10.169333 6.149092 1
13.771018 3.316683 9.350216 1
14.173634 3.535967 4.183780 1
0.483651 10.388617 0.982656 1
14.494824 12.303248 6.768031 1
-0.642770 5.450598 8.731277 1
-0.240155 1.402052 3.564841 1
14.897439 8.254702 1.601595 1
12.916153 13.502462 5.400992 1
0.935900 6.649812 10.098316 1
1.338516 0.202838 4.931880 1
13.318769 7.055488 0.234556 1
12.207183 13.135160 8.102005 1
1.644870 6.282510 7.397303 1
2.047486 0.570140 2.230867 1
12.609799 7.422790 2.935569 1
13.156677 0.143906 9.136325 1
0.695377 6.996556 6.362983 1
1.097992 13.561394 1.196547 1
13.559292 6.708744 3.969889 1
13.202269 1.718645 7.043919 1
0.649785 8.571295 8.455389 1
1.052400 11.986655 3.288953 1
13.604884 5.134005 1.877483 1
12.387165 3.807332 6.236922 1
1.464888 10.659982 9.262387 1
1.867504 9.897968 4.095950 1
12.789781 3.045318 1.070486 1
10.389362 4.706400 7.136915 1
3.462691 11.559050 8.362393 1
3.865307 8.998900 3.195957 1
10.791978 2.146250 1.970479 1
9.243701 3.555155 8.890403 1
4.608352 10.407805 6.608905 1
5.010968 10.150145 1.442469 1
9.646317 3.297495 3.723967 1
10.077029 1.506212 9.637470 1
3.775024 8.358862 5.861838 1
4.177640 12.199088 0.695402 1
10.479645 5.346438 4.471034 1
10.714874 10.339278 1.954979 1
3.942410 3.486628 3.211457 1
3.539795 3.366022 8.377893 1
10.312259 10.218672 7.121415 1
10.890897 10.066543 0.411248 1
3.766387 3.213893 4.755188 1
3.363772 3.638757 9.921624 1
10.488282 10.491407 5.577684 1
8.506721 10.104918 1.805153 1
6.150564 3.252268 3.361283 1
5.747948 3.600382 8.527719 1
8.104105 10.453032 6.971589 1
6.535653 7.365228 9.183857 1
7.316401 0.512578 6.315451 1
7.719016 6.340072 1.149015 1
6.938268 13.192722 4.017421 1
5.830295 8.663120 8.533919 1
8.021759 1.810470 6.965389 1
8.424374 5.042180 1.798953 1
6.232910 11.894830 3.367483 1
4.152121 7.037672 9.139425 1
9.699933 0.185022 6.359883 1
10.102548 6.667628 1.193447 1
4.554736 13.520278 3.972989 1
3.883580 8.365715 9.918524 1
9.968474 1.513065 5.580784 1
10.371089 5.339585 0.414348 1
4.286195 12.192235 4.752088 1
5.402626 7.206247 0.320319 1
9.254659 0.353597 4.846117 1
8.852043 6.499053 10.012553 1
5.000010 13.351703 5.486755 1
7.419146 11.907165 1.035354 1
7.238138 5.054515 4.131082 1
6.835523 1.798135 9.297518 1
7.016531 8.650785 6.201790 1
8.025229 12.022289 9.123926 1
5.826825 5.169639 6.375382 1
6.229440 1.683011 1.208946 1
8.427845 8.535661 3.957490 1
9.193963 12.752782 2.165770 1
5.463321 5.900132 3.000666 1
5.060706 0.952518 8.167102 1
8.791348 7.805168 7.332206 1
8.560016 0.767497 0.870028 1
6.097268 7.620147 4.296408 1
5.694653 12.937803 9.462844 1
8.157401 6.085153 6.036464 1
