4.983167 5.007128 6.502953 8
0.658808 5.699074 4.953976 8
6.072512 2.633092 5.868239 7
-0.430537 8.073110 5.588690 7
0.502525 1.155962 5.299975 7
5.139449 9.550240 6.156953 7
2.612497 6.600857 7.235050 7
3.029478 4.105345 4.221878 7
5.764180 6.446627 9.033788 7
-0.122206 4.259575 2.423140 7
-0.116171 0.372572 2.334922 7
5.758146 10.333630 9.122006 7
2.894071 0.189877 4.092415 7
2.747904 10.516325 7.364514 7
2.704752 2.837573 7.395447 7
2.937223 7.868629 4.061481 7
5.742002 2.822760 9.206788 7
-0.100027 7.883442 2.250141 7
0.289311 2.451706 5.397359 6
5.352663 8.254496 6.059569 6
5.470440 1.411002 6.090503 6
0.171534 9.295200 5.366425 6
-0.631069 0.472701 5.725027 6
6.273043 10.233501 5.731901 6
1.974573 6.963694 8.122962 6
3.667401 3.742508 3.333966 6
-0.181667 6.879417 9.124298 6
5.823642 3.826785 2.332631 6
1.155542 7.358994 9.194185 6
4.486433 3.347208 2.262743 6
5.793751 0.029845 2.232955 6
-0.151777 10.676357 9.223973 6
3.586322 -0.058176 3.217106 6
2.055653 10.764378 8.239823 6
4.411645 10.812236 2.124115 6
1.230329 -0.106034 9.332814 6
1.624221 8.139552 10.263117 6
4.017754 2.566650 1.193812 6
2.991608 8.560033 10.327275 6
2.650367 2.146169 1.129653 6
0.779141 8.483005 11.342359 6
4.862833 2.223197 0.114569 6
3.939747 10.090203 1.021958 6
1.702228 0.615999 10.434970 6
3.449450 9.269276 11.388187 6
2.192524 1.436926 0.068742 6
2.567915 9.680485 0.941760 6
3.074059 1.025717 10.515169 6
2.034670 3.182406 8.259300 6
3.607305 7.523796 3.197629 6
-0.173595 3.162774 9.267509 6
5.815569 7.543428 2.189419 6
1.192405 3.593087 9.337397 6
4.449570 7.113115 2.119532 6
1.662843 4.346536 10.385706 6
3.979131 6.359666 1.071223 6
3.045042 4.770580 10.418931 6
2.596932 5.935622 1.037998 6
2.145874 5.207092 0.009166 6
3.496100 5.499110 11.447763 6
5.663433 3.484900 6.030927 1
-0.021459 7.221301 5.426001 1
1.311910 0.741347 4.994075 1
4.330065 9.964855 6.462853 1
0.913563 3.145666 5.167075 1
4.728412 7.560536 6.289854 1
4.587081 1.253027 6.433065 1
1.054894 9.453175 5.023863 1
3.568214 8.318454 9.614654 1
2.073760 2.387748 1.842274 1
-0.181315 8.191275 11.304551 1
5.823290 2.514927 0.152377 1
4.423373 9.575185 11.382458 1
1.218602 1.131017 0.074470 1
1.973844 9.835647 1.685314 1
3.668130 0.870555 9.771614 1
3.632072 4.497602 9.707456 1
2.009903 6.208600 1.749473 1
-0.094087 4.396992 11.430578 1
5.736062 6.309210 0.026351 1
4.109769 5.155621 6.156953 1
1.532205 5.550581 5.299975 1
5.196581 5.410900 7.282024 1
0.445393 5.295302 4.174905 1
