0.933901 3.043166 10.884277 8
13.912414 3.043166 16.017050 8
9.777901 8.635166 10.884277 8
5.068414 8.635166 16.017050 8
14.859643 8.140834 7.049941 8
1.881129 8.140834 1.917168 8
6.015643 2.548834 7.049941 8
10.725129 2.548834 1.917168 8
-0.277927 1.271621 11.460504 8
15.124241 1.271621 15.440824 8
8.566073 6.863621 11.460504 8
6.280241 6.863621 15.440824 8
16.071470 9.912379 6.473715 8
0.669302 9.912379 2.493394 8
7.227470 4.320379 6.473715 8
9.513302 4.320379 2.493394 8
0.590055 7.253942 8.474636 8
16.150717 7.253942 0.492474 8
9.434055 1.661942 8.474636 8
7.306717 1.661942 0.492474 8
15.203488 3.930058 9.459583 8
-0.357174 3.930058 17.441745 8
6.359488 9.522058 9.459583 8
8.486826 9.522058 17.441745 8
3.213464 5.831338 7.839047 8
13.527308 5.831338 1.128062 8
12.057464 0.239338 7.839047 8
4.683308 0.239338 1.128062 8
12.580079 5.352662 10.095172 8
2.266236 5.352662 16.806156 8
3.736079 10.944662 10.095172 8
11.110236 10.944662 16.806156 8
3.784945 5.755286 10.669067 8
11.061369 5.755286 16.232261 8
12.628945 0.163286 10.669067 8
2.217369 0.163286 16.232261 8
12.008598 5.428714 7.265152 8
4.732174 5.428714 1.701957 8
3.164598 11.020714 7.265152 8
13.576174 11.020714 1.701957 8
1.654140 7.266245 13.108120 8
13.192175 7.266245 13.793207 8
10.498140 1.674245 13.108120 8
4.348175 1.674245 13.793207 8
14.139403 3.917755 4.826098 8
2.601368 3.917755 4.141011 8
5.295403 9.509755 4.826098 8
11.445368 9.509755 4.141011 8
14.973932 8.074848 11.656166 8
-0.127617 8.074848 15.245162 8
6.129932 2.482848 11.656166 8
8.716383 2.482848 15.245162 8
0.819611 3.109152 6.278052 8
15.921160 3.109152 2.689057 8
9.663611 8.701152 6.278052 8
7.077160 8.701152 2.689057 8
-1.420843 2.604754 13.450664 7
7.423157 8.196754 13.450664 7
-0.473614 8.579246 4.483555 7
8.370386 2.987246 4.483555 7
-1.420843 5.385096 13.450664 6
7.423157 10.977096 13.450664 6
-0.473614 5.798904 4.483555 6
8.370386 0.206904 4.483555 6
-1.420843 6.324552 13.450664 1
7.423157 0.732552 13.450664 1
-0.473614 4.859448 4.483555 1
8.370386 10.451448 4.483555 1
-0.689479 4.682741 12.521671 6
15.535794 4.682741 14.379656 6
8.154521 10.274741 12.521671 6
6.691794 10.274741 14.379656 6
16.483023 6.501259 5.412547 6
0.257749 6.501259 3.554562 6
7.639023 0.909259 5.412547 6
9.101749 0.909259 3.554562 6
-0.180469 5.132338 11.872453 1
15.026784 5.132338 15.028875 1
8.663531 10.724338 11.872453 1
6.182784 10.724338 15.028875 1
15.974012 6.051662 6.061766 1
0.766760 6.051662 2.905343 1
7.130012 0.459662 6.061766 1
9.610760 0.459662 2.905343 1
-0.718789 3.301517 12.564713 6
15.565104 3.301517 14.336614 6
8.125211 8.893517 12.564713 6
6.721104 8.893517 14.336614 6
16.512332 7.882483 5.369505 6
0.228439 7.882483 3.597604 6
7.668332 2.290483 5.369505 6
9.072439 2.290483 3.597604 6
0.071762 2.537650 11.544256 6
14.774553 2.537650 15.357071 6
8.915762 8.129650 11.544256 6
5.930553 8.129650 15.357071 6
15.721781 8.646350 6.389962 6
1.018991 8.646350 2.577147 6
6.877781 3.054350 6.389962 6
9.862991 3.054350 2.577147 6
0.445000 0.526766 10.455649 6
14.401314 0.526766 16.445678 6
9.289000 6.118766 10.455649 6
5.557314 6.118766 16.445678 6
15.348543 10.657234 7.478569 6
1.392229 10.657234 1.488540 6
6.504543 5.065234 7.478569 6
10.236229 5.065234 1.488540 6
1.396371 0.486504 10.692381 1
13.449943 0.486504 16.208947 1
10.240371 6.078504 10.692381 1
4.605943 6.078504 16.208947 1
14.397172 10.697496 7.241837 1
2.343600 10.697496 1.725272 1
5.553172 5.105496 7.241837 1
11.187600 5.105496 1.725272 1
0.363350 0.971890 9.587633 1
14.482965 0.971890 17.313694 1
9.207350 6.563890 9.587633 1
5.638965 6.563890 17.313694 1
15.430193 10.212110 8.346585 1
1.310578 10.212110 0.620524 1
6.586193 4.620110 8.346585 1
10.154578 4.620110 0.620524 1
-0.115649 10.326187 10.371358 6
14.961964 10.326187 16.529969 6
8.728351 4.734187 10.371358 6
6.117964 4.734187 16.529969 6
15.909192 0.857813 7.562860 6
0.831579 0.857813 1.404249 6
7.065192 6.449813 7.562860 6
9.675579 6.449813 1.404249 6
16.494169 9.896722 11.117422 6
-1.647855 9.896722 15.783906 6
7.650169 4.304722 11.117422 6
7.196145 4.304722 15.783906 6
-0.700626 1.287278 6.816796 6
17.441398 1.287278 2.150313 6
8.143374 6.879278 6.816796 6
8.597398 6.879278 2.150313 6
16.072839 10.478290 11.723599 1
-1.226524 10.478290 15.177729 1
7.228839 4.886290 11.723599 1
7.617476 4.886290 15.177729 1
-0.279296 0.705710 6.210620 1
17.020068 0.705710 2.756489 1
8.564704 6.297710 6.210620 1
8.176068 6.297710 2.756489 1
16.040529 8.596022 10.957807 6
-1.194215 8.596022 15.943520 6
7.196529 3.004022 10.957807 6
7.649785 3.004022 15.943520 6
-0.246986 2.587978 6.976411 6
16.987758 2.587978 1.990698 6
8.597014 8.179978 6.976411 6
8.143758 8.179978 1.990698 6
-1.039985 7.735973 10.062890 6
15.886300 7.735973 16.838438 6
7.804015 2.143973 10.062890 6
7.042300 2.143973 16.838438 6
16.833528 3.448027 7.871328 6
-0.092757 3.448027 1.095781 6
7.989528 9.040027 7.871328 6
8.751243 9.040027 1.095781 6
16.328616 6.859147 9.955285 1
-1.482301 6.859147 16.946043 1
7.484616 1.267147 9.955285 1
7.361699 1.267147 16.946043 1
-0.535073 4.324853 7.978934 1
17.275844 4.324853 0.988175 1
8.308927 9.916853 7.978934 1
8.431844 9.916853 0.988175 1
0.034912 8.175504 9.331174 6
14.811403 8.175504 17.570154 6
8.878912 2.583504 9.331174 6
5.967403 2.583504 17.570154 6
15.758631 3.008496 8.603045 6
0.982140 3.008496 0.364065 6
6.914631 8.600496 8.603045 6
9.826140 8.600496 0.364065 6
0.497711 9.471730 9.471061 6
14.348604 9.471730 17.430267 6
9.341711 3.879730 9.471061 6
5.504604 3.879730 17.430267 6
15.295832 1.712270 8.463158 6
1.444939 1.712270 0.503952 6
6.451832 7.304270 8.463158 6
10.288939 7.304270 0.503952 6
1.225995 9.770342 8.956349 1
15.514777 9.770342 0.010761 1
10.069995 4.178342 8.956349 1
6.670777 4.178342 0.010761 1
14.567548 1.413658 8.977870 1
0.278766 1.413658 17.923458 1
5.723548 7.005658 8.977870 1
9.122766 7.005658 17.923458 1
1.659680 7.686763 7.647151 6
15.081092 7.686763 1.319958 6
10.503680 2.094763 7.647151 6
6.237092 2.094763 1.319958 6
14.133864 3.497237 10.287068 6
0.712451 3.497237 16.614260 6
5.289864 9.089237 10.287068 6
9.556451 9.089237 16.614260 6
2.329823 8.157610 8.185177 1
14.410949 8.157610 0.781932 1
11.173823 2.565610 8.185177 1
5.566949 2.565610 0.781932 1
13.463720 3.026390 9.749041 1
1.382594 3.026390 17.152286 1
4.619720 8.618390 9.749041 1
10.226594 8.618390 17.152286 1
1.325224 8.301883 6.962064 1
15.415548 8.301883 2.005046 1
10.169224 2.709883 6.962064 1
6.571548 2.709883 2.005046 1
14.468319 2.882117 10.972155 1
0.377995 2.882117 15.929173 1
5.624319 8.474117 10.972155 1
9.221995 8.474117 15.929173 1
2.278545 6.473299 6.996139 6
14.462226 6.473299 1.970971 6
11.122545 0.881299 6.996139 6
5.618226 0.881299 1.970971 6
13.514998 4.710701 10.938080 6
1.331317 4.710701 15.963248 6
4.670998 10.302701 10.938080 6
10.175317 10.302701 15.963248 6
1.571269 5.839166 6.759407 1
15.169503 5.839166 2.207702 1
10.415269 0.247166 6.759407 1
6.325503 0.247166 2.207702 1
14.222274 5.344834 11.174811 1
0.624040 5.344834 15.726516 1
5.378274 10.936834 11.174811 1
9.468040 10.936834 15.726516 1
2.726715 6.746189 6.169371 1
14.014057 6.746189 2.797738 1
11.570715 1.154189 6.169371 1
5.170057 1.154189 2.797738 1
13.066828 4.437811 11.764847 1
1.779486 4.437811 15.136480 1
4.222828 10.029811 11.764847 1
10.623486 10.029811 15.136480 1
2.657323 4.854974 8.701683 6
14.083448 4.854974 0.265426 6
11.501323 10.446974 8.701683 6
5.239448 10.446974 0.265426 6
13.136220 6.329026 9.232536 6
1.710095 6.329026 17.668792 6
4.292220 0.737026 9.232536 6
10.554095 0.737026 17.668792 6
2.514474 4.017293 8.212079 1
14.226298 4.017293 0.755031 1
11.358474 9.609293 8.212079 1
5.382298 9.609293 0.755031 1
13.279069 7.166707 9.722140 1
1.567245 7.166707 17.179188 1
4.435069 1.574707 9.722140 1
10.411245 1.574707 17.179188 1
1.789992 5.163653 9.042433 1
13.056322 5.163653 17.858895 1
10.633992 10.755653 9.042433 1
4.212322 10.755653 17.858895 1
14.003551 6.020347 8.891785 1
2.737221 6.020347 0.075324 1
5.159551 0.428347 8.891785 1
11.581221 0.428347 0.075324 1
3.596915 4.627939 9.836919 6
11.249399 4.627939 17.064409 6
12.440915 10.219939 9.836919 6
2.405399 10.219939 17.064409 6
12.196628 6.556061 8.097300 6
4.544144 6.556061 0.869810 6
3.352628 0.964061 8.097300 6
13.388144 0.964061 0.869810 6
3.258085 3.887558 10.382119 1
11.588230 3.887558 16.519209 1
12.102085 9.479558 10.382119 1
2.744230 9.479558 16.519209 1
12.535459 7.296442 7.552099 1
4.205313 7.296442 1.415010 1
3.691459 1.704442 7.552099 1
13.049313 1.704442 1.415010 1
4.464750 4.356168 9.474648 1
10.381564 4.356168 17.426680 1
13.308750 9.948168 9.474648 1
1.537564 9.948168 17.426680 1
11.328793 6.827832 8.459571 1
5.411979 6.827832 0.507538 1
2.484793 1.235832 8.459571 1
14.255979 1.235832 0.507538 1
2.622302 6.107582 11.377468 6
12.224013 6.107582 15.523859 6
11.466302 0.515582 11.377468 6
3.380013 0.515582 15.523859 6
13.171241 5.076418 6.556750 6
3.569531 5.076418 2.410359 6
4.327241 10.668418 6.556750 6
12.413531 10.668418 2.410359 6
2.043188 6.645533 10.798193 1
12.803127 6.645533 16.103135 1
10.887188 1.053533 10.798193 1
3.959127 1.053533 16.103135 1
13.750356 4.538467 7.136025 1
2.990416 4.538467 1.831084 1
4.906356 10.130467 7.136025 1
11.834416 10.130467 1.831084 1
2.131722 5.293387 11.617787 1
12.714593 5.293387 15.283541 1
10.975722 10.885387 11.617787 1
3.870593 10.885387 15.283541 1
13.661821 5.890613 6.316432 1
3.078950 5.890613 2.650677 1
4.817821 0.298613 6.316432 1
11.922950 0.298613 2.650677 1
2.903964 6.823358 12.528845 6
11.942350 6.823358 14.372483 6
11.747964 1.231358 12.528845 6
3.098350 1.231358 14.372483 6
12.889579 4.360642 5.405373 6
3.851193 4.360642 3.561736 6
4.045579 9.952642 5.405373 6
12.695193 9.952642 3.561736 6
3.466182 7.597291 12.313634 1
11.380133 7.597291 14.587693 1
12.310182 2.005291 12.313634 1
2.536133 2.005291 14.587693 1
12.327361 3.586709 5.620584 1
4.413410 3.586709 3.346525 1
3.483361 9.178709 5.620584 1
13.257410 9.178709 3.346525 1
3.388577 6.258566 13.165510 1
11.457738 6.258566 13.735818 1
12.232577 0.666566 13.165510 1
2.613738 0.666566 13.735818 1
12.404966 4.925434 4.768709 1
4.335805 4.925434 4.198401 1
3.560966 10.517434 4.768709 1
13.179805 10.517434 4.198401 1
14.279370 8.931542 12.543192 6
0.566944 8.931542 14.358135 6
5.435370 3.339542 12.543192 6
9.410944 3.339542 14.358135 6
1.514173 2.252458 5.391026 6
15.226599 2.252458 3.576083 6
10.358173 7.844458 5.391026 6
6.382599 7.844458 3.576083 6
14.095651 9.788237 12.105597 1
0.750663 9.788237 14.795730 1
5.251651 4.196237 12.105597 1
9.594663 4.196237 14.795730 1
1.697892 1.395763 5.828621 1
15.042880 1.395763 3.138488 1
10.541892 6.987763 5.828621 1
6.198880 6.987763 3.138488 1
14.826908 9.103776 13.337678 1
0.019407 9.103776 13.563649 1
5.982908 3.511776 13.337678 1
8.863407 3.511776 13.563649 1
0.966635 2.080224 4.596540 1
15.774136 2.080224 4.370569 1
9.810635 7.672224 4.596540 1
6.930136 7.672224 4.370569 1
12.986393 8.273923 12.944919 6
1.859922 8.273923 13.956409 6
4.142393 2.681923 12.944919 6
10.703922 2.681923 13.956409 6
2.807150 2.910077 4.989300 6
13.933621 2.910077 3.977810 6
11.651150 8.502077 4.989300 6
5.089621 8.502077 3.977810 6
12.402389 8.938253 13.366373 1
2.443925 8.938253 13.534955 1
3.558389 3.346253 13.366373 1
11.287925 3.346253 13.534955 1
3.391154 2.245747 4.567845 1
13.349618 2.245747 4.399264 1
12.235154 7.837747 4.567845 1
4.505618 7.837747 4.399264 1
12.533171 7.936166 12.145053 1
2.313144 7.936166 14.756275 1
3.689171 2.344166 12.145053 1
11.157144 2.344166 14.756275 1
3.260373 3.247834 5.789166 1
13.480399 3.247834 3.177943 1
12.104373 8.839834 5.789166 1
4.636399 8.839834 3.177943 1
