5.603034 -0.251010 1.595058 7
1.500852 8.340399 9.871931 7
1.515829 2.947136 1.355857 7
5.588057 5.142253 10.111132 7
5.359766 0.766197 0.981001 8
1.744120 7.323191 10.485988 8
6.699406 10.253798 2.058095 8
0.404479 -2.164409 9.408894 8
3.990860 -0.038804 3.789381 8
3.113026 8.128192 7.677608 8
2.625687 8.045444 3.408677 8
4.478199 0.043944 8.058312 8
1.807370 7.661997 1.064825 8
5.296516 0.427392 10.402164 8
2.612768 3.127209 1.820270 8
4.491118 4.962179 9.646719 8
1.232508 1.995611 0.663939 8
5.871378 6.093778 10.803050 8
-0.050517 2.819321 3.673221 8
7.154403 5.270068 7.793768 8
6.725409 5.457158 3.253643 8
0.378477 2.632231 8.213346 8
5.975358 5.829004 0.886628 8
1.128528 2.260384 10.580361 8
4.500395 9.543579 1.829214 6
2.603491 -1.454191 9.637775 6
3.399910 -0.527242 2.596012 6
3.703976 8.616631 8.870977 6
2.232867 9.316407 2.855624 6
4.871019 -1.227019 8.611365 6
1.395850 8.904739 1.651476 6
5.708035 -0.815350 9.815513 6
0.785745 7.662193 2.070136 6
6.318141 0.427195 9.396854 6
1.300045 7.477673 3.480575 6
5.803841 0.611715 7.986414 6
0.534235 8.504948 4.318468 6
6.569651 -0.415560 7.148521 6
1.235098 9.827671 3.916894 6
5.868788 -1.738282 7.550095 6
1.962156 -0.277805 5.079876 6
5.141729 8.367194 6.387113 6
3.044012 0.660431 4.600556 6
4.059874 7.428957 6.866433 6
0.444076 3.927484 1.655833 6
6.659810 4.161905 9.811156 6
7.522524 3.263733 2.463224 6
-0.418638 4.825656 9.003765 6
6.353171 4.180616 2.697036 6
0.750715 3.908773 8.769953 6
5.540531 4.587369 1.474999 6
1.563355 3.502019 9.991990 6
4.925902 5.836884 1.867284 6
2.177983 2.252504 9.599705 6
5.402898 6.016161 3.286783 6
1.700988 2.073228 8.180206 6
4.603059 4.984096 4.104035 6
2.500827 3.105293 7.362954 6
5.338635 3.677326 3.745463 6
1.765251 4.412063 7.721526 6
6.062941 3.060578 4.932067 6
1.040945 5.028811 6.534922 6
7.159943 2.133056 4.501940 6
-0.056058 5.956332 6.965049 6
0.627578 -0.290473 3.513485 1
6.476308 8.379862 7.953504 1
0.990989 9.558912 1.103124 1
6.112897 -1.469524 10.363865 1
3.088721 0.185401 2.085845 1
4.015165 7.903987 9.381144 1
2.389629 -1.010915 5.630292 1
4.714256 9.100303 5.836697 1
7.176591 2.478604 1.971175 1
-0.072705 5.610785 9.495814 1
5.439498 6.931034 3.646503 1
1.664388 1.158354 7.820487 1
6.814741 1.338041 4.001979 1
0.289145 6.751347 7.465010 1
3.567382 0.987715 5.366551 1
3.536504 7.101674 6.100438 1
0.850134 4.614843 2.132860 1
6.253752 3.474545 9.334129 1
5.194969 3.933302 0.901305 1
1.908917 4.156087 10.565684 1
4.895951 8.845930 2.310598 1
2.207935 -0.756542 9.156391 1
7.676429 1.805483 5.274815 1
-0.572544 6.283905 6.192174 1
4.776407 2.993859 3.366708 1
2.327478 5.095529 8.100281 1
1.320665 0.258734 5.631438 1
5.783221 7.830655 5.835551 1
5.442278 2.558914 5.505301 1
1.661608 5.530475 5.961688 1
4.199228 9.251403 0.940293 1
2.904658 -1.162015 10.526696 1
2.587121 1.421536 4.059314 1
4.516765 6.667853 7.407675 1
0.076606 4.238771 0.791222 1
7.027280 3.850618 10.675767 1
3.686219 4.996905 3.864375 1
3.417667 3.092483 7.602614 1
1.354933 6.576175 3.829974 1
5.748952 1.513214 7.637015 1
-0.089347 7.391472 1.809491 1
7.193233 0.697917 9.657498 1
4.022495 6.142188 1.582444 1
3.081391 1.947201 9.884545 1
6.468498 3.753691 5.458287 1
0.635388 4.335698 6.008702 1
0.652022 8.332598 5.251881 1
6.451864 -0.243210 6.215108 1
4.679816 5.187065 5.034008 1
2.424070 2.902323 6.432981 1
7.768549 8.508346 4.082248 1
-0.664663 -0.418958 7.384741 1
