8.004194 5.583161 1.465707 9
5.725037 2.086561 5.957097 9
1.752967 1.410039 13.379901 9
4.032124 4.906639 8.888510 9
10.516890 5.017621 2.119359 9
3.212340 1.521021 5.303445 9
-0.759730 1.975579 12.726248 9
6.544821 5.472179 9.542163 9
3.843326 4.497047 12.690174 9
1.941765 1.000447 9.578237 9
5.913834 2.496153 2.155434 9
7.815396 5.992753 5.267370 9
-0.754458 1.277308 1.475060 9
14.483688 4.773908 5.947744 9
10.511619 5.715892 13.370548 9
-4.726528 2.219292 8.897863 9
7.080805 1.800539 14.564283 9
-1.295713 5.297139 7.704128 9
2.676356 5.192661 0.281324 9
11.052874 1.696061 7.141479 9
9.978315 2.630842 11.233226 9
-4.193224 6.127442 11.035185 9
-0.221155 4.362358 3.612382 9
13.950385 0.865758 3.810422 9
1.405095 5.138813 11.629752 7
4.379996 1.642213 10.638659 7
8.352065 1.854387 3.215855 7
5.377165 5.350987 4.206948 7
-0.708302 5.594910 13.520637 7
6.493393 2.098310 8.747774 7
10.465462 1.398290 1.324970 7
3.263768 4.894890 6.097833 7
3.193076 4.719011 14.820964 7
2.592015 1.222411 7.447447 7
6.564085 2.274189 0.024644 7
7.165146 5.770789 7.398160 7
-5.496925 2.021804 12.702050 7
11.282016 5.518404 9.566361 7
15.254085 4.971396 2.143557 7
-1.524855 1.474796 5.279246 7
2.009627 1.471439 0.642073 7
11.719604 4.968039 6.780731 7
7.747534 5.521761 14.203535 7
-1.962443 2.025161 8.064876 7
8.540872 2.256426 12.911522 7
-2.755781 5.753026 9.356889 7
1.216289 4.736774 1.934086 7
12.512941 1.240174 5.488718 7
0.228772 5.940723 11.298101 6
5.556319 2.444123 10.970310 6
9.528389 1.052477 3.547506 6
4.200842 4.549077 3.875297 6
-0.982565 5.509243 12.087442 6
6.767656 2.012643 10.180969 6
10.739725 1.483957 2.758165 6
2.989505 4.980557 4.664638 6
8.880362 5.304342 0.472090 6
4.848868 1.807742 6.950713 6
0.876799 1.688858 14.373517 6
4.908292 5.185458 7.894894 6
10.172186 5.007831 0.809531 6
3.557044 1.511231 6.613273 6
-0.415025 1.985369 14.036076 6
6.200116 5.481969 8.232335 6
2.840541 4.769362 13.549586 6
2.944550 1.272762 8.718825 6
6.916620 2.223838 1.296022 6
6.812611 5.720438 6.126782 6
1.596649 5.053286 13.025981 6
4.188442 1.556686 9.242430 6
8.160512 1.939914 1.819626 6
5.568719 5.436514 5.603178 6
0.550564 5.318818 13.963333 6
5.234527 1.822218 8.305078 6
9.206597 1.674382 0.882274 6
4.522634 5.170982 6.540529 6
1.489018 3.871436 10.900981 6
4.296073 0.374836 11.367430 6
8.268143 3.121764 3.944626 6
5.461087 6.618364 3.478177 6
-1.875474 5.664492 14.395489 6
7.660565 2.167892 7.872922 6
11.632635 1.328708 0.450119 6
2.096596 4.825308 6.972685 6
-4.554669 1.237097 13.496587 6
10.339761 4.733697 8.771824 6
14.311830 5.756103 1.349020 6
-0.582600 2.259503 6.073783 6
3.359514 1.637807 0.105552 6
10.369716 5.134407 7.317251 6
6.397647 5.355393 14.740055 6
-0.612556 1.858793 7.528356 6
17.304772 1.636409 0.220012 6
-3.575542 5.133009 7.202792 6
-7.547612 5.356791 14.625595 6
13.332703 1.860191 7.642816 6
8.367058 1.911242 14.158256 6
-2.581967 5.407842 8.110155 6
1.390102 5.081958 0.687352 6
12.339128 1.585358 6.735452 6
9.802984 2.296567 12.526130 6
-4.017893 5.793167 9.742281 6
-0.045824 4.696633 2.319478 6
13.775054 1.200033 5.103326 6
-6.778147 2.040476 13.294835 6
12.563238 5.537076 8.973576 6
16.535308 4.952724 1.550772 6
-2.806077 1.456124 5.872032 6
-6.992384 1.716131 14.668054 6
12.777476 5.212731 7.600357 6
16.749545 5.277069 0.177553 6
-3.020315 1.780469 7.245250 6
-4.967264 3.311980 12.250447 6
10.752355 6.808580 10.017964 6
14.724424 3.681220 2.595161 6
-0.995194 0.184620 4.827643 6
1.916865 1.375562 2.101544 6
11.812365 4.872162 5.321259 6
7.840296 5.617638 12.744063 6
-2.055205 2.121038 9.524348 6
0.401805 6.888302 11.508315 1
5.383286 3.391702 10.760096 1
9.355356 0.104898 3.337293 1
4.373875 3.601498 4.085511 1
0.049353 5.860302 10.331058 1
5.735738 2.363702 11.937353 1
9.707808 1.132898 4.514549 1
4.021423 4.629498 2.908254 1
-1.741110 6.049118 11.940322 1
7.526201 2.552518 10.328089 1
11.498271 0.944082 2.905285 1
2.230960 4.440682 4.517518 1
-1.239428 4.587539 11.836403 1
7.024519 1.090939 10.432008 1
10.996589 2.405661 3.009205 1
2.732642 5.902261 4.413599 1
2.242727 3.391702 11.131236 1
3.542365 6.888302 11.137175 1
7.514434 3.601498 3.714371 1
6.214796 0.104898 3.708433 1
0.669064 3.258831 11.058493 1
5.116027 6.755431 11.209918 1
9.088096 3.734369 3.787114 1
4.641134 0.237769 3.635689 1
1.556402 4.091022 9.936165 1
4.228689 0.594422 12.332246 1
8.200758 2.902178 4.909442 1
5.528472 6.398778 2.513361 1
-2.659152 5.811349 13.864313 1
8.444243 2.314749 8.404098 1
12.416313 1.181851 0.981295 1
1.312918 4.678451 6.441509 1
6.121575 6.482696 0.138064 1
7.607656 2.986096 7.284740 1
3.635586 0.510504 14.707543 1
2.149505 4.007104 7.560868 1
5.993901 4.839294 0.105404 1
7.735329 1.342694 7.317400 1
3.763260 2.153906 14.740204 1
2.021831 5.650506 7.528207 1
-3.638744 1.391647 13.127971 1
9.423835 4.888247 9.140440 1
13.395904 5.601553 1.717637 1
0.333326 2.104953 5.705167 1
-4.821012 0.279728 13.435275 1
10.606103 3.776328 8.833136 1
14.578173 6.713472 1.410333 1
-0.848942 3.216872 6.012471 1
3.696332 2.594477 0.207839 1
10.032899 6.091077 7.214965 1
6.060829 4.398723 14.637769 1
-0.275738 0.902123 7.630642 1
3.929000 1.083946 0.626485 1
9.800230 4.580546 6.796319 1
5.828160 5.909254 14.219123 1
-0.043069 2.412654 8.049288 1
-4.664908 3.881226 12.991391 1
10.449999 0.384626 9.277020 1
14.422069 3.111974 1.854216 1
-0.692839 6.608574 5.568587 1
-5.615638 3.804301 11.771082 1
11.400729 0.307701 10.497329 1
15.372799 3.188899 3.074525 1
-1.643568 6.685499 4.348278 1
-4.190881 3.139947 11.695369 1
9.975972 6.636547 10.573042 1
13.948042 3.853253 3.150238 1
-0.218811 0.356653 4.272566 1
2.767346 1.293742 2.459917 1
10.961884 4.790342 4.962887 1
6.989815 5.699458 12.385690 1
-1.204724 2.202858 9.882721 1
1.557243 0.531483 2.369359 1
12.171988 4.028083 5.053445 1
8.199918 6.461717 12.476248 1
-2.414827 2.965117 9.792163 1
1.369444 2.056001 2.439133 1
12.359786 5.552601 4.983670 1
8.387716 4.937199 12.406474 1
-2.602625 1.440599 9.861937 1
