5.885976 1.209795 2.580185 8
5.896974 11.408005 13.464285 8
1.969324 7.518695 8.303915 8
1.958326 5.099105 19.188015 8
7.390266 0.158227 3.846441 8
4.392684 12.459573 14.730541 8
0.465034 6.467127 7.037659 8
3.462616 6.150673 17.921759 8
2.578109 8.274122 1.187455 8
1.349541 4.343678 12.071555 8
5.277191 1.965222 9.696645 8
6.505759 10.652578 20.580745 8
2.418647 9.081031 1.073172 1
1.509003 3.536769 11.957272 1
5.436653 2.772131 9.810928 1
6.346297 9.845669 20.695028 1
1.955263 10.861528 0.659576 8
1.972387 1.756272 11.543676 8
5.900037 4.552628 10.224524 8
5.882913 8.065172 21.108624 8
0.796213 0.191791 0.857885 8
3.131437 12.426009 11.741985 8
7.059087 6.500691 10.026215 8
4.723863 6.117109 20.910315 8
4.886782 6.799354 5.741798 8
6.896168 5.818446 16.625898 8
2.968518 0.490454 5.142302 8
0.959132 12.127346 16.026402 8
4.533686 4.522093 5.689990 8
7.249264 8.095707 16.574090 8
3.321614 10.830993 5.194110 8
0.606036 1.786807 16.078210 8
7.786802 10.961588 1.688995 7
3.996148 1.656212 12.573095 7
0.068498 4.652688 9.195105 7
3.859152 7.965112 20.079205 7
6.689573 0.190781 2.893211 6
5.093377 12.427019 13.777311 6
1.165727 6.499681 7.990889 6
2.761923 6.118119 18.874989 6
6.546607 11.721053 1.839848 6
5.236343 0.896747 12.723948 6
1.308693 5.412153 9.044252 6
2.618957 7.205647 19.928352 6
6.318018 12.139585 0.973039 1
5.464932 0.478215 11.857139 1
1.537282 5.830685 9.911061 1
2.390368 6.787115 20.795161 1
5.480643 10.662041 2.183133 6
6.302307 1.955759 13.067233 6
2.374657 4.353141 8.700967 6
1.552993 8.264659 19.585067 6
4.926059 10.961083 2.934353 1
6.856891 1.656717 13.818453 1
2.929241 4.652183 7.949747 1
0.998409 7.965617 18.833847 1
4.900922 10.491701 1.410579 1
6.882028 2.126099 12.294679 1
2.954378 4.182801 9.473521 1
0.973272 8.434999 20.357621 1
6.260674 9.405939 2.556457 6
5.522276 3.211861 13.440557 6
1.594626 3.097039 8.327643 6
2.333024 9.520761 19.211743 6
5.774431 8.601554 2.246478 1
6.008519 4.016246 13.130578 1
2.080869 2.292654 8.637622 1
1.846781 10.325146 19.521722 1
6.641656 9.252507 4.025376 6
5.141294 3.365293 14.909476 6
1.213644 2.943607 6.858724 6
2.714006 9.674193 17.742824 6
5.902472 8.876622 4.547377 1
5.880478 3.741178 15.431477 1
1.952828 2.567722 6.336723 1
1.974822 10.050078 17.220823 1
6.907951 10.110643 4.416768 1
4.874999 2.507157 15.300868 1
0.947349 3.801743 6.467332 1
2.980301 8.816057 17.351432 1
7.819951 8.285100 3.957241 6
3.962999 4.332700 14.841341 6
0.035349 1.976200 6.926859 6
3.892301 10.641600 17.810959 6
7.513594 7.370057 3.783313 1
4.269356 5.247743 14.667413 1
0.341706 1.061157 7.100787 1
3.585944 11.556643 17.984887 1
0.477602 8.297465 4.791181 1
3.450048 4.320335 15.675281 1
7.377698 1.988565 6.092919 1
4.405252 10.629235 16.977019 1
0.803597 8.816940 2.786983 6
3.124053 3.800860 13.671083 6
7.051703 2.508040 8.097117 6
4.731247 10.109760 18.981217 6
1.422595 9.507512 3.130267 1
2.505055 3.110288 14.014367 1
6.432705 3.198612 7.753833 1
5.350245 9.419188 18.637933 1
7.624354 9.501203 1.849209 6
4.158596 3.116597 12.733309 6
0.230946 3.192303 9.034891 6
3.696704 9.425497 19.918991 6
7.596075 9.050748 0.968685 1
4.186875 3.567052 11.852785 1
0.259225 2.741848 9.915415 1
3.668425 9.875952 20.799515 1
5.863196 2.304010 3.528625 6
5.919754 10.313790 14.412725 6
1.992104 8.612910 7.355475 6
1.935546 4.004890 18.239575 6
5.566266 1.977209 4.392823 1
6.216684 10.640591 15.276923 1
2.289034 8.286109 6.491277 1
1.638616 4.331691 17.375377 1
5.254410 2.990419 3.215163 1
6.528540 9.627381 14.099263 1
2.600890 9.299319 7.668937 1
1.326760 3.318481 18.553037 1
6.754772 2.676235 3.613521 1
5.028178 9.941565 14.497621 1
1.100528 8.985135 7.270579 1
2.827122 3.632665 18.154679 1
0.970915 11.483838 1.033772 6
2.956735 1.133962 11.917872 6
6.884385 5.174938 9.850328 6
4.898565 7.442862 20.734428 6
1.823215 1.036805 0.248375 6
2.104435 11.580995 11.132475 6
6.032085 7.345705 10.635725 6
5.750865 5.272095 21.519825 6
3.094988 0.961476 1.042697 6
0.832662 11.656324 11.926797 6
4.760312 7.270376 9.841403 6
7.022638 5.347424 20.725503 6
2.918244 1.221403 1.961315 1
1.009406 11.396397 12.845415 1
4.937056 7.530303 8.922785 1
6.845894 5.087497 19.806885 1
3.752477 1.560822 0.657400 1
0.175173 11.056978 11.541500 1
4.102823 7.869722 10.226700 1
7.680127 4.748078 21.110800 1
3.435123 0.052995 1.023105 1
0.492527 12.564805 11.907205 1
4.420177 6.361895 9.860995 1
7.362773 6.255905 20.745095 1
1.188507 2.410252 0.335883 6
2.739143 10.207548 11.219983 6
6.666793 8.719152 10.548217 6
5.116157 3.898648 21.432317 6
0.322853 2.394858 21.665889 1
3.604797 10.222942 10.781789 1
7.532447 8.703758 10.986411 1
4.250503 3.914042 0.102311 1
1.761158 3.059816 21.665889 1
2.166492 9.557984 10.781789 1
6.094142 9.368716 10.986411 1
5.688808 3.249084 0.102311 1
1.074605 2.654785 1.266909 1
2.853045 9.963015 12.151009 1
6.780695 8.963685 9.617191 1
5.002255 3.654115 20.501291 1
2.018027 0.640984 20.577697 6
1.909623 11.976816 9.693597 6
5.837273 6.949884 12.074603 6
5.945677 5.667916 1.190503 6
2.434357 12.383109 20.536120 1
1.493293 0.234691 9.652020 1
5.420943 6.074209 12.116180 1
6.362007 6.543591 1.232080 1
2.587536 1.290801 20.137762 1
1.340114 11.326999 9.253662 1
5.267764 7.599701 12.514538 1
6.515186 5.018099 1.630438 1
1.157086 0.610702 20.131231 1
2.770564 12.007098 9.247131 1
6.698214 6.919602 12.521069 1
5.084736 5.698198 1.636969 1
1.626833 7.727519 2.081693 6
2.300817 4.890281 12.965793 6
6.228467 1.418619 8.802407 6
5.554483 11.199181 19.686507 6
1.003122 7.165649 1.556426 1
2.924528 5.452151 12.440526 1
6.852178 0.856749 9.327674 1
4.930772 11.761051 20.211774 1
2.369944 6.820678 3.051031 6
1.557706 5.797122 13.935131 6
5.485356 0.511778 7.833069 6
6.297594 12.106022 18.717169 6
3.311794 7.371950 3.928072 6
0.615856 5.245850 14.812172 6
4.543506 1.063050 6.956028 6
7.239444 11.554750 17.840128 6
3.483826 8.296204 3.946575 1
0.443824 4.321597 14.830675 1
4.371474 1.987303 6.937525 1
7.411476 10.630497 17.821625 1
3.973996 6.501952 4.762664 6
7.808954 6.115848 15.646764 6
3.881304 0.193052 6.121436 6
0.046346 12.424748 17.005536 6
5.429583 5.534167 6.134061 6
6.353367 7.083633 17.018161 6
2.425717 11.843067 4.750039 6
1.501933 0.774733 15.634139 6
6.312519 5.405466 5.729390 1
5.470431 7.212334 16.613490 1
1.542781 11.714366 5.154710 1
2.384869 0.903434 16.038810 1
5.526204 5.496314 7.109494 1
6.256746 7.121486 17.993594 1
2.329096 11.805214 3.774606 1
1.598554 0.812586 14.658706 1
3.740694 5.146044 4.737413 6
0.186956 7.471756 15.621513 6
4.114606 11.454944 6.146687 6
7.668344 1.162856 17.030787 6
2.830265 4.581271 3.902385 6
1.097385 8.036529 14.786485 6
5.025035 10.890171 6.981715 6
6.757915 1.727629 17.865815 6
2.672373 3.654115 3.894331 1
1.255277 8.963685 14.778431 1
5.182927 9.963015 6.989769 1
6.600023 2.654785 17.873869 1
2.140569 5.454927 3.052555 6
1.787081 7.162873 13.936655 6
5.714731 11.763827 7.831545 6
6.068219 0.853973 18.715645 6
1.499577 5.101377 2.461983 1
2.428073 7.516423 13.346083 1
6.355723 11.410277 8.422117 1
5.427227 1.207523 19.306217 1
