2.097539 4.541350 0.317594 8
0.320808 5.858315 0.614177 8
1.209180 1.773373 0.144352 8
1.434503 2.081525 0.869747 1
5.314763 4.975622 4.185795 8
0.358106 3.467096 3.904264 8
-0.231212 -0.898559 4.197109 8
4.309636 -0.011355 4.050535 8
-0.088358 0.641397 6.767661 6
0.164709 1.154056 5.984181 1
5.534397 0.676859 6.848877 1
0.547726 1.270904 8.011570 6
1.512347 1.286974 7.910554 1
0.239437 2.184837 8.108546 1
0.177775 0.473747 9.248005 6
-0.794659 0.511423 9.362153 1
0.606472 -1.001531 9.200123 6
0.021385 -1.599260 7.893584 6
-0.951392 -1.528478 7.994398 1
-0.111157 5.337778 7.761859 6
-0.306325 4.902053 8.606554 1
0.829367 5.204147 7.568111 1
-0.956594 4.685302 6.647452 6
-0.620300 3.772258 6.529667 1
-0.600438 5.464535 5.371217 6
0.365030 5.379418 5.225552 1
-0.515351 -1.489386 5.495062 6
5.125005 -1.374987 5.710428 1
0.352085 -0.818280 6.583206 6
4.112482 4.573256 6.975652 6
3.727448 5.473196 6.933731 1
3.877529 4.028089 8.378258 6
4.346614 4.570963 9.015668 1
4.199527 3.125204 8.428766 1
2.937785 4.044458 8.574229 1
3.360677 3.692647 5.974080 6
3.499893 4.028734 5.085140 1
2.422746 3.704903 6.177122 1
3.688412 2.792251 6.029638 1
1.832341 -0.854046 6.150858 6
2.109198 -1.766116 6.033679 1
2.373271 -0.439147 6.826654 1
1.934984 -0.380035 5.322527 1
2.109773 -1.184487 9.391447 6
2.325610 -2.119358 9.353061 1
3.661982 2.633670 0.143443 1
2.579792 -0.718713 8.695448 1
1.419445 5.514159 0.933387 6
2.191669 6.087878 2.083958 6
3.044742 5.652245 2.145578 1
1.702341 5.948452 2.899156 1
2.321347 7.028500 1.945566 1
-0.659335 3.995446 3.508282 6
5.193208 3.630683 2.267807 6
4.421891 4.195741 2.175882 1
4.913630 2.714291 2.318315 1
5.767756 3.749368 1.508167 1
5.358107 -0.284318 3.549193 6
5.747389 0.010223 2.138910 6
0.049530 -0.308386 1.979911 1
5.714310 0.958170 1.989003 1
5.138493 -0.429524 1.540492 1
2.312566 1.697680 2.754602 8
2.797345 1.449569 3.404236 1
1.722137 2.208506 3.111289 1
