6.245849 1.006401 7.052719 15
0.850865 6.007401 4.075481 15
5.156635 0.744049 9.694776 15
1.940080 5.745049 1.433423 15
5.972750 0.000000 8.397340 7
1.123964 5.001000 2.730860 7
6.405154 8.601720 8.432950 6
0.691560 3.600720 2.695250 6
8.034213 0.761152 6.721433 6
-0.937499 5.762152 4.406767 6
-1.212215 1.740348 7.216638 6
8.308929 6.741348 3.911562 6
0.159079 1.653331 7.021894 6
6.937636 6.654331 4.106306 6
0.693873 0.594119 6.331946 6
6.402841 5.595119 4.796254 6
-0.119761 9.610922 5.856772 6
7.216476 4.609922 5.271428 6
-1.496133 9.688937 6.040387 6
8.592848 4.687937 5.087813 6
5.461986 0.097019 5.656464 6
1.634729 5.098019 5.471736 6
5.775468 0.458092 4.348900 6
1.321246 5.459092 6.779299 6
5.086899 9.891978 3.273916 6
2.009816 4.890978 7.854283 6
4.104962 8.990798 3.484239 6
2.991752 3.989798 7.643960 6
3.755529 8.636727 4.782900 6
3.341186 3.635727 6.345299 6
4.432888 9.192838 5.854546 6
2.663827 4.191838 5.273654 6
6.266192 0.457091 11.117072 6
0.830522 5.458091 0.011128 6
8.758371 0.541108 1.288646 6
-1.661657 5.542108 9.839554 6
-0.511502 0.396079 2.384773 6
7.608216 5.397079 8.743427 6
0.827301 0.186037 2.224527 6
6.269414 5.187037 8.903673 6
1.344499 0.137027 0.943671 6
5.752215 5.138027 10.184528 6
-2.452451 0.296059 10.974631 6
9.549165 5.297059 0.153569 6
3.817862 9.539908 10.045426 6
3.278852 4.538908 1.082774 6
2.618080 9.785957 9.377734 6
4.478634 4.784957 1.750466 6
1.535643 8.948789 9.590283 6
5.561071 3.947789 1.537917 6
1.633263 7.898579 10.453831 6
5.463452 2.897579 0.674369 6
2.812719 7.630526 11.107056 6
4.283995 2.629526 0.021144 6
3.918509 8.453690 10.908974 6
3.178205 3.452690 0.219226 6
6.394823 8.201640 9.236406 1
0.701891 3.200640 1.891794 1
7.482670 8.601720 8.568714 1
-0.385956 3.600720 2.559486 1
6.178620 8.101620 7.789740 1
0.918094 3.100620 3.338460 1
-1.662417 2.400480 7.678458 1
8.759131 7.401480 3.449742 1
0.576464 2.400480 7.233330 1
6.520250 7.401480 3.894870 1
1.552320 0.500100 6.231792 1
5.544394 5.501100 4.896408 1
0.177303 8.801760 5.341536 1
6.919411 3.800760 5.786664 1
7.958454 9.001800 5.675382 1
-0.861740 4.000800 5.452818 1
6.561274 1.100220 4.117434 1
0.535440 6.101220 7.010766 1
5.253923 0.200040 2.225640 1
1.842791 5.201040 8.902560 1
3.691469 8.601720 2.782050 1
3.405246 3.600720 8.346150 1
3.152497 7.801560 4.785126 1
3.944217 2.800560 6.343074 1
4.258029 9.001800 6.676920 1
2.838686 4.000800 4.451280 1
7.784453 0.700140 1.446666 1
-0.687739 5.701140 9.681534 1
-0.898286 0.500100 3.338460 1
-2.096000 5.501100 7.789740 1
1.441506 0.100020 2.893332 1
5.655209 5.101020 8.234868 1
2.182297 0.200040 0.890256 1
4.914417 5.201040 10.237944 1
-2.119340 0.400080 10.126662 1
9.216054 5.401080 1.001538 1
2.478194 0.600120 8.791278 1
4.618520 5.601120 2.336922 1
0.874716 9.101820 9.125124 1
6.221999 4.100820 2.003076 1
1.060976 7.401480 10.683072 1
6.035739 2.400480 0.445128 1
5.904886 6.901380 0.556410 1
1.191829 1.900380 10.571790 1
7.912004 8.301660 0.222564 1
-0.815290 3.300660 10.905636 1
