4.215578 2.876952 8.634500 6
4.376698 2.212322 14.390833 6
4.871724 2.684170 2.878167 6
4.330471 1.659630 7.844443 7
5.373482 2.920483 13.600777 7
3.760046 3.193331 2.088110 7
5.196206 0.757133 8.338682 6
5.722200 4.121480 14.095015 6
2.545594 2.894831 2.582349 6
1.067246 7.468725 7.886580 8
-2.513729 4.963344 13.642913 8
1.446482 3.114819 2.130246 8
5.627952 1.284173 9.598110 7
5.049898 4.231863 15.354444 7
2.786150 2.257408 3.841777 7
6.411108 0.591559 10.597295 6
5.258141 5.256403 16.353628 6
1.794751 1.925482 4.840961 6
5.969938 0.520821 11.717707 8
5.539987 4.909707 0.205041 8
1.954075 2.342916 5.961374 8
7.725643 0.102609 10.188883 6
5.024316 6.639299 15.945216 6
0.714041 1.031536 4.432549 6
8.381789 0.600110 9.055864 6
4.265395 6.958787 14.812197 6
0.816816 0.214547 3.299530 6
0.697435 0.211438 8.781286 6
8.444172 0.498278 14.537620 6
4.322393 7.063729 3.024953 6
-3.129482 7.096377 9.639556 6
-0.092902 1.515044 15.395889 6
3.222384 6.935467 3.883222 6
-1.854890 6.802541 9.295039 8
-0.475728 2.765791 15.051373 8
2.330618 5.978556 3.538706 8
-1.123795 5.910927 10.148991 6
-0.069115 3.844745 15.905325 6
1.192910 5.791216 4.392658 6
-3.785628 6.575556 10.762041 6
0.686215 1.207216 16.518374 6
3.099413 7.764116 5.005707 6
3.898277 6.969670 11.021939 6
-3.497050 7.664616 16.778273 6
-0.401227 0.912602 5.265606 6
5.131579 2.551244 9.809655 6
4.200768 3.168456 15.565989 6
4.131653 2.053744 4.053322 6
5.373482 3.267179 10.752025 8
3.459799 3.019983 16.508358 8
4.630718 1.486282 4.995691 8
4.596161 4.128476 7.866029 6
3.102554 1.916154 13.622363 6
5.765285 1.728814 2.109696 6
5.961410 4.308820 7.363502 6
2.263747 3.008323 13.119835 6
5.238842 0.456301 1.607168 6
6.882797 3.571120 7.627027 8
2.441921 4.175117 13.383360 8
4.139282 0.027207 1.870693 8
-2.907775 5.400212 6.591405 8
1.265167 2.555131 12.347738 8
1.642608 7.591545 0.835071 8
-1.576186 5.722809 6.123587 6
0.319994 3.547023 11.879921 6
1.256191 6.277056 0.367254 6
3.559882 4.953239 7.729604 6
2.906429 0.606329 13.485938 6
6.997690 2.213877 1.973271 6
2.335106 4.462734 8.406549 6
-0.544394 7.564338 14.162883 6
-1.790712 3.519815 2.650216 6
2.792434 3.224425 9.145662 6
4.787350 0.806106 14.901996 6
5.884217 3.742913 3.389329 6
4.079592 1.562462 7.094105 1
5.583072 2.751799 12.850439 1
3.801336 3.459183 1.337772 1
7.939272 1.189337 8.520525 1
3.976368 6.280943 14.276858 1
1.548360 0.303164 2.764191 1
1.166880 0.528594 8.012816 1
7.934784 0.746251 13.769149 1
4.362336 6.498599 2.256483 1
-1.570800 5.006098 10.157626 1
0.937992 3.910042 15.913959 1
0.632808 6.630748 4.401292 1
-1.014288 6.312037 11.069429 1
-0.471240 3.739027 16.825762 1
1.485528 5.495825 5.313096 1
-0.264792 5.868950 9.705178 1
-0.462264 4.609652 15.461511 1
0.727056 5.068286 3.948845 1
-3.383952 5.892271 11.314649 1
1.077120 1.896720 17.070982 1
2.306832 7.757897 5.558315 1
3.383952 6.591881 11.803361 1
-2.912712 7.408092 0.290695 1
-0.471240 1.546915 6.047028 1
-1.714416 6.296490 5.405197 1
-0.107712 3.140471 11.161530 1
1.822128 6.109927 16.917864 1
-1.207272 4.951684 5.681501 1
0.803352 4.252074 11.437834 1
0.403920 6.343130 17.194168 1
-1.068144 6.001099 6.821255 1
-0.175032 3.847855 12.577588 1
1.243176 5.697934 1.064922 1
3.639768 5.713481 7.247799 1
2.208096 0.295391 13.004133 1
7.616136 1.764572 1.491466 1
1.660560 4.244300 7.701974 1
-0.017952 7.089381 13.458307 1
-1.642608 4.213207 1.945641 1
2.010624 5.099379 9.014418 1
-0.933504 6.965006 14.770751 1
-1.077120 3.482503 3.258085 1
2.805000 3.350354 10.171441 1
4.672008 0.754024 15.927774 1
5.986992 3.669066 4.415108 1
2.230536 2.526369 9.031687 1
5.672832 0.668516 14.788020 1
5.560632 4.578559 3.275354 1
