9.278294 2.702691 0.888411 6
8.450502 8.781891 8.022429 6
1.308498 9.455709 16.933270 6
2.136290 3.376509 9.799251 6
9.483783 1.844429 1.313458 1
8.245013 7.923629 7.597382 1
1.103009 10.313971 16.508222 1
2.341779 4.234771 10.224298 1
10.471081 3.602169 1.182290 6
7.257715 9.681369 7.728550 6
0.115711 8.556231 16.639390 6
3.329077 2.477031 10.093130 6
10.385365 4.974731 1.230587 6
7.343431 11.053931 7.680253 6
0.201427 7.183669 16.591093 6
3.243361 1.104469 10.141427 6
9.573403 5.398330 1.072865 1
8.155393 11.477530 7.837975 1
1.013389 6.760070 16.748815 1
2.431399 0.680870 9.983705 1
11.522324 5.725026 1.518407 6
6.206472 11.804226 7.392433 6
-0.935532 6.433374 16.303273 6
4.380320 0.354174 10.429247 6
0.306864 5.135708 1.766307 6
4.986532 11.214908 7.144533 6
10.279929 7.022692 16.055374 6
5.600260 0.943492 10.677147 6
1.051015 5.657304 1.963949 1
4.242381 11.736504 6.946891 1
9.535777 6.501096 15.857731 1
6.344411 0.421896 10.874789 1
0.408911 3.766915 1.716406 6
4.884485 9.846115 7.194434 6
10.177881 8.391485 16.105274 6
5.702308 2.312285 10.627246 6
1.228506 3.355718 1.871276 1
4.064890 9.434918 7.039564 1
9.358286 8.802682 15.950404 1
6.521902 2.723482 10.782117 1
11.717074 2.992669 1.431972 6
6.011722 9.071869 7.478868 6
-1.130282 9.165731 16.389708 6
4.575070 3.086531 10.342812 6
11.412452 7.173456 1.565813 7
6.316344 1.094256 7.345027 7
-0.825660 4.984944 16.255867 7
4.270448 11.064144 10.476653 7
-0.055908 7.823809 1.918860 8
5.349304 1.744609 6.991980 8
10.642700 4.334591 15.902820 8
5.237488 10.413791 10.829700 8
10.361219 7.694565 1.240389 8
7.367577 1.615365 7.670451 8
0.225574 4.463835 16.581291 8
3.219215 10.543035 10.151229 8
11.711852 1.645396 1.379220 8
6.016944 7.724596 7.531620 8
-1.125060 10.513004 16.442460 8
4.569848 4.433804 10.290060 8
0.447237 0.907260 1.762921 6
4.846159 6.986460 7.147920 6
10.139555 11.251140 16.058760 6
5.740633 5.171940 10.673761 6
1.114088 1.086961 0.996232 1
4.179308 7.166161 7.914608 1
9.472704 11.071439 16.825448 1
6.407485 4.992239 9.907072 1
0.743470 1.302165 2.675034 1
4.549926 7.381365 6.235806 1
9.843322 10.856235 15.146646 1
6.036866 4.777035 11.585874 1
0.070103 11.626470 1.829752 6
5.223293 5.547270 7.081088 6
10.516689 0.531930 15.991928 6
5.363499 6.611130 10.740592 6
0.767556 11.015510 1.903355 1
4.525840 4.936310 7.007485 1
9.819236 1.142890 15.918325 1
6.060952 7.222090 10.814196 1
11.311413 11.141958 1.796604 6
6.417383 5.062758 7.114237 6
-0.724621 1.016442 16.025077 6
4.169409 7.095642 10.707444 6
10.503569 11.779058 1.468506 1
7.225227 5.699858 7.442334 1
0.083223 0.379342 16.353174 1
3.361565 6.458542 10.379347 1
11.178154 10.120652 1.762564 1
6.550642 4.041452 7.148276 1
-0.591362 2.037748 16.059116 1
4.036150 8.116948 10.673404 1
8.001932 3.194984 1.553694 6
9.726864 9.274184 7.357146 6
2.584860 8.963416 16.267986 6
0.859928 2.884216 10.464534 6
7.011176 3.869654 0.880213 6
10.717620 9.948854 8.030627 6
3.575616 8.288746 16.941467 6
-0.130828 2.209546 9.791053 6
5.251048 4.051179 17.794948 1
10.629140 10.130379 8.937573 1
5.335744 8.107221 0.026733 1
-0.042348 2.028021 8.884108 1
5.870332 4.280122 1.574545 6
-0.576936 10.359322 7.336295 6
4.716461 7.878278 16.247135 6
11.163728 1.799078 10.485386 6
5.683664 4.001329 2.894597 6
-0.390268 10.080529 6.016243 6
4.903129 8.157071 14.927083 6
10.977060 2.077871 11.805437 6
4.865835 4.401341 3.370080 1
0.427561 10.480541 5.540760 1
5.720957 7.757059 14.451601 1
10.159231 1.677859 12.280920 1
6.663917 3.315596 3.586613 6
11.064879 9.394796 5.324227 6
3.922875 8.842804 14.235067 6
-0.478087 2.763604 12.497453 6
6.545784 3.112550 4.485717 1
11.183012 9.191750 4.425123 1
4.041008 9.045850 13.335963 1
-0.596220 2.966650 13.396557 1
7.831914 2.931147 2.925429 6
9.896882 9.010347 5.985411 6
2.754878 9.227253 14.896251 6
0.689910 3.148053 11.836269 6
4.853135 5.036739 0.845461 7
0.440261 11.115939 8.065380 7
5.733657 7.121661 16.976220 7
10.146531 1.042461 9.756301 7
3.925741 5.499244 1.476883 8
1.367655 11.578444 7.433957 8
6.661051 6.659156 16.344798 8
9.219137 0.579956 10.387723 8
3.143246 5.215954 17.474870 8
0.301542 11.295154 9.257650 8
7.443546 6.942446 0.346810 8
10.285250 0.863246 8.564030 8
8.871981 2.298789 3.516752 8
8.856815 8.377989 5.394088 8
1.714811 9.859611 14.304928 8
1.729977 3.780411 12.427592 8
8.728213 1.867530 4.881180 6
9.000583 7.946730 4.029660 6
1.858579 10.290870 12.940500 6
1.586209 4.211670 13.792020 6
8.007715 1.052917 4.777992 1
9.721081 7.132117 4.132848 1
2.579077 11.105483 13.043688 1
0.865711 5.026283 13.688833 1
8.608576 2.873030 5.423137 1
9.120220 8.952230 3.487703 1
1.978216 9.285370 12.398543 1
1.466572 3.206170 14.333977 1
9.980873 1.293654 5.344722 6
7.747923 7.372854 3.566118 6
0.605919 10.864746 12.476958 6
2.838869 4.785546 14.255562 6
9.907752 0.720993 6.073629 1
7.821044 6.800193 2.837212 1
0.679040 11.437407 11.748052 1
2.765748 5.358207 14.984469 1
11.106565 1.451713 4.922348 6
6.622231 7.530913 3.988492 6
-0.519773 10.706687 12.899332 6
3.964561 4.627487 13.833188 6
11.255357 2.010999 4.195224 1
6.473439 8.090199 4.715617 1
-0.668565 10.147401 13.626457 1
4.113353 4.068201 13.106064 1
11.819615 1.012795 5.325118 1
5.909181 7.091995 3.585722 1
-1.232823 11.145605 12.496562 1
4.677611 5.066405 14.235958 1
7.277326 2.399460 17.228575 6
8.602863 8.478660 9.503946 6
3.309467 9.758940 0.593106 6
1.983929 3.679740 8.317735 6
7.632490 3.282403 16.229848 6
8.247698 9.361603 10.502673 6
2.954302 8.875997 1.591832 6
2.339094 2.796797 7.319008 6
7.917205 4.187353 16.476143 1
7.962983 10.266553 10.256377 1
2.669587 7.971047 1.345537 1
2.623809 1.891847 7.565303 1
7.558354 2.888714 14.900529 6
8.321834 8.967914 11.831992 6
3.028438 9.269686 2.921152 6
2.264958 3.190486 5.989689 6
7.153301 1.630806 14.535184 6
8.726887 7.710006 12.197336 6
3.433491 10.527594 3.286496 6
1.859905 4.448394 5.624344 6
7.179937 1.291222 13.585467 1
8.700251 7.370422 13.147054 1
3.406855 10.867178 4.236213 1
1.886541 4.787978 4.674627 1
6.764320 0.743243 15.514664 6
9.115868 6.822443 11.217857 6
3.822472 11.415157 2.307017 6
1.470924 5.335957 6.603824 6
6.552444 11.905505 15.307041 1
9.327745 5.826305 11.425479 1
4.034349 0.252895 2.514639 1
1.259047 6.332095 6.396201 1
6.799718 1.126597 16.855389 6
9.080471 7.205797 9.877132 6
3.787075 11.031803 0.966292 6
1.506322 4.952603 7.944549 6
7.953526 3.841690 13.866158 7
7.926662 9.920890 12.866362 7
2.633266 8.316710 3.955522 7
2.660130 2.237510 4.955318 7
8.119078 3.430614 12.724502 8
7.761110 9.509814 14.008019 8
2.467714 8.727786 5.097179 8
2.825682 2.648586 3.813661 8
8.084715 5.005127 14.165919 8
7.795473 11.084327 12.566601 8
2.502077 7.153273 3.655761 8
2.791319 1.074073 5.255079 8
8.258270 0.346271 0.067901 8
9.470526 6.425471 8.842940 8
2.328522 11.812129 17.753780 8
1.116266 5.732929 8.978741 8
6.033309 11.147672 17.662354 6
9.846879 5.068472 9.070166 6
4.553483 1.010728 0.159326 6
0.739913 7.089928 8.751514 6
5.254380 11.121288 16.971586 1
10.625808 5.042088 9.760934 1
5.332412 1.037112 0.850094 1
-0.039016 7.116312 8.060746 1
6.895616 10.593614 17.249604 1
8.984572 4.514414 9.482916 1
3.691176 1.564786 0.572076 1
1.602220 7.643986 8.338764 1
7.520201 10.549844 1.145934 6
10.208595 4.470644 7.764906 6
3.066591 1.608556 16.675746 6
0.378197 7.687756 10.056774 6
7.419709 9.545560 1.131677 1
10.309087 3.466360 7.779163 1
3.167083 2.612840 16.690004 1
0.277705 8.692040 10.042517 1
7.480233 11.145605 2.286522 6
10.248563 5.066405 6.624319 6
3.106559 1.012795 15.535159 6
0.338229 7.091995 11.197362 6
7.611476 0.000000 2.339987 1
10.117320 6.079200 6.570854 1
2.975316 0.000000 15.481694 1
0.469472 6.079200 11.250827 1
7.148606 10.615499 3.109883 1
10.580190 4.536299 5.800957 1
3.438186 1.542901 14.711797 1
0.006602 7.622101 12.020723 1
