8.171667 0.989495 18.893763 29
5.004333 14.435205 3.749263 29
0.612333 8.701845 26.539737 29
3.779667 6.722855 11.395237 29
0.612333 14.435205 11.395237 29
3.779667 0.989495 26.539737 29
8.171667 6.722855 3.749263 29
5.004333 8.701845 18.893763 29
0.614792 2.692381 18.881860 17
3.777208 12.732319 3.737360 17
8.169208 10.404731 26.551640 17
5.006792 5.019969 11.407140 17
8.169208 12.732319 11.407140 17
5.006792 2.692381 26.551640 17
0.614792 5.019969 3.737360 17
3.777208 10.404731 18.881860 17
6.046906 14.650380 19.682701 7
7.129094 0.774320 4.538201 7
2.737094 6.938030 25.750799 7
1.654906 8.486670 10.606299 7
2.737094 0.774320 10.606299 7
1.654906 14.650380 25.750799 7
6.046906 8.486670 4.538201 7
7.129094 6.938030 19.682701 7
5.461013 0.239083 20.509591 6
7.714987 15.185617 5.365091 6
3.322987 7.951433 24.923909 6
1.069013 7.473267 9.779409 6
3.322987 15.185617 9.779409 6
1.069013 0.239083 24.923909 6
5.461013 7.473267 5.365091 6
7.714987 7.951433 20.509591 6
7.329370 13.751120 18.186121 7
5.846630 1.673580 3.041621 7
1.454630 6.038770 27.247379 7
2.937370 9.385930 12.102879 7
1.454630 1.673580 12.102879 7
2.937370 13.751120 27.247379 7
7.329370 9.385930 3.041621 7
5.846630 6.038770 18.186121 7
5.882645 0.343971 21.850787 6
7.293355 15.080729 6.706287 6
2.901355 8.056321 23.582713 6
1.490645 7.368379 8.438213 6
2.901355 15.080729 8.438213 6
1.490645 0.343971 23.582713 6
5.882645 7.368379 6.706287 6
7.293355 8.056321 21.850787 6
5.358240 1.386681 22.599532 6
7.817760 14.038019 7.455032 6
3.425760 9.099031 22.833968 6
0.966240 6.325669 7.689468 6
3.425760 14.038019 7.689468 6
0.966240 1.386681 22.833968 6
5.358240 6.325669 7.455032 6
7.817760 9.099031 22.599532 6
5.709600 1.480771 23.425513 1
7.466400 13.943929 8.281013 1
3.074400 9.193121 22.007987 1
1.317600 6.231579 6.863487 1
3.074400 13.943929 6.863487 1
1.317600 1.480771 22.007987 1
5.709600 6.231579 8.281013 1
7.466400 9.193121 23.425513 1
4.445582 2.279771 22.097946 6
8.730418 13.144929 6.953446 6
4.338418 9.992121 23.335554 6
0.053582 5.432579 8.191054 6
4.338418 13.144929 8.191054 6
0.053582 2.279771 23.335554 6
4.445582 5.432579 6.953446 6
8.730418 9.992121 22.097946 6
4.016923 2.120896 20.789158 6
0.375077 13.303804 5.644658 6
4.767077 9.833246 24.644342 6
8.408923 5.591454 9.499842 6
4.767077 13.303804 9.499842 6
8.408923 2.120896 24.644342 6
4.016923 5.591454 5.644658 6
0.375077 9.833246 20.789158 6
3.337920 2.606774 20.484451 1
1.054080 12.817926 5.339951 1
5.446080 10.319124 24.949049 1
7.729920 5.105576 9.804549 1
5.446080 12.817926 9.804549 1
7.729920 2.606774 24.949049 1
3.337920 5.105576 5.339951 1
1.054080 10.319124 20.484451 1
4.511462 1.096696 19.967115 6
8.664538 14.328004 4.822615 6
4.272538 8.809046 25.466385 6
0.119462 6.615654 10.321885 6
4.272538 14.328004 10.321885 6
0.119462 1.096696 25.466385 6
4.511462 6.615654 4.822615 6
8.664538 8.809046 19.967115 6
6.863818 14.789202 22.438091 6
6.312182 0.635498 7.293591 6
1.920182 7.076852 22.995409 6
2.471818 8.347848 7.850909 6
1.920182 0.635498 7.850909 6
2.471818 14.789202 22.995409 6
6.863818 8.347848 7.293591 6
6.312182 7.076852 22.438091 6
7.589376 14.776863 21.835340 1
5.586624 0.647837 6.690840 1
1.194624 7.064513 23.598160 1
3.197376 8.360187 8.453660 1
1.194624 0.647837 8.453660 1
3.197376 14.776863 23.598160 1
7.589376 8.360187 6.690840 1
5.586624 7.064513 21.835340 1
7.071120 15.023658 23.355848 1
6.104880 0.401042 8.211348 1
1.712880 7.311308 22.077652 1
2.679120 8.113392 6.933152 1
1.712880 0.401042 6.933152 1
2.679120 15.023658 22.077652 1
7.071120 8.113392 8.211348 1
6.104880 7.311308 23.355848 1
6.517728 13.959354 22.413860 1
6.658272 1.465346 7.269360 1
2.266272 6.247003 23.019640 1
2.125728 9.177696 7.875140 1
2.266272 1.465346 7.875140 1
2.125728 13.959354 23.019640 1
6.517728 9.177696 7.269360 1
6.658272 6.247003 22.413860 1
3.893947 3.413486 22.934831 6
0.498053 12.011214 7.790331 6
4.890053 11.125836 22.498669 6
8.285947 4.298864 7.354169 6
4.890053 12.011214 7.354169 6
8.285947 3.413486 22.498669 6
3.893947 4.298864 7.790331 6
0.498053 11.125836 22.934831 6
3.838608 4.087546 22.535016 1
0.553392 11.337154 7.390516 1
4.945392 11.799895 22.898484 1
8.230608 3.624804 7.753984 1
4.945392 11.337154 7.753984 1
8.230608 4.087546 22.898484 1
3.838608 3.624804 7.390516 1
0.553392 11.799895 22.535016 1
4.576464 3.640229 23.504264 1
8.599536 11.784471 8.359764 1
4.207536 11.352579 21.929236 1
0.184464 4.072121 6.784736 1
4.207536 11.784471 6.784736 1
0.184464 3.640229 21.929236 1
4.576464 4.072121 8.359764 1
8.599536 11.352579 23.504264 1
3.214944 3.146639 23.352819 1
1.177056 12.278061 8.208319 1
5.569056 10.858989 22.080681 1
7.606944 4.565711 6.936181 1
5.569056 12.278061 6.936181 1
7.606944 3.146639 22.080681 1
3.214944 4.565711 8.208319 1
1.177056 10.858989 23.352819 1
3.999355 0.937822 18.558979 6
0.392645 14.486878 3.414479 6
4.784645 8.650172 26.874521 6
8.391355 6.774528 11.730021 6
4.784645 14.486878 11.730021 6
8.391355 0.937822 26.874521 6
3.999355 6.774528 3.414479 6
0.392645 8.650172 18.558979 6
3.706848 1.650443 18.185516 1
0.685152 13.774257 3.041016 1
5.077152 9.362793 27.247984 1
8.098848 6.061907 12.103484 1
5.077152 13.774257 12.103484 1
8.098848 1.650443 27.247984 1
3.706848 6.061907 3.041016 1
0.685152 9.362793 18.185516 1
4.717008 0.632413 18.021955 1
8.458992 14.792287 2.877455 1
4.066992 8.344763 27.411545 1
0.325008 7.079937 12.267045 1
4.066992 14.792287 12.267045 1
0.325008 0.632413 27.411545 1
4.717008 7.079937 2.877455 1
8.458992 8.344763 18.021955 1
3.276432 0.185096 18.446001 1
1.115568 15.239604 3.301501 1
5.507568 7.897446 26.987499 1
7.668432 7.527254 11.842999 1
5.507568 15.239604 11.842999 1
7.668432 0.185096 26.987499 1
3.276432 7.527254 3.301501 1
1.115568 7.897446 18.446001 1
7.112405 14.858614 18.910634 6
6.063595 0.566086 3.766134 6
1.671595 7.146264 26.522866 6
2.720405 8.278436 11.378366 6
1.671595 0.566086 11.378366 6
2.720405 14.858614 26.522866 6
7.112405 8.278436 3.766134 6
6.063595 7.146264 18.910634 6
5.417971 13.340823 19.460683 6
7.758029 2.083877 4.316183 6
3.366029 5.628473 25.972818 6
1.025971 9.796227 10.828318 6
3.366029 2.083877 10.828318 6
1.025971 13.340823 25.972818 6
5.417971 9.796227 4.316183 6
7.758029 5.628473 19.460683 6
5.384592 12.987597 20.226994 1
7.791408 2.437103 5.082494 1
3.399408 5.275247 25.206506 1
0.992592 10.149453 10.062006 1
3.399408 2.437103 10.062006 1
0.992592 12.987597 25.206506 1
5.384592 10.149453 5.082494 1
7.791408 5.275247 20.226994 1
4.488624 13.465763 19.115388 1
8.687376 1.958937 3.970888 1
4.295376 5.753413 26.318112 1
0.096624 9.671287 11.173612 1
4.295376 1.958937 11.173612 1
0.096624 13.465763 26.318112 1
4.488624 9.671287 3.970888 1
8.687376 5.753413 19.115388 1
6.400901 12.659051 18.524752 6
6.775099 2.765649 3.380252 6
2.383099 4.946701 26.908748 6
2.008901 10.477999 11.764248 6
2.383099 2.765649 11.764248 6
2.008901 12.659051 26.908748 6
6.400901 10.477999 3.380252 6
6.775099 4.946701 18.524752 6
6.025824 12.355185 17.782672 1
7.150176 3.069515 2.638172 1
2.758176 4.642835 27.650828 1
1.633824 10.781865 12.506328 1
2.758176 3.069515 12.506328 1
1.633824 12.355185 27.650828 1
6.025824 10.781865 2.638172 1
7.150176 4.642835 17.782672 1
6.860304 11.954142 18.921538 1
6.315696 3.470557 3.777038 1
1.923696 4.241792 26.511962 1
2.468304 11.182907 11.367462 1
1.923696 3.470557 11.367462 1
2.468304 11.954142 26.511962 1
6.860304 11.182907 3.777038 1
6.315696 4.241792 18.921538 1
8.455478 13.581448 17.317736 6
4.720522 1.843252 2.173236 6
0.328522 5.869098 28.115764 6
4.063478 9.555602 12.971264 6
0.328522 1.843252 12.971264 6
4.063478 13.581448 28.115764 6
8.455478 9.555602 2.173236 6
4.720522 5.869098 17.317736 6
0.914414 13.317686 17.869601 6
3.477586 2.107014 2.725101 6
7.869586 5.605336 27.563899 6
5.306414 9.819364 12.419399 6
7.869586 2.107014 12.419399 6
5.306414 13.317686 27.563899 6
0.914414 9.819364 2.725101 6
3.477586 5.605336 17.869601 6
1.999238 13.138759 17.010605 6
2.392762 2.285941 1.866105 6
6.784762 5.426409 28.422895 6
6.391238 9.998291 13.278395 6
6.784762 2.285941 13.278395 6
6.391238 13.138759 28.422895 6
1.999238 9.998291 1.866105 6
2.392762 5.426409 17.010605 6
2.872368 12.956748 17.313192 1
1.519632 2.467952 2.168692 1
5.911632 5.244398 28.120308 1
7.264368 10.180302 12.975808 1
5.911632 2.467952 12.975808 1
7.264368 12.956748 28.120308 1
2.872368 10.180302 2.168692 1
1.519632 5.244398 17.313192 1
1.856938 13.211256 15.623975 6
2.535062 2.213444 0.479475 6
6.927062 5.498906 29.809525 6
6.248938 9.925794 14.665025 6
6.927062 2.213444 14.665025 6
6.248938 13.211256 29.809525 6
1.856938 9.925794 0.479475 6
2.535062 5.498906 15.623975 6
0.592042 13.456508 15.121783 6
3.799958 1.968192 30.266283 6
8.191958 5.744158 0.022717 6
4.984042 9.680542 15.167217 6
8.191958 1.968192 15.167217 6
4.984042 13.456508 0.022717 6
0.592042 9.680542 30.266283 6
3.799958 5.744158 15.121783 6
0.474336 13.527462 14.311552 1
3.917664 1.897238 29.456052 1
8.309664 5.815112 0.832948 1
4.866336 9.609588 15.977448 1
8.309664 1.897238 15.977448 1
4.866336 13.527462 0.832948 1
0.474336 9.609588 29.456052 1
3.917664 5.815112 14.311552 1
8.263987 13.643147 15.925350 6
4.912013 1.781553 0.780850 6
0.520013 5.930797 29.508150 6
3.871987 9.493903 14.363650 6
0.520013 1.781553 14.363650 6
3.871987 13.643147 29.508150 6
8.263987 9.493903 0.780850 6
4.912013 5.930797 15.925350 6
1.131379 13.274497 19.356185 6
3.260621 2.150203 4.211685 6
7.652621 5.562147 26.077315 6
5.523379 9.862553 10.932815 6
7.652621 2.150203 10.932815 6
5.523379 13.274497 26.077315 6
1.131379 9.862553 4.211685 6
3.260621 5.562147 19.356185 6
1.932480 12.787076 19.593954 1
2.459520 2.637624 4.449454 1
6.851520 5.074726 25.839546 1
6.324480 10.349974 10.695046 1
6.851520 2.637624 10.695046 1
6.324480 12.787076 25.839546 1
1.932480 10.349974 4.449454 1
2.459520 5.074726 19.593954 1
0.360144 12.864200 19.784775 1
4.031856 2.560500 4.640275 1
8.423856 5.151850 25.648725 1
4.752144 10.272850 10.504225 1
8.423856 2.560500 10.504225 1
4.752144 12.864200 25.648725 1
0.360144 10.272850 4.640275 1
4.031856 5.151850 19.784775 1
1.273680 14.159875 19.809006 1
3.118320 1.264825 4.664506 1
7.510320 6.447525 25.624494 1
5.665680 8.977175 10.479994 1
7.510320 1.264825 10.479994 1
5.665680 14.159875 25.624494 1
1.273680 8.977175 4.664506 1
3.118320 6.447525 19.809006 1
3.048926 13.053924 14.717425 6
1.343074 2.370776 29.861925 6
5.735074 5.341574 0.427075 6
7.440926 10.083126 15.571575 6
5.735074 2.370776 15.571575 6
7.440926 13.053924 0.427075 6
3.048926 10.083126 29.861925 6
1.343074 5.341574 14.717425 6
3.619008 13.805106 14.693194 1
0.772992 1.619593 29.837694 1
5.164992 6.092757 0.451306 1
8.011008 9.331943 15.595806 1
5.164992 1.619593 15.595806 1
8.011008 13.805106 0.451306 1
3.619008 9.331943 29.837694 1
0.772992 6.092757 14.693194 1
2.758176 12.879624 13.784524 1
1.633824 2.545076 28.929024 1
6.025824 5.167274 1.359976 1
7.150176 10.257426 16.504476 1
6.025824 2.545076 16.504476 1
7.150176 12.879624 1.359976 1
2.758176 10.257426 28.929024 1
1.633824 5.167274 13.784524 1
3.575088 12.370609 15.053633 1
0.816912 3.054091 30.198133 1
5.208912 4.658259 0.090867 1
7.967088 10.766441 15.235367 1
5.208912 3.054091 15.235367 1
7.967088 12.370609 0.090867 1
3.575088 10.766441 30.198133 1
0.816912 4.658259 15.053633 1
6.908616 13.908452 15.323205 6
6.267384 1.516248 0.178705 6
1.875384 6.196102 30.110295 6
2.516616 9.228598 14.965795 6
1.875384 1.516248 14.965795 6
2.516616 13.908452 30.110295 6
6.908616 9.228598 0.178705 6
6.267384 6.196102 15.323205 6
6.342048 13.095570 15.235367 1
6.833952 2.329130 0.090867 1
2.441952 5.383220 30.198133 1
1.950048 10.041480 15.053633 1
2.441952 2.329130 15.053633 1
1.950048 13.095570 30.198133 1
6.342048 10.041480 0.090867 1
6.833952 5.383220 15.235367 1
6.456240 14.638040 15.801771 1
6.719760 0.786660 0.657271 1
2.327760 6.925690 29.631729 1
2.064240 8.499010 14.487229 1
2.327760 0.786660 14.487229 1
2.064240 14.638040 29.631729 1
6.456240 8.499010 0.657271 1
6.719760 6.925690 15.801771 1
6.913008 14.252423 14.599298 1
6.262992 1.172277 29.743798 1
1.870992 6.540073 0.545202 1
2.521008 8.884627 15.689702 1
1.870992 1.172277 15.689702 1
2.521008 14.252423 0.545202 1
6.913008 8.884627 29.743798 1
6.262992 6.540073 14.599298 1
