10.208741 7.334225 2.912273 14
-1.982418 3.405625 10.162493 14
4.021924 4.999536 9.837846 8
4.204399 1.070936 3.236920 8
5.333749 3.628455 12.515166 8
2.892574 7.557055 0.559600 8
1.482015 5.527540 11.988123 8
6.744308 1.598940 1.086644 8
13.995665 1.268938 0.008891 8
-5.769342 5.197538 13.065876 8
11.209029 0.534290 2.122558 8
-2.982706 4.462890 10.952209 8
9.692027 6.277117 1.763917 8
-1.465704 2.348517 11.310850 8
2.587248 1.489725 11.542404 8
5.639075 5.418325 1.532363 8
6.752940 7.042408 10.886312 8
1.473383 3.113808 2.188454 8
3.669469 5.518112 10.871538 6
4.556854 1.589512 2.203229 6
5.779023 2.511161 12.679908 6
2.447300 6.439761 0.394858 6
2.734266 4.814892 11.779711 6
5.492057 0.886292 1.295056 6
2.610704 3.991458 11.610393 1
5.615619 0.062858 1.464374 1
13.086217 2.321017 0.438005 6
-4.859894 6.249617 12.636762 6
13.425361 3.087880 0.797561 1
-5.199038 7.016480 12.277206 1
8.462360 5.378253 0.015820 6
-0.236037 1.449653 13.058946 6
8.165945 4.777178 0.677273 1
0.060378 0.848578 12.397494 1
13.247517 1.063865 1.200264 6
-5.021194 4.992465 11.874503 6
-0.554689 1.029293 2.052738 1
8.781013 4.957893 11.022028 1
9.021093 6.669977 0.565614 6
-0.794770 2.741377 12.509152 6
8.293510 7.205052 0.784486 1
-0.067187 3.276452 12.290280 1
12.138078 0.044786 1.147964 6
-3.911755 3.973386 11.926802 6
12.513569 7.000765 1.372850 1
-4.287246 3.072165 11.701916 1
3.823450 7.475340 12.688538 6
4.402873 3.546740 0.386229 6
5.376385 7.795914 12.855895 6
2.849938 3.867314 0.218872 6
4.211374 6.858550 11.287446 6
4.014949 2.929950 1.787321 6
5.097117 1.294081 12.122008 6
3.129206 5.222681 0.952758 6
5.250605 1.083508 10.585331 6
2.975718 5.012108 2.489436 6
5.105932 1.854299 10.185243 1
3.120391 5.782899 2.889523 1
4.109965 0.118644 10.221852 6
4.116358 4.047244 2.852914 6
4.258502 7.605770 9.361533 1
3.967821 3.677170 3.713234 1
2.792938 0.885506 10.229043 6
5.433385 4.814106 2.845723 6
2.908479 1.587154 9.636103 1
5.317844 5.515754 3.438664 1
6.546714 0.404646 10.127714 6
1.679609 4.333246 2.947052 6
6.384201 0.117858 9.191561 1
1.842122 4.046458 3.883206 1
1.567526 0.090358 9.836147 6
6.658797 4.018958 3.238620 6
1.445263 7.275767 10.485963 1
6.781060 3.347167 2.588804 1
1.619838 7.637198 9.034664 1
6.606485 3.708598 4.040103 1
0.833582 0.675719 9.832224 1
7.392741 4.604319 3.242542 1
7.816926 1.235938 10.110717 6
0.409397 5.164538 2.964050 6
7.759145 1.917157 9.466131 1
0.467178 5.845757 3.608636 1
8.495013 0.707148 9.976047 1
-0.268690 4.635748 3.098720 1
8.034658 1.626440 10.995879 1
0.191665 5.555040 2.078888 1
5.715232 6.751692 11.796708 6
2.511091 2.823092 1.278058 6
5.839316 5.837900 12.185682 1
2.387007 1.909300 0.889084 1
3.567341 1.125937 12.480518 6
4.658982 5.054537 0.594248 6
9.418909 1.508582 0.196121 1
-1.192586 5.437182 12.878645 1
8.853217 0.562576 3.591638 6
-0.626894 4.491176 9.483128 6
8.567102 1.210009 2.902598 1
-0.340778 5.138609 10.172168 1
11.201102 6.259831 4.072790 6
-2.974779 2.331231 9.001977 6
11.719524 5.830042 3.386364 1
-3.493201 1.901442 9.688402 1
9.336561 1.485011 4.705608 6
-1.110238 5.413611 8.369158 6
8.622455 2.113587 4.942262 1
-0.396132 6.042187 8.132505 1
10.122169 1.983157 4.398351 1
-1.895846 5.911757 8.676415 1
9.574781 0.950721 5.491402 1
-1.348458 4.879321 7.583365 1
-2.288062 7.003908 5.048167 6
10.514385 3.075308 8.026599 6
11.441274 7.411697 5.721518 1
-3.214951 3.483097 7.353249 1
-1.784360 7.703985 4.584013 1
10.010683 3.775385 8.490753 1
-1.664703 6.387904 5.486172 1
9.891026 2.459304 7.588594 1
7.612357 7.634841 4.028336 6
0.613966 3.706241 9.046431 6
7.875042 7.173624 4.850738 1
0.351281 3.245024 8.224028 1
7.148767 7.197195 3.059495 1
1.077556 3.268595 10.015271 1
7.031102 0.447860 4.419271 1
1.195221 4.376460 8.655495 1
10.555319 5.057680 4.540866 6
-2.328996 1.129080 8.533900 6
11.231048 4.368603 4.709531 1
-3.004725 0.440003 8.365236 1
9.925754 4.739463 3.860979 1
-1.699431 0.810863 9.213788 1
10.070749 5.249395 5.369807 1
-1.844426 1.320795 7.704960 1
2.927100 2.181944 6.392646 17
5.299223 6.110544 6.682121 17
0.297399 1.815799 5.323914 17
7.928924 5.744399 7.750852 17
2.006042 7.363768 5.795390 17
6.220281 3.435168 7.279376 17
1.941049 1.203723 5.318815 6
6.285274 5.132323 7.755951 6
2.273162 0.730720 4.340822 1
5.953161 4.659320 8.733944 1
