7.824784 2.746794 7.681520 14
3.244160 7.162294 0.298948 14
-1.567896 6.084206 8.279417 14
3.012728 1.668706 15.661989 14
4.593974 4.257513 3.867016 8
6.474970 8.673013 4.113453 8
1.662914 4.573487 12.093921 8
-0.218082 0.157987 11.847484 8
2.798409 4.597684 6.010729 8
8.270536 0.182184 1.969739 8
3.458480 4.233316 9.950208 8
-2.013647 8.648816 13.991198 8
3.256569 5.019540 5.252744 1
7.812375 0.604040 2.727724 1
3.000319 3.811460 10.708193 1
-1.555487 8.226960 13.233213 1
6.248422 2.387373 7.386562 8
4.820522 6.802873 0.593906 8
0.008466 6.443627 8.574375 8
1.436366 2.028127 15.367031 8
5.034176 3.096149 3.764068 6
6.034768 7.511649 4.216401 6
1.222712 5.734851 12.196869 6
0.222120 1.319351 11.744536 6
4.927660 2.198919 4.743750 7
6.141284 6.614419 3.236718 7
1.329228 6.632081 11.217187 7
0.115604 2.216581 12.724219 7
5.272801 1.312287 4.619095 1
5.796143 5.727787 3.361373 1
0.984087 7.518713 11.341842 1
0.460745 3.103213 12.599564 1
8.600716 3.490011 6.139215 6
2.468228 7.905511 1.841254 6
-2.343828 5.340989 9.821722 6
3.788660 0.925489 14.119683 6
5.254702 3.298378 6.916512 6
5.814242 7.713878 1.063956 6
1.002186 5.532622 9.044425 6
0.442646 1.117121 14.896981 6
5.689926 4.109947 6.355645 1
5.379018 8.525447 1.624823 1
0.566962 4.721053 9.605292 1
0.877870 0.305553 14.336114 1
4.715904 3.701072 7.662846 1
6.353040 8.116572 0.317623 1
1.540984 5.129928 8.298091 1
-0.096152 0.714428 15.643314 1
4.293119 2.537323 6.012325 6
6.775825 6.952823 1.968143 6
1.963769 6.293677 9.948612 6
-0.518937 1.878177 13.992794 6
8.554926 1.092395 8.223394 6
-7.110093 5.507895 15.718012 6
-2.298038 7.738605 7.737543 6
13.366982 3.323105 0.242925 6
7.965025 3.984547 9.086083 6
-6.520193 8.400047 14.855323 6
-1.708137 4.846453 6.874854 6
12.777081 0.430953 1.105614 6
3.588822 1.385584 6.772385 6
7.480122 5.801084 1.208083 6
2.668066 7.445416 9.188552 6
-1.223234 3.029916 14.752854 6
3.425479 0.659676 6.165710 1
7.643465 5.075176 1.814759 1
2.831409 8.171324 9.795227 1
-1.386577 3.755824 14.146179 1
4.153179 1.083564 7.487276 1
6.915765 5.499064 0.493193 1
2.103709 7.747436 8.473662 1
-0.658877 3.331936 15.467744 1
2.905798 3.205653 5.904270 6
8.163146 7.621153 2.076199 6
3.351090 5.625347 10.056667 6
-1.906258 1.209847 13.884738 6
2.392005 2.965450 4.987793 1
8.676939 7.380950 2.992676 1
3.864883 5.865550 10.973144 1
-2.420051 1.450050 12.968261 1
2.432194 2.364942 7.087933 6
8.636750 6.780442 0.892536 6
3.824694 6.466058 8.873004 6
-2.379862 2.050558 15.068402 6
2.518614 2.852413 7.980469 1
8.550330 7.267913 0.000000 1
3.738274 5.978587 7.980469 1
7.330670 1.563087 0.000000 1
1.515282 1.931340 7.179230 1
9.553662 6.346840 0.801239 1
4.741606 6.899660 8.781708 1
-3.296774 2.484160 15.159698 1
9.963736 1.293741 8.800701 6
-8.518904 5.709241 15.140705 6
-3.706848 7.537259 7.160236 6
14.775792 3.121759 0.820233 6
10.326485 0.446849 9.072197 1
-8.881653 4.862349 14.869209 1
-4.069597 8.384151 6.888740 1
15.138541 3.968651 1.091728 1
9.915431 1.880120 9.559005 1
-8.470599 6.295620 14.382400 1
-3.658543 6.950880 6.401932 1
14.727487 2.535380 1.578537 1
10.529045 1.682306 8.130501 1
-9.084213 6.097805 15.810904 1
-4.272157 7.148694 7.830436 1
15.341101 2.733194 0.150033 1
5.700658 2.645768 2.497567 6
5.368286 7.061268 5.482901 6
0.556230 6.185232 13.463370 6
0.888602 1.769732 10.478036 6
5.980567 1.731759 2.584076 1
5.088377 6.147259 5.396393 1
0.276321 7.099241 13.376861 1
1.168511 2.683741 10.564544 1
6.464252 3.200354 2.327105 1
4.604692 7.615854 5.653364 1
-0.207364 5.630646 13.633832 1
1.652196 1.215146 10.307573 1
5.078633 2.722597 1.770068 1
5.990311 7.138097 6.210401 1
1.178255 6.108403 14.190869 1
0.266577 1.692903 9.750536 1
9.039872 4.813778 6.099632 6
2.029072 0.398278 1.880837 6
-2.782984 4.017222 9.861305 6
4.227816 8.432722 14.080100 6
8.896181 5.432831 6.906297 1
2.172763 1.017331 1.074171 1
-2.639293 3.398169 9.054640 1
4.084125 7.813669 14.886766 1
6.859032 4.250360 9.894185 6
-5.414200 8.665860 14.047221 6
-0.602144 4.580640 6.066752 6
11.671088 0.165140 1.913716 6
5.933883 3.686942 9.801611 1
-4.489051 8.102442 14.139794 1
0.323005 5.144057 6.159326 1
10.745939 0.728558 1.821143 1
9.162255 4.643340 9.400354 6
-7.717423 0.227840 14.541052 6
-2.905367 4.187660 6.560584 6
13.974311 8.603160 1.419885 6
9.987246 4.465837 8.810437 1
-8.542414 0.050337 15.130968 1
-3.730358 4.365163 7.150500 1
14.799302 8.780663 0.829969 1
8.739668 2.747324 4.956669 6
2.329276 7.162824 3.023800 6
-2.482780 6.083676 11.004268 6
3.927612 1.668176 12.937138 6
8.544206 1.746772 4.951083 1
2.524738 6.162272 3.029386 1
-2.287318 7.084228 11.009854 1
3.732151 2.668728 12.931551 1
9.794336 4.587704 3.840201 6
1.274608 0.172204 4.140267 6
-3.537448 4.243296 12.120736 6
4.982280 8.658796 11.820670 6
10.281209 4.903854 2.997464 1
0.787735 0.488354 4.983005 1
-4.024321 3.927146 12.963473 1
5.469153 8.342646 10.977933 1
7.641771 0.538691 9.326933 6
-6.196939 4.954191 14.614472 6
-1.384883 8.292309 6.634004 6
12.453827 3.876809 1.346465 6
7.976845 8.525447 9.637214 1
-6.532013 4.109947 14.304192 1
-1.719957 0.305553 6.323723 1
12.788901 4.721053 1.656745 1
6.754123 0.422122 8.981219 1
-5.309290 4.837622 14.960186 1
-0.497234 8.408878 6.979718 1
11.566178 3.993378 1.000751 1
7.622093 1.162160 10.056986 1
-6.177261 5.577660 13.884419 1
-1.365205 7.668840 5.903951 1
12.434149 3.253340 2.076518 1
8.628941 0.067999 7.085858 6
2.440003 4.483499 0.894611 6
-2.372053 8.763001 8.875079 6
3.816885 4.347501 15.066327 6
9.008094 8.082131 7.418644 1
2.060850 3.666631 0.561825 1
-2.751206 0.748869 8.542294 1
4.196038 5.164369 15.399112 1
9.179801 0.411525 6.377990 1
1.889143 4.827025 1.602478 1
-2.922913 8.419475 9.582947 1
4.367745 4.003975 14.358459 1
7.745427 8.727677 6.749880 1
3.323517 4.312177 1.230588 1
-1.488539 0.103323 9.211057 1
2.933371 4.518823 14.730349 1
9.627474 5.359534 4.968161 6
1.441470 0.944034 3.012308 6
-3.370586 3.471466 10.992776 6
4.815418 7.886966 12.948629 6
9.998811 6.322996 4.967044 1
1.070133 1.907496 3.013425 1
-3.741923 2.508004 10.993893 1
5.186755 6.923504 12.947512 1
9.241439 5.552933 10.445795 6
-7.796607 1.137433 13.495611 6
-2.984551 3.278067 5.515142 6
14.053495 7.693567 2.465326 6
-5.714453 6.041287 10.693828 1
7.159285 1.625787 13.247578 1
11.971341 2.789713 5.267109 1
-0.902397 7.205213 2.713359 1
9.342853 3.285132 3.827273 6
1.726091 7.700632 4.153195 6
-3.085965 5.545868 12.133664 6
4.530797 1.130368 11.807742 6
9.464488 2.711117 2.911275 1
1.604456 7.126617 5.069194 1
-3.207600 6.119883 13.049662 1
4.652433 1.704383 10.891743 1
6.942153 5.152005 10.950480 6
-5.497321 0.736505 12.990926 6
-0.685265 3.678995 5.010457 6
11.754209 8.094495 2.970011 6
6.117268 5.304782 11.533373 1
-4.672436 0.889282 12.408033 1
0.139620 3.526218 4.427564 1
10.929324 7.941718 3.552905 1
8.131349 5.817863 11.206174 6
-6.686516 1.402363 12.735232 6
-1.874460 3.013137 4.754763 6
12.943404 7.428637 3.225705 6
8.186582 6.496084 11.954742 1
-6.741749 2.080584 11.986664 1
-1.929693 2.334916 4.006195 1
12.998638 6.750416 3.974273 1
