2.499144 4.422413 10.846747 8
4.221048 0.863413 3.156283 8
1.454029 2.627966 13.473016 8
5.266164 6.186966 0.530015 8
1.156097 6.765659 11.424513 8
5.564096 3.206659 2.578518 8
1.431135 6.107244 11.566503 1
5.289058 2.548244 2.436527 1
5.528656 0.661974 12.017541 8
1.191537 4.220974 1.985490 8
7.013947 5.292233 10.827843 8
-0.293755 1.733233 3.175187 8
-0.828709 5.722872 11.244434 1
7.548902 2.163872 2.758597 1
-0.297305 6.580591 7.513326 8
7.017497 3.021591 6.489705 8
-0.175760 2.512654 9.220436 8
6.895953 6.071654 4.782595 8
3.506357 0.270484 9.123114 8
3.213836 3.829484 4.879916 8
2.369282 3.317700 11.338254 6
4.350910 6.876700 2.664777 6
1.136557 2.995254 12.107020 6
5.583636 6.554254 1.896010 6
0.440805 3.594590 12.014600 1
6.279387 0.035590 1.988430 1
0.946061 1.623616 12.594326 6
5.774131 5.182616 1.408705 6
0.008625 1.338184 12.868785 1
6.711568 4.897184 1.134245 1
1.897167 0.540968 12.255452 6
4.823026 4.099968 1.747578 6
2.128118 0.156596 13.190855 1
4.592075 3.715596 0.812176 1
3.164685 1.015739 11.621115 6
3.555508 4.574739 2.381915 6
3.387553 2.274201 11.215027 6
3.332640 5.833201 2.788003 6
4.777857 2.601629 10.733323 6
1.942336 6.160629 3.269708 6
4.914964 3.559000 10.740324 1
1.805229 0.000000 3.262706 1
5.745800 2.067067 11.776549 6
0.974392 5.626067 2.226482 6
6.670928 2.170990 11.411070 1
0.049264 5.729990 2.591961 1
4.319160 0.083992 11.475484 6
2.401033 3.642992 2.527547 6
4.187875 6.370610 11.874570 1
2.532317 2.811610 2.128461 1
4.456150 6.736475 9.985561 6
2.264042 3.177475 4.017469 6
4.266031 5.754903 9.957555 1
2.454161 2.195903 4.045476 1
5.868438 6.940762 9.506657 6
0.851755 3.381762 4.496373 6
6.796105 5.762021 9.509458 6
-0.075913 2.203021 4.493573 6
6.386238 5.046662 9.143979 1
0.333955 1.487662 4.859052 1
-0.173427 6.037488 8.830311 6
6.893620 2.478488 5.172719 6
0.559727 5.372666 8.973142 1
6.160466 1.813666 5.029889 1
0.236451 0.301803 8.555852 6
6.483742 3.860803 5.447179 6
1.229301 0.612148 8.513843 1
5.490892 4.171148 5.489188 1
-0.629483 1.422888 8.991346 6
7.349675 4.981888 5.011685 6
6.208332 1.074106 9.215394 6
0.511861 4.633106 4.787636 6
5.117465 2.119029 9.285410 6
1.602727 5.678029 4.717621 6
5.426234 2.875672 8.863918 1
1.293959 6.434672 5.139112 1
3.886582 1.543894 8.554451 6
2.833611 5.102894 5.448579 6
3.072120 2.235052 8.723888 1
3.648073 5.794052 5.279143 1
5.685070 2.813034 13.083031 6
1.035123 6.372034 0.919999 6
4.773919 2.769614 13.441509 1
1.946273 6.328614 0.561522 1
5.933189 3.749762 12.936000 1
0.787003 0.190762 1.067031 1
6.307869 2.406596 13.720169 1
0.412324 5.965596 0.282861 1
4.074664 1.341031 7.072931 6
2.645529 4.900031 6.930100 6
4.845484 0.755932 6.917497 1
1.874709 4.314932 7.085533 1
4.230946 2.207292 6.641637 1
2.489247 5.766292 7.361393 1
3.269891 0.928899 6.694849 1
3.450302 4.487899 7.308182 1
