2.863224 8.765789 11.294922 6
4.227826 2.863011 4.056072 6
11.318876 2.951389 10.421628 6
9.954274 8.677411 3.182778 6
11.318876 2.863011 3.182778 6
9.954274 8.765789 10.421628 6
2.863224 8.677411 4.056072 6
4.227826 2.951389 11.294922 6
2.291827 8.380876 9.949220 6
4.799223 3.247924 2.710370 6
11.890273 2.566476 11.767330 6
9.382877 9.062324 4.528480 6
11.890273 3.247924 4.528480 6
9.382877 8.380876 11.767330 6
2.291827 9.062324 2.710370 6
4.799223 2.566476 9.949220 6
1.971879 9.706559 9.237207 6
5.119171 1.922241 1.998357 6
12.210221 3.892159 12.479343 6
9.062929 7.736641 5.240493 6
12.210221 1.922241 5.240493 6
9.062929 9.706559 12.479343 6
1.971879 7.736641 1.998357 6
5.119171 3.892159 9.237207 6
0.706127 9.610040 8.361885 6
6.384923 2.018760 1.123035 6
13.475973 3.795640 13.354665 6
7.797177 7.833160 6.115815 6
13.475973 2.018760 6.115815 6
7.797177 9.610040 13.354665 6
0.706127 7.833160 1.123035 6
6.384923 3.795640 8.361885 6
13.603470 9.563525 9.175966 6
7.669680 2.065275 1.937116 6
0.578630 3.749125 12.540584 6
6.512420 7.879675 5.301734 6
0.578630 2.065275 5.301734 6
6.512420 9.563525 12.540584 6
13.603470 7.879675 1.937116 6
7.669680 3.749125 9.175966 6
13.407474 10.838042 9.985270 6
7.865676 0.790758 2.746420 6
0.774626 5.023642 11.731280 6
6.316424 6.605158 4.492430 6
0.774626 0.790758 4.492430 6
6.316424 10.838042 11.731280 6
13.407474 6.605158 2.746420 6
7.865676 5.023642 9.985270 6
0.419790 11.139576 10.884624 6
6.671260 0.489224 3.645774 6
13.762310 5.325176 10.831926 6
7.510840 6.303624 3.593076 6
13.762310 0.489224 3.593076 6
7.510840 11.139576 10.831926 6
0.419790 6.303624 3.645774 6
6.671260 5.325176 10.884624 6
1.767231 10.626746 10.436974 6
5.323819 1.002054 3.198124 6
12.414869 4.812346 11.279576 6
8.858281 6.816454 4.040726 6
12.414869 1.002054 4.040726 6
8.858281 10.626746 11.279576 6
1.767231 6.816454 3.198124 6
5.323819 4.812346 10.436974 6
2.720127 10.721754 12.792785 6
4.370923 0.907046 5.553935 6
11.461973 4.907354 8.923765 6
9.811177 6.721446 1.684915 6
11.461973 0.907046 1.684915 6
9.811177 10.721754 8.923765 6
2.720127 6.721446 5.553935 6
4.370923 4.907354 12.792785 6
1.404737 11.390410 13.232183 6
5.686313 0.238390 5.993333 6
12.777363 5.576010 8.484367 6
8.495787 6.052790 1.245517 6
12.777363 0.238390 1.245517 6
8.495787 11.390410 8.484367 6
1.404737 6.052790 5.993333 6
5.686313 5.576010 13.232183 6
0.190749 11.006659 12.378868 6
6.900301 0.622141 5.140018 6
13.991351 5.192259 9.337682 6
7.281799 6.436541 2.098832 6
13.991351 0.622141 2.098832 6
7.281799 11.006659 9.337682 6
0.190749 6.436541 5.140018 6
6.900301 5.192259 12.378868 6
3.186718 10.139151 8.409951 6
3.904332 1.489649 1.171101 6
10.995382 4.324751 13.306599 6
10.277768 7.304049 6.067749 6
10.995382 1.489649 6.067749 6
10.277768 10.139151 13.306599 6
3.186718 7.304049 1.171101 6
3.904332 4.324751 8.409951 6
1.506706 0.466315 10.438566 6
5.584344 11.162485 3.199716 6
12.675394 6.280715 11.277984 6
8.597756 5.348085 4.039134 6
12.675394 11.162485 4.039134 6
8.597756 0.466315 11.277984 6
1.506706 5.348085 3.199716 6
5.584344 6.280715 10.438566 6
1.322481 1.392898 8.944034 17
5.768569 10.235902 1.705184 17
12.859619 7.207298 12.772516 17
8.413531 4.421502 5.533666 17
12.859619 10.235902 5.533666 17
8.413531 1.392898 12.772516 17
1.322481 4.421502 1.705184 17
5.768569 7.207298 8.944034 17
1.206897 11.186906 14.159191 1
5.884153 0.441894 6.920341 1
12.975203 5.372506 7.557359 1
8.297947 6.256294 0.318509 1
12.975203 0.441894 0.318509 1
8.297947 11.186906 7.557359 1
1.206897 6.256294 6.920341 1
5.884153 5.372506 14.159191 1
3.412213 11.361338 12.792496 1
3.678837 0.267462 5.553646 1
10.769887 5.546938 8.924054 1
10.503263 6.081862 1.685204 1
10.769887 0.267462 1.685204 1
10.503263 11.361338 8.924054 1
3.412213 6.081862 5.553646 1
3.678837 5.546938 12.792496 1
3.049151 11.000845 8.049601 1
4.041899 0.627955 0.810751 1
11.132949 5.186445 13.666949 1
10.140201 6.442355 6.428099 1
11.132949 0.627955 6.428099 1
10.140201 11.000845 13.666949 1
3.049151 6.442355 0.810751 1
4.041899 5.186445 8.049601 1
13.246081 11.605542 9.381550 1
8.027069 0.023258 2.142700 1
0.936019 5.791142 12.335000 1
6.155031 5.837658 5.096150 1
0.936019 0.023258 5.096150 1
6.155031 11.605542 12.335000 1
13.246081 5.837658 2.142700 1
8.027069 5.791142 9.381550 1
1.489121 7.919213 10.148868 1
5.601930 3.709587 2.910018 1
12.692979 2.104813 11.567682 1
8.580170 9.523987 4.328832 1
12.692979 3.709587 4.328832 1
8.580170 7.919213 11.567682 1
1.489121 9.523987 2.910018 1
5.601930 2.104813 10.148868 1
3.027878 10.012397 13.400559 1
4.063172 1.616403 6.161709 1
11.154222 4.197997 8.315991 1
10.118928 7.430803 1.077141 1
11.154222 1.616403 1.077141 1
10.118928 10.012397 8.315991 1
3.027878 7.430803 6.161709 1
4.063172 4.197997 13.400559 1
1.507557 0.697728 13.213797 1
5.583493 10.931072 5.974947 1
12.674543 6.512128 8.502753 1
8.598607 5.116672 1.263903 1
12.674543 10.931072 1.263903 1
8.598607 0.697728 8.502753 1
1.507557 5.116672 5.974947 1
5.583493 6.512128 13.213797 1
3.318611 9.512358 7.644226 1
3.772439 2.116442 0.405376 1
10.863489 3.697958 14.072324 1
10.409661 7.930842 6.833474 1
10.863489 2.116442 6.833474 1
10.409661 9.512358 14.072324 1
3.318611 7.930842 0.405376 1
3.772439 3.697958 7.644226 1
1.925929 0.965190 11.071097 1
5.165121 10.663610 3.832247 1
12.256171 6.779590 10.645453 1
9.016979 4.849210 3.406603 1
12.256171 10.663610 3.406603 1
9.016979 0.965190 10.645453 1
1.925929 4.849210 3.832247 1
5.165121 6.779590 11.071097 1
14.111190 10.082170 12.586912 1
7.161961 1.546630 5.348062 1
0.070911 4.267770 9.129638 1
7.020139 7.361030 1.890788 1
0.070911 1.546630 1.890788 1
7.020139 10.082170 9.129638 1
14.111190 7.361030 5.348062 1
7.161961 4.267770 12.586912 1
0.697759 10.384518 7.762943 1
6.393291 1.244282 0.524093 1
13.484341 4.570118 13.953607 1
7.788809 7.058682 6.714757 1
13.484341 1.244282 6.714757 1
7.788809 10.384518 13.953607 1
0.697759 7.058682 0.524093 1
6.393291 4.570118 7.762943 1
2.878966 7.837811 9.472759 1
4.212084 3.790989 2.233909 1
11.303134 2.023411 12.243791 1
9.970016 9.605389 5.004941 1
11.303134 3.790989 5.004941 1
9.970016 7.837811 12.243791 1
2.878966 9.605389 2.233909 1
4.212084 2.023411 9.472759 1
12.610723 10.768269 10.538318 1
8.662427 0.860531 3.299468 1
1.571377 4.953869 11.178232 1
5.519673 6.674931 3.939382 1
1.571377 0.860531 3.939382 1
5.519673 10.768269 11.178232 1
12.610723 6.674931 3.299468 1
8.662427 4.953869 10.538318 1
3.999352 10.210086 8.961696 1
3.091698 1.418714 1.722846 1
10.182748 4.395686 12.754854 1
11.090402 7.233114 5.516004 1
10.182748 1.418714 5.516004 1
11.090402 10.210086 12.754854 1
3.999352 7.233114 1.722846 1
3.091698 4.395686 8.961696 1
13.641762 8.814630 9.786925 1
7.631388 2.814170 2.548075 1
0.540338 3.000230 11.929625 1
6.550712 8.628570 4.690775 1
0.540338 2.814170 4.690775 1
6.550712 8.814630 11.929625 1
13.641762 8.628570 2.548075 1
7.631388 3.000230 9.786925 1
13.614816 11.524141 12.662196 1
7.658334 0.104659 5.423346 1
0.567284 5.709741 9.054354 1
6.523766 5.919059 1.815504 1
0.567284 0.104659 1.815504 1
6.523766 11.524141 9.054354 1
13.614816 5.919059 5.423346 1
7.658334 5.709741 12.662196 1
12.863165 9.419328 8.628709 1
8.409985 2.209472 1.389859 1
1.318935 3.604928 13.087841 1
5.772115 8.023872 5.848991 1
1.318935 2.209472 5.848991 1
5.772115 9.419328 13.087841 1
12.863165 8.023872 1.389859 1
8.409985 3.604928 8.628709 1
0.822562 8.803002 7.771629 1
6.268488 2.825798 0.532779 1
13.359538 2.988602 13.944921 1
7.913612 8.640198 6.706071 1
13.359538 2.825798 6.706071 1
7.913612 8.803002 13.944921 1
0.822562 8.640198 0.532779 1
6.268488 2.988602 7.771629 1
2.608372 10.081821 11.483422 7
4.482678 1.546979 4.244572 7
11.573728 4.267421 10.233128 7
9.699422 7.361379 2.994278 7
11.573728 1.546979 2.994278 7
9.699422 10.081821 10.233128 7
2.608372 7.361379 4.244572 7
4.482678 4.267421 11.483422 7
3.428097 8.036664 12.100317 8
3.662953 3.592136 4.861467 8
10.754003 2.222264 9.616233 8
10.519147 9.406536 2.377383 8
10.754003 3.592136 2.377383 8
10.519147 8.036664 9.616233 8
3.428097 9.406536 4.861467 8
3.662953 2.222264 12.100317 8
