8.189164 3.368010 2.295637 8
1.378271 8.469510 16.149144 8
6.409181 3.264960 3.654280 8
3.158254 8.366460 14.790501 8
2.700962 3.582273 1.704298 8
6.866472 8.683773 16.740483 8
4.558396 2.277820 1.541430 8
5.009039 7.379320 16.903351 8
9.707613 1.243746 6.922695 8
-0.140178 6.345246 11.522086 8
11.452341 1.684515 5.582497 8
-1.884906 6.786015 12.862284 8
2.081838 0.410161 7.474748 8
7.485596 5.511661 10.970034 8
-0.017569 9.718357 7.236994 8
9.585004 4.616858 11.207787 8
4.776366 4.488300 1.657079 7
4.791068 9.589800 16.787702 7
0.212022 1.655947 7.814869 7
9.355413 6.757447 10.629912 7
10.377242 2.019174 3.147417 7
-0.809808 7.120674 15.297364 7
7.425956 2.450761 6.054315 7
2.141479 7.552261 12.390466 7
6.230230 4.368925 1.508414 6
3.337204 9.470425 16.936367 6
6.668848 5.852441 1.504172 6
2.898586 0.750941 16.940609 6
5.472062 6.572773 0.889592 6
4.095373 1.471273 17.555189 6
4.269429 5.859583 1.510074 6
5.298005 0.758083 16.934707 6
3.837668 6.463600 2.799918 6
5.729767 1.362100 15.644863 6
3.944524 5.944268 3.987762 6
5.622910 0.842768 14.457019 6
6.986719 3.580233 2.591123 6
2.580716 8.681733 15.853658 6
3.904551 3.452695 1.648963 6
5.662884 8.554195 16.795818 6
3.947845 1.089680 2.178513 6
5.619590 6.191180 16.266268 6
5.125701 0.117334 2.195298 6
4.441734 5.218834 16.249483 6
3.507909 1.417197 3.589354 6
6.059525 6.518697 14.855427 6
2.830350 0.558104 1.318802 6
6.737085 5.659604 17.125979 6
-1.230544 1.791647 7.957263 6
10.797978 6.893147 10.487518 6
-1.368860 3.282305 8.359359 6
10.936295 8.383805 10.085422 6
-0.077202 3.586354 9.099733 6
9.644637 8.687854 9.345048 6
0.978955 2.825211 8.281522 6
8.588480 7.926711 10.163259 6
1.572029 3.643491 7.193465 6
7.995405 8.744991 11.251317 6
1.379920 3.517994 5.953975 6
8.187515 8.619494 12.490806 6
10.911066 1.521267 6.708551 6
-1.343631 6.622767 11.736230 6
0.865992 0.515251 7.497435 6
8.701442 5.616751 10.947347 6
0.444180 8.504200 6.543471 6
9.123255 3.402700 11.901311 6
-0.851658 7.772645 6.280448 6
10.419093 2.671145 12.164333 6
1.337615 7.700204 7.455381 6
8.229820 2.598704 10.989401 6
1.134998 8.865387 5.243851 6
8.432437 3.763887 13.200930 6
11.531393 2.794602 2.576736 6
-1.963958 7.896102 15.868045 6
11.407092 2.990499 1.076991 6
-1.839658 8.091999 17.367790 6
12.578206 3.813881 0.556295 6
-3.010772 8.915381 17.888487 6
12.700111 5.148434 1.278223 6
-3.132677 0.046934 17.166558 6
-0.205096 4.960699 2.784055 6
9.772530 10.062199 15.660726 6
11.608646 4.141398 3.301247 6
-2.041211 9.242898 15.143534 6
10.081083 0.673398 2.550913 6
-0.513649 5.774898 15.893868 6
11.276632 9.939763 2.626352 6
-1.709198 4.838263 15.818429 6
10.914729 8.557256 2.091454 6
-1.347294 3.455756 16.353327 6
9.706355 7.968543 2.812829 6
-0.138921 2.867043 15.631952 6
8.515556 8.914361 2.746797 6
1.051878 3.812861 15.697984 6
8.894311 0.090807 3.295898 6
0.673124 5.192307 15.148883 6
6.321011 1.616155 6.645470 6
3.246423 6.717655 11.799311 6
6.467499 1.468212 8.151671 6
3.099936 6.569712 10.293110 6
5.355628 0.571368 8.696161 6
4.211806 5.672868 9.748620 6
5.346364 9.407166 8.018315 6
4.221070 4.305666 10.426466 6
5.224666 9.563272 6.504552 6
4.342768 4.461772 11.940229 6
6.338656 0.247933 5.962644 6
3.228779 5.349433 12.482137 6
7.672928 3.804699 6.655430 6
1.894506 8.906199 11.789351 6
6.410038 4.646446 6.655799 6
3.157397 9.747946 11.788982 6
6.713522 6.056501 7.155468 6
2.853912 0.955001 11.289313 6
7.815969 6.713574 6.346849 6
1.751466 1.612074 12.097932 6
9.078956 5.864684 6.366954 6
0.488479 0.763184 12.077827 6
8.788333 4.456670 5.846996 6
0.779102 9.558170 12.597786 6
6.431049 3.984271 0.643723 1
3.136386 9.085771 17.801058 1
7.472558 5.995283 0.996018 1
2.094876 0.893783 17.448763 1
6.837437 6.164653 2.401511 1
2.729998 1.063153 16.043271 1
2.050557 6.478905 18.380224 1
7.516878 1.377405 0.064557 1
5.472101 7.504307 1.099309 1
4.095334 2.402807 17.345472 1
3.533960 5.870806 0.901950 1
6.033475 0.769306 17.542831 1
3.423234 7.326774 2.764873 1
6.144201 2.225274 15.679908 1
3.643005 6.403403 4.779043 1
5.924429 1.301903 13.665738 1
4.352229 5.075992 4.115031 1
5.215206 10.177492 14.329750 1
5.424722 10.150965 1.298513 1
4.142713 5.049465 17.146269 1
5.860282 0.479541 2.689249 1
3.707152 5.581041 15.755532 1
4.877434 9.485729 2.587803 1
4.690000 4.384229 15.856978 1
4.265253 1.713084 4.107653 1
5.302181 6.814584 14.337128 1
3.128072 0.662175 4.011740 1
6.439362 5.763675 14.433041 1
2.866517 2.129366 3.580132 1
6.700917 7.230866 14.864649 1
3.150764 0.321394 0.453742 1
6.416671 5.422894 17.991040 1
2.145160 1.237624 1.202600 1
7.422275 6.339124 17.242181 1
2.415032 10.000981 1.715365 1
7.152402 4.899481 16.729417 1
-1.559632 1.230482 8.680114 1
11.127067 6.331982 9.764667 1
10.841570 3.421066 8.916207 1
-1.274135 8.522566 9.528574 1
11.522756 3.833267 7.584494 1
-1.955322 8.934767 10.860287 1
-0.117312 3.258838 10.015516 1
9.684746 8.360338 8.429265 1
0.106760 4.517888 9.137545 1
9.460675 9.619388 9.307237 1
1.691456 2.526263 8.866406 1
7.875978 7.627763 9.578375 1
2.174914 4.351579 7.459069 1
7.392521 9.453079 10.985712 1
1.802292 4.084261 5.295497 1
7.765143 9.185761 13.149284 1
0.804139 2.813987 5.605369 1
8.763296 7.915487 12.839412 1
-1.304509 7.574707 7.103085 1
10.871944 2.473207 11.341696 1
11.554362 8.304222 5.741860 1
-1.986927 3.202722 12.702921 1
-0.693017 6.945182 5.824862 1
10.260452 1.843682 12.619919 1
0.867542 7.435946 8.244817 1
8.699892 2.334446 10.199964 1
2.102557 8.215456 7.722830 1
7.464878 3.113956 10.721951 1
1.652361 6.911512 7.012706 1
7.915074 1.810012 11.432075 1
1.886023 9.421450 5.404321 1
7.681411 4.319950 13.040460 1
0.528311 9.312278 4.662841 1
9.039123 4.210778 13.781940 1
1.438051 8.063431 4.801177 1
8.129383 2.961931 13.643605 1
11.393792 2.136508 0.630812 1
-1.826357 7.238008 17.813970 1
10.597378 3.446573 0.868749 1
-1.029944 8.548073 17.576032 1
0.402810 3.310874 0.706435 1
9.164624 8.412373 17.738346 1
9.066675 3.948561 18.062974 1
0.500759 9.050061 0.381807 1
0.474605 5.616751 0.942528 1
9.092830 0.515251 17.502253 1
11.921612 5.667766 1.069797 1
-2.354177 0.566266 17.374984 1
0.620583 4.500543 2.997277 1
8.946851 9.602043 15.447504 1
-0.185670 5.807548 3.211236 1
9.753104 0.706048 15.233545 1
11.697048 3.981211 4.238611 1
-2.129613 9.082711 14.206170 1
10.802643 4.615837 3.142991 1
-1.235208 9.717337 15.301790 1
12.346280 2.300777 2.750117 1
-2.778846 7.402277 15.694664 1
9.822619 0.808078 1.626830 1
-0.255184 5.909578 16.817951 1
12.015307 0.095908 2.139595 1
-2.447873 5.197408 16.305187 1
11.553865 9.858139 3.554309 1
-1.986431 4.756639 14.890472 1
11.669840 7.968543 2.194929 1
-2.102405 2.867043 16.249852 1
10.717977 8.631738 1.163866 1
-1.150543 3.530238 17.280915 1
9.961547 7.777747 3.705557 1
-0.394113 2.676247 14.739225 1
9.502650 7.121694 2.377532 1
0.064784 2.020194 16.067249 1
7.784428 8.554195 3.262882 1
1.783007 3.452695 15.181899 1
8.208878 9.015371 1.844478 1
1.358557 3.913871 16.600303 1
8.140621 0.668296 3.240748 1
1.426814 5.769796 15.204033 1
9.127714 10.185655 4.222010 1
0.439721 5.084155 14.222771 1
9.615549 2.525242 3.036011 1
-0.048114 7.626742 15.408770 1
10.495966 1.851844 4.032029 1
-0.928531 6.953344 14.412752 1
5.484215 2.041620 6.450140 1
4.083220 7.143120 11.994641 1
6.458518 2.310979 8.563912 1
3.108916 7.412479 9.880869 1
7.327345 1.047848 8.327819 1
2.240090 6.149348 10.116962 1
4.507875 0.989691 8.552845 1
5.059559 6.091191 9.891936 1
5.464984 0.449952 9.646621 1
4.102450 5.551452 8.798161 1
6.155428 8.939869 8.230061 1
3.412007 3.838369 10.214720 1
4.609821 8.878651 8.353641 1
4.957614 3.777151 10.091140 1
5.256146 8.708260 6.083089 1
4.311288 3.606761 12.361692 1
4.377138 9.967311 6.297048 1
5.190296 4.865811 12.147733 1
6.230394 0.358125 5.013292 1
3.337041 5.459625 13.431490 1
7.180593 10.025468 6.116289 1
2.386841 4.923968 12.328492 1
7.959947 3.686344 7.558671 1
1.607487 8.787844 10.886110 1
5.733095 4.237306 7.187931 1
3.834340 9.338806 11.256850 1
6.075836 4.720928 5.754772 1
3.491598 9.822428 12.690009 1
5.924903 6.580935 7.169486 1
3.642531 1.479435 11.275295 1
7.015198 5.975897 8.091725 1
2.552236 0.874397 10.353056 1
7.523040 6.802340 5.426455 1
2.044395 1.700840 13.018327 1
8.012324 7.593073 6.667788 1
1.555111 2.491573 11.776993 1
9.753024 6.287089 5.843307 1
-0.185589 1.185589 12.601474 1
9.376232 5.810608 7.270933 1
0.191203 0.709109 11.173848 1
9.589515 3.924074 5.891263 1
-0.022081 9.025574 12.553518 1
8.534521 4.504624 4.911845 1
1.032913 9.606124 13.532936 1
7.152440 2.562994 5.155316 1
2.414994 7.664494 13.289465 1
8.231424 1.904900 6.173468 1
1.336011 7.006400 12.271313 1
