6.201688 4.300275 15.951240 14
9.580562 10.370925 3.920740 14
4.319812 11.635875 20.140260 14
0.940938 3.035325 8.109760 14
0.686002 8.006074 13.866836 14
4.574748 6.665126 1.836336 14
9.835498 0.670474 22.224664 14
5.946752 14.000726 10.194164 14
1.398307 8.303899 18.255081 8
3.862443 6.367301 6.224581 8
9.123193 0.968299 17.836419 8
6.659057 13.702901 5.805919 8
2.209515 3.843854 18.635244 8
3.051235 10.827346 6.604744 8
8.311985 11.179454 17.456256 8
7.470265 3.491746 5.425756 8
6.765325 7.962060 19.545713 8
9.016925 6.709140 7.515213 8
3.756175 0.626460 16.545787 8
1.504575 14.044740 4.515287 8
9.004300 7.781604 19.748547 8
6.777950 6.889596 7.718047 8
1.517200 0.446004 16.342953 8
3.743550 14.225196 4.312453 8
6.800045 5.862612 15.939209 8
8.982205 8.808588 3.908709 8
3.721455 13.198212 20.152291 8
1.539295 1.472988 8.121791 8
10.138517 8.623731 14.939956 8
5.643733 6.047469 2.909456 8
0.382983 1.288131 21.151544 8
4.877767 13.383069 9.121044 8
0.882754 8.365518 7.706738 8
4.377996 6.305682 19.737238 8
9.638746 1.029918 4.323762 8
6.143504 13.641282 16.354262 8
8.108920 7.794809 17.723333 7
7.673330 6.876391 5.692833 7
2.412580 0.459209 18.368167 7
2.848170 14.211991 6.337667 7
10.320539 6.830911 17.513521 7
5.461711 7.840289 5.483021 7
0.200961 14.166511 18.577979 7
5.059789 0.504689 6.547479 7
1.758143 6.025462 18.440350 7
3.502607 8.645738 6.409850 7
8.763357 13.361062 17.651150 7
7.018893 1.310138 5.620650 7
9.114775 7.941521 15.642056 6
6.667475 6.729679 3.611556 6
1.406725 0.605921 20.449444 6
3.854025 14.065279 8.418944 6
7.793275 8.654541 15.577091 6
7.988975 6.016659 3.546591 6
2.728225 1.318941 20.514409 6
2.532525 13.352259 8.483909 6
7.030466 8.102904 16.784954 6
8.751784 6.568296 4.754454 6
3.491034 0.767304 19.306546 6
1.769716 13.903896 7.276046 6
9.425160 7.922448 17.119402 6
6.357090 6.748752 5.088902 6
1.096340 0.586848 18.972098 6
4.164410 14.084352 6.941598 6
9.821820 8.779246 17.379260 1
5.960430 5.891954 5.348760 1
0.699680 1.443646 18.712240 1
4.561070 13.227554 6.681740 1
1.017429 7.158078 18.093872 6
4.243321 7.513122 6.063372 6
9.504071 14.493678 17.997628 6
6.278179 0.177522 5.967128 6
1.406725 4.702120 18.312827 6
3.854025 9.969080 6.282327 6
9.114775 12.037720 17.778673 6
6.667475 2.633480 5.748173 6
0.107319 4.509927 17.781079 6
5.153431 10.161273 5.750579 6
10.414181 11.845527 18.310421 6
5.368069 2.825673 6.279921 6
10.283714 3.651662 17.694459 1
5.498536 11.019538 5.663959 1
0.237786 10.987262 18.397041 1
5.022964 3.683938 6.366541 1
9.918618 5.532510 17.412946 6
5.863632 9.138690 5.382446 6
0.602882 12.868110 18.678554 6
4.657868 1.803090 6.648054 6
9.076898 5.366725 17.054437 1
6.705352 9.304475 5.023937 1
1.444602 12.702325 19.037063 1
3.816148 1.968875 7.006563 1
7.886916 7.857895 19.058718 6
7.895334 6.813305 7.028218 6
2.634584 0.522295 17.032782 6
2.626166 14.148905 5.002282 6
9.059012 7.668636 21.202553 6
6.723238 7.002564 9.172053 6
1.462488 0.333036 14.888947 6
3.798262 14.338164 2.858447 6
10.496248 7.450035 21.467224 6
5.286002 7.221165 9.436724 6
0.025252 0.114435 14.624276 6
5.235498 14.556765 2.593776 6
0.239890 6.599106 21.111121 1
5.020860 8.072094 9.080621 1
10.281610 13.934706 14.980379 1
5.500640 0.736494 2.949879 1
0.132571 7.464707 22.412821 1
5.128179 7.206493 10.382321 1
10.388929 0.129107 13.678679 1
5.393321 14.542093 1.648179 1
0.486093 8.145450 21.046157 1
4.774657 6.525750 9.015657 1
10.035407 0.809850 15.045343 1
5.746843 13.861350 3.014843 1
8.567657 8.893681 21.806484 6
7.214593 5.777519 9.775984 6
1.953843 1.558081 14.285016 6
3.306907 13.113119 2.254516 6
9.153705 9.618439 21.577905 1
6.628545 5.052761 9.547405 1
1.367795 2.282839 14.513595 1
3.892955 12.388361 2.483095 1
8.539249 8.792450 22.759300 1
7.243001 5.878750 10.728800 1
1.982251 1.456850 13.332200 1
3.278499 13.214350 1.301700 1
7.684904 9.080006 21.476849 1
8.097346 5.591194 9.446349 1
2.836596 1.744406 14.614651 1
2.424154 12.926794 2.584151 1
8.222552 6.437723 21.657306 6
7.559698 8.233477 9.626806 6
2.298948 13.773323 14.434194 6
2.961802 0.897877 2.403694 6
7.289295 6.615244 21.517752 1
8.492955 8.055956 9.487252 1
3.232205 13.950844 14.573748 1
2.028545 0.720356 2.543248 1
8.381427 6.267537 22.588467 1
7.400823 8.403663 10.557967 1
2.140073 13.603137 13.503033 1
3.120677 1.068063 1.472533 1
8.481381 5.668952 21.142401 1
7.300869 9.002248 9.111901 1
2.040119 13.004552 14.949099 1
3.220631 1.666648 2.918599 1
6.130878 6.917471 16.546750 6
9.651372 7.753729 4.516250 6
4.390622 14.253071 19.544750 6
0.870128 0.418129 7.514250 6
5.767886 6.618178 17.393697 1
10.014364 8.053022 5.363197 1
4.753614 13.953778 18.697803 1
0.507136 0.717422 6.667303 1
5.389112 7.188888 15.983722 1
10.393138 7.482312 3.953222 1
5.132388 14.524488 20.107778 1
0.128362 0.146712 8.077278 1
6.605398 3.481476 17.492347 6
9.176852 11.189724 5.461847 6
3.916102 10.817076 18.599153 6
1.344648 3.854124 6.568653 6
7.527081 3.211526 17.480317 1
8.255169 11.459674 5.449817 1
2.994419 10.547126 18.611183 1
2.266331 4.124074 6.580683 1
6.046706 2.708304 17.600622 1
9.735544 11.962896 5.570122 1
4.474794 10.043904 18.490878 1
0.785956 4.627296 6.460378 1
6.459149 4.085929 18.223801 1
9.323101 10.585271 6.193301 1
4.062351 11.421529 17.867699 1
1.198399 3.249671 5.837199 1
4.379048 4.332405 15.822514 6
0.881702 10.338795 3.792014 6
6.142452 11.668005 20.268986 6
9.639798 3.003195 8.238486 6
4.001326 4.506993 16.688710 1
1.259424 10.164207 4.658210 1
6.520174 11.842593 19.402790 1
9.262076 2.828607 7.372290 1
4.065508 3.484410 15.502502 1
1.195242 11.186790 3.472002 1
6.455992 10.820010 20.588998 1
9.326258 3.851190 8.558498 1
4.113906 5.023419 15.211364 1
1.146844 9.647781 3.180864 1
6.407593 12.359019 20.880136 1
9.374657 2.312181 8.849636 1
6.994693 3.468272 14.494346 6
8.787557 11.202928 2.463846 6
3.526807 10.803872 21.597154 6
1.733943 3.867328 9.566654 6
8.474016 3.656063 14.499159 6
7.308234 11.015137 2.468659 6
2.047484 10.991663 21.592341 6
3.213266 3.679537 9.561841 6
8.846477 3.287816 13.695521 1
6.935773 11.383384 1.665021 1
1.675023 10.623416 22.395979 1
3.585727 4.047784 10.365479 1
8.851738 3.208591 15.259486 1
6.930512 11.462609 3.228986 1
1.669762 10.544191 20.832014 1
3.590988 4.127009 8.801514 1
8.678133 4.593553 14.547281 1
7.104117 10.077647 2.516781 1
1.843367 11.929153 21.544219 1
3.417383 2.742047 9.513719 1
6.304483 4.012573 13.199865 6
9.477767 10.658627 1.169365 6
4.217017 11.348173 22.891635 6
1.043733 3.323027 10.861135 6
6.202424 4.964734 13.267235 1
9.579826 9.706466 1.236735 1
4.319076 12.300334 22.824265 1
0.941674 2.370866 10.793765 1
5.441720 3.604714 13.101214 1
10.340530 11.066486 1.070714 1
5.079780 10.940314 22.990285 1
0.180970 3.730886 10.959786 1
6.847392 3.802775 12.434725 1
8.934858 10.868425 0.404225 1
3.674108 11.138375 23.656775 1
1.586642 3.532825 11.626275 1
6.755855 1.929263 14.564123 6
9.026395 12.741937 2.533623 6
3.765645 9.264863 21.527377 6
1.495105 5.406337 9.496877 6
5.814181 1.748807 14.523220 1
9.968069 12.922393 2.492720 1
4.707319 9.084407 21.568280 1
0.553431 5.586793 9.537780 1
7.111482 1.587424 15.387009 1
8.670768 13.083776 3.356509 1
3.410018 8.923024 20.704491 1
1.850732 5.748176 8.673991 1
7.195654 1.503798 13.825451 1
8.586596 13.167402 1.794951 1
3.325846 8.839398 22.266049 1
1.934904 5.831802 10.235549 1
7.072552 8.582652 14.297046 6
8.709698 6.088548 2.266546 6
3.448948 1.247052 21.794454 6
1.811802 13.424148 9.763954 6
1.483532 6.497874 14.542468 6
3.777218 8.173326 2.511968 6
9.037968 13.833474 21.549032 6
6.744281 0.837726 9.518532 6
2.109561 6.747285 15.228207 1
3.151189 7.923915 3.197707 1
8.411939 14.082885 20.863293 1
7.370311 0.588315 8.832793 1
1.946478 6.037199 13.839887 1
3.314272 8.634001 1.809387 1
8.575022 13.372799 22.251613 1
7.207228 1.298401 10.221113 1
0.813312 5.921296 14.917820 1
4.447438 8.749904 2.887320 1
9.708188 13.256896 21.173680 1
6.074062 1.414304 9.143180 1
10.156404 7.312126 12.413070 6
5.625846 7.359074 0.382570 6
0.365096 14.647726 23.678430 6
4.895654 0.023474 11.647930 6
10.385773 6.392242 12.263892 1
5.396477 8.278958 0.233392 1
0.135727 13.727842 23.827608 1
5.125023 0.943358 11.797108 1
10.335269 7.819750 11.619057 1
5.446981 6.851450 23.649557 1
0.186231 0.484150 0.411443 1
5.074519 14.187050 12.441943 1
9.224199 7.379614 12.632025 1
6.558051 7.291586 0.601525 1
1.297301 0.044014 23.459475 1
3.963449 14.627186 11.428975 1
1.732891 9.393969 13.252799 6
3.527859 5.277231 1.222299 6
8.788609 2.058369 22.838701 6
6.993641 12.612831 10.808201 6
0.790165 10.441493 12.651274 6
4.470585 4.229707 0.620774 6
9.731335 3.105893 23.440226 6
6.050915 11.565307 11.409726 6
1.178408 10.796536 11.847636 1
4.082342 3.874664 23.878136 1
9.343092 3.460936 0.182864 1
6.439158 11.210264 12.213364 1
0.657594 11.153046 13.281672 1
4.603156 3.518154 1.251172 1
9.863906 3.817446 22.809828 1
5.918344 10.853754 10.779328 1
10.467840 10.033634 12.444349 1
5.314410 4.637566 0.413849 1
0.053660 2.698034 23.647151 1
5.207090 11.973166 11.616651 1
2.744007 8.852602 12.227800 6
2.516743 5.818598 0.197300 6
7.777493 1.517002 23.863700 6
8.004757 13.154198 11.833200 6
2.281061 8.585586 11.431381 1
2.979689 6.085614 23.461881 1
8.240439 1.249986 0.599119 1
7.541811 13.421214 12.629619 1
3.202745 8.095568 12.600746 1
2.058005 6.575632 0.570246 1
7.318755 0.759968 23.490754 1
8.463495 13.911232 11.460254 1
3.380558 9.537747 12.013657 1
1.880192 5.133453 24.044157 1
7.140942 2.202147 0.016843 1
8.641308 12.469053 12.047343 1
2.460979 9.712334 14.662773 6
2.799771 4.958866 2.632273 6
8.060521 2.376734 21.428727 6
7.721729 12.294466 9.398227 6
2.773467 8.893681 15.054968 1
2.487283 5.777519 3.024468 1
7.748033 1.558081 21.036532 1
8.034217 13.113119 9.006032 1
1.836002 10.133398 15.257080 1
3.424748 4.537802 3.226580 1
8.685498 2.797798 20.834420 1
7.096752 11.873402 8.803920 1
3.204849 10.300650 14.511189 1
2.055901 4.370550 2.480689 1
7.316651 2.965050 21.580311 1
8.465599 11.706150 9.549811 1
0.831198 9.712334 8.276984 6
4.429551 4.958866 20.307484 6
9.690302 2.376734 3.753516 6
6.091948 12.294466 15.784016 6
1.726578 9.995489 8.495939 1
3.534172 4.675711 20.526439 1
8.794922 2.659889 3.534561 1
6.987328 12.011311 15.565061 1
0.303019 9.696196 9.080621 1
4.957731 4.975004 21.111121 1
10.218481 2.360596 2.949879 1
5.563769 12.310604 14.980379 1
0.447164 10.315321 7.646586 1
4.813586 4.355879 19.677086 1
10.074336 2.979721 4.383914 1
5.707914 11.691479 16.414414 1
5.878362 9.188573 14.328326 9
9.903888 5.482627 2.297825 9
4.643138 1.852973 21.763174 9
0.617612 12.818227 9.732674 9
7.671226 9.062400 13.300921 9
8.111024 5.608800 1.270421 9
2.850274 1.726800 22.790579 9
2.410476 12.944400 10.760079 9
6.901052 7.662768 13.753268 9
8.881198 7.008432 1.722768 9
3.620448 0.327168 22.338232 9
1.640302 14.344032 10.307732 9
8.817017 7.203559 15.326857 1
6.965233 7.467641 3.296357 1
1.704483 14.539159 20.764643 1
3.556267 0.132041 8.734143 1
7.954254 9.609636 15.733488 1
7.827996 5.061564 3.702988 1
2.567246 2.274036 20.358012 1
2.693504 12.397164 8.327512 1
6.649588 8.714693 17.143463 1
9.132662 5.956507 5.112962 1
3.871912 1.379093 18.948037 1
1.388838 13.292107 6.917537 1
2.367338 6.323287 18.911946 1
2.893412 8.347913 6.881446 1
8.154162 13.658887 17.179554 1
7.628088 1.012313 5.149054 1
1.525617 7.731722 7.531093 1
3.735132 6.939478 19.561593 1
8.995882 0.396122 4.499407 1
6.786367 14.275078 16.529907 1
