-0.654317 7.814032 9.306555 6
7.424809 3.133455 2.737647 6
-1.290848 8.553923 9.211406 1
8.061340 2.393564 2.832796 1
-0.855026 7.162230 10.660323 6
7.625518 3.785257 1.383879 6
-1.965591 6.681567 11.302279 6
8.736082 4.265920 0.741923 6
-2.806709 6.742493 10.910843 1
9.577201 4.204994 1.133359 1
1.125611 6.912173 0.535967 6
5.644881 4.035314 11.508235 6
0.370624 6.585935 0.968354 1
6.399868 4.361551 11.075848 1
2.317449 6.796658 1.157448 6
4.453043 4.150829 10.886754 6
2.378136 6.380912 1.986089 1
4.392356 4.566575 10.058113 1
3.477312 7.318957 0.526332 6
3.293179 3.628529 11.517871 6
4.775233 7.348801 1.070730 6
1.995259 3.598686 10.973473 6
4.941530 6.972667 1.905393 1
1.828962 3.974820 10.138809 1
5.798067 7.940272 0.357713 6
0.972425 3.007214 11.686489 6
6.654511 7.944892 0.720243 1
0.115981 3.002595 11.323959 1
2.655956 7.718919 11.126434 6
4.114536 3.228568 0.917768 6
3.359340 8.115493 10.663937 1
3.411151 2.831994 1.380266 1
1.406431 7.702895 10.603716 6
5.364060 3.244592 1.440487 6
0.371798 7.068445 11.308302 6
6.398694 3.879042 0.735901 6
0.805291 8.404265 9.402909 6
5.965201 2.543222 2.641294 6
1.308248 8.160323 8.598356 1
5.462244 2.787164 3.445846 1
0.850094 9.940567 9.590798 6
5.920398 1.006920 2.453404 6
1.773094 10.183037 9.814820 1
4.997398 0.764450 2.229382 1
-0.051553 10.503506 10.688025 6
6.822045 0.443981 1.356177 6
-0.187464 10.195309 12.009274 6
6.957955 0.752178 0.034928 6
3.260126 10.355996 0.355304 1
3.510365 0.591491 11.688898 1
2.094004 -0.030020 0.731083 6
4.676487 10.977507 11.313119 6
1.666479 11.530638 1.630785 1
5.104012 -0.583152 10.413417 1
1.333444 0.958392 0.186685 6
5.437047 9.989095 11.857517 6
0.701221 1.392065 0.713017 1
6.069271 9.555422 11.331186 1
-1.437774 0.507314 10.889163 6
8.208265 10.440173 1.155039 6
-2.096052 1.533763 10.184577 6
8.866543 9.413724 1.859625 6
7.255668 2.025825 10.614555 1
-0.485176 8.921662 1.429647 1
-1.789921 1.824843 8.889826 6
8.560412 9.122644 3.154377 6
7.789546 2.530566 8.468279 1
-1.019054 8.416921 3.575924 1
-0.822792 1.077351 8.167174 6
7.593283 9.870136 3.877029 6
-0.619710 1.290718 7.285538 1
7.390202 9.656769 4.758664 1
-0.201899 0.042216 8.792268 6
6.972390 10.905271 3.251935 6
-0.486093 -0.226180 10.133992 6
7.256585 11.173667 1.910210 6
0.450151 10.750803 8.312908 6
6.320341 0.196684 3.731294 6
-0.055838 10.141744 7.734787 1
6.826330 0.805743 4.309416 1
1.652788 11.241829 7.502334 6
5.117704 -0.294342 4.541869 6
2.202025 10.461308 7.279516 1
4.568467 0.486179 4.764686 1
1.616812 0.169575 6.208786 6
5.153680 10.777912 5.835416 6
0.811363 -0.188361 5.177803 6
5.959129 11.135848 6.866400 6
0.042948 10.771308 5.192256 1
6.727544 0.176179 6.851947 1
0.670103 0.686711 4.087802 6
6.100388 10.260776 7.956400 6
0.108959 0.442661 3.388034 1
6.661533 10.504826 8.656168 1
1.324475 1.884133 4.015537 6
5.446016 9.063354 8.028665 6
1.204277 2.439501 3.279636 1
5.566215 8.507986 8.764566 1
2.181498 2.271356 5.065791 6
4.588994 8.676131 6.978411 6
2.966033 3.454778 5.146488 6
3.804458 7.492709 6.897715 6
2.938664 4.082024 4.461173 1
3.831827 6.865463 7.583030 1
3.768868 3.666261 6.253350 6
3.001624 7.281226 5.790852 6
4.281471 4.442064 6.287074 1
2.489020 6.505423 5.757129 1
3.847536 2.766363 7.327693 6
2.922956 8.181124 4.716510 6
4.405336 2.930906 8.053958 1
2.365155 8.016581 3.990244 1
3.070900 1.628379 7.271085 6
3.699592 9.319108 4.773117 6
2.282588 1.402747 6.147361 6
4.487903 9.544740 5.896841 6
2.886094 0.501500 8.256301 6
3.884398 10.445987 3.787902 6
2.457849 0.816838 9.066875 1
4.312643 10.130649 2.977327 1
3.739826 0.100822 8.486345 1
3.030666 10.846665 3.557857 1
-0.851390 6.823581 8.126223 6
7.621882 4.123906 3.917979 6
0.162310 5.644723 8.185240 6
6.608182 5.302764 3.858962 6
1.056235 5.989730 8.132245 1
5.714257 4.957757 3.911957 1
0.004026 5.048817 7.449339 1
6.766465 5.898670 4.594863 1
0.051632 5.170201 9.012677 1
6.718859 5.777286 3.031526 1
-0.769515 7.543989 6.767637 6
7.540007 3.403498 5.276565 6
-0.957449 6.920123 6.061847 1
7.727941 4.027364 5.982355 1
0.113182 7.904123 6.648400 1
6.657310 3.043364 5.395803 1
-1.411694 8.256650 6.743549 1
8.182186 2.690837 5.300653 1
7.805818 6.221749 8.216555 6
-1.035327 4.725738 3.827647 6
6.792875 5.722757 8.249074 7
-0.022383 5.224730 3.795128 7
