1.029306 0.119771 5.809009 6
5.450794 5.421620 4.185845 6
1.307012 0.188248 4.296788 6
5.173088 5.353142 5.698066 6
0.016260 -0.301079 3.624134 6
6.463840 5.842470 6.370720 6
-0.628411 1.056945 3.850018 6
7.108511 4.484446 6.144836 6
8.494753 1.385968 3.152377 1
-2.014653 4.155422 6.842477 1
8.576656 1.041824 5.264289 6
-2.096556 4.499566 4.730564 6
0.830232 1.635857 3.862011 6
5.649868 3.905534 6.132842 6
0.956232 2.290761 4.579642 1
5.523868 3.250629 5.415212 1
-0.645229 0.480528 7.602086 6
7.125328 5.060863 2.392768 6
-0.153477 -0.239904 8.025867 1
6.633577 5.781295 1.968986 1
8.140421 0.259516 7.646063 1
-1.660321 5.281874 2.348791 1
-0.408447 1.747872 8.374688 6
6.888546 3.793518 1.620166 6
0.812551 2.379852 8.396676 6
5.667549 3.161538 1.598177 6
1.508141 2.046113 7.876944 1
4.971959 3.495278 2.117909 1
1.024023 3.488543 9.168279 6
5.456076 2.052848 0.826574 6
1.858325 3.900765 9.168279 1
4.621774 1.640625 0.826574 1
0.016342 3.996288 9.938882 6
6.463758 1.545102 0.055971 6
0.447133 8.903960 0.475755 1
6.032967 -3.362570 9.519099 1
-1.206229 3.390219 9.919892 6
7.686328 2.151171 0.074961 6
-1.613851 7.891351 0.440773 1
8.093951 -2.349961 9.554081 1
-1.418646 2.281944 9.147290 6
7.898745 3.259446 0.847564 6
7.469988 1.882054 9.143292 1
-0.989889 3.659336 0.851562 1
2.644086 -0.371503 3.930976 6
3.836014 5.912893 6.063878 6
-0.172615 7.983000 3.671110 6
6.652715 -2.441610 6.323744 6
-0.909312 7.417938 3.719085 1
7.389412 -1.876548 6.275769 1
1.074066 7.467170 3.337282 6
5.406033 -1.925779 6.657572 6
1.168852 6.558775 3.161372 1
5.311247 -1.017384 6.833481 1
2.159089 8.289545 3.265319 6
4.321010 -2.748154 6.729535 6
2.992674 7.941501 3.043433 1
3.487426 -2.400110 6.951421 1
4.985445 -0.093502 3.519188 6
1.494655 5.634892 6.475666 6
5.728786 0.464079 3.468214 1
0.751313 5.077312 6.526639 1
3.756102 0.438818 3.853016 6
2.723997 5.102572 6.141838 6
3.677644 1.349430 4.025927 1
2.802455 4.191960 5.968927 1
1.294531 2.164341 2.535694 6
5.185568 3.377050 7.459159 6
1.324401 1.395030 1.391284 6
5.155698 4.146360 8.603570 6
1.091516 0.495479 1.434261 1
5.388583 5.045911 8.560592 1
1.700477 1.952462 0.174910 6
4.779623 3.588928 9.819944 6
1.440497 -2.732792 9.404158 1
5.039603 8.274182 0.590696 1
2.033275 3.275324 0.102947 6
4.446825 2.266066 9.891907 6
1.986329 -0.505528 9.282221 1
4.493771 6.046918 0.712633 1
2.015258 4.040479 1.229367 6
4.464841 1.500911 8.765487 6
2.248259 4.940031 1.179393 1
4.231841 0.601359 8.815461 1
1.655115 3.493441 2.441743 6
4.824985 2.047950 7.553111 6
1.655171 4.024466 3.205350 1
4.824928 1.516925 6.789504 1
-0.242333 0.560634 6.187814 7
6.722433 4.980756 3.807040 7
1.841875 -0.258759 6.606998 8
4.638224 5.800149 3.387856 8
6.452757 8.404159 3.057426 8
0.027343 -2.862768 6.937428 8
7.467468 1.400416 5.579727 8
-0.987368 4.140974 4.415127 8
