11.972246 5.191732 9.018275 46
5.189804 14.205782 18.042325 46
29.134296 3.822318 9.018275 46
22.351854 12.836368 18.042325 46
4.160081 3.958971 6.863692 8
13.001969 12.973021 15.887742 8
21.322131 5.055079 6.863692 8
30.164019 14.069129 15.887742 8
4.688672 3.998633 12.344900 8
12.473378 13.012683 3.320850 8
21.850722 5.015417 12.344900 8
29.635428 14.029467 3.320850 8
6.641713 9.553090 12.599379 8
10.520337 0.539040 3.575329 8
23.803763 17.489060 12.599379 8
27.682387 8.475010 3.575329 8
5.320235 8.909487 14.229122 8
11.841814 17.923537 5.205072 8
22.482286 0.104563 14.229122 8
29.003864 9.118613 5.205072 8
5.982691 4.461955 16.057395 8
11.179359 13.476005 7.033345 8
23.144741 4.552095 16.057395 8
28.341409 13.566145 7.033345 8
7.853354 3.327987 15.691018 8
9.308696 12.342037 6.666968 8
25.015404 5.686063 15.691018 8
26.470746 14.700113 6.666968 8
9.871611 8.909487 16.012274 8
7.290439 17.923537 6.988224 8
27.033661 0.104563 16.012274 8
24.452489 9.118613 6.988224 8
15.301684 8.392081 15.672970 8
1.860366 17.406131 6.648920 8
32.463734 0.621969 15.672970 8
19.022416 9.636019 6.648920 8
16.396623 3.484832 15.481660 8
0.765427 12.498882 6.457610 8
33.558673 5.529218 15.481660 8
17.927477 14.543268 6.457610 8
18.040747 4.860376 16.181926 8
33.445403 13.874426 7.157876 8
0.878697 4.153674 16.181926 8
16.283353 13.167724 7.157876 8
19.317603 8.552531 13.223843 8
32.168547 17.566581 4.199793 8
2.155553 0.461519 13.223843 8
15.006497 9.475569 4.199793 8
18.408015 8.738220 11.188017 8
33.078135 17.752270 2.163967 8
1.245965 0.275830 11.188017 8
15.916085 9.289880 2.163967 8
19.173442 2.630300 11.825115 8
32.312708 11.644350 2.801065 8
2.011392 6.383750 11.825115 8
15.150658 15.397800 2.801065 8
19.067038 2.165175 6.381808 8
32.419112 11.179225 15.405858 8
1.904988 6.848875 6.381808 8
15.257062 15.862925 15.405858 8
17.333671 1.687430 2.189235 8
34.152479 10.701480 11.213285 8
0.171620 7.326620 2.189235 8
16.990430 16.340670 11.213285 8
15.497331 0.877968 3.212562 8
1.664719 9.892018 12.236612 8
32.659381 8.136082 3.212562 8
18.826769 17.150132 12.236612 8
18.696337 6.275582 2.864233 8
32.789813 15.289632 11.888283 8
1.534287 2.738468 2.864233 8
15.627763 11.752518 11.888283 8
17.779884 7.496084 4.410956 8
33.706266 16.510134 13.435006 8
0.617834 1.517966 4.410956 8
16.544216 10.532016 13.435006 8
14.525959 5.572486 1.272391 8
2.636091 14.586536 10.296441 8
31.688009 3.441564 1.272391 8
19.798141 12.455614 10.296441 8
9.016941 6.223300 1.451067 8
8.145109 15.237350 10.475117 8
26.178991 2.790750 1.451067 8
25.307159 11.804800 10.475117 8
7.160007 2.177794 3.436358 8
10.002043 11.191844 12.460408 8
24.322057 6.836256 3.436358 8
27.164093 15.850306 12.460408 8
5.512450 3.335198 2.515905 8
11.649600 12.349248 11.539955 8
22.674500 5.678851 2.515905 8
28.811650 14.692901 11.539955 8
6.741253 8.950952 5.118441 8
10.420797 17.965002 14.142491 8
23.903303 0.063098 5.118441 8
27.582847 9.077148 14.142491 8
5.244722 8.209997 3.629473 8
11.917328 17.224047 12.653523 8
22.406772 0.804053 3.629473 8
29.079378 9.818103 12.653523 8
9.947124 5.276825 9.146777 7
7.214926 14.290875 0.122727 7
27.109174 3.737225 9.146777 7
24.376976 12.751275 0.122727 7
12.102678 5.650007 10.953392 7
5.059372 14.664057 1.929342 7
29.264728 3.364043 10.953392 7
22.221422 12.378093 1.929342 7
13.976774 4.862179 8.948248 7
3.185276 13.876229 17.972298 7
31.138824 4.151871 8.948248 7
20.347326 13.165921 17.972298 7
11.865841 4.993784 7.036954 7
5.296209 14.007834 16.061004 7
29.027891 4.020266 7.036954 7
22.458259 13.034316 16.061004 7
9.095887 5.096544 8.099987 6
8.066164 14.110594 17.124037 6
26.257937 3.917506 8.099987 6
25.228213 12.931556 17.124037 6
7.767544 4.892826 8.608944 6
9.394506 13.906876 17.632994 6
24.929594 4.121224 8.608944 6
26.556556 13.135274 17.632994 6
7.843057 4.925277 9.986014 6
9.318993 13.939327 0.961964 6
25.005107 4.088773 9.986014 6
26.481043 13.102823 0.961964 6
9.250345 5.329106 10.321708 6
7.911705 14.343156 1.297658 6
26.412395 3.684944 10.321708 6
25.073755 12.698994 1.297658 6
9.679396 5.722119 11.507469 6
7.482654 14.736169 2.483419 6
26.841446 3.291931 11.507469 6
24.644704 12.305981 2.483419 6
11.069522 6.044822 11.801653 6
6.092528 15.058872 2.777603 6
28.231572 2.969228 11.801653 6
23.254578 11.983278 2.777603 6
11.546627 6.663186 12.949512 6
5.615423 15.677236 3.925462 6
28.708677 2.350864 12.949512 6
22.777473 11.364914 3.925462 6
12.988239 6.650566 12.824980 6
4.173811 15.664616 3.800930 6
30.150289 2.363484 12.824980 6
21.335861 11.377534 3.800930 6
13.269697 5.920428 11.624781 6
3.892353 14.934478 2.600731 6
30.431747 3.093622 11.624781 6
21.054403 12.107672 2.600731 6
14.512229 5.462514 11.225918 6
2.649821 14.476564 2.201868 6
31.674279 3.551536 11.225918 6
19.811871 12.565586 2.201868 6
14.786822 4.858573 10.056401 6
2.375228 13.872623 1.032351 6
31.948872 4.155477 10.056401 6
19.537278 13.169527 1.032351 6
16.029355 4.173505 9.661148 6
1.132695 13.187555 0.637098 6
33.191405 4.840545 9.661148 6
18.294745 13.854595 0.637098 6
15.926382 3.899478 8.325589 6
1.235668 12.913528 17.349639 6
33.088432 5.114572 8.325589 6
18.397718 14.128622 17.349639 6
14.642661 4.409673 7.858143 6
2.519389 13.423723 16.882193 6
31.804711 4.604377 7.858143 6
19.681439 13.618427 16.882193 6
14.247934 4.571926 6.582142 6
2.914116 13.585976 15.606192 6
31.409984 4.442124 6.582142 6
20.076166 13.456174 15.606192 6
12.950483 4.882009 6.179669 6
4.211567 13.896059 15.203719 6
30.112533 4.132041 6.179669 6
21.373617 13.146091 15.203719 6
12.500837 5.174065 4.802599 6
4.661213 14.188115 13.826649 6
29.662887 3.839985 4.802599 6
21.823263 12.854035 13.826649 6
11.134738 5.394008 4.863963 6
6.027312 14.408058 13.888013 6
28.296788 3.620042 4.863963 6
23.189362 12.634092 13.888013 6
10.743443 5.210121 6.255471 6
6.418607 14.224171 15.279521 6
27.905493 3.803929 6.255471 6
23.580657 12.817979 15.279521 6
9.480316 5.183079 6.757209 6
7.681734 14.197129 15.781259 6
26.642366 3.830971 6.757209 6
24.843784 12.845021 15.781259 6
6.555903 4.501617 8.002528 6
10.606147 13.515667 17.026578 6
23.717953 4.512433 8.002528 6
27.768197 13.526483 17.026578 6
6.490687 4.416884 7.078465 1
10.671363 13.430934 16.102515 1
23.652737 4.597166 7.078465 1
27.833413 13.611215 16.102515 1
5.454099 4.247420 8.821911 6
11.707951 13.261470 17.845961 6
22.616149 4.766630 8.821911 6
28.870001 13.780680 17.845961 6
4.201270 3.895872 8.213690 6
12.960780 12.909922 17.237740 6
21.363320 5.118178 8.213690 6
30.122830 14.132228 17.237740 6
3.174979 3.511874 9.040293 6
13.987071 12.525924 0.016243 6
20.337029 5.502176 9.040293 6
31.149121 14.516226 0.016243 6
2.371795 3.243255 8.655869 1
14.790255 12.257305 17.679919 1
19.533845 5.770795 8.655869 1
31.952305 14.784845 17.679919 1
3.277952 3.510071 10.411949 6
13.884098 12.524121 1.387899 6
20.440002 5.503979 10.411949 6
31.046148 14.518029 1.387899 6
2.564010 3.228833 10.935344 1
14.598040 12.242883 1.911294 1
19.726060 5.785217 10.935344 1
31.760090 14.799267 1.911294 1
4.475863 3.933731 11.014755 6
12.686187 12.947781 1.990705 6
21.637913 5.080319 11.014755 6
29.848237 14.094369 1.990705 6
5.563937 4.272660 10.184543 6
11.598113 13.286710 1.160493 6
22.725987 4.741390 10.184543 6
28.760163 13.755440 1.160493 6
6.775577 4.672884 10.765692 6
10.386473 13.686934 1.741642 6
23.937627 4.341166 10.765692 6
27.548523 13.355216 1.741642 6
6.840793 4.764827 11.689754 1
10.321257 13.778877 2.665704 1
24.002843 4.249223 11.689754 1
27.483307 13.263273 2.665704 1
3.061710 3.574972 6.159817 6
14.100340 12.589022 15.183867 6
20.223760 5.439078 6.159817 6
31.262390 14.453128 15.183867 6
3.223033 3.702972 5.221315 1
13.939017 12.717022 14.245365 1
20.385083 5.311078 5.221315 1
31.101067 14.325128 14.245365 1
2.306580 4.101393 6.430538 1
14.855470 13.115443 15.454588 1
19.468630 4.912657 6.430538 1
32.017520 13.926707 15.454588 1
2.883224 2.646525 6.329469 1
14.278826 11.660575 15.353519 1
20.045274 6.367525 6.329469 1
31.440876 15.381575 15.353519 1
3.607463 3.690352 13.198576 6
13.554587 12.704402 4.174526 6
20.769513 5.323698 13.198576 6
30.716637 14.337748 4.174526 6
3.882056 3.787704 14.111809 1
13.279994 12.801754 5.087759 1
21.044106 5.226346 14.111809 1
30.442044 14.240396 5.087759 1
3.322573 2.787144 13.043362 1
13.839477 11.801194 4.019312 1
20.484623 6.226906 13.043362 1
31.001527 15.240956 4.019312 1
2.876360 4.288885 13.019899 1
14.285690 13.302935 3.995849 1
20.038410 4.725165 13.019899 1
31.447740 13.739215 3.995849 1
8.728619 6.001554 12.568697 6
8.433431 15.015604 3.544647 6
25.890669 3.012496 12.568697 6
25.595481 12.026546 3.544647 6
7.942597 7.169775 12.487480 6
9.219453 16.183825 3.463430 6
25.104647 1.844275 12.487480 6
26.381503 10.858325 3.463430 6
8.066164 7.770111 11.787214 1
9.095887 16.784161 2.763164 1
25.228213 1.243939 11.787214 1
26.257937 10.257989 2.763164 1
6.988387 7.416760 13.451249 6
10.173663 16.430810 4.427199 6
24.150437 1.597290 13.451249 6
27.335713 10.611340 4.427199 6
6.703497 6.463074 14.427651 6
10.458553 15.477124 5.403601 6
23.865547 2.550976 14.427651 6
27.620603 11.565026 5.403601 6
6.017015 6.601890 15.039482 1
11.145035 15.615940 6.015432 1
23.179065 2.412160 15.039482 1
28.307085 11.426210 6.015432 1
7.431168 5.345332 14.469162 6
9.730882 14.359382 5.445112 6
24.593218 3.668718 14.469162 6
26.892932 12.682768 5.445112 6
8.450593 5.076713 13.586610 6
8.711457 14.090763 4.562560 6
25.612643 3.937337 13.586610 6
25.873507 12.951387 4.562560 6
8.944860 4.294293 13.662412 1
8.217190 13.308343 4.638362 1
26.106910 4.719757 13.662412 1
25.379240 13.733807 4.638362 1
6.195500 8.711178 13.460273 6
10.966550 17.725228 4.436223 6
23.357550 0.302872 13.460273 6
28.128600 9.316922 4.436223 6
5.876286 10.946662 12.631865 6
11.285764 1.932612 3.607815 6
23.038336 16.095488 12.631865 6
28.447814 7.081438 3.607815 6
5.529613 11.119732 13.519832 1
11.632437 2.105682 4.495782 1
22.691663 15.922418 13.519832 1
28.794487 6.908368 4.495782 1
6.476958 11.667786 12.386411 1
10.685092 2.653736 3.362361 1
23.639008 15.374364 12.386411 1
27.847142 6.360314 3.362361 1
4.915211 10.852916 11.779995 6
12.246839 1.838866 2.755945 6
22.077261 16.189234 11.779995 6
29.408889 7.175184 2.755945 6
4.386620 11.662378 11.863016 1
12.775430 2.648328 2.838966 1
21.548670 15.379772 11.863016 1
29.937480 6.365722 2.838966 1
4.348863 10.120975 12.074179 1
12.813187 1.106925 3.050129 1
21.510913 16.921175 12.074179 1
29.975237 7.907125 3.050129 1
5.158912 10.649199 10.334342 6
12.003138 1.635149 1.310292 6
22.320962 16.392951 10.334342 6
29.165188 7.378901 1.310292 6
5.529613 9.764019 10.189957 1
11.632437 0.749969 1.165907 1
22.691663 17.278131 10.189957 1
28.794487 8.264081 1.165907 1
5.807638 11.300013 10.020305 1
11.354412 2.285963 0.996255 1
22.969688 15.742137 10.020305 1
28.516462 6.728087 0.996255 1
3.840867 10.800635 9.531202 6
13.321183 1.786585 0.507152 6
21.002917 16.241515 9.531202 6
30.483233 7.227465 0.507152 6
4.015920 10.660016 8.598115 1
13.146130 1.645966 17.622165 1
21.177970 16.382134 8.598115 1
30.308180 7.368084 17.622165 1
3.483896 11.682209 9.661148 1
13.678154 2.668159 0.637098 1
20.645946 15.359941 9.661148 1
30.840204 6.345891 0.637098 1
3.202439 10.151623 9.838019 1
13.959611 1.137573 0.813969 1
20.364489 16.890527 9.838019 1
31.121661 7.876477 0.813969 1
7.156575 4.305110 15.483465 6
10.005475 13.319160 6.459415 6
24.318625 4.708940 15.483465 6
27.167525 13.722990 6.459415 6
5.536477 3.488437 17.022968 6
11.625573 12.502487 7.998918 6
22.698527 5.525613 17.022968 6
28.787623 14.539663 7.998918 6
6.202365 3.387480 17.721429 1
10.959685 12.401530 8.697379 1
23.364415 5.626570 17.721429 1
28.121735 14.640620 8.697379 1
5.416343 2.628497 16.589814 1
11.745707 11.642547 7.565764 1
22.578393 6.385553 16.589814 1
28.907757 15.399603 7.565764 1
4.249324 3.940943 17.611336 6
12.912726 12.954993 8.587286 6
21.411374 5.073107 17.611336 6
30.074776 14.087157 8.587286 6
3.974731 3.291931 0.229211 1
13.187319 12.305981 9.253261 1
21.136781 5.722119 0.229211 1
30.349369 14.736169 9.253261 1
3.580004 3.946351 16.912875 1
13.582046 12.960401 7.888825 1
20.742054 5.067699 16.912875 1
30.744096 14.081749 7.888825 1
4.273350 5.302064 0.209358 6
12.888700 14.316114 9.233408 6
21.435400 3.711986 0.209358 6
30.050750 12.726036 9.233408 6
5.042210 5.368768 0.797726 1
12.119840 14.382818 9.821776 1
22.204260 3.645282 0.797726 1
29.281890 12.659332 9.821776 1
4.359161 5.983526 17.571630 1
12.802889 14.997576 8.547580 1
21.521211 3.030524 17.571630 1
29.964939 12.044574 8.547580 1
3.023953 5.543641 0.994450 6
14.138097 14.557691 10.018500 6
20.186003 3.470409 0.994450 6
31.300147 12.484459 10.018500 6
3.065142 6.408990 1.407752 1
14.096908 15.423040 10.431802 1
20.227192 2.605060 1.407752 1
31.258958 11.619110 10.431802 1
2.934711 4.869390 1.673059 1
14.227339 13.883440 10.697109 1
20.096761 4.144660 1.673059 1
31.389389 13.158710 10.697109 1
2.265391 5.505782 0.407887 1
14.896659 14.519832 9.431937 1
19.427441 3.508268 0.407887 1
32.058709 12.522318 9.431937 1
10.973415 7.391521 13.978253 6
6.188635 16.405571 4.954203 6
28.135465 1.622529 13.978253 6
23.350685 10.636579 4.954203 6
10.046664 7.431183 14.039617 1
7.115386 16.445233 5.015567 1
27.208714 1.582867 14.039617 1
24.277436 10.596917 5.015567 1
11.752572 8.072983 14.931193 6
5.409478 17.087033 5.907143 6
28.914622 0.941067 14.931193 6
22.571528 9.955117 5.907143 6
11.175927 8.869825 15.972569 6
5.986123 17.883875 6.948519 6
28.337977 0.144225 15.972569 6
23.148173 9.158275 6.948519 6
11.992841 9.471964 16.871364 6
5.169209 0.457914 7.847314 6
29.154891 17.570186 16.871364 6
22.331259 8.556136 7.847314 6
11.622140 9.994779 17.546363 1
5.539910 0.980729 8.522313 1
28.784190 17.047371 17.546363 1
22.701960 8.033321 8.522313 1
13.393264 9.318725 16.800976 6
3.768786 0.304675 7.776926 6
30.555314 17.723425 16.800976 6
20.930836 8.709375 7.776926 6
13.939017 9.727963 17.434465 1
3.223033 0.713913 8.410415 1
31.101067 17.314187 17.434465 1
20.385083 8.300137 8.410415 1
13.928720 8.599404 15.837208 6
3.233330 17.613454 6.813158 6
31.090770 0.414646 15.837208 6
20.395380 9.428696 6.813158 6
13.177022 7.990054 14.813880 6
3.985028 17.004104 5.789830 6
30.339072 1.023996 14.813880 6
21.147078 10.038046 5.789830 6
13.739937 7.304986 13.761676 6
3.422113 16.319036 4.737626 6
30.901987 1.709064 13.761676 6
20.584163 10.723114 4.737626 6
14.666688 7.285155 13.685874 1
2.495362 16.299205 4.661824 1
31.828738 1.728895 13.685874 1
19.657412 10.742945 4.661824 1
9.236615 10.036243 16.351579 6
7.925435 1.022193 7.327529 6
26.398665 17.005907 16.351579 6
25.087485 7.991857 7.327529 6
8.289270 9.893821 16.315482 1
8.872780 0.879771 7.291432 1
25.451320 17.148329 16.315482 1
26.034830 8.134279 7.291432 1
9.480316 10.737536 15.748772 1
7.681734 1.723486 6.724722 1
26.642366 16.304614 15.748772 1
24.843784 7.290564 6.724722 1
9.483749 10.283228 17.248569 1
7.678301 1.269178 8.224519 1
26.645799 16.758922 17.248569 1
24.840351 7.744872 8.224519 1
16.231867 9.163683 16.512207 6
0.930183 0.149633 7.488157 6
33.393917 17.878467 16.512207 6
18.092233 8.864417 7.488157 6
17.134591 8.925712 16.288410 1
0.027459 17.939762 7.264360 1
34.296641 0.088338 16.288410 1
17.189509 9.102388 7.264360 1
16.067111 8.967177 17.436269 1
1.094939 17.981227 8.412219 1
33.229161 0.046873 17.436269 1
18.256989 9.060923 8.412219 1
16.101435 10.101144 16.355188 1
1.060615 1.087094 7.331138 1
33.263485 16.941006 16.355188 1
18.222665 7.926956 7.331138 1
15.644925 5.691471 12.131933 6
1.517125 14.705521 3.107883 6
32.806975 3.322579 12.131933 6
18.679175 12.336629 3.107883 6
15.850869 5.017220 13.297840 6
1.311181 14.031270 4.273790 6
33.012919 3.996830 13.297840 6
18.473231 13.010880 4.273790 6
15.291387 4.312322 13.537880 1
1.870663 13.326372 4.513830 1
32.453437 4.701728 13.537880 1
19.032713 13.715778 4.513830 1
16.942376 5.404824 14.156930 6
0.219674 14.418874 5.132880 6
34.104426 3.609226 14.156930 6
17.381724 12.623276 5.132880 6
17.748992 6.430623 13.868160 6
33.737158 15.444673 4.844110 6
0.586942 2.583427 13.868160 6
16.575108 11.597477 4.844110 6
18.425177 6.686622 14.454723 1
33.060973 15.700672 5.430673 1
1.263127 2.327428 14.454723 1
15.898923 11.341478 5.430673 1
17.556777 7.097663 12.675181 6
33.929373 16.111713 3.651131 6
0.394727 1.916387 12.675181 6
16.767323 10.930437 3.651131 6
16.568243 6.760537 11.807067 6
0.593807 15.774587 2.783017 6
33.730293 2.253512 11.807067 6
17.755857 11.267562 2.783017 6
16.482433 7.218451 11.002122 1
0.679617 16.232501 1.978072 1
33.644483 1.795599 11.002122 1
17.841667 10.809649 1.978072 1
17.182644 4.571926 15.391420 6
34.303506 13.585976 6.367370 6
0.020594 4.442124 15.391420 6
17.141456 13.456174 6.367370 6
16.588838 2.498695 16.553717 6
0.573212 11.512745 7.529667 6
33.750888 6.515355 16.553717 6
17.735262 15.529405 7.529667 6
15.940112 2.648328 17.259398 1
1.221938 11.662378 8.235348 1
33.102162 6.365722 17.259398 1
18.383988 15.379772 8.235348 1
17.477832 2.592441 16.932727 1
34.008318 11.606491 7.908677 1
0.315782 6.421609 16.932727 1
16.846268 15.435659 7.908677 1
16.424082 1.148390 16.005055 6
0.737968 10.162440 6.981005 6
33.586132 7.865660 16.005055 6
17.900018 16.879710 6.981005 6
15.583141 1.117742 15.523171 1
1.578909 10.131792 6.499121 1
32.745191 7.896308 15.523171 1
18.740959 16.910358 6.499121 1
16.355434 0.524618 16.745027 1
0.806616 9.538668 7.720977 1
33.517484 8.489432 16.745027 1
17.968666 17.503482 7.720977 1
17.563642 0.647209 15.043091 6
33.922508 9.661259 6.019041 6
0.401592 8.366841 15.043091 6
16.760458 17.380891 6.019041 6
17.244428 17.889284 14.570231 1
34.241722 8.875234 5.546181 1
0.082378 9.152866 14.570231 1
17.079672 0.138816 5.546181 1
17.738695 1.335882 14.384336 1
33.747455 10.349932 5.360286 1
0.576645 7.678168 14.384336 1
16.585405 16.692218 5.360286 1
18.703202 0.342534 15.654922 6
32.782948 9.356584 6.630872 6
1.541152 8.671516 15.654922 6
15.620898 17.685566 6.630872 6
19.341630 0.039662 15.005190 1
32.144520 9.053712 5.981140 1
2.179580 8.974388 15.005190 1
14.982470 17.988438 5.981140 1
18.545311 17.674749 16.297434 1
32.940839 8.660699 7.273384 1
1.383261 9.367401 16.297434 1
15.778789 0.353351 7.273384 1
19.043011 1.121348 16.100710 1
32.443139 10.135398 7.076660 1
1.880961 7.892702 16.100710 1
15.281089 16.906752 7.076660 1
18.438907 8.255067 12.278122 6
33.047243 17.269117 3.254072 6
1.276857 0.758983 12.278122 6
15.885193 9.773033 3.254072 6
20.189436 9.661259 12.886343 6
31.296714 0.647209 3.862293 6
3.027386 17.380891 12.886343 6
14.134664 8.366841 3.862293 6
20.144814 10.335510 13.581195 1
31.341336 1.321460 4.557145 1
2.982764 16.706640 13.581195 1
14.179286 7.692590 4.557145 1
19.897681 10.063285 12.054326 1
31.588469 1.049235 3.030276 1
2.735631 16.978865 12.054326 1
14.426419 7.964815 3.030276 1
21.620751 9.174500 12.741959 6
29.865399 0.160450 3.717909 6
4.458701 17.867650 12.741959 6
12.703349 8.853600 3.717909 6
22.193963 9.915455 12.491090 1
29.292187 0.901405 3.467040 1
5.031913 17.126695 12.491090 1
12.130137 8.112645 3.467040 1
21.668804 8.505658 12.039888 1
29.817346 17.519708 3.015838 1
4.506754 0.508392 12.039888 1
12.655296 9.522442 3.015838 1
22.104720 8.574164 14.050446 6
29.381430 17.588214 5.026396 6
4.942670 0.439886 14.050446 6
12.219380 9.453936 5.026396 6
21.878181 9.176303 14.775979 1
29.607969 0.162253 5.751929 1
4.716131 17.865847 14.775979 1
12.445919 8.851797 5.751929 1
21.637913 7.735858 14.203855 1
29.848237 16.749908 5.179805 1
4.475863 1.278192 14.203855 1
12.686187 10.292242 5.179805 1
23.601251 8.316363 14.077518 6
27.884899 17.330413 5.053468 6
6.439201 0.697687 14.077518 6
10.722849 9.711737 5.053468 6
23.855249 7.977434 14.938412 1
27.630901 16.991484 5.914362 1
6.693199 1.036616 14.938412 1
10.468851 10.050666 5.914362 1
24.071491 9.138444 13.906061 1
27.414659 0.124394 4.882011 1
6.909441 17.903706 13.906061 1
10.252609 8.889656 4.882011 1
23.827790 7.672759 13.400714 1
27.658360 16.686809 4.376664 1
6.665740 1.341291 13.400714 1
10.496310 10.355341 4.376664 1
17.096834 3.672324 10.420973 6
0.065216 12.686374 1.396923 6
34.258884 5.341726 10.420973 6
17.227266 14.355776 1.396923 6
17.096834 3.758859 11.346840 1
0.065216 12.772909 2.322790 1
34.258884 5.255191 11.346840 1
17.227266 14.269241 2.322790 1
18.123125 3.061171 9.785680 6
33.363025 12.075221 0.761630 6
0.961075 5.952879 9.785680 6
16.200975 14.966929 0.761630 6
19.248955 2.505906 10.473312 6
32.237195 11.519956 1.449262 6
2.086905 6.508144 10.473312 6
15.075145 15.522194 1.449262 6
20.237489 1.880331 9.827190 6
31.248661 10.894381 0.803140 6
3.075439 7.133719 9.827190 6
14.086611 16.147769 0.803140 6
20.961728 1.525177 10.291027 1
30.524422 10.539227 1.266977 1
3.799678 7.488873 10.291027 1
13.362372 16.502923 1.266977 1
20.151679 1.775768 8.426658 6
31.334471 10.789818 17.450708 6
2.989629 7.238282 8.426658 6
14.172421 16.252332 17.450708 6
20.855323 1.359319 7.982675 1
30.630827 10.373369 17.006725 1
3.693273 7.654731 7.982675 1
13.468777 16.668781 17.006725 1
19.187172 2.208442 7.722782 6
32.298978 11.222492 16.746832 6
2.025122 6.805608 7.722782 6
15.136928 15.819658 16.746832 6
18.102530 2.801567 8.417634 6
33.383620 11.815617 17.441684 6
0.940480 6.212483 8.417634 6
16.221570 15.226533 17.441684 6
16.949241 3.293734 7.637956 6
0.212809 12.307784 16.662006 6
34.111291 5.720316 7.637956 6
17.374859 14.734366 16.662006 6
16.918349 3.198185 6.712088 1
0.243701 12.212235 15.736138 1
34.080399 5.815865 6.712088 1
17.405751 14.829915 15.736138 1
20.210030 2.107485 12.621036 6
31.276120 11.121535 3.596986 6
3.047980 6.906565 12.621036 6
14.114070 15.920615 3.596986 6
20.017815 2.273343 13.546904 1
31.468335 11.287393 4.522854 1
2.855765 6.740707 13.546904 1
14.306285 15.754757 4.522854 1
21.040673 2.527540 12.384606 1
30.445477 11.541590 3.360556 1
3.878623 6.486510 12.384606 1
13.283427 15.500560 3.360556 1
20.278678 1.161010 12.473042 1
31.207472 10.175060 3.448992 1
3.116628 7.853040 12.473042 1
14.045422 16.867090 3.448992 1
20.203165 1.718078 5.582277 6
31.282985 10.732128 14.606327 6
3.041115 7.295972 5.582277 6
14.120935 16.310022 14.606327 6
19.973194 1.750529 4.650995 1
31.512956 10.764579 13.675045 1
2.811144 7.263521 4.650995 1
14.350906 16.277571 13.675045 1
20.429704 0.816673 5.824122 1
31.056446 9.830723 14.848172 1
3.267654 8.197377 5.824122 1
13.894396 17.211427 14.848172 1
20.954863 2.291372 5.744710 1
30.531287 11.305422 14.768760 1
3.792813 6.722678 5.744710 1
13.369237 15.736728 14.768760 1
15.246765 4.364603 5.497451 6
1.915285 13.378653 14.521501 6
32.408815 4.649447 5.497451 6
19.077335 13.663497 14.521501 6
15.322278 3.201791 4.777332 6
1.839772 12.215841 13.801382 6
32.484328 5.812259 4.777332 6
19.001822 14.826309 13.801382 6
14.752498 2.495089 4.981276 1
2.409552 11.509139 14.005326 1
31.914548 6.518961 4.981276 1
19.571602 15.533011 14.005326 1
16.228434 3.068383 3.759419 6
0.933616 12.082433 12.783469 6
33.390484 5.945667 3.759419 6
18.095666 14.959717 12.783469 6
17.096834 4.094182 3.463430 6
0.065216 13.108232 12.487480 6
34.258884 4.919868 3.463430 6
17.227266 13.933918 12.487480 6
17.742127 3.993224 2.799260 1
33.744023 13.007274 11.823310 1
0.580077 5.020826 2.799260 1
16.581973 14.034876 11.823310 1
16.993862 5.275022 4.167306 6
0.168188 14.289072 13.191356 6
34.155912 3.739028 4.167306 6
17.330238 12.753078 13.191356 6
16.146057 5.395810 5.199658 6
1.015993 14.409860 14.223708 6
33.308107 3.618240 5.199658 6
18.178043 12.632290 14.223708 6
16.159786 6.165610 5.721248 1
1.002264 15.179660 14.745298 1
33.321836 2.848440 5.721248 1
18.164314 11.862490 14.745298 1
16.297083 1.790190 3.037495 6
0.864967 10.804240 12.061545 6
33.459133 7.223860 3.037495 6
18.027017 16.237910 12.061545 6
17.412616 0.420055 1.483554 6
34.073534 9.434105 10.507604 6
0.250566 8.593995 1.483554 6
16.911484 17.608045 10.507604 6
16.671215 17.889284 1.770519 1
0.490835 8.875234 10.794569 1
33.833265 9.152866 1.770519 1
17.652885 0.138816 10.794569 1
17.299346 0.587716 0.534224 1
34.186804 9.601766 9.558274 1
0.137296 8.426334 0.534224 1
17.024754 17.440384 9.558274 1
18.651716 17.710805 1.680278 6
32.834434 8.696755 10.704328 6
1.489666 9.331345 1.680278 6
15.672384 0.317295 10.704328 6
18.672310 16.922977 1.117177 1
32.813840 7.908927 10.141227 1
1.510260 10.119173 1.117177 1
15.651790 1.105123 10.141227 1
19.417143 0.239774 1.467311 1
32.069007 9.253824 10.491361 1
2.255093 8.774276 1.467311 1
14.906957 17.788326 10.491361 1
18.672310 17.362863 2.977937 6
32.813840 8.348813 12.001987 6
1.510260 9.679287 2.977937 6
15.651790 0.665237 12.001987 6
17.851964 16.897738 3.212562 1
33.634186 7.883688 12.236612 1
0.689914 10.144412 3.212562 1
16.472136 1.130362 12.236612 1
18.747823 0.124394 3.535623 1
32.738327 9.138444 12.559673 1
1.585773 8.889656 3.535623 1
15.576277 17.903706 12.559673 1
19.849627 16.470472 3.176466 6
31.636523 7.456422 12.200516 6
2.687577 10.571678 3.176466 6
14.474473 1.557628 12.200516 6
19.877086 16.171206 4.087895 1
31.609064 7.157156 13.111945 1
2.715036 10.870944 4.087895 1
14.447014 1.856894 13.111945 1
20.656243 16.953625 2.976132 1
30.829907 7.939575 12.000182 1
3.494193 10.088525 2.976132 1
13.667857 1.074475 12.000182 1
19.780979 15.711489 2.593512 1
31.705171 6.697439 11.617562 1
2.618929 11.330661 2.593512 1
14.543121 2.316611 11.617562 1
17.869126 6.502736 3.806344 6
33.617024 15.516786 12.830394 6
0.707076 2.511314 3.806344 6
16.454974 11.525364 12.830394 6
19.616223 7.339240 2.496052 6
31.869927 16.353290 11.520102 6
2.454173 1.674810 2.496052 6
14.707877 10.688860 11.520102 6
20.518947 6.987692 2.425665 1
30.967203 16.001742 11.449715 1
3.356897 2.026358 2.425665 1
13.805153 11.040408 11.449715 1
19.612791 8.029716 3.178270 1
31.873359 17.043766 12.202320 1
2.450741 0.984334 3.178270 1
14.711309 9.998384 12.202320 1
19.183739 7.925153 1.164102 6
32.302411 16.939203 10.188152 6
2.021689 1.088897 1.164102 6
15.140361 10.102947 10.188152 6
19.104794 7.211240 0.512566 1
32.381356 16.225290 9.536616 1
1.942744 1.802810 0.512566 1
15.219306 10.816860 9.536616 1
18.311907 8.334391 1.263367 1
33.174243 17.348441 10.287417 1
1.149857 0.679659 1.263367 1
16.012193 9.693709 10.287417 1
20.137949 8.934726 0.664170 6
31.348201 17.948776 9.688220 6
2.975899 0.079324 0.664170 6
14.186151 9.093374 9.688220 6
20.220327 9.634217 1.330145 1
31.265823 0.620167 10.354195 1
3.058277 17.407933 1.330145 1
14.103773 8.393883 10.354195 1
21.009782 8.514672 0.577539 1
30.476368 17.528722 9.601589 1
3.847732 0.499378 0.577539 1
13.314318 9.513428 9.601589 1
19.801573 9.542273 17.450708 6
31.684577 0.528223 8.426658 6
2.639523 17.499877 17.450708 6
14.522527 8.485827 8.426658 6
20.484623 10.169651 17.203449 1
31.001527 1.155601 8.179399 1
3.322573 16.872499 17.203449 1
13.839477 7.858449 8.179399 1
18.960633 10.000187 17.531924 1
32.525517 0.986137 8.507874 1
1.798583 17.041963 17.531924 1
15.363467 8.027913 8.507874 1
19.729493 8.862614 16.775709 1
31.756657 17.876664 7.751659 1
2.567443 0.151436 16.775709 1
14.594607 9.165486 7.751659 1
13.211346 5.298459 3.596986 6
3.950704 14.312509 12.621036 6
30.373396 3.715591 3.596986 6
21.112754 12.729641 12.621036 6
14.134664 5.186684 3.573524 1
3.027386 14.200734 12.597574 1
31.296714 3.827366 3.573524 1
20.189436 12.841416 12.597574 1
12.490540 5.594119 2.418445 6
4.671510 14.608169 11.442495 6
29.652590 3.419931 2.418445 6
21.833560 12.433981 11.442495 6
13.139265 5.725725 1.191175 6
4.022785 14.739775 10.215225 6
30.301315 3.288325 1.191175 6
21.184835 12.302375 10.215225 6
12.428757 6.057442 0.092045 6
4.733293 15.071492 9.116095 6
29.590807 2.956608 0.092045 6
21.895343 11.970658 9.116095 6
12.871538 6.212483 17.337005 1
4.290513 15.226533 8.312955 1
30.033588 2.801567 17.337005 1
21.452562 11.815617 8.312955 1
11.031766 6.172821 0.144385 6
6.130284 15.186871 9.168435 6
28.193816 2.841229 0.144385 6
23.292334 11.855279 9.168435 6
10.551228 6.340483 17.412807 1
6.610822 15.354533 8.388757 1
27.713278 2.673567 17.412807 1
23.772872 11.687617 8.388757 1
10.400202 6.048428 1.283220 6
6.761848 15.062478 10.307270 6
27.562252 2.965622 1.283220 6
23.923898 11.979672 10.307270 6
11.059225 5.768992 2.523124 6
6.102825 14.783042 11.547174 6
28.221275 3.245058 2.523124 6
23.264875 12.259108 11.547174 6
10.444824 5.696880 3.717909 6
6.717226 14.710930 12.741959 6
27.606874 3.317170 3.717909 6
23.879276 12.331220 12.741959 6
9.528370 5.857330 3.768443 1
7.633680 14.871380 12.792493 1
26.690420 3.156720 3.768443 1
24.795730 12.170770 12.792493 1
15.281089 5.830288 0.135361 6
1.880961 14.844338 9.159411 6
32.443139 3.183762 0.135361 6
19.043011 12.197812 9.159411 6
16.211272 5.686063 0.330280 1
0.950778 14.700113 9.354330 1
33.373322 3.327987 0.330280 1
18.112828 12.342037 9.354330 1
15.150658 6.740707 17.910934 1
2.011392 15.754757 8.886884 1
32.312708 2.273343 17.910934 1
19.173442 11.287393 8.886884 1
15.006497 5.240769 17.477780 1
2.155553 14.254819 8.453730 1
32.168547 3.773281 17.477780 1
19.317603 12.787331 8.453730 1
8.296135 6.470285 0.263502 6
8.865915 15.484335 9.287552 6
25.458185 2.543765 0.263502 6
26.027965 11.557815 9.287552 6
7.365952 6.583862 0.472860 1
9.796098 15.597912 9.496910 1
24.528002 2.430188 0.472860 1
26.958148 11.444238 9.496910 1
8.402540 5.729330 17.712405 1
8.759510 14.743380 8.688355 1
25.564590 3.284720 17.712405 1
25.921560 12.298770 8.688355 1
8.629079 7.268930 17.896496 1
8.532971 16.282980 8.872446 1
25.791129 1.745120 17.896496 1
25.695021 10.759170 8.872446 1
8.361351 5.298459 5.762758 6
8.800699 14.312509 14.786808 6
25.523401 3.715591 5.762758 6
25.962749 12.729641 14.786808 6
7.911705 4.254632 5.010153 6
9.250345 13.268682 14.034203 6
25.073755 4.759418 5.010153 6
26.412395 13.773468 14.034203 6
8.289270 3.412719 5.129270 1
8.872780 12.426769 14.153320 1
25.451320 5.601331 5.129270 1
26.034830 14.615381 14.153320 1
6.909441 4.418687 4.078871 6
10.252609 13.432737 13.102921 6
24.071491 4.595363 4.078871 6
27.414659 13.609413 13.102921 6
6.319067 5.631978 3.918243 6
10.842983 14.646028 12.942293 6
23.481117 3.382072 3.918243 6
28.005033 12.396122 12.942293 6
5.618855 5.723922 3.313631 1
11.543195 14.737972 12.337681 1
22.780905 3.290128 3.313631 1
28.705245 12.304178 12.337681 1
6.737821 6.715467 4.627533 6
10.424229 15.729517 13.651583 6
23.899871 2.298583 4.627533 6
27.586279 11.312633 13.651583 6
7.757247 6.540595 5.566034 6
9.404803 15.554645 14.590084 6
24.919297 2.473455 5.566034 6
26.566853 11.487505 14.590084 6
8.038704 7.267127 6.073186 1
9.123346 16.281177 15.097236 1
25.200754 1.746923 6.073186 1
26.285396 10.760973 15.097236 1
6.373985 3.243255 3.241439 6
10.788065 12.257305 12.265489 6
23.536035 5.770795 3.241439 6
27.950115 14.784845 12.265489 6
6.799604 0.995151 2.604341 6
10.362446 10.009201 11.628391 6
23.961654 8.018899 2.604341 6
27.524496 17.032949 11.628391 6
5.852259 1.013179 2.398592 1
11.309791 10.027229 11.422642 1
23.014309 8.000871 2.398592 1
28.471841 17.014921 11.422642 1
6.991819 0.178478 3.093444 1
10.170231 9.192528 12.117494 1
24.153869 8.835572 3.093444 1
27.332281 17.849622 12.117494 1
7.592491 1.022193 1.342779 6
9.569559 10.036243 10.366829 6
24.754541 7.991857 1.342779 6
26.731609 17.005907 10.366829 6
8.536404 0.955489 1.552137 1
8.625646 9.969539 10.576187 1
25.698454 8.058561 1.552137 1
25.787696 17.072611 10.576187 1
7.444897 1.865908 0.886162 1
9.717153 10.879958 9.910212 1
24.606947 7.148142 0.886162 1
26.879203 16.162192 9.910212 1
7.194331 17.903706 0.424130 6
9.967719 8.889656 9.448180 6
24.356381 9.138444 0.424130 6
27.129769 0.124394 9.448180 6
7.259547 17.067202 0.913234 1
9.902503 8.053152 9.937284 1
24.421597 9.974948 0.913234 1
27.064553 0.960898 9.937284 1
6.271013 18.019086 0.149799 1
10.891037 9.005036 9.173849 1
23.433063 9.023064 0.149799 1
28.053087 0.009014 9.173849 1
8.028407 17.831594 17.300909 6
9.133643 8.817544 8.276859 6
25.190457 9.210556 17.300909 6
26.295693 0.196506 8.276859 6
7.743517 17.099653 16.748637 1
9.418533 8.085603 7.724587 1
24.905567 9.942497 16.748637 1
26.580583 0.928447 7.724587 1
8.941428 17.692777 17.566216 1
8.220622 8.678727 8.542166 1
26.103478 9.349373 17.566216 1
25.382672 0.335323 8.542166 1
7.959759 0.623772 16.808196 1
9.202291 9.637822 7.784146 1
25.121809 8.390278 16.808196 1
26.364341 17.404328 7.784146 1
6.102825 8.040533 4.452466 6
11.059225 17.054583 13.476516 6
23.264875 0.973517 4.452466 6
28.221275 9.987567 13.476516 6
6.188635 10.288637 4.824257 6
10.973415 1.274587 13.848307 6
23.350685 16.753513 4.824257 6
28.135465 7.739463 13.848307 6
6.779010 10.769987 4.221451 1
10.383040 1.755937 13.245501 1
23.941060 16.272163 4.221451 1
27.545090 7.258113 13.245501 1
5.320235 10.205707 4.401932 1
11.841814 1.191657 13.425982 1
22.482286 16.836443 4.401932 1
29.003864 7.822393 13.425982 1
6.071933 10.991733 6.071381 6
11.090117 1.977683 15.095431 6
23.233983 16.050417 6.071381 6
28.252167 7.036367 15.095431 6
6.926603 11.137760 6.500926 1
10.235447 2.123710 15.524976 1
24.088653 15.904390 6.500926 1
27.397497 6.890340 15.524976 1
5.457532 10.560861 6.686821 1
11.704518 1.546811 15.710871 1
22.619582 16.481289 6.686821 1
28.866568 7.467239 15.710871 1
6.923171 10.829480 6.506340 1
10.238879 1.815430 15.530390 1
24.085221 16.212670 6.506340 1
27.400929 7.198620 15.530390 1
5.423208 10.467115 6.567704 1
11.738842 1.453065 15.591754 1
22.585258 16.575035 6.567704 1
28.900892 7.560985 15.591754 1
5.495288 12.264516 5.468574 6
11.666762 3.250466 14.492624 6
22.657338 14.777634 5.468574 6
28.828812 5.763584 14.492624 6
6.174906 12.954993 5.468574 1
10.987144 3.940943 14.492624 1
23.336956 14.087157 5.468574 1
28.149194 5.073107 14.492624 1
5.244722 12.095052 4.544512 1
11.917328 3.081002 13.568562 1
22.406772 14.947098 4.544512 1
29.079378 5.933048 13.568562 1
5.738990 12.424967 6.461220 6
11.423060 3.410917 15.485270 6
22.901040 14.617183 6.461220 6
28.585110 5.603133 15.485270 6
5.948367 12.556572 7.397916 1
11.213683 3.542522 16.421966 1
23.110417 14.485578 7.397916 1
28.375733 5.471528 16.421966 1
6.295040 13.030711 5.945044 1
10.867010 4.016661 14.969094 1
23.457090 14.011439 5.945044 1
28.029060 4.997389 14.969094 1
4.276783 12.765698 6.222985 6
12.885267 3.751648 15.247035 6
21.438833 14.276452 6.222985 6
30.047317 5.262402 15.247035 6
3.981596 13.593187 5.838560 1
13.180454 4.579137 14.862610 1
21.143646 13.448963 5.838560 1
30.342504 4.434913 14.862610 1
4.510187 12.908120 7.145243 1
12.651863 3.894070 16.169293 1
21.672237 14.134030 7.145243 1
29.813913 5.119980 16.169293 1
3.576571 12.114883 6.167036 1
13.585479 3.100833 15.191086 1
20.738621 14.927267 6.167036 1
30.747529 5.913217 15.191086 1
4.118892 13.681525 6.464829 1
13.043158 4.667475 15.488879 1
21.280942 13.360625 6.464829 1
30.205208 4.346575 15.488879 1
3.724165 12.194207 6.760818 1
13.437885 3.180157 15.784868 1
20.886215 14.847943 6.760818 1
30.599935 5.833893 15.784868 1
4.067406 12.637698 5.297117 1
13.094644 3.623648 14.321167 1
21.229456 14.404452 5.297117 1
30.256694 5.390402 14.321167 1
6.847658 9.920863 0.707486 8
10.314392 0.906813 9.731536 8
24.009708 17.121287 0.707486 8
27.476442 8.107237 9.731536 8
7.475789 10.798832 1.660425 6
9.686261 1.784782 10.684475 6
24.637839 16.243318 1.660425 6
26.848311 7.229268 10.684475 6
6.864820 10.984521 2.398592 1
10.297230 1.970471 11.422642 1
24.026870 16.057629 2.398592 1
27.459280 7.043579 11.422642 1
7.716058 11.638941 1.247124 1
9.445992 2.624891 10.271174 1
24.878108 15.403209 1.247124 1
26.608042 6.389159 10.271174 1
8.728619 10.095736 2.201868 6
8.433431 1.081686 11.225918 6
25.890669 16.946414 2.201868 6
25.595481 7.932364 11.225918 6
9.161102 10.669030 2.840771 1
8.000948 1.654980 11.864821 1
26.323152 16.373120 2.840771 1
25.162998 7.359070 11.864821 1
9.329290 9.926272 1.470920 1
7.832760 0.912222 10.494970 1
26.491340 17.115878 1.470920 1
24.994810 8.101828 10.494970 1
8.481485 9.275457 2.616975 1
8.680565 0.261407 11.641025 1
25.643535 17.766693 2.616975 1
25.842615 8.752643 11.641025 1
5.663477 10.519396 0.252673 6
11.498573 1.505346 9.276723 6
22.825527 16.522754 0.252673 6
28.660623 7.508704 9.276723 6
5.865989 11.354097 17.851376 1
11.296061 2.340047 8.827326 1
23.028039 15.688053 17.851376 1
28.458111 6.674003 8.827326 1
5.086832 10.717705 1.010694 1
12.075218 1.703655 10.034744 1
22.248882 16.324445 1.010694 1
29.237268 7.310395 10.034744 1
4.949535 9.574724 17.344224 6
12.212515 0.560674 8.320174 6
22.111585 17.467426 17.344224 6
29.374565 8.453376 8.320174 6
4.136054 9.983962 17.035602 1
13.025996 0.969912 8.011552 1
21.298104 17.058188 17.035602 1
30.188046 8.044138 8.011552 1
4.740158 8.754445 17.799036 1
12.421892 17.768495 8.774986 1
21.902208 0.259605 17.799036 1
29.583942 9.273655 8.774986 1
5.519315 9.389034 16.595228 1
11.642735 0.374984 7.571178 1
22.681365 17.653116 16.595228 1
28.804785 8.639066 7.571178 1
