5.193190 9.575041 8.341480 6
4.219310 3.041959 24.302980 6
2.055690 9.350459 23.581520 6
1.081810 3.266541 7.620020 6
4.897010 8.237639 8.577710 6
4.515490 4.379361 24.539210 6
1.759510 10.687861 23.345290 6
1.377990 1.929139 7.383790 6
4.036080 7.555060 7.728558 6
5.376420 5.061940 23.690058 6
0.898580 11.370440 24.194442 6
2.238920 1.246560 8.232942 6
3.837790 6.660514 7.884981 1
5.574710 5.956486 23.846481 1
0.700290 12.264986 24.038019 1
2.437210 0.352014 8.076519 1
3.471330 8.209882 6.639984 6
5.941170 4.407118 22.601484 6
0.333830 10.715618 25.283016 6
2.803670 1.901382 9.321516 6
3.766882 9.547284 6.403754 6
5.645618 3.069716 22.365254 6
0.629382 9.378216 25.519246 6
2.508118 3.238784 9.557746 6
3.389128 9.985094 5.672717 1
6.023372 2.631906 21.634217 1
0.251628 8.940406 26.250283 1
2.885873 3.676594 10.288783 1
4.627813 10.229864 7.252906 6
4.784688 2.387136 23.214406 6
1.490312 8.695636 24.670094 6
1.647188 3.921364 8.708594 6
4.826103 11.124409 7.096483 1
4.586398 1.492591 23.057983 1
1.688602 7.801091 24.826517 1
1.448897 4.815909 8.865017 1
2.478625 7.413749 5.647179 6
0.658875 5.203251 21.608679 6
5.616125 11.511751 26.275821 6
3.796375 1.105249 10.314321 6
2.379480 6.501540 5.988755 1
0.758020 6.115460 21.950255 1
5.516980 12.423960 25.934245 1
3.895520 0.193040 9.972745 1
1.121970 8.055955 5.621640 6
2.015530 4.561046 21.583140 6
4.259470 10.869546 26.301360 6
5.153030 1.747455 10.339860 6
0.756765 8.068572 6.509100 1
2.380735 4.548428 22.470600 1
3.894265 10.856929 25.413900 1
5.518235 1.760071 9.452400 1
0.542160 7.553798 5.043834 1
2.595340 5.063202 21.005334 1
3.679660 11.371702 26.879166 1
5.732840 1.245298 10.917666 1
1.198525 8.955547 5.292833 1
1.938975 3.661453 21.254333 1
4.336025 9.969953 26.630167 1
5.076475 2.647047 10.668667 1
3.150050 7.334262 4.268105 6
6.262450 5.282738 20.229605 6
0.012550 11.591238 27.654895 6
3.124950 1.025762 11.693395 6
3.974585 6.847246 4.338336 1
5.437915 5.769754 20.299836 1
0.837085 12.078254 27.584664 1
2.300415 0.538746 11.623164 1
3.328887 8.221237 3.945683 1
6.083613 4.395763 19.907183 1
0.191387 10.704263 27.977317 1
2.946113 1.912737 12.015817 1
2.564593 6.883835 3.655184 1
0.572908 5.733165 19.616684 1
5.702093 12.041665 28.267816 1
3.710407 0.575335 12.306316 1
1.267550 10.175611 8.944825 6
1.869950 2.441390 24.906325 6
4.405050 8.749890 22.978175 6
5.007450 3.867111 7.016675 6
1.797160 10.627299 9.605631 1
1.340340 1.989701 25.567131 1
4.934660 8.298201 22.317369 1
4.477840 4.318799 6.355869 1
1.439485 10.561691 8.079711 1
1.698015 2.055309 24.041211 1
4.576985 8.363809 23.843289 1
4.835515 4.253191 7.881789 1
1.502235 9.244476 8.928863 1
1.635265 3.372524 24.890363 1
4.639735 9.681024 22.994137 1
4.772765 2.935976 7.032637 1
6.124400 10.318183 9.270439 6
3.288100 2.298817 25.231939 6
2.986900 8.607317 22.652561 6
0.150600 4.009683 6.691061 6
5.923600 11.254364 9.002286 1
3.488900 1.362636 24.963786 1
2.786100 7.671136 22.920714 1
0.351400 4.945864 6.959214 1
5.779275 11.216513 9.621592 1
3.633225 1.400487 25.583092 1
2.641775 7.708987 22.301408 1
0.495725 4.908013 6.339908 1
0.395325 6.680702 9.356631 8
2.742175 5.936299 25.318131 8
3.532825 12.244799 22.566369 8
5.879675 0.372202 6.604869 8
5.528275 7.235850 9.474746 6
3.884225 5.381151 25.436246 6
2.390775 11.689651 22.448254 6
0.746725 0.927350 6.486754 6
5.816925 10.390100 10.742090 6
3.595575 2.226900 26.703589 6
2.679425 8.535400 21.180910 6
0.458075 4.081600 5.219410 6
4.866890 10.411548 10.866589 1
4.545610 2.205452 26.828089 1
1.729390 8.513952 21.056411 1
1.408110 4.103048 5.094911 1
6.209113 11.183709 11.112396 1
3.203387 1.433291 27.073896 1
3.071613 7.741791 20.810604 1
0.065887 4.875209 4.849104 1
6.181503 9.617939 11.182627 1
3.230997 2.999061 27.144127 1
3.044003 9.307561 20.740373 1
0.093497 3.309439 4.778873 1
0.537768 7.214401 9.449208 8
2.599732 5.402599 25.410708 8
3.675268 11.711099 22.473792 8
5.737232 0.905901 6.512292 8
0.922425 7.666089 8.880979 1
2.215075 4.950911 24.842479 1
4.059925 11.259411 23.042021 1
5.352575 1.357589 7.080521 1
5.660050 7.820017 9.800361 6
3.752450 4.796983 25.761861 6
2.522550 11.105483 22.122639 6
0.614950 1.511517 6.161139 6
6.155775 9.217980 10.330283 6
3.256725 3.399020 26.291783 6
3.018275 9.707520 21.592717 6
0.119225 2.909480 5.631217 6
5.602320 9.485461 11.077281 1
3.810180 3.131539 27.038781 1
2.464820 9.440039 20.845719 1
0.672680 3.176961 4.884219 1
0.791905 9.123353 10.655897 1
2.345595 3.493647 26.617397 1
3.929405 9.802147 21.267103 1
5.483095 2.814853 5.305603 1
1.438230 4.940817 13.892890 8
1.699270 7.676183 29.854390 8
4.575730 1.367683 18.030110 8
4.836770 11.249317 2.068610 8
3.324495 3.902438 14.538053 8
6.088005 8.714562 30.499553 8
0.186995 2.406062 17.384947 8
2.950505 10.210938 1.423447 8
5.784923 4.479035 15.760385 7
3.627577 8.137965 31.721885 7
2.647422 1.829465 16.162615 7
0.490077 10.787535 0.201115 7
6.106203 3.737155 16.405230 1
3.306298 8.879845 0.443730 1
2.968703 2.571345 15.517770 1
0.168798 10.045655 31.479270 1
0.207702 4.608990 15.010195 1
2.929798 8.008010 30.971695 1
3.345202 1.699510 16.912805 1
6.067298 10.917490 0.951305 1
4.879440 4.203984 15.345386 1
4.533060 8.413016 31.306886 1
1.741940 2.104516 16.577614 1
1.395560 10.512484 0.616114 1
4.866263 6.727384 10.655897 6
4.546238 5.889616 26.617397 6
1.728763 12.198116 21.267103 6
1.408738 0.418884 5.305603 6
3.490155 7.113465 11.003858 6
5.922345 5.503535 26.965358 6
0.352655 11.812035 20.919142 6
2.784845 0.804965 4.957642 6
3.070358 7.813708 10.556936 1
0.067143 4.803292 26.518436 1
6.207858 11.111792 21.366064 1
3.204643 1.505208 5.404564 1
2.825005 6.415744 12.009433 6
0.312495 6.201256 27.970933 6
5.962505 12.509756 19.913567 6
3.449995 0.107244 3.952067 6
1.959055 6.670608 12.232894 1
1.178445 5.946392 28.194394 1
5.096555 12.254892 19.690106 1
4.315945 0.362108 3.728606 1
3.388500 5.382412 12.670239 6
6.024000 7.234588 28.631739 6
0.251000 0.926088 19.252761 6
2.886500 11.690912 3.291261 6
4.727585 4.971098 12.360586 6
4.684915 7.645902 28.322086 6
1.590085 1.337402 19.562414 6
1.547415 11.279598 3.600914 6
5.129185 4.263284 12.807508 1
4.283315 8.353716 28.769008 1
1.991685 2.045216 19.115492 1
1.145815 10.571784 3.153992 1
5.403403 5.665033 11.364588 6
4.009098 6.951967 27.326088 6
2.265903 0.643467 20.558412 6
0.871598 11.973533 4.596912 6
6.271235 5.400076 11.160281 1
3.141265 7.216924 27.121781 1
3.133735 0.908424 20.762719 1
0.003765 11.708576 4.801219 1
2.635500 4.722543 13.829044 6
0.502000 7.894457 29.790544 6
5.773000 1.585957 18.093956 6
3.639500 11.031043 2.132456 6
2.871440 10.029253 13.347006 17
0.266060 2.587747 29.308506 17
6.008940 8.896247 18.575994 17
3.403560 3.720753 2.614494 17
2.860773 6.714767 17.551265 17
0.276727 5.902233 1.589765 17
5.998273 12.210733 14.371735 17
3.414228 0.406267 30.333235 17
3.674013 7.315337 16.147930 6
5.738488 5.301663 0.186430 6
0.536513 11.610163 15.775070 6
2.600988 1.006837 31.736570 6
4.947210 6.887620 15.789116 6
4.465290 5.729380 31.750616 6
1.809710 12.037880 16.133884 6
1.327790 0.579120 0.172384 6
5.580985 7.445292 14.684580 6
3.831515 5.171708 30.646080 6
2.443485 11.480208 17.238420 6
0.694015 1.136792 1.276920 6
0.157502 7.160148 14.441965 1
2.979998 5.456853 30.403465 1
3.295002 11.765353 17.481035 1
6.117498 0.851647 1.519535 1
4.942818 8.431941 13.940455 6
4.469683 4.185059 29.901955 6
1.805318 10.493559 17.982545 6
1.332183 2.123441 2.021045 6
5.367007 8.805404 13.203353 1
4.045493 3.811596 29.164853 1
2.229507 10.120096 18.719647 1
0.907993 2.496904 2.758147 1
3.669620 8.858396 14.301504 6
5.742880 3.758604 30.263004 6
0.532120 10.067104 17.621496 6
2.605380 2.549896 1.659996 6
3.035845 8.300724 15.402847 6
0.101655 4.316276 31.364347 6
6.173345 10.624776 16.520153 6
3.239155 1.992224 0.558653 6
2.183700 8.587130 15.645462 1
0.953800 4.029870 31.606962 1
5.321200 10.338370 16.277538 1
4.091300 2.278630 0.316038 1
5.618635 5.757137 16.516960 6
3.793865 6.859863 0.555460 6
2.481135 0.551363 15.406040 6
0.656365 12.065637 31.367540 6
0.222135 6.058683 16.794690 1
2.915365 6.558317 0.833190 1
3.359635 0.249817 15.128310 1
6.052865 12.367183 31.089810 1
5.108478 5.570406 17.318227 1
4.304023 7.046595 1.356727 1
1.970977 0.738094 14.604772 1
1.166523 11.878906 30.566273 1
