2.844581 7.269761 2.211997 6
3.224551 3.471161 13.464809 6
3.209179 1.042336 2.590435 7
2.859953 4.840936 13.086371 7
2.506300 1.887904 3.543742 6
3.562832 5.686504 12.133064 6
1.270681 2.545062 2.954764 6
4.798451 6.343662 12.722042 6
0.046293 2.425026 3.594848 6
6.022839 6.223626 12.081958 6
-1.093649 2.999375 3.052588 6
7.162782 6.797975 12.624218 6
10.916032 3.699077 1.860210 6
-4.846900 7.497677 13.816596 6
0.190993 3.821392 1.218245 6
5.878139 0.022792 14.458562 6
1.339539 3.257679 1.761759 6
4.729593 7.056279 13.915047 6
4.145090 1.558186 1.770695 6
1.924043 5.356786 13.906111 6
4.681526 2.649144 1.852371 8
1.387607 6.447744 13.824435 8
4.395522 0.619172 0.765498 7
1.673611 4.417772 14.911308 7
-0.592233 0.896470 15.307617 6
6.661366 4.695070 0.369189 6
-1.343815 1.533115 14.159605 6
7.412947 5.331715 1.517201 6
-1.411861 0.872918 12.940733 6
7.480994 4.671518 2.736073 6
-2.143550 1.416118 11.897755 6
8.212682 5.214718 3.779051 6
-2.815651 2.617995 12.066908 6
8.884784 6.416595 3.609898 6
-2.723291 3.294146 13.252075 6
8.792423 7.092746 2.424732 6
-1.980661 2.766900 14.307280 6
8.049793 6.565500 1.369526 6
3.623860 7.098064 0.915212 6
2.445272 3.299464 14.761594 6
3.585684 6.137778 0.184202 8
2.483448 2.339178 15.492604 8
3.291113 6.229704 3.267046 6
2.778019 2.431104 12.409760 6
2.039704 6.026099 4.076910 6
4.029429 2.227499 11.599896 6
2.076971 5.272457 5.335915 6
3.992161 1.473857 10.340892 6
2.884648 4.382825 5.534226 8
3.184484 0.584225 10.142580 8
1.114296 5.579384 6.309758 7
4.954836 1.780784 9.367048 7
0.792202 7.204425 6.667032 16
5.276931 3.405825 9.009774 16
-0.385061 0.050142 5.982740 8
6.454193 3.848742 9.694067 8
1.994843 0.370743 6.479224 8
4.074290 4.169343 9.197582 8
0.956403 6.439387 3.413938 6
5.112730 2.640787 12.262868 6
1.323486 7.031209 2.087524 6
4.745646 3.232609 13.589283 6
0.289387 5.466185 8.596533 6
5.779746 1.667585 7.080273 6
1.153418 4.758126 7.541484 6
4.915714 0.959526 8.135322 6
0.506142 3.364040 7.421714 6
5.562991 7.162640 8.255093 6
-0.530578 3.381514 8.548092 6
6.599711 7.180114 7.128714 6
0.251269 3.430136 9.873566 6
5.817864 7.228736 5.803240 6
0.773304 4.892597 9.934079 6
5.295828 1.093997 5.742728 6
-1.117333 4.815865 8.447133 6
7.186466 1.017265 7.229673 6
-1.859689 5.068092 7.137023 6
7.928822 1.269492 8.539783 6
-2.077743 5.201043 9.569279 6
8.146875 1.402443 6.107527 6
0.461413 6.959035 8.403552 6
5.607719 3.160435 7.273254 6
3.195689 2.567854 3.836114 1
2.873444 6.366454 11.840692 1
2.255685 1.367496 4.306419 1
3.813448 5.166096 11.370387 1
0.003918 1.975272 4.422427 1
6.065215 5.773872 11.254379 1
10.001672 2.902130 3.480251 1
-3.932540 6.700730 12.196555 1
10.114231 4.110085 1.489297 1
-4.045098 0.311485 14.187510 1
0.334103 4.277224 0.351160 1
5.735030 0.478624 15.325646 1
2.228148 3.342768 1.318419 1
3.840984 7.141368 14.358387 1
-0.209061 0.030389 15.037192 1
6.278193 3.828989 0.639614 1
0.159915 1.519440 15.614099 1
5.909218 5.318040 0.062707 1
-0.949931 0.091166 12.870658 1
7.019064 3.889766 2.806148 1
-2.107959 0.873678 10.989441 1
8.177092 4.672278 4.687365 1
-3.287307 3.000894 11.365684 1
9.356439 6.799494 4.311122 1
-3.112975 4.110085 13.419346 1
9.182107 0.311485 2.257460 1
-1.926412 3.244004 15.096764 1
7.995545 7.042604 0.580042 1
4.058271 6.594370 3.764001 1
2.010861 2.795770 11.912805 1
3.593145 5.424401 2.806148 1
2.475988 1.625801 12.870658 1
0.039207 6.298079 3.690320 1
6.029925 2.499479 11.986486 1
1.064006 6.320870 1.367017 1
5.005126 2.522270 14.309789 1
0.905389 0.250708 1.854566 1
5.163743 4.049308 13.822240 1
2.075096 4.748250 7.786670 1
3.994036 0.949650 7.890137 1
1.144362 2.689409 7.562491 1
4.924771 6.488009 8.114315 1
0.021309 3.236407 6.480792 1
6.047824 7.035007 9.196014 1
-1.174968 2.666617 8.496829 1
7.244101 6.465217 7.179977 1
0.951833 2.788172 9.926554 1
5.117299 6.586772 5.750252 1
-0.329800 3.266796 10.639848 1
6.398932 7.065396 5.036958 1
0.376445 5.409206 10.666499 1
5.692688 1.610606 5.010307 1
1.801724 4.998958 10.015911 1
4.267408 1.200358 5.660895 1
-2.652863 4.535528 7.087484 1
-3.215005 0.736928 8.589322 1
-1.379059 4.915388 6.363216 1
7.448192 1.116788 9.313591 1
-2.169901 5.994191 7.104729 1
8.239033 2.195591 8.572078 1
-2.956932 4.801430 9.462520 1
9.026064 1.002830 6.214286 1
-2.224449 6.115746 9.578529 1
8.293582 2.317146 6.098278 1
-1.707870 4.915388 10.462700 1
7.777002 1.116788 5.214106 1
1.281775 7.270520 8.885614 1
4.787358 3.471920 6.791192 1
-0.295721 7.521228 8.603431 1
6.364853 3.722628 7.073375 1
