1.642194 13.570614 2.232082 7
1.815056 7.394986 13.196232 7
5.272306 3.087814 8.732068 7
5.099444 17.877786 19.696218 7
1.728625 14.155973 2.883571 1
1.728625 6.809627 13.847721 1
5.185875 3.673173 8.080579 1
5.185875 17.292427 19.044729 1
1.529487 13.255920 21.840806 7
1.927763 7.709680 10.876656 7
5.385013 2.773120 11.051644 7
4.986737 18.192480 0.087494 7
1.387049 9.938114 1.598573 7
2.070201 11.027486 12.562723 7
5.527451 20.420914 9.365577 7
4.844299 0.544686 20.329727 7
1.712722 15.378477 0.745562 7
1.744528 5.587123 11.709712 7
5.201778 4.895677 10.218588 7
5.169972 16.069923 21.182738 7
1.741763 15.646627 21.836201 1
1.715487 5.318973 10.872051 1
5.172737 5.163827 11.056249 1
5.199013 15.801773 0.092099 1
1.246684 11.193534 20.913239 7
2.210566 9.772066 9.949089 7
5.667816 0.710734 11.979211 7
4.703934 20.254866 1.015061 7
1.027495 10.344427 20.983190 1
2.429755 10.621173 10.019040 1
5.887005 20.827227 11.909260 1
4.484745 0.138373 0.945110 1
1.501138 11.908670 3.746889 8
1.956112 9.056930 14.711039 8
5.413362 1.425870 7.217261 8
4.958388 19.539730 18.181411 8
1.505978 9.472048 2.727223 8
1.951272 11.493552 13.691373 8
5.408522 19.954848 8.236927 8
4.963228 1.010752 19.201077 8
1.263971 9.184820 0.606756 8
2.193279 11.780780 11.570906 8
5.650529 19.667620 10.357394 8
4.721221 1.297980 21.321544 8
1.844789 16.113951 2.914710 8
1.612461 4.851649 13.878860 8
5.069711 5.631151 8.049440 8
5.302039 15.334449 19.013590 8
1.601398 17.809858 21.755724 8
1.855852 3.155742 10.791574 8
5.313102 7.327058 11.136726 8
5.058648 13.638542 0.172576 8
2.722930 11.477198 19.083761 8
0.734320 9.488402 8.119611 8
4.191570 0.994398 13.808689 8
6.180180 19.971202 2.844539 8
2.936588 11.282428 16.274965 8
0.520662 9.683172 5.310815 8
3.977912 0.799628 16.617485 8
6.393838 20.165972 5.653335 8
2.539696 10.881146 15.652421 1
0.917554 10.084454 4.688271 1
4.374804 0.398346 17.240029 1
5.996946 20.567254 6.275879 1
1.523264 12.194851 2.567804 6
1.933986 8.770749 13.531954 6
5.391236 1.712051 8.396346 6
4.980514 19.253549 19.360496 6
1.431993 11.346373 1.407358 6
2.025257 9.619227 12.371508 6
5.482507 0.863573 9.556792 6
4.889243 20.102027 20.520942 6
1.404335 11.908041 0.106352 6
2.052915 9.057559 11.070502 6
5.510165 1.425241 10.857798 6
4.861585 19.540359 21.821948 6
1.628365 14.013407 0.972520 6
1.828885 6.952193 11.936670 6
5.286135 3.530607 9.991630 6
5.085615 17.434993 20.955780 6
1.753517 16.348975 1.717863 6
1.703733 4.616625 12.682013 6
5.160983 5.866175 9.246287 6
5.210767 15.099425 20.210437 6
1.619376 17.768556 1.247720 6
1.837874 3.197044 12.211870 6
5.295124 7.285756 9.716430 6
5.076626 13.679844 20.680580 6
0.782721 18.160403 1.602959 1
2.674529 2.805197 12.567109 1
6.131779 7.677603 9.361191 1
4.239971 13.287997 20.325341 1
2.379279 18.305065 1.587609 1
1.077971 2.660535 12.551759 1
4.535221 7.822265 9.376541 1
5.836529 13.143335 20.340691 1
1.475554 19.062552 21.172870 6
1.981696 1.903048 10.208720 6
5.438946 8.579752 11.719580 6
4.932804 12.385848 0.755430 6
1.583421 19.105113 19.788975 6
1.873830 1.860487 8.824825 6
5.331080 8.622313 13.103475 6
5.040671 12.343287 2.139325 6
1.739688 18.307162 19.296904 1
1.717562 2.658438 8.332754 1
5.174812 7.824362 13.595546 1
5.196938 13.141238 2.631396 1
1.458959 20.330342 19.126083 6
1.998291 0.635258 8.161933 6
5.455541 9.847542 13.766367 6
4.916209 11.118058 2.802217 6
1.541242 20.357598 18.180754 1
1.916008 0.608002 7.216604 1
5.373258 9.874798 14.711696 1
4.998492 11.090802 3.747546 1
1.218335 0.545315 19.820990 6
2.238915 20.420285 8.856840 6
5.696165 11.028115 13.071460 6
4.675585 9.937485 2.107310 6
1.098023 0.460195 21.202254 6
2.359227 20.505405 10.238104 6
5.816477 10.942995 11.690196 6
4.555273 10.022605 0.726046 6
0.915480 1.253743 21.693667 1
2.541770 19.711857 10.729517 1
5.999020 11.736543 11.198783 1
4.372730 9.229057 0.234633 1
1.233547 20.232852 21.892557 6
2.223703 0.732748 10.928407 6
5.680953 9.750052 10.999893 6
4.690797 11.215548 0.035743 6
1.163019 20.212935 0.912217 1
2.294231 0.752665 11.876367 1
5.751481 9.730135 10.051933 1
4.620269 11.235465 21.016083 1
1.039249 1.907870 19.152397 6
2.418001 19.057730 8.188247 6
5.875251 12.390670 13.740053 6
4.496499 8.574930 2.775903 6
0.264825 2.358630 19.597322 1
3.192425 18.606970 8.633172 1
6.649675 12.841430 13.295128 1
3.722075 8.124170 2.330978 1
0.717725 1.821072 17.656886 6
2.739525 19.144528 6.692736 6
6.196775 12.303872 15.235564 6
4.174975 8.661728 4.271414 6
6.846046 1.249550 17.525097 1
3.525704 19.716050 6.560947 1
0.068454 11.732350 15.367353 1
3.388796 9.233250 4.403203 1
1.483160 1.438240 17.178630 1
1.974090 19.527360 6.214480 1
5.431340 11.921040 15.713820 1
4.940410 9.044560 4.749670 1
0.531725 2.719238 17.310200 1
2.925525 18.246362 6.346050 1
6.382775 13.202038 15.582250 1
3.988975 7.763562 4.618100 1
2.261733 2.792618 19.364662 6
1.195517 18.172982 8.400512 6
4.652767 13.275418 13.527788 6
5.718983 7.690182 2.563638 6
2.464328 2.847128 20.320956 1
0.992922 18.118472 9.356806 1
4.450172 13.329928 12.571494 1
5.921578 7.635672 1.607344 1
2.079190 3.692042 19.018415 1
1.378060 17.273558 8.054265 1
4.835310 14.174842 13.874035 1
5.536440 6.790758 2.909885 1
3.028551 2.408947 18.889038 1
0.428699 18.556653 7.924888 1
3.885949 12.891747 14.003412 1
6.485801 8.073853 3.039262 1
1.420930 11.757299 19.584603 6
2.036320 9.208301 8.620453 6
5.493570 1.274499 13.307847 6
4.878180 19.691101 2.343697 6
1.266045 12.744988 19.606093 1
2.191205 8.220612 8.641943 1
5.648455 2.262188 13.286357 1
4.723295 18.703412 2.322207 1
0.490929 11.101285 18.564499 6
2.966321 9.864315 7.600349 6
6.423571 0.618485 14.327951 6
3.948179 20.347115 3.363801 6
6.530745 10.881146 18.972365 1
3.841005 10.084454 8.008215 1
0.383755 0.398346 13.920085 1
3.073495 20.567254 2.955935 1
0.342268 11.694612 17.786044 1
3.114982 9.270988 6.821894 1
6.572232 1.211812 15.106406 1
3.799518 19.753788 4.142256 1
1.222484 9.859702 18.159922 6
2.234766 11.105898 7.195772 6
5.692016 20.342502 14.732528 6
4.679734 0.623098 3.768378 6
1.075205 9.681914 17.187402 1
2.382045 11.283686 6.223252 1
5.839295 20.164714 15.705048 1
4.532455 0.800886 4.740898 1
2.699421 10.209199 18.406834 6
0.757829 10.756401 7.442684 6
4.215079 20.691999 14.485616 6
6.156671 0.273601 3.521466 6
3.110142 9.512093 18.996486 1
0.347108 11.453507 8.032336 1
3.804358 19.994893 13.895964 1
6.567392 0.970707 2.931814 1
0.362320 7.296029 18.287983 14
3.094930 13.669571 7.323833 14
6.552180 17.778829 14.604467 14
3.819570 3.186771 3.640317 14
0.755063 8.781861 18.912939 8
2.702187 12.183739 7.948789 8
6.159437 19.264661 13.979511 8
4.212313 1.700939 3.015361 8
1.891116 6.459501 17.610618 6
1.566134 14.506099 6.646468 6
5.023384 16.942301 15.281832 6
5.348366 4.023299 4.317682 6
2.254127 6.989931 16.871634 1
1.203123 13.975669 5.907484 1
4.660373 17.472731 16.020816 1
5.711377 3.492869 5.056666 1
1.656714 5.564270 17.286079 1
1.800536 15.401330 6.321929 1
5.257786 16.047070 15.606371 1
5.113964 4.918530 4.642221 1
2.563205 6.381929 18.318902 1
0.894045 14.583671 7.354752 1
4.351295 16.864729 14.573548 1
6.020455 4.100871 3.609398 1
6.113109 7.480526 16.842031 6
4.258641 13.485074 5.877881 6
0.801391 17.963326 16.050419 6
2.655859 3.002274 5.086269 6
6.537660 8.029825 16.150193 1
3.834090 12.935775 5.186043 1
0.376840 18.512625 16.742257 1
3.080410 2.452975 5.778107 1
5.286827 7.914514 17.141352 1
5.084923 13.051086 6.177202 1
1.627673 18.397314 15.751098 1
1.829577 2.568286 4.786948 1
5.904292 6.595778 16.474732 1
4.467458 14.369822 5.510582 1
1.010208 17.078578 16.417718 1
2.447042 3.887022 5.453568 1
6.471972 6.391154 19.731084 6
3.899778 14.574446 8.766934 6
0.442528 16.873954 13.161366 6
3.014722 4.091646 2.197216 6
5.813020 5.094641 19.248662 6
4.558730 15.870959 8.284512 6
1.101480 15.577441 13.643788 6
2.355770 5.388159 2.679638 6
5.474901 4.593563 20.020538 1
4.896849 16.372037 9.056388 1
1.439599 15.076363 12.871912 1
2.017651 5.889237 1.907762 1
6.474046 4.551632 18.770625 1
3.897704 16.413968 7.806475 1
0.440454 15.034432 14.121825 1
3.016796 5.931168 3.157675 1
5.070403 5.310586 18.647826 1
5.301347 15.655014 7.683676 1
1.844097 15.793386 14.244624 1
1.613153 5.172214 3.280474 1
0.590498 6.088410 20.820263 6
2.866752 14.877190 9.856113 6
6.324002 16.571210 12.072187 6
4.047748 4.394390 1.108037 6
0.153502 5.625070 21.566483 1
3.303748 15.340530 10.602333 1
6.760998 16.107870 11.325967 1
3.610752 4.857730 0.361817 1
0.983242 6.927034 21.141074 1
2.474008 14.038566 10.176924 1
5.931258 17.409834 11.751376 1
4.440492 3.555766 0.787226 1
1.296469 5.518146 20.450333 1
2.160781 15.447454 9.486183 1
5.618031 16.000946 12.442117 1
4.753719 4.964654 1.477967 1
5.386396 7.291836 20.334113 6
4.985354 13.673764 9.369963 6
1.528104 17.774636 12.558337 6
1.929146 3.190964 1.594187 6
4.952165 6.824303 21.079675 1
5.419585 14.141297 10.115525 1
1.962335 17.307103 11.812775 1
1.494915 3.658497 0.848625 1
4.719146 7.501492 19.647757 1
5.652604 13.464108 8.683607 1
2.195354 17.984292 13.244693 1
1.261896 2.981308 2.280543 1
5.793660 8.119977 20.660844 1
4.578090 12.845623 9.696694 1
1.120840 18.602777 12.231606 1
2.336410 2.362823 1.267456 1
0.981859 7.107338 19.220594 14
2.475391 13.858262 8.256444 14
5.932641 17.590138 13.671856 14
4.439109 3.375462 2.707706 14
1.142275 8.721690 19.406546 8
2.314975 12.243910 8.442395 8
5.772225 19.204490 13.485905 8
4.599525 1.761110 2.521754 8
1.493532 6.404991 20.829692 6
1.963718 14.560609 9.865542 6
5.420968 16.887791 12.062758 6
4.950782 4.077809 1.098608 6
2.444967 6.593681 20.978805 1
1.012283 14.371919 10.014655 1
4.469533 17.076481 11.913645 1
5.902217 3.889119 0.949495 1
1.352476 5.434284 20.820921 1
2.104774 15.531316 9.856771 1
5.562024 15.917084 12.071529 1
4.809726 5.048516 1.107379 1
0.963881 6.807530 21.546748 1
2.493369 14.158070 10.582598 1
5.950619 17.290330 11.345702 1
4.421131 3.675270 0.381552 1
2.053606 6.534978 17.867179 6
1.403644 14.430622 6.903029 6
4.860894 17.017778 15.025271 6
5.510857 3.947822 4.061121 6
2.552142 7.296029 17.500976 1
0.905108 13.669571 6.536826 1
4.362358 17.778829 15.391474 1
6.009392 3.186771 4.427324 1
1.505978 6.132438 17.163280 1
1.951272 14.833162 6.199130 1
5.408522 16.615238 15.729170 1
4.963228 4.350362 4.765020 1
2.686283 5.868271 18.209260 1
0.770967 15.097329 7.245110 1
4.228217 16.351071 14.683190 1
6.143533 4.614529 3.719040 1
5.697548 7.153463 17.424227 6
4.674202 13.812137 6.460077 6
1.216952 17.636263 15.468223 6
2.240298 3.329337 4.504073 6
4.728827 7.061214 17.316779 1
5.642923 13.904386 6.352629 1
2.185673 17.544014 15.575671 1
1.271577 3.421586 4.611521 1
6.155288 6.583198 16.770764 1
4.216462 14.382402 5.806614 1
0.759212 17.065998 16.121686 1
2.698038 3.899602 5.157536 1
5.956150 8.088528 17.277308 1
4.415600 12.877072 6.313158 1
0.958350 18.571328 15.615142 1
2.498900 2.394272 4.650992 1
6.098589 6.734151 18.827638 6
4.273161 14.231449 7.863488 6
0.815911 17.216951 14.064812 6
2.641339 3.748649 3.100662 6
5.918812 5.103027 18.941666 6
4.452938 15.862573 7.977516 6
0.995688 15.585827 13.950784 6
2.461562 5.379773 2.986634 6
4.966685 4.880792 18.992101 1
5.405065 16.084808 8.027951 1
1.947815 15.363592 13.900349 1
1.509435 5.602008 2.936199 1
6.373786 4.782253 19.746434 1
3.997964 16.183347 8.782284 1
0.540714 15.265053 13.146016 1
2.916536 5.700547 2.181866 1
6.313630 4.677425 18.152247 1
4.058120 16.288175 7.188097 1
0.600870 15.160225 14.740203 1
2.856380 5.805375 3.776053 1
5.137474 7.409243 19.871425 6
5.234276 13.556357 8.907275 6
1.777027 17.892043 13.021025 6
1.680224 3.073557 2.056875 6
4.204016 7.241518 19.612672 1
6.167734 13.724082 8.648522 1
2.710484 17.724318 13.279778 1
0.746766 3.241282 2.315628 1
5.299964 8.373661 19.891161 1
5.071786 12.591939 8.927011 1
1.614536 18.856461 13.001289 1
1.842714 2.109139 2.037139 1
5.299964 7.029766 20.759522 1
5.071786 13.935834 9.795372 1
1.614536 17.512566 12.132928 1
1.842714 3.453034 1.168778 1
3.516023 10.339395 17.145080 6
6.855727 10.626205 6.180930 6
3.398477 20.822195 15.747370 6
0.058773 0.143405 4.783220 6
4.436343 10.623270 17.373792 1
5.935407 10.342330 6.409642 1
2.478157 0.140470 15.518658 1
0.979093 20.825130 4.554508 1
3.568573 9.459679 16.691822 1
6.803177 11.505921 5.727672 1
3.345927 19.942479 16.200628 1
0.111323 1.023121 5.236478 1
1.943666 15.486450 19.532853 7
1.513584 5.479150 8.568703 7
4.970834 5.003650 13.359597 7
5.400916 15.961950 2.395447 7
2.224395 15.045753 18.528756 6
1.232855 5.919847 7.564606 6
4.690105 4.562953 14.363694 6
5.681645 16.402647 3.399544 6
2.590172 14.452217 17.244634 6
0.867078 6.513383 6.280484 6
4.324328 3.969417 15.647816 6
6.047422 16.996183 4.683666 6
2.899250 13.533295 17.384756 1
0.558000 7.432305 6.420606 1
4.015250 3.050495 15.507694 1
6.356500 17.915105 4.543544 1
3.306514 14.979921 16.834356 1
0.150736 5.985679 5.870206 1
3.607986 4.497121 16.058094 1
6.763764 16.468479 5.093944 1
1.808142 14.447395 16.652351 1
1.649108 6.518205 5.688201 1
5.106358 3.964595 16.240099 1
5.265392 17.001005 5.275949 1
