6.572523 2.872214 9.235135 35
4.196745 6.030714 9.556471 35
8.787890 6.035894 7.710196 6
1.981378 2.877394 11.081410 6
8.969481 0.617803 7.960124 1
1.799787 3.776303 10.831481 1
7.946200 5.298068 8.495685 6
2.823068 2.139568 10.295921 6
7.529466 5.681510 9.260503 1
3.239802 2.523010 9.531102 1
7.708335 3.932333 8.136765 6
3.060934 0.773833 10.654840 6
8.273272 3.418129 7.013027 6
2.495996 0.259629 11.778578 6
8.100939 2.516061 6.770615 1
2.668330 5.674561 12.020990 1
9.085104 4.186908 6.229417 6
1.684164 1.028408 12.562188 6
9.457064 3.812941 5.438291 1
1.312204 0.654441 13.353315 1
9.387842 5.536219 6.567666 6
1.381426 2.377719 12.223939 6
10.345987 0.031585 5.737077 6
0.423281 3.190085 13.054528 6
10.288528 0.975345 6.062172 1
0.480741 4.133845 12.729434 1
11.816150 5.903237 5.894927 6
-1.046882 2.744736 12.896679 6
-0.455908 5.018857 5.440170 1
11.225176 1.860356 13.351436 1
-0.122637 5.727624 7.362551 6
10.891906 2.569124 11.429054 6
0.761576 5.282907 7.383222 1
10.007692 2.124407 11.408384 1
11.604804 5.131931 7.819187 1
-0.835536 1.973431 10.972418 1
-0.031167 0.738457 8.146161 6
10.800436 3.896957 10.645444 6
0.297626 0.565371 9.063191 1
10.471642 3.723871 9.728414 1
11.446288 1.152853 8.211932 1
-0.677020 4.311353 10.579674 1
0.945421 1.701168 7.403893 6
9.823848 4.859668 11.387713 6
0.964698 2.573546 7.873683 1
9.804571 5.732046 10.917923 1
1.859331 1.322148 7.424563 1
8.909937 4.480648 11.367042 1
0.515272 1.916578 5.949422 6
10.253997 5.075078 12.842183 6
-0.365664 2.366348 5.919356 1
11.134933 5.524848 12.872250 1
1.175006 2.490793 5.483390 1
9.594262 5.649293 13.308215 1
0.429550 0.554633 5.257891 6
10.339718 3.713133 13.533714 6
1.240955 0.266577 4.261936 6
9.528314 3.425077 14.529669 6
1.819153 0.953235 3.953754 1
8.950116 4.111735 14.837852 1
0.312711 4.908309 2.670287 6
10.456557 1.749809 16.121318 6
12.229941 5.750997 1.672453 6
-1.460673 2.592497 17.119153 6
0.251385 0.293740 1.591649 1
10.517883 3.452240 17.199956 1
11.226351 5.401035 0.789247 6
-0.457083 2.242535 18.002358 6
10.939643 6.008730 0.118387 1
-0.170375 2.850230 18.673218 1
10.646442 4.145215 0.900118 6
0.122827 0.986715 17.891488 6
11.068932 3.280418 1.879161 6
-0.299664 0.121918 16.912445 6
10.660839 2.425728 1.948689 1
0.108429 5.584228 16.842916 1
12.068971 3.619641 2.760487 6
-1.299702 0.461141 16.031119 6
-0.025264 3.001838 3.425710 1
10.794532 6.160338 15.365896 1
9.996248 0.051168 4.239386 6
0.773020 3.209668 14.552219 6
10.748559 0.463668 3.747046 1
0.020709 3.622168 15.044559 1
9.910444 5.433252 3.925566 1
0.858825 2.274752 14.866039 1
8.734571 0.790257 3.886104 6
2.034697 3.948757 14.905501 6
7.381611 1.541348 2.037010 6
3.387657 4.699848 16.754595 6
7.582983 2.504059 2.142243 1
3.186285 5.662559 16.649362 1
6.542247 1.336046 2.519954 1
4.227021 4.494546 16.271651 1
7.260698 1.171172 0.569386 6
3.508570 4.329672 18.222220 6
8.120364 1.318990 0.124025 1
2.648904 4.477490 18.667581 1
6.574163 1.729595 0.146575 1
4.195105 4.888095 18.645031 1
7.008982 0.227412 0.488582 1
3.760286 3.385912 18.303024 1
2.481790 4.590564 3.700067 6
8.287479 1.432064 15.091538 6
4.665071 4.591196 4.838838 6
6.104197 1.432696 13.952767 6
5.298611 5.681510 5.693856 6
5.470657 2.523010 13.097749 6
5.379589 0.186352 5.165812 1
5.389679 3.344852 13.625793 1
6.186779 5.392191 5.987006 1
4.582490 2.233691 12.804600 1
4.734259 5.850174 6.477466 1
6.035009 2.691674 12.314139 1
4.386052 3.329691 5.686340 6
6.383216 0.171191 13.105266 6
3.677342 3.522359 6.334650 1
7.091927 0.363859 12.456955 1
5.201733 3.067535 6.161767 1
5.567535 6.226035 12.629838 1
4.100945 2.598182 5.098163 1
6.668324 5.756682 13.693443 1
5.513491 4.295560 3.626780 6
5.255777 1.137060 15.164826 6
5.174437 3.492669 3.177660 1
5.594831 0.334169 15.613945 1
6.441302 4.145847 3.904896 1
4.327967 0.987347 14.886710 1
5.477194 5.055495 3.008536 1
5.292074 1.896995 15.783069 1
7.610177 4.478121 17.791892 6
3.159091 1.319621 0.999713 6
7.292978 5.341024 18.130141 1
3.476290 2.182523 0.661465 1
6.882352 4.026456 17.316464 1
3.886917 0.867956 1.475141 1
8.359308 4.625307 17.177407 1
2.409960 1.466807 1.614199 1
8.484116 0.721401 2.544383 8
2.285152 3.879901 16.247222 8
8.106588 1.521134 4.588910 8
2.662681 4.679634 14.202695 8
3.377891 5.202681 4.479919 8
7.391378 2.044181 14.311687 8
2.663250 3.486984 3.140077 8
8.106018 0.328484 15.651528 8
9.643422 3.672704 0.082683 8
1.125846 0.514204 18.708922 8
1.317079 5.289856 3.602351 7
9.452189 2.131356 15.189255 7
8.185984 0.126340 2.818741 8
2.583284 3.284840 15.972865 8
6.944481 0.669602 2.243718 6
3.824787 3.828102 16.547888 6
6.371699 1.059361 2.952161 1
4.397569 4.217861 15.839444 1
6.436431 6.279098 1.773928 1
4.332837 3.120598 17.017678 1
7.389522 1.743492 1.277829 6
3.379746 4.901992 17.513776 6
7.674473 2.539434 1.766411 1
3.094795 5.697934 17.025195 1
6.654369 1.972799 0.670860 1
4.114900 5.131299 18.120745 1
8.149397 1.406164 0.740389 1
2.619871 4.564664 18.051216 1
