3.398902 9.912519 14.157221 8
0.818098 0.572481 1.472221 8
7.615902 5.814981 11.212779 8
5.035098 4.670019 23.897779 8
5.511619 10.448303 17.064877 8
7.139381 0.036698 4.379877 8
1.294619 5.279197 8.305123 8
2.922381 5.205802 20.990123 8
0.312058 6.574095 14.104959 8
3.904942 3.910905 1.419959 8
4.529058 9.153405 11.265041 8
8.121942 1.331595 23.950041 8
0.333143 7.282881 18.452362 8
3.883857 3.202119 5.767362 8
4.550143 8.444619 6.917638 8
8.100857 2.040381 19.602638 8
7.584696 1.784547 16.813714 8
5.066304 8.700453 4.128714 8
3.367696 3.457953 8.556286 8
0.849304 7.027047 21.241286 8
4.615085 10.425235 14.722211 6
8.035915 0.059764 2.037211 6
0.398085 5.302264 10.647789 6
3.818915 5.182735 23.332789 6
4.338450 0.214943 16.292360 6
8.312550 10.270058 3.607360 6
0.121450 5.027557 9.077640 6
4.095550 5.457442 21.762640 6
4.033139 1.710103 16.319760 6
0.183861 8.774896 3.634760 6
8.250139 3.532396 9.050240 6
4.400861 6.952603 21.735240 6
3.635897 2.514303 17.356124 6
0.581103 7.970697 4.671124 6
7.852897 2.728197 8.013876 6
4.798103 7.756803 20.698876 6
3.593727 3.923487 17.138704 6
0.623273 6.561513 4.453703 6
7.810727 1.319013 8.231297 6
4.840273 9.165987 20.916297 6
3.921810 4.482337 15.944538 6
0.295190 6.002662 3.259538 6
8.138810 0.760163 9.425462 6
4.512190 9.724837 22.110462 6
4.341823 3.673944 14.851852 6
8.309177 6.811056 2.166852 6
0.124823 1.568556 10.518148 6
4.092177 8.916444 23.203148 6
4.765210 4.082859 13.563056 6
7.885790 6.402141 0.878056 6
0.548210 1.159641 11.806944 6
3.668790 9.325359 24.491944 6
5.211369 3.173809 12.649482 6
7.439631 7.311191 25.334482 6
0.994369 2.068690 12.720518 6
3.222631 8.416309 0.035518 6
5.271250 1.776159 12.929313 6
7.379750 8.708841 0.244313 6
1.054250 3.466341 12.440687 6
3.162750 7.018659 25.125687 6
4.838586 1.343128 14.152654 6
7.812414 9.141871 1.467655 6
0.621586 3.899371 11.217346 6
3.595414 6.585628 23.902346 6
4.388210 2.281536 15.095404 6
8.262790 8.203464 2.410404 6
0.171210 2.960964 10.274596 6
4.045790 7.524036 22.959596 6
5.749458 9.439645 14.521788 6
6.901542 1.045354 1.836788 6
1.532458 6.287854 10.848212 6
2.684542 4.197145 23.533212 6
5.489691 8.059819 14.543606 6
7.161309 2.425180 1.858606 6
1.272691 7.667680 10.826394 6
2.944309 2.817320 23.511394 6
6.503457 7.139236 14.417517 6
6.147543 3.345763 1.732517 6
2.286457 8.588263 10.952483 6
1.930543 1.896737 23.637483 6
7.814944 7.571218 14.258447 6
4.836056 2.913781 1.573447 6
3.597944 8.156282 11.111553 6
0.619056 2.328718 23.796553 6
8.102544 8.930074 14.240181 6
4.548456 1.554925 1.555181 6
3.885544 6.797425 11.129819 6
0.331456 3.687574 23.814819 6
7.066005 9.847512 14.375149 6
5.584995 0.637488 1.690149 6
2.849005 5.879988 10.994851 6
1.367995 4.605012 23.679851 6
1.690174 6.943167 14.257179 6
2.526826 3.541833 1.572179 6
5.907174 8.784333 11.112821 6
6.743826 1.700667 23.797821 6
3.242030 9.813960 16.857350 6
0.974970 0.671040 4.172350 6
7.459030 5.913540 8.512650 6
5.191970 4.571460 21.197650 6
1.909458 10.175693 16.787836 6
2.307542 0.309307 4.102836 6
6.126458 5.551807 8.582164 6
6.524542 4.933192 21.267164 6
0.903281 9.367299 17.304623 6
3.313719 1.117701 4.619623 6
5.120281 6.360201 8.065377 6
7.530719 4.124799 20.750377 6
1.245702 8.160475 17.899296 6
2.971298 2.324524 5.214296 6
5.462702 7.567024 7.470704 6
7.188298 2.917975 20.155704 6
2.574057 7.778821 17.985554 6
1.642943 2.706178 5.300554 6
6.791057 7.948678 7.384446 6
5.859943 2.536322 20.069446 6
3.559991 8.595603 17.466991 6
0.657009 1.889397 4.781991 6
7.776991 7.131897 7.903009 6
4.874009 3.353103 20.588009 6
7.393244 7.487338 18.109106 6
5.257756 2.997661 5.424106 6
3.176244 8.240161 7.260894 6
1.040756 2.244839 19.945894 6
7.755906 3.010244 16.155616 6
4.895094 7.474756 3.470616 6
3.538906 2.232256 9.214384 6
0.678094 8.252743 21.899384 6
8.159895 4.095441 16.612276 6
4.491105 6.389559 3.927276 6
3.942895 1.147059 8.757724 6
0.274105 9.337941 21.442724 6
3.555774 10.066648 13.194937 1
0.661226 0.418351 0.509937 1
7.772774 5.660852 12.175063 1
4.878226 4.824148 24.860063 1
6.133205 0.610227 16.807625 1
6.517795 9.874773 4.122625 1
1.916205 4.632273 8.562375 1
2.300795 5.852727 21.247375 1
7.965070 1.936579 17.748852 1
4.685930 8.548421 5.063852 1
3.748070 3.305921 7.621148 1
0.468930 7.179079 20.306148 1
3.409023 2.147328 18.208049 1
0.807977 8.337672 5.523049 1
7.626023 3.095172 7.161951 1
5.024977 7.389828 19.846951 1
3.329743 4.497016 17.863017 1
0.887257 5.987983 5.178017 1
7.546743 0.745483 7.506983 1
5.104257 9.739517 20.191983 1
3.864459 5.430181 15.838491 1
0.352541 5.054818 3.153491 1
8.081459 10.297318 9.531509 1
4.569541 0.187682 22.216509 1
4.711232 5.013927 13.331935 1
7.939768 5.471073 0.646935 1
0.494232 0.228573 12.038065 1
3.722768 10.256427 24.723065 1
5.525957 3.482069 11.791976 1
7.125043 7.002931 24.476976 1
1.308957 1.760431 13.578024 1
2.908043 8.724569 0.893024 1
5.580778 1.147059 12.279080 1
7.070222 9.337941 24.964080 1
1.363778 4.095441 13.090920 1
2.853222 6.389559 0.405920 1
4.579662 7.763094 14.646101 1
8.071338 2.721906 1.961101 1
0.362662 7.964406 10.723899 1
3.854338 2.520594 23.408899 1
6.311162 6.198732 14.430456 1
6.339838 4.286268 1.745456 1
2.094162 9.528768 10.939544 1
2.122838 0.956232 23.624544 1
0.570138 9.239382 14.133627 1
3.646862 1.245618 1.448627 1
4.787138 6.488118 11.236373 1
7.863862 3.996882 23.921373 1
7.259144 0.298822 14.372105 1
5.391856 10.186177 1.687105 1
3.042144 4.943677 10.997895 1
1.174856 5.541322 23.682895 1
2.253565 6.194538 14.138701 1
1.963435 4.290462 1.453701 1
6.470565 9.532962 11.231299 1
6.180435 0.952038 23.916299 1
1.915361 7.613158 13.611005 1
2.301639 2.871841 0.926005 1
6.132361 8.114342 11.758995 1
6.518639 2.370659 24.443995 1
1.836082 7.311191 15.130668 1
2.380918 3.173809 2.445668 1
6.053082 8.416309 10.239332 1
6.597918 2.068690 22.924332 1
1.669089 0.521104 16.366187 1
2.547911 9.963895 3.681187 1
5.886089 4.721395 9.003813 1
6.764911 5.763604 21.688813 1
8.421349 9.645151 17.261748 1
4.229651 0.839848 4.576748 1
4.204349 6.082349 8.108252 1
0.012651 4.402651 20.793252 1
2.807679 6.952603 18.408472 1
1.409321 3.532396 5.723472 1
7.024679 8.774896 6.961528 1
5.626321 1.710104 19.646528 1
4.478454 8.331381 17.530670 1
8.172546 2.153619 4.845670 1
0.261454 7.396119 7.839330 1
3.955546 3.088881 20.524330 1
7.110705 8.354448 18.413546 1
5.540295 2.130552 5.728546 1
2.893705 7.373052 6.956454 1
1.323295 3.111948 19.641454 1
7.263361 7.430719 17.178027 1
5.387639 3.054280 4.493027 1
3.046361 8.296780 8.191973 1
1.170639 2.188219 20.876973 1
6.845878 6.830977 18.545470 1
5.805122 3.654022 5.860470 1
2.628878 8.896522 6.824530 1
1.588122 1.588478 19.509530 1
8.401107 2.812077 15.450330 1
4.249893 7.672923 2.765330 1
4.184107 2.430423 9.919670 1
0.032893 8.054577 22.604670 1
6.927688 3.198973 15.744622 1
5.723312 7.286027 3.059622 1
2.710688 2.043527 9.625378 1
1.506312 8.441473 22.310378 1
0.592067 3.993736 17.023270 1
3.624933 6.491263 4.338270 1
4.809067 1.248763 8.346730 1
7.841933 9.236237 21.031730 1
8.201222 4.772772 15.965341 1
4.449778 5.712228 3.280341 1
3.984222 0.469728 9.404659 1
0.232778 10.015272 22.089659 1
7.552647 4.379584 17.320099 1
5.098353 6.105416 4.635099 1
3.335647 0.862915 8.049901 1
0.881353 9.622084 20.734901 1
