4.854532 14.664235 6.430764 16
-0.711632 5.412235 7.255207 16
-1.244680 17.783639 12.069657 8
5.387580 8.531639 1.616313 8
4.059183 15.777621 11.444756 8
0.083717 6.525621 2.241214 8
0.335941 14.369651 1.032880 8
3.806959 5.117651 12.653090 8
0.341597 17.245728 0.584391 8
3.801303 7.993728 13.101579 8
3.285975 17.217232 3.577513 8
0.856925 7.965232 10.108458 8
4.376714 14.919405 4.980188 8
-0.233814 5.667405 8.705782 8
4.187984 15.550762 7.300097 8
-0.045084 6.298762 6.385874 8
0.190165 14.675522 6.333867 8
3.952734 5.423522 7.352103 8
3.932086 17.575654 2.317035 7
0.210814 8.323654 11.368935 7
-0.874849 16.931160 13.120740 6
5.017749 7.679160 0.565231 6
0.091903 16.958916 13.280865 1
4.050997 7.706916 0.405105 1
-1.328522 15.543360 12.649942 6
5.471422 6.291360 1.036028 6
-0.579323 14.921626 12.539086 1
4.722223 5.669626 1.146884 1
5.728102 15.108516 0.036952 6
-1.585202 5.856516 13.649018 6
3.047539 14.595955 13.347927 1
1.095360 5.343955 0.338043 1
5.254207 16.411198 0.633660 6
-1.111307 7.159198 13.052310 6
4.570431 16.792380 0.045164 1
-0.427531 7.540380 13.640806 1
4.717343 16.376225 2.024155 6
-0.574443 7.124225 11.661815 6
5.450315 16.285370 2.668764 1
-1.307415 7.033370 11.017206 1
3.675848 15.299107 2.259554 6
0.467052 6.047107 11.426417 6
4.090969 14.459026 2.508638 1
0.051930 5.207026 11.177332 1
3.129291 15.162178 1.469873 1
1.013609 5.910178 12.216097 1
2.849910 15.865330 3.407807 6
1.292990 6.613330 10.278164 6
1.906368 15.870881 3.143667 1
2.236532 6.618881 10.542303 1
2.973156 15.184382 4.724397 6
1.169744 5.932382 8.961573 6
2.609337 15.748754 5.423750 1
1.533562 6.496754 8.262220 1
2.475757 14.351702 4.713448 1
1.667143 5.099702 8.972522 1
4.324584 13.045320 6.793716 6
-0.181684 3.793320 6.892255 6
3.109313 12.815870 7.398635 6
1.033587 3.563870 6.287335 6
2.557980 13.530125 7.623085 1
1.584920 4.278125 6.062885 1
2.715684 11.533543 7.668249 6
1.427216 2.281543 6.017721 6
1.899894 11.389212 8.091146 1
2.243005 2.137212 5.594825 1
3.488706 10.458461 7.332943 6
0.654194 1.206461 6.353027 6
4.706709 10.695312 6.773187 6
-0.563809 1.443312 6.912784 6
-0.810751 9.977357 6.578846 1
4.953651 0.725357 7.107124 1
5.129594 11.986891 6.485781 6
-0.986694 2.734891 7.200189 6
-0.120620 12.129372 6.086151 1
4.263520 2.877372 7.599819 1
3.036623 9.057708 7.616242 6
1.106277 18.309708 6.069728 6
2.608242 8.695030 6.837511 1
1.534658 17.947030 6.848459 1
2.415954 9.065110 8.348442 1
1.726946 18.317110 5.337528 1
3.795583 8.517391 7.844798 1
0.347317 17.769391 5.841172 1
4.702725 0.247954 2.656447 6
-0.559825 9.499954 11.029523 6
5.368640 0.394135 1.965305 1
-1.225740 9.646135 11.720665 1
5.173396 0.083268 3.488554 1
-1.030496 9.335268 10.197416 1
3.878829 1.491422 2.805624 6
0.264071 10.743422 10.880346 6
2.606489 1.583942 2.296506 6
1.536410 10.835942 11.389464 6
2.205215 0.840082 1.906456 1
1.937685 10.092082 11.779515 1
4.423433 2.581308 3.424230 6
-0.280533 11.833308 10.261740 6
5.267909 2.514694 3.808806 1
-1.125009 11.766694 9.877165 1
1.919005 2.794104 2.366304 6
2.223895 12.046104 11.319666 6
1.062566 2.862569 2.010469 1
3.080334 12.114569 11.675501 1
3.746639 3.769265 3.487185 6
0.396261 13.021265 10.198785 6
4.138107 4.507574 3.895027 1
0.004793 13.759574 9.790943 1
2.496401 3.865486 2.950695 6
1.646499 13.117486 10.735275 6
2.038834 4.674110 2.989016 1
2.104066 13.926110 10.696954 1
0.415290 12.989808 0.729462 6
3.727610 3.737808 12.956508 6
-1.216689 12.873233 13.501210 1
5.359589 3.621233 0.184761 1
5.614969 12.586421 0.811578 1
-1.472069 3.334421 12.874392 1
1.362057 12.322924 1.658740 6
2.780842 3.070924 12.027231 6
1.192901 12.360672 2.993122 6
2.949999 3.108672 10.692849 6
0.441673 12.780713 3.346220 1
3.701227 3.528713 10.339750 1
2.092049 11.803702 3.829334 6
2.050851 2.551702 9.856636 6
1.950096 11.842560 4.747663 1
2.192804 2.590560 8.938307 1
3.187866 11.189369 3.355800 6
0.955034 1.937369 10.330170 6
3.805593 10.819289 3.942928 1
0.337307 1.567289 9.743042 1
3.389121 11.113502 2.035104 6
0.753779 1.861502 11.650866 6
4.136011 10.671257 1.699797 1
0.006889 1.419257 11.986173 1
2.475362 11.700079 1.164676 6
1.667538 2.448079 12.521294 6
2.621983 11.670473 0.247716 1
1.520917 2.418473 13.438254 1
-1.541469 17.018129 10.914561 6
5.684369 7.766129 2.771409 6
3.438504 17.671320 10.160464 6
0.704396 8.419320 3.525506 6
3.156195 17.097696 9.444688 1
0.986705 7.845696 4.241282 1
3.750481 0.000000 9.797786 1
0.392418 9.252000 3.888184 1
2.698976 17.836006 10.748961 1
1.443924 8.584006 2.937009 1
-0.303369 16.797931 10.087929 6
4.446269 7.545931 3.598042 6
0.339583 16.302024 10.599784 1
3.803317 7.050024 3.086186 1
0.070757 17.647265 9.840213 1
4.072143 8.395265 3.845758 1
-0.530481 16.305725 9.295511 1
4.673380 7.053725 4.390459 1
