1.771104 3.371892 3.277283 6
6.626104 2.040108 17.791717 6
7.938896 8.783892 7.257217 6
3.083896 7.452108 13.811783 6
2.613058 2.732735 3.857313 8
7.468058 2.679265 17.211687 8
7.096942 8.144735 6.677187 8
2.241942 8.091265 14.391813 8
0.295281 3.141125 3.219975 6
5.150281 2.270875 17.849025 6
9.414719 8.553125 7.314525 6
4.559719 7.682875 13.754475 6
0.112636 2.474366 2.526173 1
4.967636 2.937634 18.542827 1
9.597364 7.886366 8.008327 1
4.742364 8.349634 13.060673 1
9.485990 4.492285 2.740023 6
4.630990 0.919715 18.328977 6
0.224010 9.904285 7.794477 6
5.079010 6.331715 13.274523 6
8.700160 4.389132 2.180641 1
3.845160 1.022868 18.888358 1
1.009840 9.801132 8.353858 1
5.864840 6.434868 12.715141 1
9.271108 5.072126 3.486919 1
4.416108 0.339874 17.582081 1
0.438892 10.484126 7.047581 1
5.293892 5.751874 14.021419 1
0.943812 5.029263 1.948882 6
5.798812 0.382737 19.120117 6
8.766188 10.441263 8.585617 6
3.911188 5.794737 12.483382 6
0.882639 4.757148 1.019740 1
5.737639 0.654852 20.049260 1
8.827361 10.169148 9.514760 1
3.972361 6.066852 11.554240 1
0.968087 5.997578 1.988914 1
5.823087 10.238422 19.080086 1
8.741913 0.585578 8.545586 1
3.886913 4.826422 12.523414 1
2.120373 4.462519 2.570629 8
6.975373 0.949481 18.498371 8
7.589627 9.874519 7.963871 8
2.734627 6.361481 13.105129 8
9.413651 2.646035 4.530888 6
4.558651 2.765965 16.538112 6
0.296349 8.058035 6.003612 6
5.151349 8.177965 15.065388 6
9.547843 3.346781 5.204043 1
4.692843 2.065219 15.864957 1
0.162157 8.758781 5.330457 1
5.017157 7.477219 15.738543 1
0.367523 1.474662 4.985557 8
5.222523 3.937338 16.083443 8
9.342477 6.886662 5.548943 8
4.487477 9.349338 15.520057 8
1.178794 1.582469 4.934360 1
6.033794 3.829531 16.134640 1
8.531206 6.994469 5.600140 1
3.676206 9.241531 15.468860 1
7.916563 2.376517 4.431232 6
3.061563 3.035483 16.637768 6
1.793437 7.788517 6.103268 6
6.648437 8.447483 14.965732 6
7.535931 3.167102 3.994682 1
2.680931 2.244898 17.074318 1
2.174069 8.579102 6.539818 1
7.029069 7.656898 14.529182 1
7.631963 1.245842 3.521051 7
2.776963 4.166158 17.547949 7
2.078037 6.657842 7.013449 7
6.933037 9.578158 14.055551 7
7.239096 2.300641 5.803456 6
2.384096 3.111359 15.265544 6
2.470904 7.712641 4.731044 6
7.325904 8.523359 16.337956 6
6.351311 1.927754 5.686523 1
1.496311 3.484246 15.382477 1
3.358689 7.339754 4.847977 1
8.213689 8.896246 16.221023 1
7.741783 1.685297 6.358624 1
2.886783 3.726703 14.710376 1
1.968217 7.097297 4.175876 1
6.823217 9.138703 16.893124 1
7.110633 3.623875 6.546349 6
2.255633 1.788125 14.522651 6
2.599367 9.035875 3.988151 6
7.454367 7.200125 17.080849 6
8.008808 3.999468 6.662018 1
3.153808 1.412532 14.406982 1
1.701192 9.411468 3.872482 1
6.556192 6.824532 17.196518 1
6.511526 3.365182 7.942170 6
1.656526 2.046818 13.126830 6
3.198474 8.777182 2.592330 6
8.053474 7.458818 18.476670 6
6.345485 4.204042 8.379141 1
1.490485 1.207958 12.689859 1
3.364515 9.616042 2.155359 1
8.219515 6.619958 18.913641 1
7.129082 2.848877 8.465524 1
2.274082 2.563123 12.603476 1
2.580918 8.260877 2.068976 1
7.435918 7.975123 19.000024 1
5.687147 2.882431 7.852416 1
0.832147 2.529569 13.216584 1
4.022853 8.294431 2.682084 1
8.877853 7.941569 18.386916 1
6.267805 4.631590 5.787444 6
1.412805 0.780410 15.281556 6
3.442195 10.043590 4.747056 6
8.297195 6.192410 16.321944 6
6.725146 4.890283 4.982818 1
1.870146 0.521717 16.086182 1
2.984854 10.302283 5.551681 1
7.839854 5.933717 15.517318 1
6.123126 5.405506 6.335448 1
1.268126 0.006494 14.733552 1
3.586874 10.817506 4.199052 1
8.441874 5.418494 16.869948 1
5.423035 4.236514 5.562216 1
0.568035 1.175486 15.506784 1
4.286965 9.648514 4.972284 1
9.141965 6.587486 16.096716 1
6.344611 1.410908 2.822193 6
1.489611 4.001092 18.246807 6
3.365389 6.822908 7.712307 6
8.220389 9.413092 13.356693 6
5.656075 1.621435 3.472171 1
0.801075 3.790565 17.596829 1
4.053925 7.033435 7.062329 1
8.908925 9.202565 14.006671 1
6.104677 0.573672 2.395545 1
1.249677 4.838328 18.673455 1
3.605323 5.985672 8.138955 1
8.460323 10.250328 12.930045 1
6.390248 2.496556 1.783280 6
1.535248 2.915444 19.285720 6
3.319752 7.908556 8.751220 6
8.174752 8.327444 12.317780 6
5.491879 3.549406 1.828789 6
0.636879 1.862594 19.240211 6
4.218121 8.961406 8.705711 6
9.073121 7.274594 12.363289 6
4.866652 3.597898 2.515639 1
0.011652 1.814102 18.553361 1
4.843348 9.009898 8.018861 1
9.698348 7.226102 13.050139 1
5.524990 4.527571 0.853084 6
0.669990 0.884429 20.215916 6
4.185010 9.939571 9.681416 6
9.040010 6.296429 11.387584 6
4.909376 5.223662 0.878577 1
0.054376 0.188338 20.190423 1
4.800624 10.635662 9.655923 1
9.655624 5.600338 11.413077 1
6.460063 4.482651 20.915618 6
1.605063 0.929349 0.153382 6
3.249937 9.894651 10.687882 6
8.104937 6.341349 10.381118 6
6.485309 5.151142 20.270485 1
1.630309 0.260858 0.798515 1
3.224691 10.563142 11.333015 1
8.079691 5.672858 9.735985 1
7.350470 3.447877 20.871162 6
2.495470 1.964123 0.197838 6
2.359530 8.859877 10.732338 6
7.214530 7.376123 10.336662 6
7.984533 3.411725 20.192530 1
3.129533 2.000275 0.876470 1
1.725467 8.823725 11.410970 1
6.580467 7.412275 9.658030 1
7.311921 2.460079 0.755956 6
2.456921 2.951921 20.313044 6
2.398079 7.872079 9.778544 6
7.253079 8.363921 11.290456 6
7.916563 1.755653 0.707918 1
3.061563 3.656347 20.361082 1
1.793437 7.167653 9.826582 1
6.648437 9.068347 11.242418 1
7.688475 10.749098 4.169134 6
2.833475 5.486902 16.899866 6
2.021525 5.337098 6.365366 6
6.876525 0.074902 14.703634 6
6.873709 10.605355 4.677318 1
2.018709 5.630645 16.391682 1
2.836291 5.193355 5.857182 1
7.691291 0.218645 15.211818 1
8.434106 10.727666 4.788984 1
3.579106 5.508334 16.280016 1
1.275894 5.315666 5.745516 1
6.130894 0.096334 15.323484 1
7.847913 9.640612 3.156979 6
2.992913 6.595388 17.912021 6
1.862087 4.228612 7.377521 6
6.717087 1.183388 13.691479 6
7.100923 8.486882 3.251157 6
2.245923 7.749118 17.817843 6
2.609077 3.074882 7.283343 6
7.464077 2.337118 13.785657 6
6.475599 8.397259 3.933582 1
1.620599 7.838741 17.135418 1
3.234401 2.985259 6.600918 1
8.089401 2.426741 14.468082 1
7.271819 7.465096 2.344980 6
2.416819 8.770904 18.724020 6
2.438181 2.053096 8.189520 6
7.293181 3.358904 12.879480 6
6.763986 6.690314 2.425042 1
1.908986 9.545686 18.643958 1
2.946014 1.278314 8.109458 1
7.801014 4.133686 12.959542 1
8.174849 7.574635 1.332193 6
3.319849 8.661365 19.736807 6
1.535151 2.162635 9.202307 6
6.390151 3.249365 11.866693 6
8.278746 6.885146 0.716346 1
3.423746 9.350854 20.352654 1
1.431254 1.473146 9.818154 1
6.286254 3.938854 11.250846 1
8.929316 8.715485 1.231272 6
4.074316 7.520515 19.837728 6
0.780684 3.303485 9.303228 6
5.635684 2.108515 11.765772 6
9.548814 8.804242 0.543580 1
4.693814 7.431758 20.525420 1
0.161186 3.392242 9.990920 1
5.016186 2.019758 11.078080 1
8.769101 9.733266 2.149881 6
3.914101 6.502734 18.919119 6
0.940899 4.321266 8.384619 6
5.795899 1.090734 12.684381 6
9.296354 10.496033 2.083724 1
4.441354 5.739967 18.985276 1
0.413646 5.084033 8.450776 1
5.268646 0.327967 12.618224 1
