3.852897 15.887234 6.439999 6
4.577383 2.915734 11.019196 6
4.671956 10.055766 5.199465 6
3.947471 23.027266 0.620267 6
2.720685 15.815372 5.501741 7
5.898742 2.843872 0.317990 7
5.804169 10.127628 6.137722 7
2.626112 23.099128 11.321473 7
2.480656 16.660076 4.340938 6
6.138771 3.688576 1.478794 6
6.044198 9.282924 7.298525 6
2.386082 22.254424 10.160669 6
3.118644 16.177277 3.051751 6
5.500783 3.205777 2.767981 6
5.406210 9.765723 8.587712 6
3.024071 22.737223 8.871482 6
3.390049 17.109409 2.056577 6
5.229378 4.137908 3.763155 6
5.134805 8.833592 9.582886 6
3.295476 21.805092 7.876308 6
3.919684 16.716372 0.839438 6
4.699743 3.744872 4.980294 6
4.605169 9.226628 10.800025 6
3.825111 22.198128 6.659170 6
4.202552 15.381345 0.597454 6
4.416875 2.409845 5.222278 6
4.322302 10.561655 11.042010 6
4.107978 23.533155 6.417185 6
3.936716 14.447657 1.582385 6
4.682711 1.476157 4.237347 6
4.588138 11.495343 10.057078 6
3.842142 24.466843 7.402117 6
3.387451 14.840174 2.800920 6
5.231976 1.868674 3.018811 6
5.137402 11.102826 8.838543 6
3.292878 24.074326 8.620652 6
1.792672 14.890763 5.886077 6
6.637608 1.919263 11.573118 6
6.732181 11.052237 5.753387 6
1.887246 24.023737 0.066345 6
0.715263 14.666616 5.377316 8
7.904164 1.695116 0.442416 8
7.809591 11.276384 6.262148 8
0.620690 24.247884 11.197047 8
2.324428 14.199642 6.983678 7
6.105852 1.228142 10.475517 7
6.200426 11.743358 4.655785 7
2.419001 24.714858 1.163946 7
1.603468 13.136757 7.699971 6
6.826812 0.165257 9.759224 6
6.921385 12.806243 3.939493 6
1.698041 25.777743 1.880239 6
0.726234 13.677409 8.804323 6
7.704046 0.705909 8.654872 6
7.798619 12.265591 2.835140 6
0.820808 25.237091 2.984591 6
1.280638 14.109619 10.004351 6
7.149643 1.138119 7.454843 6
7.244216 11.833381 1.635112 6
1.375211 24.804881 4.184620 6
0.477190 14.603574 11.018847 6
7.953090 1.632074 6.440348 6
8.047663 11.339426 0.620616 6
0.571763 24.310926 5.199115 6
7.817655 14.659092 10.844022 6
0.612625 1.687592 6.615173 6
0.707199 11.283908 0.795441 6
7.912228 24.255408 5.024291 6
7.257346 14.235443 9.658892 6
1.172935 1.263943 7.800303 6
1.267508 11.707557 1.980571 6
7.351919 24.679057 3.839161 6
8.061755 13.747974 8.638810 6
0.368525 0.776474 8.820385 6
0.463098 12.195026 3.000654 6
8.156328 25.166526 2.819078 6
3.539112 14.696969 7.351252 6
4.891169 1.725469 10.107943 6
4.985742 11.246031 4.288211 6
3.633685 24.217531 1.531521 6
4.245924 14.258532 8.234804 8
4.184356 1.287032 9.224391 8
4.278929 11.684468 3.404659 8
4.340498 24.655968 2.415072 8
5.244369 15.814593 5.800643 6
3.375058 2.843093 0.019089 6
3.280484 10.128407 5.838820 6
5.149796 23.099907 11.620375 6
5.576111 17.246647 5.350196 6
3.043316 4.275147 0.469536 6
2.948742 8.696353 6.289268 6
5.481538 21.667853 11.169927 6
4.802171 18.185524 6.313128 6
3.628109 5.214024 11.146066 6
3.722683 7.757476 5.326335 6
4.896744 20.728976 0.493397 6
3.898263 17.264029 7.192839 6
4.532017 4.292529 10.266356 6
4.626591 8.678971 4.446624 6
3.992836 21.650471 1.373107 6
2.499044 17.826473 7.386636 6
5.931237 4.854973 10.072559 6
6.025810 8.116527 4.252827 6
2.593617 21.088027 1.566905 6
2.092522 18.860561 6.931650 8
6.337758 5.889061 10.527545 8
6.432331 7.082439 4.707814 8
2.187096 20.053939 1.111918 8
0.490037 17.510228 8.635667 6
7.940243 4.538728 8.823528 6
8.034816 8.432772 3.003796 6
0.584611 21.404272 2.815935 6
1.786690 17.009528 8.173929 8
6.643590 4.038028 9.285265 8
6.738164 8.933472 3.465534 8
1.881263 21.904972 2.354198 8
0.691788 18.405002 9.819400 6
7.738492 5.433502 7.639794 6
7.833065 7.537998 1.820063 6
0.786361 20.509498 3.999669 6
4.619589 17.210586 8.582824 6
3.810691 4.239086 8.876371 6
3.905264 8.732414 3.056639 6
4.714162 21.703914 2.763092 6
5.561413 18.372833 8.544414 6
2.868868 5.401333 8.914781 6
2.963441 7.570167 3.095050 6
5.655986 20.541667 2.724682 6
5.667890 18.892211 7.327624 6
2.762390 5.920711 10.131571 6
2.856963 7.050789 4.311839 6
5.762463 20.022289 1.507892 6
6.531511 20.016322 6.921523 6
1.898769 7.044822 10.537672 6
1.993342 5.926678 4.717940 6
6.626085 18.898178 1.101792 6
6.560164 20.460725 5.801807 8
2.059263 7.489225 0.017925 8
1.964689 5.482275 5.837656 8
6.465591 18.453775 11.621538 8
8.166085 21.596510 7.656090 6
0.264196 8.625010 9.803105 6
0.358769 4.346490 3.983374 6
8.260658 17.317990 1.836358 6
7.274038 20.481480 7.934622 8
1.156243 7.509980 9.524573 8
1.250816 5.461520 3.704841 8
7.368611 18.433020 2.114890 8
7.683529 22.813236 8.394497 6
0.746751 9.841736 9.064698 6
0.841324 3.129764 3.244966 6
7.778103 16.101264 2.574766 6
2.806646 17.578977 4.566161 1
5.812781 4.607477 1.253570 1
5.718207 8.364023 7.073302 1
2.712073 21.335523 10.385893 1
1.472240 16.665783 4.208830 1
7.147187 3.694283 1.610902 1
7.052614 9.277217 7.430633 1
1.377667 22.248717 10.028562 1
3.218135 18.030385 2.195203 1
5.401292 5.058885 3.624529 1
5.306719 7.912615 9.444260 1
3.123561 20.884115 8.014934 1
4.083934 17.399970 0.180412 1
4.535493 4.428470 5.639320 1
4.440919 8.543030 11.459052 1
3.989361 21.514530 6.000143 1
4.424872 15.085855 11.374083 1
4.005408 2.114355 6.085111 1
4.099981 10.857145 0.265380 1
4.519445 23.828646 5.554352 1
4.105466 13.492954 1.429326 1
4.513961 0.521454 4.390406 1
4.419388 12.450046 10.210137 1
4.010893 25.421546 7.249058 1
3.188027 14.167472 3.458085 1
5.431400 1.195972 2.361647 1
5.336827 11.775528 8.181379 1
3.093454 24.747028 9.277816 1
2.317291 12.533063 8.082443 1
6.112990 25.504563 9.376752 1
6.207563 13.409937 3.557020 1
2.411864 0.438437 2.262712 1
1.113274 12.652401 7.047695 1
7.317006 25.623901 10.411500 1
7.411579 13.290599 4.591768 1
1.207848 0.319099 1.227963 1
2.240734 14.074077 10.112366 1
6.189547 1.102577 7.346829 1
6.284120 11.868923 1.527098 1
2.335307 24.840423 4.292634 1
1.077396 14.878311 0.193215 1
7.542031 1.906811 5.626517 1
7.447457 11.064690 11.446248 1
0.982823 24.036190 6.012947 1
7.271172 14.992460 11.569626 1
1.159108 2.020960 5.889568 1
1.253681 10.950540 0.069837 1
7.365746 23.922040 5.749895 1
6.267629 14.286810 9.512933 1
2.162652 1.315310 7.946262 1
2.257225 11.656190 2.126530 1
6.362202 24.627690 3.693202 1
7.689711 13.446257 7.799604 1
0.740569 0.474757 9.659591 1
0.835143 12.496743 3.839859 1
7.784284 25.468243 1.979873 1
5.258532 15.145523 5.063167 1
3.360895 2.174023 0.756565 1
3.266322 10.797477 6.576297 1
5.163959 23.768977 10.882898 1
5.901472 15.537263 6.520427 1
2.528809 2.565763 10.938768 1
2.623382 10.405737 5.119036 1
5.996045 23.377237 0.700696 1
5.295797 17.418130 4.432308 1
3.323630 4.446630 1.387424 1
3.229057 8.524870 7.207156 1
5.201224 21.496370 10.252039 1
6.561340 17.433696 5.380924 1
2.058087 4.462196 0.438808 1
1.963514 8.509304 6.258539 1
6.466766 21.480804 11.200655 1
4.254167 18.852778 5.791797 1
4.365260 5.881278 0.027935 1
4.270687 7.090222 5.847666 1
4.159593 20.061722 11.611529 1
0.000863 16.689132 8.848320 1
8.429417 3.717632 8.610875 1
8.523990 9.253868 2.791143 1
0.095436 22.225368 3.028588 1
0.042325 17.981093 7.851982 1
8.387956 5.009593 9.607213 1
8.482529 7.961907 3.787481 1
0.136898 20.933407 2.032250 1
8.539991 18.684149 10.171727 1
-0.109711 5.712649 7.287468 1
-0.015137 7.258851 1.467736 1
8.634564 20.230351 4.351995 1
1.186440 19.203009 9.569967 1
7.243841 6.231509 7.889228 1
7.338414 6.739991 2.069497 1
1.281013 19.711491 3.750235 1
1.171081 17.934396 10.515091 1
7.259199 4.962896 6.944104 1
7.353772 8.008604 1.124372 1
1.265654 20.980104 4.695359 1
5.121888 16.341496 8.699335 1
3.308392 3.369996 8.759860 1
3.402966 9.601504 2.940128 1
5.216461 22.573004 2.879603 1
3.975217 17.252095 9.337177 1
4.455063 4.280595 8.122017 1
4.549636 8.690905 2.302286 1
4.069790 21.662405 3.517446 1
6.046819 18.655611 9.319718 1
2.383462 5.684111 8.139477 1
2.478035 7.287389 2.319745 1
6.141392 20.258889 3.499987 1
8.177913 21.758394 6.660101 1
0.252367 8.786894 10.799094 1
0.346941 4.184606 4.979362 1
8.272486 17.156106 0.840369 1
0.340764 21.270666 7.987000 1
8.089517 8.299166 9.472195 1
8.184090 4.672334 3.652464 1
0.435337 17.643834 2.167268 1
8.292844 23.576998 8.220953 1
0.137436 10.605498 9.238242 1
0.232010 2.366002 3.418510 1
8.387417 15.337502 2.401221 1
7.673060 22.648239 9.360456 1
0.757220 9.676739 8.098739 1
0.851793 3.294761 2.279007 1
7.767634 16.266261 3.540725 1
6.805020 23.073704 8.081279 1
1.625261 10.102204 9.377916 1
1.719834 2.869296 3.558184 1
6.899593 15.840796 2.261548 1
