-0.163141 10.920751 2.794297 8
4.863305 2.680580 13.682484 8
3.969716 8.692858 2.838455 8
0.730448 4.908474 13.638327 8
4.829556 8.681678 15.640750 8
-0.129392 4.919653 0.836032 8
2.445343 8.185651 1.259815 7
2.254820 5.415681 15.216967 7
1.259494 8.467808 0.748375 6
3.440670 5.133523 15.728406 6
0.368246 9.338803 1.287496 7
4.331918 4.262529 15.189286 7
-0.429578 9.360537 0.967187 1
5.129742 4.240795 15.509595 1
0.683293 10.192887 2.327345 6
4.016871 3.408444 14.149436 6
2.144039 10.218786 2.730367 6
2.556125 3.382546 13.746414 6
2.892010 8.959121 2.288625 6
1.808154 4.642211 14.188157 6
2.313300 10.457252 4.232226 6
2.386864 3.144080 12.244556 6
3.260368 10.548556 4.420721 1
1.439796 3.052776 12.056061 1
1.891306 11.301831 4.455322 1
2.808858 2.299501 12.021460 1
1.751202 9.395538 5.143886 6
2.948962 4.205793 11.332895 6
0.453076 9.482120 5.636872 6
4.247087 4.119211 10.839910 6
-0.085438 10.191600 5.368135 1
4.785602 3.409731 11.108646 1
-0.059235 8.545685 6.511954 6
4.759399 5.055647 9.964828 6
-0.930443 8.636448 6.824683 1
5.630607 4.964884 9.652099 1
0.702837 7.486163 6.924862 6
3.997327 6.115169 9.551920 6
0.362306 6.856173 7.518355 1
4.337858 6.745158 8.958426 1
1.988563 7.375914 6.438962 6
2.711600 6.225417 10.037820 6
2.513341 6.655425 6.702755 1
2.186822 6.945906 9.774027 1
2.513378 8.306681 5.571953 6
2.186786 5.294650 10.904828 6
3.386731 8.210246 5.267627 1
1.313433 5.391086 11.209155 1
2.756873 11.466713 1.954146 6
1.943291 2.134618 14.522635 6
2.537071 12.272445 2.448450 1
2.163093 1.328887 14.028332 1
3.722871 11.380827 1.952499 1
0.977293 2.220505 14.524283 1
2.291958 11.640360 0.532035 6
2.408206 1.960972 15.944746 6
2.365304 10.743837 15.954468 6
2.334860 2.857494 0.522314 6
3.132162 10.241204 16.109349 1
1.568001 3.360128 0.367432 1
1.856415 10.848293 14.669279 6
2.843749 2.753038 1.807503 6
2.285913 10.410191 13.969016 1
2.414251 3.191141 2.507766 1
0.735779 11.581047 14.418832 6
3.964385 2.020285 2.057950 6
0.395842 11.634645 13.553801 1
4.304322 1.966686 2.922981 1
0.117169 12.234516 15.438744 6
4.582995 1.366815 1.038037 6
-0.642852 12.744231 15.273977 1
5.343016 0.857100 1.202805 1
1.172497 12.396839 0.243856 6
3.527667 1.204493 16.232925 6
0.746804 12.855793 0.930938 1
3.953360 0.745539 15.545844 1
0.332304 7.560196 16.108526 7
4.367859 6.041135 0.368256 7
0.827407 6.902819 15.858902 1
3.872757 6.698513 0.617879 1
-0.795649 7.850741 15.306436 6
5.495812 5.750591 1.170346 6
-0.845766 7.161326 14.173987 7
5.545930 6.440006 2.302795 7
-0.250913 6.559970 14.020094 1
4.951077 7.041362 2.456688 1
4.572621 7.403803 13.183238 6
0.127543 6.197529 3.293544 6
3.721697 7.501209 13.639480 1
0.978467 6.100123 2.837302 1
4.508587 6.634727 12.594852 1
0.191577 6.966604 3.881930 1
4.834427 8.652545 12.345558 6
-0.134264 4.948786 4.131223 6
4.119136 8.747937 11.698515 1
0.581027 4.853395 4.778267 1
4.807647 9.427261 12.927683 1
-0.107484 4.174071 3.549099 1
-0.305098 8.646560 11.605586 6
5.005262 4.954771 4.871196 6
-0.254857 7.848868 11.057568 1
4.955021 5.752464 5.419213 1
0.415787 8.604915 12.253783 1
4.284376 4.996416 4.222999 1
-0.102085 9.870449 10.717487 6
4.802249 3.730882 5.759294 6
-0.790199 9.876747 10.034360 1
5.490363 3.724585 6.442422 1
-0.215428 10.668413 11.256937 1
4.915591 2.932918 5.219844 1
1.259240 9.924564 10.042598 6
3.440924 3.676768 6.434183 6
1.944520 9.904764 10.729680 1
2.755644 3.696568 5.747101 1
1.366167 9.127056 9.500512 1
3.333996 4.474275 6.976269 1
1.490660 11.136906 9.166363 6
3.209504 2.464425 7.310419 6
1.406830 11.935338 9.711415 1
3.293334 1.665994 6.765367 1
0.796187 11.168588 8.490486 1
3.903976 2.432743 7.986296 1
2.842341 11.159524 8.476316 6
1.857822 2.441808 8.000466 6
3.535800 11.167991 9.154500 1
1.164364 2.433340 7.322282 1
2.942213 10.341146 7.966524 1
1.757951 3.260186 8.510258 1
3.062475 12.337357 7.546860 6
1.637689 1.263975 8.929921 6
2.366487 12.334096 6.872466 1
2.333677 1.267235 9.604316 1
2.970841 13.156810 8.058794 1
1.729322 0.444522 8.417988 1
4.407435 12.349496 6.853353 6
0.292729 1.251835 9.623429 6
5.101339 12.390414 7.529889 1
-0.401175 1.210917 8.946892 1
4.514322 11.511762 6.376515 1
0.185842 2.089569 10.100267 1
4.621941 13.484393 5.877927 6
0.078223 0.116938 10.598855 6
3.934297 13.440940 5.195129 1
0.765866 0.160392 11.281652 1
5.728010 0.468273 6.350152 1
-1.027846 13.133058 10.126630 1
-0.492842 13.479596 5.204356 6
5.193005 0.121736 11.272425 6
0.190486 13.534084 5.890449 1
4.509678 0.067248 10.586332 1
-0.381205 12.630285 4.750256 1
5.081369 0.971047 11.726526 1
0.955894 0.720299 4.216408 6
3.744270 12.881032 12.260373 6
0.296439 0.670111 3.521088 1
4.403725 12.931220 12.955693 1
1.831857 0.625072 3.834147 1
2.868307 12.976260 12.642635 1
0.890659 1.568393 4.659634 1
3.809505 12.032939 11.817148 1
