0.616628 3.032571 3.411033 34
2.835249 7.483071 8.976956 34
7.964249 5.868429 8.976956 34
5.745628 1.417929 3.411033 34
1.903100 5.306776 5.688564 34
1.548777 0.856276 6.699424 34
6.677777 3.594224 6.699424 34
7.032100 8.044724 5.688564 34
2.306975 6.470137 2.493207 34
1.144902 2.019637 9.894782 34
6.273902 2.430863 9.894782 34
7.435975 6.881363 2.493207 34
-0.547136 6.670409 11.724488 34
3.999012 2.219909 0.663501 34
9.128012 2.230591 0.663501 34
4.581864 6.681091 11.724488 34
2.362474 2.964033 4.121484 6
1.089403 7.414533 8.266505 6
6.218403 5.936967 8.266505 6
7.491474 1.486467 4.121484 6
2.889585 3.863034 4.910599 6
0.562291 8.313534 7.477390 6
5.691291 5.037966 7.477390 6
8.018585 0.587466 4.910599 6
3.129081 6.702453 5.225254 6
0.322795 2.251953 7.162735 6
5.451795 2.198547 7.162735 6
8.258081 6.649047 5.225254 6
3.290393 7.120800 3.957962 6
0.161483 2.670300 8.430026 6
5.290483 1.780200 8.430026 6
8.419393 6.230700 3.957962 6
3.029402 7.637058 1.188008 6
0.422475 3.186558 11.199980 6
5.551475 1.263942 11.199980 6
8.158402 5.714442 1.188008 6
0.860628 7.752771 12.358257 6
2.591249 3.302271 0.029731 6
7.720249 1.148229 0.029731 6
5.989628 5.598729 12.358257 6
8.733134 7.957494 10.732953 6
4.976742 3.506994 1.655035 6
-0.152258 0.943506 1.655035 6
3.604134 5.394006 10.732953 6
7.982355 7.628157 9.732004 6
5.727522 3.177657 2.655985 6
0.598522 1.272843 2.655985 6
2.853355 5.723343 9.732004 6
2.914903 2.216349 3.874963 1
0.536973 6.666849 8.513026 1
5.665973 6.684651 8.513026 1
8.043903 2.234151 3.874963 1
3.821558 3.796276 5.118717 1
-0.369682 8.246776 7.269272 1
4.759318 5.104724 7.269272 1
8.950558 0.654224 5.118717 1
3.636468 7.118130 5.925175 1
-0.184592 2.667630 6.462814 1
4.944408 1.782870 6.462814 1
8.765468 6.233370 5.925175 1
3.954830 7.792825 3.785769 1
-0.502954 3.342325 8.602219 1
4.626046 1.108175 8.602219 1
9.083830 5.558675 3.785769 1
3.799544 8.154206 1.424619 1
-0.347668 3.703706 10.963370 1
4.781332 0.746794 10.963370 1
8.928544 5.197294 1.424619 1
1.234863 8.415895 11.768589 1
2.217013 3.965396 0.619399 1
7.346013 0.485104 0.619399 1
6.363863 4.935605 11.768589 1
-1.462299 8.882308 10.990623 1
4.914175 4.431808 1.397365 1
10.043175 0.018692 1.397365 1
3.666701 4.469192 10.990623 1
7.445457 8.298402 8.992441 1
6.264419 3.847902 3.395548 1
1.135419 0.602598 3.395548 1
2.316457 5.053098 8.992441 1
