1.769400 14.018777 11.889325 6
11.957569 31.723277 1.409696 6
5.706819 21.390223 1.409696 6
-4.481350 3.685723 11.889325 6
2.597752 15.201084 11.483704 6
11.129217 32.905584 1.815316 6
4.878467 20.207916 1.815316 6
-3.652998 2.503416 11.483704 6
3.386762 14.893025 10.990311 1
10.340207 32.597525 2.308710 1
4.089457 20.515975 2.308710 1
-2.863988 2.811475 10.990311 1
2.884051 15.689728 12.284305 1
10.842918 33.394228 1.014715 1
4.592168 19.719272 1.014715 1
-3.366699 2.014772 12.284305 1
2.065747 15.792414 10.913176 1
-0.840278 33.496914 2.385844 1
5.410472 19.616586 2.385844 1
8.316497 1.912086 10.913176 1
1.444131 13.168607 10.665815 6
-0.218663 30.873107 2.633206 6
6.032087 22.240393 2.633206 6
7.694881 4.535893 10.665815 6
0.908059 12.393150 10.939774 1
0.317410 30.097650 2.359246 1
6.568160 23.015850 2.359246 1
7.158809 5.311350 10.939774 1
2.277999 12.857008 10.252215 1
-1.052530 30.561508 3.046806 1
5.198220 22.551992 3.046806 1
8.528749 4.847492 10.252215 1
0.937767 13.703283 10.020812 1
0.287701 31.407783 3.278209 1
6.538451 21.705717 3.278209 1
7.188517 4.001217 10.020812 1
2.622015 13.122575 12.825576 6
11.104954 30.827075 0.473445 6
4.854204 22.286425 0.473445 6
-3.628735 4.581925 12.825576 6
2.095441 12.343577 13.100865 1
11.631528 30.048077 0.198155 1
5.380778 23.065423 0.198155 1
-4.155309 5.360923 13.100865 1
7.911607 13.632465 0.319176 1
5.815362 31.336965 12.979844 1
-0.435388 21.776535 12.979844 1
1.660857 4.072035 0.319176 1
3.424495 12.821599 12.349471 1
10.302474 30.526099 0.949550 1
4.051724 22.587401 0.949550 1
-2.826255 4.882901 12.349471 1
4.297817 12.127583 3.070744 6
-3.072349 29.832082 10.228277 6
3.178401 23.281417 10.228277 6
10.548567 5.576917 3.070744 6
4.720744 12.945530 3.407209 1
-3.495275 30.650030 9.891812 1
2.755475 22.463470 9.891812 1
10.971494 4.758970 3.407209 1
3.362665 12.099255 3.361992 1
-2.137196 29.803755 9.937028 1
4.113554 23.309745 9.937028 1
9.613415 5.605245 3.361992 1
4.335138 12.120501 2.091936 1
-3.109669 29.825001 11.207085 1
3.141081 23.288499 11.207085 1
10.585888 5.583999 2.091936 1
4.981459 10.998035 3.577437 6
8.745510 28.702535 9.721584 6
2.494760 24.410965 9.721584 6
-1.269291 6.706465 3.577437 6
3.373670 8.360065 6.323684 6
-2.148201 26.064565 6.975336 6
4.102549 27.048935 6.975336 6
9.624420 9.344435 6.323684 6
4.099242 8.753105 5.793053 1
9.627727 26.457605 7.505967 1
3.376977 26.655895 7.505967 1
-2.151508 8.951395 5.793053 1
2.637683 8.101579 5.730548 1
-1.412214 25.806079 7.568473 1
4.838536 27.307421 7.568473 1
8.888433 9.602921 5.730548 1
3.706584 7.570444 6.795800 1
10.020385 25.274944 6.503221 1
3.769635 27.838556 6.503221 1
-2.544166 10.134056 6.795800 1
3.994798 9.691443 8.315878 6
9.732171 27.395943 4.983143 6
3.481421 25.717557 4.983143 6
-2.255952 8.013057 8.315878 6
4.708554 10.148219 7.819824 1
9.018415 27.852719 5.479197 1
2.767665 25.260781 5.479197 1
-1.542196 7.556281 7.819824 1
4.325728 8.831005 8.644363 1
9.401241 26.535505 4.654657 1
3.150491 26.577995 4.654657 1
-1.925022 8.873495 8.644363 1
3.719608 10.247365 9.073922 1
10.007360 27.951865 4.225099 1
3.756610 25.161635 4.225099 1
-2.531142 7.457135 9.073922 1
1.748562 8.777891 8.162939 6
-0.523093 26.482391 5.136082 6
5.727657 26.631109 5.136082 6
7.999312 8.926609 8.162939 6
2.121211 8.009516 8.645693 1
-0.895742 25.714016 4.653327 1
5.355008 27.399484 4.653327 1
8.371961 9.694984 8.645693 1
1.066650 8.466292 7.532565 1
0.158819 26.170792 5.766455 1
6.409569 26.942708 5.766455 1
7.317400 9.238208 7.532565 1
1.343824 9.397549 8.803952 1
-0.118355 27.102049 4.495069 1
6.132395 26.011451 4.495069 1
7.594574 8.306951 8.803952 1
5.558729 10.095106 4.008325 7
8.168240 27.799606 9.290696 7
1.917490 25.313894 9.290696 7
-0.692021 7.609394 4.008325 7
-2.262368 11.762870 9.752172 7
3.487837 29.467370 3.546849 7
9.738587 23.646130 3.546849 7
3.988382 5.941630 9.752172 7
1.522410 23.093750 3.110641 6
-0.296942 5.389250 10.188380 6
5.953808 12.315250 10.188380 6
7.773160 30.019750 3.110641 6
2.236877 22.360783 3.578766 7
-1.011409 4.656283 9.720254 7
5.239341 13.048217 9.720254 7
8.487627 30.752717 3.578766 7
-1.602732 12.109878 8.913004 6
2.828200 29.814378 4.386017 6
9.078950 23.299122 4.386017 6
4.648018 5.594622 8.913004 6
-0.807083 12.573736 7.806525 6
2.032552 30.278236 5.492496 6
8.283302 22.835264 5.492496 6
5.443667 5.130764 7.806525 6
-1.273329 12.382527 6.966027 1
2.498798 30.087027 6.332994 1
8.749548 23.026473 6.332994 1
4.977421 5.321973 6.966027 1
0.059014 12.113419 7.810515 1
1.166455 29.817919 5.488506 1
7.417205 23.295581 5.488506 1
6.309764 5.591081 7.810515 1
-0.665719 13.540402 7.888979 1
1.891188 31.244902 5.410042 1
8.141938 21.868598 5.410042 1
5.585031 4.164098 7.888979 1
0.615568 24.049793 2.562721 6
0.609900 6.345293 10.736299 6
6.860650 11.359207 10.736299 6
6.866318 29.063707 2.562721 6
-0.289900 23.862125 2.891207 1
1.515369 6.157625 10.407814 1
7.766119 11.546875 10.407814 1
5.960850 29.251375 2.891207 1
0.627384 23.986057 1.585243 1
0.598085 6.281557 11.713777 1
6.848835 11.422943 11.713777 1
6.878134 29.127443 1.585243 1
0.884090 24.949181 2.838011 1
0.341379 7.244681 10.461010 1
6.592129 10.459819 10.461010 1
7.134840 28.164319 2.838011 1
2.327018 8.183020 6.876924 6
-1.101549 25.887520 6.422097 6
5.149201 27.225980 6.422097 6
8.577768 9.521480 6.876924 6
2.679063 7.442972 7.414204 1
-1.453595 25.147472 5.884817 1
4.797155 27.966028 5.884817 1
8.929813 10.261528 7.414204 1
2.626527 8.080334 5.948652 1
-1.401058 25.784834 7.350369 1
4.849692 27.328666 7.350369 1
8.877277 9.624166 5.948652 1
1.350589 8.179479 6.910171 1
-0.125120 25.883979 6.388850 1
6.125630 27.229521 6.388850 1
7.601339 9.525021 6.910171 1
2.254276 9.595839 8.889065 6
-1.028807 27.300339 4.409955 6
5.221943 25.813161 4.409955 6
8.505026 8.108661 8.889065 6
2.559074 10.438573 9.286706 1
-1.333605 28.143073 4.012315 1
4.917145 24.970427 4.012315 1
8.809824 7.265927 9.286706 1
2.578058 8.845168 9.431665 1
-1.352589 26.549668 3.867355 1
4.898161 26.563832 3.867355 1
8.828808 8.859332 9.431665 1
1.278718 9.581675 8.857148 1
-0.053249 27.286175 4.441873 1
6.197501 25.827325 4.441873 1
7.529468 8.122825 8.857148 1
4.326551 9.478989 7.527246 6
9.400418 27.183489 5.771775 6
3.149668 25.930011 5.771775 6
-1.924199 8.225511 7.527246 6
4.620123 10.332346 7.911587 1
9.106846 28.036846 5.387433 1
2.856096 25.076654 5.387433 1
-1.630627 7.372154 7.911587 1
4.719502 9.369221 6.636211 1
9.007467 27.073721 6.662809 1
2.756717 26.039779 6.662809 1
-1.531248 8.335279 6.636211 1
4.616763 8.742482 8.105753 1
9.110206 26.446982 5.193268 1
2.859456 26.666518 5.193268 1
-1.633987 8.962018 8.105753 1
10.541458 17.703084 0.529168 16
3.185511 35.407584 12.769853 16
-3.065239 17.705916 12.769853 16
4.290708 0.001416 0.529168 16
8.391256 17.918016 2.560061 16
5.335713 0.213516 10.738959 16
-0.915037 17.490984 10.738959 16
2.140506 35.195484 2.560061 16
-0.123268 19.595341 2.804232 16
1.348737 1.890841 10.494789 16
7.599487 15.813659 10.494789 16
6.127482 33.518159 2.804232 16
9.933887 19.355976 4.502250 16
3.793081 1.651476 8.796770 16
-2.457669 16.053024 8.796770 16
3.683137 33.757524 4.502250 16
7.096841 18.727112 5.125443 16
6.630128 1.022612 8.173578 16
0.379378 16.681888 8.173578 16
0.846091 34.386388 5.125443 16
0.039307 13.657959 1.857873 8
1.186162 31.362459 11.441148 8
7.436912 21.751041 11.441148 8
6.290057 4.046541 1.857873 8
0.925065 14.064809 4.605451 8
0.300404 31.769309 8.693570 8
6.551154 21.344191 8.693570 8
7.175815 3.639691 4.605451 8
0.614915 13.841378 3.858046 1
0.610554 31.545878 9.440975 1
6.861304 21.567622 9.440975 1
6.865665 3.863122 3.858046 1
0.728168 12.459719 1.573274 6
0.497301 30.164219 11.725747 6
6.748051 22.949281 11.725747 6
6.978918 5.244781 1.573274 6
2.294394 15.393000 1.821966 8
-1.068926 33.097500 11.477055 8
5.181824 20.016000 11.477055 8
8.545144 2.311500 1.821966 8
1.636193 14.910730 1.618491 1
-0.410724 32.615230 11.680530 1
5.840026 20.498270 11.680530 1
7.886943 2.793770 1.618491 1
2.718995 16.337359 4.489749 8
-1.493526 34.041859 8.809271 8
4.757224 19.071641 8.809271 8
8.969745 1.367141 4.489749 8
2.317355 13.105579 6.290437 6
-1.091886 30.810079 7.008584 6
5.158864 22.303421 7.008584 6
8.568105 4.598921 6.290437 6
1.383163 12.959694 5.255773 6
-0.157694 30.664194 8.043248 6
6.093056 22.449306 8.043248 6
7.633913 4.744806 5.255773 6
4.077757 14.823978 5.783744 6
9.649212 32.528478 7.515277 6
3.398462 20.585022 7.515277 6
-2.172993 2.880522 5.783744 6
4.565716 15.666358 1.256757 6
-3.340247 33.370858 12.042263 6
2.910503 19.742642 12.042263 6
10.816466 2.038142 1.256757 6
2.323209 10.677938 6.638871 6
-1.097741 28.382438 6.660150 6
5.153009 24.731062 6.660150 6
8.573959 7.026562 6.638871 6
1.536147 12.417936 0.424239 6
-0.310678 30.122436 12.874782 6
5.940072 22.991064 12.874782 6
7.786897 5.286564 0.424239 6
-3.199505 13.648753 12.864143 6
4.424974 31.353253 0.434878 6
10.675724 21.760247 0.434878 6
3.051245 4.055747 12.864143 6
-3.219483 13.391684 11.907943 1
4.444952 31.096184 1.391078 1
10.695702 22.017316 1.391078 1
3.031267 4.312816 11.907943 1
-3.908367 14.322940 13.013092 1
5.133835 32.027441 0.285929 1
11.384585 21.086059 0.285929 1
2.342383 3.381559 13.013092 1
0.900720 11.692760 4.924627 6
0.324749 29.397260 8.374393 6
6.575499 23.716240 8.374393 6
7.151470 6.011740 4.924627 6
4.967620 15.822512 3.759633 6
8.759349 33.527012 9.539388 6
2.508599 19.586488 9.539388 6
-1.283130 1.881988 3.759633 6
2.893951 14.470950 6.680098 6
-1.668483 32.175450 6.618923 6
4.582267 20.938050 6.618923 6
9.144701 3.233550 6.680098 6
2.192533 15.165675 6.590995 1
-0.967064 32.870175 6.708026 1
5.283686 20.243325 6.708026 1
8.443283 2.538825 6.590995 1
3.187982 14.450413 7.625658 1
-1.962513 32.154913 5.673362 1
4.288237 20.958587 5.673362 1
9.438732 3.254087 7.625658 1
4.757280 16.595490 2.447020 6
-3.531811 34.299990 10.852001 6
2.718939 18.813510 10.852001 6
11.008030 1.109010 2.447020 6
3.959266 17.176906 2.537453 1
-2.733798 34.881406 10.761568 1
3.516952 18.232094 10.761568 1
10.210016 0.527594 2.537453 1
5.540428 17.176906 2.283442 1
8.186541 34.881406 11.015579 1
1.935791 18.232094 11.015579 1
-0.710322 0.527594 2.283442 1
-0.737856 13.953271 12.403997 6
1.963325 31.657771 0.895024 6
8.214075 21.455729 0.895024 6
5.512894 3.751229 12.403997 6
-0.851230 13.377520 11.655262 1
2.076699 31.082020 1.643759 1
8.327449 22.031480 1.643759 1
5.399520 4.326980 11.655262 1
0.620301 11.379744 2.437710 6
0.605168 29.084244 10.861310 6
6.855918 24.029256 10.861310 6
6.871051 6.324756 2.437710 6
2.773174 11.965763 6.956718 6
-1.547705 29.670263 6.342303 6
4.703045 23.443237 6.342303 6
9.023924 5.738737 6.956718 6
3.411710 12.067387 7.652257 1
10.315259 29.771887 5.646764 1
4.064509 23.341613 5.646764 1
-2.839040 5.637113 7.652257 1
5.663088 15.326786 0.453497 6
-4.437619 33.031286 12.845524 6
1.813131 20.082214 12.845524 6
11.913838 2.377714 0.453497 6
6.512575 15.703891 0.650322 1
7.214394 33.408392 12.648699 1
0.963644 19.705108 12.648699 1
0.261825 2.000608 0.650322 1
0.522059 14.445102 12.665987 6
0.703410 32.149602 0.633033 6
6.954160 20.963898 0.633033 6
6.772809 3.259398 12.665987 6
1.384972 10.575252 5.628146 6
-0.159504 28.279752 7.670875 6
6.091246 24.833748 7.670875 6
7.635722 7.129248 5.628146 6
1.055107 9.712689 5.399402 1
0.170362 27.417189 7.899618 1
6.421112 25.696311 7.899618 1
7.305857 7.991811 5.399402 1
6.388483 14.423502 5.137412 6
7.338486 32.128002 8.161609 6
1.087736 20.985498 8.161609 6
0.137733 3.280998 5.137412 6
-1.860942 14.256372 13.185979 6
3.086411 31.960872 0.113042 6
9.337161 21.152628 0.113042 6
4.389808 3.448128 13.185979 6
2.173984 11.224653 0.148949 6
-0.948516 28.929153 13.150072 6
5.302234 24.184347 13.150072 6
8.424734 6.479847 0.148949 6
-2.307288 11.171539 12.669977 1
3.532757 28.876040 0.629044 1
9.783507 24.237460 0.629044 1
3.943462 6.532960 12.669977 1
3.921269 15.661401 4.689235 6
-2.695800 33.365901 8.609786 6
3.554950 19.747599 8.609786 6
10.172019 2.043099 4.689235 6
-0.082055 11.493053 3.796870 6
1.307524 29.197553 9.502150 6
7.558274 23.915947 9.502150 6
6.168695 6.211447 3.796870 6
-0.712842 12.255055 3.775592 1
1.938311 29.959555 9.523429 1
8.189061 23.153945 9.523429 1
5.537908 5.449445 3.775592 1
-0.606177 10.668732 3.963108 1
1.831646 28.373232 9.335913 1
8.082396 24.740268 9.335913 1
5.644573 7.035768 3.963108 1
6.152550 15.198251 4.008325 6
7.574419 32.902751 9.290696 6
1.323669 20.210749 9.290696 6
-0.098200 2.506249 4.008325 6
6.855559 15.296688 3.375291 1
6.871410 33.001188 9.923729 1
0.620660 20.112312 9.923729 1
0.604809 2.407812 3.375291 1
2.835822 9.468367 7.419524 6
-1.610353 27.172867 5.879497 6
4.640397 25.940633 5.879497 6
9.086572 8.236133 7.419524 6
1.287493 10.198500 2.107895 6
-0.062024 27.903000 11.191126 6
6.188726 25.210500 11.191126 6
7.538243 7.506000 2.107895 6
1.207905 9.450662 2.689062 1
0.017564 27.155162 10.609959 1
6.268314 25.958338 10.609959 1
7.458655 8.253838 2.689062 1
2.059205 10.074215 0.965509 6
-0.833737 27.778715 12.333512 6
5.417013 25.334785 12.333512 6
8.309955 7.630285 0.965509 6
7.777188 13.841378 5.386103 6
5.949780 31.545878 7.912917 6
-0.300970 21.567622 7.912917 6
1.526438 3.863122 5.386103 6
11.445688 16.168103 0.908323 6
2.281281 33.872603 12.390698 6
-3.969469 19.240897 12.390698 6
5.194938 1.536397 0.908323 6
11.818550 15.810118 0.063835 1
1.908419 33.514618 13.235185 1
-4.342331 19.598881 13.235185 1
5.567800 1.894381 0.063835 1
-0.293314 16.394367 1.497470 1
1.518783 34.098867 11.801551 1
7.769533 19.014633 11.801551 1
5.957436 1.310133 1.497470 1
3.347791 15.093086 1.002746 6
-2.122322 32.797586 12.296275 6
4.128428 20.315914 12.296275 6
9.598541 2.611414 1.002746 6
11.217163 13.686995 1.311283 6
2.509806 31.391495 11.987737 6
-3.740944 21.722005 11.987737 6
4.966413 4.017505 1.311283 6
10.656306 12.991562 1.736852 1
3.070663 30.696062 11.562169 1
-3.180087 22.417438 11.562169 1
4.405556 4.712938 1.736852 1
11.246725 13.512074 0.336465 1
2.480244 31.216574 12.962555 1
-3.770506 21.896926 12.962555 1
4.995975 4.192426 0.336465 1
10.635594 15.062280 1.579924 6
3.091374 32.766780 11.719097 6
-3.159376 20.346720 11.719097 6
4.384844 2.642220 1.579924 6
10.614280 15.222329 2.556072 1
3.112688 32.926829 10.742949 1
-3.138062 20.186671 10.742949 1
4.363530 2.482171 2.556072 1
9.704102 15.091316 1.246118 1
4.022867 32.795816 12.052902 1
-2.227883 20.317684 12.052902 1
3.453352 2.613184 1.246118 1
10.054243 18.238114 2.135823 6
3.672726 0.533614 11.163198 6
-2.578024 17.170886 11.163198 6
3.803493 34.875386 2.135823 6
2.776834 8.788514 0.538610 6
-1.551365 26.493014 12.760410 6
4.699385 26.620486 12.760410 6
9.027584 8.915986 0.538610 6
2.693899 17.669091 5.078896 6
-1.468430 35.373591 8.220125 6
4.782320 17.739909 8.220125 6
8.944649 0.035409 5.078896 6
-2.822016 8.317574 12.490440 6
4.047485 26.022074 0.808580 6
10.298235 27.091426 0.808580 6
3.428734 9.386926 12.490440 6
-2.362938 7.499626 12.208501 1
3.588407 25.204126 1.090520 1
9.839157 27.909374 1.090520 1
3.887812 10.204874 12.208501 1
-2.688499 9.015131 11.816180 1
3.913968 26.719631 1.482841 1
10.164718 26.393869 1.482841 1
3.562251 8.689369 11.816180 1
-3.779314 8.136988 12.588853 1
5.004783 25.841488 0.710168 1
11.255533 27.272012 0.710168 1
2.471436 9.567512 12.588853 1
10.773901 18.922570 3.040156 6
2.953068 1.218070 10.258865 6
-3.297682 16.486430 10.258865 6
4.523151 34.190930 3.040156 6
8.404608 18.649920 4.122696 6
5.322361 0.945420 9.176324 6
-0.928389 16.759080 9.176324 6
2.153858 34.463580 4.122696 6
7.857745 13.048216 6.708026 6
5.869224 30.752717 6.590995 6
-0.381526 22.360783 6.590995 6
1.606995 4.656283 6.708026 6
8.761651 12.687045 6.817078 1
4.965318 30.391545 6.481943 1
-1.285432 22.721955 6.481943 1
2.510901 5.017455 6.817078 1
7.211957 12.311709 6.686748 1
6.515012 30.016209 6.612273 1
0.264262 23.097291 6.612273 1
0.961207 5.392791 6.686748 1
7.650578 13.643088 7.458091 1
6.076390 31.347588 5.840930 1
-0.174360 21.765912 5.840930 1
1.399828 4.061412 7.458091 1
2.594409 7.683753 1.563965 6
-1.368940 25.388253 11.735056 6
4.881810 27.725247 11.735056 6
8.845159 10.020747 1.563965 6
3.068771 6.876428 1.264737 1
-1.843302 24.580928 12.034284 1
4.407448 28.532572 12.034284 1
9.319521 10.828072 1.264737 1
1.640862 7.481922 1.662378 1
-0.415393 25.186422 11.636643 1
5.835357 27.927078 11.636643 1
7.891612 10.222578 1.662378 1
2.958854 7.974107 2.425741 1
-1.733385 25.678607 10.873279 1
4.517365 27.434893 10.873279 1
9.209604 9.730393 2.425741 1
8.173427 12.899499 4.205150 6
5.553541 30.603999 9.093870 6
-0.697209 22.509501 9.093870 6
1.922677 4.805001 4.205150 6
9.060468 12.517081 4.375378 1
4.666501 30.221581 8.923643 1
-1.584249 22.891919 8.923643 1
2.809718 5.187419 4.375378 1
8.192730 13.409388 3.369972 1
5.534239 31.113888 9.929049 1
-0.716511 21.999612 9.929049 1
1.941980 4.295112 3.369972 1
7.516989 12.173614 4.129346 1
6.209979 29.878114 9.169675 1
-0.040771 23.235386 9.169675 1
1.266239 5.530886 4.129346 1
1.199576 18.529530 3.270229 6
0.025893 0.825030 10.028792 6
6.276643 16.879470 10.028792 6
7.450326 34.583970 3.270229 6
1.114719 17.672632 2.783485 1
0.110750 35.377132 10.515536 1
6.361500 17.736368 10.515536 1
7.365469 0.031868 2.783485 1
2.059670 18.943815 3.005579 1
-0.834201 1.239315 10.293442 1
5.416549 16.465185 10.293442 1
8.310420 34.169685 3.005579 1
1.212793 18.260421 4.770359 6
0.012675 0.555921 8.528662 6
6.263425 17.148579 8.528662 6
7.463543 34.853079 4.770359 6
0.516261 17.598273 5.012401 1
0.709208 35.302773 8.286620 1
6.959958 17.810727 8.286620 1
6.767011 0.106227 5.012401 1
1.053332 19.092533 5.278381 1
0.172137 1.388033 8.020639 1
6.422887 16.316467 8.020639 1
7.304082 34.020967 5.278381 1
2.076386 18.664084 4.102748 6
-0.850917 0.959584 9.196273 6
5.399833 16.744916 9.196273 6
8.327136 34.449416 4.102748 6
2.175291 19.591800 4.429904 1
-0.949822 1.887300 8.869117 1
5.300928 15.817200 8.869117 1
8.426041 33.521700 4.429904 1
2.496595 18.589725 3.209054 1
-1.271126 0.885225 10.089967 1
4.979624 16.819275 10.089967 1
8.747345 34.523775 3.209054 1
0.605046 18.256880 4.056201 6
0.620423 0.552380 9.242819 6
6.871173 17.152120 9.242819 6
6.855796 34.856620 4.056201 6
0.183599 18.320617 4.943246 1
1.041870 0.616117 8.355775 1
7.292620 17.088383 8.355775 1
6.434349 34.792883 4.943246 1
0.500442 17.336246 3.701117 1
0.725027 35.040746 9.597903 1
6.975777 18.072754 9.597903 1
6.751192 0.368254 3.701117 1
4.286563 9.047000 0.377692 6
-3.061095 26.751500 12.921329 6
3.189655 26.362000 12.921329 6
10.537313 8.657500 0.377692 6
4.732625 8.221970 0.103732 1
-3.507157 25.926470 13.195288 1
2.743593 27.187030 13.195288 1
10.983375 9.482530 0.103732 1
4.658521 9.351517 1.232819 1
-3.433052 27.056017 12.066201 1
2.817698 26.057483 12.066201 1
10.909271 8.352983 1.232819 1
-0.596437 9.737475 12.995803 1
1.821906 27.441975 0.303218 1
8.072656 25.671525 0.303218 1
5.654313 7.967025 12.995803 1
8.818452 14.956762 5.445949 6
4.908516 32.661262 7.853072 6
-1.342234 20.452238 7.853072 6
2.567702 2.747738 5.445949 6
9.703507 14.567263 5.608197 1
4.023461 32.271763 7.690824 1
-2.227289 20.841737 7.690824 1
3.452757 3.137237 5.608197 1
8.593575 15.572878 6.173405 1
5.133393 33.277378 7.125615 1
-1.117357 19.836122 7.125615 1
2.342825 2.131622 6.173405 1
8.825033 15.441865 4.594812 1
4.901936 33.146365 8.704209 1
-1.348814 19.967135 8.704209 1
2.574283 2.262635 4.594812 1
5.306517 14.231939 5.992539 6
8.420452 31.936439 7.306482 6
2.169702 21.177061 7.306482 6
-0.944233 3.472561 5.992539 6
5.418874 13.671415 6.750583 1
8.308095 31.375915 6.548438 1
2.057345 21.737585 6.548438 1
-0.831876 4.033085 6.750583 1
