5.827191 12.247834 0.264998 8
1.936691 24.472166 9.769002 8
5.844309 0.007834 9.769002 8
1.953809 12.232166 0.264998 8
6.086298 11.568514 2.338022 8
2.195798 0.671486 7.695978 8
5.585202 23.808514 7.695978 8
1.694702 12.911486 2.338022 8
7.531230 14.792040 1.646579 8
3.640730 21.927960 8.387421 8
4.140270 2.552040 8.387421 8
0.249770 9.687960 1.646579 8
0.413171 14.357520 1.857293 1
4.303671 22.362480 8.176707 1
3.477329 2.117520 8.176707 1
7.367829 10.122480 1.857293 1
4.877131 15.796454 4.023634 7
0.986631 20.923546 6.010366 7
6.794369 3.556454 6.010366 7
2.903869 8.683546 4.023634 7
5.784395 12.449059 1.579352 6
1.893895 24.270941 8.454648 6
5.887105 0.209059 8.454648 6
1.996605 12.030941 1.579352 6
5.359553 13.837320 1.908467 6
1.469053 22.882680 8.125533 6
6.311947 1.597320 8.125533 6
2.421447 10.642680 1.908467 6
4.583009 13.804272 2.504486 1
0.692509 22.915728 7.529514 1
7.088491 1.564272 7.529514 1
3.197991 10.675728 2.504486 1
4.929263 14.408194 0.552873 6
1.038763 22.311806 9.481127 6
6.742236 2.168194 9.481127 6
2.851737 10.071806 0.552873 6
3.962085 14.440752 0.480629 1
0.071585 22.279248 9.553371 1
7.709415 2.200752 9.553371 1
3.818915 10.039248 0.480629 1
5.284855 15.302448 0.423435 1
1.394355 21.417552 9.610565 1
6.386645 3.062448 9.610565 1
2.496145 9.177552 0.423435 1
5.505057 13.459104 9.595514 6
1.614558 23.260896 0.438486 6
6.166442 1.219104 0.438486 6
2.275942 11.020896 9.595514 6
4.862347 13.277952 8.892131 1
0.971847 23.442048 1.141869 1
6.809153 1.037952 1.141869 1
2.918653 11.202048 8.892131 1
6.303388 13.836096 9.194154 1
2.412888 22.883904 0.839846 1
5.368112 1.596096 0.839846 1
1.477612 10.643904 9.194154 1
6.487798 14.564376 2.602820 6
2.597298 22.155624 7.431180 6
5.183702 2.324376 7.431180 6
1.293202 9.915624 2.602820 6
6.835608 13.992768 3.319247 1
2.945108 22.727232 6.714753 1
4.835891 1.752768 6.714753 1
0.945392 10.487232 3.319247 1
6.091745 15.912979 3.196832 6
2.201245 20.807021 6.837168 6
5.579755 3.672979 6.837168 6
1.689255 8.567021 3.196832 6
5.855981 16.489728 2.440269 1
1.965481 20.230272 7.593731 1
5.815519 4.249728 7.593731 1
1.925019 7.990272 2.440269 1
7.293909 16.572715 3.884161 6
3.403409 20.147285 6.149839 6
4.377591 4.332715 6.149839 6
0.487091 7.907285 3.884161 6
6.997453 17.336736 4.382851 1
3.106953 19.383264 5.651149 1
4.674047 5.096736 5.651149 1
0.783547 7.143264 4.382851 1
0.148617 16.849584 3.220914 1
4.039117 19.870416 6.813086 1
3.741883 4.609584 6.813086 1
7.632383 7.630416 3.220914 1
7.707081 15.943824 4.480181 1
3.816580 20.776176 5.553819 1
3.964419 3.703824 5.553819 1
0.073919 8.536176 4.480181 1
4.221971 17.095608 4.194212 6
0.331471 19.624392 5.839788 6
7.449529 4.855608 5.839788 6
3.559029 7.384392 4.194212 6
4.870906 17.735760 4.527341 1
0.980406 18.984240 5.506659 1
6.800594 5.495760 5.506659 1
2.910094 6.744240 4.527341 1
3.520903 17.011152 4.859466 1
7.411402 19.708848 5.174534 1
0.369597 4.771152 5.174534 1
4.260097 7.468848 4.859466 1
3.626724 17.620949 2.920897 6
7.517224 19.099051 7.113103 6
0.263776 5.380949 7.113103 6
4.154276 6.859051 2.920897 6
3.863266 18.905659 2.490439 6
7.753766 17.814341 7.543561 6
0.027234 6.665659 7.543561 6
3.917734 5.574341 2.490439 6
4.435948 19.456704 2.972071 1
0.545448 17.263296 7.061929 1
7.235552 7.216704 7.061929 1
3.345052 5.023296 2.972071 1
3.250124 19.382040 1.338536 6
7.140624 17.337960 8.695464 6
0.640376 7.142040 8.695464 6
4.530876 5.097960 1.338536 6
3.420528 20.247408 1.046546 1
7.311028 16.472592 8.987454 1
0.469972 8.007408 8.987454 1
4.360472 4.232592 1.046546 1
2.397326 18.581299 0.637159 6
6.287826 18.138701 9.396841 6
1.493174 6.341299 9.396841 6
5.383674 5.898701 0.637159 6
1.984933 18.903456 9.901551 1
5.875433 17.816544 0.132449 1
1.905567 6.663456 0.132449 1
5.796067 5.576544 9.901551 1
2.149112 17.313970 1.058587 6
6.039612 19.406030 8.975413 6
1.741388 5.073970 8.975413 6
5.631888 7.166030 1.058587 6
1.564759 16.771248 0.579965 1
5.455259 19.948752 9.454035 1
2.325741 4.531248 9.454035 1
6.216241 7.708752 0.579965 1
2.756030 16.835141 2.184402 6
6.646530 19.884859 7.849598 6
1.134470 4.595141 7.849598 6
5.024970 7.644859 2.184402 6
2.580958 15.965856 2.461340 1
6.471458 20.754144 7.572660 1
1.309542 3.725856 7.572660 1
5.200042 8.514144 2.461340 1
5.093443 15.162912 5.341098 6
1.202943 21.557088 4.692902 6
6.578057 2.922912 4.692902 6
2.687557 9.317088 5.341098 6
5.546297 15.789600 5.925077 1
1.655797 20.930400 4.108923 1
6.125203 3.549600 4.108923 1
2.234703 8.690400 5.925077 1
5.667680 14.389344 5.231728 1
1.777180 22.330656 4.802272 1
6.003820 2.149344 4.802272 1
2.113320 10.090656 5.231728 1
3.813468 14.737205 5.977254 6
7.703968 21.982795 4.056746 6
0.077032 2.497205 4.056746 6
3.967532 9.742795 5.977254 6
3.439202 15.179558 7.245551 6
7.329702 21.540442 2.788449 6
0.451298 2.939558 2.788449 6
4.341798 9.300442 7.245551 6
3.991653 15.767568 7.707115 1
0.101153 20.952432 2.326885 1
7.679847 3.527568 2.326885 1
3.789347 8.712432 7.707115 1
2.268161 14.758992 7.822506 6
6.158662 21.961008 2.211494 6
1.622339 2.518992 2.211494 6
5.512838 9.721008 7.822506 6
2.037844 15.057648 8.672386 1
5.928344 21.662352 1.361614 1
1.852656 2.817648 1.361614 1
5.743156 9.422352 8.672386 1
1.443375 13.911005 7.161266 6
5.333875 22.808995 2.872734 6
2.447124 1.671005 2.872734 6
6.337624 10.568995 7.161266 6
0.656716 13.618224 7.561622 1
4.547216 23.101776 2.472378 1
3.233784 1.378224 2.472378 1
7.124284 10.861776 7.561622 1
1.772512 13.484563 5.900995 6
5.663012 23.235437 4.133005 6
2.117988 1.244563 4.133005 6
6.008488 10.995437 5.900995 6
1.200608 12.915648 5.437425 1
5.091108 23.804352 4.596575 1
2.689892 0.675648 4.596575 1
6.580392 11.564352 5.437425 1
2.938884 13.894848 5.330061 6
6.829384 22.825152 4.703939 6
0.951616 1.654848 4.703939 6
4.842116 10.585152 5.330061 6
3.151305 13.596192 4.475164 1
7.041805 23.123808 5.558836 1
0.739195 1.356192 5.558836 1
4.629695 10.883808 4.475164 1
