3.878678 7.194502 4.968629 8
7.154821 2.672502 7.699981 8
3.105619 8.470610 7.716450 8
7.927880 3.948610 4.952159 8
5.728203 6.861683 10.596025 8
5.305296 2.339683 2.072584 8
6.155624 6.602120 7.630303 7
4.877875 2.080120 5.038306 7
4.704132 7.672930 6.039126 6
6.329367 3.150930 6.629483 6
4.006948 7.445925 7.347793 6
7.026551 2.923925 5.320816 6
5.133590 7.365434 8.342279 6
5.899909 2.843434 4.326330 6
7.531988 6.849926 8.014162 6
3.501511 2.327926 4.654447 6
8.125564 7.669312 6.998140 6
2.907935 3.147312 5.670470 6
6.035628 6.938557 6.182281 6
4.997871 2.416557 6.486328 6
7.303123 7.696444 5.827560 6
3.730376 3.174444 6.841049 6
4.711509 6.720596 9.635744 6
6.321989 2.198596 3.032865 6
5.379830 6.366976 11.860352 6
5.653669 1.844976 0.808257 6
6.591669 6.583128 0.164692 6
4.441830 2.061128 12.503917 6
7.448822 7.551740 12.649606 6
3.584677 3.029740 0.019003 6
8.542910 7.741664 0.921008 6
2.490589 3.219664 11.747601 6
8.584342 6.936748 2.024444 6
2.449157 2.414748 10.644165 6
7.649805 5.978084 2.227142 6
3.383694 1.456084 10.441468 6
6.652862 5.799917 1.303600 6
4.380637 1.277917 11.365009 6
1.783927 8.300583 7.175500 6
9.249571 3.778583 5.493109 6
1.034651 7.235200 7.887476 6
9.998848 2.713200 4.781133 6
0.471759 7.470344 9.107463 6
10.561740 2.948344 3.561146 6
10.917311 6.394108 9.743427 6
0.116188 1.872108 2.925182 6
10.860567 5.164124 9.172073 6
0.172932 0.642124 3.496536 6
0.326284 4.974200 7.926749 6
10.707215 0.452200 4.741860 6
0.923554 5.978084 7.290785 6
10.109944 1.456084 5.377825 6
4.316175 7.627710 3.696700 6
6.717323 3.105710 8.971909 6
3.260994 7.346441 2.675610 6
7.772505 2.824441 9.992999 6
3.060677 8.248128 1.673523 6
7.972822 3.726128 10.995086 6
2.098674 7.985852 0.695507 6
8.934825 3.463852 11.973103 6
1.378121 6.873440 0.727178 6
9.655378 2.351440 11.941431 6
1.589620 5.978084 1.722931 6
9.443879 1.456084 10.945678 6
2.495978 6.240360 2.698414 6
8.537521 1.718360 9.970195 6
4.866466 8.601748 5.923842 1
6.167033 4.079748 6.744768 1
3.547364 6.614782 7.321189 1
7.486135 2.092782 5.347420 1
5.459507 8.239988 8.519640 1
5.573992 3.717988 4.148970 1
8.001254 6.026922 8.083840 1
3.032245 1.504922 4.584770 1
7.558830 7.302126 8.849024 1
3.474669 2.780126 3.819586 1
8.977906 7.312074 6.771372 1
2.055593 2.790074 5.897238 1
8.228721 8.551102 7.330057 1
2.804778 4.029102 5.338552 1
7.747464 7.276802 5.101649 1
3.286035 2.754802 7.566960 1
7.095653 8.595418 5.594458 1
3.937846 4.073418 7.074151 1
6.002849 6.134545 5.678071 1
5.030650 1.612545 6.990539 1
4.544575 5.797204 9.486255 1
6.488924 1.275204 3.182355 1
3.919702 7.138429 9.951193 1
7.113797 2.616429 2.717417 1
5.200003 5.436348 11.793208 1
5.833496 0.914348 0.875401 1
4.602545 6.817367 12.169466 1
6.430954 2.295367 0.499143 1
7.425996 8.096189 11.870487 1
3.607503 3.574189 0.798122 1
9.191796 8.428104 0.800656 1
1.841703 3.906104 11.867953 1
9.278490 7.057938 2.661675 1
1.755009 2.535938 10.006934 1
7.687134 5.429113 3.002460 1
3.346365 0.907113 9.666149 1
5.993777 5.130661 1.446755 1
5.039722 0.608661 11.221854 1
1.854599 8.068152 6.257026 1
9.178900 3.546152 6.411583 1
1.309005 0.074161 7.259113 1
9.724494 4.596161 5.409496 1
0.537550 8.320480 9.519193 1
10.495949 3.798480 3.149416 1
10.491030 6.546047 10.579556 1
0.542469 2.024047 2.089054 1
10.422918 4.443317 9.612941 1
0.610581 8.965317 3.055669 1
0.307172 4.115020 7.525154 1
10.726327 8.637020 5.143455 1
1.277750 5.839711 6.419184 1
9.755749 1.317711 6.249425 1
5.112912 7.166466 3.462331 1
5.920586 2.644466 9.206278 1
4.488538 8.561955 3.722037 1
6.544961 4.039955 8.946572 1
3.570827 0.005426 1.640585 1
7.462672 4.527426 11.028024 1
1.858814 8.611697 12.666076 1
9.174685 4.089697 0.002534 1
0.722054 6.699795 0.060809 1
10.311445 2.177795 12.607800 1
1.107432 5.162315 1.739400 1
9.926067 0.640315 10.929209 1
2.589400 5.632603 3.419258 1
8.444099 1.110603 9.249352 1
