9.727433 6.464972 1.661891 16
6.290773 2.675422 10.949208 16
-1.174621 1.114128 23.560308 16
2.262039 4.903678 14.272990 16
9.830854 0.159919 2.344656 8
6.187352 3.949469 10.266444 8
-1.278042 7.419181 22.877543 8
2.365460 3.629631 14.955755 8
8.379948 6.061006 1.468689 8
7.638258 2.271456 11.142411 8
0.172864 1.518094 23.753510 8
0.914554 5.307644 14.079788 8
10.504788 6.395245 0.459801 8
5.513418 2.605695 12.151298 8
-1.951976 1.183855 24.762398 8
3.039394 4.973405 13.070900 8
3.307636 5.582007 2.006174 7
0.968770 1.792457 10.604925 7
5.245176 1.997093 23.216025 7
7.584042 5.786643 14.617273 7
6.135579 2.549609 1.732765 7
9.882627 6.339159 10.878334 7
2.417233 5.029491 23.489433 7
-1.329815 1.239941 14.343864 7
2.356138 2.069094 4.015374 6
1.920268 5.858644 8.595725 6
6.196674 5.510006 21.206824 6
6.632544 1.720456 16.626473 6
2.023964 3.302972 4.543779 6
2.252442 7.092522 8.067320 6
6.528848 4.276128 20.678419 6
6.300370 0.486578 17.154878 6
1.264167 3.750139 4.247418 1
3.012239 7.539689 8.363681 1
7.288645 3.828961 20.974780 1
5.540572 0.039411 16.858517 1
2.825523 3.863067 5.512816 6
1.450883 0.073517 7.098283 6
5.727289 3.716033 19.709382 6
7.101929 7.505583 18.123915 6
2.605191 4.692979 5.871728 1
1.671215 0.903429 6.739371 1
5.947621 2.886121 19.350470 1
6.881597 6.675671 18.482827 1
3.954081 3.200654 5.957231 6
0.322325 6.990204 6.653868 6
4.598731 4.378446 19.264967 6
8.230486 0.588896 18.568330 6
4.478085 3.584156 6.623349 1
-0.201679 7.373706 5.987750 1
4.074727 3.994944 18.598849 1
8.754491 0.205394 19.234448 1
4.311576 1.987240 5.432862 6
-0.035170 5.776790 7.178238 6
4.241236 5.591860 19.789337 6
8.587982 1.802310 18.043961 6
5.086580 1.560537 5.720395 1
-0.810174 5.350087 6.890705 1
3.466232 6.018563 19.501804 1
9.362986 2.229013 18.331494 1
3.505953 1.401376 4.468112 6
0.770453 5.190926 8.142987 6
5.046859 6.177724 20.754086 6
7.782359 2.388174 17.079212 6
3.601579 0.125813 3.730363 6
0.674827 3.915363 8.880736 6
4.951233 7.453287 21.491835 6
7.877985 3.663737 16.341462 6
4.536899 6.693103 3.771475 6
-0.260493 2.903553 8.839624 6
4.015913 0.885997 21.450723 6
8.813305 4.675547 16.382574 6
4.404626 5.593376 2.848847 6
-0.128220 1.803826 9.762252 6
4.148186 1.985724 22.373351 6
8.681032 5.775274 15.459946 6
5.326154 4.566408 2.766875 6
-1.049748 0.776858 9.844224 6
3.226658 3.012692 22.455323 6
9.602560 6.802242 15.377974 6
6.060745 4.579292 3.336897 1
9.957461 0.789742 9.274202 1
2.492067 2.999808 21.885301 1
-1.404649 6.789358 15.947996 1
5.199013 3.504576 1.859380 6
-0.922607 7.294126 10.751719 6
3.353799 4.074524 23.362818 6
9.475419 0.284974 14.470480 6
4.025889 3.514429 1.070935 6
0.250516 7.303979 11.540165 6
4.526922 4.064671 24.151264 6
8.302295 0.275121 13.682034 6
3.868433 2.808814 0.486788 1
0.407973 6.598364 12.124311 1
4.684379 4.770286 24.735410 1
8.144839 0.980736 13.097888 1
3.142164 4.505017 1.141809 6
1.134242 0.715467 11.469290 6
5.410648 3.074083 24.080389 6
7.418570 6.863633 13.752908 6
2.389344 4.477732 0.595244 1
1.887062 0.688182 12.015855 1
6.163468 3.101368 24.626954 1
6.665750 6.890918 13.206343 1
2.378164 6.609733 2.002390 6
1.898242 2.820183 10.608709 6
6.174648 0.969367 23.219808 6
6.654570 4.758917 14.613489 6
1.657515 6.574111 1.414965 1
2.618891 2.784561 11.196134 1
6.895297 1.004989 23.807233 1
5.933921 4.794539 14.026064 1
2.500028 0.059117 2.821607 6
1.776378 3.848667 9.789492 6
6.052784 7.519983 22.400591 6
6.776434 3.730433 15.432706 6
1.635809 1.279352 2.961086 6
2.640597 5.068902 9.650013 6
6.917003 6.299748 22.261112 6
5.912215 2.510198 15.572185 6
1.584024 1.771236 2.126231 1
2.692382 5.560786 10.484868 1
6.968788 5.807864 23.095967 1
5.860430 2.018314 14.737330 1
0.738781 1.044400 3.248619 1
3.537625 4.833950 9.362480 1
7.814031 6.534700 21.973579 1
5.015187 2.745150 15.859718 1
5.922922 1.402134 0.860834 6
10.095283 5.191684 11.750265 6
2.629889 6.176966 24.361365 6
-1.542472 2.387417 13.471933 6
5.132942 0.932987 1.137521 1
-0.856536 4.722537 11.473578 1
3.419870 6.646113 24.084677 1
9.409348 2.856563 13.748620 1
6.680394 0.814753 0.915566 1
9.337812 4.604303 11.695533 1
1.872418 6.764347 24.306632 1
-0.785000 2.974797 13.526665 1
2.627769 1.703782 25.176798 1
-1.540351 5.493332 12.656499 1
5.925043 5.875318 0.045400 1
10.093163 2.085768 12.565699 1
7.362073 2.618579 2.479847 6
8.656133 6.408129 10.131253 6
1.190739 4.960521 22.742352 6
-0.103321 1.170971 15.090946 6
7.721726 3.506850 2.421331 1
8.296480 7.296400 10.189768 1
0.831086 4.072250 22.800867 1
0.256332 0.282700 15.032430 1
7.992800 1.993303 2.116142 1
8.025406 5.782853 10.494957 1
0.560012 5.585797 23.106056 1
0.527406 1.796247 14.727242 1
7.189378 2.402575 3.399952 1
8.828828 6.192125 9.211147 1
1.363433 5.176525 21.822246 1
-0.276016 1.386975 16.011051 1
5.680788 6.724935 4.726136 6
10.337418 2.935385 7.884964 6
2.872024 0.854165 20.496063 6
-1.784606 4.643715 17.337235 6
6.953741 7.028857 4.288530 6
9.064464 3.239307 8.322569 6
1.599070 0.550243 20.933668 6
-0.511653 4.339793 16.899629 6
7.113260 7.138754 3.379775 1
8.904946 3.349204 9.231325 1
1.439552 0.440346 21.842424 1
-0.352134 4.229896 15.990874 1
7.989104 7.170587 5.182153 6
8.029102 3.381037 7.428946 6
0.563708 0.408513 20.040045 6
0.523710 4.198063 17.793252 6
8.838921 7.392654 4.877973 1
7.179285 3.603104 7.733126 1
-0.286109 0.186446 20.344225 1
1.373527 3.975996 17.489072 1
7.773355 6.988688 6.498499 6
8.244851 3.199138 6.112600 6
0.779457 0.590412 18.723699 6
0.307961 4.379962 19.109598 6
8.476098 7.100101 7.097527 1
7.542108 3.310551 5.513573 1
0.076714 0.478999 18.124672 1
1.010704 4.268549 19.708626 1
6.530084 6.641565 6.970659 6
9.488122 2.852015 5.640440 6
2.022728 0.937535 18.251539 6
-0.935311 4.727085 19.581758 6
6.395223 6.494531 7.879415 1
9.622983 2.704981 4.731684 1
2.157589 1.084569 17.342784 1
-1.070171 4.874119 20.490514 1
5.479776 6.514236 6.074514 6
10.538430 2.724686 6.536585 6
3.073036 1.064864 19.147684 6
-1.985618 4.854414 18.685613 6
4.632843 6.284590 6.383738 1
-0.356437 2.495040 6.227361 1
3.919969 1.294510 18.838460 1
8.909249 5.084060 18.994837 1
10.432445 5.309160 2.759308 6
5.585760 1.519610 9.851791 6
-1.879634 2.269940 22.462890 6
2.967051 6.059490 15.370408 6
9.860276 5.203052 3.523541 1
6.157930 1.413502 9.087558 1
-1.307464 2.376048 21.698657 1
2.394882 6.165598 16.134640 1
11.293483 5.623692 3.044319 1
4.724723 1.834142 9.566780 1
-2.740671 1.955408 22.177879 1
3.828089 5.744958 15.655418 1
10.532335 4.464848 2.312876 1
5.485871 0.675298 10.298224 1
-1.979523 3.114252 22.909323 1
3.066941 6.903802 14.923975 1
-2.345799 5.210631 24.292508 8
3.433217 1.421081 13.540789 8
10.898611 2.368469 0.929690 8
5.119595 6.158019 11.681409 8
-3.122772 5.396319 24.884221 1
4.210190 1.606769 12.949077 1
11.675584 2.182781 0.337977 1
4.342622 5.972331 12.273122 1
-1.905024 6.055701 23.703822 1
2.992441 2.266151 14.129475 1
10.457836 1.523399 1.518376 1
5.560370 5.312949 11.092723 1
