4.032615 4.776261 14.034416 6
6.043885 5.300239 6.933416 6
15.376739 14.109115 3.382916 6
14.852761 16.120385 10.483916 6
14.109115 14.852761 6.933416 6
16.120385 15.376739 14.034416 6
5.300239 4.032615 10.483916 6
4.776261 6.043885 3.382916 6
3.162006 3.726290 14.086964 7
6.914494 6.350210 6.985964 7
16.426710 13.238506 3.435464 7
13.802790 16.990994 10.536464 7
13.238506 13.802790 6.985964 7
16.990994 16.426710 14.086964 7
6.350210 3.162006 10.536464 7
3.726290 6.914494 3.435464 7
1.878260 3.923789 0.026984 8
8.198240 6.152711 7.127984 8
16.229211 11.954760 3.577484 8
14.000289 18.274740 10.678484 8
11.954760 14.000289 7.127984 8
18.274740 16.229211 0.026984 8
6.152711 1.878260 10.678484 8
3.923789 8.198240 3.577484 8
3.673892 2.454635 14.035837 6
6.402608 7.621865 6.934837 6
17.698365 13.750392 3.384337 6
12.531135 16.479108 10.485337 6
13.750392 12.531135 6.934837 6
16.479108 17.698365 14.035837 6
7.621865 3.673892 10.485337 6
2.454635 6.402608 3.384337 6
5.020112 2.241014 13.821386 6
5.056388 7.835486 6.720386 6
17.911986 15.096612 3.169886 6
12.317514 15.132888 10.270886 6
15.096612 12.317514 6.720386 6
15.132888 17.911986 13.821386 6
7.835486 5.020112 10.270886 6
2.241014 5.056388 3.169886 6
5.874600 3.262771 13.743275 7
4.201900 6.813729 6.642275 7
16.890229 15.951100 3.091775 7
13.339271 14.278400 10.192775 7
15.951100 13.339271 6.642275 7
14.278400 16.890229 13.743275 7
6.813729 5.874600 10.192775 7
3.262771 4.201900 3.091775 7
7.162376 3.085424 13.537346 8
2.914124 6.991076 6.436346 8
17.067576 17.238876 2.885846 8
13.161924 12.990624 9.986846 8
17.238876 13.161924 6.436346 8
12.990624 17.067576 13.537346 8
6.991076 7.162376 9.986846 8
3.085424 2.914124 2.885846 8
5.403019 4.596899 13.905178 6
4.673481 5.479601 6.804178 6
15.556101 15.479519 3.253678 6
14.673399 14.749981 10.354678 6
15.479519 14.673399 6.804178 6
14.749981 15.556101 13.905178 6
5.479601 5.403019 10.354678 6
4.596899 4.673481 3.253678 6
6.303858 5.648886 13.913699 6
3.772642 4.427614 6.812699 6
14.504114 16.380358 3.262199 6
15.725386 13.849142 10.363199 6
16.380358 15.725386 6.812699 6
13.849142 14.504114 13.913699 6
4.427614 6.303858 10.363199 6
5.648886 3.772642 3.262199 6
7.236942 5.499754 13.814285 1
2.839558 4.576746 6.713285 1
14.653246 17.313442 3.162785 1
15.576254 12.916058 10.263785 1
17.313442 15.576254 6.713285 1
12.916058 14.653246 13.814285 1
4.576746 7.236942 10.263785 1
5.499754 2.839558 3.162785 1
5.802049 6.914494 14.074182 6
4.274451 3.162006 6.973182 6
13.238506 15.878549 3.422682 6
16.990994 14.350951 10.523682 6
15.878549 16.990994 6.973182 6
14.350951 13.238506 14.074182 6
3.162006 5.802049 10.523682 6
6.914494 4.274451 3.422682 6
6.398577 7.654109 14.075602 1
3.677923 2.422391 6.974602 1
12.498891 16.475077 3.424102 1
17.730609 13.754423 10.525102 1
16.475077 17.730609 6.974602 1
13.754423 12.498891 14.075602 1
2.422391 6.398577 10.525102 1
7.654109 3.677923 3.424102 1
4.429629 7.142223 0.029824 6
5.646871 2.934277 7.130824 6
13.010777 14.506129 3.580324 6
17.218723 15.723371 10.681324 6
14.506129 17.218723 7.130824 6
15.723371 13.010777 0.029824 6
2.934277 4.429629 10.681324 6
7.142223 5.646871 3.580324 6
4.113227 8.024925 0.176105 1
5.963273 2.051575 7.277105 1
12.128075 14.189727 3.726605 1
18.101425 16.039773 10.827605 1
14.189727 18.101425 7.277105 1
16.039773 12.128075 0.176105 1
2.051575 4.113227 10.827605 1
8.024925 5.963273 3.726605 1
3.534836 6.102328 14.179277 6
6.541664 3.974172 7.078277 6
14.050672 13.611336 3.527777 6
16.178828 16.618164 10.628777 6
13.611336 16.178828 7.078277 6
16.618164 14.050672 14.179277 6
3.974172 3.534836 10.628777 6
6.102328 6.541664 3.527777 6
2.599737 6.265568 0.036925 1
7.476763 3.810932 7.137925 1
13.887432 12.676237 3.587425 1
16.342068 17.553263 10.688425 1
12.676237 16.342068 7.137925 1
17.553263 13.887432 0.036925 1
3.810932 2.599737 10.688425 1
6.265568 7.476763 3.587425 1
2.674303 1.362343 0.005681 6
7.402197 8.714157 7.106681 6
18.790657 12.750803 3.556181 6
11.438843 17.478697 10.657181 6
12.750803 11.438843 7.106681 6
17.478697 18.790657 0.005681 6
8.714157 2.674303 10.657181 6
1.362343 7.402197 3.556181 6
1.995147 1.630378 0.674595 1
8.081353 8.446122 7.775595 1
18.522622 12.071647 4.225095 1
11.706878 18.157853 11.326095 1
12.071647 11.706878 7.775595 1
18.157853 18.522622 0.674595 1
8.446122 1.995147 11.326095 1
1.630378 8.081353 4.225095 1
3.123715 0.542116 0.330907 1
6.952785 9.534384 7.431907 1
19.610884 13.200215 3.881407 1
10.618616 17.029285 10.982407 1
13.200215 10.618616 7.431907 1
17.029285 19.610884 0.330907 1
9.534384 3.123715 10.982407 1
0.542116 6.952785 3.881407 1
1.801678 0.999790 12.483558 35
8.274822 9.076710 5.382558 35
19.153210 11.878178 1.832058 35
11.076290 18.351322 8.933058 35
11.878178 11.076290 5.382558 35
18.351322 19.153210 12.483558 35
9.076710 1.801678 8.933058 35
0.999790 8.274822 1.832058 35
5.590442 0.862548 13.690728 6
4.486058 9.213952 6.589728 6
19.290452 15.666942 3.039228 6
10.939048 14.562558 10.140228 6
15.666942 10.939048 6.589728 6
14.562558 19.290452 13.690728 6
9.213952 5.590442 10.140228 6
0.862548 4.486058 3.039228 6
6.275644 0.852472 12.974947 1
3.800856 9.224028 5.873947 1
19.300528 16.352144 2.323447 1
10.928972 13.877356 9.424447 1
16.352144 10.928972 5.873947 1
13.877356 19.300528 12.974947 1
9.224028 6.275644 9.424447 1
0.852472 3.800856 2.323447 1
4.872995 0.227729 13.439353 1
5.203505 9.848771 6.338353 1
19.925271 14.949495 2.787853 1
10.304229 15.280005 9.888853 1
14.949495 10.304229 6.338353 1
15.280005 19.925271 13.439353 1
9.848771 4.872995 9.888853 1
0.227729 5.203505 2.787853 1
6.398779 0.308542 1.178198 35
3.677721 9.767958 8.279198 35
19.844458 16.475279 4.728698 35
10.385042 13.754221 11.829698 35
16.475279 10.385042 8.279198 35
13.754221 19.844458 1.178198 35
9.767958 6.398779 11.829698 35
0.308542 3.677721 4.728698 35
15.308219 4.137411 13.533086 6
14.921281 5.939089 6.432086 6
16.015589 5.231719 2.881586 6
14.213911 4.844781 9.982586 6
5.231719 14.213911 6.432086 6
4.844781 16.015589 13.533086 6
5.939089 15.308219 9.982586 6
4.137411 14.921281 2.881586 6
16.400511 3.224480 13.481959 7
13.828989 6.852020 6.380959 7
16.928520 6.324011 2.830459 7
13.300980 3.752489 9.931459 7
6.324011 13.300980 6.380959 7
3.752489 16.928520 13.481959 7
6.852020 16.400511 9.931459 7
3.224480 13.828989 2.830459 7
16.148599 1.974994 13.344199 8
14.080901 8.101506 6.243199 8
18.178006 6.072099 2.692699 8
12.051494 4.004401 9.793699 8
6.072099 12.051494 6.243199 8
4.004401 18.178006 13.344199 8
8.101506 16.148599 9.793699 8
1.974994 14.080901 2.692699 8
17.643951 3.685984 13.545868 6
12.585549 6.390516 6.444868 6
16.467016 7.567451 2.894368 6
13.762484 2.509049 9.995368 6
7.567451 13.762484 6.444868 6
2.509049 16.467016 13.545868 6
6.390516 17.643951 9.995368 6
3.685984 12.585549 2.894368 6
17.901910 5.056388 13.788722 6
12.327590 5.020112 6.687722 6
15.096612 7.825410 3.137222 6
15.132888 2.251090 10.238222 6
7.825410 15.132888 6.687722 6
2.251090 15.096612 13.788722 6
5.020112 17.901910 10.238222 6
5.056388 12.327590 3.137222 6
16.882168 5.953196 13.872514 7
13.347332 4.123304 6.771514 7
14.199804 6.805668 3.221014 7
16.029696 3.270832 10.322014 7
6.805668 16.029696 6.771514 7
3.270832 14.199804 13.872514 7
4.123304 16.882168 10.322014 7
5.953196 13.347332 3.221014 7
17.117958 7.194621 14.062820 8
13.111542 2.881879 6.961820 8
12.958379 7.041458 3.411320 8
17.271121 3.035042 10.512320 8
7.041458 17.271121 6.961820 8
3.035042 12.958379 14.062820 8
2.881879 17.117958 10.512320 8
7.194621 13.111542 3.411320 8
15.594391 5.511845 13.709191 6
14.635109 4.564654 6.608191 6
14.641154 5.517891 3.057691 6
15.588346 4.558609 10.158691 6
5.517891 15.588346 6.608191 6
4.558609 14.641154 13.709191 6
4.564654 15.594391 10.158691 6
5.511845 14.635109 3.057691 6
14.516206 6.424776 13.702090 6
15.713294 3.651724 6.601090 6
13.728224 4.439706 3.050590 6
16.501276 5.636794 10.151590 6
4.439706 16.501276 6.601090 6
5.636794 13.728224 13.702090 6
3.651724 14.516206 10.151590 6
6.424776 15.713294 3.050590 6
14.675415 7.351814 13.828487 1
15.554085 2.724686 6.727487 1
12.801186 4.598915 3.176987 1
17.428314 5.477585 10.277987 1
4.598915 17.428314 6.727487 1
5.477585 12.801186 13.828487 1
2.724686 14.675415 10.277987 1
7.351814 15.554085 3.176987 1
13.232460 5.955211 13.508942 6
16.997040 4.121289 6.407942 6
14.197788 3.155960 2.857442 6
16.031712 6.920540 9.958442 6
3.155960 16.031712 6.407942 6
6.920540 14.197788 13.508942 6
4.121289 13.232460 9.958442 6
5.955211 16.997040 2.857442 6
12.510982 6.571893 13.460656 1
17.718518 3.504607 6.359656 1
13.581107 2.434482 2.809156 1
16.648393 7.642018 9.910156 1
2.434482 16.648393 6.359656 1
7.642018 13.581107 13.460656 1
3.504607 12.510982 9.910156 1
6.571893 17.718518 2.809156 1
12.980547 4.586823 13.385385 6
17.248953 5.489677 6.284385 6
15.566177 2.904047 2.733885 6
14.663323 7.172453 9.834885 6
2.904047 14.663323 6.284385 6
7.172453 15.566177 13.385385 6
5.489677 12.980547 9.834885 6
4.586823 17.248953 2.733885 6
12.087769 4.280497 13.288811 1
18.141731 5.796003 6.187811 1
15.872503 2.011269 2.637311 1
14.356997 8.065231 9.738311 1
2.011269 14.356997 6.187811 1
8.065231 15.872503 13.288811 1
5.796003 12.087769 9.738311 1
4.280497 18.141731 2.637311 1
13.996258 3.694045 13.399587 6
16.233241 6.382455 6.298587 6
16.458955 3.919759 2.748087 6
13.770545 6.156741 9.849087 6
3.919759 13.770545 6.298587 6
6.156741 16.458955 13.399587 6
6.382455 13.996258 9.849087 6
3.694045 16.233241 2.748087 6
13.812866 2.764992 13.320056 1
16.416634 7.311508 6.219056 1
17.388008 3.736366 2.668556 1
12.841492 6.340134 9.769556 1
3.736366 12.841492 6.219056 1
6.340134 17.388008 13.320056 1
7.311508 13.812866 9.769556 1
2.764992 16.416634 2.668556 1
18.756397 2.720655 13.349880 6
11.473103 7.355845 6.248880 6
17.432345 8.679897 2.698380 6
12.797155 1.396603 9.799380 6
8.679897 12.797155 6.248880 6
1.396603 17.432345 13.349880 6
7.355845 18.756397 9.799380 6
2.720655 11.473103 2.698380 6
19.554456 3.192235 13.004771 1
10.675044 6.884265 5.903771 1
16.960765 9.477956 2.353271 1
13.268735 0.598544 9.454271 1
9.477956 13.268735 5.903771 1
0.598544 16.960765 13.004771 1
6.884265 19.554456 9.454271 1
3.192235 10.675044 2.353271 1
18.490377 2.033438 12.689487 1
11.739122 8.043062 5.588487 1
18.119562 8.413877 2.037987 1
12.109938 1.662623 9.138987 1
8.413877 12.109938 5.588487 1
1.662623 18.119562 12.689487 1
8.043062 18.490377 9.138987 1
2.033438 11.739122 2.037987 1
19.179409 1.865160 0.868168 35
11.050091 8.211340 7.969168 35
18.287840 9.102909 4.418668 35
11.941660 0.973591 11.519668 35
9.102909 11.941660 7.969168 35
0.973591 18.287840 0.868168 35
8.211340 19.179409 11.519668 35
1.865160 11.050091 4.418668 35
19.254176 5.616641 14.015954 6
10.975324 4.459859 6.914954 6
14.536359 9.177676 3.364454 6
15.693141 0.898824 10.465454 6
9.177676 15.693141 6.914954 6
0.898824 14.536359 14.015954 6
4.459859 19.254176 10.465454 6
5.616641 10.975324 3.364454 6
19.858766 4.913301 0.163323 1
10.370734 5.163199 7.264323 1
15.239699 9.782266 3.713823 1
14.989801 0.294234 10.814823 1
9.782266 14.989801 7.264323 1
0.294234 15.239699 0.163323 1
5.163199 19.858766 10.814823 1
4.913301 10.370734 3.713823 1
19.209840 6.350210 0.477187 1
11.019660 3.726290 7.578187 1
13.802790 9.133340 4.027687 1
16.426710 0.943160 11.128687 1
9.133340 16.426710 7.578187 1
0.943160 13.802790 0.477187 1
3.726290 19.209840 11.128687 1
6.350210 11.019660 4.027687 1
19.933131 6.298820 12.299926 35
10.296369 3.777680 5.198926 35
13.854180 9.856631 1.648426 35
16.375320 0.219869 8.749426 35
9.856631 16.375320 5.198926 35
0.219869 13.854180 12.299926 35
3.777680 19.933131 8.749426 35
6.298820 10.296369 1.648426 35
9.457803 2.656165 1.198649 6
0.618697 7.420335 8.299649 6
17.496835 19.534303 4.749149 6
12.732665 10.695197 11.850149 6
19.534303 12.732665 8.299649 6
10.695197 17.496835 1.198649 6
7.420335 9.457803 11.850149 6
2.656165 0.618697 4.749149 6
8.472321 2.633997 1.031065 1
1.604179 7.442503 8.132065 1
17.519003 18.548821 4.581565 1
12.710497 11.680679 11.682565 1
18.548821 12.710497 8.132065 1
11.680679 17.519003 1.031065 1
7.442503 8.472321 11.682565 1
2.633997 1.604179 4.581565 1
10.253846 1.980838 13.974200 17
19.975654 8.095662 6.873200 17
18.172162 0.177346 3.322700 17
12.057338 9.899154 10.423700 17
0.177346 12.057338 6.873200 17
9.899154 18.172162 13.974200 17
8.095662 10.253846 10.423700 17
1.980838 19.975654 3.322700 17
9.761509 1.724694 2.618281 17
0.314991 8.351806 9.719281 17
18.428306 19.838009 6.168781 17
11.801194 10.391491 13.269781 17
19.838009 11.801194 9.719281 17
10.391491 18.428306 2.618281 17
8.351806 9.761509 13.269781 17
1.724694 0.314991 6.168781 17
9.927166 4.340755 1.379866 17
0.149334 5.735745 8.480866 17
15.812245 20.003666 4.930366 17
14.417255 10.225834 12.031366 17
20.003666 14.417255 8.480866 17
10.225834 15.812245 1.379866 17
5.735745 9.927166 12.031366 17
4.340755 0.149334 4.930366 17
0.000000 10.076500 12.172534 8
10.076500 0.000000 5.071534 8
10.076500 10.076500 1.521034 8
0.000000 0.000000 8.622034 8
1.162828 10.189357 12.920980 6
8.913672 20.040143 5.819980 6
9.963643 11.239328 2.269480 6
0.112857 18.990172 9.370480 6
11.239328 0.112857 5.819980 6
18.990172 9.963643 12.920980 6
20.040143 1.162828 9.370480 6
10.189357 8.913672 2.269480 6
1.267624 9.375176 13.473437 1
8.808876 0.701324 6.372437 1
10.777824 11.344124 2.821937 1
19.451676 18.885376 9.922937 1
11.344124 19.451676 6.372437 1
18.885376 10.777824 13.473437 1
0.701324 1.267624 9.922937 1
9.375176 8.808876 2.821937 1
1.076170 10.961217 13.534506 1
9.000330 19.268283 6.433506 1
9.191783 11.152670 2.883006 1
0.884717 19.076830 9.984006 1
11.152670 0.884717 6.433506 1
19.076830 9.191783 13.534506 1
19.268283 1.076170 9.984006 1
10.961217 9.000330 2.883006 1
2.349840 10.362673 12.108625 6
7.726660 19.866827 5.007625 6
9.790327 12.426340 1.457125 6
0.286173 17.803160 8.558125 6
12.426340 0.286173 5.007625 6
17.803160 9.790327 12.108625 6
19.866827 2.349840 8.558125 6
10.362673 7.726660 1.457125 6
3.135807 10.427162 12.689487 1
6.940693 19.802338 5.588487 1
9.725838 13.212307 2.037987 1
0.350662 17.017193 9.138987 1
13.212307 0.350662 5.588487 1
17.017193 9.725838 12.689487 1
19.802338 3.135807 9.138987 1
10.427162 6.940693 2.037987 1
2.265197 11.184915 11.580311 1
7.811303 19.044585 4.479311 1
8.968085 12.341697 0.928811 1
1.108415 17.887803 8.029811 1
12.341697 1.108415 4.479311 1
17.887803 8.968085 11.580311 1
19.044585 2.265197 8.029811 1
11.184915 7.811303 0.928811 1
2.448589 9.596859 11.507881 1
7.627911 0.479641 4.406881 1
10.556141 12.525089 0.856381 1
19.673359 17.704411 7.957381 1
12.525089 19.673359 4.406881 1
17.704411 10.556141 11.507881 1
0.479641 2.448589 7.957381 1
9.596859 7.627911 0.856381 1
