4.596667 11.090414 2.377405 6
0.535833 0.410586 12.598405 6
5.668333 5.339914 7.843595 6
9.729167 6.161086 18.064595 6
5.428132 11.059362 1.962432 1
9.969368 0.441638 12.183432 1
4.836868 5.308862 8.258568 1
0.295632 6.192138 18.479568 1
3.983847 0.810821 2.567515 6
1.148653 10.690179 12.788515 6
6.281154 6.561320 7.653485 6
9.116347 4.939679 17.874485 6
4.436533 1.587138 2.328344 1
0.695967 9.913862 12.549344 1
5.828467 7.337638 7.892656 1
9.569033 4.163362 18.113656 1
1.985251 2.072480 3.231880 8
3.147249 9.428520 13.452880 8
8.279749 7.822980 6.989120 8
7.117751 3.678020 17.210120 8
2.697642 0.913179 3.113317 6
2.434858 10.587821 13.334317 6
7.567358 6.663679 7.107683 6
7.830142 4.837321 17.328683 6
2.635025 3.273185 2.863924 6
2.497475 8.227815 13.084924 6
7.629975 9.023685 7.357076 6
7.767525 2.477315 17.578076 6
2.044788 4.016149 3.015195 1
3.087712 7.484851 13.236195 1
8.220212 9.766649 7.205805 1
7.177288 1.734351 17.426805 1
2.871121 3.237532 1.933813 1
2.261379 8.263468 12.154813 1
7.393879 8.988031 8.287187 1
8.003621 2.512968 18.508187 1
3.428510 3.383594 3.391328 1
1.703990 8.117406 13.612328 1
6.836490 9.134094 6.829672 1
8.561010 2.366906 17.050672 1
0.781167 11.068562 3.859858 8
4.351333 0.432438 14.080858 8
9.483833 5.318062 6.361142 8
5.913667 6.182938 16.582142 8
2.097140 11.215775 3.491494 6
3.035360 0.285225 13.712494 6
8.167860 5.465275 6.729506 6
7.229640 6.035725 16.950506 6
0.531727 9.615986 3.953483 6
4.600773 1.885014 14.174483 6
9.733273 3.865486 6.267517 6
5.664227 7.635514 16.488517 6
0.130365 9.415869 4.824312 1
5.002135 2.085131 15.045312 1
10.134635 3.665369 5.396688 1
5.262866 7.835631 15.617688 1
8.631839 9.690743 2.751493 8
6.765662 1.810257 12.972493 8
1.633161 3.940243 7.469507 8
3.499338 7.560757 17.690507 8
9.910858 9.060488 2.863924 6
5.486643 2.440512 13.084924 6
0.354143 3.309988 7.357076 6
4.778358 8.191012 17.578076 6
7.926633 9.890860 3.922820 6
7.470867 1.610140 14.143820 6
2.338367 4.140360 6.298180 6
2.794133 7.360640 16.519180 6
7.097221 10.331348 3.726577 1
8.300279 1.169652 13.947577 1
3.167779 4.580848 6.494423 1
1.964721 6.920152 16.715423 1
8.445016 10.436007 4.517682 1
6.952485 1.064993 14.738682 1
1.819985 4.685507 5.703318 1
3.312515 6.815493 15.924318 1
7.749049 9.043236 4.337792 1
7.648452 2.457764 14.558792 1
2.515952 3.292736 5.883208 1
2.616549 8.208264 16.104208 1
0.289473 9.270956 1.527017 6
4.843027 2.230044 11.748017 6
9.975527 3.520456 8.693983 6
5.421973 7.980544 18.914983 6
0.451660 10.218638 1.396189 1
4.680840 1.282362 11.617189 1
9.813340 4.468139 8.824811 1
5.584160 7.032862 19.045811 1
9.945759 8.976530 0.829945 1
5.451742 2.524470 11.050945 1
0.319242 3.226030 9.391055 1
4.813258 8.274969 19.612055 1
1.613658 8.511890 1.390056 6
3.518842 2.989110 11.611056 6
8.651342 2.761390 8.830944 6
6.746158 8.739610 19.051944 6
2.317837 9.150196 1.150885 1
2.814663 2.350804 11.371885 1
7.947163 3.399696 9.070115 1
7.450337 8.101304 19.291115 1
1.544882 7.504402 0.376337 8
3.587618 3.996598 10.597337 8
8.720118 1.753902 9.844663 8
6.677383 9.747098 20.065663 8
0.785273 7.197326 0.347514 1
4.347227 4.303674 10.568514 1
9.479728 1.446826 9.873486 1
5.917773 10.054174 20.094486 1
3.440828 7.369841 2.743930 6
1.691672 4.131159 12.964930 6
6.824172 1.619341 7.477070 6
8.573328 9.881659 17.698070 6
3.522948 6.698182 2.033979 1
1.609552 4.802818 12.254979 1
6.742052 0.947682 8.187021 1
8.655448 10.553318 18.408021 1
4.441666 8.509590 2.418289 6
0.690835 2.991410 12.639289 6
5.823335 2.759090 7.802711 6
9.574165 8.741910 18.023711 6
5.277236 8.320973 2.874145 1
10.120264 3.180027 13.095145 1
4.987764 2.570474 7.346855 1
0.144737 8.930527 17.567855 1
4.622330 8.492338 1.465691 1
0.510171 3.008662 11.686691 1
5.642671 2.741838 8.755309 1
9.754829 8.759162 18.976309 1
4.004377 9.906961 2.791560 6
1.128124 1.594039 13.012560 6
6.260624 4.156461 7.429440 6
9.136877 7.344539 17.650440 6
2.777709 10.050724 3.426079 6
2.354791 1.450276 13.647079 6
7.487291 4.300224 6.794921 6
7.910209 7.200776 17.015921 6
1.914423 8.924776 3.861903 6
3.218078 2.576224 14.082903 6
8.350577 3.174276 6.359097 6
7.046922 8.326724 16.580097 6
1.973960 7.865534 2.742908 6
3.158540 3.635466 12.963908 6
8.291040 2.115034 7.478092 6
7.106460 9.385966 17.699092 6
2.340420 8.334775 5.203920 6
2.792080 3.166225 15.424920 6
7.924580 2.584275 5.017080 6
7.472920 8.916725 15.238080 6
2.392772 9.046687 5.860721 1
2.739729 2.454313 16.081721 1
7.872229 3.296187 4.360279 1
7.525272 8.204813 14.581279 1
1.664983 7.705670 5.500942 1
3.467517 3.795330 15.721942 1
8.600017 1.955170 4.720058 1
6.797483 9.545830 14.941058 1
3.673844 7.628613 5.135030 6
1.458657 3.872387 15.356030 6
6.591157 1.878113 5.085970 6
8.806344 9.622887 15.306970 6
4.381102 8.284170 5.030776 1
0.751398 3.216830 15.251776 1
5.883898 2.533670 5.190224 1
9.513602 8.967330 15.411224 1
3.827819 7.149022 5.964976 1
1.304682 4.351978 16.185976 1
6.437182 1.398522 4.256024 1
8.960319 10.102478 14.477024 1
3.709771 6.692432 4.018080 7
1.422729 4.808568 14.239080 7
6.555229 0.941932 6.202920 7
8.842271 10.559068 16.423920 7
4.960048 5.942567 4.012765 6
0.172452 5.558433 14.233765 6
5.304952 0.192067 6.208235 6
10.092548 11.308933 16.429235 6
4.960048 5.326113 3.276853 1
0.172452 6.174887 13.497853 1
5.304952 11.076613 6.944147 1
10.092548 0.424387 17.165147 1
5.046274 5.457224 4.836577 1
0.086226 6.043776 15.057577 1
5.218726 11.207724 5.384423 1
10.178774 0.293276 15.605423 1
5.697075 6.550970 3.920776 1
9.700425 4.950030 14.141776 1
4.567925 0.800470 6.300224 1
0.564575 10.700530 16.521224 1
0.895108 6.821243 3.047902 6
4.237392 4.679757 13.268902 6
9.369892 1.070743 7.173098 6
6.027608 10.430257 17.394098 6
1.180475 6.286447 3.806300 1
3.952025 5.214553 14.027300 1
9.084525 0.535947 6.414700 1
6.312975 10.965053 16.635700 1
0.805803 6.228942 2.285416 1
4.326697 5.272058 12.506416 1
9.459198 0.478442 7.935584 1
5.938303 11.022558 18.156584 1
9.740459 7.460699 3.372930 6
5.657042 4.040301 13.593930 6
0.524541 1.710199 6.848070 6
4.607959 9.790801 17.069070 6
9.615226 7.457248 4.345969 1
5.782275 4.043752 14.566969 1
0.649775 1.706748 5.875031 1
4.482725 9.794252 16.096031 1
8.644156 6.708533 2.763758 6
6.753344 4.792467 12.984758 6
1.620844 0.958033 7.457242 6
3.511656 10.542967 17.678242 6
8.531242 5.866660 3.233924 1
6.866259 5.634340 13.454924 1
1.733758 0.116160 6.987076 1
3.398742 11.384840 17.208076 1
7.819877 7.213427 2.851659 1
7.577623 4.287573 13.072659 1
2.445123 1.462927 7.369341 1
2.687377 10.038073 17.590341 1
8.897702 6.453211 1.396189 8
6.499798 5.047789 11.617189 8
1.367298 0.702711 8.824811 8
3.765202 10.798289 19.045811 8
7.874282 5.622839 0.733868 6
7.523219 5.878161 10.954868 6
2.390719 11.373339 9.487132 6
2.741782 0.127661 19.708132 6
7.960508 5.743599 20.217138 1
7.436993 5.757401 9.996138 1
2.304493 11.494099 10.445862 1
2.828008 0.006901 0.224862 1
7.000730 5.959818 0.989393 1
8.396770 5.541182 11.210393 1
3.264270 0.209318 9.231607 1
1.868230 11.291682 19.452607 1
7.911236 4.151861 1.024144 6
7.486265 7.349139 11.245144 6
2.353765 9.902361 9.196856 6
2.778736 1.598639 19.417856 6
6.826225 3.438799 0.527404 6
8.571275 8.062201 10.748404 6
3.438775 9.189299 9.693596 6
1.693725 2.311701 19.914596 6
6.107675 3.889638 0.147182 1
9.289825 7.611362 10.368182 1
4.157325 9.640138 10.073818 1
0.975175 1.860862 20.294818 1
6.816987 2.050628 0.596906 6
8.580514 9.450372 10.817906 6
3.448014 7.801128 9.624094 6
1.684487 3.699872 19.845094 6
6.091251 1.573337 0.265746 1
9.306249 9.927663 10.486746 1
4.173749 7.323837 9.955254 1
0.958751 4.177163 20.176254 1
7.891732 1.375520 1.165194 6
7.505768 10.125480 11.386194 6
2.373268 7.126020 9.055806 6
2.759232 4.374980 19.276806 6
7.884547 0.447389 1.212211 1
7.512954 11.053611 11.433211 1
2.380454 6.197889 9.008789 1
2.752047 5.303111 19.229789 1
8.975716 2.088582 1.661935 6
6.421784 9.412418 11.882935 6
1.289284 7.839082 8.559065 6
3.843216 3.661918 18.780065 6
9.695293 1.637742 2.042156 1
5.702208 9.863258 12.263156 1
0.569708 7.388242 8.178844 1
4.562793 4.112758 18.399844 1
8.985981 3.476752 1.592432 6
6.411519 8.024248 11.813432 6
1.279019 9.227252 8.628568 6
3.853481 2.273748 18.849568 6
9.734300 3.970145 1.935857 1
5.663201 7.530855 12.156857 1
0.530701 9.720645 8.285143 1
4.601800 1.780355 18.506143 1
9.896486 7.689569 2.882322 6
5.501014 3.811431 13.103322 6
0.368514 1.939069 7.338678 6
4.763987 9.561931 17.559678 6
9.428403 7.512453 3.726577 1
5.969098 3.988547 13.947577 1
0.836598 1.761953 6.494423 1
4.295903 9.739047 16.715423 1
8.826873 7.145571 1.805029 6
6.570627 4.355429 12.026029 6
1.438127 1.395071 8.415971 6
3.694374 10.105929 18.636971 6
7.973852 7.592960 1.925636 1
7.423648 3.908040 12.146636 1
2.291148 1.842460 8.295364 1
2.841352 9.658540 18.516364 1
9.140982 7.321537 0.903536 1
6.256518 4.179463 11.124536 1
1.124018 1.571037 9.317464 1
4.008483 9.929963 19.538464 1
8.678031 5.736699 2.009449 8
6.719469 5.764301 12.230449 8
1.586969 11.487199 8.211551 8
3.545531 0.013801 18.432551 8
7.719280 5.360616 1.136575 6
7.678220 6.140384 11.357575 6
2.545720 11.111116 9.084425 6
2.586780 0.389884 19.305425 6
7.867096 5.759701 0.265746 1
7.530404 5.741299 10.486746 1
2.397904 0.009201 9.955254 1
2.734596 11.491799 20.176254 1
6.840596 5.632040 1.455470 1
8.556904 5.868960 11.676470 1
3.424404 11.382540 8.765530 1
1.708096 0.118460 18.986530 1
7.805506 3.865486 1.054807 6
7.591994 7.635514 11.275807 6
2.459494 9.615986 9.166193 6
2.673006 1.885014 19.387193 6
6.757450 3.027063 0.692984 6
8.640051 8.473937 10.913984 6
3.507551 8.777563 9.528016 6
1.624950 2.723437 19.749016 6
5.955753 3.388195 0.392486 1
9.441747 8.112805 10.613486 1
4.309247 9.138695 9.828514 1
0.823253 2.362305 20.049514 1
6.907319 1.648093 0.784973 6
8.490182 9.852907 11.005973 6
3.357681 7.398593 9.436027 6
1.774819 4.102407 19.657027 6
6.206219 1.086844 0.543757 1
9.191281 10.414155 10.764757 1
4.058781 6.837345 9.677243 1
1.073719 4.663655 19.898243 1
8.109350 1.107546 1.236741 6
7.288150 10.393454 11.457741 6
2.155650 6.858046 8.984259 6
2.976850 4.642954 19.205259 6
8.206867 0.185166 1.296023 1
7.190633 11.315834 11.517023 1
2.058133 5.935666 8.924977 1
3.074368 5.565334 19.145977 1
9.154327 1.945969 1.596520 6
6.243173 9.555031 11.817520 6
1.110673 7.696469 8.624480 6
4.021827 3.804531 18.845480 6
9.956024 1.584838 1.899062 1
5.441477 9.916162 12.120062 1
0.308976 7.335338 8.321938 1
4.823524 4.165662 18.542938 1
9.004458 3.324939 1.506575 6
6.393042 8.176061 11.727575 6
1.260542 9.075439 8.714425 6
3.871958 2.425561 18.935425 6
9.728141 3.904590 1.755968 1
5.669360 7.596410 11.976968 1
0.536860 9.655089 8.465032 1
4.595641 1.845910 18.686032 1
