3.418745 2.395220 5.379128 16
-2.064416 7.111529 10.920767 16
5.821823 3.537368 4.086058 16
-4.467495 5.969381 12.213837 16
2.881520 2.081902 8.686866 8
-1.527191 7.424847 7.613029 8
2.346712 7.571401 8.366410 8
-0.992384 1.935348 7.933485 8
2.756780 3.457289 8.643345 6
-1.402451 6.049460 7.656550 6
2.346495 3.994058 7.429981 6
-0.992166 5.512691 8.869914 6
2.213912 5.373234 7.320609 6
-0.859583 4.133515 8.979286 6
1.947425 5.746488 6.511808 1
-0.593096 3.760262 9.788087 1
2.474527 6.199733 8.402107 6
-1.120198 3.307016 7.897788 6
2.854847 5.664522 9.629652 6
-1.500518 3.842227 6.670243 6
2.995340 4.282352 9.731200 6
-1.641011 5.224397 6.568695 6
3.252465 3.907489 10.542772 1
-1.898136 5.599260 5.757123 1
2.000513 3.120558 6.259975 6
-0.646185 6.386191 10.039920 6
1.482476 3.644490 5.628354 1
-0.128147 5.862259 10.671541 1
1.432976 2.399039 6.573748 1
-0.078647 7.107711 9.726147 1
4.218453 3.898690 4.791517 6
-2.864124 5.608059 11.508378 6
3.658890 4.321412 4.122243 1
-2.304561 5.185337 12.177652 1
4.323305 4.518565 5.530554 1
-2.968976 4.988185 10.769341 1
3.075732 6.615746 10.784336 6
-1.721404 2.891004 5.515558 6
2.209285 6.932763 11.083929 1
-0.854956 2.573987 5.215966 1
-4.861011 7.384293 10.451493 1
6.215340 2.122456 5.848402 1
2.002060 8.173707 7.125499 6
-0.647731 1.333043 9.174396 6
2.664364 7.950962 6.467798 1
-1.310035 1.555787 9.832097 1
4.959908 0.408245 7.232263 1
-3.605579 9.098504 9.067632 1
1.145005 7.848626 6.839436 1
0.209324 1.658123 9.460459 1
3.637438 1.536949 9.731037 6
-2.283109 7.969800 6.568858 6
4.450245 2.037909 9.832097 1
-3.095916 7.468840 6.467798 1
3.849055 0.622213 9.528919 1
-2.494727 8.884537 6.770976 1
3.132888 1.576372 10.546032 1
-1.778559 7.930378 5.753863 1
1.625723 6.563645 3.452970 16
-0.271394 2.943104 12.846925 16
4.035885 8.256114 3.110183 16
-2.681557 1.250636 13.189712 16
-0.102534 5.703634 0.689160 8
1.456863 3.803115 15.610735 8
1.278557 2.261522 0.996576 8
0.075772 7.245228 15.303319 8
-0.493871 7.021222 0.728605 6
1.848200 2.485527 15.571290 6
-0.523518 7.613725 1.983208 6
1.877846 1.893024 14.316687 6
2.068555 0.228224 2.086713 6
-0.714226 9.278526 14.213182 6
2.052284 0.638232 2.920941 1
-0.697956 8.868517 13.378954 1
1.691682 0.946563 0.968214 6
-0.337353 8.560187 15.331681 6
-2.362887 1.142038 16.003889 6
3.717215 8.364712 0.296006 6
-4.952697 8.536218 15.899570 6
6.307025 0.970531 0.400325 6
-4.936781 8.127906 15.064363 1
6.291110 1.378844 1.235532 1
-0.150903 6.841684 3.217110 6
1.505232 2.665065 13.082785 6
-0.594473 5.979634 3.184999 1
1.948802 3.527115 13.114895 1
-0.492928 7.316739 3.990214 1
1.847257 2.190011 12.309681 1
2.255989 8.252318 3.325505 6
-0.901660 1.254431 12.974390 6
1.837786 8.697048 2.570493 1
-0.483457 0.809702 13.729402 1
2.026578 8.744524 4.128763 1
-0.672249 0.762225 12.171132 1
-2.821112 1.985157 14.833556 6
4.175440 7.521593 1.466339 6
-2.309524 2.809320 14.839424 1
3.663852 6.697429 1.460471 1
-3.750391 2.221513 14.979603 1
5.104719 7.285237 1.320291 1
-3.883731 5.931678 15.747492 6
5.238060 3.575071 0.552403 6
-4.679967 5.904938 15.212692 1
6.034296 3.601812 1.087203 1
-3.549422 5.040470 15.869578 1
4.903750 4.466279 0.430317 1
-3.219004 6.464788 15.305601 1
4.573332 3.041961 0.994294 1
1.105120 2.868701 2.260795 6
0.249208 6.638048 14.039100 6
0.543430 2.314553 2.808472 1
0.810899 7.192196 13.491423 1
0.694935 3.728988 2.148326 1
0.659393 5.777761 14.151569 1
1.959861 2.974640 2.684593 1
-0.605532 6.532110 13.615302 1
