1.556554 9.573825 5.634820 14
3.930957 4.190675 4.769590 14
3.496001 2.041398 8.294604 8
1.991511 7.424548 2.109806 8
1.955821 1.173742 6.908320 8
3.531691 6.556892 3.496090 8
2.788876 10.435129 10.273002 8
2.698635 5.051979 0.131408 8
4.383242 0.842463 1.771351 8
1.104269 6.225613 8.633059 8
1.360640 1.752969 9.041224 7
4.126872 7.136119 1.363186 7
2.358096 1.676313 8.127925 6
3.129415 7.059463 2.276485 6
1.035892 0.065674 6.932458 6
4.451619 5.448824 3.471952 6
0.051139 0.149652 7.820995 6
5.436373 5.532802 2.583415 6
-0.004445 1.379163 8.669995 6
5.491957 6.762313 1.734415 6
-0.485440 2.119884 8.222605 1
5.972951 7.503034 2.181805 1
-0.670001 0.971120 9.987193 6
6.157512 6.354270 0.417217 6
5.404738 1.317795 10.020487 1
0.082774 6.700945 0.383923 1
1.697569 1.647244 0.670044 6
3.789943 7.030394 9.734366 6
1.720791 1.099239 1.482628 1
3.766720 6.482389 8.921782 1
1.334986 2.529004 0.895820 1
4.152526 7.912154 9.508590 1
3.117124 1.780208 0.060346 6
2.370387 7.163358 10.344064 6
3.517697 2.647433 0.319415 1
1.969814 8.030583 10.084995 1
4.008371 0.642748 0.507735 6
1.479140 6.025898 9.896675 6
5.088252 10.515445 2.406540 6
0.399259 5.132295 7.997870 6
4.635345 9.681057 2.208856 1
0.852167 4.297907 8.195554 1
5.104138 10.655407 3.365827 1
0.383374 5.272257 7.038583 1
5.996997 10.477763 2.069437 1
-0.509485 5.094613 8.334973 1
-0.686086 10.196763 9.934131 6
6.173597 4.813613 0.470279 6
0.154089 9.825325 10.275395 1
5.333422 4.442175 0.129015 1
0.082291 9.836092 0.055143 1
5.405221 4.452942 10.349267 1
-0.861911 9.881310 8.437977 6
6.349423 4.498160 1.966433 6
-0.571153 8.969405 8.224686 1
6.058665 3.586255 2.179724 1
5.209734 10.001893 8.150815 1
0.277778 4.618743 2.253595 1
0.327831 8.191001 5.528903 6
5.159681 2.807851 4.875507 6
-0.553002 8.553825 5.346826 1
6.040513 3.170675 5.057584 1
0.311263 7.708671 6.369580 1
5.176249 2.325521 4.034830 1
0.583020 7.587012 4.814121 1
4.904491 2.203862 5.590290 1
1.614058 10.478840 4.021304 6
3.873453 5.095690 6.383106 6
1.793240 9.851164 3.304441 1
3.694271 4.468014 7.099969 1
2.316911 0.381127 4.050437 1
3.170600 5.764277 6.353973 1
0.761098 0.148575 3.864198 1
4.726414 5.531725 6.540212 1
3.268074 8.978018 6.068892 6
2.219437 3.594868 4.335518 6
3.560445 8.327733 5.411334 1
1.927066 2.944583 4.993076 1
3.253759 8.566745 6.947025 1
2.233753 3.183595 3.457385 1
3.880596 9.730582 6.074095 1
1.606915 4.347432 4.330315 1
