0.762542 20.554867 4.318085 8
6.740030 5.113301 1.675925 8
4.476372 15.649915 0.419581 8
3.026199 10.018253 5.574430 8
3.512474 14.538653 2.072729 8
3.990098 11.129515 3.921281 8
2.499195 13.387726 4.366037 7
5.003377 12.280441 1.627973 7
0.928183 20.362910 3.135467 6
6.574388 5.305258 2.858543 6
0.350719 21.291637 2.101500 6
7.151853 4.376531 3.892510 6
1.041998 22.469436 1.775426 6
6.460573 3.198732 4.218584 6
0.471560 23.332869 0.869731 6
7.031012 2.335299 5.124279 6
7.753901 23.081169 0.261339 6
-0.251329 2.586999 5.732671 6
7.099012 21.909782 0.602398 6
0.403560 3.758385 5.391612 6
7.624962 21.002914 1.509292 6
-0.122391 4.665253 4.484718 6
2.382918 22.808667 2.414987 6
5.119653 2.859501 3.579024 6
2.219595 23.986831 3.370432 6
5.282977 1.681337 2.623578 6
3.444687 23.098215 1.366634 6
4.057885 2.569953 4.627376 6
5.645960 23.482848 5.281322 6
1.856611 2.185320 0.712688 6
6.585941 23.878658 4.155647 6
0.916630 1.789509 1.838363 6
6.631651 25.310566 0.025175 6
0.870920 0.357602 5.968835 6
6.839715 19.743483 1.875526 6
0.662857 5.924684 4.118484 6
6.335310 19.000388 0.664136 6
1.167262 6.667779 5.329874 6
5.704502 20.070689 2.823778 6
1.798070 5.597479 3.170232 6
1.715643 19.169398 2.667934 6
5.786929 6.498770 3.326076 6
1.884365 18.879800 1.321080 6
5.618206 6.788368 4.672930 6
2.568216 17.729434 0.938662 6
4.934356 7.938733 5.055348 6
3.076333 16.861435 1.896505 6
4.426238 8.806733 4.097505 6
2.916326 17.152230 3.239163 6
4.586245 8.515937 2.754847 6
2.253982 18.309654 3.624578 6
5.248589 7.358513 2.369432 6
3.752852 15.589191 1.431370 6
3.749719 10.078976 4.562641 6
0.113090 14.111250 4.242560 6
7.389481 11.556917 1.751450 6
-0.934608 14.284891 5.131472 6
8.437179 11.383276 0.862538 6
6.626395 15.277161 4.917486 6
0.876176 10.391006 1.076524 6
6.736256 16.118180 3.859543 6
0.766316 9.549988 2.134467 6
7.790676 15.978168 2.983818 6
-0.288105 9.689999 3.010192 6
0.203658 14.974297 3.171431 6
7.298913 10.693871 2.822579 6
1.073805 12.968971 4.409194 6
6.428767 12.699197 1.584816 6
3.062476 12.643700 4.570433 1
4.440095 13.024468 1.423577 1
2.723669 13.714294 3.500502 1
4.778903 11.953874 2.493508 1
2.656208 14.076477 5.007396 1
4.846363 11.591690 0.986614 1
5.229742 19.281322 3.056945 1
2.272829 6.386845 2.937065 1
0.933917 24.137606 0.643157 1
6.568654 1.530562 5.350853 1
6.262972 21.716128 0.195405 1
1.239600 3.952039 5.798605 1
2.664213 22.056585 2.919682 1
4.838359 3.611583 3.074328 1
3.049030 24.181157 3.773229 1
4.453541 1.487011 2.220781 1
1.895822 24.736716 2.896306 1
5.606750 0.931452 3.097704 1
1.586040 23.744624 4.049553 1
5.916531 1.923544 1.944457 1
4.264544 23.323335 1.803598 1
3.238027 2.344833 4.190413 1
3.571267 22.345727 0.818782 1
3.931304 3.322441 5.175228 1
3.169933 23.843217 0.834966 1
4.332639 1.824951 5.159045 1
4.896366 23.064695 4.882721 1
2.606205 2.603472 1.111289 1
6.839895 23.106723 3.672530 1
0.662676 2.561445 2.321480 1
6.151678 24.493572 3.585018 1
1.350893 1.174595 2.408993 1
7.363275 24.288330 4.530872 1
0.139296 1.379838 1.463138 1
7.362210 25.749975 0.450750 1
0.140361 -0.081808 5.543261 1
4.728653 25.318829 5.404200 1
2.773918 0.349339 0.589811 1
5.998092 25.049695 0.685715 1
1.504480 0.618473 5.308295 1
7.432597 19.164861 2.340661 1
0.069975 6.503307 3.653349 1
5.748112 19.551977 0.177423 1
1.754460 6.116191 5.816588 1
7.081933 18.762351 0.117483 1
0.420638 6.905817 5.876528 1
5.890677 18.211708 0.944057 1
1.611895 7.456460 5.049954 1
6.040758 20.482217 3.610192 1
1.461813 5.185951 2.383818 1
5.093186 20.679374 2.397604 1
2.409385 4.988794 3.596406 1
1.523038 19.462566 0.662938 1
5.979534 6.205602 5.331073 1
2.676975 17.535647 0.016783 1
4.825597 8.132521 5.977227 1
3.250772 16.555784 3.894908 1
4.251799 9.112383 2.099102 1
2.161972 18.519048 4.545258 1
5.340599 7.149119 1.448752 1
-0.982370 13.734148 5.905299 1
8.484941 11.934020 0.088711 1
5.882294 15.352821 5.513890 1
1.620277 10.315347 0.480120 1
6.078273 16.795677 3.723479 1
1.424298 8.872491 2.270531 1
7.890104 16.581900 2.256145 1
-0.387532 9.086268 3.737865 1
0.914829 14.873179 2.548054 1
6.587743 10.794988 3.445956 1
0.927505 12.350747 3.698904 1
6.575067 13.317421 2.295107 1
0.907127 12.549741 5.236967 1
6.595445 13.118427 0.757043 1
