1.946177 5.742394 10.167547 6
4.832778 2.348544 13.698066 6
7.531193 1.045306 5.742862 6
4.644592 4.439156 2.212342 6
0.873388 5.742394 11.056143 6
5.905567 2.348544 12.809470 6
8.603982 1.045306 4.854266 6
3.571803 4.439156 3.100939 6
0.006307 5.718637 10.720433 1
6.772647 2.324787 13.145180 1
9.471062 1.069063 5.189975 1
2.704722 4.462913 2.765229 1
1.065341 5.777011 12.416165 6
5.713613 2.383161 11.449448 6
8.412028 1.010689 3.494244 6
3.763757 4.404539 4.460960 6
0.330105 5.787872 12.984484 1
6.448850 2.394022 10.881128 1
9.147265 0.999828 2.925924 1
3.028520 4.393678 5.029280 1
2.349834 5.796696 12.951709 6
4.429120 2.402846 10.913904 6
7.127536 0.991004 2.958700 6
5.048249 4.384854 4.996505 6
2.577987 5.815701 14.367258 6
4.200967 2.421851 9.498355 6
6.899382 0.971999 1.543151 6
5.276403 4.365849 6.412054 6
1.850235 5.836743 14.944647 1
4.928719 2.442893 8.920966 1
7.627135 0.950957 0.965762 1
4.548650 4.344807 6.989443 1
3.809248 5.803483 14.871618 6
2.969707 2.409633 8.993995 6
5.668122 0.984217 1.038791 6
6.507663 4.378067 6.916414 6
3.921092 5.823847 15.794263 1
2.857862 2.429997 8.071350 1
5.556277 0.963853 0.116146 1
6.619508 4.357703 7.839058 1
4.969098 5.758685 14.028048 6
1.809857 2.364835 9.837565 6
4.508272 1.029015 1.882360 6
7.667513 4.422865 6.072844 6
6.258425 5.694202 14.537499 6
0.520529 2.300352 9.328113 6
3.218944 1.093498 1.372909 6
8.956840 4.487348 6.582295 6
6.386577 5.703704 15.458553 1
0.392378 2.309854 8.407060 1
3.090793 1.083996 0.451856 1
9.084992 4.477846 7.503349 1
7.350145 5.615464 13.703158 6
-0.571191 2.221614 10.162455 6
2.127224 1.172236 2.207251 6
10.048561 4.566086 5.747953 6
8.199781 5.534691 14.072756 1
-1.420826 2.140841 9.792857 1
1.277589 1.253009 1.837652 1
10.898196 4.646859 6.117552 1
7.210692 5.654154 12.318157 6
-0.431738 2.260304 11.547456 6
2.266677 1.133546 3.592252 6
9.909107 4.527396 4.362952 6
5.917715 5.749182 11.755883 6
0.861240 2.355332 12.109730 6
3.559655 1.038518 4.154526 6
8.616130 4.432368 3.800678 6
5.679937 5.791266 10.344152 6
1.099018 2.397416 13.521461 6
3.797433 0.996434 5.566256 6
8.378352 4.390284 2.388948 6
6.407715 5.807556 9.765809 1
0.371239 2.413706 14.099804 1
3.069654 0.980144 6.144600 1
9.106130 4.373994 1.810605 1
4.432628 5.808914 9.824836 6
2.346326 2.415064 14.040777 6
5.044742 0.978786 6.085572 6
7.131043 4.372636 1.869632 6
4.325353 5.840816 8.901874 1
2.453601 2.446966 14.963739 1
5.152016 0.946884 7.008535 1
7.023769 4.340734 0.946669 1
3.272299 5.779727 10.660610 6
3.506656 2.385877 13.205003 6
6.205071 1.007973 5.249798 6
5.970714 4.401823 2.705406 6
3.469807 5.786514 12.070909 6
3.309147 2.392664 11.794704 6
6.007562 1.001186 3.839500 6
6.168222 4.395036 4.115705 6
4.787665 5.771581 12.615522 6
1.991289 2.377731 11.250091 6
4.689704 1.016119 3.294887 6
7.486081 4.409969 4.660318 6
1.578946 5.670445 8.746747 6
5.200009 2.276595 15.118866 6
7.898424 1.117255 7.163661 6
4.277361 4.511105 0.791543 6
0.667669 5.679947 8.564573 1
6.111285 2.286097 15.301040 1
8.809701 1.107753 7.345836 1
3.366084 4.501603 0.609369 1
8.426247 5.540800 11.466472 6
-1.647293 2.146950 12.399141 6
1.051122 1.246900 4.443936 6
11.124662 4.640750 3.511268 6
8.818101 6.563027 10.602855 6
-2.039146 3.169177 13.262758 6
0.659269 0.224673 5.307553 6
11.516516 3.618523 2.647651 6
8.300161 0.545052 10.540646 1
-1.521207 3.938902 13.324967 1
1.177208 6.242648 5.369763 1
10.998576 2.848798 2.585441 1
9.960272 6.448994 9.841224 6
-3.181317 3.055144 14.024389 6
-0.482902 0.338706 6.069184 6
12.658687 3.732556 1.886020 6
10.215550 0.357033 9.278950 1
-3.436595 3.750883 14.586663 1
-0.738180 6.430667 6.631458 1
12.913965 3.036817 1.323746 1
10.730187 5.295764 9.912185 6
-3.951232 1.901914 13.953428 6
-1.252817 1.491936 5.998224 6
13.428602 4.885786 1.956980 6
10.357613 4.273536 10.772460 6
-3.578659 0.879686 13.093153 6
-0.880244 2.514164 5.137948 6
13.056028 5.908014 2.817256 6
10.874701 3.503132 10.834988 1
-4.095746 0.109282 13.030625 1
-1.397331 3.284568 5.075420 1
13.573116 6.678418 2.879784 1
9.219700 4.403181 11.532501 6
-2.440746 1.009331 12.333112 6
0.257669 2.384519 4.377908 6
11.918115 5.778369 3.577296 6
8.975950 3.712193 12.104639 1
-2.196996 0.318343 11.760974 1
0.501419 3.075507 3.805770 1
11.674366 6.469357 4.149435 1
-2.973319 5.167476 9.085321 6
9.752274 1.773626 14.780292 6
12.450689 1.620224 6.825088 6
-0.274904 5.014074 1.130116 6
-2.046833 5.071769 8.419311 7
8.825787 1.677919 15.446302 7
11.524203 1.715931 7.491098 7
0.651582 5.109781 0.464107 7
2.304677 5.599852 7.784167 8
9.871108 2.206002 0.171037 8
7.172692 1.187848 8.126241 8
-0.393738 4.581698 15.739372 8
