8.891527 2.721568 11.606839 6
0.961826 5.732818 2.513060 6
-0.917655 4.570475 11.467758 6
10.771008 1.559225 2.652141 6
-1.040953 5.263665 12.136053 1
10.894306 2.252415 1.983846 1
-0.487315 4.966756 10.694411 1
10.340668 1.955506 3.425487 1
-0.049012 3.459926 12.029448 6
9.902365 0.448676 2.090451 6
-0.744277 2.950423 13.284425 6
10.597630 5.961673 0.835474 6
-0.330880 2.123534 13.577695 1
10.184233 5.134784 0.542204 1
-0.659401 3.603262 13.997056 1
10.512754 0.592012 0.122843 1
-0.109260 2.317458 11.028629 6
9.962613 5.328708 3.091269 6
0.168467 2.627015 10.152207 1
9.684886 5.638265 3.967692 1
0.485386 1.601985 11.302979 1
9.367967 4.613235 2.816920 1
1.363779 3.939317 12.324836 6
8.489574 0.928067 1.795063 6
1.883544 3.210595 12.671197 1
7.969809 0.199345 1.448702 1
1.332577 4.646961 12.973363 1
8.520776 1.635711 1.146536 1
1.767348 4.263930 11.516190 1
8.086005 1.252680 2.603709 1
7.480146 2.241575 11.262031 6
2.373207 5.252825 2.857868 6
7.403088 2.309027 10.287758 1
2.450265 5.320277 3.832141 1
6.371728 3.135313 11.837558 6
3.481625 0.124063 2.282340 6
6.719569 4.048324 11.915783 1
3.133784 1.037074 2.204116 1
5.295984 3.592421 13.887344 6
4.557369 0.581171 0.232555 6
5.757580 4.433162 13.912336 1
4.095773 1.421912 0.207563 1
6.573627 3.267808 0.662223 1
3.279726 0.256558 13.457676 1
4.439916 3.709860 13.468972 1
5.413437 0.698610 0.650927 1
5.151287 3.163017 10.932191 6
4.702066 0.151767 3.187708 6
4.339070 2.053673 10.753715 6
5.514283 5.064922 3.366184 6
4.509145 1.277975 11.238028 1
5.344208 4.289224 2.881871 1
3.273575 2.084989 9.862043 6
6.579778 5.096239 4.257856 6
2.733110 1.335790 9.754026 1
7.120243 4.347041 4.365873 1
3.017588 3.240105 9.131903 6
6.835765 0.228855 4.987996 6
3.807754 4.357279 9.319416 6
6.045599 1.346029 4.800483 6
3.629948 5.137795 8.846117 1
6.223405 2.126545 5.273782 1
4.867666 4.316326 10.215182 6
4.985686 1.305076 3.904717 6
5.395295 5.072752 10.335766 1
4.458058 2.061502 3.784133 1
2.028404 2.934162 6.905054 6
7.824949 5.945412 7.214845 6
0.703859 3.362362 6.314278 6
9.149494 0.351112 7.805621 6
-0.011274 2.932958 6.788847 1
9.864627 5.944208 7.331052 1
0.669966 3.110019 5.388153 1
9.183387 0.098769 8.731746 1
0.612227 4.314519 6.390666 1
9.241126 1.303269 7.729233 1
3.180064 3.672521 6.250879 6
6.673289 0.661270 7.869020 6
3.061008 4.618053 6.366662 1
6.792344 1.606803 7.753237 1
3.202557 3.464744 5.313318 1
6.650796 0.453494 8.806581 1
4.006686 3.402110 6.657532 1
5.846667 0.390860 7.462367 1
2.222942 1.438173 6.795201 6
7.630411 4.449423 7.324698 6
3.070973 1.197273 7.174321 1
6.782380 4.208523 6.945578 1
2.199768 1.179808 5.871054 1
7.653585 4.191058 8.248845 1
1.520919 0.988292 7.270336 1
8.332434 3.999542 6.849563 1
7.227059 0.843150 11.589048 7
2.626294 3.854400 2.530851 7
9.050656 4.017610 11.089063 8
0.802697 1.006360 3.030836 8
9.105270 2.723374 12.986777 8
0.748083 5.734624 1.133122 8
9.785055 1.837465 10.976386 8
0.068298 4.848715 3.143513 8
6.055731 2.659536 13.148874 8
3.797622 5.670786 0.971025 8
1.896415 3.320806 8.318315 8
7.956938 0.309557 5.801584 8
7.269050 0.746790 12.593538 1
2.584302 3.758040 1.526361 1
7.985936 0.261979 11.310039 1
1.867417 3.273229 2.809860 1
