-2.617614 21.574000 47.071381 8
21.615477 21.574000 29.809141 8
20.147386 4.824000 47.071381 8
-1.149523 4.824000 29.809141 8
30.459523 11.926000 4.182300 8
6.226432 11.926000 21.444540 8
7.694523 28.676000 4.182300 8
28.991432 28.676000 21.444540 8
-2.304440 12.495500 47.153387 8
21.302303 12.495500 29.727135 8
20.460560 29.245500 47.153387 8
-1.462697 29.245500 29.727135 8
30.146349 21.004500 4.100294 8
6.539606 21.004500 21.526546 8
7.381349 4.254500 4.100294 8
29.304606 4.254500 21.526546 8
-2.496420 17.205600 47.168763 8
21.494282 17.205600 29.711759 8
20.268580 0.455600 47.168763 8
-1.270718 0.455600 29.711759 8
30.338328 16.294400 4.084918 8
6.347626 16.294400 21.541922 8
7.573328 33.044400 4.084918 8
29.112626 33.044400 21.541922 8
14.025071 17.071600 0.891814 8
22.660883 17.071600 24.735026 8
36.790071 0.321600 0.891814 8
-0.104117 0.321600 24.735026 8
13.816837 16.428400 50.361867 8
5.181025 16.428400 26.518655 8
-8.948163 33.178400 50.361867 8
27.946025 33.178400 26.518655 8
44.068088 11.219150 1.742625 8
-7.382134 11.219150 23.884215 8
21.303088 27.969150 1.742625 8
15.382866 27.969150 23.884215 8
-16.226179 22.280850 49.511056 8
35.224042 22.280850 27.369466 8
6.538821 5.530850 49.511056 8
12.459042 5.530850 27.369466 8
41.956661 7.966300 5.776290 8
-5.270707 7.966300 19.850551 8
19.191661 24.716300 5.776290 8
17.494293 24.716300 19.850551 8
-14.114753 25.533700 45.477391 8
33.112615 25.533700 31.403130 8
8.650247 8.783700 45.477391 8
10.347615 8.783700 31.403130 8
-4.157144 18.806900 45.318505 8
23.155007 18.806900 31.562017 8
18.607856 2.056900 45.318505 8
0.390007 2.056900 31.562017 8
31.999053 14.693100 5.935176 8
4.686901 14.693100 19.691664 8
9.234053 31.443100 5.935176 8
27.451901 31.443100 19.691664 8
21.761833 17.091700 0.030752 8
14.924121 17.091700 25.596088 8
44.526833 0.341700 0.030752 8
-7.840879 0.341700 25.596088 8
6.080075 16.408300 51.222929 8
12.917787 16.408300 25.657593 8
-16.684925 33.158300 51.222929 8
35.682787 33.158300 25.657593 8
-0.959927 5.875900 8.625995 8
37.645881 5.875900 17.000846 8
21.805073 22.625900 8.625995 8
14.880881 22.625900 17.000846 8
28.801835 27.624100 42.627687 8
-9.803973 27.624100 34.252835 8
6.036835 10.874100 42.627687 8
12.961027 10.874100 34.252835 8
29.741758 4.978770 15.305887 16
6.944197 4.978770 10.320954 16
6.976758 21.728770 15.305887 16
29.709197 21.728770 10.320954 16
-1.899849 28.521230 35.947794 16
20.897712 28.521230 40.932727 16
20.865151 11.771230 35.947794 16
-1.867288 11.771230 40.932727 16
29.211245 5.832350 14.263899 8
7.474709 5.832350 11.362941 8
6.446245 22.582350 14.263899 8
30.239709 22.582350 11.362941 8
-1.369337 27.667650 36.989782 8
20.367199 27.667650 39.890740 8
21.395663 10.917650 36.989782 8
-2.397801 10.917650 39.890740 8
29.109905 5.416950 16.536488 8
7.576049 5.416950 9.090353 8
6.344905 22.166950 16.536488 8
30.341049 22.166950 9.090353 8
-1.267997 28.083050 34.717193 8
20.265859 28.083050 42.163328 8
21.497003 11.333050 34.717193 8
-2.499141 11.333050 42.163328 8
31.123210 5.380100 15.437609 8
5.562745 5.380100 10.189232 8
8.358210 22.130100 15.437609 8
28.327745 22.130100 10.189232 8
-3.281301 28.119900 35.816072 8
22.279164 28.119900 41.064449 8
19.483699 11.369900 35.816072 8
-0.485836 11.369900 41.064449 8
29.243373 3.333585 15.714379 6
7.442581 3.333585 9.912462 6
6.478373 20.083585 15.714379 6
30.207581 20.083585 9.912462 6
-1.401465 30.166415 35.539302 6
20.399327 30.166415 41.341219 6
21.363535 13.416415 35.539302 6
-2.365673 13.416415 41.341219 6
30.086499 2.472970 15.171090 9
6.599455 2.472970 10.455751 9
7.321499 19.222970 15.171090 9
29.364455 19.222970 10.455751 9
-2.244590 31.027030 36.082591 9
21.242453 31.027030 40.797930 9
20.520410 14.277030 36.082591 9
-1.522547 14.277030 40.797930 9
28.027560 3.112150 15.253095 9
8.658394 3.112150 10.373745 9
5.262560 19.862150 15.253095 9
31.423394 19.862150 10.373745 9
-0.185651 30.387850 36.000586 9
19.183514 30.387850 40.879936 9
22.579349 13.637850 36.000586 9
-3.581486 13.637850 40.879936 9
29.250411 3.185850 17.026473 9
7.435543 3.185850 8.600368 9
6.485411 19.935850 17.026473 9
30.200543 19.935850 8.600368 9
-1.408502 30.314150 34.227208 9
20.406365 30.314150 42.653313 9
21.356498 13.564150 34.227208 9
-2.358635 13.564150 42.653313 9
-2.177748 22.545835 40.439154 16
21.175611 22.545835 36.441367 16
20.587252 5.795835 40.439154 16
-1.589389 5.795835 36.441367 16
30.019657 10.954165 10.814527 16
6.666297 10.954165 14.812314 16
7.254657 27.704165 10.814527 16
29.431297 27.704165 14.812314 16
-3.134959 22.280850 39.309011 8
22.132822 22.280850 37.571511 8
19.630041 5.530850 39.309011 8
-0.632178 5.530850 37.571511 8
30.976867 11.219150 11.944670 8
5.709087 11.219150 13.682170 8
8.211867 27.969150 11.944670 8
28.474087 27.969150 13.682170 8
-1.167804 23.399750 40.403277 8
20.165667 23.399750 36.477245 8
21.597196 6.649750 40.403277 8
-2.599333 6.649750 36.477245 8
29.009713 10.100250 10.850404 8
7.676241 10.100250 14.776436 8
6.244713 26.850250 10.850404 8
30.441241 26.850250 14.776436 8
-3.017263 23.115000 41.540596 8
22.015126 23.115000 35.339926 8
19.747737 6.365000 41.540596 8
-0.749874 6.365000 35.339926 8
30.859172 10.385000 9.713085 8
5.826782 10.385000 15.913755 8
8.094172 27.135000 9.713085 8
28.591782 27.135000 15.913755 8
-2.093350 21.054750 41.132617 6
21.091213 21.054750 35.747905 6
20.671650 4.304750 41.132617 6
-1.673787 4.304750 35.747905 6
29.935259 12.445250 10.121064 6
6.750696 12.445250 15.505776 6
7.170259 29.195250 10.121064 6
29.515696 29.195250 15.505776 6
-2.026880 20.133500 40.188011 9
21.024742 20.133500 36.692510 9
20.738120 3.383500 40.188011 9
-1.740258 3.383500 36.692510 9
29.868788 13.366500 11.065670 9
6.817166 13.366500 14.561171 9
7.103788 30.116500 11.065670 9
29.582166 30.116500 14.561171 9
-3.164284 20.850400 41.874257 9
22.162147 20.850400 35.006264 9
19.600716 4.100400 41.874257 9
-0.602853 4.100400 35.006264 9
31.006192 12.649600 9.379424 9
5.679762 12.649600 16.247417 9
8.241192 29.399600 9.379424 9
28.444762 29.399600 16.247417 9
-1.016021 20.981050 41.889634 9
20.013884 20.981050 34.990888 9
21.748979 4.231050 41.889634 9
-2.751116 4.231050 34.990888 9
28.857930 12.518950 9.364048 9
7.828025 12.518950 16.262793 9
6.092930 29.268950 9.364048 9
30.593025 29.268950 16.262793 9
32.578457 11.616795 17.256602 16
4.107498 11.616795 8.370239 16
9.813457 28.366795 17.256602 16
26.872498 28.366795 8.370239 16
-4.736548 21.883205 33.997079 16
23.734411 21.883205 42.883442 16
18.028452 5.133205 33.997079 16
0.969411 5.133205 42.883442 16
33.498834 11.969550 18.159692 8
3.187120 11.969550 7.467149 8
10.733834 28.719550 18.159692 8
25.952120 28.719550 7.467149 8
-5.656926 21.530450 33.093989 8
24.654789 21.530450 43.786532 8
17.108074 4.780450 33.093989 8
1.889789 4.780450 43.786532 8
32.215330 10.371600 17.472380 8
4.470625 10.371600 8.154461 8
9.450330 27.121600 17.472380 8
27.235625 27.121600 8.154461 8
-4.373421 23.128400 33.781301 8
23.371284 23.128400 43.099220 8
18.391579 6.378400 33.781301 8
0.606284 6.378400 43.099220 8
31.511418 12.294500 16.847085 8
5.174536 12.294500 8.779756 8
8.746418 29.044500 16.847085 8
27.939536 29.044500 8.779756 8
-3.669510 21.205500 34.406596 8
22.667373 21.205500 42.473925 8
19.095490 4.455500 34.406596 8
-0.097627 4.455500 42.473925 8
33.517690 11.383300 15.888641 6
3.168265 11.383300 9.738199 6
10.752690 28.133300 15.888641 6
25.933265 28.133300 9.738199 6
-5.675781 22.116700 35.365040 6
24.673644 22.116700 41.515482 6
17.089219 5.366700 35.365040 6
1.908644 5.366700 41.515482 6
34.450498 10.405100 15.745131 9
2.235456 10.405100 9.881710 9
11.685498 27.155100 15.745131 9
25.000456 27.155100 9.881710 9
-6.608590 23.094900 35.508550 9
25.606453 23.094900 41.371971 9
16.156410 6.344900 35.508550 9
2.841453 6.344900 41.371971 9
34.306474 12.401700 15.463236 9
2.379480 12.401700 10.163605 9
11.541474 29.151700 15.463236 9
25.144480 29.151700 10.163605 9
-6.464565 21.098300 35.790445 9
25.462428 21.098300 41.090076 9
16.300435 4.348300 35.790445 9
2.697428 4.348300 41.090076 9
32.812739 11.128700 14.751834 9
3.873216 11.128700 10.875006 9
10.047739 27.878700 14.751834 9
26.638216 27.878700 10.875006 9
-4.970830 22.371300 36.501847 9
23.968693 22.371300 40.378675 9
17.794170 5.621300 36.501847 9
1.203693 5.621300 40.378675 9
4.181285 21.396450 8.524512 16
32.504669 21.396450 17.102328 16
26.946285 4.646450 8.524512 16
9.739669 4.646450 17.102328 16
23.660623 12.103550 42.729169 16
-4.662761 12.103550 34.151353 16
0.895623 28.853550 42.729169 16
18.102239 28.853550 34.151353 16
3.471593 20.642700 7.645512 8
33.214361 20.642700 17.981329 8
26.236593 3.892700 7.645512 8
10.449361 3.892700 17.981329 8
24.370315 12.857300 43.608169 8
-5.372452 12.857300 33.272352 8
1.605315 29.607300 43.608169 8
17.392548 29.607300 33.272352 8
4.421066 22.609150 8.205714 8
32.264889 22.609150 17.421126 8
27.186066 5.859150 8.205714 8
9.499889 5.859150 17.421126 8
23.420843 10.890850 43.047967 8
-4.422980 10.890850 33.832555 8
0.655843 27.640850 43.047967 8
18.342020 27.640850 33.832555 8
5.448272 20.813550 8.923266 8
31.237682 20.813550 16.703575 8
28.213272 4.063550 8.923266 8
8.472682 4.063550 16.703575 8
22.393636 12.686450 42.330415 8
-3.395773 12.686450 34.550106 8
-0.371364 29.436450 42.330415 8
19.369227 29.436450 34.550106 8
3.256376 21.419900 9.984217 6
33.429578 21.419900 15.642623 6
26.021376 4.669900 9.984217 6
10.664578 4.669900 15.642623 6
24.585533 12.080100 41.269464 6
-5.587670 12.080100 35.611058 6
1.820533 28.830100 41.269464 6
17.177330 28.830100 35.611058 6
2.902911 20.381400 10.414748 9
33.783043 20.381400 15.212093 9
25.667911 3.631400 10.414748 9
11.018043 3.631400 15.212093 9
24.938998 13.118600 40.838933 9
-5.941135 13.118600 36.041589 9
2.173998 29.868600 40.838933 9
16.823865 29.868600 36.041589 9
2.195724 22.032950 9.825331 9
34.490230 22.032950 15.801510 9
24.960724 5.282950 9.825331 9
11.725230 5.282950 15.801510 9
25.646185 11.467050 41.428350 9
-6.648322 11.467050 35.452171 9
2.881185 28.217050 41.428350 9
16.116678 28.217050 35.452171 9
3.800701 21.875500 11.032355 9
32.885253 21.875500 14.594486 9
26.565701 5.125500 11.032355 9
10.120253 5.125500 14.594486 9
24.041207 11.624500 40.221326 9
-5.043344 11.624500 36.659195 9
1.276207 28.374500 40.221326 9
17.721656 28.374500 36.659195 9
3.184175 24.819815 5.566662 78
33.501779 24.819815 20.060178 78
25.949175 8.069815 5.566662 78
10.736779 8.069815 20.060178 78
24.657733 8.680185 45.687019 78
-5.659870 8.680185 31.193503 78
1.892733 25.430185 45.687019 78
17.105130 25.430185 31.193503 78
24.306187 17.090695 41.503693 78
-5.308325 17.090695 35.376828 78
1.541187 0.340695 41.503693 78
17.456675 0.340695 35.376828 78
3.535721 16.409305 9.749988 78
33.150233 16.409305 15.876853 78
26.300721 33.159305 9.749988 78
10.385233 33.159305 15.876853 78
-5.382169 8.341835 41.262186 78
24.380032 8.341835 35.618336 78
17.382831 25.091835 41.262186 78
1.615032 25.091835 35.618336 78
33.224078 25.158165 9.991495 78
3.461877 25.158165 15.635345 78
10.459078 8.408165 9.991495 78
26.226877 8.408165 15.635345 78
19.264611 17.511120 3.698107 78
17.421344 17.511120 21.928734 78
42.029611 0.761120 3.698107 78
-5.343656 0.761120 21.928734 78
8.577298 15.988880 47.555574 78
10.420565 15.988880 29.324947 78
-14.187702 32.738880 47.555574 78
33.185565 32.738880 29.324947 78
3.427555 8.549535 5.097589 78
33.258399 8.549535 20.529252 78
26.192555 25.299535 5.097589 78
10.493399 25.299535 20.529252 78
24.414353 24.950465 46.156092 78
-5.416490 24.950465 30.724429 78
1.649353 8.200465 46.156092 78
17.348510 8.200465 30.724429 78
-5.515491 25.920290 40.918274 78
24.513353 25.920290 35.962248 78
17.249509 9.170290 40.918274 78
1.748353 9.170290 35.962248 78
33.357399 7.579710 10.335407 78
3.328555 7.579710 15.291433 78
10.592399 24.329710 10.335407 78
26.093555 24.329710 15.291433 78
4.128636 26.243900 6.981776 15
32.557318 26.243900 18.645064 15
26.893636 9.493900 6.981776 15
9.792318 9.493900 18.645064 15
23.713272 7.256100 44.271905 15
-4.715410 7.256100 32.608617 15
0.948272 24.006100 44.271905 15
18.049590 24.006100 32.608617 15
4.042223 27.764800 6.242698 6
32.643731 27.764800 19.384142 6
26.807223 11.014800 6.242698 6
9.878731 11.014800 19.384142 6
23.799685 5.735200 45.010983 6
-4.801822 5.735200 31.869539 6
1.034685 22.485200 45.010983 6
17.963178 22.485200 31.869539 6
5.926442 26.032850 7.062757 6
30.759512 26.032850 18.564083 6
28.691442 9.282850 7.062757 6
7.994512 9.282850 18.564083 6
21.915467 7.467150 44.190924 6
-2.917604 7.467150 32.689598 6
-0.849533 24.217150 44.190924 6
19.847396 24.217150 32.689598 6
3.670507 26.093150 8.718251 6
33.015448 26.093150 16.908589 6
26.435507 9.343150 8.718251 6
10.250448 9.343150 16.908589 6
24.171402 7.406850 42.535430 6
-5.173539 7.406850 34.345092 6
1.406402 24.156850 42.535430 6
17.591461 24.156850 34.345092 6
1.046127 25.242250 6.256537 15
35.639828 25.242250 19.370304 15
23.811127 8.492250 6.256537 15
12.874828 8.492250 19.370304 15
26.795782 8.257750 44.997144 15
-7.797919 8.257750 31.883377 15
4.030782 25.007750 44.997144 15
14.967081 25.007750 31.883377 15
0.643425 27.034500 6.288827 6
36.042529 27.034500 19.338014 6
23.408425 10.284500 6.288827 6
13.277529 10.284500 19.338014 6
27.198483 6.465500 44.964854 6
-8.200621 6.465500 31.915667 6
4.433483 23.215500 44.964854 6
14.564379 23.215500 31.915667 6
-0.245093 24.786650 5.063864 6
36.931048 24.786650 20.562977 6
22.519907 8.036650 5.063864 6
14.166048 8.036650 20.562977 6
28.087002 8.713350 46.189817 6
-9.089139 8.713350 30.690704 6
5.322002 25.463350 46.189817 6
13.675861 25.463350 30.690704 6
0.367391 24.381300 7.524040 6
36.318563 24.381300 18.102800 6
23.132391 7.631300 7.524040 6
13.553563 7.631300 18.102800 6
27.474517 9.118700 43.729641 6
-8.476655 9.118700 33.150881 6
4.709517 25.868700 43.729641 6
14.288345 25.868700 33.150881 6
22.245847 17.205600 42.490839 15
-3.247984 17.205600 34.389682 15
-0.519153 0.455600 42.490839 15
19.517016 0.455600 34.389682 15
5.596062 16.294400 8.762842 15
31.089892 16.294400 16.863999 15
28.361062 33.044400 8.762842 15
8.324892 33.044400 16.863999 15
21.042446 18.394850 41.720496 6
-2.044583 18.394850 35.160025 6
-1.722554 1.644850 41.720496 6
20.720417 1.644850 35.160025 6
6.799463 15.105150 9.533185 6
29.886491 15.105150 16.093656 6
29.564463 31.855150 9.533185 6
7.121491 31.855150 16.093656 6
22.413218 17.822000 44.067915 6
-3.415355 17.822000 32.812607 6
-0.351782 1.072000 44.067915 6
19.349645 1.072000 32.812607 6
5.428691 15.678000 7.185766 6
31.257264 15.678000 18.441074 6
28.193691 32.428000 7.185766 6
8.492264 32.428000 18.441074 6
21.389551 15.631100 42.627687 6
-2.391689 15.631100 34.252835 6
-1.375449 32.381100 42.627687 6
20.373311 32.381100 34.252835 6
6.452357 17.868900 8.625995 6
30.233597 17.868900 17.000846 6
29.217357 1.118900 8.625995 6
7.468597 1.118900 17.000846 6
23.563184 17.061550 39.405880 15
-4.565322 17.061550 37.474641 15
0.798184 0.311550 39.405880 15
18.199678 0.311550 37.474641 15
4.278724 16.438450 11.847801 15
32.407230 16.438450 13.779040 15
27.043724 33.188450 11.847801 15
9.642230 33.188450 13.779040 15
23.271100 18.689650 38.732407 6
-4.273237 18.689650 38.148115 6
0.506100 1.939650 38.732407 6
18.491763 1.939650 38.148115 6
4.570808 14.810350 12.521274 6
32.115146 14.810350 13.105566 6
27.335808 31.560350 12.521274 6
9.350146 31.560350 13.105566 6
24.664386 16.254200 38.204494 6
-5.666523 16.254200 38.676028 6
1.899386 33.004200 38.204494 6
17.098477 33.004200 38.676028 6
3.177523 17.245800 13.049187 6
33.508431 17.245800 12.577653 6
25.942523 0.495800 13.049187 6
10.743431 0.495800 12.577653 6
22.039430 15.935950 39.214191 6
-3.041567 15.935950 37.666330 6
-0.725570 32.685950 39.214191 6
19.723433 32.685950 37.666330 6
5.802478 17.564050 12.039490 6
30.883476 17.564050 13.587351 6
28.567478 0.814050 12.039490 6
8.118476 0.814050 13.587351 6
-3.978274 6.594475 41.615426 15
22.976137 6.594475 35.265095 15
18.786726 23.344475 41.615426 15
0.211137 23.344475 35.265095 15
31.820183 26.905525 9.638255 15
4.865772 26.905525 15.988586 15
9.055183 10.155525 9.638255 15
27.630772 10.155525 15.988586 15
-4.751183 4.847450 41.366846 6
23.749045 4.847450 35.513676 6
18.013817 21.597450 41.366846 6
0.984045 21.597450 35.513676 6
32.593091 28.652550 9.886835 6
4.092863 28.652550 15.740005 6
9.828091 11.902550 9.886835 6
26.857863 11.902550 15.740005 6
-3.400252 6.455450 43.323199 6
22.398115 6.455450 33.557323 6
19.364748 23.205450 43.323199 6
-0.366885 23.205450 33.557323 6
31.242161 27.044550 7.930482 6
5.443794 27.044550 17.696358 6
8.477161 10.294550 7.930482 6
28.208794 10.294550 17.696358 6
-2.405632 6.700000 40.639044 6
21.403495 6.700000 36.241478 6
20.359368 23.450000 40.639044 6
-1.361505 23.450000 36.241478 6
30.247540 26.800000 10.614637 6
6.438414 26.800000 15.012203 6
7.482540 10.050000 10.614637 6
29.203414 10.050000 15.012203 6
-5.432005 8.081540 39.000464 15
24.429868 8.081540 37.880058 15
17.332995 24.831540 39.000464 15
1.664868 24.831540 37.880058 15
33.273914 25.418460 12.253218 15
3.412041 25.418460 13.373623 15
10.508914 8.668460 12.253218 15
26.177041 8.668460 13.373623 15
-7.001205 8.854050 38.255748 6
25.999068 8.854050 38.624774 6
15.763795 25.604050 38.255748 6
3.234068 25.604050 38.624774 6
34.843114 24.645950 12.997934 6
1.842840 24.645950 12.628907 6
12.078114 7.895950 12.997934 6
24.607840 7.895950 12.628907 6
-5.513357 6.378400 38.337753 6
24.511220 6.378400 38.542768 6
17.251643 23.128400 38.337753 6
1.746220 23.128400 38.542768 6
33.355266 27.121600 12.915928 6
3.330688 27.121600 12.710913 6
10.590266 10.371600 12.915928 6
26.095688 10.371600 12.710913 6
-3.983844 8.937800 38.219870 6
22.981707 8.937800 38.660652 6
18.781156 25.687800 38.219870 6
0.216707 25.687800 38.660652 6
31.825752 24.562200 13.033811 6
4.860202 24.562200 12.593029 6
9.060752 7.812200 13.033811 6
27.625202 7.812200 12.593029 6
20.756433 15.983185 4.502123 15
15.929521 15.983185 21.124717 15
43.521433 32.733185 4.502123 15
-6.835479 32.733185 21.124717 15
7.085475 17.516815 46.751558 15
11.912388 17.516815 30.128964 15
-15.679525 0.766815 46.751558 15
34.677388 0.766815 30.128964 15
20.754298 14.428450 3.464749 6
15.931656 14.428450 22.162092 6
43.519298 31.178450 3.464749 6
-6.833344 31.178450 22.162092 6
7.087611 19.071550 47.788932 6
11.910252 19.071550 29.091589 6
-15.677389 2.321550 47.788932 6
34.675252 2.321550 29.091589 6
22.510574 16.378150 4.418067 6
14.175381 16.378150 21.208773 6
-0.254426 33.128150 4.418067 6
36.940381 33.128150 21.208773 6
5.331335 17.121850 46.835614 6
13.666528 17.121850 30.044908 6
28.096335 0.371850 46.835614 6
-9.098472 0.371850 30.044908 6
20.383687 15.523900 6.280114 6
16.302267 15.523900 19.346727 6
43.148687 32.273900 6.280114 6
-6.462733 32.273900 19.346727 6
7.458221 17.976100 44.973568 6
11.539641 17.976100 31.906954 6
-15.306779 1.226100 44.973568 6
34.304641 1.226100 31.906954 6
20.397706 19.322800 4.498023 15
16.288248 19.322800 21.128817 15
43.162706 2.572800 4.498023 15
-6.476752 2.572800 21.128817 15
7.444202 14.177200 46.755658 15
11.553660 14.177200 30.124864 15
-15.320798 30.927200 46.755658 15
34.318660 30.927200 30.124864 15
19.323538 20.957600 4.602581 6
17.362416 20.957600 21.024260 6
42.088538 4.207600 4.602581 6
-5.402584 4.207600 21.024260 6
8.518370 12.542400 46.651100 6
10.479493 12.542400 30.229421 6
-14.246630 29.292400 46.651100 6
33.244493 29.292400 30.229421 6
20.962940 19.255800 6.237573 6
15.723014 19.255800 19.389268 6
-1.802060 2.505800 6.237573 6
38.488014 2.505800 19.389268 6
6.878968 14.244200 45.016108 6
12.118895 14.244200 31.864414 6
29.643968 30.994200 45.016108 6
-10.646105 30.994200 31.864414 6
21.841974 19.821950 3.505752 6
14.843981 19.821950 22.121089 6
-0.923026 3.071950 3.505752 6
37.608981 3.071950 22.121089 6
5.999935 13.678050 47.747929 6
12.997928 13.678050 29.132592 6
28.764935 30.428050 47.747929 6
-9.767072 30.428050 29.132592 6
1.209140 8.200800 5.509771 15
35.476815 8.200800 20.117070 15
23.974140 24.950800 5.509771 15
12.711815 24.950800 20.117070 15
26.632769 25.299200 45.743910 15
-7.634906 25.299200 31.136611 15
3.867769 8.549200 45.743910 15
15.130094 8.549200 31.136611 15
0.067724 8.753550 4.131047 6
36.618230 8.753550 21.495794 6
22.832724 25.503550 4.131047 6
13.853230 25.503550 21.495794 6
27.774185 24.746450 47.122634 6
-8.776322 24.746450 29.757887 6
5.009185 7.996450 47.122634 6
13.988678 7.996450 29.757887 6
0.587542 8.894250 7.057632 6
36.098412 8.894250 18.569209 6
23.352542 25.644250 7.057632 6
13.333412 25.644250 18.569209 6
27.254367 24.605750 44.196049 6
-8.256504 24.605750 32.684472 6
4.489367 7.855750 44.196049 6
14.508496 7.855750 32.684472 6
0.700324 6.485600 5.530272 6
35.985630 6.485600 20.096568 6
23.465324 23.235600 5.530272 6
13.220630 23.235600 20.096568 6
27.141585 27.014400 45.723409 6
-8.143722 27.014400 31.157113 6
4.376585 10.264400 45.723409 6
14.621278 10.264400 31.157113 6
4.149428 6.976040 6.548170 15
32.536527 6.976040 19.078670 15
26.914428 23.726040 6.548170 15
9.771527 23.726040 19.078670 15
23.692481 26.523960 44.705511 15
-4.694618 26.523960 32.175011 15
0.927481 9.773960 44.705511 15
18.070382 9.773960 32.175011 15
3.350357 7.055100 8.221090 6
33.335597 7.055100 17.405750 6
26.115357 23.805100 8.221090 6
10.570597 23.805100 17.405750 6
24.491551 26.444900 43.032591 6
-5.493689 26.444900 33.847931 6
1.726551 9.694900 43.032591 6
17.271311 9.694900 33.847931 6
4.165025 5.279600 5.873672 6
32.520930 5.279600 19.753169 6
26.930025 22.029600 5.873672 6
9.755930 22.029600 19.753169 6
23.676884 28.220400 45.380009 6
-4.679021 28.220400 31.500512 6
0.911884 11.470400 45.380009 6
18.085979 11.470400 31.500512 6
5.929351 7.242700 6.991002 6
30.756603 7.242700 18.635838 6
28.694351 23.992700 6.991002 6
7.991603 23.992700 18.635838 6
21.912558 26.257300 44.262679 6
-2.914695 26.257300 32.617843 6
-0.852442 9.507300 44.262679 6
19.850305 9.507300 32.617843 6
-5.568083 26.273045 38.658601 15
24.565946 26.273045 38.221920 15
17.196917 9.523045 38.658601 15
1.800946 9.523045 38.221920 15
33.409992 7.226955 12.595080 15
3.275963 7.226955 13.031761 15
10.644992 23.976955 12.595080 15
26.040963 23.976955 13.031761 15
-7.119137 25.577250 37.943100 6
26.117000 25.577250 38.937421 6
15.645863 8.827250 37.943100 6
3.352000 8.827250 38.937421 6
34.961045 7.922750 13.310581 6
1.724909 7.922750 12.316260 6
12.196045 24.672750 13.310581 6
24.489909 24.672750 12.316260 6
-4.152729 25.560500 37.732960 6
23.150592 25.560500 39.147562 6
18.612271 8.810500 37.732960 6
0.385592 8.810500 39.147562 6
31.994637 7.939500 13.520721 6
4.691317 7.939500 12.106119 6
9.229637 24.689500 13.520721 6
27.456317 24.689500 12.106119 6
-5.624987 28.024760 38.107112 6
24.622850 28.024760 38.773410 6
17.140013 11.274760 38.107112 6
1.857850 11.274760 38.773410 6
33.466896 5.475240 13.146569 6
3.219059 5.475240 12.480271 6
10.701896 22.225240 13.146569 6
25.984059 22.225240 12.480271 6
-4.034069 27.587250 41.341732 15
23.031931 27.587250 35.538790 15
18.730931 10.837250 41.341732 15
0.266931 10.837250 35.538790 15
31.875977 5.912750 9.911949 15
4.809977 5.912750 15.714891 15
9.110977 22.662750 9.911949 15
27.574977 22.662750 15.714891 15
-4.660385 29.289050 41.341219 6
23.658247 29.289050 35.539302 6
18.104615 12.539050 41.341219 6
0.893247 12.539050 35.539302 6
32.502293 4.210950 9.912462 6
4.183661 4.210950 15.714379 6
9.737293 20.960950 9.912462 6
26.948661 20.960950 15.714379 6
-3.183698 27.399650 42.985950 6
22.181561 27.399650 33.894572 6
19.581302 10.649650 42.985950 6
-0.583439 10.649650 33.894572 6
31.025607 6.100350 8.267731 6
5.660347 6.100350 17.359109 6
8.260607 22.850350 8.267731 6
28.425347 22.850350 17.359109 6
-2.539600 27.570500 40.182886 6
21.537463 27.570500 36.697636 6
20.225400 10.820500 40.182886 6
-1.227537 10.820500 36.697636 6
30.381508 5.929500 11.070795 6
6.304446 5.929500 14.556045 6
7.616508 22.679500 11.070795 6
29.069446 22.679500 14.556045 6
-16.695946 16.827720 49.227110 6
35.693809 16.827720 27.653411 6
6.069054 0.077720 49.227110 6
12.928809 0.077720 27.653411 6
44.537855 16.672280 2.026571 6
-7.851901 16.672280 23.600270 6
21.772855 33.422280 2.026571 6
14.913099 33.422280 23.600270 6
-16.328066 15.477335 49.654566 6
35.325928 15.477335 27.225955 6
6.436934 32.227335 49.654566 6
12.560928 32.227335 27.225955 6
44.169974 18.022665 1.599115 6
-7.484020 18.022665 24.027726 6
21.404974 1.272665 1.599115 6
15.280980 1.272665 24.027726 6
-15.740547 15.659240 51.177826 6
34.738410 15.659240 25.702696 6
7.024453 32.409240 51.177826 6
11.973410 32.409240 25.702696 6
43.582456 17.840760 0.075855 6
-6.896501 17.840760 25.550985 6
20.817456 1.090760 0.075855 6
15.868499 1.090760 25.550985 6
2.179359 16.817335 0.545339 6
34.506596 16.817335 25.081501 6
24.944359 0.067335 0.545339 6
11.741596 0.067335 25.081501 6
25.662550 16.682665 50.708342 6
-6.664687 16.682665 26.172180 6
2.897550 33.432665 50.708342 6
16.100313 33.432665 26.172180 6
1.830679 17.962030 0.054329 6
34.855275 17.962030 25.572512 6
24.595679 1.212030 0.054329 6
12.090275 1.212030 25.572512 6
26.011229 15.537970 51.199352 6
-7.013367 15.537970 25.681169 6
3.246229 32.287970 51.199352 6
15.751633 32.287970 25.681169 6
-16.493167 18.045445 49.858556 6
35.491029 18.045445 27.021966 6
6.271833 1.295445 49.858556 6
12.726029 1.295445 27.021966 6
44.335075 15.454555 1.395125 6
-7.649121 15.454555 24.231715 6
21.570075 32.204555 1.395125 6
15.115879 32.204555 24.231715 6
28.132785 16.943630 47.987284 6
-9.134922 16.943630 28.893238 6
5.367785 0.193630 47.987284 6
13.630078 0.193630 28.893238 6
-0.290876 16.556370 3.266397 6
36.976830 16.556370 22.360443 6
22.474124 33.306370 3.266397 6
14.211830 33.306370 22.360443 6
27.531386 16.901755 46.843302 6
-8.533524 16.901755 30.037220 6
4.766386 0.151755 46.843302 6
14.231476 0.151755 30.037220 6
0.310522 16.598245 4.410379 6
36.375432 16.598245 21.216461 6
23.075522 33.348245 4.410379 6
13.610432 33.348245 21.216461 6
26.725090 16.953680 45.733660 6
-7.727227 16.953680 31.146862 6
3.960090 0.203680 45.733660 6
15.037773 0.203680 31.146862 6
1.116819 16.546320 5.520021 6
35.569136 16.546320 20.106819 6
23.881819 33.296320 5.520021 6
12.804136 33.296320 20.106819 6
26.477186 18.174085 45.106315 6
-7.479323 18.174085 31.774207 6
3.712186 1.424085 45.106315 6
15.285677 1.424085 31.774207 6
1.364722 15.325915 6.147367 6
35.321232 15.325915 19.479474 6
24.129722 32.075915 6.147367 6
12.556232 32.075915 19.479474 6
25.668430 18.242760 43.907491 6
-6.670567 18.242760 32.973031 6
2.903430 1.492760 43.907491 6
16.094433 1.492760 32.973031 6
2.173478 15.257240 7.346190 6
34.512476 15.257240 18.280650 6
24.938478 32.007240 7.346190 6
11.747476 32.007240 18.280650 6
25.207292 17.063895 43.345238 7
-6.209429 17.063895 33.535284 7
2.442292 0.313895 43.345238 7
16.555571 0.313895 33.535284 7
2.634617 16.436105 7.908443 7
34.051337 16.436105 17.718398 7
25.399617 33.186105 7.908443 7
11.286337 33.186105 17.718398 7
25.489900 15.847845 43.831123 6
-6.492038 15.847845 33.049399 6
2.724900 32.597845 43.831123 6
16.272962 32.597845 33.049399 6
2.352008 17.652155 7.422558 6
34.333946 17.652155 18.204282 6
25.117008 0.902155 7.422558 6
11.568946 0.902155 18.204282 6
26.329315 15.873305 45.178582 6
-7.331452 15.873305 31.701939 6
3.564315 32.623305 45.178582 6
15.433548 32.623305 31.701939 6
1.512594 17.626695 6.075099 6
35.173361 17.626695 19.551742 6
24.277594 0.876695 6.075099 6
12.408361 0.876695 19.551742 6
2.114071 14.300815 0.465383 6
34.571883 14.300815 25.161457 6
24.879071 31.050815 0.465383 6
11.806883 31.050815 25.161457 6
25.727838 19.199185 50.788298 6
-6.729975 19.199185 26.092224 6
2.962838 2.449185 50.788298 6
16.035025 2.449185 26.092224 6
2.305019 13.441875 1.257765 6
34.380935 13.441875 24.369075 6
25.070019 30.191875 1.257765 6
11.615935 30.191875 24.369075 6
25.536890 20.058125 49.995916 6
-6.539027 20.058125 26.884606 6
2.771890 3.308125 49.995916 6
16.225973 3.308125 26.884606 6
2.555045 12.107905 1.950203 6
34.130909 12.107905 23.676638 6
25.320045 28.857905 1.950203 6
11.365909 28.857905 23.676638 6
25.286863 21.392095 49.303478 6
-6.289001 21.392095 27.577043 6
2.521863 4.642095 49.303478 6
16.475999 4.642095 27.577043 6
2.683480 10.984315 1.562212 6
34.002474 10.984315 24.064628 6
25.448480 27.734315 1.562212 6
11.237474 27.734315 24.064628 6
25.158428 22.515685 49.691469 6
-6.160565 22.515685 27.189053 6
2.393428 5.765685 49.691469 6
16.604435 5.765685 27.189053 6
2.950044 9.915330 2.384834 6
33.735910 9.915330 23.242007 6
25.715044 26.665330 2.384834 6
10.970910 26.665330 23.242007 6
24.891864 23.584670 48.868847 6
-5.894002 23.584670 28.011674 6
2.126864 6.834670 48.868847 6
16.870998 6.834670 28.011674 6
2.924975 10.149495 3.745106 7
33.760979 10.149495 21.881734 7
25.689975 26.899495 3.745106 7
10.995979 26.899495 21.881734 7
24.916933 23.350505 47.508575 7
-5.919071 23.350505 29.371947 7
2.151933 6.600505 47.508575 7
16.845929 6.600505 29.371947 7
2.836583 11.295530 4.211002 6
33.849371 11.295530 21.415838 6
25.601583 28.045530 4.211002 6
11.084371 28.045530 21.415838 6
25.005326 22.204470 47.042679 6
-6.007463 22.204470 29.837843 6
2.240326 5.454470 47.042679 6
16.757537 5.454470 29.837843 6
2.660680 12.496170 3.402732 6
34.025275 12.496170 22.224109 6
25.425680 29.246170 3.402732 6
11.260275 29.246170 22.224109 6
25.181229 21.003830 47.850949 6
-6.183366 21.003830 29.029572 6
2.416229 4.253830 47.850949 6
16.581634 4.253830 29.029572 6
1.872522 19.147595 0.718064 6
34.813432 19.147595 24.908776 6
24.637522 2.397595 0.718064 6
12.048432 2.397595 24.908776 6
25.969387 14.352405 50.535617 6
-6.971524 14.352405 26.344905 6
3.204387 31.102405 50.535617 6
15.793476 31.102405 26.344905 6
1.946805 20.182745 1.419727 6
34.739149 20.182745 24.207114 6
24.711805 3.432745 1.419727 6
11.974149 3.432745 24.207114 6
25.895103 13.317255 49.833954 6
-6.897240 13.317255 27.046567 6
3.130103 30.067255 49.833954 6
15.867760 30.067255 27.046567 6
2.194554 21.326435 2.325892 6
34.491400 21.326435 23.300948 6
24.959554 4.576435 2.325892 6
11.726400 4.576435 23.300948 6
25.647354 12.173565 48.927789 6
-6.649491 12.173565 27.952733 6
2.882354 28.923565 48.927789 6
16.115509 28.923565 27.952733 6
2.495188 20.841020 3.933720 6
34.190767 20.841020 21.693121 6
25.260188 4.091020 3.933720 6
11.425767 4.091020 21.693121 6
25.346721 12.658980 47.319961 6
-6.348858 12.658980 29.560561 6
2.581721 29.408980 47.319961 6
16.416142 29.408980 29.560561 6
2.566304 22.055730 4.619494 6
34.119651 22.055730 21.007346 6
25.331304 5.305730 4.619494 6
11.354651 5.305730 21.007346 6
25.275605 11.444270 46.634187 6
-6.277742 11.444270 30.246335 6
2.510605 28.194270 46.634187 6
16.487258 28.194270 30.246335 6
2.542220 23.259050 4.249955 7
34.143734 23.259050 21.376885 7
25.307220 6.509050 4.249955 7
11.378734 6.509050 21.376885 7
25.299689 10.240950 47.003726 7
-6.301826 10.240950 29.876796 7
2.534689 26.990950 47.003726 7
16.463174 26.990950 29.876796 7
2.312861 23.712640 2.987065 6
34.373093 23.712640 22.639776 6
25.077861 6.962640 2.987065 6
11.608093 6.962640 22.639776 6
25.529047 9.787360 48.266617 6
-6.531185 9.787360 28.613905 6
2.764047 26.537360 48.266617 6
16.233815 26.537360 28.613905 6
2.060081 22.524730 2.087562 6
34.625873 22.524730 23.539278 6
24.825081 5.774730 2.087562 6
11.860873 5.774730 23.539278 6
25.781827 10.975270 49.166119 6
-6.783965 10.975270 27.714403 6
3.016827 27.725270 49.166119 6
15.981035 27.725270 27.714403 6
-10.261219 18.288990 40.226964 6
29.259082 18.288990 36.653557 6
12.503781 1.538990 40.226964 6
6.494082 1.538990 36.653557 6
38.103128 15.211010 11.026717 6
-1.417174 15.211010 14.600124 6
15.338128 31.961010 11.026717 6
21.347826 31.961010 14.600124 6
-9.492539 17.125870 40.249003 6
28.490401 17.125870 36.631518 6
13.272461 0.375870 40.249003 6
5.725401 0.375870 36.631518 6
37.334447 16.374130 11.004678 6
-0.648493 16.374130 14.622163 6
14.569447 33.124130 11.004678 6
22.116507 33.124130 14.622163 6
-10.246751 15.854545 40.297182 6
29.244614 15.854545 36.583340 6
12.518249 32.604545 40.297182 6
6.479614 32.604545 36.583340 6
38.088660 17.645455 10.956499 6
-1.402706 17.645455 14.670341 6
15.323660 0.895455 10.956499 6
21.362294 0.895455 14.670341 6
-11.675270 15.799940 40.255666 6
30.673133 15.799940 36.624855 6
11.089730 32.549940 40.255666 6
7.908133 32.549940 36.624855 6
39.517178 17.700060 10.998015 6
-2.831224 17.700060 14.628826 6
16.752178 0.950060 10.998015 6
19.933776 0.950060 14.628826 6
-12.333951 17.058870 40.215688 6
31.331814 17.058870 36.664833 6
10.431049 0.308870 40.215688 6
8.566814 0.308870 36.664833 6
40.175860 16.441130 11.037993 6
-3.489905 16.441130 14.588848 6
17.410860 33.191130 11.037993 6
19.275095 33.191130 14.588848 6
-11.666209 18.332540 40.197750 6
30.664072 18.332540 36.682772 6
11.098791 1.582540 40.197750 6
7.899072 1.582540 36.682772 6
39.508118 15.167460 11.055932 6
-2.822164 15.167460 14.570909 6
16.743118 31.917460 11.055932 6
19.942836 31.917460 14.570909 6
-9.513368 19.586110 40.286931 6
28.511231 19.586110 36.593591 6
13.251632 2.836110 40.286931 6
5.746231 2.836110 36.593591 6
37.355276 13.913890 10.966750 6
-0.669322 13.913890 14.660090 6
14.590276 30.663890 10.966750 6
22.095678 30.663890 14.660090 6
-8.971132 20.650740 40.355611 6
27.968995 20.650740 36.524911 6
13.793868 3.900740 40.355611 6
5.203995 3.900740 36.524911 6
36.813041 12.849260 10.898070 6
-0.127086 12.849260 14.728770 6
14.048041 29.599260 10.898070 6
22.637914 29.599260 14.728770 6
-8.209484 21.819555 40.446842 6
27.207347 21.819555 36.433679 6
14.555516 5.069555 40.446842 6
4.442347 5.069555 36.433679 6
36.051393 11.680445 10.806839 6
0.634561 11.680445 14.820002 6
13.286393 28.430445 10.806839 6
23.399561 28.430445 14.820002 6
-8.837217 22.951520 40.949128 6
27.835080 22.951520 35.931393 6
13.927783 6.201520 40.949128 6
5.070080 6.201520 35.931393 6
36.679126 10.548480 10.304553 6
0.006829 10.548480 15.322288 6
13.914126 27.298480 10.304553 6
22.771829 27.298480 15.322288 6
-8.050538 24.191690 41.083926 6
27.048400 24.191690 35.796596 6
14.714462 7.441690 41.083926 6
4.283400 7.441690 35.796596 6
35.892446 9.308310 10.169755 6
0.793508 9.308310 15.457085 6
13.127446 26.058310 10.169755 6
23.558508 26.058310 15.457085 6
-6.725878 24.206095 40.621617 7
25.723741 24.206095 36.258904 7
16.039122 7.456095 40.621617 7
2.958741 7.456095 36.258904 7
34.567787 9.293905 10.632064 7
2.118167 9.293905 14.994777 7
11.802787 26.043905 10.632064 7
24.883167 26.043905 14.994777 7
-6.103541 23.038955 40.170585 6
25.101403 23.038955 36.709937 6
16.661459 6.288955 40.170585 6
2.336403 6.288955 36.709937 6
33.945449 10.461045 11.083096 6
2.740505 10.461045 14.543745 6
11.180449 27.211045 11.083096 6
25.505505 27.211045 14.543745 6
-6.831660 21.874495 40.045526 6
25.829523 21.874495 36.834995 6
15.933340 5.124495 40.045526 6
3.064523 5.124495 36.834995 6
34.673568 11.625505 11.208155 6
2.012386 11.625505 14.418686 6
11.908568 28.375505 11.208155 6
24.777386 28.375505 14.418686 6
-9.497259 14.667305 40.348435 6
28.495122 14.667305 36.532086 6
13.267741 31.417305 40.348435 6
5.730122 31.417305 36.532086 6
37.339168 18.832695 10.905246 6
-0.653213 18.832695 14.721595 6
14.574168 2.082695 10.905246 6
22.111787 2.082695 14.721595 6
-8.821703 13.640865 40.542687 6
27.819565 13.640865 36.337835 6
13.943297 30.390865 40.542687 6
5.054565 30.390865 36.337835 6
36.663611 19.859135 10.710994 6
0.022343 19.859135 14.915846 6
13.898611 3.109135 10.710994 6
22.787343 3.109135 14.915846 6
-8.094393 12.453960 40.740013 6
27.092255 12.453960 36.140508 6
14.670607 29.203960 40.740013 6
4.327255 29.203960 36.140508 6
35.936301 21.046040 10.513668 6
0.749653 21.046040 15.113173 6
13.171301 4.296040 10.513668 6
23.514653 4.296040 15.113173 6
-6.662162 12.459320 40.476570 6
25.660025 12.459320 36.403952 6
16.102838 29.209320 40.476570 6
2.895025 29.209320 36.403952 6
34.504071 21.040680 10.777112 6
2.181884 21.040680 14.849729 6
11.739071 4.290680 10.777112 6
24.946884 4.290680 14.849729 6
-5.903682 11.195030 40.694398 6
24.901545 11.195030 36.186124 6
16.861318 27.945030 40.694398 6
2.136545 27.945030 36.186124 6
33.745591 22.304970 10.559283 6
2.940364 22.304970 15.067557 6
10.980591 5.554970 10.559283 6
25.705364 5.554970 15.067557 6
-6.550737 10.071440 41.061374 7
25.548600 10.071440 35.819148 7
16.214263 26.821440 41.061374 7
2.783600 26.821440 35.819148 7
34.392645 23.428560 10.192307 7
2.293309 23.428560 15.434534 7
11.627645 6.678560 10.192307 7
25.058309 6.678560 15.434534 7
-7.903840 10.092545 41.342244 6
26.901703 10.092545 35.538277 6
14.861160 26.842545 41.342244 6
4.136703 26.842545 35.538277 6
35.745749 23.407455 9.911437 6
0.940205 23.407455 15.715404 6
12.980749 6.657455 9.911437 6
23.705205 6.657455 15.715404 6
-8.682606 11.280455 41.126466 6
27.680468 11.280455 35.754055 6
14.082394 28.030455 41.126466 6
4.915468 28.030455 35.754055 6
36.524514 22.219545 10.127215 6
0.161440 22.219545 15.499626 6
13.759514 5.469545 10.127215 6
22.926440 5.469545 15.499626 6
-13.765152 16.995890 40.241315 6
32.763015 16.995890 36.639206 6
8.999848 0.245890 40.241315 6
9.998015 0.245890 36.639206 6
41.607061 16.504110 11.012366 6
-4.921107 16.504110 14.614475 6
18.842061 33.254110 11.012366 6
17.843893 33.254110 14.614475 6
30.583622 16.990530 40.241828 6
-11.585760 16.990530 36.638694 6
7.818622 0.240530 40.241828 6
11.179240 0.240530 36.638694 6
-2.741714 16.509470 11.011853 6
39.427668 16.509470 14.614987 6
20.023286 33.259470 11.011853 6
16.662668 33.259470 14.614987 6
29.085485 17.033410 40.391488 6
-10.087622 17.033410 36.489033 6
6.320485 0.283410 40.391488 6
12.677378 0.283410 36.489033 6
-1.243577 16.466590 10.862193 6
37.929531 16.466590 14.764648 6
21.521423 33.216590 10.862193 6
15.164531 33.216590 14.764648 6
28.380228 15.824060 40.471957 6
-9.382366 15.824060 36.408565 6
5.615228 32.574060 40.471957 6
13.382634 32.574060 36.408565 6
-0.538320 17.675940 10.781724 6
37.224274 17.675940 14.845116 6
22.226680 0.925940 10.781724 6
14.459274 0.925940 14.845116 6
27.021399 15.856890 40.727200 6
-8.023537 15.856890 36.153322 6
4.256399 32.606890 40.727200 6
14.741463 32.606890 36.153322 6
0.820509 17.643110 10.526481 6
35.865445 17.643110 15.100360 6
23.585509 0.893110 10.526481 6
13.100445 0.893110 15.100360 6
26.354765 17.077295 40.799980 7
-7.356902 17.077295 36.080541 7
3.589765 0.327295 40.799980 7
15.408098 0.327295 36.080541 7
1.487144 16.422705 10.453701 7
35.198810 16.422705 15.173140 7
24.252144 33.172705 10.453701 7
12.433810 33.172705 15.173140 7
27.029559 18.317800 40.696960 6
-8.031696 18.317800 36.183561 6
4.264559 1.567800 40.696960 6
14.733304 1.567800 36.183561 6
0.812350 15.182200 10.556721 6
35.873605 15.182200 15.070120 6
23.577350 31.932200 10.556721 6
13.108605 31.932200 15.070120 6
28.348865 18.271235 40.405839 6
-9.351003 18.271235 36.474682 6
5.583865 1.521235 40.405839 6
13.413997 1.521235 36.474682 6
-0.506957 15.228765 10.847842 6
37.192911 15.228765 14.778999 6
22.258043 31.978765 10.847842 6
14.427911 31.978765 14.778999 6
11.118806 10.560875 0.936917 6
25.567148 10.560875 24.689923 6
33.883806 27.310875 0.936917 6
2.802148 27.310875 24.689923 6
16.723103 22.939125 50.316764 6
2.274760 22.939125 26.563758 6
-6.041897 6.189125 50.316764 6
25.039760 6.189125 26.563758 6
-6.615312 10.039950 50.850315 6
25.613175 10.039950 26.030207 6
16.149688 26.789950 50.850315 6
2.848175 26.789950 26.030207 6
34.457221 23.460050 0.403366 6
2.228734 23.460050 25.223474 6
11.692221 6.710050 0.403366 6
24.993734 6.710050 25.223474 6
-5.478343 10.457360 50.012317 6
24.476206 10.457360 26.868205 6
17.286657 27.207360 50.012317 6
1.711206 27.207360 26.868205 6
33.320252 23.042640 1.241364 6
3.365703 23.042640 24.385476 6
10.555252 6.292640 1.241364 6
26.130703 6.292640 24.385476 6
-4.384727 11.270740 50.474113 6
23.382590 11.270740 26.406409 6
18.380273 28.020740 50.474113 6
0.617590 28.020740 26.406409 6
32.226636 22.229260 0.779568 6
4.459319 22.229260 24.847272 6
9.461636 5.479260 0.779568 6
27.224319 5.479260 24.847272 6
13.237476 11.689490 0.524838 6
23.448479 11.689490 25.102003 6
36.002476 28.439490 0.524838 6
0.683479 28.439490 25.102003 6
14.604433 21.810510 50.728843 6
4.393430 21.810510 26.151678 6
-8.160567 5.060510 50.728843 6
27.158430 5.060510 26.151678 6
12.165650 11.289500 1.464318 6
24.520304 11.289500 24.162523 6
34.930650 28.039500 1.464318 6
1.755304 28.039500 24.162523 6
15.676258 22.210500 49.789363 6
3.321604 22.210500 27.091158 6
-7.088742 5.460500 49.789363 6
26.086604 5.460500 27.091158 6
9.954660 10.130735 1.815405 6
26.731294 10.130735 23.811435 6
32.719660 26.880735 1.815405 6
3.966294 26.880735 23.811435 6
17.887249 23.369265 49.438276 6
1.110614 23.369265 27.442246 6
-4.877751 6.619265 49.438276 6
23.875614 6.619265 27.442246 6
8.996457 9.918345 2.539107 6
27.689497 9.918345 23.087733 6
31.761457 26.668345 2.539107 6
4.924497 26.668345 23.087733 6
18.845451 23.581655 48.714574 6
0.152411 23.581655 28.165948 6
-3.919549 6.831655 48.714574 6
22.917411 6.831655 28.165948 6
7.857153 9.530750 3.211043 6
28.828801 9.530750 22.415797 6
30.622153 26.280750 3.211043 6
6.063801 26.280750 22.415797 6
19.984755 23.969250 48.042638 6
-0.986892 23.969250 28.837884 6
-2.780245 7.219250 48.042638 6
21.778108 7.219250 28.837884 6
7.368878 10.281485 4.243292 6
29.317076 10.281485 21.383548 6
30.133878 27.031485 4.243292 6
6.552076 27.031485 21.383548 6
20.473030 23.218515 47.010389 6
-1.475168 23.218515 29.870133 6
-2.291970 6.468515 47.010389 6
21.289832 6.468515 29.870133 6
6.103869 9.963235 4.866537 6
30.582085 9.963235 20.760304 6
28.868869 26.713235 4.866537 6
7.817085 26.713235 20.760304 6
21.738039 23.536765 46.387144 6
-2.740177 23.536765 30.493378 6
-1.026961 6.786765 46.387144 6
20.024823 6.786765 30.493378 6
5.408703 8.918705 4.437544 7
31.277251 8.918705 21.189297 7
28.173703 25.668705 4.437544 7
8.512251 25.668705 21.189297 7
22.433206 24.581295 46.816137 7
-3.435343 24.581295 30.064384 7
-0.331794 7.831295 46.816137 7
19.329657 7.831295 30.064384 7
5.879067 8.089915 3.470387 6
30.806887 8.089915 22.156454 6
28.644067 24.839915 3.470387 6
8.041887 24.839915 22.156454 6
21.962841 25.410085 47.783294 6
-2.964979 25.410085 29.097227 6
-0.802159 8.660085 47.783294 6
19.800021 8.660085 29.097227 6
7.108615 8.398450 2.781025 6
29.577339 8.398450 22.845816 6
29.873615 25.148450 2.781025 6
6.812339 25.148450 22.845816 6
20.733293 25.101550 48.472656 6
-1.735430 25.101550 28.407865 6
-2.031707 8.351550 48.472656 6
21.029570 8.351550 28.407865 6
-5.551337 10.101590 48.590540 6
24.549200 10.101590 28.289982 6
17.213663 26.851590 48.590540 6
1.784200 26.851590 28.289982 6
33.393245 23.398410 2.663141 6
3.292709 23.398410 22.963699 6
10.628245 6.648410 2.663141 6
26.057709 6.648410 22.963699 6
-5.556220 9.702605 47.435794 6
24.554083 9.702605 29.444727 6
17.208780 26.452605 47.435794 6
1.789083 26.452605 29.444727 6
33.398128 23.797395 3.817887 6
3.287826 23.797395 21.808954 6
10.633128 7.047395 3.817887 6
26.052826 7.047395 21.808954 6
-5.530984 9.376315 46.047332 6
24.528846 9.376315 30.833189 6
17.234016 26.126315 46.047332 6
1.763846 26.126315 30.833189 6
33.372892 24.123685 5.206349 6
3.313062 24.123685 20.420492 6
10.607892 7.373685 5.206349 6
26.078062 7.373685 20.420492 6
-6.407487 8.393425 45.543508 6
25.405350 8.393425 31.337013 6
16.357513 25.143425 45.543508 6
2.640350 25.143425 31.337013 6
34.249395 25.106575 5.710173 6
2.436559 25.106575 19.916668 6
11.484395 8.356575 5.710173 6
25.201559 8.356575 19.916668 6
-6.332593 8.060100 44.166835 6
25.330456 8.060100 32.713687 6
16.432407 24.810100 44.166835 6
2.565456 24.810100 32.713687 6
34.174502 25.439900 7.086846 6
2.511452 25.439900 18.539994 6
11.409502 8.689900 7.086846 6
25.276452 8.689900 18.539994 6
-5.490983 8.713350 43.341650 7
24.488846 8.713350 33.538871 7
17.274017 25.463350 43.341650 7
1.723846 25.463350 33.538871 7
33.332892 24.786650 7.912031 7
3.353063 24.786650 17.714810 7
10.567892 8.036650 7.912031 7
26.118063 8.036650 17.714810 7
-4.574233 9.683510 43.854187 6
23.572096 9.683510 33.026334 6
18.190767 26.433510 43.854187 6
0.807096 26.433510 33.026334 6
32.416142 23.816490 7.399494 6
4.269812 23.816490 18.227347 6
9.651142 7.066490 7.399494 6
27.034812 7.066490 18.227347 6
-4.624845 10.077805 45.227786 6
23.622708 10.077805 31.652736 6
18.140155 26.827805 45.227786 6
0.857708 26.827805 31.652736 6
32.466754 23.422195 6.025895 6
4.219200 23.422195 19.600945 6
9.701754 6.672195 6.025895 6
26.984200 6.672195 19.600945 6
14.305614 12.500860 1.041987 6
22.380340 12.500860 24.584853 6
37.070614 29.250860 1.041987 6
-0.384660 29.250860 24.584853 6
13.536294 20.999140 50.211694 6
5.461568 20.999140 26.668828 6
-9.228706 4.249140 50.211694 6
28.226568 4.249140 26.668828 6
15.133973 13.244560 1.521722 6
21.551981 13.244560 24.105119 6
37.898973 29.994560 1.521722 6
-1.213019 29.994560 24.105119 6
12.707935 20.255440 49.731959 6
6.289928 20.255440 27.148562 6
-10.057065 3.505440 49.731959 6
29.054928 3.505440 27.148562 6
16.104268 14.184235 2.025545 6
20.581686 14.184235 23.601295 6
38.869268 30.934235 2.025545 6
-2.183314 30.934235 23.601295 6
11.737640 19.315765 49.228136 6
7.260223 19.315765 27.652386 6
-11.027360 2.565765 49.228136 6
30.025223 2.565765 27.652386 6
17.094647 14.697790 1.162433 6
19.591307 14.697790 24.464407 6
39.859647 31.447790 1.162433 6
-3.173693 31.447790 24.464407 6
10.747261 18.802210 50.091248 6
8.250601 18.802210 26.789274 6
-12.017739 2.052210 50.091248 6
31.015601 2.052210 26.789274 6
18.029219 15.624065 1.716998 6
18.656735 15.624065 23.909842 6
40.794219 32.374065 1.716998 6
-4.108265 32.374065 23.909842 6
9.812690 17.875935 49.536683 6
9.185173 17.875935 27.343839 6
-12.952310 1.125935 49.536683 6
31.950173 1.125935 27.343839 6
17.972748 15.988880 2.971688 7
18.713207 15.988880 22.655152 7
40.737748 32.738880 2.971688 7
-4.051793 32.738880 22.655152 7
9.869161 17.511120 48.281993 7
9.128702 17.511120 28.598529 7
-12.895839 0.761120 48.281993 7
31.893702 0.761120 28.598529 7
17.053245 15.454220 3.837876 6
19.632709 15.454220 21.788965 6
39.818245 32.204220 3.837876 6
-3.132291 32.204220 21.788965 6
10.788664 18.045780 47.415805 6
8.209199 18.045780 29.464716 6
-11.976336 1.295780 47.415805 6
30.974199 1.295780 29.464716 6
16.060434 14.586235 3.394019 6
20.625521 14.586235 22.232822 6
38.825434 31.336235 3.394019 6
-2.139479 31.336235 22.232822 6
11.781475 18.913765 47.859662 6
7.216388 18.913765 29.020859 6
-10.983525 2.163765 47.859662 6
29.981388 2.163765 29.020859 6
10.471895 23.391040 0.489473 6
26.214059 23.391040 25.137368 6
33.236895 6.641040 0.489473 6
3.449059 6.641040 25.137368 6
17.370014 10.108960 50.764208 6
1.627849 10.108960 26.116313 6
-5.394986 26.858960 50.764208 6
24.392849 26.858960 26.116313 6
-7.267811 23.872770 50.408508 6
26.265674 23.872770 26.472014 6
15.497189 7.122770 50.408508 6
3.500674 7.122770 26.472014 6
35.109720 9.627230 0.845173 6
1.576235 9.627230 24.781667 6
12.344720 26.377230 0.845173 6
24.341235 26.377230 24.781667 6
-6.130466 23.632240 49.634065 6
25.128328 23.632240 27.246457 6
16.634534 6.882240 49.634065 6
2.363328 6.882240 27.246457 6
33.972374 9.867760 1.619616 6
2.713580 9.867760 24.007224 6
11.207374 26.617760 1.619616 6
25.478580 26.617760 24.007224 6
-4.963667 23.007800 50.039481 6
23.961530 23.007800 26.841040 6
17.801333 6.257800 50.039481 6
1.196530 6.257800 26.841040 6
32.805576 10.492200 1.214200 6
3.880378 10.492200 24.412641 6
10.040576 27.242200 1.214200 6
26.645378 27.242200 24.412641 6
12.629658 22.473140 0.115833 6
24.056296 22.473140 25.511007 6
35.394658 5.723140 0.115833 6
1.291296 5.723140 25.511007 6
15.212251 11.026860 51.137848 6
3.785612 11.026860 25.742674 6
-7.552749 27.776860 51.137848 6
26.550612 27.776860 25.742674 6
11.599046 22.701275 0.935892 6
25.086908 22.701275 24.690948 6
34.364046 5.951275 0.935892 6
2.321908 5.951275 24.690948 6
16.242863 10.798725 50.317789 6
2.755000 10.798725 26.562733 6
-6.522137 27.548725 50.317789 6
25.520000 27.548725 26.562733 6
9.342244 23.662055 1.348484 6
27.343711 23.662055 24.278356 6
32.107244 6.912055 1.348484 6
4.578711 6.912055 24.278356 6
18.499665 9.837945 49.905197 6
0.498198 9.837945 26.975325 6
-4.265335 26.587945 49.905197 6
23.263198 26.587945 26.975325 6
8.491354 23.867075 2.112164 6
28.194600 23.867075 23.514676 6
31.256354 7.117075 2.112164 6
5.429600 7.117075 23.514676 6
19.350554 9.632925 49.141517 6
-0.352692 9.632925 27.739005 6
-3.414446 26.382925 49.141517 6
22.412308 26.382925 27.739005 6
7.328332 24.038260 2.949137 6
29.357623 24.038260 22.677704 6
30.093332 7.288260 2.949137 6
6.592623 7.288260 22.677704 6
20.513577 9.461740 48.304544 6
-1.515714 9.461740 28.575977 6
-2.251423 26.211740 48.304544 6
21.249286 26.211740 28.575977 6
7.003745 23.175300 4.075693 6
29.682210 23.175300 21.551148 6
29.768745 6.425300 4.075693 6
6.917210 6.425300 21.551148 6
20.838164 10.324700 47.177988 6
-1.840301 10.324700 29.702533 6
-1.926836 27.074700 47.177988 6
20.924699 27.074700 29.702533 6
5.793056 23.465075 4.881913 6
30.892898 23.465075 20.744927 6
28.558056 6.715075 4.881913 6
8.127898 6.715075 20.744927 6
22.048852 10.034925 46.371768 6
-3.050989 10.034925 30.508754 6
-0.716148 26.784925 46.371768 6
19.714011 26.784925 30.508754 6
5.074021 24.449975 4.621032 7
31.611933 24.449975 21.005809 7
27.839021 7.699975 4.621032 7
8.846933 7.699975 21.005809 7
22.767888 9.050025 46.632649 7
-3.770025 9.050025 30.247872 7
0.002888 25.800025 46.632649 7
18.994975 25.800025 30.247872 7
5.246432 25.359500 3.626710 6
31.439522 25.359500 22.000130 6
28.011432 8.609500 3.626710 6
8.674522 8.609500 22.000130 6
22.595476 8.140500 47.626971 6
-3.597613 8.140500 29.253551 6
-0.169524 24.890500 47.626971 6
19.167387 24.890500 29.253551 6
6.538072 25.132370 2.775899 6
30.147882 25.132370 22.850941 6
29.303072 8.382370 2.775899 6
7.382882 8.382370 22.850941 6
21.303836 8.367630 48.477782 6
-2.305974 8.367630 28.402740 6
-1.461164 25.117630 48.477782 6
20.459026 25.117630 28.402740 6
-6.094892 24.116650 48.223563 6
25.092755 24.116650 28.656958 6
16.670108 7.366650 48.223563 6
2.327755 7.366650 28.656958 6
33.936800 9.383350 3.030118 6
2.749154 9.383350 22.596723 6
11.171800 26.133350 3.030118 6
25.514154 26.133350 22.596723 6
-6.030278 24.513290 47.106233 6
25.028141 24.513290 29.774288 6
16.734722 7.763290 47.106233 6
2.263141 7.763290 29.774288 6
33.872186 8.986710 4.147448 6
2.813768 8.986710 21.479393 6
11.107186 25.736710 4.147448 6
25.578768 25.736710 21.479393 6
-5.855097 24.899545 45.643453 6
24.852960 24.899545 31.237068 6
16.909903 8.149545 45.643453 6
2.087960 8.149545 31.237068 6
33.697005 8.600455 5.610228 6
2.988949 8.600455 20.016613 6
10.932005 25.350455 5.610228 6
25.753949 25.350455 20.016613 6
-6.639132 25.935365 45.188320 6
25.636995 25.935365 31.692201 6
16.125868 9.185365 45.188320 6
2.871995 9.185365 31.692201 6
34.481040 7.564635 6.065361 6
2.204914 7.564635 19.561480 6
11.716040 24.314635 6.065361 6
24.969914 24.314635 19.561480 6
-6.473345 26.243900 43.768593 6
25.471208 26.243900 33.111928 6
16.291655 9.493900 43.768593 6
2.706208 9.493900 33.111928 6
34.315254 7.256100 7.485088 6
2.370701 7.256100 18.141753 6
11.550254 24.006100 7.485088 6
25.135701 24.006100 18.141753 6
-5.663459 25.497855 43.002351 7
24.661322 25.497855 33.878171 7
17.101541 8.747855 43.002351 7
1.896322 8.747855 33.878171 7
33.505367 8.002145 8.251330 7
3.180587 8.002145 17.375510 7
10.740367 24.752145 8.251330 7
25.945587 24.752145 17.375510 7
-4.952341 24.487830 43.477473 6
23.950204 24.487830 33.403049 6
17.812659 7.737830 43.477473 6
1.185204 7.737830 33.403049 6
32.794249 9.012170 7.776208 6
3.891705 9.012170 17.850632 6
10.029249 25.762170 7.776208 6
26.656705 25.762170 17.850632 6
-5.009818 24.158525 44.892074 6
24.007681 24.158525 31.988447 6
17.755182 7.408525 44.892074 6
1.242681 7.408525 31.988447 6
32.851727 9.341475 6.361607 6
3.834227 9.341475 19.265234 6
10.086727 26.091475 6.361607 6
26.599227 26.091475 19.265234 6
13.793986 21.740830 0.618119 6
22.891968 21.740830 25.008721 6
36.558986 4.990830 0.618119 6
0.126968 4.990830 25.008721 6
14.047922 11.759170 50.635562 6
4.949940 11.759170 26.244960 6
-8.717078 28.509170 50.635562 6
27.714940 28.509170 26.244960 6
14.746331 21.078200 1.076327 6
21.939623 21.078200 24.550513 6
37.511331 4.328200 1.076327 6
-0.825377 4.328200 24.550513 6
13.095577 12.421800 50.177354 6
5.902286 12.421800 26.703168 6
-9.669423 29.171800 50.177354 6
28.667286 29.171800 26.703168 6
15.819458 20.308370 1.609366 6
20.866496 20.308370 24.017475 6
38.584458 3.558370 1.609366 6
-1.898504 3.558370 24.017475 6
12.022450 13.191630 49.644315 6
6.975413 13.191630 27.236206 6
-10.742550 29.941630 49.644315 6
29.740413 29.941630 27.236206 6
16.951376 20.038025 0.936405 6
19.734578 20.038025 24.690436 6
39.716376 3.288025 0.936405 6
-3.030422 3.288025 24.690436 6
10.890533 13.461975 50.317276 6
8.107330 13.461975 26.563245 6
-11.874467 30.211975 50.317276 6
30.872330 30.211975 26.563245 6
17.959854 19.185450 1.478669 6
18.726101 19.185450 24.148172 6
40.724854 2.435450 1.478669 6
-4.038899 2.435450 24.148172 6
9.882055 14.314550 49.775012 6
9.115808 14.314550 27.105509 6
-12.882945 31.064550 49.775012 6
31.880808 31.064550 27.105509 6
17.803517 18.746265 2.798451 7
18.882437 18.746265 22.828390 7
40.568517 1.996265 2.798451 7
-3.882563 1.996265 22.828390 7
10.038391 14.753735 48.455230 7
8.959472 14.753735 28.425292 7
-12.726609 31.503735 48.455230 7
31.724472 31.503735 28.425292 7
16.631671 18.998185 3.502677 6
20.054283 18.998185 22.124164 6
39.396671 2.248185 3.502677 6
-2.710717 2.248185 22.124164 6
11.210238 14.501815 47.751004 6
7.787625 14.501815 29.129517 6
-11.554762 31.251815 47.751004 6
30.552625 31.251815 29.129517 6
15.565370 19.774380 2.889170 6
21.120584 19.774380 22.737671 6
38.330370 3.024380 2.889170 6
-1.644416 3.024380 22.737671 6
12.276538 13.725620 48.364511 6
6.721325 13.725620 28.516011 6
-10.488462 30.475620 48.364511 6
29.486325 30.475620 28.516011 6
18.342977 5.580095 12.813420 27
-4.422023 22.330095 12.813420 27
9.498931 27.919905 38.440261 27
-13.266069 11.169905 38.440261 27
20.630887 5.561000 9.653631 5
16.055067 5.561000 15.973210 5
-2.134113 22.311000 9.653631 5
38.820067 22.311000 15.973210 5
7.211022 27.939000 41.600050 5
11.786841 27.939000 35.280471 5
29.976022 11.189000 41.600050 5
-10.978159 11.189000 35.280471 5
21.115400 4.676600 11.086171 5
15.570554 4.676600 14.540669 5
-1.649600 21.426600 11.086171 5
38.335554 21.426600 14.540669 5
6.726509 28.823400 40.167510 5
12.271354 28.823400 36.713012 5
29.491509 12.073400 40.167510 5
-10.493646 12.073400 36.713012 5
19.645072 4.050150 10.188207 5
17.040882 4.050150 15.438634 5
-3.119928 20.800150 10.188207 5
39.805882 20.800150 15.438634 5
8.196836 29.449850 41.065474 5
10.801026 29.449850 35.815047 5
30.961836 12.699850 41.065474 5
-11.963974 12.699850 35.815047 5
18.948275 5.614600 9.581876 5
17.737679 5.614600 16.044965 5
41.713275 22.364600 9.581876 5
-5.027321 22.364600 16.044965 5
8.893633 27.885400 41.671805 5
10.104230 27.885400 35.208716 5
-13.871367 11.135400 41.671805 5
32.869230 11.135400 35.208716 5
19.837596 7.081900 10.065710 5
16.848359 7.081900 15.561130 5
-2.927404 23.831900 10.065710 5
39.613359 23.831900 15.561130 5
8.004313 26.418100 41.187971 5
10.993550 26.418100 35.692551 5
30.769313 9.668100 41.187971 5
-11.771450 9.668100 35.692551 5
21.103772 6.455450 11.106673 5
15.582183 6.455450 14.520168 5
-1.661228 23.205450 11.106673 5
38.347183 23.205450 14.520168 5
6.738137 27.044550 40.147008 5
12.259726 27.044550 36.733513 5
29.503137 10.294550 40.147008 5
-10.505274 10.294550 36.733513 5
20.400862 5.547600 12.539213 5
16.285092 5.547600 13.087627 5
-2.364138 22.297600 12.539213 5
39.050092 22.297600 13.087627 5
7.441047 27.952400 38.714468 5
11.556816 27.952400 38.166054 5
30.206047 11.202400 38.714468 5
-11.208184 11.202400 38.166054 5
19.513429 4.066900 11.954921 5
17.172526 4.066900 13.671919 5
-3.251571 20.816900 11.954921 5
39.937526 20.816900 13.671919 5
8.328480 29.433100 39.298760 5
10.669383 29.433100 37.581762 5
31.093480 12.683100 39.298760 5
-12.095617 12.683100 37.581762 5
18.167277 4.649800 11.000578 5
18.518677 4.649800 14.626263 5
40.932277 21.399800 11.000578 5
-4.246323 21.399800 14.626263 5
9.674632 28.850200 40.253103 5
9.323231 28.850200 36.627418 5
-13.090368 12.100200 40.253103 5
32.088231 12.100200 36.627418 5
18.362614 6.408550 10.894995 6
18.323340 6.408550 14.731846 6
41.127614 23.158550 10.894995 6
-4.441660 23.158550 14.731846 6
9.479294 27.091450 40.358686 6
9.518568 27.091450 36.521836 6
-13.285706 10.341450 40.358686 6
32.283568 10.341450 36.521836 6
19.621253 6.908370 11.866765 6
17.064701 6.908370 13.760076 6
-3.143747 23.658370 11.866765 6
39.829701 23.658370 13.760076 6
8.220655 26.591630 39.386916 6
10.777207 26.591630 37.493605 6
30.985655 9.841630 39.386916 6
-11.987793 9.841630 37.493605 6
12.012451 13.823440 41.851193 27
6.985412 13.823440 35.029328 27
-10.752549 30.573440 41.851193 27
29.750412 30.573440 35.029328 27
15.829458 19.676560 9.402488 27
20.856496 19.676560 16.224353 27
38.594458 2.926560 9.402488 27
-1.908504 2.926560 16.224353 27
11.457234 17.211630 43.710677 5
7.540629 17.211630 33.169845 5
-11.307766 0.461630 43.710677 5
30.305629 0.461630 33.169845 5
16.384675 16.288370 7.543004 5
20.301279 16.288370 18.083836 5
39.149675 33.038370 7.543004 5
-2.463721 33.038370 18.083836 5
11.677720 17.124530 41.896296 5
7.320143 17.124530 34.984225 5
-11.087280 0.374530 41.896296 5
30.085143 0.374530 34.984225 5
16.164189 16.375470 9.357385 5
20.521766 16.375470 16.269456 5
38.929189 33.125470 9.357385 5
-2.243234 33.125470 16.269456 5
13.027507 16.755025 42.974674 5
5.970356 16.755025 33.905848 5
-9.737493 0.005025 42.974674 5
28.735356 0.005025 33.905848 5
14.814401 16.744975 8.279007 5
21.871553 16.744975 17.347833 5
37.579401 33.494975 8.279007 5
-0.893447 33.494975 17.347833 5
12.515729 15.962080 44.353398 5
6.482134 15.962080 32.527124 5
-10.249271 32.712080 44.353398 5
29.247134 32.712080 32.527124 5
15.326180 17.537920 6.900283 5
21.359774 17.537920 18.726557 5
38.091180 0.787920 6.900283 5
-1.405226 0.787920 18.726557 5
10.737514 15.803625 44.238077 5
8.260349 15.803625 32.642444 5
-12.027486 32.553625 44.238077 5
31.025349 32.553625 32.642444 5
17.104395 17.696375 7.015604 5
19.581560 17.696375 18.611237 5
39.869395 0.946375 7.015604 5
-3.183440 0.946375 18.611237 5
10.145682 16.561395 42.675865 5
8.852181 16.561395 34.204657 5
-12.619318 33.311395 42.675865 5
31.617181 33.311395 34.204657 5
17.696227 16.938605 8.577816 5
18.989728 16.938605 17.049024 5
40.461227 0.188605 8.577816 5
-3.775272 0.188605 17.049024 5
10.322970 14.707840 42.817838 5
8.674893 14.707840 34.062684 5
-12.442030 31.457840 42.817838 5
31.439893 31.457840 34.062684 5
17.518939 18.792160 8.435843 5
19.167016 18.792160 17.190997 5
40.283939 2.042160 8.435843 5
-3.597984 2.042160 17.190997 5
11.798557 14.327615 43.927480 5
7.199305 14.327615 32.953042 5
-10.966443 31.077615 43.927480 5
29.964305 31.077615 32.953042 5
16.043351 19.172385 7.326201 5
20.642603 19.172385 18.300639 5
38.808351 2.422385 7.326201 5
-2.122397 2.422385 18.300639 5
13.281142 15.009005 43.066931 5
5.716721 15.009005 33.813591 5
-9.483858 31.759005 43.066931 5
28.481721 31.759005 33.813591 5
14.560767 18.490995 8.186750 5
22.125187 18.490995 17.440090 5
37.325767 1.740995 8.186750 5
-0.639813 1.740995 17.440090 5
10.983169 15.552710 41.491905 6
8.014693 15.552710 35.388617 6
-11.781831 32.302710 41.491905 6
30.779693 32.302710 35.388617 6
16.858739 17.947290 9.761776 6
19.827215 17.947290 15.865064 6
39.623739 1.197290 9.761776 6
-2.937785 1.197290 15.865064 6
12.677792 15.748685 41.625165 6
6.320071 15.748685 35.255357 6
-10.087208 32.498685 41.625165 6
29.085071 32.498685 35.255357 6
15.164116 17.751315 9.628517 6
21.521838 17.751315 15.998324 6
37.929116 1.001315 9.628517 6
-1.243162 1.001315 15.998324 6
12.479386 10.415820 39.907141 5
6.518477 10.415820 36.973380 5
-10.285614 27.165820 39.907141 5
29.283477 27.165820 36.973380 5
15.362523 23.084180 11.346540 5
21.323431 23.084180 14.280301 5
38.127523 6.334180 11.346540 5
-1.441569 6.334180 14.280301 5
12.305497 10.438600 41.736898 5
6.692366 10.438600 35.143624 5
-10.459503 27.188600 41.736898 5
29.457366 27.188600 35.143624 5
15.536411 23.061400 9.516783 5
21.149543 23.061400 16.110057 5
38.301411 6.311400 9.516783 5
-1.615457 6.311400 16.110057 5
13.829543 11.148800 40.888137 5
5.168320 11.148800 35.992385 5
-8.935457 27.898800 40.888137 5
27.933320 27.898800 35.992385 5
14.012365 22.351200 10.365544 5
22.673589 22.351200 15.261296 5
36.777365 5.601200 10.365544 5
-0.091411 5.601200 15.261296 5
13.281210 11.933370 39.376666 5
5.716653 11.933370 37.503856 5
-9.483790 28.683370 39.376666 5
28.481653 28.683370 37.503856 5
14.560698 21.566630 11.877016 5
22.125256 21.566630 13.749825 5
37.325698 4.816630 11.877016 5
-0.639744 4.816630 13.749825 5
11.539180 11.670395 39.300298 5
7.458683 11.670395 37.580224 5
-11.225820 28.420395 39.300298 5
30.223683 28.420395 37.580224 5
16.302728 21.829605 11.953383 5
20.383226 21.829605 13.673457 5
39.067728 5.079605 11.953383 5
-2.381774 5.079605 13.673457 5
10.911828 10.902575 40.668258 5
8.086035 10.902575 36.212263 5
-11.853172 27.652575 40.668258 5
30.851035 27.652575 36.212263 5
16.930081 22.597425 10.585423 5
19.755873 22.597425 15.041418 5
39.695081 5.847425 10.585423 5
-3.009127 5.847425 15.041418 5
11.262334 11.862015 42.255585 5
7.735528 11.862015 34.624937 5
-11.502666 28.612015 42.255585 5
30.500528 28.612015 34.624937 5
16.579574 21.637985 8.998096 5
20.106380 21.637985 16.628744 5
39.344574 4.887985 8.998096 5
-2.658620 4.887985 16.628744 5
13.047840 12.030855 42.389357 5
5.950022 12.030855 34.491165 5
-9.717160 28.780855 42.389357 5
28.715022 28.780855 34.491165 5
14.794068 21.469145 8.864324 5
21.891886 21.469145 16.762516 5
37.559068 4.719145 8.864324 5
-0.873114 4.719145 16.762516 5
13.623826 12.901185 40.824582 5
5.374036 12.901185 36.055940 5
-9.141174 29.651185 40.824582 5
28.139036 29.651185 36.055940 5
14.218082 20.598815 10.429099 5
22.467872 20.598815 15.197742 5
36.983082 3.848815 10.429099 5
-0.297128 3.848815 15.197742 5
12.251120 13.204695 39.882539 6
6.746743 13.204695 36.997982 6
-10.513880 29.954695 39.882539 6
29.511743 29.954695 36.997982 6
15.590789 20.295305 11.371142 6
21.095166 20.295305 14.255699 6
38.355789 3.545305 11.371142 6
-1.669834 3.545305 14.255699 6
10.845609 12.621795 40.675434 6
8.152253 12.621795 36.205088 6
-11.919391 29.371795 40.675434 6
30.917253 29.371795 36.205088 6
16.996299 20.878205 10.578247 6
19.689655 20.878205 15.048593 6
39.761299 4.128205 10.578247 6
-3.075345 4.128205 15.048593 6
33.386460 0.156110 5.090516 27
3.299494 0.156110 20.536325 27
10.621460 16.906110 5.090516 27
26.064494 16.906110 20.536325 27
-5.544551 33.343890 46.163165 27
24.542414 33.343890 30.717356 27
17.220449 16.593890 46.163165 27
1.777414 16.593890 30.717356 27
33.297449 4.011960 4.587204 5
3.388505 4.011960 21.039636 5
10.532449 20.761960 4.587204 5
26.153505 20.761960 21.039636 5
-5.455540 29.488040 46.666477 5
24.453403 29.488040 30.214045 5
17.309460 12.738040 46.666477 5
1.688403 12.738040 30.214045 5
34.786050 3.200925 4.653834 5
1.899904 3.200925 20.973006 5
12.021050 19.950925 4.653834 5
24.664904 19.950925 20.973006 5
-6.944142 30.299075 46.599847 5
25.942005 30.299075 30.280675 5
15.820858 13.549075 46.599847 5
3.177005 13.549075 30.280675 5
33.783894 3.351675 6.119690 5
2.902060 3.351675 19.507151 5
11.018894 20.101675 6.119690 5
25.667060 20.101675 19.507151 5
-5.941985 30.148325 45.133992 5
24.939848 30.148325 31.746530 5
16.823015 13.398325 45.133992 5
2.174848 13.398325 31.746530 5
31.929907 3.181160 5.673782 5
4.756047 3.181160 19.953058 5
9.164907 19.931160 5.673782 5
27.521047 19.931160 19.953058 5
-4.087999 30.318840 45.579899 5
23.085862 30.318840 31.300623 5
18.677001 13.568840 45.579899 5
0.320862 13.568840 31.300623 5
32.153536 3.034095 3.587758 5
4.532419 3.034095 22.039083 5
9.388536 19.784095 3.587758 5
27.297419 19.784095 22.039083 5
-4.311627 30.465905 47.665923 5
23.309490 30.465905 29.214598 5
18.453373 13.715905 47.665923 5
0.544490 13.715905 29.214598 5
33.718747 2.985520 3.274085 5
2.967208 2.985520 22.352755 5
10.953747 19.735520 3.274085 5
25.732208 19.735520 22.352755 5
-5.876838 30.514480 47.979596 5
24.874701 30.514480 28.900926 5
16.888162 13.764480 47.979596 5
2.109701 13.764480 28.900926 5
34.364333 1.642505 4.055191 5
2.321621 1.642505 21.571649 5
11.599333 18.392505 4.055191 5
25.086621 18.392505 21.571649 5
-6.522425 31.857495 47.198490 5
25.520287 31.857495 29.682032 5
16.242575 15.107495 47.198490 5
2.755287 15.107495 29.682032 5
32.956960 1.377185 3.436559 5
3.728994 1.377185 22.190281 5
10.191960 18.127185 3.436559 5
26.493994 18.127185 22.190281 5
-5.115052 32.122815 47.817122 5
24.112915 32.122815 29.063400 5
17.649948 15.372815 47.817122 5
1.347915 15.372815 29.063400 5
31.739791 1.479360 4.802470 5
4.946163 1.479360 20.824371 5
8.974791 18.229360 4.802470 5
27.711163 18.229360 20.824371 5
-3.897883 32.020640 46.451211 5
22.895746 32.020640 30.429310 5
18.867117 15.270640 46.451211 5
0.130746 15.270640 30.429310 5
33.000744 1.702470 6.383646 6
3.685210 1.702470 19.243195 6
10.235744 18.452470 6.383646 6
26.450210 18.452470 19.243195 6
-5.158836 31.797530 44.870035 6
24.156698 31.797530 32.010486 6
17.606164 15.047530 44.870035 6
1.391698 15.047530 32.010486 6
34.501451 1.848195 5.701459 6
2.184503 1.848195 19.925381 6
11.736451 18.598195 5.701459 6
24.949503 18.598195 19.925381 6
-6.659543 31.651805 45.552222 6
25.657406 31.651805 31.328300 6
16.105457 14.901805 45.552222 6
2.892406 14.901805 31.328300 6
33.759951 29.697415 5.648156 5
2.926003 29.697415 19.978685 5
10.994951 12.947415 5.648156 5
25.691003 12.947415 19.978685 5
-5.918043 3.802585 45.605525 5
24.915906 3.802585 31.274996 5
16.846957 20.552585 45.605525 5
2.150906 20.552585 31.274996 5
34.943499 30.826365 6.427212 5
1.742455 30.826365 19.199629 5
12.178499 14.076365 6.427212 5
24.507455 14.076365 19.199629 5
-7.101591 2.673635 44.826469 5
26.099454 2.673635 32.054052 5
15.663409 19.423635 44.826469 5
3.334454 19.423635 32.054052 5
34.813860 30.624695 4.612831 5
1.872095 30.624695 21.014009 5
12.048860 13.874695 4.612831 5
24.637095 13.874695 21.014009 5
-6.971951 2.875305 46.640850 5
25.969814 2.875305 30.239672 5
15.793049 19.625305 46.640850 5
3.204814 19.625305 30.239672 5
33.103506 30.421350 4.054166 5
3.582448 30.421350 21.572674 5
10.338506 13.671350 4.054166 5
26.347448 13.671350 21.572674 5
-5.261597 3.078650 47.199515 5
24.259460 3.078650 29.681007 5
17.503403 19.828650 47.199515 5
1.494460 19.828650 29.681007 5
32.145994 30.565400 5.878797 5
4.539960 30.565400 19.748043 5
9.380994 13.815400 5.878797 5
27.304960 13.815400 19.748043 5
-4.304085 2.934600 45.374884 5
23.301948 2.934600 31.505638 5
18.460915 19.684600 45.374884 5
0.536948 19.684600 31.505638 5
33.459809 30.894035 7.019192 5
3.226145 30.894035 18.607649 5
10.694809 14.144035 7.019192 5
25.991145 14.144035 18.607649 5
-5.617900 2.605965 44.234489 5
24.615763 2.605965 32.646032 5
17.147100 19.355965 44.234489 5
1.850763 19.355965 32.646032 5
32.128137 31.987475 4.443694 5
4.557817 31.987475 21.183146 5
9.363137 15.237475 4.443694 5
27.322817 15.237475 21.183146 5
-4.286229 1.512525 46.809987 5
23.284092 1.512525 30.070535 5
18.478771 18.262525 46.809987 5
0.519092 18.262525 30.070535 5
32.426804 32.234370 6.358019 5
4.259150 32.234370 19.268821 5
9.661804 15.484370 6.358019 5
27.024150 15.484370 19.268821 5
-4.584896 1.265630 44.895662 5
23.582759 1.265630 31.984860 5
18.180104 18.015630 44.895662 5
0.817759 18.015630 31.984860 5
34.046400 32.427665 6.625563 5
2.639554 32.427665 19.001277 5
11.281400 15.677665 6.625563 5
25.404554 15.677665 19.001277 5
-6.204492 1.072335 44.628118 5
25.202355 1.072335 32.252404 5
16.560508 17.822335 44.628118 5
2.437355 17.822335 32.252404 5
34.889391 32.287300 5.267341 6
1.796563 32.287300 20.359500 6
12.124391 15.537300 5.267341 6
24.561563 15.537300 20.359500 6
-7.047483 1.212700 45.986340 6
26.045346 1.212700 30.894181 6
15.717517 17.962700 45.986340 6
3.280346 17.962700 30.894181 6
33.913627 32.053805 3.738443 6
2.772328 32.053805 21.888397 6
11.148627 15.303805 3.738443 6
25.537328 15.303805 21.888397 6
-6.071718 1.446195 47.515238 6
25.069581 1.446195 29.365284 6
16.693282 18.196195 47.515238 6
2.304581 18.196195 29.365284 6
20.112412 10.955505 17.236613 27
16.573543 10.955505 8.390228 27
-2.652588 27.705505 17.236613 27
39.338543 27.705505 8.390228 27
7.729497 22.544495 34.017068 27
11.268366 22.544495 42.863453 27
30.494497 5.794495 34.017068 27
-11.496634 5.794495 42.863453 27
17.753642 10.904250 20.510698 5
18.932313 10.904250 5.116142 5
-5.011358 27.654250 20.510698 5
41.697313 27.654250 5.116142 5
10.088267 22.595750 30.742983 5
8.909596 22.595750 46.137539 5
32.853267 5.845750 30.742983 5
-13.855404 5.845750 46.137539 5
18.502897 12.264350 19.817236 5
18.183057 12.264350 5.809605 5
-4.262103 29.014350 19.817236 5
40.948057 29.014350 5.809605 5
9.339011 21.235650 31.436445 5
9.658852 21.235650 45.444076 5
32.104011 4.485650 31.436445 5
-13.106148 4.485650 45.444076 5
17.176051 11.678100 18.952074 5
19.509903 11.678100 6.674767 5
-5.588949 28.428100 18.952074 5
42.274903 28.428100 6.674767 5
10.665857 21.821900 32.301607 5
8.332006 21.821900 44.578914 5
33.430857 5.071900 32.301607 5
-14.432994 5.071900 44.578914 5
17.636350 9.986350 18.924397 5
19.049604 9.986350 6.702444 5
-5.128650 26.736350 18.924397 5
41.814604 26.736350 6.702444 5
10.205559 23.513650 32.329284 5
8.792304 23.513650 44.551237 5
32.970559 6.763650 32.329284 5
-13.972696 6.763650 44.551237 5
18.988633 9.520700 19.979710 5
17.697321 9.520700 5.647131 5
-3.776367 26.270700 19.979710 5
40.462321 26.270700 5.647131 5
8.853275 23.979300 31.273971 5
10.144587 23.979300 45.606550 5
31.618275 7.229300 31.273971 5
-12.620413 7.229300 45.606550 5
19.547163 11.058350 20.564514 5
17.138791 11.058350 5.062326 5
-3.217837 27.808350 20.564514 5
39.903791 27.808350 5.062326 5
8.294745 22.441650 30.689167 5
10.703117 22.441650 46.191355 5
31.059745 5.691650 30.689167 5
-12.061883 5.691650 46.191355 5
19.123644 9.511655 18.150466 5
17.562310 9.511655 7.476374 5
-3.641356 26.261655 18.150466 5
40.327310 26.261655 7.476374 5
8.718264 23.988345 33.103215 5
10.279598 23.988345 43.777307 5
31.483264 7.238345 33.103215 5
-12.485402 7.238345 43.777307 5
18.051032 10.780300 17.498519 5
18.634923 10.780300 8.128321 5
-4.713968 27.530300 17.498519 5
41.399923 27.530300 8.128321 5
9.790877 22.719700 33.755162 5
9.206986 22.719700 43.125360 5
32.555877 5.969700 33.755162 5
-13.558014 5.969700 43.125360 5
18.640473 12.241905 18.087424 5
18.045481 12.241905 7.539416 5
-4.124527 28.991905 18.087424 5
40.810481 28.991905 7.539416 5
9.201436 21.258095 33.166257 5
9.796427 21.258095 43.714265 5
31.966436 4.508095 33.166257 5
-12.968573 4.508095 43.714265 5
20.144253 11.912600 19.095584 6
16.541701 11.912600 6.531257 6
-2.620747 28.662600 19.095584 6
39.306701 28.662600 6.531257 6
7.697655 21.587400 32.158097 6
11.300207 21.587400 44.722424 6
30.462655 4.837400 32.158097 6
-11.464793 4.837400 44.722424 6
20.417296 10.207450 19.064319 6
16.268659 10.207450 6.562521 6
-2.347704 26.957450 19.064319 6
39.033659 26.957450 6.562521 6
7.424613 23.292550 32.189362 6
11.573250 23.292550 44.691160 6
30.189613 6.542550 32.189362 6
-11.191750 6.542550 44.691160 6
22.380187 11.165550 14.004556 5
14.305767 11.165550 11.622285 5
-0.384813 27.915550 14.004556 5
37.070767 27.915550 11.622285 5
5.461722 22.334450 37.249125 5
13.536141 22.334450 39.631396 5
28.226722 5.584450 37.249125 5
-9.228859 5.584450 39.631396 5
22.796306 12.113600 15.516539 5
13.889648 12.113600 10.110301 5
0.031306 28.863600 15.516539 5
36.654648 28.863600 10.110301 5
5.045602 21.386400 35.737142 5
13.952260 21.386400 41.143380 5
27.810602 4.636400 35.737142 5
-8.812740 4.636400 41.143380 5
21.266364 12.488800 14.487878 5
15.419590 12.488800 11.138963 5
-1.498636 29.238800 14.487878 5
38.184590 29.238800 11.138963 5
6.575544 21.011200 36.765803 5
12.422318 21.011200 40.114719 5
29.340544 4.261200 36.765803 5
-10.342682 4.261200 40.114719 5
20.562269 10.927700 13.915887 5
16.123685 10.927700 11.710954 5
-2.202731 27.677700 13.915887 5
38.888685 27.677700 11.710954 5
7.279639 22.572300 37.337794 5
11.718224 22.572300 39.542727 5
30.044639 5.822300 37.337794 5
-11.046776 5.822300 39.542727 5
21.575621 9.671450 14.436112 5
15.110333 9.671450 11.190729 5
-1.189379 26.421450 14.436112 5
37.875333 26.421450 11.190729 5
6.266287 23.828550 36.817569 5
12.731575 23.828550 40.062952 5
29.031287 7.078550 36.817569 5
-10.033425 7.078550 40.062952 5
22.908362 10.314650 15.521665 5
13.777592 10.314650 10.105176 5
0.143362 27.064650 15.521665 5
36.542592 27.064650 10.105176 5
4.933546 23.185350 35.732016 5
14.064317 23.185350 41.148505 5
27.698546 6.435350 35.732016 5
-8.700683 6.435350 41.148505 5
22.184918 11.145450 17.038774 5
14.501036 11.145450 8.588067 5
-0.580082 27.895450 17.038774 5
37.266036 27.895450 8.588067 5
5.656990 22.354550 34.214907 5
13.340872 22.354550 42.665614 5
28.421990 5.604550 34.214907 5
-9.424128 5.604550 42.665614 5
21.419777 9.586360 16.365300 5
15.266177 9.586360 9.261540 5
-1.345223 26.336360 16.365300 5
38.031177 26.336360 9.261540 5
6.422131 23.913640 34.888381 5
12.575732 23.913640 41.992141 5
29.187131 7.163640 34.888381 5
-10.189268 7.163640 41.992141 5
19.996651 10.009800 15.399168 5
16.689304 10.009800 10.227672 5
-2.768349 26.759800 15.399168 5
39.454304 26.759800 10.227672 5
7.845258 23.490200 35.854513 5
11.152605 23.490200 41.026009 5
30.610258 6.740200 35.854513 5
-11.612395 6.740200 41.026009 5
19.931153 11.805400 15.369954 6
16.754801 11.805400 10.256887 6
-2.833847 28.555400 15.369954 6
39.519801 28.555400 10.256887 6
7.910756 21.694600 35.883727 6
11.087107 21.694600 40.996794 6
30.675756 4.944600 35.883727 6
-11.677893 4.944600 40.996794 6
21.157440 12.381265 16.267918 6
15.528514 12.381265 9.358922 6
-1.607560 29.131265 16.267918 6
38.293514 29.131265 9.358922 6
6.684469 21.118735 34.985763 6
12.313394 21.118735 41.894759 6
29.449469 4.368735 34.985763 6
-10.451606 4.368735 41.894759 6
-4.422023 10.545130 12.813420 27
18.342977 27.295130 12.813420 27
-13.266069 22.954870 38.440261 27
9.498931 6.204870 38.440261 27
38.942330 10.435250 16.014725 5
-2.256376 10.435250 9.612115 5
16.177330 27.185250 16.014725 5
20.508624 27.185250 9.612115 5
-11.100421 23.064750 35.238956 5
30.098284 23.064750 41.641566 5
11.664579 6.314750 35.238956 5
7.333284 6.314750 41.641566 5
39.817090 9.189050 15.590857 5
-3.131136 9.189050 10.035983 5
17.052090 25.939050 15.590857 5
19.633864 25.939050 10.035983 5
-11.975182 24.310950 35.662824 5
30.973045 24.310950 41.217698 5
10.789818 7.560950 35.662824 5
8.208045 7.560950 41.217698 5
38.449936 9.584350 14.684180 5
-1.763982 9.584350 10.942661 5
15.684936 26.334350 14.684180 5
21.001018 26.334350 10.942661 5
-10.608027 23.915650 36.569501 5
29.605890 23.915650 40.311020 5
12.156973 7.165650 36.569501 5
6.840890 7.165650 40.311020 5
38.455426 11.376600 14.615500 5
-1.769472 11.376600 11.011341 5
15.690426 28.126600 14.615500 5
20.995528 28.126600 11.011341 5
-10.613517 22.123400 36.638181 5
29.611380 22.123400 40.242340 5
12.151483 5.373400 36.638181 5
6.846380 5.373400 40.242340 5
39.885431 11.949450 15.577531 5
-3.199477 11.949450 10.049309 5
17.120431 28.699450 15.577531 5
19.565523 28.699450 10.049309 5
-12.043523 21.550550 35.676150 5
31.041386 21.550550 41.204372 5
10.721477 4.800550 35.676150 5
8.276386 4.800550 41.204372 5
-4.709771 10.482150 16.127483 5
41.395725 10.482150 9.499357 5
18.055229 27.232150 16.127483 5
18.630725 27.232150 9.499357 5
32.551679 23.017850 35.126198 5
-13.553817 23.017850 41.754324 5
9.786679 6.267850 35.126198 5
9.211183 6.267850 41.754324 5
-4.224803 9.651350 14.682642 5
40.910757 9.651350 10.944199 5
18.540197 26.401350 14.682642 5
18.145757 26.401350 10.944199 5
32.066711 23.848650 36.571039 5
-13.068848 23.848650 40.309483 5
9.301711 7.098650 36.571039 5
9.696152 7.098650 40.309483 5
-4.065294 11.453650 14.688792 5
40.751248 11.453650 10.938048 5
18.699706 28.203650 14.688792 5
17.986248 28.203650 10.938048 5
31.907202 22.046350 36.564889 5
-12.909339 22.046350 40.315633 5
9.142202 5.296350 36.564889 5
9.855661 5.296350 40.315633 5
39.900165 12.039565 13.740599 5
-3.214210 12.039565 11.886241 5
17.135165 28.789565 13.740599 5
19.550790 28.789565 11.886241 5
-12.058256 21.460435 37.513082 5
31.056119 21.460435 39.367440 5
10.706744 4.710435 37.513082 5
8.291119 4.710435 39.367440 5
39.044081 10.515650 13.256765 6
-2.358127 10.515650 12.370076 6
16.279081 27.265650 13.256765 6
20.406873 27.265650 12.370076 6
-11.202173 22.984350 37.996916 6
30.200035 22.984350 38.883605 6
11.562827 6.234350 37.996916 6
7.435035 6.234350 38.883605 6
39.979190 9.193070 13.828243 6
-3.293236 9.193070 11.798597 6
17.214190 25.943070 13.828243 6
19.471764 25.943070 11.798597 6
-12.137281 24.306930 37.425438 6
31.135144 24.306930 39.455084 6
10.627719 7.556930 37.425438 6
8.370144 7.556930 39.455084 6
5.360490 22.345505 50.908231 27
13.637373 22.345505 25.972290 27
-17.404510 5.595505 50.908231 27
36.402373 5.595505 25.972290 27
22.481419 11.154495 0.345450 27
14.204535 11.154495 25.281391 27
45.246419 27.904495 0.345450 27
-8.560465 27.904495 25.281391 27
1.769625 22.314350 49.429050 5
17.228237 22.314350 27.451472 5
24.534625 5.564350 49.429050 5
-5.536763 5.564350 27.451472 5
26.072283 11.185650 1.824631 5
10.613671 11.185650 23.802209 5
3.307283 27.935650 1.824631 5
33.378671 27.935650 23.802209 5
2.096849 22.284200 51.197302 5
16.901014 22.284200 25.683220 5
24.861849 5.534200 51.197302 5
-5.863986 5.534200 25.683220 5
25.745059 11.215800 0.056379 5
10.940895 11.215800 25.570461 5
2.980059 27.965800 0.056379 5
33.705895 27.965800 25.570461 5
2.558517 20.880550 50.172228 5
16.439346 20.880550 26.708293 5
25.323517 4.130550 50.172228 5
-6.325654 4.130550 26.708293 5
25.283392 12.619450 1.081453 5
11.402563 12.619450 24.545388 5
2.518392 29.369450 1.081453 5
34.167563 29.369450 24.545388 5
3.043895 21.426600 48.526985 5
15.953967 21.426600 28.353536 5
25.808895 4.676600 48.526985 5
-6.811033 4.676600 28.353536 5
24.798013 12.073400 2.726696 5
11.887941 12.073400 22.900145 5
2.033013 28.823400 2.726696 5
34.652941 28.823400 22.900145 5
3.157592 23.212150 48.737125 5
15.840271 23.212150 28.143396 5
25.922592 6.462150 48.737125 5
-6.924729 6.462150 28.143396 5
24.684317 10.287850 2.516556 5
12.001638 10.287850 23.110285 5
1.919317 27.037850 2.516556 5
34.766638 27.037850 23.110285 5
2.379004 23.785000 50.249109 5
16.618859 23.785000 26.631413 5
25.144004 7.035000 50.249109 5
-6.146141 7.035000 26.631413 5
25.462905 9.715000 1.004572 5
11.223050 9.715000 24.622268 5
2.697905 26.465000 1.004572 5
33.988050 26.465000 24.622268 5
21.421966 23.259050 0.285996 5
15.263989 23.259050 25.340845 5
44.186966 6.509050 0.285996 5
-7.501011 6.509050 25.340845 5
6.419943 10.240950 50.967686 5
12.577920 10.240950 25.912836 5
-16.345057 26.990950 50.967686 5
35.342920 26.990950 25.912836 5
4.241031 23.811800 49.967214 5
14.756831 23.811800 26.913308 5
27.006031 7.061800 49.967214 5
-8.008169 7.061800 26.913308 5
23.600877 9.688200 1.286467 5
13.085077 9.688200 24.340373 5
0.835877 26.438200 1.286467 5
35.850077 26.438200 24.340373 5
4.799829 22.354550 48.939065 5
14.198034 22.354550 27.941457 5
27.564829 5.604550 48.939065 5
-8.566966 5.604550 27.941457 5
23.042080 11.145450 2.314616 5
13.643875 11.145450 23.312224 5
0.277080 27.895450 2.314616 5
36.408875 27.895450 23.312224 5
4.215345 20.897300 49.859581 6
14.782518 20.897300 27.020941 6
26.980345 4.147300 49.859581 6
-7.982482 4.147300 27.020941 6
23.626564 12.602700 1.394100 6
13.059391 12.602700 24.232740 6
0.861564 29.352700 1.394100 6
35.824391 29.352700 24.232740 6
21.331168 21.540500 0.097895 6
15.354786 21.540500 25.528946 6
44.096168 4.790500 0.097895 6
-7.410214 4.790500 25.528946 6
6.510740 11.959500 51.155787 6
12.487123 11.959500 25.724735 6
-16.254260 28.709500 51.155787 6
35.252123 28.709500 25.724735 6
26.623538 22.166950 1.501733 5
10.062416 22.166950 24.125108 5
3.858538 5.416950 1.501733 5
32.827416 5.416950 24.125108 5
1.218371 11.333050 49.751948 5
17.779492 11.333050 27.128573 5
23.983371 28.083050 49.751948 5
-4.985508 28.083050 27.128573 5
8.630130 22.043000 50.992287 5
10.367733 22.043000 25.888234 5
-14.134870 5.293000 50.992287 5
33.132733 5.293000 25.888234 5
19.211779 11.457000 0.261394 5
17.474175 11.457000 25.365447 5
41.976779 28.207000 0.261394 5
-5.290825 28.207000 25.365447 5
25.732692 20.756600 0.850811 5
10.953263 20.756600 24.776029 5
2.967692 4.006600 0.850811 5
33.718263 4.006600 24.776029 5
2.109217 12.743400 50.402870 5
16.888646 12.743400 26.477652 5
24.874217 29.493400 50.402870 5
-5.876354 29.493400 26.477652 5
25.322631 21.389750 2.470427 5
11.363323 21.389750 23.156413 5
2.557631 4.639750 2.470427 5
34.128323 4.639750 23.156413 5
2.519278 12.110250 48.783254 5
16.478585 12.110250 28.097268 5
25.284278 28.860250 48.783254 5
-6.286415 28.860250 28.097268 5
25.237658 23.148500 2.086025 5
11.448296 23.148500 23.540816 5
2.472658 6.398500 2.086025 5
34.213296 6.398500 23.540816 5
2.604250 10.351500 49.167656 5
16.393613 10.351500 27.712865 5
25.369250 27.101500 49.167656 5
-6.371387 27.101500 27.712865 5
26.095065 23.617500 0.579167 5
10.590889 23.617500 25.047674 5
3.330065 6.867500 0.579167 5
33.355889 6.867500 25.047674 5
1.746843 9.882500 50.674514 5
17.251020 9.882500 26.206007 5
24.511843 26.632500 50.674514 5
-5.513980 26.632500 26.206007 5
7.038953 23.356200 50.333677 5
11.958909 23.356200 26.546844 5
-15.726047 6.606200 50.333677 5
34.723909 6.606200 26.546844 5
20.802955 10.143800 0.920004 5
15.882999 10.143800 24.706837 5
43.567955 26.893800 0.920004 5
-6.882001 26.893800 24.706837 5
7.195982 21.456750 50.622748 5
11.801881 21.456750 26.257773 5
-15.569018 4.706750 50.622748 5
34.566881 4.706750 26.257773 5
20.645927 12.043250 0.630933 5
16.040027 12.043250 24.995908 5
43.410927 28.793250 0.630933 5
-6.724973 28.793250 24.995908 5
24.106416 21.004500 0.722677 5
12.579538 21.004500 24.904164 5
1.341416 4.254500 0.722677 5
35.344538 4.254500 24.904164 5
3.735492 12.495500 50.531004 5
15.262370 12.495500 26.349517 5
26.500492 29.245500 50.531004 5
-7.502630 29.245500 26.349517 5
23.659269 22.321050 1.609366 6
13.026685 22.321050 24.017475 6
0.894269 5.571050 1.609366 6
35.791685 5.571050 24.017475 6
4.182639 11.178950 49.644315 6
14.815223 11.178950 27.236206 6
26.947639 27.928950 49.644315 6
-7.949777 27.928950 27.236206 6
24.039225 23.831900 0.697050 6
12.646729 23.831900 24.929790 6
1.274225 7.081900 0.697050 6
35.411729 7.081900 24.929790 6
3.802683 9.668100 50.556631 6
15.195179 9.668100 26.323891 6
26.567683 26.418100 50.556631 6
-7.569821 26.418100 26.323891 6
25.313706 32.986780 40.108056 27
-6.315843 32.986780 36.772466 27
2.548706 16.236780 40.108056 27
16.449157 16.236780 36.772466 27
2.528203 0.513220 11.145625 27
34.157751 0.513220 14.481215 27
25.293203 17.263220 11.145625 27
11.392751 17.263220 14.481215 27
24.667438 0.971500 36.454181 5
-5.669575 0.971500 40.426341 5
1.902438 17.721500 36.454181 5
17.095425 17.721500 40.426341 5
3.174471 32.528500 14.799500 5
33.511484 32.528500 10.827340 5
25.939471 15.778500 14.799500 5
10.746484 15.778500 10.827340 5
23.733599 33.027650 37.049236 5
-4.735736 33.027650 39.831286 5
0.968599 16.277650 37.049236 5
18.029264 16.277650 39.831286 5
4.108309 0.472350 14.204445 5
32.577645 0.472350 11.422395 5
26.873309 17.222350 14.204445 5
9.812645 17.222350 11.422395 5
23.532767 1.249550 37.855456 5
-4.534904 1.249550 39.025065 5
0.767767 17.999550 37.855456 5
18.230096 17.999550 39.025065 5
4.309142 32.250450 13.398225 5
32.376812 32.250450 12.228616 5
27.074142 15.500450 13.398225 5
9.611812 15.500450 12.228616 5
25.050730 2.200950 37.837005 5
-6.052867 2.200950 39.043517 5
2.285730 18.950950 37.837005 5
16.712133 18.950950 39.043517 5
2.791178 31.299050 13.416676 5
33.894776 31.299050 12.210164 5
25.556178 14.549050 13.416676 5
11.129776 14.549050 12.210164 5
26.141710 0.877700 37.274752 5
-7.143847 0.877700 39.605769 5
3.376710 17.627700 37.274752 5
15.621153 17.627700 39.605769 5
1.700199 32.622300 13.978929 5
34.985755 32.622300 11.647912 5
24.465199 15.872300 13.978929 5
12.220755 15.872300 11.647912 5
25.498212 32.863500 36.751452 5
-6.500349 32.863500 40.129070 5
2.733212 16.113500 36.751452 5
16.264651 16.113500 40.129070 5
2.343697 0.636500 14.502229 5
34.342258 0.636500 11.124611 5
25.108697 17.386500 14.502229 5
11.577258 17.386500 11.124611 5
26.403310 33.064500 38.297776 5
-7.405447 33.064500 38.582746 5
3.638310 16.314500 38.297776 5
15.359553 16.314500 38.582746 5
1.438598 0.435500 12.955905 5
35.247356 0.435500 12.670935 5
24.203598 17.185500 12.955905 5
12.482356 17.185500 12.670935 5
24.816004 32.049450 38.213720 5
-5.818141 32.049450 38.666802 5
2.051004 15.299450 38.213720 5
16.946859 15.299450 38.666802 5
3.025905 1.450550 13.039962 5
33.660049 1.450550 12.586879 5
25.790905 18.200550 13.039962 5
10.895049 18.200550 12.586879 5
23.663034 33.188450 38.938447 5
-4.665171 33.188450 37.942075 5
0.898034 16.438450 38.938447 5
18.099829 16.438450 37.942075 5
4.178874 0.311550 12.315234 5
32.507080 0.311550 13.311606 5
26.943874 17.061550 12.315234 5
9.742080 17.061550 13.311606 5
24.405948 1.115885 39.415106 6
-5.408085 1.115885 37.465416 6
1.640948 17.865885 39.415106 6
17.356915 17.865885 37.465416 6
3.435961 32.384115 11.838575 6
33.249994 32.384115 13.788265 6
26.200961 15.634115 11.838575 6
10.484994 15.634115 13.788265 6
25.998205 1.086405 39.190615 6
-7.000342 1.086405 37.689907 6
3.233205 17.836405 39.190615 6
15.764658 17.836405 37.689907 6
1.843704 32.413595 12.063066 6
34.842251 32.413595 13.563774 6
24.608704 15.663595 12.063066 6
12.077251 15.663595 13.563774 6
25.942332 31.506750 43.657373 5
-6.944469 31.506750 33.223149 5
3.177332 14.756750 43.657373 5
15.820531 14.756750 33.223149 5
1.899577 1.993250 7.596308 5
34.786377 1.993250 18.030532 5
24.664577 18.743250 7.596308 5
12.021377 18.743250 18.030532 5
27.139405 31.419650 42.329903 5
-8.141542 31.419650 34.550619 5
4.374405 14.669650 42.329903 5
14.623458 14.669650 34.550619 5
0.702503 2.080350 8.923778 5
35.983451 2.080350 16.703062 5
23.467503 18.830350 8.923778 5
13.218451 18.830350 16.703062 5
25.654705 30.294050 42.208431 5
-6.656842 30.294050 34.672090 5
2.889705 13.544050 42.208431 5
16.108158 13.544050 34.672090 5
2.187204 3.205950 9.045250 5
34.498751 3.205950 16.581591 5
24.952204 19.955950 9.045250 5
11.733751 19.955950 16.581591 5
24.401527 31.285650 42.884467 5
-5.403664 31.285650 33.996054 5
1.636527 14.535650 42.884467 5
17.361336 14.535650 33.996054 5
3.440382 2.214350 8.369214 5
33.245573 2.214350 17.257627 5
26.205382 18.964350 8.369214 5
10.480573 18.964350 17.257627 5
24.927473 32.886950 43.167900 5
-5.929610 32.886950 33.712621 5
2.162473 16.136950 43.167900 5
16.835390 16.136950 33.712621 5
2.914436 0.613050 8.085781 5
33.771519 0.613050 17.541060 5
25.679436 17.363050 8.085781 5
11.006519 17.363050 17.541060 5
26.801652 32.977400 42.988000 5
-7.803789 32.977400 33.892522 5
4.036652 16.227400 42.988000 5
14.961211 16.227400 33.892522 5
1.040256 0.522600 8.265681 5
35.645698 0.522600 17.361159 5
23.805256 17.272600 8.265681 5
12.880698 17.272600 17.361159 5
25.630205 0.475700 41.949600 5
-6.632342 0.475700 34.930921 5
2.865205 17.225700 41.949600 5
16.132658 17.225700 34.930921 5
2.211704 33.024300 9.304081 5
34.474251 33.024300 16.322760 5
24.976704 16.274300 9.304081 5
11.709251 16.274300 16.322760 5
27.056423 33.047750 41.133642 5
-8.058561 33.047750 35.746880 5
4.291423 16.297750 41.133642 5
14.706439 16.297750 35.746880 5
0.785485 0.452250 10.120039 5
35.900469 0.452250 15.506801 5
23.550485 17.202250 10.120039 5
13.135469 17.202250 15.506801 5
26.324984 31.232050 40.701573 5
-7.327121 31.232050 36.178948 5
3.559984 14.482050 40.701573 5
15.437879 14.482050 36.178948 5
1.516925 2.267950 10.552108 5
35.169030 2.267950 15.074733 5
24.281925 19.017950 10.552108 5
12.404030 19.017950 15.074733 5
24.597446 31.359350 41.125441 6
-5.599584 31.359350 35.755080 6
1.832446 14.609350 41.125441 6
17.165416 14.609350 35.755080 6
3.244462 2.140650 10.128240 6
33.441492 2.140650 15.498601 6
26.009462 18.890650 10.128240 6
10.676492 18.890650 15.498601 6
24.200167 32.860150 41.830692 6
-5.202304 32.860150 35.049830 6
1.435167 16.110150 41.830692 6
17.562696 16.110150 35.049830 6
3.641742 0.639850 9.422989 6
33.044213 0.639850 16.203851 6
26.406742 17.389850 9.422989 6
10.279213 17.389850 16.203851 6
