7.794316 15.045918 5.152010 8
1.284315 7.082418 2.191429 8
-1.470053 0.881082 9.534869 8
5.039948 8.844582 12.495450 8
7.402112 2.904129 8.885562 8
-3.832216 10.867629 13.144757 8
-1.077848 13.022871 5.801317 8
10.156480 5.059371 1.542122 8
2.814599 1.971285 9.118643 8
0.755297 9.934785 12.911676 8
3.509665 13.955715 5.568237 8
5.568967 5.992215 1.775203 8
4.276594 12.329091 13.669372 8
-0.706698 4.365591 8.360947 8
2.047670 3.597909 1.017507 8
7.030962 11.561409 6.325933 8
1.670764 14.667971 9.672779 8
1.899132 6.704471 12.357540 8
4.653500 1.259029 5.014101 8
4.425132 9.222529 2.329339 8
-0.713232 1.468469 12.747771 8
4.283128 9.431969 9.282548 8
7.037496 14.458531 1.939109 8
2.041136 6.495031 5.404331 8
7.706212 15.903110 6.008402 6
1.372420 7.939609 1.335037 6
-1.381948 0.023890 8.678477 6
4.951844 7.987390 13.351842 6
8.580916 1.162671 6.017214 6
0.497716 9.126171 1.326225 6
-2.256652 14.764329 8.669665 6
5.826548 6.800829 13.360654 6
9.212423 1.264604 5.343087 1
-0.133791 9.228104 2.000353 1
-2.888159 14.662396 9.343793 1
6.458054 6.698896 12.686526 1
8.490110 2.092808 6.965987 6
0.588522 10.056308 0.377453 6
-2.165846 13.834192 7.720892 6
5.735742 5.870692 14.309426 6
9.089717 2.803152 6.954237 1
-0.011085 10.766652 0.389202 1
-2.765453 13.123848 7.732642 1
6.335349 5.160348 14.297677 1
7.484796 2.040249 8.027848 6
-3.914900 10.003749 14.002471 6
-1.160532 13.886751 6.659031 6
10.239164 5.923251 0.684409 6
6.587753 0.874392 8.002881 6
-3.017857 8.837892 14.027438 6
-0.263489 15.052608 6.683999 6
9.342121 7.089108 0.659441 6
6.715607 15.823474 7.109918 6
2.363025 7.859974 0.233521 6
-0.391343 0.103525 7.576961 6
3.961239 8.067025 14.453358 6
6.405891 12.927946 9.188112 6
-2.835995 4.964446 12.842207 6
-0.081627 2.999054 5.498768 6
9.160259 10.962554 1.844672 6
6.477124 12.228751 8.578606 1
-2.907228 4.265251 13.451713 1
-0.152860 3.698249 6.108273 1
9.231492 11.661749 1.235167 1
6.032771 14.189364 8.769536 6
-2.462875 6.225864 13.260783 6
0.291493 1.737636 5.917344 6
8.787139 9.701136 1.426096 6
5.883801 15.229397 9.690403 6
-2.313905 7.265897 12.339916 6
0.440463 0.697603 4.996476 6
8.638169 8.661103 2.346963 6
6.151182 15.008012 11.031315 6
-2.581286 7.044512 10.999004 6
0.173082 0.918988 3.655564 6
8.905550 8.882488 3.687875 6
6.065361 15.697651 11.648164 1
-2.495465 7.734151 10.382155 1
0.258903 0.229349 3.038715 1
8.819729 8.192849 4.304724 1
6.544724 13.754557 11.439610 6
-2.974828 5.791057 10.590709 6
-0.220460 2.172443 3.247269 6
9.299092 10.135943 4.096171 6
6.727690 13.601658 12.339916 1
-3.157794 5.638158 9.690403 1
-0.403426 2.325342 2.346963 1
9.482058 10.288842 4.996476 1
6.672333 12.719302 10.537836 6
-3.102437 4.755802 11.492483 6
-0.348069 3.207698 4.149043 6
9.426701 11.171198 3.194396 6
6.939631 11.878357 10.831573 1
-3.369735 3.914857 11.198745 1
-0.615367 4.048643 3.855306 1
9.693999 12.012143 3.488134 1
4.414206 15.262844 7.327284 6
4.664425 7.299344 0.016156 6
1.910057 0.664156 7.359595 6
1.659838 8.627656 14.670724 6
4.246264 0.321725 8.204091 6
-0.676368 8.285225 13.826228 6
2.078000 15.605275 6.482789 6
7.000632 7.641775 0.860651 6
2.987883 1.071887 8.312774 6
0.582013 9.035387 13.717545 6
3.336381 14.855113 6.374106 6
5.742251 6.891613 0.969334 6
5.774594 14.635320 7.312597 6
3.304038 6.671820 0.030842 6
0.549670 1.291680 7.374282 6
3.020226 9.255180 14.656037 6
5.881042 13.920198 6.650219 1
3.197590 5.956698 0.693221 1
0.443222 2.006802 8.036660 1
3.126674 9.970302 13.993659 1
5.484592 0.624338 9.035368 6
-1.914696 8.587838 12.994951 6
0.839672 15.302662 5.651511 6
8.238960 7.339162 1.691928 6
5.364394 1.360166 9.671310 1
-1.794498 9.323666 12.359009 1
0.959870 14.566834 5.015569 1
8.118762 6.603334 2.327870 1
3.635964 12.841940 12.774648 6
-0.066068 4.878440 9.255671 6
2.688300 3.085060 1.912232 6
6.390332 11.048560 5.431208 6
3.433868 12.165043 11.483671 6
0.136028 4.201543 10.546648 6
2.890396 3.761957 3.203208 6
6.188236 11.725457 4.140231 6
3.751912 11.300206 11.367645 1
-0.182017 3.336707 10.662674 1
2.572351 4.626793 3.319235 1
6.506281 12.590293 4.024205 1
2.802575 12.768676 10.482026 6
0.767321 4.805176 11.548293 6
3.521689 3.158324 4.204854 6
5.556943 11.121824 3.138586 6
2.701500 12.314756 9.675716 1
0.868396 4.351256 12.354603 1
3.622764 3.612244 5.011163 1
5.455868 11.575744 2.332276 1
2.255134 14.136805 10.603927 6
1.314762 6.173305 11.426392 6
4.069130 1.790195 4.082952 6
5.009502 9.753695 3.260487 6
2.446437 14.799368 11.911059 6
1.123459 6.835868 10.119260 6
3.877827 1.127632 2.775820 6
5.200805 9.091132 4.567619 6
3.055879 14.179808 12.914173 6
0.514017 6.216308 9.116146 6
3.268385 1.747192 1.772706 6
5.810247 9.710692 5.570733 6
4.932342 0.938100 14.375517 6
-1.362446 8.901600 7.654801 6
1.391922 14.988900 0.311362 6
7.686710 7.025400 7.032078 6
10.830186 0.528776 0.427388 1
-1.751554 8.492276 6.916051 1
-4.505922 15.398224 14.259491 1
8.075818 7.434724 7.770828 1
3.830068 0.374284 13.777761 6
-0.260172 8.337784 8.252557 6
2.494196 15.552715 0.909118 6
6.584436 7.589215 6.434322 6
3.226952 1.022513 12.704151 6
0.342944 8.986013 9.326168 6
3.097312 14.904487 1.982729 6
5.981320 6.940987 5.360711 6
3.740145 2.204297 12.222421 6
-0.170249 10.167797 9.807898 6
2.584119 13.722703 2.464458 6
6.494513 5.759203 4.878981 6
3.321801 2.642289 11.517451 1
0.248095 10.605789 10.512868 1
3.002463 13.284711 3.169429 1
6.076169 5.321211 4.174011 1
4.882468 2.737851 12.792272 6
-1.312572 10.701351 9.238047 6
1.441796 13.189149 1.894607 6
7.636836 5.225649 5.448832 6
5.256785 3.515089 12.444193 1
-1.686889 11.478589 9.586126 1
1.067479 12.411911 2.242686 1
8.011153 4.448411 5.100753 1
5.460980 2.118291 13.874695 6
-1.891084 10.081791 8.155624 6
0.863284 13.808709 0.812184 6
8.215348 5.845209 6.531255 6
6.213368 2.492576 14.272709 1
-2.643472 10.456075 7.757610 1
0.110896 13.434425 0.414170 1
8.967736 5.470925 6.929270 1
1.710153 15.436448 14.479794 6
1.859743 7.472948 7.550525 6
4.614111 0.490552 0.207085 6
4.464521 8.454052 7.136355 6
1.120194 0.151306 13.475212 6
2.449702 8.114806 8.555107 6
5.204070 15.775694 1.211668 6
3.874562 7.812193 6.131772 6
-0.225567 0.759718 13.611800 6
3.795463 8.723218 8.418519 6
6.549831 15.167282 1.075080 6
2.528801 7.203782 6.268360 6
3.133790 15.006419 14.186057 6
0.436106 7.042919 7.844262 6
3.190474 0.920581 0.500823 6
5.888158 8.884081 6.842617 6
9.077947 14.542944 0.243802 1
0.000685 6.579444 7.099637 1
-2.753683 1.384056 14.443077 1
6.323579 9.347556 7.587242 1
1.978212 0.288279 12.222421 6
1.591684 8.251779 9.807898 6
4.346052 15.638721 2.464458 6
4.732580 7.675221 4.878981 6
1.522043 0.727864 11.476327 1
2.047853 8.691364 10.553991 1
4.802221 15.199136 3.210552 1
4.276411 7.235636 4.132888 1
7.630192 3.206105 1.778581 6
1.448440 11.169605 5.564859 6
-1.305928 12.720895 12.908298 6
4.875824 4.757395 9.122021 6
7.384505 4.010419 2.263248 1
1.694127 11.973919 5.080192 1
-1.060241 11.916581 12.423631 1
4.630137 3.953081 9.606688 1
8.586954 3.265035 1.631712 1
0.491678 11.228535 5.711727 1
-2.262690 12.661965 13.055167 1
5.832586 4.698465 8.975152 1
6.977469 3.360756 0.354541 17
2.101163 11.324256 6.988898 17
-0.653205 12.566244 14.332338 17
4.223101 4.602744 7.697981 17
7.431894 2.012376 2.812978 17
1.646738 9.975876 4.530462 17
-1.107630 13.914624 11.873901 17
4.677526 5.951124 10.156418 17
