9.622587 11.296228 7.413477 6
8.168770 11.296228 7.407549 6
-0.152413 4.071728 7.413477 6
17.943770 4.071728 7.407549 6
10.288383 12.537397 7.437191 6
7.502974 12.537397 7.383835 6
0.513383 5.312897 7.437191 6
17.277974 5.312897 7.383835 6
12.478480 12.033127 6.559786 8
5.312877 12.033127 8.261240 8
2.703480 4.808627 6.559786 8
15.087877 4.808627 8.261240 8
9.595589 13.748223 7.426816 6
8.195768 13.748223 7.394210 6
-0.179411 6.523724 7.426816 6
17.970768 6.523724 7.394210 6
10.070674 0.121372 7.443119 1
7.720682 0.121372 7.377907 1
0.295674 7.345872 7.443119 1
17.495682 7.345872 7.377907 1
11.801336 12.603863 7.406066 6
5.990021 12.603863 7.414959 6
2.026336 5.379363 7.406066 6
15.765021 5.379363 7.414959 6
10.271823 10.060839 7.411995 6
7.519534 10.060839 7.409031 6
0.496823 2.836339 7.411995 6
17.294534 2.836339 7.409031 6
11.223359 10.046390 7.400138 1
6.567997 10.046390 7.420888 1
1.448359 2.821890 7.400138 1
16.342997 2.821890 7.420888 1
11.228083 11.517298 10.309505 6
6.563274 11.517298 4.511520 6
1.453083 4.292798 10.309505 6
16.338274 4.292798 4.511520 6
12.070454 11.222538 9.981961 1
5.720903 11.222538 4.839065 1
2.295454 3.998038 9.981961 1
15.495903 3.998038 4.839065 1
9.607495 8.884690 7.425334 6
8.183862 8.884690 7.395692 6
-0.167505 1.660190 7.425334 6
17.958862 1.660190 7.395692 6
10.084732 8.065432 7.456458 1
7.706625 8.065432 7.364568 1
0.309732 0.840932 7.456458 1
17.481625 0.840932 7.364568 1
12.397352 13.485252 8.330898 7
5.394005 13.485252 6.490127 7
2.622352 6.260752 8.330898 7
15.169005 6.260752 6.490127 7
13.824387 0.270196 6.684283 6
3.966970 0.270196 8.136743 6
4.049387 7.494696 6.684283 6
13.741970 7.494696 8.136743 6
9.157456 0.190727 10.509589 6
8.633901 0.190727 4.311436 6
-0.617544 7.415227 10.509589 6
18.408901 7.415227 4.311436 6
9.754025 0.851046 10.177598 1
8.037332 0.851046 4.643427 1
-0.020975 8.075546 10.177598 1
17.812332 8.075546 4.643427 1
8.687493 12.348115 11.175053 6
9.103864 12.348115 3.645972 6
-1.087507 5.123615 11.175053 6
18.878864 5.123615 3.645972 6
9.599626 13.316198 10.638532 6
8.191731 13.316198 4.182493 6
-0.175374 6.091698 10.638532 6
17.966731 6.091698 4.182493 6
10.859303 12.846606 10.171670 6
6.932054 12.846606 4.649356 6
1.084303 5.622106 10.171670 6
16.707054 5.622106 4.649356 6
12.235137 0.317878 10.208722 8
5.556220 0.317878 4.612303 8
2.460137 7.542378 10.208722 8
15.331220 7.542378 4.612303 8
10.356052 10.598342 10.936435 6
7.435305 10.598342 3.884591 6
0.581052 3.373842 10.936435 6
17.210305 3.373842 3.884591 6
10.629564 9.698169 11.069824 1
7.161792 9.698169 3.751202 1
0.854564 2.473669 11.069824 1
16.936792 2.473669 3.751202 1
11.844237 13.801685 9.581793 6
5.947120 13.801685 5.239233 6
2.069237 6.577185 9.581793 6
15.722120 6.577185 5.239233 6
9.114084 11.007248 11.352906 6
8.677272 11.007248 3.468120 6
-0.660916 3.782748 11.352906 6
18.452272 3.782748 3.468120 6
8.531127 10.383051 11.767894 1
9.260229 10.383051 3.053131 1
-1.243873 3.158551 11.767894 1
19.035229 3.158551 3.053131 1
14.643472 14.317514 5.646811 6
3.147885 14.317514 9.174215 6
4.868472 7.093014 5.646811 6
12.922885 7.093014 9.174215 6
15.195649 13.554607 5.771307 1
2.595707 13.554607 9.049718 1
5.420649 6.330107 5.771307 1
12.370707 6.330107 9.049718 1
6.967805 14.061767 11.317335 6
10.823552 14.061767 3.503690 6
16.742805 6.837267 11.317335 6
1.048552 6.837267 3.503690 6
6.068730 14.310290 11.496670 1
11.722626 14.310290 3.324356 1
15.843730 7.085790 11.496670 1
1.947626 7.085790 3.324356 1
13.908212 1.622623 4.231403 6
3.883144 1.622623 10.589623 6
4.133212 8.847123 4.231403 6
13.658144 8.847123 10.589623 6
13.930627 2.080656 3.399943 1
3.860730 2.080656 11.421082 1
4.155627 9.305156 3.399943 1
13.635730 9.305156 11.421082 1
14.691886 0.534613 4.431487 6
3.099471 0.534613 10.389539 6
4.916886 7.759113 4.431487 6
12.874471 7.759113 10.389539 6
15.272012 0.229739 3.743791 1
2.519345 0.229739 11.077235 1
5.497012 7.454239 3.743791 1
12.294345 7.454239 11.077235 1
7.867235 0.562066 10.854919 6
9.924122 0.562066 3.966106 6
17.642235 7.786566 10.854919 6
0.149122 7.786566 3.966106 6
7.597166 1.469463 10.774886 1
10.194190 1.469463 4.046140 1
17.372166 8.693963 10.774886 1
0.419190 8.693963 4.046140 1
13.045110 1.397218 6.447146 6
4.746247 1.397218 8.373879 6
3.270110 8.621718 6.447146 6
14.521247 8.621718 8.373879 6
12.474407 1.713651 7.137806 1
5.316949 1.713651 7.683220 1
2.699407 8.938151 7.137806 1
15.091949 8.938151 7.683220 1
13.767790 14.042983 8.034478 6
4.023567 14.042983 6.786548 6
3.992790 6.818483 8.034478 6
13.798567 6.818483 6.786548 6
13.924150 0.314988 8.710317 1
3.867206 0.314988 6.110709 1
4.149150 7.539488 8.710317 1
13.642206 7.539488 6.110709 1
14.834668 12.972312 8.302739 6
2.956689 12.972312 6.518287 6
5.059668 5.747812 8.302739 6
12.731689 5.747812 6.518287 6
14.706463 12.222409 7.686184 1
3.084894 12.222409 7.134842 1
4.931463 4.997909 7.686184 1
12.859894 4.997909 7.134842 1
14.754430 12.654434 9.226088 1
3.036927 12.654434 5.594937 1
4.979430 5.429934 9.226088 1
12.811927 5.429934 5.594937 1
15.726512 13.358100 8.167867 1
2.064845 13.358100 6.653158 1
5.951512 6.133601 8.167867 1
11.839845 6.133601 6.653158 1
7.373812 12.755577 11.520383 6
10.417545 12.755577 3.300642 6
17.148812 5.531077 11.520383 6
0.642545 5.531077 3.300642 6
6.768409 12.127046 11.893873 1
11.022948 12.127046 2.927153 1
16.543409 4.902546 11.893873 1
1.247948 4.902546 2.927153 1
13.067250 2.064762 5.255536 6
4.724107 2.064762 9.565490 6
3.292250 9.289262 5.255536 6
14.499107 9.289262 9.565490 6
12.515776 2.824779 5.125111 1
5.275581 2.824779 9.695915 1
2.740776 10.049280 5.125111 1
15.050581 10.049280 9.695915 1
10.488223 8.292281 0.002964 6
7.303134 8.292281 14.818061 6
0.713223 1.067781 0.002964 6
17.078134 1.067781 14.818061 6
11.499994 7.643521 13.863587 8
6.291363 7.643521 0.957438 8
1.724994 0.419021 13.863587 8
16.066363 0.419021 0.957438 8
10.922574 6.970198 14.696529 6
6.868782 6.970198 0.124497 6
1.147574 14.194698 14.696529 6
16.643782 14.194698 0.124497 6
9.436566 7.029438 14.813615 6
8.354791 7.029438 0.007411 6
-0.338434 14.253938 14.813615 6
18.129791 14.253938 0.007411 6
8.731142 5.866294 14.794348 6
9.060214 5.866294 0.026678 6
-1.043858 13.090794 14.794348 6
18.835214 13.090794 0.026678 6
9.196371 5.039811 14.745438 1
8.594986 5.039811 0.075587 1
-0.578629 12.264311 14.745438 1
18.369986 12.264311 0.075587 1
11.182330 9.530560 0.068177 6
6.609027 9.530560 14.752849 6
1.407330 2.306060 0.068177 6
16.384027 2.306060 14.752849 6
12.129512 9.539230 0.125979 1
5.661845 9.539230 14.695047 1
2.354512 2.314730 0.125979 1
15.436845 2.314730 14.695047 1
13.352787 6.046906 0.674357 7
4.438570 6.046906 14.146669 7
3.577787 13.271406 0.674357 7
14.213570 13.271406 14.146669 7
10.636104 5.828727 3.122790 6
7.155253 5.828727 11.698235 6
0.861104 13.053227 3.122790 6
16.930253 13.053227 11.698235 6
9.813051 6.750573 3.831235 6
7.978306 6.750573 10.989790 6
0.038051 13.975073 3.831235 6
17.753306 13.975073 10.989790 6
10.322329 8.024975 4.185458 6
7.469028 8.024975 10.635568 6
0.547329 0.800475 4.185458 6
17.244028 0.800475 10.635568 6
9.784636 8.618829 4.696783 1
8.006721 8.618829 10.124243 1
0.009636 1.394329 4.696783 1
17.781721 1.394329 10.124243 1
12.348892 7.546713 3.005704 6
5.442465 7.546713 11.815322 6
2.573892 0.322213 3.005704 6
15.217465 0.322213 11.815322 6
13.202310 7.828468 2.700391 1
4.589047 7.828468 12.120635 1
3.427310 0.603968 2.700391 1
14.364047 0.603968 12.120635 1
10.490767 10.708154 0.047427 6
7.300589 10.708154 14.773598 6
0.715767 3.483654 0.047427 6
17.075589 3.483654 14.773598 6
10.962160 11.533192 0.094855 1
6.829197 11.533192 14.726171 1
1.187160 4.308692 0.094855 1
16.604197 4.308692 14.726171 1
11.890816 6.308433 2.664820 6
5.900541 6.308433 12.156205 6
2.115816 13.532933 2.664820 6
15.675541 13.532933 12.156205 6
12.779431 5.427044 1.799273 6
5.011926 5.427044 13.021753 6
3.004431 12.651544 1.799273 6
14.786926 12.651544 13.021753 6
13.049962 4.276904 2.106068 8
4.741395 4.276904 12.714958 8
3.274962 11.501404 2.106068 8
14.516395 11.501404 12.714958 8
12.961805 4.784064 13.838392 6
4.829552 4.784064 0.982634 6
3.186805 12.008564 13.838392 6
14.604552 12.008564 0.982634 6
8.468948 6.392238 4.152851 6
9.322409 6.392238 10.668174 6
18.243948 13.616738 4.152851 6
-0.452591 13.616738 10.668174 6
7.917177 6.996206 4.634535 1
9.874180 6.996206 10.186491 1
17.692177 14.220706 4.634535 1
0.099180 14.220706 10.186491 1
7.982561 5.187191 3.770469 6
9.808796 5.187191 11.050557 6
17.757561 12.411691 3.770469 6
0.033796 12.411691 11.050557 6
7.071560 4.973346 3.934982 1
10.719797 4.973346 10.886043 1
16.846560 12.197846 3.934982 1
0.944797 12.197846 10.886043 1
13.584854 5.165517 12.657156 6
4.206503 5.165517 2.163870 6
3.809854 12.390017 12.657156 6
13.981503 12.390017 2.163870 6
14.025567 6.005004 12.617139 1
3.765790 6.005004 2.203887 1
4.250567 13.229504 12.617139 1
13.540790 13.229504 2.203887 1
10.100789 4.549990 2.839708 6
7.690568 4.549990 11.981317 6
0.325789 11.774490 2.839708 6
17.465568 11.774490 11.981317 6
10.656924 3.892561 2.436577 1
7.134433 3.892561 12.384449 1
0.881924 11.117061 2.436577 1
16.909433 11.117061 12.384449 1
13.574565 4.353484 11.541133 6
4.216792 4.353484 3.279893 6
3.799565 11.577984 11.541133 6
13.991792 11.577984 3.279893 6
14.005264 4.642464 10.745244 1
3.786093 4.642464 4.075782 1
4.230264 11.866964 10.745244 1
13.561093 11.866964 4.075782 1
8.819205 4.242226 3.128718 6
8.972151 4.242226 11.692307 6
18.594205 11.466726 3.128718 6
-0.802849 11.466726 11.692307 6
8.474663 3.386846 2.901957 1
9.316694 3.386846 11.919069 1
18.249663 10.611346 2.901957 1
-0.458306 10.611346 11.919069 1
14.753420 5.708800 0.222315 6
3.037936 5.708800 14.598710 6
4.978420 12.933300 0.222315 6
12.812936 12.933300 14.598710 6
13.384292 6.568515 14.709868 1
4.407065 6.568515 0.111158 1
3.609292 13.793015 14.709868 1
14.182065 13.793015 0.111158 1
12.951136 3.138323 11.572257 6
4.840220 3.138323 3.248769 6
3.176136 10.362823 11.572257 6
14.615220 10.362823 3.248769 6
12.931503 2.587816 10.798599 1
4.859854 2.587816 4.022426 1
3.156503 9.812316 10.798599 1
14.634854 9.812316 4.022426 1
15.638846 5.279665 1.344267 6
2.152511 5.279665 13.476759 6
5.863846 12.504165 1.344267 6
11.927511 12.504165 13.476759 6
15.410263 4.363598 1.606599 1
2.381094 4.363598 13.214426 1
5.635263 11.588098 1.606599 1
12.156094 11.588098 13.214426 1
15.509000 5.880743 2.109032 1
2.282357 5.880743 12.711994 1
5.734000 13.105243 2.109032 1
12.057357 13.105243 12.711994 1
16.574395 5.314342 1.055257 1
1.216962 5.314342 13.765769 1
6.799395 12.538842 1.055257 1
10.991962 12.538842 13.765769 1
12.327371 3.548674 13.879890 6
5.463986 3.548674 0.941135 6
2.552371 10.773174 13.879890 6
15.238986 10.773174 0.941135 6
11.881559 3.266919 14.671333 1
5.909798 3.266919 0.149692 1
2.106559 10.491419 14.671333 1
15.684798 10.491419 0.149692 1
11.580330 8.406428 3.798629 6
6.211027 8.406428 11.022397 6
1.805330 1.181928 3.798629 6
15.986027 1.181928 11.022397 6
11.929723 9.248805 4.066889 1
5.861633 9.248805 10.754136 1
2.154723 2.024305 4.066889 1
15.636633 2.024305 10.754136 1
12.350120 2.719302 12.749046 6
5.441237 2.719302 2.071979 6
2.575120 9.943802 12.749046 6
15.216237 9.943802 2.071979 6
11.948331 1.859586 12.790545 1
5.843026 1.859586 2.030481 1
2.173331 9.084086 12.790545 1
15.618026 9.084086 2.030481 1
9.775000 2.420208 0.000000 8
0.000000 9.644707 0.000000 8
9.036898 0.251413 0.140800 6
8.754459 0.251413 14.680226 6
18.811898 7.475913 0.140800 6
-1.020541 7.475913 14.680226 6
6.807789 14.053097 14.379359 1
10.983567 14.053097 0.441667 1
16.582789 6.828597 14.379359 1
1.208567 6.828597 0.441667 1
8.858226 0.023118 1.086381 1
8.933130 0.023118 13.734644 1
18.633226 7.247618 1.086381 1
-0.841870 7.247618 13.734644 1
6.865381 1.608174 14.668369 6
10.925976 1.608174 0.152657 6
16.640381 8.832674 14.668369 6
1.150976 8.832674 0.152657 6
6.515519 1.671749 13.745019 1
11.275838 1.671749 1.076006 1
16.290519 8.896249 13.745019 1
1.500838 8.896249 1.076006 1
7.912303 1.895709 0.474273 1
9.879053 1.895709 14.346753 1
17.687303 9.120209 0.474273 1
0.104053 9.120209 14.346753 1
