0.858125 1.753627 26.646838 35
3.914125 3.251873 3.403163 35
5.253875 6.759127 18.428162 35
2.197875 8.257373 11.621837 35
3.396438 7.698459 5.517180 8
0.340438 7.318041 24.532820 8
2.715562 2.692959 9.507820 8
5.771562 2.312541 20.542180 8
2.263885 6.036633 1.712850 8
5.319885 8.979867 28.337150 8
3.848115 1.031133 13.312150 8
0.792115 3.974367 16.737850 8
2.704560 5.473014 5.544225 8
5.760560 9.543486 24.505775 8
3.407440 0.467514 9.480775 8
0.351440 4.537986 20.569225 8
4.329130 5.921506 0.775290 8
1.273130 9.094993 29.274710 8
1.782870 0.916006 14.249710 8
4.838870 4.089493 15.800290 8
2.988768 6.614268 6.325525 6
6.044768 8.402232 23.724475 6
3.123232 1.608768 8.699475 6
0.067232 3.396732 21.350525 6
3.172128 8.279097 2.376955 6
0.116128 6.737403 27.673045 6
2.939872 3.273597 12.648045 6
5.995872 1.731903 17.401955 6
3.318816 4.290715 28.757850 6
0.262816 0.714785 1.292150 6
2.793184 9.296215 16.317150 6
5.849184 5.720285 13.732850 6
1.729696 6.988679 3.864430 6
4.785696 8.027821 26.185570 6
4.382304 1.983179 11.160570 6
1.326304 3.022321 18.889430 6
4.101152 6.326952 7.302150 6
1.045152 8.689548 22.747850 6
2.010848 1.321452 7.722850 6
5.066848 3.684048 22.327150 6
0.360608 7.374103 3.275450 6
3.416608 7.642397 26.774550 6
5.751392 2.368603 11.749550 6
2.695392 2.636897 18.300450 6
6.026432 5.054554 8.089460 6
2.970432 9.961946 21.960540 6
0.085568 0.049054 6.935540 6
3.141568 4.956446 23.114460 6
0.721216 3.341672 29.001255 6
3.777216 1.663828 1.048745 6
5.390784 8.347172 16.073745 6
2.334784 6.669328 13.976255 6
4.351744 7.273993 8.290795 6
1.295744 7.742507 21.759205 6
1.760256 2.268493 6.734205 6
4.816256 2.737007 23.315795 6
0.158912 6.017612 9.033030 6
3.214912 8.998888 21.016970 6
5.953088 1.012112 5.991970 6
2.897088 3.993388 24.058030 6
3.147680 5.623179 0.790315 6
0.091680 9.393321 29.259685 6
2.964320 0.617679 14.234685 6
6.020320 4.387821 15.815315 6
2.530368 4.717183 29.842655 6
5.586368 0.288317 0.207345 6
3.581632 9.722683 15.232345 6
0.525632 5.293817 14.817655 6
2.842080 3.427766 27.826300 6
5.898080 1.577734 2.223700 6
3.269920 8.433266 17.248700 6
0.213920 6.583234 12.801300 6
5.439680 7.132837 9.153230 6
2.383680 7.883662 20.896770 6
0.672320 2.127337 5.871770 6
3.728320 2.878162 24.178230 6
1.216288 4.240660 29.959850 6
4.272288 0.764840 0.090150 6
4.895712 9.246160 15.115150 6
1.839712 5.770340 14.934850 6
2.304224 8.150956 4.687800 6
5.360224 6.865544 25.362200 6
3.807776 3.145456 10.337200 6
0.751776 1.860044 19.712800 6
2.805408 6.848525 2.800660 6
5.861408 8.167975 27.249340 6
3.306592 1.843025 12.224340 6
0.250592 3.162475 17.825660 6
1.546336 5.732299 4.717850 6
4.602336 9.284201 25.332150 6
4.565664 0.726799 10.307150 6
1.509664 4.278701 19.742850 6
1.534112 2.959252 27.955515 6
4.590112 2.046248 2.094485 6
4.577888 7.964752 17.119485 6
1.521888 7.051748 12.930515 6
2.890976 9.116017 3.657085 6
5.946976 5.900483 26.392915 6
3.221024 4.110517 11.367915 6
0.165024 0.894983 18.682085 6
4.938496 5.216732 7.199980 6
1.882496 9.799768 22.850020 6
1.173504 0.211232 7.825020 6
4.229504 4.794268 22.224980 6
0.877072 6.514158 9.784280 1
3.933072 8.502342 20.265720 1
5.234928 1.508658 5.240720 1
2.178928 3.496842 24.809280 1
5.458627 7.693453 9.964580 1
2.402627 7.323047 20.085420 1
0.653373 2.687953 5.060420 1
3.709373 2.317547 24.989580 1
0.540301 4.339768 7.909160 1
3.596301 0.665731 22.140840 1
5.571699 9.345268 7.115840 1
2.515699 5.671231 22.934160 1
3.810832 8.136941 8.389960 1
0.754832 6.879559 21.660040 1
2.301168 3.131441 6.635040 1
5.357168 1.874059 23.414960 1
4.631062 4.661122 6.559915 1
1.575062 0.344378 23.490085 1
1.480938 9.666622 8.465085 1
4.536938 5.349878 21.584915 1
2.174038 6.756424 6.842385 1
5.230038 8.260076 23.207615 1
3.937962 1.750924 8.182615 1
0.881962 3.254576 21.867385 1
0.747498 5.534081 5.469100 1
3.803498 9.482419 24.580900 1
5.364502 0.528581 9.555900 1
2.308502 4.476919 20.494100 1
1.511498 5.073575 3.819355 1
4.567498 9.942925 26.230645 1
4.600502 0.068075 11.205645 1
1.544502 4.937425 18.844355 1
1.517610 8.556402 5.189635 1
4.573610 6.460098 24.860365 1
4.594390 3.550902 9.835365 1
1.538390 1.454598 20.214635 1
3.700816 9.491429 3.987635 1
0.644816 5.525071 26.062365 1
2.411184 4.485929 11.037365 1
5.467184 0.519571 19.012635 1
2.277331 9.812782 3.461760 1
5.333331 5.203718 26.588240 1
3.834669 4.807282 11.563240 1
0.778669 0.198218 18.486760 1
4.087094 8.338162 2.127540 1
1.031094 6.678338 27.922460 1
2.024906 3.332662 12.897460 1
5.080906 1.672838 17.152540 1
2.627549 8.566413 1.655755 1
5.683549 6.450087 28.394245 1
3.484451 3.560913 13.369245 1
0.428451 1.444587 16.680755 1
5.789286 7.119823 3.882460 1
2.733286 7.896677 26.167540 1
0.322714 2.114323 11.142540 1
3.378714 2.891177 18.907460 1
0.235923 6.921605 2.449075 1
3.291923 8.094895 27.600925 1
5.876077 1.916105 12.575925 1
2.820077 3.089395 17.474075 1
0.326381 8.312133 3.131210 1
3.382381 6.704367 26.918790 1
5.785619 3.306633 11.893790 1
2.729619 1.698867 18.156210 1
3.675757 6.493135 3.089140 1
0.619757 8.523365 26.960860 1
2.436243 1.487635 11.935860 1
5.492243 3.517865 18.114140 1
4.201389 4.627084 28.673710 1
1.145389 0.378416 1.376290 1
1.910611 9.632584 16.401290 1
4.966611 5.383916 13.648710 1
5.949421 3.005302 29.061355 1
2.893421 2.000198 0.988645 1
0.162579 8.010802 16.013645 1
3.218579 7.005698 14.036355 1
3.384826 3.147458 27.099090 1
0.328826 1.858042 2.950910 1
2.727174 8.152958 17.975910 1
5.783174 6.863542 12.074090 1
0.673542 4.511958 0.640065 1
3.729542 0.493542 29.409935 1
5.438458 9.517458 14.384935 1
2.382458 5.499042 15.665065 1
