0.340091 1.671651 9.898472 16
5.628870 7.739768 2.029841 16
3.940448 4.720186 7.952607 8
2.028513 4.691233 3.975707 8
1.458261 2.479367 9.762132 8
4.510700 6.932051 2.166182 8
0.309187 0.542237 9.066711 8
5.659774 8.869182 2.861602 8
-0.859562 2.510984 9.697719 8
6.828523 6.900434 2.230595 8
-0.979120 6.613114 5.915251 7
6.948081 2.798304 6.013063 7
3.212552 8.561671 6.200337 6
2.756409 0.849748 5.727976 6
4.475148 9.148872 6.206301 6
1.493813 0.262546 5.722012 6
4.890678 9.371186 5.404719 1
1.078283 0.040232 6.523595 1
5.102460 9.398759 7.401518 6
0.866501 0.012659 4.526795 6
5.939306 9.803871 7.406290 1
0.029655 -0.392452 4.522024 1
4.500625 9.051474 8.601507 6
1.468336 0.359944 3.326807 6
4.949495 9.221319 9.398318 1
1.019466 0.190099 2.529995 1
3.247709 8.459327 8.645642 6
2.721252 0.952092 3.282672 6
2.850271 8.231669 9.455574 1
3.118690 1.179749 2.472739 1
2.599967 8.214912 7.422989 6
3.368995 1.196506 4.505324 6
1.283677 7.612767 7.117625 6
4.685284 1.798651 4.810689 6
0.302436 7.088693 7.929943 6
5.666525 2.322725 3.998371 6
-0.863700 6.540278 7.295356 6
6.832661 2.871141 4.632957 6
6.037733 5.900060 8.018212 6
-0.068772 3.511359 3.910101 6
6.092616 5.839623 8.943849 1
-0.123655 3.571795 2.984464 1
4.958722 5.376370 7.376469 6
1.010239 4.035049 4.551844 6
4.859177 5.512104 5.978471 6
1.109784 3.899314 5.949843 6
4.108275 5.190202 5.534737 1
1.860686 4.221216 6.393576 1
5.842095 6.103893 5.279471 6
0.126866 3.307526 6.648842 6
5.767975 6.172863 4.355027 1
0.200986 3.238555 7.573286 1
0.015236 7.162886 5.132753 6
5.953725 2.248532 6.795560 6
-0.092328 7.207850 4.209502 1
6.061289 2.203569 7.718812 1
1.138558 7.632421 5.701734 6
4.830403 1.778998 6.226580 6
2.345264 8.226187 5.031363 6
3.623697 1.185232 6.896951 6
2.775176 7.585394 4.443297 1
3.193785 1.826024 7.485017 1
2.113730 9.020624 4.523216 1
3.855231 0.390794 7.405097 1
0.420324 7.058463 9.406668 6
5.548638 2.352956 2.521645 6
0.786019 5.906272 10.066304 6
5.182942 3.505146 1.862010 6
0.881515 5.111910 9.591557 1
5.087446 4.299508 2.336757 1
1.012542 5.925047 11.433288 6
4.956419 3.486371 0.495025 6
1.286215 5.148476 11.865093 1
4.682746 4.262942 0.063220 1
1.726214 8.491539 0.213517 6
4.242747 0.919880 11.714797 6
1.865544 8.489310 1.133190 1
4.103418 0.922108 10.795124 1
0.460105 8.206791 11.509630 6
5.508856 1.204627 0.418684 6
1.235536 10.422729 0.075148 1
4.733425 -1.011310 11.853165 1
0.237220 8.223956 10.141452 6
5.731741 1.187462 1.786861 6
-0.032473 9.008056 9.719190 1
6.001434 0.403363 2.209124 1
4.049491 4.433467 9.361340 6
1.919470 4.977951 2.566973 6
4.863661 3.953443 9.528337 1
1.105300 5.457975 2.399977 1
3.300568 3.900099 9.638077 1
2.668393 5.511319 2.290236 1
4.055888 5.256989 9.855172 1
1.913073 4.154430 2.073141 1
0.268876 1.110059 11.540643 6
5.700086 8.301359 0.387670 6
-0.449747 0.480568 11.633684 1
6.418708 8.930850 0.294629 1
1.004045 3.290933 0.199203 1
4.964916 6.120485 11.729111 1
1.098332 0.685483 11.769667 1
4.870629 8.725935 0.158647 1
