1.531594 10.385681 10.519789 35
5.643220 21.894381 6.977615 35
6.284349 12.631719 1.145147 35
2.172723 1.123019 4.687321 35
5.781916 6.105135 5.148086 8
2.675156 17.613835 0.684382 8
2.034027 16.912265 6.516850 8
5.140787 5.403565 10.980554 8
3.913417 5.627754 4.011688 8
4.543654 17.136454 1.820780 8
3.902525 17.389646 7.653248 8
3.272289 5.880946 9.844156 8
4.583299 7.462241 7.320097 8
2.591515 18.970941 10.177307 8
3.232644 15.555159 4.344839 8
5.224428 4.046459 1.487629 8
7.606196 8.331378 10.038844 8
-0.431382 19.840078 7.458560 8
0.209746 14.686022 1.626092 8
8.247325 3.177322 4.206376 8
5.400767 10.197399 6.206913 8
1.774047 21.706099 11.290492 8
2.415175 12.820001 5.458024 8
6.041896 1.311301 0.374444 8
8.321833 12.427785 4.314860 8
0.135239 0.919085 1.517608 8
-0.505890 10.589615 7.350076 8
7.680704 22.098315 10.147328 8
6.794575 7.791160 8.003313 7
0.380239 19.299860 9.494092 7
1.021368 15.226240 3.661623 7
7.435704 3.717540 2.170845 7
6.984471 10.606878 4.537660 7
1.472600 22.115578 1.294808 7
0.831471 12.410522 7.127276 7
6.343343 0.901822 10.370128 7
6.416162 7.289380 5.709986 6
2.040910 18.798080 0.122482 6
1.399781 15.728020 5.954950 6
5.775033 4.219320 11.542454 6
5.762647 7.540730 7.094614 6
1.412167 19.049430 10.402790 6
2.053296 15.476670 4.570322 6
6.403775 3.967970 1.262146 6
8.047157 7.394340 7.409567 6
-0.872343 18.903040 10.087837 6
-0.231214 15.623060 4.255369 6
8.688286 4.114360 1.577099 6
0.193843 7.273498 8.011478 6
6.980971 18.782198 9.485926 6
7.622100 15.743902 3.653458 6
0.834972 4.235202 2.179010 6
0.325282 7.510578 8.901513 1
6.849533 19.019278 8.595891 1
7.490661 15.506822 2.763423 1
0.966410 3.998122 3.069045 1
1.233514 6.786680 7.235760 6
5.941300 18.295380 10.261644 6
6.582428 16.230720 4.429176 6
1.874643 4.722020 1.403292 6
2.079172 6.700365 7.612537 1
5.095642 18.209065 9.884867 1
5.736771 16.317035 4.052399 1
2.720301 4.808335 1.780069 1
1.044890 6.425998 5.914123 6
6.129924 17.934698 11.583282 6
6.771053 16.591402 5.750814 6
1.686019 5.082702 0.081655 6
1.759146 6.085801 5.425362 1
6.697925 17.594501 0.407106 1
6.056797 16.931599 6.239574 1
1.118017 5.422899 11.257830 1
-0.193242 6.565023 5.308712 6
8.650314 18.073723 0.523756 6
8.009185 16.452377 6.356224 6
-0.834371 4.943677 11.141181 6
-0.318184 6.332087 4.417511 1
8.775255 17.840787 1.414957 1
8.134127 16.685313 7.247425 1
-0.959313 5.176613 10.249979 1
7.856164 7.062429 6.068100 6
-0.681349 18.571129 11.429304 6
-0.040221 15.954971 5.596836 6
8.497292 4.446271 0.235632 6
6.063404 8.410098 4.664808 6
2.393667 19.918798 1.167660 6
1.752538 14.607302 7.000128 6
5.422276 3.098602 10.497276 6
6.070819 9.834184 5.276051 6
2.386252 21.342884 0.556417 6
1.745123 13.183216 6.388886 6
5.429691 1.674516 11.108519 6
7.583655 9.808405 3.498314 6
0.873417 21.317105 2.334154 6
0.232288 13.208995 8.166622 6
6.942526 1.700295 9.330782 6
8.496708 10.182207 2.533624 6
-0.039636 21.690907 3.298844 6
-0.680765 12.835193 9.131312 6
7.855579 1.326493 8.366092 6
-0.233681 11.036843 2.523126 1
8.690752 22.545543 3.309342 1
8.049624 11.980557 9.141810 1
-0.874810 0.471857 8.355594 1
8.849183 9.230438 1.570100 6
-0.392112 20.739138 4.262368 6
-1.033241 13.786962 10.094836 6
8.208055 2.278262 7.402568 6
0.361519 9.460151 0.907532 1
8.095552 20.968851 4.924936 1
7.454424 13.557249 10.757404 1
-0.279610 2.048549 6.740000 1
8.312799 7.962870 1.582932 6
0.144273 19.471570 4.249536 6
-0.496856 15.054530 10.082004 6
7.671670 3.545830 7.415400 6
8.564365 7.347154 0.933195 1
-0.107293 18.855854 4.899273 1
-0.748422 15.670246 10.731741 1
7.923236 4.161546 6.765663 1
7.397297 7.601266 2.561620 6
1.059774 19.109966 3.270848 6
0.418646 15.416134 9.103316 6
6.756168 3.907434 8.394088 6
7.032600 6.746400 2.568619 1
1.424472 18.255100 3.263849 1
0.783343 16.271000 9.096317 1
6.391471 4.762300 8.401087 1
7.029367 8.524954 3.533309 6
1.427705 20.033654 2.299159 6
0.786576 14.492446 8.131627 6
6.388238 2.983746 9.365777 6
4.613345 7.974608 4.274033 6
3.843726 19.483308 1.558435 6
3.202597 15.042792 7.390904 6
3.972217 3.534092 10.106501 6
4.006229 8.316187 4.963430 1
4.450842 19.824887 0.869038 1
3.809714 14.701213 6.701506 1
3.365100 3.192513 10.795898 1
4.675433 6.467659 4.421011 6
3.781638 17.976359 1.411457 6
3.140509 16.549741 7.243925 6
4.034305 5.041041 10.253479 6
4.129262 8.502167 2.933731 6
4.327810 20.010867 2.898737 6
3.686681 14.515233 8.731205 6
3.488133 3.006533 8.766200 6
3.667488 9.813238 2.863742 6
4.789583 21.321938 2.968726 6
4.148455 13.204162 8.801194 6
3.026359 1.695462 8.696210 6
3.609256 10.318700 3.641793 1
4.847815 21.827400 2.190675 1
4.206687 12.698700 8.023143 1
2.968127 1.190000 9.474261 1
3.289255 10.379466 1.644756 6
5.167816 21.888166 4.187712 6
4.526688 12.637934 10.020180 6
2.648127 1.129234 7.477224 6
2.996629 11.262414 1.608595 1
5.460442 22.771114 4.223873 1
4.819314 11.754986 10.056341 1
2.355500 0.246286 7.441063 1
3.354074 9.617821 0.492260 6
5.102997 21.126521 5.340208 6
4.461868 13.399579 11.172676 6
2.712946 1.890879 6.324728 6
3.781122 8.316877 0.547086 6
4.675949 19.825577 5.285383 6
4.034821 14.700523 11.117851 6
3.139994 3.191823 6.379554 6
2.527726 7.805200 11.436303 1
4.647088 19.313900 6.061101 1
5.288217 15.212200 0.228633 1
3.168855 3.703500 5.603835 1
4.171427 7.763539 1.755573 6
4.285645 19.272239 4.076895 6
3.644516 15.253861 9.909363 6
3.530298 3.745161 7.588041 6
4.466245 6.882203 1.780069 1
3.990826 18.390903 4.052399 1
3.349698 16.135197 9.884867 1
3.825117 4.626497 7.612537 1
6.643427 8.315496 9.312119 6
0.531387 19.824196 8.185286 6
1.172516 14.701904 2.352818 6
7.284556 3.193204 3.479650 6
5.300723 8.830165 9.699394 6
1.874091 20.338865 7.798010 6
2.515219 14.187235 1.965542 6
5.941852 2.678535 3.866926 6
5.377182 9.351970 10.501942 1
1.797633 20.860670 6.995462 1
2.438761 13.665430 1.162994 1
6.018310 2.156730 4.669474 1
4.706972 8.090616 9.853372 1
2.467842 19.599316 7.644033 1
3.108971 14.926784 1.811565 1
5.348100 3.418084 4.020903 1
4.952504 9.379590 8.993666 1
2.222310 20.888290 8.503738 1
2.863438 13.637809 2.671270 1
5.593633 2.129110 3.161198 1
7.324776 11.965365 4.818785 6
1.132296 0.456665 1.013683 6
0.491167 11.052035 6.846151 6
6.683647 22.560735 10.651253 6
6.429027 12.739440 5.708820 6
2.028044 1.230740 0.123648 6
1.386916 10.277960 5.956116 6
5.787899 21.786660 11.541288 6
6.731417 13.649318 5.755479 1
1.725654 2.140618 0.076989 1
1.084525 9.368082 5.909457 1
6.090289 20.876782 11.587948 1
6.439704 12.353439 6.588356 1
0.735110 0.844739 10.909048 1
1.376239 10.663961 5.076580 1
7.080832 22.172661 0.755888 1
5.534673 12.717113 5.361205 1
2.922398 1.208413 0.471263 1
2.281270 10.300287 6.303731 1
4.893544 21.808986 11.193673 1
