3.978795 0.965205 4.224446 6
6.835205 12.833295 19.279954 6
1.428205 7.864455 4.224446 6
9.385795 5.934045 19.279954 6
3.978795 5.934045 15.976646 6
6.835205 7.864455 7.527754 6
1.428205 12.833295 15.976646 6
9.385795 0.965205 7.527754 6
4.474617 1.398064 5.541867 8
6.339383 12.400436 17.962533 8
0.932383 8.297314 5.541867 8
9.881617 5.501186 17.962533 8
4.474617 5.501186 17.294067 8
6.339383 8.297314 6.210333 8
0.932383 12.400436 17.294067 8
9.881617 1.398064 6.210333 8
5.832531 1.324932 5.583705 6
4.981469 12.473568 17.920695 6
10.388469 8.224182 5.583705 6
0.425531 5.574318 17.920695 6
5.832531 5.574318 17.335905 6
4.981469 8.224182 6.168495 6
10.388469 12.473568 17.335905 6
0.425531 1.324932 6.168495 6
6.304454 0.800451 4.251241 6
4.509546 12.998049 19.253159 6
9.916546 7.699701 4.251241 6
0.897454 6.098799 19.253159 6
6.304454 6.098799 16.003441 6
4.509546 7.699701 7.500959 6
9.916546 12.998049 16.003441 6
0.897454 0.800451 7.500959 6
7.587751 0.010073 4.038526 6
3.226249 13.788427 19.465874 6
8.633249 6.909323 4.038526 6
2.180751 6.889177 19.465874 6
7.587751 6.889177 15.790726 6
3.226249 6.909323 7.713674 6
8.633249 13.788427 15.790726 6
2.180751 0.010073 7.713674 6
7.795704 13.693769 2.508625 6
3.018296 0.104731 20.995775 6
8.425296 6.794519 2.508625 6
2.388704 7.003981 20.995775 6
7.795704 7.003981 14.260825 6
3.018296 6.794519 9.243575 6
8.425296 0.104731 14.260825 6
2.388704 13.693769 9.243575 6
6.484507 13.469130 1.770586 6
4.329493 0.329370 21.733814 6
9.736493 6.569880 1.770586 6
1.077507 7.228620 21.733814 6
6.484507 7.228620 13.522786 6
4.329493 6.569880 9.981614 6
9.736493 0.329370 13.522786 6
1.077507 13.469130 9.981614 6
5.266851 13.533431 2.294264 6
5.547149 0.265069 21.210136 6
0.140149 6.634181 2.294264 6
10.673851 7.164319 21.210136 6
5.266851 7.164319 14.046464 6
5.547149 6.634181 9.457936 6
0.140149 0.265069 14.046464 6
10.673851 13.533431 9.457936 6
5.088528 0.047191 3.749187 6
5.725472 13.751309 19.755213 6
0.318472 6.946441 3.749187 6
10.495528 6.852059 19.755213 6
5.088528 6.852059 15.501387 6
5.725472 6.946441 8.003013 6
0.318472 13.751309 15.501387 6
10.495528 0.047191 8.003013 6
6.445468 1.710600 6.543155 8
4.368532 12.087900 16.961245 8
9.775532 8.609850 6.543155 8
1.038468 5.188650 16.961245 8
6.445468 5.188650 18.295355 8
4.368532 8.609850 5.209045 8
9.775532 12.087900 18.295355 8
1.038468 1.710600 5.209045 8
7.515838 12.431759 4.675025 6
3.298162 1.366741 18.829375 6
8.705162 5.532509 4.675025 6
2.108838 8.265991 18.829375 6
7.515838 8.265991 16.427225 6
3.298162 5.532509 7.077175 6
8.705162 1.366741 16.427225 6
2.108838 12.431759 7.077175 6
7.505889 12.540077 6.003024 8
3.308111 1.258423 17.501376 8
8.715111 5.640827 6.003024 8
2.098889 8.157673 17.501376 8
7.505889 8.157673 17.755224 8
3.308111 5.640827 5.749176 8
8.715111 1.258423 17.755224 8
2.098889 12.540077 5.749176 8
7.417323 11.306353 6.755870 6
3.396677 2.492147 16.748530 6
8.803677 4.407103 6.755870 6
2.010323 9.391397 16.748530 6
7.417323 9.391397 18.508070 6
3.396677 4.407103 4.996330 6
8.803677 2.492147 18.508070 6
2.010323 11.306353 4.996330 6
8.530948 1.120024 1.903151 6
2.283052 12.678476 21.601249 6
7.690052 8.019274 1.903151 6
3.123948 5.779226 21.601249 6
8.530948 5.779226 13.655351 6
2.283052 8.019274 9.849049 6
7.690052 12.678476 13.655351 6
3.123948 1.120024 9.849049 6
9.813597 1.570821 2.662343 6
1.000403 12.227679 20.842057 6
6.407403 8.470071 2.662343 6
4.406597 5.328429 20.842057 6
9.813597 5.328429 14.414543 6
1.000403 8.470071 9.089857 6
6.407403 12.227679 14.414543 6
4.406597 1.570821 9.089857 6
10.774961 0.424166 2.858605 6
0.039039 13.374334 20.645795 6
5.446039 7.323416 2.858605 6
5.367961 6.475084 20.645795 6
10.774961 6.475084 14.610805 6
0.039039 7.323416 8.893595 6
5.446039 13.374334 14.610805 6
5.367961 0.424166 8.893595 6
1.212358 0.746499 2.358431 8
9.601642 13.052001 21.145969 8
4.194642 7.645749 2.358431 8
6.619358 6.152751 21.145969 8
1.212358 6.152751 14.110631 8
9.601642 7.645749 9.393769 8
4.194642 13.052001 14.110631 8
6.619358 0.746499 9.393769 8
1.218197 2.038590 1.870715 6
9.595803 11.759910 21.633685 6
4.188803 8.937840 1.870715 6
6.625197 4.860660 21.633685 6
1.218197 4.860660 13.622915 6
9.595803 8.937840 9.881485 6
4.188803 11.759910 13.622915 6
6.625197 2.038590 9.881485 6
10.645302 2.637583 1.925951 6
0.168698 11.160917 21.578449 6
5.575698 9.536833 1.925951 6
5.238302 4.261667 21.578449 6
10.645302 4.261667 13.678151 6
0.168698 9.536833 9.826249 6
5.575698 11.160917 13.678151 6
5.238302 2.637583 9.826249 6
10.101898 3.012627 0.515687 6
0.712102 10.785873 22.988713 6
6.119102 9.911877 0.515687 6
4.694898 3.886623 22.988713 6
10.101898 3.886623 12.267887 6
0.712102 9.911877 11.236513 6
6.119102 10.785873 12.267887 6
4.694898 3.012627 11.236513 6
9.625974 1.776557 23.314719 6
1.188026 12.021943 0.189681 6
6.595026 8.675807 23.314719 6
4.218974 5.122693 0.189681 6
9.625974 5.122693 11.562519 6
1.188026 8.675807 11.941881 6
6.595026 12.021943 11.562519 6
4.218974 1.776557 11.941881 6
8.890081 0.882690 0.458101 6
1.923919 12.915810 23.046299 6
7.330919 7.781940 0.458101 6
3.483081 6.016560 23.046299 6
8.890081 6.016560 12.210301 6
1.923919 7.781940 11.294099 6
7.330919 12.915810 12.210301 6
3.483081 0.882690 11.294099 6
10.599234 13.150108 3.347262 8
0.214766 0.648392 20.157138 8
5.621766 6.250858 3.347262 8
5.192234 7.547642 20.157138 8
10.599234 7.547642 15.099462 8
0.214766 6.250858 8.404938 8
5.621766 0.648392 15.099462 8
5.192234 13.150108 8.404938 8
2.243472 2.505118 1.489239 8
8.570528 11.293382 22.015161 8
3.163528 9.404368 1.489239 8
7.650472 4.394132 22.015161 8
2.243472 4.394132 13.241439 8
8.570528 9.404368 10.262961 8
3.163528 11.293382 13.241439 8
7.650472 2.505118 10.262961 8
0.261699 3.818735 23.157475 6
10.552301 9.979765 0.346925 6
5.145301 10.717985 23.157475 6
5.668699 3.080515 0.346925 6
0.261699 3.080515 11.405275 6
10.552301 10.717985 12.099125 6
5.145301 9.979765 11.405275 6
5.668699 3.818735 12.099125 6
7.466310 11.383900 4.091881 8
3.347690 2.414600 19.412519 8
8.754690 4.484650 4.091881 8
2.059310 9.313850 19.412519 8
7.466310 9.313850 15.844081 8
3.347690 4.484650 7.660319 8
8.754690 2.414600 15.844081 8
2.059310 11.383900 7.660319 8
3.864491 1.742889 3.606515 1
6.949509 12.055611 19.897885 1
1.542509 8.642139 3.606515 1
9.271491 5.156361 19.897885 1
3.864491 5.156361 15.358715 1
6.949509 8.642139 8.145685 1
1.542509 12.055611 15.358715 1
9.271491 1.742889 8.145685 1
3.112161 0.472599 4.304126 1
7.701839 13.325901 19.200274 1
2.294839 7.371849 4.304126 1
8.519161 6.426651 19.200274 1
3.112161 6.426651 16.056326 1
7.701839 7.371849 7.448074 1
2.294839 13.325901 16.056326 1
8.519161 0.472599 7.448074 1
6.386208 1.602144 3.659165 1
4.427792 12.196356 19.845235 1
9.834792 8.501394 3.659165 1
0.979208 5.297106 19.845235 1
6.386208 5.297106 15.411365 1
4.427792 8.501394 8.093035 1
9.834792 12.196356 15.411365 1
0.979208 1.602144 8.093035 1
8.352193 0.512614 4.442097 1
2.461807 13.285886 19.062303 1
7.868807 7.411864 4.442097 1
2.945193 6.386636 19.062303 1
8.352193 6.386636 16.194297 1
2.461807 7.411864 7.310103 1
7.868807 13.285886 16.194297 1
2.945193 0.512614 7.310103 1
8.380526 12.900218 2.340333 1
2.433474 0.898282 21.164067 1
7.840474 6.000968 2.340333 1
2.973526 7.797532 21.164067 1
8.380526 7.797532 14.092533 1
2.433474 6.000968 9.411867 1
7.840474 0.898282 14.092533 1
2.973526 12.900218 9.411867 1
6.545498 13.252631 0.796094 1
4.268502 0.545869 22.708306 1
9.675502 6.353381 0.796094 1
1.138498 7.445119 22.708306 1
6.545498 7.445119 12.548294 1
4.268502 6.353381 10.956106 1
9.675502 0.545869 12.548294 1
1.138498 13.252631 10.956106 1
4.466182 13.369091 1.718172 1
6.347818 0.429409 21.786228 1
0.940818 6.469841 1.718172 1
9.873182 7.328659 21.786228 1
4.466182 7.328659 13.470372 1
6.347818 6.469841 10.034028 1
0.940818 0.429409 13.470372 1
9.873182 13.369091 10.034028 1
4.987092 12.994599 4.264403 1
5.826908 0.803901 19.239997 1
0.419908 6.095349 4.264403 1
10.394092 7.703151 19.239997 1
4.987092 7.703151 16.016603 1
5.826908 6.095349 7.487797 1
0.419908 0.803901 16.016603 1
10.394092 12.994599 7.487797 1
7.417323 11.509605 7.735063 1
3.396677 2.288895 15.769337 1
8.803677 4.610355 7.735063 1
2.010323 9.188145 15.769337 1
7.417323 9.188145 19.487263 1
3.396677 4.610355 4.017137 1
8.803677 2.288895 19.487263 1
2.010323 11.509605 4.017137 1
8.200256 10.724746 6.536104 1
2.613744 3.073754 16.968296 1
8.020744 3.825496 6.536104 1
2.793256 9.973004 16.968296 1
8.200256 9.973004 18.288304 1
2.613744 3.825496 5.216096 1
8.020744 3.073754 18.288304 1
2.793256 10.724746 5.216096 1
6.571668 10.831685 6.514009 1
4.242332 2.966815 16.990391 1
9.649332 3.932435 6.514009 1
1.164668 9.866065 16.990391 1
6.571668 9.866065 18.266209 1
4.242332 3.932435 5.238191 1
9.649332 2.966815 18.266209 1
1.164668 10.831685 5.238191 1
7.886109 1.883357 1.942404 1
2.927891 11.915143 21.561996 1
8.334891 8.782607 1.942404 1
2.479109 5.015893 21.561996 1
7.886109 5.015893 13.694604 1
2.927891 8.782607 9.809796 1
8.334891 11.915143 13.694604 1
2.479109 1.883357 9.809796 1
9.571363 1.923097 3.566323 1
1.242637 11.875403 19.938077 1
6.649637 8.822347 3.566323 1
4.164363 4.976153 19.938077 1
9.571363 4.976153 15.318523 1
1.242637 8.822347 8.185877 1
6.649637 11.875403 15.318523 1
4.164363 1.923097 8.185877 1
10.681204 3.466597 2.484180 1
0.132796 10.331903 21.020220 1
5.539796 10.365847 2.484180 1
5.274204 3.432653 21.020220 1
10.681204 3.432653 14.236380 1
0.132796 10.365847 9.268020 1
5.539796 10.331903 14.236380 1
5.274204 3.466597 9.268020 1
9.297228 3.588576 0.659533 1
1.516772 10.209924 22.844867 1
6.923772 10.487826 0.659533 1
3.890228 3.310674 22.844867 1
9.297228 3.310674 12.411733 1
1.516772 10.487826 11.092667 1
6.923772 10.209924 12.411733 1
3.890228 3.588576 11.092667 1
9.868748 1.624911 22.356445 1
0.945252 12.173589 1.147955 1
6.352252 8.524161 22.356445 1
4.461748 5.274339 1.147955 1
9.868748 5.274339 10.604245 1
0.945252 8.524161 12.900155 1
6.352252 12.173589 10.604245 1
4.461748 1.624911 12.900155 1
8.572907 0.058368 23.493588 1
2.241093 13.740132 0.010812 1
7.648093 6.957618 23.493588 1
3.165907 6.840882 0.010812 1
8.572907 6.840882 11.741388 1
2.241093 6.957618 11.763012 1
7.648093 13.740132 11.741388 1
3.165907 0.058368 11.763012 1
10.652439 4.019227 22.273945 1
0.161561 9.779273 1.230455 1
5.568561 10.918477 22.273945 1
5.245439 2.880023 1.230455 1
10.652439 2.880023 10.521745 1
0.161561 10.918477 12.982655 1
5.568561 9.779273 10.521745 1
5.245439 4.019227 12.982655 1
1.096864 3.287631 23.014333 1
9.717136 10.510869 0.490067 1
4.310136 10.186881 23.014333 1
6.503864 3.611619 0.490067 1
1.096864 3.611619 11.262133 1
9.717136 10.186881 12.242267 1
4.310136 10.510869 11.262133 1
6.503864 3.287631 12.242267 1
0.486846 4.675346 0.117052 1
10.327154 9.123154 23.387348 1
4.920154 11.574596 0.117052 1
5.893846 2.223904 23.387348 1
0.486846 2.223904 11.869252 1
10.327154 11.574596 11.635148 1
4.920154 9.123154 11.869252 1
5.893846 4.675346 11.635148 1
