3.958771 9.291835 0.009862 15
1.135779 6.471465 13.337362 15
9.053321 14.353115 26.645138 15
6.230329 1.410185 13.317638 15
3.696402 10.912302 26.617150 8
1.398148 4.850998 13.289650 8
8.790952 12.732648 0.037850 8
6.492698 3.030652 13.365350 8
3.779545 9.070045 1.649145 8
1.315005 6.693255 14.976645 8
8.874095 14.574905 25.005855 8
6.409555 1.188395 11.678355 8
5.604107 9.030952 26.651801 7
9.679543 6.732348 13.324301 7
0.509557 14.613998 0.003199 7
4.584993 1.149302 13.330699 7
4.145945 11.781333 0.964111 6
0.948605 3.981967 14.291611 6
9.240495 11.863617 25.690889 6
6.043155 3.899683 12.363389 6
5.195422 12.654620 0.614131 6
10.088228 3.108680 13.941631 6
0.100872 10.990330 26.040869 6
4.993678 4.772970 12.713369 6
5.682257 13.517976 1.550521 6
9.601393 2.245324 14.878021 6
0.587707 10.126974 25.104479 6
4.506843 5.636326 11.776979 6
5.177387 13.521128 2.874742 6
10.106263 2.242172 16.202242 6
0.082837 10.123822 23.780258 6
5.011713 5.639478 10.452758 6
5.742475 14.352800 3.871106 6
9.541175 1.410500 17.198606 6
0.647925 9.292150 22.783894 6
4.446625 6.471150 9.456394 6
5.299962 14.306771 5.160941 6
9.983688 1.456529 18.488441 6
0.205412 9.338179 21.494059 6
4.889138 6.425121 8.166559 6
4.271882 13.418509 5.514386 6
0.822668 2.344791 18.841886 6
9.366432 10.226441 21.140614 6
5.917218 5.536859 7.813114 6
3.683156 12.610640 4.572399 6
1.411394 3.152660 17.899899 6
8.777706 11.034310 22.082601 6
6.505944 4.728990 8.755101 6
4.106411 12.644373 3.218058 6
0.988139 3.118927 16.545558 6
9.200961 11.000577 23.436942 6
6.082689 4.762723 10.109442 6
3.545094 11.789372 2.205168 6
1.549456 3.973928 15.532668 6
8.639644 11.855578 24.449832 6
6.644006 3.907722 11.122332 6
2.412168 10.859810 2.474650 6
2.682382 4.903490 15.802150 6
7.506718 12.785140 24.180350 6
7.776932 2.978160 10.852850 6
1.132722 11.292040 2.980296 6
3.961828 4.471260 16.307796 6
6.227272 12.352910 23.674704 6
9.056378 3.410390 10.347204 6
0.813192 12.656196 3.211927 6
4.281358 3.107104 16.539427 6
5.907742 10.988754 23.443073 6
9.375908 4.774546 10.115573 6
9.760954 13.016230 3.677857 6
5.522696 2.747070 17.005357 6
4.666404 10.628720 22.977143 6
0.428146 5.134580 9.649643 6
8.770675 12.051200 3.921484 6
6.512975 3.712100 17.248984 6
3.676125 11.593750 22.733516 6
1.418425 4.169550 9.406016 6
9.034267 10.733389 3.689852 6
6.249383 5.029911 17.017352 6
3.939717 12.911561 22.965148 6
1.154833 2.851739 9.637648 6
0.116258 10.315976 3.206597 6
4.978292 5.447324 16.534097 6
5.210808 13.328974 23.448404 6
10.072842 2.434326 10.120904 6
0.368234 8.954185 2.934449 6
4.726316 6.809115 16.261949 6
5.462784 14.690765 23.720551 6
9.820866 1.072535 10.393051 6
1.562193 8.563728 2.395218 6
3.532357 7.199572 15.722718 6
6.656743 15.081222 24.259782 6
8.626907 0.682078 10.932282 6
2.564698 9.525605 2.169717 6
2.529852 6.237695 15.497217 6
7.659248 14.119345 24.485283 6
7.624402 1.643955 11.157783 6
6.256923 8.235694 25.689289 6
9.026727 7.527606 12.361789 6
1.162373 15.409256 0.965711 6
3.932177 0.354044 14.293211 6
5.747468 7.660018 24.536194 6
9.536182 8.103282 11.208694 6
0.652918 0.221632 2.118806 6
4.441632 15.541668 15.446306 6
6.618839 6.930335 23.721351 6
8.664811 8.832965 10.393851 6
1.524289 0.951315 2.933649 6
3.570261 14.811985 16.261149 6
7.949536 6.767500 24.059869 6
7.334114 8.995800 10.732369 6
2.854986 1.114150 2.595131 6
2.239564 14.649150 15.922631 6
8.438918 7.318585 25.230290 6
6.844732 8.444715 11.902790 6
3.344368 0.563065 1.424710 6
1.750182 15.200235 14.752210 6
7.593223 8.055362 26.048599 6
7.690427 7.707938 12.721099 6
2.498673 15.589588 0.606401 6
2.595877 0.173712 13.933901 6
7.848868 8.704967 0.726615 6
7.434782 7.058333 14.054115 6
2.754318 14.939983 25.928385 6
2.340232 0.823317 12.600885 6
6.633104 9.576993 0.934258 6
8.650546 6.186307 14.261758 6
1.538554 14.067957 25.720742 6
3.555996 1.695343 12.393242 6
5.605431 12.626088 26.375123 1
9.678219 3.137212 13.047623 1
0.510881 11.018862 0.279878 1
4.583669 4.744438 13.607378 1
6.383879 14.190753 1.410583 1
8.899771 1.572547 14.738083 1
1.289329 9.454197 25.244417 1
3.805221 6.309103 11.916917 1
6.445625 14.862270 3.645338 1
8.838025 0.901030 16.972838 1
1.351075 8.782680 23.009662 1
3.743475 6.980620 9.682162 1
5.749098 14.830586 5.773473 1
9.534552 0.932714 19.100973 1
0.654548 8.814364 20.881527 1
4.440002 6.948936 7.554027 1
3.966209 13.399593 6.407062 1
1.128341 2.363707 19.734562 1
9.060759 10.245357 20.247938 1
6.222891 5.517943 6.920438 1
2.979293 12.061289 4.785905 1
2.115257 3.702011 18.113405 1
8.073843 11.583661 21.869095 1
7.209807 4.179639 8.541595 1
1.468759 13.337170 3.029074 1
3.625791 2.426130 16.356574 1
6.563309 10.307780 23.625926 1
8.720341 5.455520 10.298426 1
9.589777 13.913477 3.784477 1
5.693873 1.849823 17.111977 1
4.495227 9.731473 22.870523 1
0.599323 6.031827 9.543023 1
7.903991 12.344713 4.261068 1
7.379659 3.418587 17.588568 1
2.809441 11.300237 22.393932 1
2.285109 4.463063 9.066432 1
8.314815 10.100807 3.855113 1
6.968835 5.662493 17.182613 1
3.220265 13.544143 22.799887 1
1.874285 2.219157 9.472387 1
9.845320 8.363849 3.106374 1
5.438330 7.399451 16.433874 1
4.750770 15.281101 23.548626 1
0.343780 0.482199 10.221126 1
1.738362 7.661121 2.220095 1
3.356188 8.102179 15.547595 1
6.832912 0.220529 24.434905 1
8.450738 15.542771 11.107405 1
4.874160 7.780765 24.245921 1
0.220390 7.982535 10.918421 1
9.968710 0.100885 2.409079 1
5.314940 15.662415 15.736579 1
6.324476 6.588587 22.863060 1
8.959174 9.174713 9.535560 1
1.229926 1.293063 3.791940 1
3.864624 14.470237 17.119440 1
8.488539 6.323448 23.488386 1
6.795111 9.439852 10.160886 1
3.393989 1.558202 3.166614 1
1.700561 14.205098 16.494114 1
9.401075 7.179395 25.515232 1
5.882575 8.583905 12.187732 1
4.306525 0.702255 1.139768 1
0.788025 15.061045 14.467268 1
8.645961 9.174556 0.775927 1
6.637689 6.588744 14.103427 1
3.551411 14.470394 25.879073 1
1.543139 1.292906 12.551573 1
7.933845 7.960624 1.475887 1
7.349805 7.802676 14.803387 1
2.839295 15.684326 25.179113 1
2.255255 0.078974 11.851613 1
6.242963 9.628854 1.781887 1
9.040687 6.134446 15.109387 1
1.148413 14.016096 24.873113 1
3.946137 1.747204 11.545613 1
6.868472 10.634395 0.700227 1
8.415178 5.128905 14.027727 1
1.773922 13.010555 25.954773 1
3.320628 2.752745 12.627273 1
2.551249 4.874485 5.699106 15
2.543301 10.888815 19.026606 15
7.645799 3.007165 20.955894 15
7.637851 12.756135 7.628394 15
2.898391 3.307140 5.276890 8
2.196159 12.456160 18.604390 8
7.992941 4.574510 21.378110 8
7.290709 11.188790 8.050610 8
3.906705 5.597075 5.076978 8
1.187845 10.166225 18.404478 8
9.001255 2.284575 21.578022 8
6.282395 13.478725 8.250522 8
1.357290 5.081457 4.554273 7
3.737260 10.681843 17.881773 7
6.451840 2.800193 22.100727 7
8.831810 12.963107 8.773227 7
4.094592 2.811069 5.797996 6
0.999958 12.952231 19.125496 6
9.189142 5.070581 20.857004 6
6.094508 10.692719 7.529504 6
4.025000 1.994057 6.948692 6
1.069550 13.769243 20.276192 6
9.119550 5.887593 19.706308 6
6.164100 9.875707 6.378808 6
5.174636 1.474814 7.466332 6
10.109014 14.288486 20.793832 6
0.080086 6.406836 19.188668 6
5.014464 9.356464 5.861168 6
6.436251 1.776524 6.888718 6
8.847399 13.986776 20.216218 6
1.341701 6.105126 19.766282 6
3.752849 9.658174 6.438782 6
7.645595 1.288965 7.448207 6
7.638055 14.474335 20.775707 6
2.551045 6.592685 19.206793 6
2.543505 9.170615 5.879293 6
8.852392 1.672328 6.962286 6
6.431258 14.090972 20.289786 6
3.757842 6.209322 19.692714 6
1.336708 9.553978 6.365214 6
8.919640 2.579979 5.881692 6
6.364010 13.183321 19.209192 6
3.825090 5.301671 20.773308 6
1.269460 10.461629 7.445808 6
7.773978 3.037588 5.290218 6
7.509672 12.725712 18.617718 6
2.679428 4.844062 21.364782 6
2.415122 10.919238 8.037282 6
6.494329 2.637200 5.744952 6
8.789321 13.126100 19.072452 6
1.399779 5.244450 20.910048 6
3.694771 10.518850 7.582548 6
5.272961 3.111833 5.157476 6
10.010689 12.651467 18.484976 6
0.178411 4.769817 21.497524 6
4.916139 10.993483 8.170024 6
5.253806 3.960214 3.926548 6
10.029844 11.803086 17.254048 6
0.159256 3.921436 22.728452 6
4.935294 11.841864 9.400952 6
5.913652 3.567077 2.714545 6
9.369998 12.196223 16.042045 6
0.819102 4.314573 23.940455 6
4.275448 11.448727 10.612955 6
6.499321 2.284575 2.554882 6
8.784329 13.478725 15.882382 6
1.404771 5.597075 24.100118 6
3.689779 10.166225 10.772618 6
7.188410 1.966472 1.406318 6
8.095240 13.796828 14.733818 6
2.093860 5.915178 25.248682 6
3.000690 9.848122 11.921182 6
7.300490 2.910378 0.357710 6
7.983160 12.852922 13.685210 6
2.205940 4.971272 26.297290 6
2.888610 10.792028 12.969790 6
6.685069 4.123522 0.449403 6
8.598581 11.639778 13.776903 6
1.590519 3.758128 26.205597 6
3.504031 12.005172 12.878097 6
5.962661 4.478984 1.612361 6
9.320989 11.284316 14.939861 6
0.868111 3.402666 25.042639 6
4.226439 12.360634 11.715139 6
5.302306 5.730117 1.721646 6
9.981344 10.033183 15.049146 6
0.207756 2.151533 24.933354 6
4.886794 13.611767 11.605854 6
4.622693 6.062565 2.851019 6
0.471857 9.700735 16.178519 6
9.717243 1.819085 23.803981 6
5.566407 13.944215 10.476481 6
4.584382 5.166579 3.936410 6
0.510168 10.596721 17.263910 6
9.678932 2.715071 22.718590 6
5.604718 13.048229 9.391090 6
0.138674 5.755496 4.801898 6
4.955876 10.007804 18.129398 6
5.233224 2.126154 21.853102 6
10.050426 13.637146 8.525602 6
9.943237 6.418500 5.960858 6
5.340413 9.344800 19.288358 6
4.848687 1.463150 20.694142 6
0.245863 14.300150 7.366642 6
8.668886 6.994491 5.986180 6
6.614764 8.768809 19.313680 6
3.574336 0.887159 20.668820 6
1.520214 14.876141 7.341320 6
7.819421 6.900227 4.909318 6
7.464229 8.863073 18.236818 6
2.724871 0.981423 21.745682 6
2.369679 14.781877 8.418182 6
8.209969 6.227449 3.761820 6
7.073681 9.535851 17.089320 6
3.115419 1.654201 22.893180 6
1.979131 14.109099 9.565680 6
9.474335 5.645626 3.711709 6
5.809315 10.117674 17.039209 6
4.379785 2.236024 22.943291 6
0.714765 13.527276 9.615791 6
10.108300 4.783373 2.649774 6
5.175350 10.979927 15.977274 6
5.013750 3.098277 24.005226 6
0.080800 12.665023 10.677726 6
1.379502 4.665464 3.120234 6
3.715048 11.097836 16.447734 6
6.474052 3.216186 23.534766 6
8.809598 12.547114 10.207266 6
3.084648 1.806632 7.282946 1
2.009902 13.956668 20.610446 1
8.179198 6.075018 19.372054 1
7.104452 9.688282 6.044554 1
5.157111 0.919631 8.185484 1
10.126539 14.843669 21.512984 1
0.062561 6.962019 18.469516 1
5.031989 8.801281 5.142016 1
7.568871 0.698314 8.242792 1
7.714779 15.064986 21.570292 1
2.474321 7.183336 18.412208 1
2.620229 8.579964 5.084708 1
9.702570 1.342245 7.350649 1
5.581080 14.421055 20.678149 1
4.608020 6.539405 19.304351 1
0.486530 9.223895 5.976851 1
9.798246 2.917629 5.536777 1
5.485404 12.845671 18.864277 1
4.703696 4.964021 21.118223 1
0.390854 10.799279 7.790723 1
7.851211 3.684356 4.588392 1
7.432439 12.078944 17.915892 1
2.756661 4.197294 22.066608 1
2.337889 11.566006 8.739108 1
6.453063 1.646634 3.293225 1
8.830587 14.116666 16.620725 1
1.358513 6.235016 23.361775 1
3.736037 9.528284 10.034275 1
7.463923 1.098387 1.408983 1
7.819727 14.664913 14.736483 1
2.369373 6.783263 25.246017 1
2.725177 8.980037 11.918517 1
7.816568 2.712706 26.318347 1
7.467082 13.050594 12.990847 1
2.722018 5.168944 0.336653 1
2.372532 10.594356 13.664153 1
6.677325 4.782428 26.321013 1
8.606325 10.980872 12.993513 1
1.582775 3.099222 0.333987 1
3.511775 12.664078 13.661487 1
5.336439 6.264808 1.029150 1
9.947211 9.498492 14.356650 1
0.241889 1.616842 25.625850 1
4.852661 14.146458 12.298350 1
4.245798 6.889193 2.936315 1
0.848752 8.874107 16.263815 1
9.340348 0.992457 23.718685 1
5.943302 14.770843 10.391185 1
0.274291 6.372156 6.803955 1
4.820259 9.391144 20.131455 1
5.368841 1.509494 19.851045 1
9.914809 14.253806 6.523545 1
8.358424 7.529656 6.770103 1
6.925226 8.233644 20.097603 1
3.263874 0.351994 19.884897 1
1.830676 15.411306 6.557397 1
6.959053 7.274921 4.970358 1
8.324597 8.488379 18.297858 1
1.864503 0.606729 21.684642 1
3.230047 15.156571 8.357142 1
7.584257 6.181105 2.944844 1
7.699393 9.582195 16.272344 1
2.489707 1.700545 23.710156 1
2.604843 14.062755 10.382656 1
9.994896 5.217495 1.725645 1
5.288754 10.545805 15.053145 1
4.900346 2.664155 24.929355 1
0.194204 13.099145 11.601855 1
9.652746 3.768847 2.700951 1
5.630904 11.994453 16.028451 1
4.558196 4.112803 23.954049 1
0.536354 11.650497 10.626549 1
1.847284 3.728651 3.072788 1
3.247266 12.034649 16.400288 1
6.941834 4.152999 23.582212 1
8.341816 11.610301 10.254712 1
1.937254 5.300725 2.577805 1
3.157296 10.462575 15.905305 1
7.031804 2.580925 24.077195 1
8.251846 13.182375 10.749695 1
