2.520865 3.623034 7.044006 7
5.461648 0.717634 12.465774 7
2.021420 4.380181 8.141626 6
5.961093 1.474781 11.368154 6
0.815281 5.039707 8.031006 6
7.167231 2.134307 11.478774 6
0.309204 5.746300 9.108921 6
7.673309 2.840900 10.400859 6
1.007274 5.804989 10.285166 6
6.975239 2.899589 9.224614 6
2.188883 5.138490 10.409443 6
5.793630 2.233090 9.100337 6
2.707694 4.415046 9.343429 6
5.274818 1.509646 10.166351 6
3.782275 3.846750 6.506902 6
4.200238 0.941350 13.002878 6
4.508426 4.997288 6.823936 6
3.474087 2.091888 12.685844 6
5.771368 5.198923 6.288392 6
2.211144 2.293523 13.221388 6
6.321242 4.286627 5.413184 6
1.661271 1.381227 14.096597 6
5.601103 3.176183 5.073713 6
2.381410 0.270783 14.436067 6
4.340776 2.944332 5.601453 6
3.641736 0.038932 13.908327 6
1.695454 2.516076 6.585721 6
6.287059 5.421476 12.924059 6
1.053660 2.692725 5.221793 6
6.928853 5.598125 14.287988 6
1.241635 3.824087 4.440816 6
6.740878 0.918687 15.068964 6
0.614759 3.946695 3.214041 6
7.367753 1.041295 16.295739 6
8.709977 2.958859 2.728053 6
-0.727464 0.053459 16.781728 6
8.536074 1.811226 3.510005 6
-0.553561 4.716626 15.999776 6
0.233324 1.688037 4.729171 6
7.749189 4.593437 14.780609 6
8.027834 3.164562 1.441773 6
-0.045321 0.259162 18.068007 6
7.113115 2.389401 0.898230 6
0.869398 5.294801 18.611550 6
5.430555 2.622995 19.153336 6
2.551958 5.528395 0.356444 6
5.606452 3.762493 18.365336 6
2.376061 0.857093 1.144444 6
4.888258 3.932749 17.205870 6
3.094255 1.027349 2.303910 6
3.988007 2.973967 16.797726 6
3.994505 0.068567 2.712055 6
3.801099 1.848997 17.566021 6
4.181413 4.754397 1.943759 6
4.511962 1.674091 18.723731 6
3.470551 4.579491 0.786049 6
0.337427 4.949058 7.152285 1
7.645085 2.043658 12.357495 1
8.360114 0.374797 8.956940 1
-0.377601 3.280197 10.552840 1
0.643887 0.409661 11.063996 1
7.338626 3.315061 8.445784 1
2.683235 5.135004 11.210320 1
5.299278 2.229604 8.299460 1
3.565015 3.941466 9.425175 1
4.417497 1.036066 10.084605 1
4.132639 5.611490 7.448834 1
3.849874 2.706090 12.060946 1
6.252778 0.176067 6.527972 1
1.729734 3.081467 12.981808 1
7.163680 4.490586 5.006210 1
0.818833 1.585186 14.503571 1
5.983742 2.531766 4.409210 1
1.998770 5.437166 15.100570 1
3.868227 2.126753 5.308611 1
4.114285 5.032153 14.201169 1
1.003567 2.424266 7.181550 1
6.978945 5.329666 12.328230 1
2.195612 1.668862 6.526021 1
5.786901 4.574262 12.983759 1
1.843069 4.523127 4.707710 1
6.139444 1.617727 14.802070 1
0.791700 4.760788 2.651379 1
7.190813 1.855388 16.858401 1
7.983441 1.091849 3.191800 1
-0.000929 3.997249 16.317980 1
0.129640 0.914039 5.224719 1
7.852872 3.819439 14.285061 1
8.318976 3.978655 0.899401 1
-0.336463 1.073255 18.610379 1
6.854907 1.512551 1.379341 1
1.127606 4.417951 18.130439 1
6.239386 4.446424 18.624036 1
1.743126 1.541024 0.885744 1
5.003879 4.703843 16.696470 1
2.978633 1.798443 2.813310 1
3.484875 3.111683 16.015579 1
4.497637 0.206283 3.494202 1
3.176079 1.192376 17.322734 1
4.806433 4.097776 2.187046 1
4.400767 0.910552 19.252251 1
3.581745 3.815952 0.257529 1
