1.244394 4.707040 3.230503 16
8.035053 6.959781 9.670866 16
7.531536 7.521992 3.196959 8
1.747910 4.144829 9.704409 8
5.695992 2.137183 7.326687 8
3.583455 9.529638 5.574681 8
7.077432 4.457876 2.606076 8
2.202014 7.208945 10.295292 8
1.962334 3.572540 3.753008 8
7.317113 8.094281 9.148360 8
1.060125 5.709655 4.499997 7
8.219322 5.957166 8.401371 7
7.783551 6.931615 4.380015 6
1.495896 4.735206 8.521354 6
7.571077 7.865100 5.446958 6
1.708370 3.801721 7.454411 6
7.257911 9.063450 4.942514 6
2.021536 2.603371 7.958854 6
7.245000 8.954767 3.433054 6
2.034447 2.712054 9.468314 6
5.877661 9.246301 2.825400 6
3.401786 2.420520 10.075969 6
1.270093 9.704900 2.749282 6
8.009354 1.961921 10.152087 6
6.940439 10.283961 5.646929 6
2.339007 1.382860 7.254439 6
6.010853 2.106750 5.133455 6
3.268593 9.560071 7.767914 6
5.708157 2.887525 6.168144 6
3.571290 8.779296 6.733224 6
6.735866 10.372159 6.971900 6
2.543580 1.294662 5.929469 6
5.350767 4.304731 6.339732 6
3.928680 7.362090 6.561636 6
2.302707 5.500750 2.064219 6
6.976739 6.166071 10.837150 6
1.803624 5.985425 0.879873 6
7.475822 5.681396 12.021495 6
4.100510 8.749480 12.891047 6
5.178937 2.917341 0.010321 6
4.001984 6.727491 0.238675 6
5.277463 4.939330 12.662693 6
4.484742 6.213573 1.424311 6
4.794705 5.453248 11.477057 6
3.663072 5.592882 2.341598 6
5.616374 6.073939 10.559770 6
6.381786 9.574248 12.176312 6
2.897661 2.092573 0.725057 6
6.800481 9.642090 7.576974 1
2.478965 2.024731 5.324395 1
6.075931 2.378284 4.225198 1
3.203516 9.288537 8.676170 1
7.648815 7.663851 6.371986 1
1.630631 4.002969 6.529383 1
0.877056 5.910724 0.683773 1
8.402391 5.756096 12.217596 1
3.747549 9.092144 12.078261 1
5.531898 2.574677 0.823107 1
5.412300 6.289308 1.615251 1
3.867147 5.377513 11.286117 1
4.019548 5.233498 3.145354 1
5.259899 6.433323 9.756015 1
5.966655 4.718681 6.926745 1
3.312791 6.948140 5.974624 1
5.371198 4.737969 5.494693 1
3.908249 6.928852 7.406676 1
4.475013 4.373345 6.703551 1
4.804433 7.293476 6.197817 1
7.055415 8.966134 11.910543 1
2.224032 2.700687 0.990825 1
5.902140 9.873382 11.409970 1
3.377306 1.793439 1.491398 1
6.773558 10.319474 12.613668 1
2.505888 1.347347 0.287701 1
2.087825 9.452705 3.160835 1
7.191622 2.214116 9.740533 1
1.304438 9.493705 1.824254 1
7.975008 2.173116 11.077115 1
0.412514 1.136417 2.855073 1
8.866933 10.530404 10.046296 1
4.942885 0.662490 2.953123 1
4.336561 11.004331 9.948245 1
5.862681 9.045862 1.896501 1
3.416766 2.620959 11.004867 1
5.226979 8.712732 3.270497 1
4.052467 2.954089 9.630872 1
