3.050425 2.205815 7.272870 6
2.467077 11.796315 3.246178 6
2.664197 1.455838 6.756384 1
2.853304 11.046338 3.762663 1
3.179846 1.898919 8.205909 1
2.337655 11.489419 2.313139 1
4.395223 2.585599 6.678543 6
1.122279 12.176099 3.840504 6
4.962053 1.776161 6.622792 1
0.555449 11.366661 3.896255 1
4.844388 3.228162 7.282337 1
0.673113 12.818662 3.236711 1
4.281231 3.205145 5.292133 6
1.236271 12.795645 5.226915 6
5.187141 3.464089 4.987080 1
0.330360 13.054589 5.531967 1
3.740729 4.031846 5.359455 1
1.776773 13.622346 5.159593 1
3.645430 2.288293 4.218138 6
1.872071 11.878793 6.300910 6
3.432261 1.392541 4.609447 1
2.085240 10.983041 5.909601 1
4.642445 2.138682 3.073666 6
0.875056 11.729182 7.445382 6
4.241021 3.093895 1.960750 6
1.276480 12.684395 8.558297 6
4.028633 2.591353 1.133953 1
1.488868 12.181853 9.385094 1
4.977345 3.726868 1.766148 1
0.540156 13.317368 8.752900 1
3.010876 3.847709 2.457250 6
2.506625 13.438209 8.061798 6
3.332209 4.655229 2.949541 1
2.185293 14.245729 7.569507 1
2.033892 4.319561 1.386410 6
3.483610 13.910061 9.132637 6
1.339152 4.883483 1.810328 1
4.178349 14.473983 8.708720 1
2.520757 4.881565 0.731074 1
2.996744 14.472065 9.787974 1
0.746652 2.961546 6.850004 6
4.770849 12.552046 3.669044 6
0.142507 3.734541 6.984648 1
5.374995 13.325041 3.534400 1
0.427453 2.223078 7.425396 1
5.090048 11.813578 3.093652 1
0.679811 2.528056 5.400479 6
4.837691 12.118556 5.118569 6
-0.271203 2.411052 5.150126 1
5.788704 12.001552 5.368922 1
1.121327 1.645730 5.315275 1
4.396174 11.236230 5.203773 1
1.328735 3.494778 4.406429 6
4.188766 13.085278 6.112619 6
1.738600 4.239001 4.914499 1
3.778902 13.829501 5.604549 1
0.619741 3.880316 3.833141 1
4.897760 13.470816 6.685907 1
2.400772 2.869478 3.505999 6
3.116729 12.459978 7.013049 6
1.730811 1.768488 2.672890 6
3.786690 11.358988 7.846158 6
0.727132 2.217324 1.646231 6
4.790369 11.807824 8.872817 6
-0.029849 2.666159 2.098550 1
5.547350 12.256659 8.420498 1
0.372131 1.427066 1.165510 1
5.145371 11.017566 9.353537 1
1.361480 3.172537 0.651129 6
4.156021 12.763037 9.867919 6
2.064609 2.671913 0.145163 1
3.452893 12.262413 10.373885 1
-1.948641 3.692343 10.162452 6
7.466143 13.282843 0.356596 6
5.439814 2.934693 9.689095 1
0.077687 12.525193 0.829953 1
-1.507457 4.283117 9.516582 1
7.024958 13.873617 1.002465 1
7.420372 4.189130 0.117813 1
-1.902871 13.779630 10.401234 1
2.139723 4.083635 8.504650 6
3.377779 13.674135 2.014398 6
1.548986 4.862383 8.433120 1
3.968516 14.452884 2.085927 1
3.055100 4.382859 8.685578 1
2.462401 13.973359 1.833470 1
1.833387 3.508205 9.236776 1
3.684114 13.098705 1.282272 1
-0.572311 6.711432 6.686959 6
6.089812 16.301932 3.832089 6
-0.789003 6.059278 5.973767 1
6.306504 15.649778 4.545280 1
-0.363688 6.203135 7.509548 1
5.881189 15.793635 3.009500 1
0.643081 7.507443 6.276716 6
4.874420 17.097943 4.242332 6
1.385735 6.882143 6.085269 1
4.131766 16.472643 4.433779 1
0.920899 8.080955 7.035139 1
4.596602 17.671455 3.483909 1
0.417672 8.385933 5.059662 6
5.099830 17.976433 5.459386 6
1.246065 8.899984 4.886098 1
4.271436 18.490484 5.632950 1
-0.297909 9.036169 5.270043 1
5.815411 18.626669 5.249005 1
0.033612 7.639792 3.776338 6
5.483889 17.230292 6.742710 6
0.181893 6.661561 3.919397 1
5.335608 16.252061 6.599650 1
0.941569 8.107809 2.658163 6
4.575932 17.698309 7.860884 6
0.168565 8.852032 1.598895 6
5.348936 18.442532 8.920152 6
0.097436 8.314964 0.771046 1
5.420065 17.905463 9.748001 1
0.601986 9.715177 1.385359 1
4.915515 0.124676 9.133689 1
6.577219 9.072613 2.230038 6
-1.059718 18.663113 8.289010 6
6.628489 9.893560 2.800170 1
-1.110987 0.303060 7.718877 1
5.432375 9.266341 1.232832 6
0.085127 18.856841 9.286215 6
4.609741 9.504186 1.729331 1
0.907761 19.094686 8.789716 1
5.652395 10.022073 0.633247 1
-0.134893 0.431572 9.885801 1
4.793062 7.012574 6.456591 6
0.724439 16.603074 4.062456 6
4.065461 7.630202 6.715360 1
1.452040 17.220702 3.803688 1
4.623747 6.141756 6.897340 1
0.893754 15.732256 3.621708 1
4.774441 6.820764 4.953420 6
0.743060 16.411264 5.565628 6
3.854177 6.588674 4.672561 1
1.663324 16.179174 5.846487 1
5.362565 6.059278 4.719897 1
0.154937 15.649778 5.799151 1
5.235972 8.067529 4.166595 6
0.281529 17.658029 6.352453 6
5.509944 8.761881 4.816672 1
0.007557 18.352381 5.702376 1
4.461321 8.422377 3.662732 1
1.056181 18.012877 6.856315 1
6.400486 7.845029 3.173597 6
-0.882985 17.435529 7.345451 6
6.053927 6.650053 2.282633 6
-0.536425 16.240553 8.236414 6
4.942747 6.807337 1.299102 6
0.574755 16.397837 9.219945 6
4.086869 6.910914 1.787186 1
1.430632 16.501414 8.731861 1
4.879950 5.990226 0.742645 1
0.637551 15.580726 9.776403 1
5.157298 8.029167 0.386049 6
0.360203 17.619667 10.132999 6
3.680291 7.856538 10.327601 1
1.837211 17.447038 0.191447 1
1.660806 8.222895 10.002562 6
3.856696 17.813395 0.516485 6
3.142265 8.382097 0.036817 1
2.375237 17.972597 10.482231 1
1.524699 7.417293 9.460831 1
3.992803 17.007793 1.058216 1
1.808425 8.992053 9.413496 1
3.709076 18.582553 1.105552 1
-1.781146 7.994641 8.317411 6
7.298647 17.585141 2.201637 6
5.266032 8.621860 8.427861 1
0.251469 18.212360 2.091187 1
-0.940936 8.439640 8.554090 1
6.458437 18.030140 1.964958 1
-1.917175 7.221647 8.903322 1
7.434676 16.812147 1.615726 1
2.111125 3.339412 7.260247 7
3.406376 12.929912 3.258801 7
6.070550 7.547724 6.926793 7
-0.553048 17.138223 3.592255 7
5.609016 1.419394 3.086289 8
-0.091514 11.009894 7.432759 8
2.057722 0.585404 2.797015 8
3.459779 10.175904 7.722033 8
2.139042 7.944770 2.637125 8
3.378459 17.535270 7.881922 8
6.642806 5.574766 2.395187 8
-1.125305 15.165266 8.123860 8
