1.582626 2.327547 1.455542 16
13.378993 8.165604 10.761529 16
1.433624 0.855132 3.621873 9
13.527994 9.638019 8.595198 9
8.841837 2.817062 3.832251 9
6.119781 7.676089 8.384820 9
9.823172 3.756548 1.280349 8
5.138447 6.736602 10.936722 8
8.613144 1.682163 1.065695 8
6.348475 8.810987 11.151376 8
1.587306 2.130431 3.268433 6
13.374313 8.362720 8.948638 6
2.788701 1.657921 1.057754 8
12.172918 8.835229 11.159317 8
2.721952 2.558271 3.805007 9
12.239667 7.934880 8.412064 9
6.360529 2.693336 8.411087 14
8.601090 7.799815 3.805984 14
8.980984 3.520275 11.016499 7
5.980635 6.972875 1.200572 7
5.065957 1.366149 8.763549 6
9.895661 9.127002 3.453522 6
4.716891 1.052121 7.903223 1
10.244727 9.441029 4.313848 1
10.170299 4.131133 11.253999 6
4.791320 6.362018 0.963072 6
10.831450 3.671815 11.719836 1
4.130169 6.821336 0.497235 1
6.672567 3.495119 10.139191 6
8.289052 6.998032 2.077879 6
5.972245 4.147913 10.295325 1
8.989374 6.345237 1.921745 1
6.572690 2.801991 10.810886 1
8.388929 7.691160 1.406185 1
7.968556 4.160619 10.364718 6
6.993063 6.332532 1.852352 6
5.775102 4.068699 7.245822 6
9.186516 6.424452 4.971248 6
6.477545 4.751893 7.249610 1
8.484073 5.741258 4.967461 1
7.942469 1.895145 7.750754 6
7.019150 8.598006 4.466317 6
8.329762 1.388814 8.494529 1
6.631856 9.104336 3.722541 1
7.684888 0.879698 6.618598 6
7.276731 9.613453 5.598473 6
7.369333 1.343013 5.838538 1
7.592285 9.150137 6.378533 1
7.023191 0.244389 6.902645 1
7.938428 10.248762 5.314426 1
8.501395 0.420086 6.409075 1
6.460224 10.073065 5.807995 1
8.801264 2.139491 11.528028 6
6.160354 8.353659 0.689043 6
9.617282 1.839865 11.934856 1
5.344336 8.653286 0.282214 1
8.573512 1.555830 10.799890 1
6.388107 8.937321 1.417180 1
8.095715 2.128732 12.179198 1
6.865903 8.364419 0.037873 1
4.486330 4.771453 7.694800 6
10.475288 5.721698 4.522271 6
4.353979 5.563874 7.170199 1
10.607639 4.929277 5.046872 1
4.557680 5.009573 8.621587 1
10.403939 5.483578 3.595484 1
3.739989 4.179149 7.573362 1
11.221629 6.314002 4.643709 1
9.418978 6.081223 10.143834 6
5.542640 4.411928 2.073237 6
9.566481 6.945909 9.834742 1
5.395137 3.547242 2.382329 1
3.878575 1.882744 9.593088 6
11.083044 8.610406 2.623982 6
3.264665 1.163113 9.756553 1
11.696954 9.330038 2.460518 1
3.430448 2.581101 9.110270 1
11.531170 7.912050 3.106801 1
4.198462 2.226451 10.429713 1
10.763157 8.266700 1.787357 1
9.017983 2.899656 7.297256 6
5.943636 7.593495 4.919814 6
9.791440 2.422590 6.988164 1
5.170178 8.070561 5.228906 1
9.263071 3.461666 8.036389 1
5.698547 7.031485 4.180682 1
8.670652 3.440656 6.585001 1
6.290967 7.052495 5.632070 1
10.419508 5.403044 10.824325 6
4.542111 5.090107 1.392746 6
11.242246 5.806282 10.984368 1
3.719373 4.686869 1.232702 1
8.210586 5.466033 9.930890 6
6.751033 5.027118 2.286180 6
7.536793 5.929777 9.487777 1
7.424825 4.563374 2.729294 1
5.618615 3.617382 5.786371 6
9.343003 6.875769 6.430699 6
5.007348 2.878724 5.743245 1
9.954271 7.614426 6.473826 1
6.473118 3.345773 5.441483 1
8.488500 7.147378 6.775587 1
5.278381 4.345150 5.260671 1
9.683237 6.148001 6.956400 1
9.255748 10.285402 9.493519 6
5.705871 0.207749 2.723552 6
6.052601 0.443882 10.330755 1
8.909018 10.049269 1.886316 1
9.947132 9.900409 8.950226 1
5.014487 0.592742 3.266845 1
8.574048 9.629729 9.655151 1
6.387571 0.863422 2.561920 1
