4.327650 8.541960 9.218240 7
0.208100 4.009040 0.309490 7
8.863400 10.284540 8.599260 7
4.743850 2.266460 17.508010 7
4.187404 7.508008 8.368523 6
0.348346 5.042992 17.277273 6
8.723154 11.318492 9.448977 6
4.884096 1.232508 0.540227 6
3.829806 7.618457 7.206288 8
0.705944 4.932543 16.115038 8
8.365556 11.208043 10.611212 8
5.241694 1.342957 1.702462 8
4.489757 6.349551 8.992849 8
0.045993 6.201449 0.084099 8
9.025507 12.476949 8.824651 8
4.581743 0.074051 17.733401 8
4.568407 5.094827 8.247008 6
9.038843 7.456173 17.155758 6
0.032657 1.180673 9.570492 6
4.503093 11.370327 0.661742 6
3.258483 4.760594 7.567627 6
1.277267 7.790406 16.476377 6
7.794233 1.514906 10.249873 6
5.813017 11.036094 1.341123 6
2.548184 4.700349 8.240594 1
1.987566 7.850650 17.149344 1
7.083934 1.575151 9.576906 1
6.523316 10.975850 0.668156 1
3.341033 3.903361 7.102055 1
1.194717 8.647639 16.010806 1
7.876783 2.372139 10.715444 1
5.730467 10.178861 1.806694 1
3.037138 5.463450 6.922099 1
1.498612 7.087550 15.830849 1
7.572888 0.812050 10.895401 1
6.034362 11.738950 1.986651 1
5.717766 5.169757 7.262057 6
7.889484 7.381243 16.170807 6
1.182016 1.105743 10.555443 6
3.353734 11.445257 1.646693 6
6.545087 5.389399 7.741704 1
7.062163 7.161601 16.650454 1
2.009337 0.886101 10.075796 1
2.526413 11.664899 1.167046 1
5.532708 5.865082 6.596038 1
8.074542 6.685918 15.504788 1
0.996958 0.410418 11.221462 1
3.538792 12.140582 2.312712 1
5.820274 4.304993 6.813412 1
7.786976 8.246007 15.722162 1
1.284524 1.970507 11.004088 1
3.251226 10.580493 2.095338 1
4.841460 4.096646 9.365413 6
8.765790 8.454354 0.456663 6
0.305710 2.178854 8.452087 6
4.230040 10.372146 17.360837 6
5.688738 4.320054 9.803188 1
7.918512 8.230946 0.894439 1
1.152988 1.955446 8.014311 1
3.382762 10.595554 16.923061 1
4.895889 3.192974 8.990711 1
8.711361 9.358026 0.081960 1
0.360139 3.082526 8.826789 1
4.175611 9.468474 17.735539 1
4.113925 4.135555 10.022344 1
0.421825 8.415446 1.113594 1
8.649675 2.139946 7.795156 1
4.957575 10.411055 16.703906 1
3.790980 9.851782 8.867235 6
0.744770 2.699218 17.775985 6
8.326730 8.974718 8.950265 6
5.280520 3.576282 0.041515 6
2.858430 9.757147 8.516765 1
1.677320 2.793853 17.425515 1
7.394180 9.069353 9.300735 1
6.213070 3.481647 0.391985 1
4.656401 10.554763 7.849856 6
8.950849 1.996237 16.758606 6
0.120651 8.271737 9.967644 6
4.415099 4.279263 1.058894 6
5.835061 10.379049 7.693953 8
7.772189 2.171951 16.602703 8
1.299311 8.447451 10.123547 8
3.236439 4.103549 1.214797 8
3.930409 11.465966 7.197735 8
0.605341 1.085034 16.106485 8
8.466159 7.360534 10.619765 8
5.141091 5.190466 1.711015 8
4.558429 12.401392 6.252161 6
9.048821 0.149608 15.160911 6
0.022679 6.425108 11.565339 6
4.513071 6.125892 2.656589 6
5.579880 0.695325 6.972522 6
8.027370 11.855675 15.881272 6
1.044130 5.580175 10.844978 6
3.491620 6.970825 1.936228 6
6.321021 0.128020 7.271322 1
7.286229 12.422980 16.180072 1
1.785271 6.147480 10.546178 1
2.750479 6.403520 1.637428 1
5.161683 1.122059 7.748831 1
8.445566 11.428941 16.657581 1
0.625933 5.153441 10.068669 1
3.909817 7.397559 1.159919 1
5.920061 1.384375 6.364411 1
7.687189 11.166625 15.273161 1
1.384311 4.891125 11.453089 1
3.151439 7.659875 2.544339 1
5.164405 11.656114 5.092063 6
8.442845 0.894886 14.000813 6
0.628655 7.170386 12.725437 6
3.907095 5.380614 3.816687 6
5.926411 11.126461 5.405829 1
7.680839 1.424539 14.314579 1
1.390661 7.700039 12.411670 1
3.145089 4.850961 3.502920 1
5.468300 12.296215 4.415176 1
8.138950 0.254785 13.323926 1
0.932550 6.530285 13.402323 1
3.603200 6.020715 4.493573 1
4.492207 11.059941 4.700256 1
0.043543 1.491059 13.609006 1
9.027957 7.766559 13.117243 1
4.579293 4.784441 4.208494 1
3.391834 0.685285 5.777324 6
1.143916 11.865715 14.686074 6
7.927584 5.590215 12.040176 6
5.679666 6.960785 3.131426 6
2.742314 0.109194 5.323869 1
1.793436 12.441806 14.232619 1
7.278064 6.166306 12.493631 1
6.329186 6.384694 3.584881 1
3.712965 1.369314 5.154603 1
0.822785 11.181686 14.063353 1
8.248715 4.906186 12.662897 1
5.358535 7.644814 3.754147 1
2.965473 1.117039 6.546149 1
1.570277 11.433961 15.454899 1
7.501223 5.158461 11.271351 1
6.106027 7.392539 2.362600 1
3.775649 10.591914 10.207824 6
0.760101 1.959086 1.299074 6
8.311399 8.234586 7.609676 6
5.295851 4.316414 16.518426 6
2.892901 10.505187 10.647738 1
1.642849 2.045813 1.738988 1
7.428651 8.321313 7.169762 1
6.178599 4.229687 16.078512 1
3.977853 11.553195 10.082923 1
0.557897 0.997805 1.174173 1
8.513603 7.273305 7.734577 1
5.093647 5.277696 16.643327 1
4.871214 9.907132 11.039188 6
8.736036 2.643868 2.130438 6
0.335464 8.919368 6.778312 6
4.200286 3.631632 15.687062 6
5.748610 10.232830 10.686936 1
7.858640 2.318170 1.778187 1
1.212860 8.593670 7.130563 1
3.322890 3.957330 16.039313 1
4.869581 10.175096 12.552785 6
8.737669 2.375904 3.644035 6
0.333831 8.651404 5.264715 6
4.201919 3.899596 14.173465 6
4.944875 11.683977 12.790649 6
8.662375 0.867023 3.881899 6
0.409125 7.142523 5.026851 6
4.126625 5.408477 13.935601 6
4.158376 12.116735 12.397416 1
0.377374 0.434265 3.488666 1
8.694126 6.709765 5.420084 1
4.913124 5.841235 14.328834 1
5.756774 12.040174 12.372472 1
7.850476 0.510826 3.463722 1
1.221024 6.786326 5.445028 1
3.314726 5.764674 14.353778 1
4.968461 11.861950 13.753328 1
8.638789 0.689050 4.844578 1
0.432711 6.964550 4.064172 1
4.103039 5.586450 12.972922 1
3.619529 9.624107 13.244639 6
0.916221 2.926893 4.335889 6
8.155278 9.202393 4.572861 6
5.451971 3.348607 13.481611 6
3.568728 8.656425 13.104771 1
0.967022 3.894575 4.196021 1
8.104478 10.170075 4.712729 1
5.502772 2.380925 13.621479 1
2.822144 10.052096 12.867798 1
1.713606 2.498904 3.959048 1
7.357894 8.774404 4.949702 1
6.249356 3.776596 13.858451 1
3.667607 9.813627 14.204111 1
0.868143 2.737373 5.295361 1
8.203357 9.012873 3.613389 1
5.403893 3.538127 12.522139 1
6.103305 9.507383 13.161253 6
7.503945 3.043617 4.252503 6
1.567555 9.319117 4.656247 6
2.968195 3.231883 13.564997 6
6.060669 8.540956 13.004993 1
7.546581 4.010044 4.096243 1
1.524919 10.285544 4.812507 1
3.010831 2.265456 13.721257 1
6.126891 9.681841 14.125714 1
7.480359 2.869159 5.216964 1
1.591141 9.144659 3.691786 1
2.944609 3.406341 12.600536 1
6.911576 9.871361 12.743076 1
6.695674 2.679639 3.834326 1
2.375826 8.955139 5.074424 1
2.159924 3.595861 13.983174 1
4.738044 8.443560 10.613885 6
8.869206 4.107440 1.705135 6
0.202294 10.382940 7.203615 6
4.333456 2.168060 16.112365 6
5.600744 7.966120 10.699409 1
8.006506 4.584880 1.790659 1
1.064994 10.860380 7.118091 1
3.470756 1.690620 16.026841 1
4.054053 7.974905 11.155537 1
0.481697 4.576095 2.246787 1
8.589803 10.851595 6.661963 1
5.017447 1.699405 15.570713 1
