1.903757 5.236900 3.551822 8
7.782257 40.956100 3.551822 8
6.410587 28.333400 8.157400 8
0.532087 17.859600 8.157400 8
3.651191 3.398881 5.461295 8
9.529691 42.794119 5.461295 8
10.901361 26.495381 0.855716 8
5.022861 19.697619 0.855716 8
1.675634 6.433299 2.900593 6
7.554134 39.759701 2.900593 6
6.182465 29.529799 7.506172 6
0.303965 16.663201 7.506172 6
2.320158 6.728472 1.723407 6
8.198658 39.464528 1.723407 6
6.826988 29.824972 6.328986 6
0.948488 16.368028 6.328986 6
1.959887 7.901775 1.050072 6
7.838387 38.291225 1.050072 6
6.466718 30.998275 5.655650 6
0.588218 15.194725 5.655650 6
0.965086 8.760502 1.540105 6
6.843586 37.432498 1.540105 6
5.471917 31.857002 6.145684 6
-0.406583 14.335998 6.145684 6
0.416735 8.455167 2.761505 6
6.295235 37.737833 2.761505 6
4.923565 31.551667 7.367083 6
-0.954935 14.641333 7.367083 6
0.726411 7.290179 3.474448 6
6.604911 38.902821 3.474448 6
5.233241 30.386679 8.080027 6
-0.645259 15.806321 8.080027 6
3.388558 5.813389 1.156000 6
9.267058 40.379611 1.156000 6
7.895389 28.909889 5.761579 6
2.016889 17.283111 5.761579 6
4.575620 5.666495 2.077116 6
10.454120 40.526505 2.077116 6
9.082450 28.762995 6.682694 6
3.203950 17.430005 6.682694 6
4.915434 4.430371 2.645444 6
10.793934 41.762629 2.645444 6
9.422264 27.526871 7.251023 6
3.543764 18.666129 7.251023 6
5.947577 4.342142 3.593272 6
0.069077 41.850858 3.593272 6
-1.302593 27.438642 8.198851 6
4.575907 18.754358 8.198851 6
6.671140 5.494195 3.879739 6
0.792640 40.698805 3.879739 6
-0.579029 28.590695 8.485318 6
5.299471 17.602305 8.485318 6
6.381764 6.728472 3.319701 6
0.503264 39.464528 3.319701 6
-0.868406 29.824972 7.925279 6
5.010094 16.368028 7.925279 6
5.312860 6.802381 2.412402 6
-0.565640 39.390619 2.412402 6
-1.937309 29.898881 7.017980 6
3.941191 16.294119 7.017980 6
6.216848 3.088926 4.410302 6
0.338348 43.104074 4.410302 6
-1.033322 26.185426 9.015880 6
4.845178 20.007574 9.015880 6
5.976959 3.413201 5.886850 6
0.098459 42.779799 5.886850 6
1.470129 26.509701 1.281272 6
7.348629 19.683299 1.281272 6
4.678867 3.616912 6.337276 6
-1.199633 42.576088 6.337276 6
0.172037 26.713412 1.731697 6
6.050537 19.479588 1.731697 6
4.451128 4.064522 7.638812 6
-1.427372 42.128478 7.638812 6
-0.055702 27.161022 3.033234 6
5.822798 19.031978 3.033234 6
5.549503 4.276548 8.466895 6
-0.328997 41.916452 8.466895 6
1.042673 27.373048 3.861317 6
6.921173 18.819952 3.861317 6
6.849358 4.058055 8.057920 6
0.970858 42.134945 8.057920 6
2.342528 27.154555 3.452342 6
8.221028 19.038445 3.452342 6
7.040219 3.600744 6.749936 6
1.161719 42.592256 6.749936 6
2.533389 26.697244 2.144357 6
8.411889 19.495756 2.144357 6
3.051612 4.413741 8.102134 6
8.930112 41.779259 8.102134 6
10.301782 27.510241 3.496555 6
4.423282 18.682759 3.496555 6
2.560525 5.693749 7.469327 6
8.439025 40.499251 7.469327 6
9.810695 28.790249 2.863749 6
3.932195 17.402751 2.863749 6
1.488878 5.724237 6.571239 6
7.367378 40.468763 6.571239 6
8.739048 28.820737 1.965661 6
2.860548 17.372263 1.965661 6
1.146243 6.919249 5.925537 6
7.024743 39.273751 5.925537 6
8.396413 30.015749 1.319959 6
2.517913 16.177251 1.319959 6
1.841864 8.085623 6.266350 6
7.720364 38.107377 6.266350 6
9.092034 31.182123 1.660772 6
3.213534 15.010877 1.660772 6
2.866208 8.098557 7.192992 6
8.744708 38.094443 7.192992 6
10.116378 31.195057 2.587414 6
4.237878 14.997943 2.587414 6
3.221581 6.884605 7.760400 6
9.100081 39.308395 7.760400 6
10.471750 29.981105 3.154821 6
4.593250 16.211895 3.154821 6
0.119705 6.989463 4.812829 6
5.998205 39.203537 4.812829 6
7.369875 30.085963 0.207251 6
1.491375 16.107037 0.207251 6
4.145743 3.256606 2.304631 6
10.024243 42.936394 2.304631 6
8.652574 26.353106 6.910210 6
2.774074 19.839893 6.910210 6
3.484492 2.301335 1.990531 6
9.362992 43.891665 1.990531 6
7.991322 25.397835 6.596109 6
2.112822 20.795165 6.596109 6
2.680628 1.153901 1.673667 6
8.559128 45.039099 1.673667 6
7.187458 24.250401 6.279246 6
1.308958 21.942599 6.279246 6
3.104276 0.238818 0.697285 6
8.982776 45.954182 0.697285 6
7.611106 23.335318 5.302863 6
1.732606 22.857682 5.302863 6
2.337133 45.315333 0.407133 6
8.215633 0.877667 0.407133 6
6.843963 22.218833 5.012712 6
0.965463 23.974167 5.012712 6
1.142070 45.122246 1.044545 6
7.020570 1.070754 1.044545 6
5.648901 22.025746 5.650124 6
-0.229599 24.167254 5.650124 6
0.699141 46.012847 1.998821 6
6.577641 0.180153 1.998821 6
5.205971 22.916347 6.604399 6
-0.672529 23.276653 6.604399 6
1.461973 0.948342 2.307395 6
7.340473 45.244658 2.307395 6
5.968803 24.044842 6.912973 6
0.090303 22.148158 6.912973 6
0.759123 4.531071 6.270034 6
6.637623 41.661929 6.270034 6
8.009292 27.627571 1.664456 6
2.130792 18.565429 1.664456 6
0.154030 3.515749 6.012122 6
6.032530 42.677251 6.012122 6
7.404200 26.612249 1.406544 6
1.525700 19.580751 1.406544 6
-0.604491 2.351224 5.657492 6
5.274009 43.841776 5.657492 6
6.645679 25.447724 1.051914 6
0.767179 20.745276 1.051914 6
-0.562169 1.206561 6.431230 6
5.316331 44.986439 6.431230 6
6.688001 24.303061 1.825651 6
0.809501 21.889939 1.825651 6
-1.333231 0.105782 6.067389 6
4.545269 46.087218 6.067389 6
5.916939 23.202282 1.461811 6
0.038439 22.990718 1.461811 6
9.677126 0.098853 4.958366 6
3.798626 46.094147 4.958366 6
5.170296 23.195353 0.352787 6
11.048796 22.997647 0.352787 6
9.613720 1.217186 4.188313 6
3.735220 44.975814 4.188313 6
2.363550 24.313686 8.793891 6
8.242050 21.879314 8.793891 6
10.360876 2.342909 4.533731 6
4.482376 43.850091 4.533731 6
3.110706 25.439409 9.139310 6
8.989206 20.753591 9.139310 6
0.551557 9.981845 0.698206 6
6.430057 36.211155 0.698206 6
5.058387 33.078345 5.303784 6
-0.820113 13.114655 5.303784 6
1.418321 11.127894 0.973619 6
7.296821 35.065106 0.973619 6
5.925151 34.224394 5.579198 6
0.046651 11.968606 5.579198 6
1.778597 10.915406 0.431082 6
7.657097 35.277594 0.431082 6
6.285427 34.011906 5.036661 6
0.406927 12.181094 5.036661 6
-2.102814 9.557332 8.343466 6
3.775686 36.635668 8.343466 6
5.147355 32.653832 3.737887 6
-0.731145 13.539168 3.737887 6
8.998301 9.538393 8.571903 6
3.119801 36.654607 8.571903 6
4.491471 32.634893 3.966324 6
10.369971 13.558107 3.966324 6
10.823450 10.411902 1.062046 6
4.944950 35.781098 1.062046 6
3.573281 33.508402 5.667625 6
9.451781 12.684598 5.667625 6
11.250620 10.790685 1.467337 6
5.372120 35.402315 1.467337 6
4.000450 33.887185 6.072916 6
9.878950 12.305815 6.072916 6
7.181552 7.961364 3.721307 6
1.303052 38.231636 3.721307 6
-0.068618 31.057864 8.326886 6
5.809882 15.135136 8.326886 6
6.539974 9.265854 3.254302 6
0.661474 36.927146 3.254302 6
-0.710196 32.362354 7.859880 6
5.168304 13.830646 7.859880 6
7.344732 8.016795 5.230095 6
1.466232 38.176205 5.230095 6
2.837902 31.113295 0.624516 6
8.716402 15.079705 0.624516 6
8.584047 7.854196 3.066394 6
2.705547 38.338804 3.066394 6
1.333877 30.950696 7.671972 6
7.212377 15.242304 7.671972 6
8.066243 4.349995 8.957850 6
2.187743 41.843005 8.957850 6
3.559413 27.446495 4.352272 6
9.437913 18.746505 4.352272 6
8.908867 3.057977 9.065621 6
3.030367 43.135023 9.065621 6
4.402037 26.154477 4.460042 6
10.280537 20.038523 4.460042 6
-2.564239 3.889451 8.649276 6
3.314261 42.303549 8.649276 6
4.685931 26.985951 4.043698 6
-1.192569 19.207049 4.043698 6
9.041020 5.330672 8.175823 6
3.162520 40.862328 8.175823 6
4.534189 28.427172 3.570244 6
10.412689 17.765828 3.570244 6
8.168725 5.848034 9.008511 6
2.290225 40.344966 9.008511 6
3.661895 28.944534 4.402933 6
9.540395 17.248466 4.402933 6
10.486299 4.924174 1.005858 6
4.607799 41.268826 1.005858 6
3.236129 28.020674 5.611437 6
9.114629 18.172326 5.611437 6
10.406311 4.074223 1.266534 6
4.527811 42.118777 1.266534 6
3.156141 27.170723 5.872112 6
9.034641 19.022277 5.872112 6
3.546937 9.421062 7.579861 6
9.425437 36.771938 7.579861 6
10.797107 32.517562 2.974283 6
4.918607 13.675438 2.974283 6
2.541004 10.240988 8.403338 6
8.419504 35.952012 8.403338 6
9.791174 33.337488 3.797760 6
3.912674 12.855512 3.797760 6
4.807009 9.223356 8.409786 6
-1.071491 36.969644 8.409786 6
0.300179 32.319856 3.804208 6
6.178679 13.873144 3.804208 6
3.903532 10.210501 6.339118 6
9.782032 35.982499 6.339118 6
11.153702 33.307001 1.733540 6
5.275202 12.885999 1.733540 6
2.390981 8.120729 0.230279 1
8.269481 38.072271 0.230279 1
6.897811 31.217229 4.835857 1
1.019311 14.975771 4.835857 1
-0.218654 9.063067 3.138241 1
5.659846 37.129933 3.138241 1
4.288176 32.159567 7.743820 1
-1.590324 14.033433 7.743820 1
2.997208 4.961128 0.997568 1
8.875708 41.231872 0.997568 1
7.504038 28.057628 5.603147 1
1.625538 18.135372 5.603147 1
3.677706 6.180623 0.323312 1
9.556206 40.012377 0.323312 1
8.184536 29.277123 4.928890 1
2.306036 16.915877 4.928890 1
7.387531 5.427677 4.478464 1
1.509031 40.765323 4.478464 1
0.137361 28.524177 9.084043 1
6.015861 17.668823 9.084043 1
5.080230 7.631084 2.005269 1
10.958730 38.561916 2.005269 1
9.587061 30.727584 6.610847 1
3.708561 15.465416 6.610847 1
5.611677 2.397417 4.121072 1
-0.266823 43.795583 4.121072 1
-1.638493 25.493917 8.726650 1
4.240007 20.699083 8.726650 1
7.099720 2.808534 4.268450 1
1.221220 43.384466 4.268450 1
-0.150449 25.905034 8.874028 1
5.728051 20.287966 8.874028 1
8.124909 4.596203 0.135404 1
2.246409 41.596796 0.135404 1
0.874740 27.692704 4.740982 1
6.753240 18.500297 4.740982 1
7.904282 3.422901 6.442283 1
2.025782 42.770099 6.442283 1
3.397452 26.519401 1.836705 1
9.275952 19.673599 1.836705 1
2.445657 3.704679 7.858959 1
8.324157 42.488321 7.858959 1
9.695827 26.801179 3.253381 1
3.817327 19.391821 3.253381 1
3.037774 4.517675 9.040750 1
8.916274 41.675325 9.040750 1
10.287944 27.614175 4.435172 1
4.409444 18.578825 4.435172 1
1.586778 8.901391 5.839873 1
7.465278 37.291609 5.839873 1
8.836948 31.997891 1.234295 1
2.958448 14.195109 1.234295 1
3.926293 6.868899 8.362809 1
-1.952207 39.324101 8.362809 1
-0.580538 29.965399 3.757231 1
5.297962 16.227601 3.757231 1
-0.528303 7.663419 5.010869 1
5.350197 38.529581 5.010869 1
6.721867 30.759919 0.405291 1
0.843367 15.433081 0.405291 1
-0.338426 6.143669 4.748351 1
5.540074 40.049331 4.748351 1
6.911744 29.240169 0.142773 1
1.033244 16.952831 0.142773 1
3.906380 0.392641 0.226594 1
9.784880 45.800359 0.226594 1
8.413210 23.489140 4.832173 1
2.534710 22.703860 4.832173 1
-0.115649 44.687108 8.962456 1
5.762851 1.505892 8.962456 1
7.134521 21.590608 4.356877 1
1.256021 24.602392 4.356877 1
0.590590 44.368376 0.819793 1
6.469090 1.824623 0.819793 1
5.097420 21.271877 5.425371 1
-0.781080 24.921123 5.425371 1
-0.145013 45.865030 2.440957 1
5.733487 0.327970 2.440957 1
4.361817 22.768530 7.046535 1
-1.516683 23.424470 7.046535 1
1.129992 1.565943 2.936517 1
7.008492 44.627057 2.936517 1
5.636822 24.662443 7.542095 1
-0.241678 21.530557 7.542095 1
-0.065517 1.177921 7.215099 1
5.812983 45.015079 7.215099 1
7.184652 24.274421 2.609521 1
1.306152 21.918578 2.609521 1
-1.327942 45.527821 6.606242 1
4.550558 0.665179 6.606242 1
5.922227 22.431321 2.000663 1
0.043727 23.761679 2.000663 1
9.163856 45.518582 4.719797 1
3.285356 0.674418 4.719797 1
4.657026 22.422082 0.114218 1
10.535526 23.770918 0.114218 1
9.047781 1.233353 3.408128 1
3.169281 44.959647 3.408128 1
1.797611 24.329853 8.013706 1
7.676111 21.863147 8.013706 1
10.300839 3.113408 3.977377 1
4.422339 43.079592 3.977377 1
3.050670 26.209908 8.582956 1
8.929170 19.983092 8.582956 1
6.077960 9.677433 3.988431 1
0.199460 36.515566 3.988431 1
-1.172210 32.773933 8.594009 1
4.706290 13.419066 8.594009 1
7.194292 9.852967 2.924542 1
1.315792 36.340033 2.924542 1
-0.055878 32.949467 7.530121 1
5.822622 13.243533 7.530121 1
5.893969 9.086163 2.565307 1
0.015469 37.106837 2.565307 1
-1.356201 32.182663 7.170886 1
4.522299 14.010337 7.170886 1
6.458566 7.940577 5.631701 1
0.580066 38.252423 5.631701 1
1.951736 31.037077 1.026123 1
7.830236 15.155923 1.026123 1
7.863646 7.293875 5.512877 1
1.985146 38.899125 5.512877 1
3.356816 30.390375 0.907299 1
9.235316 15.802625 0.907299 1
7.714802 8.836721 5.479717 1
1.836302 37.356279 5.479717 1
3.207972 31.933221 0.874139 1
9.086472 14.259779 0.874139 1
9.222018 7.769663 3.750783 1
3.343518 38.423337 3.750783 1
1.971848 30.866163 8.356361 1
7.850348 15.326837 8.356361 1
8.596943 7.104483 2.498066 1
2.718443 39.088517 2.498066 1
1.346773 30.200983 7.103644 1
7.225273 15.992017 7.103644 1
8.741162 8.647330 2.562544 1
2.862662 37.545670 2.562544 1
1.490992 31.743830 7.168122 1
7.369492 14.449170 7.168122 1
5.285281 9.954591 0.093033 1
11.163781 36.238408 0.093033 1
9.792111 33.051091 4.698611 1
3.913611 13.141908 4.698611 1
2.749887 11.169467 8.357283 1
8.628387 35.023533 8.357283 1
10.000057 34.265967 3.751704 1
4.121557 11.927033 3.751704 1
1.646102 10.120886 8.048709 1
7.524602 36.072114 8.048709 1
8.896272 33.217386 3.443130 1
3.017772 12.975614 3.443130 1
7.306857 9.201646 0.118824 1
1.428357 36.991354 0.118824 1
0.056688 32.298146 4.724402 1
5.935188 13.894854 4.724402 1
5.207454 8.397887 8.166612 1
-0.671046 37.795113 8.166612 1
0.700624 31.494387 3.561033 1
6.579124 14.698613 3.561033 1
5.398818 9.936114 8.250433 1
-0.479682 36.256886 8.250433 1
0.891988 33.032614 3.644855 1
6.770488 13.160386 3.644855 1
3.837966 11.141752 6.531631 1
9.716466 35.051248 6.531631 1
11.088136 34.238252 1.926053 1
5.209636 11.954748 1.926053 1
4.772806 9.991546 6.069231 1
-1.105694 36.201454 6.069231 1
0.265976 33.088046 1.463653 1
6.144476 13.104954 1.463653 1
3.282883 10.000784 5.639991 1
9.161383 36.192215 5.639991 1
10.533053 33.097285 1.034413 1
4.654553 13.095715 1.034413 1
1.342171 11.372717 1.884603 1
7.220671 34.820283 1.884603 1
5.849001 34.469217 6.490181 1
-0.029499 11.723783 6.490181 1
2.413746 10.813781 1.120998 1
8.292246 35.379219 1.120998 1
6.920577 33.910281 5.726576 1
1.042077 12.282719 5.726576 1
1.467154 11.843885 0.450426 1
7.345654 34.349115 0.450426 1
5.973984 34.940385 5.056004 1
0.095484 11.252615 5.056004 1
9.246531 8.642710 8.385837 1
3.368031 37.550290 8.385837 1
4.739701 31.739210 3.780259 1
10.618201 14.453790 3.780259 1
9.312686 10.107028 7.875539 1
3.434186 36.085972 7.875539 1
4.805856 33.203528 3.269961 1
10.684356 12.989472 3.269961 1
-1.270418 9.238600 8.094765 1
4.608082 36.954400 8.094765 1
5.979752 32.335100 3.489186 1
0.101252 13.857900 3.489186 1
10.669900 10.217892 2.023691 1
4.791400 35.975108 2.023691 1
3.419730 33.314392 6.629270 1
9.298230 12.878608 6.629270 1
10.628246 11.266473 0.880587 1
4.749746 34.926527 0.880587 1
3.378076 34.362973 5.486165 1
9.256576 11.830027 5.486165 1
10.176935 9.834490 0.666888 1
4.298435 36.358510 0.666888 1
2.926765 32.930990 5.272466 1
8.805265 13.262010 5.272466 1
8.377961 2.281934 8.744151 1
2.499461 43.911066 8.744151 1
3.871131 25.378434 4.138573 1
9.749631 20.814566 4.138573 1
-2.075657 3.094931 8.528610 1
3.802843 43.098069 8.528610 1
5.174513 26.191431 3.923032 1
-0.703987 20.001569 3.923032 1
0.127403 2.863966 0.752552 1
6.005903 43.329034 0.752552 1
4.634234 25.960466 5.358130 1
-1.244266 20.232534 5.358130 1
-1.953698 5.533921 8.679673 1
3.924802 40.659079 8.679673 1
5.296472 28.630421 4.074095 1
-0.582028 17.562579 4.074095 1
9.318606 4.919554 7.338529 1
3.440106 41.273445 7.338529 1
4.811776 28.016054 2.732950 1
10.690276 18.176945 2.732950 1
8.588337 6.152908 7.939096 1
2.709837 40.040092 7.939096 1
4.081507 29.249408 3.333518 1
9.960007 16.943592 3.333518 1
10.969939 4.586965 1.868944 1
5.091439 41.606035 1.868944 1
3.719769 27.683465 6.474522 1
9.598269 18.509535 6.474522 1
10.275301 5.871130 0.897167 1
4.396801 40.321870 0.897167 1
3.025131 28.967630 5.502745 1
8.903631 17.225370 5.502745 1
9.482720 4.471482 1.442467 1
3.604220 41.721518 1.442467 1
2.232550 27.567982 6.048046 1
8.111050 18.625018 6.048046 1
-0.592826 10.744492 8.804024 1
5.285674 35.448508 8.804024 1
6.657344 33.840992 4.198445 1
0.778844 12.352008 4.198445 1
8.034540 9.589667 8.586640 1
2.156040 36.603333 8.586640 1
3.527710 32.686167 3.981062 1
9.406210 13.506833 3.981062 1
-0.136077 11.446625 2.059615 1
5.742423 34.746375 2.059615 1
4.370754 34.543125 6.665193 1
-1.507746 11.649875 6.665193 1
9.152082 2.776199 8.643750 1
3.273582 43.416801 8.643750 1
4.645252 25.872699 4.038171 1
10.523752 20.320301 4.038171 1
-2.189344 4.000314 7.785270 1
3.689156 42.192686 7.785270 1
5.060826 27.096814 3.179691 1
-0.817674 19.096186 3.179691 1
0.911167 3.954121 0.082900 1
6.789667 42.238879 0.082900 1
5.417997 27.050621 4.688479 1
-0.460503 19.142379 4.688479 1
11.623635 6.203720 0.293836 1
5.745135 39.989280 0.293836 1
4.373465 29.300220 4.899414 1
10.251965 16.892780 4.899414 1
8.028075 6.319202 8.213589 1
2.149575 39.873798 8.213589 1
3.521245 29.415702 3.608010 1
9.399745 16.777298 3.608010 1
10.075395 6.222197 0.384105 1
4.196895 39.970803 0.384105 1
2.825225 29.318697 4.989684 1
8.703725 16.874303 4.989684 1
10.372881 3.201175 1.505103 1
4.494381 42.991825 1.505103 1
3.122711 26.297675 6.110681 1
9.001211 19.895325 6.110681 1
2.717378 5.293718 4.092517 1
8.595878 40.899282 4.092517 1
7.224208 28.390218 8.698095 1
1.345708 17.802782 8.698095 1
2.680061 3.492191 5.931064 1
8.558561 42.700809 5.931064 1
9.930231 26.588691 1.325485 1
4.051731 19.604309 1.325485 1
