12.397422 2.733102 8.318814 6
7.518722 8.381587 3.399146 6
12.024767 3.549475 8.712303 1
7.891377 7.565214 3.005657 1
12.682092 1.733361 9.435301 6
7.234053 9.381328 2.282658 6
11.931397 1.219812 10.445389 6
7.984748 9.894877 1.272570 6
11.056559 1.504988 10.575458 1
8.859586 9.609701 1.142501 1
12.505210 0.242537 11.299628 6
7.410934 10.872152 0.418331 6
10.894265 10.797113 0.277716 1
9.021879 0.317576 11.440244 1
17.610446 10.798907 11.132061 6
2.305699 0.315782 0.585898 6
17.944069 10.141488 11.698039 1
1.972076 0.973201 0.019921 1
14.601746 0.312000 10.114942 6
5.314398 10.802689 1.603017 6
8.600774 10.979543 9.827852 6
11.315370 0.135146 1.890107 6
9.027856 10.317064 10.322350 1
10.888288 0.797625 1.395609 1
5.447914 0.613864 8.827139 6
14.468230 10.500825 2.890821 6
6.333418 0.382299 8.661915 1
13.582726 10.732390 3.056044 1
4.842793 1.621254 8.027974 6
15.073352 9.493435 3.689985 6
5.315595 2.039967 7.345989 1
14.600549 9.074722 4.371971 1
14.702768 1.958322 8.295143 6
5.213377 9.156367 3.422816 6
14.012580 1.287220 9.300544 6
5.903564 9.827469 2.417415 6
13.816849 3.053515 7.731861 6
6.099295 8.061174 3.986098 6
13.787627 2.972335 6.755403 1
6.128517 8.142354 4.962556 1
14.359454 4.470632 8.111406 6
5.556690 6.644057 3.606553 6
15.327444 4.482483 7.951807 1
4.588701 6.632206 3.766152 1
13.725236 5.562265 7.268650 6
6.190909 5.552424 4.449309 6
13.716372 5.770517 5.915226 6
6.199772 5.344172 5.802733 6
14.149654 5.181649 5.341046 1
5.766491 5.933040 6.376913 1
13.033281 6.897152 5.407838 6
6.882863 4.217537 6.310121 6
13.012636 7.032890 4.487978 1
6.903508 4.081799 7.229981 1
12.400055 7.798427 6.224580 6
7.516089 3.316262 5.493379 6
11.981920 8.543521 5.856636 1
7.934225 2.571168 5.861323 1
12.380138 7.598861 7.624876 6
7.536007 3.515828 4.093083 6
11.778553 8.415918 8.619731 6
8.137592 2.698771 3.098228 6
11.322959 9.187416 8.370138 1
8.593185 1.927273 3.347821 1
11.866965 8.075820 9.939173 6
8.049179 3.038869 1.778786 6
11.447962 8.614363 10.570771 1
8.468182 2.500326 1.147188 1
12.574457 6.930728 10.378596 6
7.341688 4.183961 1.339363 6
12.638383 6.737647 11.286738 1
7.277761 4.377042 0.431221 1
13.159339 6.115121 9.457565 6
6.756806 4.999568 2.260394 6
13.040972 6.454796 8.104141 6
6.875173 4.659893 3.613819 6
14.100253 4.925228 9.597360 6
5.815892 6.189461 2.120599 6
13.638580 4.205931 10.077445 1
6.277564 6.908758 1.640514 1
15.366661 5.323145 10.377307 6
4.549483 5.791544 1.340652 6
15.077325 5.693731 11.237523 1
4.838820 5.420958 0.480436 1
16.251491 6.361021 9.709501 6
3.664653 4.753668 2.008458 6
15.999977 7.626963 9.245470 6
3.916167 3.487726 2.472489 6
15.143135 7.986104 9.279452 1
4.773009 3.128585 2.438507 1
17.079757 8.374931 8.711131 6
2.836387 2.739758 3.006828 6
16.913358 9.232749 8.392402 1
3.002786 1.881940 3.325557 1
7.186583 7.886718 8.645510 6
12.729561 3.227971 3.072449 6
7.867501 8.414003 8.291628 1
12.048643 2.700686 3.426331 1
7.475852 6.586665 9.110713 6
12.440292 4.528024 2.607246 6
8.737766 5.937435 9.130634 6
11.178378 5.177254 2.587325 6
9.488289 6.364642 8.786126 1
10.427855 4.750047 2.931833 1
8.845435 4.684171 9.656770 6
11.070709 6.430518 2.061189 6
9.679965 4.273642 9.660286 1
10.236179 6.841047 2.057674 1
7.746611 3.983587 10.196968 6
12.169533 7.131102 1.520991 6
7.855645 3.132729 10.554366 1
12.060499 7.981960 1.163593 1
6.514897 4.583346 10.183610 6
13.401247 6.531343 1.534350 6
6.392835 5.867198 9.632280 6
13.523309 5.247491 2.085680 6
16.337734 4.138177 10.681623 6
3.578410 6.976512 1.036336 6
16.368319 3.957165 11.633590 1
3.547825 7.157524 0.084369 1
16.051264 3.334390 10.220404 1
3.864881 7.780299 1.497555 1
11.404691 2.192048 7.246386 6
8.511454 8.922641 4.471573 6
11.011992 3.332380 6.289029 6
8.904152 7.782309 5.428930 6
10.396490 2.999431 5.631651 1
9.519654 8.115258 6.086308 1
11.797412 3.667368 5.850777 1
8.118732 7.447321 5.867182 1
10.595747 4.039204 6.787042 1
9.320398 7.075485 4.930917 1
11.977956 0.994966 6.460111 6
7.938188 10.119723 5.257848 6
12.213894 0.293938 7.071788 1
7.702250 10.820751 4.646171 1
12.760137 1.274510 5.977331 1
7.156008 9.840179 5.740628 1
11.317894 0.672289 5.842574 1
8.598250 10.442400 5.875385 1
10.163916 1.723732 7.908451 6
9.752228 9.390957 3.809509 6
9.195462 1.339492 8.377169 7
10.720683 9.775197 3.340790 7
