9.512848 5.839980 3.269034 29
-2.783545 0.411480 9.447480 29
7.913390 4.554511 2.678098 17
-1.184088 9.983011 10.038416 17
-0.719215 8.033094 3.292305 7
7.448517 2.604594 9.424209 7
-0.623159 8.001609 1.795572 6
7.352461 2.573109 10.920942 6
11.260308 7.194934 1.462399 1
-4.531006 1.766434 11.254115 1
-1.427585 7.586872 5.235389 7
8.156887 2.158372 7.481125 7
3.432071 10.513919 3.110459 29
3.297231 5.085419 9.606055 29
1.892684 0.834903 2.213945 17
4.836618 6.263403 10.502569 17
3.242166 10.505233 3.427101 29
3.487136 5.076733 9.289413 29
1.647641 1.049872 3.134621 17
5.081661 6.478372 9.581893 17
11.033640 9.250164 1.281825 6
-4.304338 3.821664 11.434689 6
11.439679 10.054668 1.693840 1
-4.710377 4.626168 11.022674 1
10.082683 9.214336 1.532340 1
-3.353381 3.785836 11.184174 1
5.421275 8.490174 3.160054 7
1.308027 3.061674 9.556460 7
5.533315 9.326163 12.401144 6
1.195987 3.897663 0.315370 6
5.095021 10.144781 12.059070 1
1.634281 4.716281 0.657444 1
5.113908 8.539030 11.980228 1
1.615394 3.110530 0.736286 1
4.749853 8.972225 5.301515 7
1.979449 3.543725 7.414999 7
-5.259851 9.369591 12.055255 6
11.989153 3.941091 0.661259 6
7.238110 9.465133 11.081170 1
-0.508808 4.036633 1.635344 1
-4.834189 10.138267 12.506692 1
11.563491 4.709767 0.209822 1
-4.567877 8.001609 12.558829 6
11.297179 2.573109 0.157685 6
-3.605281 8.013552 12.349007 1
10.334583 2.585052 0.367507 1
-4.981151 7.227505 12.093405 1
11.710453 1.799005 0.623109 1
0.850942 7.860468 1.428065 6
5.878360 2.431968 11.288449 6
1.183483 6.974537 1.726903 1
5.545819 1.546037 10.989611 1
1.378684 8.556402 1.894761 1
5.350618 3.127902 10.821753 1
-1.521793 7.313275 3.989170 6
8.251095 1.884775 8.727344 6
-0.093385 8.802856 4.143040 6
6.822687 3.374356 8.573474 6
0.566735 9.453190 3.931946 1
6.162567 4.024690 8.784568 1
-0.523943 8.528173 5.295156 6
7.253245 3.099673 7.421358 6
-0.231108 8.946168 6.096297 1
6.960410 3.517668 6.620217 1
-2.243056 6.850767 6.396407 6
8.972358 1.422267 6.320107 6
9.460029 6.216718 5.995836 1
-2.730727 0.788218 6.720678 1
-1.277245 6.090777 7.286563 6
8.006547 0.662277 5.429951 6
-0.575928 6.704198 7.618464 1
7.305230 1.275698 5.098050 1
-0.834052 5.374215 6.761370 1
7.563354 10.802715 5.955144 1
-2.054269 5.428500 8.536596 6
8.783571 0.000000 4.179918 6
-2.744474 4.798794 8.218683 1
9.473776 10.227294 4.497831 1
-1.420199 4.943192 9.117741 1
8.149501 10.371692 3.598773 1
-2.734548 6.644484 9.345366 6
9.463850 1.215984 3.371148 6
-2.035794 7.269847 9.660736 1
8.765096 1.841347 3.055778 1
-3.214648 6.289460 10.135062 1
9.943950 0.860960 2.581452 1
8.601835 7.415331 8.382726 6
-1.872533 1.986831 4.333788 6
8.183201 8.165550 8.874855 1
-1.453899 2.737050 3.841659 1
7.890347 6.798653 8.087703 1
-1.161045 1.370153 4.628811 1
-2.965364 7.979895 7.104716 6
9.694666 2.551395 5.611798 6
8.761528 8.412004 6.480336 1
-2.032226 2.983504 6.236178 1
-2.316503 8.667143 7.395925 1
9.045805 3.238643 5.320589 1
5.553342 8.316462 1.724359 6
1.175960 2.887962 10.992155 6
5.360590 9.369591 1.411533 1
1.368713 3.941091 11.304981 1
4.898309 7.019050 1.260207 6
1.830993 1.590551 11.456307 6
3.968482 6.979965 1.599737 1
2.760820 1.551465 11.116777 1
5.392897 6.246032 1.631529 1
1.336405 0.817532 11.084985 1
-0.751791 6.926766 12.376983 6
7.481093 1.498266 0.339531 6
-1.167333 6.078834 12.089590 1
7.896635 0.650334 0.626924 1
-1.283032 7.676985 12.001846 1
8.012334 2.248485 0.714668 1
0.754700 7.009279 11.841618 6
5.974602 1.580779 0.874896 6
0.766738 6.977794 10.852273 1
5.962564 1.549294 1.864241 1
1.279685 6.243861 12.186235 1
5.449617 0.815361 0.530279 1
1.385373 8.389204 12.357908 6
5.343929 2.960704 0.358606 6
0.859715 9.153537 12.012019 1
5.869587 3.725037 0.704495 1
2.317091 8.479317 12.033637 1
4.412211 3.050817 0.682877 1
6.999366 8.381604 1.250033 6
-0.270064 2.953104 11.466481 6
7.506926 7.607500 1.592108 1
-0.777624 2.179000 11.124406 1
7.425399 9.209993 1.594651 1
-0.696097 3.781493 11.121863 1
4.727314 9.112280 4.024777 6
2.001988 3.683780 8.691737 6
5.914220 7.893039 4.157028 6
0.815083 2.464539 8.559486 6
6.573320 7.240533 3.951021 1
0.155982 1.812033 8.765493 1
5.666300 8.032009 5.371456 6
1.063002 2.603509 7.345058 6
6.032624 7.586872 6.126816 1
0.696678 2.158372 6.589698 1
3.993355 9.456447 6.424383 6
2.735947 4.027947 6.292131 6
3.444452 10.206666 6.055604 1
3.284850 4.778166 6.660910 1
4.868188 10.107867 7.486212 6
1.861114 4.679367 5.230302 6
5.417491 10.814658 7.070382 1
1.311811 5.386158 5.646132 1
5.482410 9.424962 7.863892 1
1.246892 3.996462 4.852622 1
4.001786 10.723459 8.642143 6
2.727516 5.294959 4.074371 6
3.535480 0.674220 8.310242 1
3.193822 6.102720 4.406272 1
4.589861 0.136798 9.391146 1
2.139441 5.565298 3.325368 1
2.917315 9.651873 9.168607 6
3.811987 4.223373 3.547907 6
2.352221 10.069867 9.865472 1
4.377081 4.641367 2.851042 1
3.387454 8.881026 9.575535 1
3.341848 3.452526 3.140979 1
1.984777 9.130737 7.957994 6
4.744525 3.702237 4.758520 6
1.313027 8.489088 8.287352 1
5.416276 3.060588 4.429162 1
1.513875 9.896155 7.533263 1
5.215427 4.467655 5.183251 1
2.973588 8.436975 6.916512 6
3.755714 3.008475 5.800002 6
3.439414 7.680242 7.352688 1
3.289888 2.251742 5.363826 1
2.455926 8.083037 6.150978 1
4.273376 2.654536 6.565536 1
