2.175135 12.785662 1.935439 6
1.734165 0.095838 8.815289 6
5.643465 6.344912 4.944411 6
6.084435 6.536588 11.824261 6
2.189990 12.865012 3.165144 8
1.719310 0.016488 10.044994 8
5.628610 6.424262 3.714706 8
6.099290 6.457238 10.594556 8
1.275996 0.598217 1.178931 7
2.633304 12.283283 8.058781 7
6.542604 7.038967 5.700919 7
5.185296 5.842533 12.580769 7
3.167315 11.986493 1.188976 6
0.741985 0.895007 8.068826 6
4.651285 5.545743 5.690874 6
7.076615 7.335757 12.570724 6
4.099292 11.196342 1.865265 6
7.628608 1.685158 8.745115 6
3.719308 4.755592 5.014585 6
0.189992 8.125908 11.894435 6
4.057853 11.194024 2.848258 1
7.670047 1.687477 9.728108 1
3.760747 4.753274 4.031592 1
0.148553 8.128227 10.911442 1
5.053943 10.480517 1.178931 6
6.673957 2.400983 8.058781 6
2.764657 4.039767 5.700919 6
1.144643 8.841733 12.580769 6
5.699759 9.905874 1.651164 1
6.028141 2.975627 8.531014 1
2.118841 3.465124 5.228686 1
1.790459 9.416377 12.108536 1
5.085217 10.556389 13.541334 6
6.642683 2.325111 6.661484 6
2.733383 4.115639 7.098216 6
1.175917 8.765861 0.218366 6
5.754490 10.124859 13.044196 1
5.973410 2.756641 6.164346 1
2.064110 3.684109 7.595354 1
1.845190 9.197391 0.715504 1
4.191551 11.343449 12.852385 6
7.536349 1.538051 5.972535 6
3.627049 4.902699 7.787165 6
0.282251 7.978801 0.907315 6
4.182951 11.413009 11.888381 1
7.544949 1.468491 5.008531 1
3.635649 4.972259 8.751169 1
0.273651 7.909241 1.871319 1
3.216572 12.069966 13.546287 6
0.692728 0.811535 6.666437 6
4.602028 5.629215 7.093263 6
7.125872 7.252285 0.213413 6
2.410474 0.179053 12.874951 7
1.498826 12.702447 5.995101 7
5.408126 6.619803 7.764599 7
6.319774 6.261697 0.884749 7
2.693508 0.575803 12.142935 1
1.215792 12.305697 5.263085 1
5.125092 7.016553 8.496615 1
6.602808 5.864947 1.616765 1
1.115714 0.498514 13.450107 6
2.793586 12.382986 6.570257 6
6.702886 6.939264 7.189443 6
5.025014 5.942236 0.309593 6
0.817044 1.386049 13.097858 1
3.092256 11.495451 6.218008 1
7.001556 7.826799 7.541692 1
4.726344 5.054701 0.661842 1
0.068804 12.337901 13.101986 6
3.840496 0.543599 6.222136 6
7.749796 5.897151 7.537564 6
3.978104 6.984349 0.657714 6
0.292416 11.490298 13.542297 1
3.616884 1.391202 6.662447 1
7.526184 5.049548 7.097253 1
4.201716 7.831952 0.217403 1
0.047693 12.206509 12.131927 1
3.861607 0.674991 5.252077 1
7.770907 5.765759 8.507623 1
3.956993 7.115741 1.627773 1
7.007811 12.641904 13.410204 1
4.720089 0.239596 6.530354 1
0.810789 6.201154 7.229346 1
3.098511 6.680346 0.349496 1
2.203281 12.617429 12.947878 7
1.706019 0.264071 6.068028 7
5.615319 6.176679 7.691672 7
6.112581 6.704821 0.811822 7
2.285377 0.025763 12.120920 1
1.623923 12.855737 5.241070 1
5.533223 6.466513 8.518630 1
6.194677 6.414987 1.638780 1
0.953087 12.753973 13.631735 6
2.956213 0.127527 6.751885 6
6.865513 6.313223 7.007815 6
4.862387 6.568277 0.127965 6
0.555902 11.854844 0.059167 1
3.353398 1.026656 6.939017 1
7.262698 5.414094 6.820683 1
4.465202 7.467406 13.700533 1
7.817818 0.713635 12.850184 6
3.910082 12.167865 5.970334 6
0.000782 7.154385 7.789366 6
3.908518 5.727115 0.909516 6
6.946044 0.721364 13.298750 1
4.781856 12.160136 6.418900 1
0.872556 7.162114 7.340800 1
3.036744 5.719386 0.460950 1
7.717740 0.343936 11.948923 1
4.010160 12.537564 5.069073 1
0.100860 6.784686 8.690627 1
3.808440 6.096814 1.810777 1
0.344018 1.629510 12.792393 1
3.565282 11.251990 5.912543 1
7.474582 8.070260 7.847157 1
4.253318 4.811240 0.967307 1
0.234558 1.322930 1.845038 6
3.674742 11.558570 8.724888 6
7.584042 7.763680 5.034812 6
4.143858 5.117820 11.914662 6
0.361219 2.697386 2.083769 6
3.548081 10.184114 8.963619 6
7.457381 9.138136 4.796081 6
4.270519 3.743364 11.675931 6
7.120399 3.381394 2.672134 6
4.607501 9.500106 9.551984 6
0.698201 9.822144 4.207716 6
3.211099 3.059356 11.087566 6
7.146200 4.238014 2.806979 1
4.581700 8.643487 9.686829 1
0.672400 10.678764 4.072871 1
3.236900 2.202737 10.952721 1
5.947609 2.725725 2.994111 6
5.780291 10.155775 9.873961 6
1.870991 9.166475 3.885739 6
2.038309 3.715025 10.765589 6
5.191550 3.233257 3.343607 1
6.536350 9.648244 10.223457 1
2.627050 9.674007 3.536243 1
1.282250 3.207493 10.416093 1
5.823293 1.366727 2.766112 6
5.904607 11.514773 9.645962 6
1.995307 7.807477 4.113738 6
1.913993 5.074023 10.993588 6
5.066453 0.901705 2.958336 1
6.661447 11.979795 9.838185 1
2.752147 7.342455 3.921515 1
1.157153 5.539045 10.801365 1
6.878022 0.653092 2.205818 6
4.849878 12.228408 9.085668 6
0.940578 7.093842 4.674032 6
2.968722 5.787658 11.553882 6
6.825638 12.623870 2.036436 1
4.902262 0.257630 8.916286 1
0.992962 6.183120 4.843414 1
2.916338 6.698380 11.723264 1
1.590303 3.423903 1.707854 6
2.318997 9.457597 8.587704 6
6.228297 9.864653 5.171996 6
5.499603 3.016847 12.051846 6
1.566066 4.713470 2.097529 9
2.343234 8.168030 8.977379 9
6.252534 11.154220 4.782321 9
5.475366 1.727280 11.662171 9
2.703672 2.903104 2.259343 9
1.205628 9.978396 9.139193 9
5.114928 9.343854 4.620507 9
6.612972 3.537646 11.500357 9
1.790459 3.443354 0.383208 9
2.118841 9.438146 7.263058 9
6.028141 9.884104 6.496642 9
5.699759 2.997396 13.376492 9
