7.270786 10.891559 15.853034 16
3.678314 3.452841 5.625534 16
0.028614 3.719359 14.829466 16
3.621086 10.625041 4.601966 16
6.517634 14.069992 17.648574 7
4.431466 0.274408 7.421074 7
0.781766 6.897792 13.033926 7
2.867934 7.446608 2.806426 7
1.255497 10.382190 15.482594 8
2.394203 3.962210 5.255094 8
6.043903 3.209990 15.199906 8
4.905197 11.134410 4.972406 8
6.624206 11.807736 14.964673 8
4.324895 2.536664 4.737173 8
0.675195 4.635536 15.717827 8
2.974505 9.708864 5.490327 8
5.178194 12.256142 17.575550 8
5.770906 2.088258 7.348050 8
2.121206 5.083942 13.106950 8
1.528494 9.260458 2.879450 8
1.215350 13.092421 19.611027 8
2.434350 1.251979 9.383527 8
6.084050 5.920221 11.071473 8
4.865050 8.424179 0.843973 8
1.217540 9.934214 18.560253 8
2.432160 4.410186 8.332753 8
6.081860 2.762014 12.122247 8
4.867240 11.582386 1.894747 8
0.203653 11.785502 17.466729 6
3.446047 2.558898 7.239229 6
7.095747 4.613302 13.215771 6
3.853353 9.731098 2.988271 6
6.305952 12.717028 17.588436 6
4.643148 1.627372 7.360936 6
0.993448 5.544828 13.094064 6
2.656252 8.799572 2.866564 6
0.483220 0.301950 17.916330 6
3.166480 14.042450 7.688830 6
6.816180 7.474150 12.766170 6
4.132920 6.870250 2.538670 6
1.522655 13.659742 18.343430 6
2.127045 0.684658 8.115930 6
5.776745 6.487542 12.339070 6
5.172355 7.856858 2.111570 6
2.400773 14.093373 18.376772 1
1.248927 0.251027 8.149272 1
4.898627 6.921173 12.305728 1
6.050473 7.423227 2.078228 1
1.557692 12.498276 17.365272 6
2.092008 1.846124 7.137772 6
5.741708 5.326076 13.317228 6
5.207392 9.018324 3.089728 6
2.277413 11.888639 17.591300 1
1.372287 2.455761 7.363800 1
5.021987 4.716439 13.091200 1
5.927113 9.627961 2.863700 1
1.701490 12.822459 16.462184 1
1.948210 1.521941 6.234684 1
5.597910 5.650259 14.220316 1
5.351190 8.694141 3.992816 1
5.354840 0.605621 17.551208 6
5.594260 13.738779 7.323708 6
1.944560 7.777821 13.131292 6
1.705140 6.566579 2.903792 6
4.608111 0.103280 17.188336 1
6.340989 14.241120 6.960836 1
2.691289 7.275480 13.494163 1
0.958411 7.068920 3.266663 1
5.554843 1.326857 16.934694 1
5.394257 13.017543 6.707194 1
1.744557 8.499057 13.747806 1
1.905143 5.845343 3.520305 1
4.948993 1.196753 18.889988 6
6.000107 13.147647 8.662488 6
2.350407 8.368953 11.792512 6
1.299293 5.975447 1.565012 6
4.501540 2.489758 18.971194 6
6.447560 11.854642 8.743694 6
2.797860 9.661958 11.711306 6
0.851840 4.682442 1.483806 6
4.464313 3.018062 18.206995 1
6.484787 11.326338 7.979495 1
2.835087 10.190262 12.475504 1
0.814613 4.154138 2.248004 1
4.098613 3.018062 20.209540 6
6.850487 11.326338 9.982040 6
3.200787 10.190262 10.472960 6
0.448913 4.154138 0.245460 6
3.777440 3.890201 20.262723 1
7.171660 10.454199 10.035223 1
3.521961 11.062401 10.419777 1
0.127740 3.281999 0.192277 1
4.178907 2.252071 0.877519 6
6.770194 12.092329 11.105020 6
3.120494 9.424271 9.349980 6
0.529207 4.920129 19.577480 6
3.937296 2.612115 1.699810 1
7.011804 11.732285 11.927310 1
3.362104 9.784315 8.527689 1
0.287596 4.560085 18.755190 1
4.605191 0.981157 0.803881 6
6.343909 13.363243 11.031381 6
2.694209 8.153357 9.423618 6
0.955491 6.191043 19.651118 6
4.640959 0.460455 1.572989 1
6.308141 13.883945 11.800489 1
2.658441 7.632655 8.654511 1
0.991259 6.711745 18.882010 1
4.990600 0.444676 20.048968 6
5.958500 13.899724 9.821468 6
2.308800 7.616876 10.633532 6
1.340900 6.727524 0.406032 6
5.282576 13.906896 20.011126 1
5.666524 0.437504 9.783626 1
2.016824 6.734696 10.671373 1
1.632876 7.609704 0.443873 1
0.716801 1.600261 17.869488 6
2.932899 12.744139 7.641988 6
6.582599 8.772461 12.813012 6
4.366501 5.571939 2.585512 6
0.030657 2.188955 17.650619 1
3.619043 12.155445 7.423119 1
7.268743 9.361155 13.031880 1
3.680357 4.983245 2.804380 1
1.567911 1.926453 18.053583 1
2.081789 12.417947 7.826083 1
5.731489 9.098653 12.628917 1
5.217611 5.245747 2.401417 1
1.223379 14.008741 0.249346 6
2.426321 0.335659 10.476846 6
6.076021 6.836541 9.978154 6
4.873079 7.507859 20.205654 6
1.010967 13.541114 1.059569 1
2.638733 0.803286 11.287069 1
6.288433 6.368914 9.167931 1
4.660667 7.975486 19.395431 1
0.571543 0.351438 0.096139 1
3.078157 13.992962 10.323638 1
6.727857 7.523638 10.131361 1
4.221243 6.820762 20.358861 1
2.094198 0.061681 0.327280 1
1.555502 14.282719 10.554780 1
5.205202 7.233881 9.900220 1
5.743898 7.110519 20.127720 1
0.294166 10.699488 18.593390 6
3.355534 3.644912 8.365890 6
7.005234 3.527288 12.089110 6
3.943866 10.817112 1.861610 6
6.530773 10.636373 19.633323 6
4.418327 3.708027 9.405823 6
0.768627 3.464173 11.049177 6
2.881073 10.880227 0.821677 6
6.724937 9.923456 20.246359 1
4.224163 4.420944 10.018859 1
0.574463 2.751256 10.436141 1
3.075237 11.593144 0.208641 1
5.682583 10.477150 19.213382 1
5.266517 3.867250 8.985881 1
1.616817 3.304950 11.469118 1
2.032883 11.039450 1.241618 1
6.500846 11.468348 20.111356 1
4.448254 2.876052 9.883856 1
0.798554 4.296148 10.571144 1
2.851146 10.048252 0.343644 1
6.209600 9.521813 16.148404 6
4.739500 4.822587 5.920904 6
1.089800 2.349613 14.534096 6
2.559900 11.994787 4.306596 6
6.759974 8.281452 16.438456 6
4.189126 6.062948 6.210956 6
0.539426 1.109252 14.244044 6
3.110274 13.235148 4.016544 6
0.383219 8.186349 16.505139 1
3.266482 6.158051 6.277639 1
6.916182 1.014149 14.177361 1
4.032919 13.330251 3.949860 1
5.938062 7.192856 16.626642 6
5.011038 7.151544 6.399142 6
1.361338 0.020656 14.055858 6
2.288362 14.323744 3.828358 6
6.311791 6.363176 16.820146 1
4.637309 7.981224 6.592646 1
0.987609 13.535376 13.862353 1
2.662091 0.809024 3.634853 1
4.557745 7.318083 16.530504 6
6.391355 7.026317 6.303004 6
2.741655 0.145883 14.151996 6
0.908045 14.198517 3.924496 6
4.025619 8.560594 16.237179 6
6.923481 5.783806 6.009679 6
3.273781 1.388394 14.445321 6
0.375919 12.956006 4.217821 6
3.102975 8.652542 16.169677 1
0.546725 5.691858 5.942177 1
4.196425 1.480342 14.512822 1
6.752675 12.864058 4.285322 1
4.824903 9.663822 16.043675 6
6.124197 4.680578 5.816175 6
2.474497 2.491622 14.638825 6
1.175203 11.852778 4.411325 6
4.448254 10.491494 15.846488 1
6.500846 3.852906 5.618988 1
2.851146 3.319294 14.836011 1
0.798554 11.025106 4.608511 1
3.669408 6.109280 16.727894 6
7.279692 8.235120 6.500394 6
3.629992 13.281480 13.954606 6
0.019708 1.062920 3.727106 6
4.211754 5.343289 16.930604 1
6.737346 9.001111 6.703103 1
3.087646 12.515489 13.751896 1
0.562054 1.828911 3.524396 1
3.169399 5.944319 15.924217 1
0.480301 8.400081 5.696717 1
4.130001 13.116519 14.758282 1
6.819099 1.227881 4.530782 1
3.062828 6.272806 17.454251 1
0.586872 8.071594 7.226751 1
4.236572 13.445006 13.228248 1
6.712528 0.899394 3.000748 1
