2.121341 5.743171 0.374523 8
2.228408 1.682671 6.356654 8
6.578156 2.377829 13.087831 8
6.471089 6.438329 7.105699 8
8.928999 0.879504 11.239584 8
4.120245 4.940004 8.953946 8
-0.229503 7.241496 2.222769 8
4.579251 3.180996 4.508407 8
1.817432 0.440970 0.069870 8
2.532316 4.501470 6.661307 8
6.882064 7.680030 13.392484 8
6.167181 3.619530 6.801046 8
-2.592685 7.588262 12.651920 7
2.974630 3.527762 7.541610 7
11.292181 0.532738 0.810434 7
5.724867 4.593238 5.920743 7
-2.487632 6.231243 12.948764 6
2.869577 2.170743 7.244765 6
11.187129 1.889757 0.513589 6
5.829920 5.950257 6.217588 6
-3.325529 5.584812 11.895201 6
3.707474 1.524312 8.298329 6
12.025026 2.536188 1.567153 6
4.992023 6.596688 5.164024 6
9.093423 4.244847 11.661629 6
3.955822 0.184347 8.531901 6
-0.393927 3.876153 1.800724 6
4.743675 7.936653 4.930452 6
-3.190911 3.570804 12.210354 1
3.572855 7.631304 7.983175 1
11.890407 4.550196 1.251999 1
5.126641 0.489696 5.479178 1
8.266032 3.920007 10.596487 6
4.783213 7.980507 9.597042 6
0.433465 4.200993 2.865866 6
3.916284 0.140493 3.865311 6
8.071077 3.006394 10.419861 1
4.978168 7.066894 9.773668 1
0.628419 5.114606 3.042492 1
3.721329 1.054106 3.688685 1
7.717110 4.905084 9.781342 6
5.332135 0.844584 10.412188 6
0.982387 3.215916 3.681011 6
3.367361 7.276416 3.050165 6
7.155616 4.654957 9.056125 1
5.893628 0.594457 11.137405 1
1.543880 3.466043 4.406228 1
2.805868 7.526543 2.324948 1
7.978448 6.249110 10.016395 6
5.070796 2.188609 10.177135 6
0.721048 1.871891 3.445959 6
3.628700 5.932391 3.285218 6
7.612944 6.926401 9.459996 1
5.436300 2.865901 10.733534 1
1.086552 1.194599 4.002358 1
3.263196 5.255099 2.728819 1
8.786835 6.563392 11.085844 6
4.262409 2.502892 9.107686 6
-0.087339 1.557608 2.376509 6
4.437087 5.618108 4.354667 6
9.205810 7.893612 11.598356 6
3.843435 3.833112 8.595174 6
-0.506313 0.227388 1.863997 6
4.856061 4.287888 4.867179 6
-0.997239 1.157243 12.997902 6
1.379184 5.217743 7.195628 6
9.696736 6.963757 0.464451 6
7.320312 2.903257 6.266725 6
-1.257119 1.598213 12.139004 1
1.639064 5.658713 8.054526 1
9.956616 6.522787 1.323349 1
7.060433 2.462287 5.407827 1
0.162623 0.251751 12.750195 6
0.219322 4.312251 7.443335 6
8.536874 7.869249 0.712158 6
8.480174 3.808749 6.019018 6
0.257104 7.590699 13.280611 1
0.124841 3.530199 6.912918 1
8.442393 0.530301 0.181742 1
8.574655 4.590801 6.549435 1
1.066210 0.501878 11.811869 6
-0.684265 4.562378 8.381661 6
7.633287 7.619122 1.650484 6
9.383762 3.558622 5.080692 6
1.815045 8.040602 11.755327 1
-1.433100 3.980102 8.438203 1
6.884452 0.080398 1.707026 1
10.132596 4.140898 5.024150 1
0.994597 1.632321 10.838541 6
-0.612653 5.692821 9.354989 6
7.704899 6.488679 2.623813 6
9.312149 2.428179 4.107364 6
0.054251 1.736270 10.547754 1
0.327694 5.796770 9.645776 1
8.645246 6.384730 2.914599 1
8.371802 2.324230 3.816577 1
1.526700 1.391127 10.038877 1
-1.144755 5.451627 10.154653 1
7.172797 6.729873 3.423476 1
9.844252 2.669373 3.307700 1
1.490479 2.977971 11.360880 6
-1.108535 7.038471 8.832650 6
7.209017 5.143029 2.101473 6
9.808031 1.082529 4.629703 6
2.374207 2.835853 11.783598 1
-1.992263 6.896353 8.409932 1
6.325289 5.285147 1.678755 1
10.691759 1.224647 5.052421 1
1.629484 3.576488 10.584102 1
-1.247539 7.636988 9.609428 1
7.070013 4.544512 2.878251 1
9.947035 0.484012 3.852925 1
0.599042 3.699928 12.361133 6
-0.217097 7.760428 7.832397 6
8.100455 4.421072 1.101220 6
8.916593 0.360572 5.629956 6
-0.315041 3.747029 11.985533 1
0.696986 7.807529 8.207997 1
9.014538 4.373971 1.476820 1
8.002510 0.313471 5.254356 1
0.928088 4.628970 12.456715 1
-0.546143 0.568470 7.736814 1
7.771408 3.492030 1.005638 1
9.245640 7.552530 5.725539 1
4.483940 3.069738 0.297518 6
-0.134192 7.130238 6.433659 6
4.215556 5.051262 13.164835 6
8.833688 0.990762 7.028695 6
5.284898 2.502892 0.429449 1
-0.935149 6.563392 6.301728 1
3.414599 5.618108 13.032904 1
9.634646 1.557608 7.160626 1
4.521955 3.796568 0.967943 1
-0.172207 7.857068 5.763233 1
4.177541 4.324433 12.494410 1
8.871703 0.263932 7.699120 1
3.251616 2.227590 0.576189 6
1.098132 6.288090 6.154988 6
5.447881 5.893410 12.886164 6
7.601364 1.832910 7.307365 6
2.465649 2.826920 0.634077 1
1.884099 6.887420 6.097100 1
6.233847 5.294080 12.828276 1
6.815397 1.233580 7.365253 1
3.360343 1.791493 1.457973 1
0.989405 5.851993 5.273204 1
5.339153 6.329507 12.004380 1
7.710091 2.269007 8.189149 1
-0.936818 1.039488 12.977708 6
1.318763 5.099988 7.215821 6
9.636315 7.081512 0.484645 6
7.380734 3.021012 6.246532 6
-0.138927 0.479951 13.193106 1
0.520871 4.540451 7.000424 1
8.838423 7.641049 0.269247 1
8.178625 3.580549 6.461930 1
-0.870915 1.526748 11.550699 6
1.252860 5.587248 8.642831 6
9.570412 6.594252 1.911654 6
7.446636 2.533752 4.819522 6
-1.660814 1.810171 11.110480 1
2.042759 5.870671 9.083050 1
10.360311 6.310829 2.351873 1
6.656738 2.250329 4.379303 1
0.269587 1.567353 10.904506 6
0.112358 5.627853 9.289024 6
8.429910 6.553647 2.557847 6
8.587138 2.493147 4.173329 6
0.288326 1.920616 10.020029 1
0.093619 5.981116 10.173500 1
8.411171 6.200384 3.442324 1
8.605878 2.139884 3.288853 1
1.551743 1.063851 11.496850 6
-1.169798 5.124351 8.696680 6
7.147754 7.057149 1.965504 6
9.869295 2.996649 4.765673 6
2.193686 0.872195 10.767190 1
-1.811741 4.932695 9.426340 1
6.505811 7.248805 2.695163 1
10.511237 3.188305 4.036013 1
1.376211 0.212770 11.972071 1
-0.994266 4.273270 8.221459 1
7.323286 7.908230 1.490282 1
9.693763 3.847730 5.240894 1
2.203441 2.030250 12.466139 6
-1.821496 6.090750 7.727391 6
6.496055 6.090750 0.996214 6
10.520993 2.030250 5.734962 6
3.022504 2.411937 12.059576 1
10.026741 6.472437 8.133954 1
5.676993 5.709063 1.402777 1
-1.327244 1.648563 5.328399 1
2.471974 1.545426 13.291381 1
10.577271 5.605926 6.902148 1
6.227523 6.575574 0.170972 1
-1.877775 2.515074 6.560205 1
1.234934 3.167190 12.829623 6
-0.852989 7.227690 7.363907 6
7.464562 4.953810 0.632731 6
9.552486 0.893310 6.098446 6
1.736608 4.005277 12.988478 1
-1.354663 8.065777 7.205051 1
6.962888 4.115723 0.473875 1
10.054160 0.055223 6.257302 1
0.602638 3.323113 12.082462 1
-0.220693 7.383613 8.111068 1
8.096859 4.797887 1.379891 1
8.920190 0.737387 5.351285 1
4.415711 2.809866 0.619268 6
-0.065963 6.870366 6.111908 6
4.283785 5.311134 12.843085 6
8.765459 1.250634 7.350445 6
4.362428 3.615469 1.195457 1
-0.012680 7.675969 5.535720 1
4.337068 4.505531 12.266896 1
8.712176 0.445031 7.926634 1
4.916598 2.120393 1.116029 1
-0.566850 6.180893 5.615148 1
3.782898 6.000607 12.346324 1
9.266346 1.940107 7.847206 1
3.005057 2.306364 0.376946 6
1.344691 6.366864 6.354231 6
5.694439 5.814636 13.085407 6
7.354806 1.754136 7.108122 6
-1.487487 3.005582 13.376194 1
1.869432 7.066082 6.817336 1
10.186983 5.115418 0.086159 1
6.830065 1.054918 6.645018 1
2.572906 2.108212 1.237190 1
1.776842 6.168712 5.493986 1
6.126591 6.012788 12.225163 1
6.922654 1.952288 7.968367 1
