0.694798 6.838963 4.246357 6
7.934852 6.838963 7.504687 6
6.245648 0.888313 4.246357 6
2.384002 0.888313 7.504687 6
5.462802 5.062337 19.255731 6
-1.777251 5.062337 15.997401 6
-0.088048 11.012987 19.255731 6
3.773599 11.012987 15.997401 6
0.496641 5.710244 3.444701 6
8.133009 5.710244 8.306343 6
6.047491 11.660894 3.444701 6
2.582159 11.660894 8.306343 6
5.660959 6.191056 20.057387 6
-1.975408 6.191056 15.195745 6
0.110109 0.240406 20.057387 6
3.575442 0.240406 15.195745 6
0.390890 4.470009 4.085133 6
8.238760 4.470009 7.665911 6
5.941740 10.420659 4.085133 6
2.687910 10.420659 7.665911 6
5.766711 7.431291 19.416955 6
-2.081160 7.431291 15.836177 6
0.215861 1.480641 19.416955 6
3.469690 1.480641 15.836177 6
0.280591 3.687023 3.558216 1
8.349059 3.687023 8.192828 1
5.831441 9.637673 3.558216 1
2.798209 9.637673 8.192828 1
5.877010 8.214277 19.943872 1
-2.191459 8.214277 15.309260 1
0.326160 2.263627 19.943872 1
3.359391 2.263627 15.309260 1
0.442545 4.354686 5.458125 6
8.187105 4.354686 6.292919 6
5.993395 10.305336 5.458125 6
2.636255 10.305336 6.292919 6
5.715056 7.546614 18.043963 6
-2.029505 7.546614 17.209169 6
0.164206 1.595964 18.043963 6
3.521345 1.595964 17.209169 6
0.362377 3.500172 5.866121 1
8.267273 3.500172 5.884923 1
5.913227 9.450822 5.866121 1
2.716423 9.450822 5.884923 1
5.795223 8.401128 17.635967 1
-2.109672 8.401128 17.617165 1
0.244373 2.450478 17.635967 1
3.441178 2.450478 17.617165 1
0.611141 5.481739 6.243565 6
8.018509 5.481739 5.507479 6
6.161991 11.432389 6.243565 6
2.467659 11.432389 5.507479 6
5.546459 6.419561 17.258524 6
-1.860908 6.419561 17.994609 6
-0.004391 0.468911 17.258524 6
3.689942 0.468911 17.994609 6
0.635285 5.407951 7.191639 1
7.994366 5.407951 4.559405 1
6.186135 11.358601 7.191639 1
2.443516 11.358601 4.559405 1
5.522316 6.493349 16.310449 1
-1.836765 6.493349 18.942683 1
-0.028534 0.542699 16.310449 1
3.714085 0.542699 18.942683 1
0.744276 6.715547 5.633921 6
7.885374 6.715547 6.117124 6
6.295126 0.764897 5.633921 6
2.334524 0.764897 6.117124 6
5.413325 5.185753 17.868168 6
-1.727774 5.185753 17.384965 6
-0.137525 11.136403 17.868168 6
3.823076 11.136403 17.384965 6
0.871446 7.490678 6.169298 1
7.758204 7.490678 5.581746 1
6.422296 1.540028 6.169298 1
2.207354 1.540028 5.581746 1
5.286155 4.410622 17.332790 1
-1.600604 4.410622 17.920342 1
-0.264695 10.361272 17.332790 1
3.950246 10.361272 17.920342 1
0.321676 5.779271 1.943858 6
8.307974 5.779271 9.807186 6
5.872526 11.729921 1.943858 6
2.757124 11.729921 9.807186 6
5.835924 6.122029 21.558231 6
-2.150373 6.122029 13.694902 6
0.285074 0.171379 21.558231 6
3.400477 0.171379 13.694902 6
0.773355 6.588560 1.595792 1
7.856295 6.588560 10.155252 1
6.324205 0.637910 1.595792 1
2.305445 0.637910 10.155252 1
5.384245 5.312740 21.906296 1
-1.698694 5.312740 13.346836 1
-0.166605 11.263390 21.906296 1
3.852156 11.263390 13.346836 1
0.747111 4.989025 1.525286 1
7.882539 4.989025 10.225759 1
6.297961 10.939675 1.525286 1
2.331689 10.939675 10.225759 1
5.410489 6.912275 21.976803 1
-1.724938 6.912275 13.276330 1
-0.140361 0.961625 21.976803 1
3.825912 0.961625 13.276330 1
9.964181 5.819498 1.568059 6
-1.334531 5.819498 10.182985 6
4.413331 11.770148 1.568059 6
4.216319 11.770148 10.182985 6
-3.806580 6.081802 21.934029 6
7.492131 6.081802 13.319103 6
1.744270 0.131152 21.934029 6
1.941281 0.131152 13.319103 6
9.478059 5.005687 1.633395 1
-0.848409 5.005687 10.117649 1
3.927209 10.956337 1.633395 1
4.702441 10.956337 10.117649 1
-3.320458 6.895613 21.868693 1
7.006009 6.895613 13.384439 1
2.230392 0.944963 21.868693 1
1.455159 0.944963 13.384439 1
9.298194 6.889782 1.153247 6
-0.668544 6.889782 10.597797 6
3.747344 0.939132 1.153247 6
4.882306 0.939132 10.597797 6
-3.140593 5.011518 22.348841 6
6.826144 5.011518 12.904292 6
2.410257 10.962168 22.348841 6
1.275294 10.962168 12.904292 6
8.391882 6.749227 0.907181 1
0.237768 6.749227 10.843864 1
2.841032 0.798577 0.907181 1
5.788618 0.798577 10.843864 1
-2.234281 5.152073 22.594908 1
5.919832 5.152073 12.658225 1
3.316569 11.102723 22.594908 1
0.368982 11.102723 12.658225 1
9.807618 8.291874 1.027276 6
-1.177968 8.291874 10.723768 6
4.256768 2.341224 1.027276 6
4.372882 2.341224 10.723768 6
-3.650018 3.609426 22.474812 6
7.335569 3.609426 12.778320 6
1.900832 9.560076 22.474812 6
1.784719 9.560076 12.778320 6
9.603290 8.634393 0.119861 1
-0.973639 8.634393 11.631183 1
4.052440 2.683743 0.119861 1
4.577211 2.683743 11.631183 1
-3.445689 3.266907 23.382228 1
7.131240 3.266907 11.870905 1
2.105161 9.217557 23.382228 1
1.580390 9.217557 11.870905 1
10.790860 8.294016 1.139851 1
-2.161210 8.294016 10.611193 1
5.240010 2.343366 1.139851 1
3.389640 2.343366 10.611193 1
-4.633260 3.607284 22.362237 1
8.318811 3.607284 12.890895 1
0.917590 9.557934 22.362237 1
2.767961 9.557934 12.890895 1
9.176177 9.219342 2.073119 6
-0.546527 9.219342 9.677925 6
3.625327 3.268692 2.073119 6
5.004323 3.268692 9.677925 6
-3.018576 2.681958 21.428969 6
6.704127 2.681958 13.824163 6
2.532274 8.632608 21.428969 6
1.153277 8.632608 13.824163 6
9.518888 10.136337 1.924821 1
-0.889238 10.136337 9.826223 1
3.968038 4.185687 1.924821 1
4.661612 4.185687 9.826223 1
-3.361287 1.764963 21.577267 1
7.046838 1.764963 13.675865 1
2.189563 7.715613 21.577267 1
1.495988 7.715613 13.675865 1
8.197786 9.240169 1.924821 1
0.431865 9.240169 9.826223 1
2.646936 3.289519 1.924821 1
5.982715 3.289519 9.826223 1
-2.040185 2.661131 21.577267 1
5.725736 2.661131 13.675865 1
3.510665 8.611781 21.577267 1
0.174886 8.611781 13.675865 1
9.434745 8.835049 3.526958 6
-0.805095 8.835049 8.224086 6
3.883895 2.884399 3.526958 6
4.745755 2.884399 8.224086 6
-3.277145 3.066251 19.975130 6
6.962696 3.066251 15.278003 6
2.273705 9.016901 19.975130 6
1.411846 9.016901 15.278003 6
8.781180 9.315148 4.096414 1
-0.151530 9.315148 7.654630 1
3.230330 3.364498 4.096414 1
5.399320 3.364498 7.654630 1
-2.623579 2.586152 19.405674 1
6.309130 2.586152 15.847458 1
2.927271 8.536802 19.405674 1
0.758280 8.536802 15.847458 1
9.258630 7.865569 3.626372 1
-0.628980 7.865569 8.124672 1
3.707780 1.914919 3.626372 1
4.921870 1.914919 8.124672 1
-3.101029 4.035731 19.875716 1
6.786580 4.035731 15.377416 1
2.449821 9.986381 19.875716 1
1.235730 9.986381 15.377416 1
-0.270551 9.122108 4.059281 6
8.900201 9.122108 7.691763 6
5.280299 3.171458 4.059281 6
3.349351 3.171458 7.691763 6
6.428151 2.779192 19.442808 6
-2.742600 2.779192 15.810325 6
0.877301 8.729842 19.442808 6
2.808250 8.729842 15.810325 6
0.002352 10.020895 3.746233 1
8.627299 10.020895 8.004811 1
5.553202 4.070245 3.746233 1
3.076449 4.070245 8.004811 1
6.155249 1.880405 19.755855 1
-2.469698 1.880405 15.497277 1
0.604399 7.831055 19.755855 1
3.081152 7.831055 15.497277 1
-0.315958 9.155670 5.048249 1
8.945609 9.155670 6.702796 1
5.234892 3.205020 5.048249 1
3.394759 3.205020 6.702796 1
6.473559 2.745630 18.453840 1
-2.788008 2.745630 16.799293 1
0.922709 8.696280 18.453840 1
2.762842 8.696280 16.799293 1
1.771266 8.579409 2.833412 6
6.858384 8.579409 8.917632 6
7.322116 2.628759 2.833412 6
1.307534 2.628759 8.917632 6
4.386335 3.321891 20.668677 6
-0.700784 3.321891 14.584456 6
-1.164515 9.272541 20.668677 6
4.850066 9.272541 14.584456 6
3.043221 7.789044 2.727182 6
5.586430 7.789044 9.023862 6
8.594071 1.838394 2.727182 6
0.035580 1.838394 9.023862 6
3.114380 4.112256 20.774906 6
0.571171 4.112256 14.478226 6
-2.436470 10.062906 20.774906 6
6.122021 10.062906 14.478226 6
3.671081 7.726205 1.486742 6
4.958569 7.726205 10.264302 6
9.221931 1.775555 1.486742 6
-0.592281 1.775555 10.264302 6
2.486519 4.175095 22.015346 6
1.199032 4.175095 13.237786 6
-3.064331 10.125745 22.015346 6
6.749882 10.125745 13.237786 6
3.234729 8.077412 0.719164 1
5.394921 8.077412 11.031880 1
8.785579 2.126762 0.719164 1
-0.155929 2.126762 11.031880 1
2.922872 3.823888 22.782924 1
0.762679 3.823888 12.470208 1
-2.627978 9.774538 22.782924 1
6.313529 9.774538 12.470208 1
4.928179 7.155181 1.364061 6
3.701471 7.155181 10.386983 6
10.479029 1.204531 1.364061 6
-1.849379 1.204531 10.386983 6
1.229422 4.746119 22.138027 6
2.456129 4.746119 13.115105 6
-4.321428 10.696769 22.138027 6
8.006979 10.696769 13.115105 6
5.344264 7.102696 0.512346 1
3.285387 7.102696 11.238699 1
10.895114 1.152046 0.512346 1
-2.265463 1.152046 11.238699 1
0.813337 4.798604 22.989743 1
2.872214 4.798604 12.263390 1
-4.737513 10.749254 22.989743 1
8.423064 10.749254 12.263390 1
5.578312 6.661634 2.482761 6
3.051339 6.661634 9.268284 6
0.027462 0.710984 2.482761 6
8.602189 0.710984 9.268284 6
0.579289 5.239666 21.019328 6
3.106262 5.239666 14.233805 6
6.130139 11.190316 21.019328 6
-2.444588 11.190316 14.233805 6
6.443761 6.276746 2.399563 1
2.185889 6.276746 9.351481 1
0.892911 0.326096 2.399563 1
7.736739 0.326096 9.351481 1
-0.286161 5.624554 21.102525 1
3.971712 5.624554 14.150607 1
5.264689 11.575204 21.102525 1
-1.579138 11.575204 14.150607 1
4.964687 6.730304 3.719911 6
3.664963 6.730304 8.031134 6
-0.586163 0.779654 3.719911 6
9.215813 0.779654 8.031134 6
1.192914 5.170996 19.782178 6
2.492637 5.170996 15.470955 6
6.743764 11.121646 19.782178 6
-3.058213 11.121646 15.470955 6
5.412510 6.396949 4.488899 1
3.217140 6.396949 7.262145 1
-0.138340 0.446299 4.488899 1
8.767990 0.446299 7.262145 1
0.745090 5.504351 19.013189 1
2.940461 5.504351 16.239943 1
6.295940 11.455001 19.013189 1
-2.610389 11.455001 16.239943 1
3.700977 7.282405 3.844472 6
4.928674 7.282405 7.906573 6
9.251827 1.331755 3.844472 6
-0.622176 1.331755 7.906573 6
2.456624 4.618895 19.657617 6
1.228927 4.618895 15.595516 6
-3.094226 10.569545 19.657617 6
6.779777 10.569545 15.595516 6
3.280773 7.315729 4.695717 1
5.348878 7.315729 7.055327 1
8.831623 1.365079 4.695717 1
-0.201972 1.365079 7.055327 1
2.876828 4.585571 18.806371 1
0.808723 4.585571 16.446761 1
-2.674022 10.536221 18.806371 1
6.359573 10.536221 16.446761 1
0.782905 8.159650 3.677137 7
7.846746 8.159650 8.073907 7
6.333755 2.209000 3.677137 7
2.295896 2.209000 8.073907 7
5.374696 3.741650 19.824952 7
-1.689145 3.741650 15.428181 7
-0.176154 9.692300 19.824952 7
3.861705 9.692300 15.428181 7
1.671931 9.627557 2.193685 8
6.957719 9.627557 9.557359 8
7.222781 3.676907 2.193685 8
1.406869 3.676907 9.557359 8
4.485669 2.273743 21.308403 8
-0.800118 2.273743 13.944729 8
-1.065181 8.224393 21.308403 8
4.750732 8.224393 13.944729 8
