13.072677 2.437910 4.799612 14
0.201374 5.681710 10.607958 14
-0.004082 2.974565 3.412469 8
13.278133 6.218365 11.995101 8
3.656741 1.531074 0.334498 8
9.617309 4.774874 15.073072 8
4.005315 5.820675 0.123723 8
9.268735 2.576875 15.283847 8
3.641726 3.614891 4.665720 8
9.632324 0.371091 10.741850 8
3.971912 1.372127 4.768027 8
9.302138 4.615927 10.639543 8
2.798535 2.225247 3.112175 7
10.475515 5.469047 12.295395 7
0.870862 2.739065 14.185288 9
12.403189 5.982865 1.222283 9
0.541037 4.529642 15.381993 9
12.733013 1.285842 0.025577 9
2.672031 0.929024 2.482776 6
10.602019 4.172824 12.924794 6
1.928831 0.430128 2.855023 1
11.345219 3.673928 12.552547 1
3.484421 0.410016 2.583849 1
9.789629 3.653816 12.823721 1
2.422771 1.277408 1.032461 6
10.851279 4.521208 14.375109 6
1.900303 0.579343 0.585488 1
11.373747 3.823143 14.822082 1
1.662137 2.572333 1.089315 6
11.611913 5.816133 14.318255 6
0.712381 2.357594 1.195627 1
12.561669 5.601394 14.211943 1
2.129532 3.295701 2.370763 6
11.144518 0.051901 13.036807 6
2.781789 3.988576 2.137030 1
10.492262 0.744776 13.270540 1
0.983330 3.919808 3.143144 6
12.290720 0.676008 12.264426 6
1.315008 4.287006 3.976694 1
11.959042 1.043206 11.430876 1
0.602007 4.645770 2.623909 1
12.672043 1.401970 12.783661 1
1.325877 3.415073 15.271983 6
11.948173 0.171273 0.135587 6
2.263650 3.671333 15.144101 1
11.010400 0.427533 0.263469 1
3.838716 0.466458 15.264280 6
9.435334 3.710258 0.143290 6
4.971080 0.848578 14.406078 6
8.302970 4.092378 1.001492 6
5.100505 2.104577 13.869895 6
8.173545 5.348377 1.537675 6
4.466030 2.755932 14.062489 1
8.808021 5.999732 1.345081 1
6.162910 2.406251 13.050212 6
7.111140 5.650051 2.357358 6
6.240264 3.258721 12.685052 1
7.033786 0.014921 2.722518 1
7.095651 1.464900 12.774416 6
6.178399 4.708700 2.633154 6
7.811511 1.675098 12.219744 1
5.462540 4.918898 3.187826 1
6.995537 0.224471 13.296733 6
6.278513 3.468271 2.110837 6
7.650403 6.078232 13.111842 1
5.623648 2.834432 2.295728 1
5.928062 6.382501 14.102549 6
7.345988 3.138701 1.305021 6
5.851474 5.520299 14.443056 1
7.422577 2.276499 0.964514 1
3.496210 2.489941 4.241088 6
9.777840 5.733741 11.166482 6
4.738973 1.374074 6.027441 6
8.535078 4.617874 9.380129 6
6.030226 2.153883 5.765513 6
7.243825 5.397683 9.642057 6
6.408325 1.878160 4.927341 1
6.865725 5.121960 10.480229 1
6.657383 1.980016 6.472720 1
6.616667 5.223816 8.934850 1
5.835848 3.093936 5.736238 1
7.438202 6.337736 9.671332 1
4.991766 6.412993 6.257014 6
8.282284 3.169193 9.150556 6
4.175940 5.921881 6.133754 1
9.098110 2.678081 9.273816 1
5.311856 6.281943 7.153735 1
7.962195 3.038143 8.253835 1
5.652019 6.099642 5.633008 1
7.622031 2.855842 9.774562 1
3.916828 1.990396 7.126001 6
9.357222 5.234196 8.281569 6
3.845687 2.936288 6.981170 1
9.428363 6.180088 8.426400 1
4.340266 1.826908 7.971877 1
8.933785 5.070708 7.435693 1
3.039364 1.600491 7.127542 1
10.234686 4.844291 8.280028 1
13.571360 0.664979 5.038275 6
-0.297309 3.908779 10.369295 6
13.353816 0.162190 4.249408 1
-0.079765 3.405990 11.158162 1
13.102374 0.299078 5.791706 1
0.171676 3.542878 9.615864 1
0.765510 0.616971 5.196973 1
12.508540 3.860771 10.210597 1
-0.056430 3.437779 6.244688 6
13.330480 0.193979 9.162882 6
0.894089 3.324246 6.326348 1
12.379962 0.080446 9.081222 1
13.268190 3.138052 7.050504 1
0.005860 6.381852 8.357066 1
13.495707 4.365506 6.101398 1
-0.221656 1.121706 9.306172 1
11.211778 2.605420 4.583752 6
2.062272 5.849220 10.823818 6
10.773517 1.816528 3.329576 6
2.500534 5.060328 12.077994 6
11.086394 0.911508 3.395828 1
2.187657 4.155308 12.011742 1
11.145768 2.227842 2.546871 1
2.128282 5.471642 12.860699 1
9.815452 1.819772 3.269486 1
3.458599 5.063572 12.138084 1
10.831682 4.059291 4.423513 6
2.442368 0.815491 10.984057 6
9.889201 4.128060 4.260193 1
3.384850 0.884260 11.147377 1
11.312662 4.435572 3.682409 1
1.961388 1.191772 11.725161 1
11.054344 4.538725 5.224707 1
2.219706 1.294925 10.182863 1
10.502798 1.988449 5.802491 6
2.771252 5.232249 9.605079 6
9.552387 2.024131 5.673067 1
3.721663 5.267931 9.734503 1
10.736797 2.482156 6.592899 1
2.537253 5.725956 8.814671 1
10.777442 1.074347 5.904181 1
2.496608 4.318147 9.503389 1
