6.969282 12.794315 2.038745 6
0.307953 5.039715 10.000613 6
7.702903 12.151458 2.257380 1
-0.425668 4.396858 9.781979 1
6.913857 13.880579 3.146968 6
0.363377 6.125979 8.892391 6
7.831041 13.989298 3.529940 1
-0.553806 6.234698 8.509419 1
6.535164 15.174977 2.421235 6
0.742070 7.420377 9.618123 6
5.551442 15.271909 2.370550 1
1.725792 7.517309 9.668809 1
6.908199 0.452869 2.893058 1
0.369035 8.207469 9.146301 1
7.132905 15.051834 1.030569 6
0.144329 7.297234 11.008789 6
6.494790 15.368066 0.341918 1
0.782445 7.613466 11.697441 1
7.970785 0.063588 0.957129 1
-0.693551 7.818188 11.082229 1
0.887855 12.514063 10.604267 6
6.389380 4.759463 1.435092 6
0.428071 11.212686 10.630392 6
6.849163 3.458086 1.408966 6
0.902219 10.540052 11.103900 1
6.375016 2.785452 0.935458 1
-0.743160 10.909481 9.948122 6
8.020395 3.154881 2.091237 6
-1.073663 10.018943 9.962569 1
8.350898 2.264343 2.076789 1
-1.438461 11.880512 9.243819 6
8.715696 4.125912 2.795539 6
-0.932239 13.177702 9.214925 6
8.209474 5.423102 2.824433 6
-1.388136 13.846614 8.718903 1
8.665370 6.092014 3.320455 1
0.222221 13.505256 9.899964 6
7.055014 5.750656 2.139394 6
0.556031 14.395639 9.886721 1
6.721203 6.641039 2.152637 1
-2.726309 11.549701 8.532293 6
10.003544 3.795101 3.507065 6
-3.444710 11.441137 9.189642 1
10.721944 3.686537 2.849716 1
-2.615887 10.715306 8.027844 1
9.893122 2.960706 4.011514 1
-2.955728 12.275532 7.915878 1
10.232963 4.520932 4.123480 1
5.682517 12.005206 1.802533 6
1.594718 4.250606 10.236826 6
5.718396 10.626439 1.966027 6
1.558839 2.871839 10.073331 6
6.527696 10.201952 2.227281 1
0.749538 2.447352 9.812077 1
4.571550 9.862300 1.748115 6
2.705684 2.107700 10.291244 6
4.607313 8.920892 1.864897 1
2.669922 1.166292 10.174462 1
3.400712 10.451650 1.368875 6
3.876522 2.697050 10.670483 6
2.621453 9.927439 1.225607 1
4.655782 2.172839 10.813752 1
3.360414 11.836621 1.195508 6
3.916821 4.082021 10.843850 6
2.551510 12.258472 0.930642 1
4.725725 4.503872 11.108716 1
4.497899 12.599364 1.408605 6
2.779336 4.844764 10.630754 6
4.463492 13.541083 1.283396 1
2.813743 5.786483 10.755963 1
5.947814 13.610564 4.284687 6
1.329421 5.855964 7.754671 6
5.521403 12.590834 6.504023 6
1.755831 4.836234 5.535336 6
5.226778 13.503860 6.784178 1
2.050456 5.749260 5.255180 1
6.594629 12.080736 7.468014 6
0.682606 4.326136 4.571344 6
6.965067 12.824557 8.006173 1
0.312168 5.069957 4.033185 1
6.220785 11.397711 8.080817 1
1.056449 3.643111 3.958541 1
7.513934 11.997297 5.384242 6
-0.236699 4.242697 6.655117 6
4.322724 11.688043 6.390491 6
2.954511 3.933443 5.648867 6
4.143030 10.814565 5.345475 6
3.134204 3.059965 6.693883 6
4.775964 10.794403 4.636357 1
2.501270 3.039803 7.403002 1
3.050606 9.958457 5.309357 6
4.226628 2.203857 6.730001 6
2.946428 9.355149 4.582180 1
4.330807 1.600549 7.457179 1
2.122748 9.978619 6.315847 6
5.154486 2.224019 5.723511 6
1.381038 9.383066 6.296584 1
5.896196 1.628466 5.742774 1
2.271835 10.867296 7.358456 6
5.005399 3.112696 4.680903 6
1.621536 10.895213 8.049515 1
5.655699 3.140613 3.989843 1
3.358472 11.715650 7.404205 6
3.918763 3.961050 4.635153 6
3.452166 12.323610 8.128975 1
3.825068 4.569010 3.910384 1
7.390037 13.616457 0.889829 7
-0.112802 5.861857 11.149529 7
6.311480 12.686836 5.270229 7
0.965754 4.932236 6.769129 7
2.953189 14.045132 10.842405 8
4.324046 6.290532 1.196953 8
3.029539 11.791490 11.873938 8
4.247695 4.036890 0.165421 8
4.900390 14.192624 4.409656 8
2.376844 6.438024 7.629703 8
7.612468 11.504880 6.620202 8
-0.335233 3.750280 5.419156 8
8.337121 11.800175 4.530651 8
-1.059886 4.045575 7.508707 8
2.304042 12.979805 11.551162 16
4.973192 5.225205 0.488196 16
-3.798012 0.829122 8.649316 6
11.075247 8.583722 3.390043 6
-2.918191 0.353610 8.658707 1
10.195426 8.108210 3.380652 1
-3.624154 2.246353 9.301849 6
10.901389 10.000953 2.737509 6
-2.656691 2.498532 9.272714 1
9.933926 10.253132 2.766645 1
8.493695 3.189157 8.392637 6
-1.216461 10.943757 3.646722 6
8.811739 4.122345 8.487748 1
-1.534505 11.876945 3.551611 1
7.525120 3.156122 8.591286 1
-0.247885 10.910722 3.448072 1
8.788488 2.646025 6.998840 6
-1.511254 10.400625 5.040518 6
8.093857 2.917281 6.348354 1
-0.816622 10.671881 5.691005 1
9.676952 2.940544 6.673416 1
-2.399718 10.695144 5.365942 1
-2.127106 15.333636 5.972726 6
9.404340 7.579036 6.066633 6
-1.668290 14.073048 5.807787 6
8.945525 6.318448 6.231572 6
-2.279924 13.347218 5.766853 1
9.557158 5.592618 6.272506 1
-0.309769 13.841961 5.699432 6
7.587003 6.087361 6.339926 6
-0.001332 12.947080 5.607933 1
7.278567 5.192480 6.431425 1
0.578821 14.829897 5.716287 6
6.698414 7.075297 6.323071 6
0.101585 0.576942 5.904101 6
7.175649 8.331542 6.135257 6
0.712691 1.301222 5.965502 1
6.564543 9.055822 6.073856 1
-1.252670 0.826640 6.008844 6
8.529904 8.581240 6.030515 6
-1.562065 1.719970 6.105159 1
8.839300 9.474570 5.934200 1
2.065467 14.583301 5.576631 6
5.211768 6.828701 6.462728 6
2.516894 14.828346 6.410958 1
4.760340 7.073746 5.628400 1
2.418695 15.126123 4.842230 1
4.858540 7.371523 7.197128 1
2.223377 13.634138 5.387613 1
5.053858 5.879538 6.651746 1
8.052374 15.453677 9.294987 6
-0.775139 7.699077 2.744372 6
6.693660 0.159124 9.095735 6
0.583574 7.913724 2.943623 6
6.407160 0.859210 8.521458 1
0.870075 8.613810 3.517901 1
5.753433 14.874098 9.725394 6
1.523802 7.119498 2.313965 6
4.826501 15.040822 9.591757 1
2.450734 7.286222 2.447602 1
6.153165 13.839945 10.548886 6
1.124069 6.085345 1.490473 6
5.506681 13.297588 10.985915 1
1.770554 5.542988 1.053444 1
7.504634 13.598156 10.731884 6
-0.227400 5.843556 1.307474 6
-5.111967 12.874187 11.279675 1
12.389201 5.119587 0.759684 1
-4.451618 14.409443 10.117636 6
11.728852 6.654843 1.921722 6
-3.526375 14.248302 10.262349 1
10.803609 6.493702 1.777009 1
-4.113188 2.344526 10.738987 6
11.390422 10.099126 1.300371 6
1.844446 1.866067 1.124476 6
5.432788 9.620667 10.914882 6
1.542302 2.800962 1.307474 1
5.734933 10.555562 10.731884 1
3.181440 1.616059 1.819147 6
4.095794 9.370659 10.220211 6
3.588436 2.470616 2.110500 1
3.688798 10.225216 9.928859 1
3.059203 1.034464 2.611337 1
4.218032 8.789064 9.428022 1
-2.088845 1.181646 11.631224 6
9.366079 8.936246 0.408134 6
0.736955 0.895346 1.476988 6
6.540280 8.649946 10.562370 6
0.992919 15.069049 1.721628 6
6.284315 7.314449 10.317730 6
1.886564 14.750800 1.680694 1
5.390670 6.996200 10.358664 1
-0.025853 14.190918 2.025020 6
7.303088 6.436318 10.014338 6
0.169757 13.272773 2.177920 1
7.107477 5.518173 9.861439 1
11.586027 14.632930 2.106888 6
-4.308792 6.878330 9.932471 6
10.884654 14.031173 2.327208 1
-3.607420 6.276573 9.712150 1
11.314240 0.445114 1.868508 6
-4.037006 8.199714 10.170850 6
10.419637 0.761502 1.914258 1
-3.142402 8.516102 10.125100 1
-0.557717 1.324486 1.559097 6
7.834951 9.079086 10.480262 6
12.140610 2.239528 1.402585 1
-4.863375 9.994128 10.636773 1
8.757034 1.188780 7.250463 7
-1.479800 8.943380 4.788896 7
-3.355404 1.748972 11.745117 7
10.632639 9.503572 0.294242 7
8.621815 0.787092 4.841387 8
-1.344581 8.541692 7.197971 8
8.420098 14.402619 6.420108 8
-1.142863 6.648019 5.619250 8
-5.116693 2.944111 11.045871 8
12.393928 10.698711 0.993488 8
4.015520 0.965913 0.832281 8
3.261714 8.720513 11.207078 8
-1.489296 0.884179 10.643876 8
8.766531 8.638779 1.395482 8
9.031477 0.133534 6.052185 16
-1.754243 7.888134 5.987173 16
