4.692477 1.281298 14.032512 17
1.893395 5.302948 12.986688 17
10.470704 6.762002 3.980288 17
13.269786 2.740352 5.026112 17
14.888068 4.770481 1.708874 9
8.852422 0.748831 7.297526 9
0.275113 3.272819 16.303926 9
6.310759 7.294469 10.715274 9
0.845063 4.410141 1.629078 8
6.736528 0.388491 7.377322 8
14.318118 3.633159 16.383722 8
8.426653 7.654809 10.635478 8
1.615314 1.856474 1.843250 8
5.966276 5.878124 7.163150 8
13.547867 6.186826 16.169550 8
9.196905 2.165176 10.849650 8
4.092759 1.785613 3.983711 7
3.488832 5.807263 5.022689 7
11.070422 6.257687 14.029089 7
11.674349 2.236037 12.990111 7
5.383565 2.147561 4.178970 7
2.198026 6.169211 4.827430 7
9.779616 5.895739 13.833830 7
12.965155 1.874089 13.185370 7
5.962421 2.073563 2.967969 6
1.619170 6.095213 6.038431 6
9.200760 5.969737 15.044831 6
13.544011 1.948087 11.974369 6
5.019385 1.683463 1.979967 6
2.562205 5.705113 7.026433 6
10.143795 6.359837 16.032833 6
12.600976 2.338187 10.986367 6
3.836754 1.481576 2.669137 6
3.744836 5.503226 6.337263 6
11.326427 6.561724 15.343663 6
11.418345 2.540074 11.675537 6
7.403108 2.375991 2.878085 6
0.178483 6.397641 6.128315 6
7.760073 5.667309 15.134715 6
14.984698 1.645659 11.884485 6
7.984143 2.973608 1.753366 6
15.756348 6.995258 7.253034 6
7.179038 5.069692 16.259434 6
-0.593167 1.048042 10.759766 6
9.342625 3.268797 1.732831 6
14.397865 7.290447 7.273569 6
5.820556 4.774503 16.279969 6
0.765316 0.752853 10.739231 6
10.134939 2.973608 2.810717 6
13.605552 6.995258 6.195683 6
5.028242 5.069692 15.202083 6
1.557629 1.048042 11.817117 6
9.572545 2.370361 3.919765 6
14.167946 6.392011 5.086635 6
5.590636 5.672939 14.093035 6
0.995235 1.651289 12.926165 6
8.219093 2.092062 3.954530 6
15.521398 6.113712 5.051870 6
6.944088 5.951238 14.058270 6
-0.358217 1.929588 12.960930 6
5.181398 1.529031 0.519489 6
2.400193 5.550681 8.486911 6
9.981783 6.514269 17.493311 6
12.762988 2.492619 9.525889 6
3.287974 2.168474 17.665513 6
3.297898 6.190124 9.353687 6
11.875207 5.874826 0.347287 6
11.865283 1.853176 8.659113 6
3.434012 2.081606 16.286453 6
3.151859 6.103256 10.732747 6
11.729169 5.961694 1.726347 6
12.011322 1.940044 7.280053 6
4.479442 1.338405 15.761200 6
2.106429 5.360055 11.258000 6
10.683739 6.704895 2.251600 6
13.056752 2.683245 6.754800 6
5.352519 0.663572 16.582404 6
1.233352 4.685222 10.436797 6
9.810662 7.379728 1.430396 6
13.929829 3.358078 7.576004 6
5.215890 0.776178 17.957861 6
1.369981 4.797828 9.061339 6
9.947290 7.267122 0.054939 6
13.793200 3.245472 8.951461 6
2.564522 0.840525 2.231426 6
5.017069 4.862175 6.774974 6
12.598659 7.202775 15.781374 6
10.146112 3.181125 11.237826 6
0.308090 1.500880 1.728688 6
7.273500 5.522530 7.277712 6
14.855091 6.542420 16.284112 6
7.889681 2.520770 10.735088 6
16.024585 0.178561 1.722384 6
7.715906 4.200211 7.284016 6
-0.861404 7.864739 16.290416 6
7.447275 3.843089 10.728784 6
14.685129 7.951606 1.588729 6
9.055362 3.929956 7.417671 6
0.478052 0.091694 16.424071 6
6.107819 4.113344 10.595129 6
13.743397 0.908089 1.471646 6
9.997094 4.929739 7.534754 6
1.419784 7.135211 16.541154 6
5.166087 3.113561 10.478046 6
14.162177 2.207082 1.487317 6
9.578313 6.228732 7.519083 6
1.001004 5.836218 16.525483 6
5.584867 1.814568 10.493717 6
15.515452 2.528009 1.625295 6
8.225038 6.549659 7.381105 6
-0.352271 5.515291 16.387505 6
6.938143 1.493641 10.631695 6
15.908395 3.941217 1.649432 6
7.832095 7.962867 7.356968 6
-0.745214 4.102083 16.363368 6
7.331086 0.080433 10.655832 6
3.191341 1.812960 5.092939 6
4.390249 5.834610 3.913461 6
11.971840 6.230340 12.919861 6
10.772932 2.208690 14.099339 6
3.614129 1.346448 6.322313 6
3.967461 5.368098 2.684087 6
11.549052 6.696852 11.690487 6
11.195720 2.675202 15.328713 6
2.728068 1.387469 7.387590 6
4.853522 5.409119 1.618810 6
12.435113 6.655831 10.625210 6
10.309659 2.634181 16.393990 6
1.442373 1.860415 7.231419 6
6.139217 5.882065 1.774981 6
13.720808 6.182885 10.781381 6
9.023964 2.161235 16.237819 6
1.038988 2.334166 6.004747 6
6.542602 6.355816 3.001653 6
14.124193 5.709134 12.008053 6
8.620579 1.687484 15.011147 6
1.919812 2.335774 4.931905 6
5.661779 6.357424 4.074495 6
13.243369 5.707526 13.080895 6
9.501402 1.685876 13.938305 6
7.425688 3.162626 0.981698 1
0.155902 7.184276 8.024702 1
7.737493 4.880674 17.031102 1
15.007279 0.859024 9.988098 1
9.726792 3.699114 0.951076 1
14.013698 7.720764 8.055324 1
5.436389 4.344186 17.061724 1
1.149483 0.322536 9.957476 1
11.080748 3.196407 2.795587 1
12.659743 7.218057 6.210813 1
4.082433 4.846893 15.217214 1
2.503438 0.825243 11.801987 1
10.126017 2.119410 4.661713 1
13.614473 6.141060 4.344687 1
5.037164 5.923890 13.351087 1
1.548707 1.902240 13.668113 1
7.832816 1.673811 4.724757 1
15.907675 5.695461 4.281643 1
7.330365 6.369489 13.288043 1
-0.744494 2.347839 13.731158 1
3.567808 2.673593 0.030622 1
4.013782 6.695243 8.975778 1
11.595373 5.369707 17.982178 1
11.149399 1.348057 9.037022 1
2.819692 2.536857 15.698155 1
3.766180 6.558507 11.321045 1
12.343489 5.506443 2.314645 1
11.397001 1.484793 6.691755 1
6.053895 0.124671 16.209719 1
0.531976 4.146321 10.809481 1
9.109286 7.918629 1.803081 1
14.631205 3.896979 7.203319 1
6.838458 0.328971 0.525974 1
0.743133 4.350621 8.480426 1
8.324723 7.714329 17.486826 1
14.420048 3.692679 9.532374 1
2.202465 0.322536 2.952298 1
5.379126 4.344186 6.054102 1
12.960716 7.720764 15.060502 1
9.784055 3.699114 11.958698 1
2.736984 0.255777 1.496864 1
4.844607 4.277427 7.509536 1
12.426197 7.787523 16.515936 1
10.318574 3.765873 10.503264 1
0.502535 7.496356 1.783267 1
7.079056 3.474706 7.223133 1
14.660646 0.546944 16.229533 1
8.084125 4.568594 10.789667 1
14.379241 7.040300 1.588729 1
9.361250 3.018650 7.417671 1
0.783940 1.003000 16.424071 1
5.801931 5.024650 10.595129 1
12.818231 0.693332 1.385184 1
10.922259 4.714982 7.621216 1
2.344949 7.349968 16.627616 1
4.240922 3.328318 10.391584 1
13.526213 2.916501 1.410402 1
10.214277 6.938151 7.595998 1
1.636968 5.126799 16.602398 1
4.948904 1.105149 10.416802 1
4.509774 1.000587 6.434172 1
3.071817 5.022237 2.572228 1
10.653407 7.042713 11.578628 1
12.091364 3.021063 15.440572 1
3.014096 1.088258 8.264273 1
4.567495 5.109908 0.742127 1
12.149085 6.955042 9.748527 1
10.595686 2.933392 17.270673 1
0.822821 1.866850 7.974267 1
6.758769 5.888500 1.032133 1
14.340360 6.176450 10.038533 1
8.404412 2.154800 16.980667 1
0.126229 2.653485 5.872173 1
7.455362 6.675135 3.134227 1
15.036952 5.389815 12.140627 1
7.707819 1.368165 14.878573 1
1.659815 2.712201 4.087104 1
5.921775 6.733851 4.919296 1
13.503366 5.331099 13.925696 1
9.241405 1.309449 13.093504 1
