3.658118 2.414156 18.728344 17
5.802532 9.738044 2.719844 17
0.504568 3.661944 13.288656 17
2.648982 8.490256 29.297156 17
3.570449 5.658307 14.465281 17
5.890201 6.493893 30.473781 17
0.416899 0.417793 17.551719 17
2.736651 11.734407 1.543219 17
5.885786 5.161039 22.402295 8
3.574864 6.991161 6.393795 8
2.732236 0.915061 9.614705 8
0.421314 11.237139 25.623205 8
5.053249 7.367879 18.083522 8
4.407401 4.784321 2.075022 8
1.899699 10.860421 13.933478 8
1.253851 1.291779 29.941978 8
3.161119 8.349777 17.382990 8
6.299531 3.802423 1.374490 8
0.007569 9.878523 14.634010 8
3.145981 2.273677 30.642510 8
0.695673 7.830878 16.252470 7
2.457877 4.321322 0.243970 7
3.849223 10.397422 15.764530 7
5.611427 1.754778 31.773030 7
0.796587 4.993339 22.380844 6
2.356963 7.158861 6.372344 6
3.950137 1.082761 9.636156 6
5.510513 11.069439 25.644656 6
1.462616 4.148761 23.418835 6
1.690934 8.003439 7.410335 6
4.616166 1.927339 8.598165 6
4.844484 10.224861 24.606665 6
1.137801 2.799867 23.659602 6
2.015749 9.352333 7.651102 6
4.291351 3.276233 8.357398 6
5.169299 8.875967 24.365898 6
1.704809 2.193472 24.785320 6
1.448741 9.958728 8.776820 6
4.858359 3.882628 7.231680 6
4.602291 8.269572 23.240180 6
2.536716 2.889793 25.638893 6
0.616834 9.262407 9.630393 6
5.690266 3.186307 6.378107 6
3.770384 8.965893 22.386607 6
2.885498 4.218029 25.401647 6
0.268052 7.934171 9.393147 6
6.039048 1.858071 6.615353 6
3.421602 10.294129 22.623853 6
2.353179 4.807410 24.260882 6
0.800371 7.344790 8.252382 6
5.506729 1.268690 7.756118 6
3.953921 10.883510 23.764618 6
0.207504 1.955289 22.793863 6
2.946046 10.196911 6.785363 6
3.361054 4.120811 9.223137 6
6.099596 8.031389 25.231637 6
0.417530 2.133926 21.275296 6
2.736020 10.018274 5.266796 6
3.571080 3.942174 10.741704 6
5.889570 8.210026 26.750204 6
5.041896 2.146079 23.162058 6
4.418754 10.006121 7.153558 6
1.888346 3.930021 8.854942 6
1.265204 8.222179 24.863442 6
3.796874 5.001846 26.325338 6
5.663776 7.150354 10.316838 6
0.643324 1.074254 5.691662 6
2.510226 11.077946 21.700162 6
5.228586 4.435553 26.332702 6
4.232064 7.716647 10.324202 6
2.075036 1.640547 5.684298 6
1.078514 10.511653 21.692798 6
3.226712 5.072328 27.751695 6
6.233938 7.079872 11.743195 6
0.073162 1.003772 4.265305 6
3.080388 11.148428 20.273805 6
1.624078 5.684799 21.347975 6
1.529472 6.467401 5.339475 6
4.777628 0.391301 10.669025 6
4.683022 11.760899 26.677525 6
2.940370 5.306866 21.066866 6
0.213180 6.845334 5.058366 6
6.093920 0.769234 10.950134 6
3.366730 11.382966 26.958634 6
3.649919 5.925413 20.042962 6
5.810731 6.226787 4.034462 6
0.496369 0.150687 11.974038 6
2.657181 12.001513 27.982538 6
3.060836 6.937691 19.292484 6
0.092714 5.214509 3.283984 6
6.214386 11.290609 12.724516 6
3.246264 0.861591 28.733016 6
1.748328 7.335068 19.588001 6
1.405222 4.817132 3.579501 6
4.901878 10.893232 12.428999 6
4.558772 1.258968 28.437499 6
1.036257 6.720167 20.601979 6
2.117293 5.432033 4.593479 6
4.189807 11.508133 11.415021 6
5.270843 0.644067 27.423521 6
3.823364 7.602416 18.166446 6
5.637286 4.549784 2.157946 6
0.669814 10.625884 13.850554 6
2.483736 1.526316 29.859054 6
1.480907 5.486718 16.212448 6
1.672643 6.665482 0.203948 6
4.634457 0.589382 15.804552 6
4.826193 11.562818 31.813052 6
0.886778 4.917995 17.339447 6
2.266772 7.234205 1.330947 6
4.040328 1.158105 14.677553 6
5.420322 10.994095 30.686053 6
1.520011 3.964048 18.103052 6
1.633539 8.188152 2.094552 6
4.673561 2.112052 13.913948 6
4.787089 10.040148 29.922448 6
2.800983 3.570316 17.744142 6
0.352567 8.581884 1.735642 6
5.954533 2.505784 14.272858 6
3.506117 9.646416 30.281358 6
3.437370 4.085570 16.628989 6
6.023281 8.066630 0.620489 6
0.283819 1.990530 15.388011 6
2.869730 10.161670 31.396511 6
2.754941 5.037087 15.883634 6
0.398609 7.115113 31.892134 6
5.908491 1.039013 16.133366 6
3.552159 11.113187 0.124866 6
0.778296 6.575555 15.453966 6
2.375254 5.576645 31.462466 6
3.931846 11.652745 16.563034 6
5.528804 0.499455 0.554534 6
6.218801 7.813865 16.789715 1
3.241849 4.338335 0.781215 1
3.065251 10.414435 15.227285 1
0.088299 1.737765 31.235785 1
0.661615 8.577023 15.665918 1
2.491935 3.575177 31.674418 1
3.815165 9.651277 16.351082 1
5.645485 2.500923 0.342582 1
1.460094 7.901360 16.812127 1
1.693456 4.250840 0.803627 1
4.613644 10.326940 15.204873 1
4.847006 1.825260 31.213373 1
1.512443 1.280842 24.966857 1
1.641107 10.871358 8.958357 1
4.665993 4.795258 7.050143 1
4.794657 7.356942 23.058643 1
2.880453 2.451099 26.407622 1
0.273097 9.701101 10.399122 1
6.034003 3.625001 5.609378 1
3.426647 8.527199 21.617878 1
2.607986 5.698167 24.047969 1
0.545564 6.454033 8.039469 1
5.761536 0.377933 7.969031 1
3.699114 11.774267 23.977531 1
0.415007 1.048735 22.988206 1
2.738543 11.103465 6.979706 1
3.568557 5.027365 9.028794 1
5.892093 7.124835 25.037294 1
0.030274 2.956630 20.996749 1
3.123276 9.195570 4.988249 1
3.183824 3.119470 11.020251 1
6.276826 9.032730 27.028751 1
0.001261 1.415731 20.811050 1
3.152289 10.736469 4.802550 1
3.154811 4.660369 11.205950 1
6.305839 7.491831 27.214450 1
1.346566 2.140002 21.083195 1
1.806984 10.012198 5.074695 1
4.500116 3.936098 10.933806 1
4.960534 8.216102 26.942306 1
4.754923 3.007669 22.885752 1
4.705727 9.144531 6.877252 1
1.601373 3.068431 9.131248 1
1.552177 9.083770 25.139748 1
4.518406 1.482568 22.725667 1
4.942244 10.669632 6.717167 1
1.364856 4.593532 9.291333 1
1.788694 7.558668 25.299833 1
4.937198 2.064659 24.102398 1
4.523452 10.087541 8.093898 1
1.783648 4.011441 7.914602 1
1.369902 8.140759 23.923102 1
3.842285 5.891387 25.991401 1
5.618365 6.260813 9.982901 1
0.688735 0.184713 6.025599 1
2.464815 11.967487 22.034099 1
5.601336 4.506036 25.463120 1
3.859314 7.646164 9.454620 1
2.447786 1.570064 6.553880 1
0.705764 10.582136 22.562380 1
5.207772 3.524138 26.596522 1
4.252878 8.628062 10.588022 1
2.054222 2.551962 5.420478 1
1.099328 9.600238 21.428978 1
5.761536 4.930148 26.945507 1
3.699114 7.222052 10.937007 1
2.607986 1.145952 5.071493 1
0.545564 11.006248 21.079993 1
2.311552 5.325094 27.713915 1
0.841998 6.827106 11.705415 1
5.465102 0.751006 4.303085 1
3.995548 11.401194 20.311585 1
3.712990 5.713964 28.255002 1
5.747660 6.438236 12.246502 1
0.559440 0.362136 3.761998 1
2.594110 11.790064 19.770498 1
3.303028 4.220459 28.165355 1
6.157622 7.931741 12.156855 1
0.149478 1.855641 3.851645 1
3.004072 10.296559 19.860145 1
3.353485 4.621482 21.579458 1
6.107165 7.530718 5.570958 1
0.199935 1.454618 10.437542 1
2.953615 10.697582 26.446042 1
4.541112 5.654419 19.853742 1
4.919538 6.497781 3.845242 1
1.387562 0.421681 12.163258 1
1.765988 11.730519 28.171758 1
1.344674 8.032604 19.085334 1
1.808876 4.119596 3.076834 1
4.498224 10.195696 12.931666 1
4.962426 1.956504 28.940166 1
0.148217 6.997237 20.795041 1
3.005333 5.154963 4.786541 1
3.301767 11.231063 11.221959 1
6.158883 0.921137 27.230459 1
0.014506 5.198711 17.586938 1
3.139044 6.953489 1.578438 1
3.168056 0.877389 14.430062 1
6.292594 11.274811 30.438562 1
1.088605 3.582469 18.858013 1
2.064945 8.569731 2.849513 1
4.242155 2.493631 13.158987 1
5.218495 9.658569 29.167487 1
4.308380 3.798778 16.383099 1
5.152270 8.353422 0.374599 1
1.154830 2.277322 15.633901 1
1.998720 9.874878 31.642401 1
1.256374 6.750547 14.650979 1
1.897176 5.401653 30.659479 1
4.409924 11.477753 17.366021 1
5.050726 0.674447 1.357521 1
6.206186 6.285118 15.240092 1
3.254464 5.867082 31.248592 1
3.052636 11.943182 16.776908 1
0.100914 0.209018 0.768408 1
