1.164268 1.120372 6.024674 6
9.042348 4.567672 11.006688 6
1.261255 0.616377 5.177534 1
8.945362 4.063677 11.853828 1
1.177936 2.086995 5.809398 1
9.028681 5.534295 11.221965 1
-0.170931 0.761164 6.684980 6
10.377548 4.208464 10.346382 6
-0.333373 1.364441 7.452924 1
10.539989 4.811741 9.578438 1
11.855351 0.887335 6.034212 1
-1.648735 4.334635 10.997151 1
-0.159248 6.231339 7.159985 6
10.365864 2.784039 9.871378 6
1.057363 5.891436 7.982429 6
9.149254 2.444136 9.048933 6
1.021964 6.386468 8.839277 1
9.184653 2.939168 8.192085 1
1.051941 4.923434 8.188679 1
9.154676 1.476134 8.842683 1
2.310103 6.232718 7.272903 7
7.896514 2.785418 9.758460 7
3.469028 5.846621 8.103863 6
6.737589 2.399321 8.927499 6
3.347018 4.917229 8.423712 1
6.859599 1.469929 8.607650 1
3.514883 6.438177 8.895480 1
6.691733 2.990877 8.135882 1
4.775483 5.943145 7.323826 6
5.431134 2.495845 9.707536 6
5.543442 5.894194 7.946834 1
4.663175 2.446894 9.084529 1
4.843029 5.188876 6.686513 1
5.363588 1.741576 10.344849 1
4.806345 0.357830 6.574617 6
5.400272 3.805130 10.456745 6
5.890842 1.067974 5.947863 6
4.315775 4.515274 11.083500 6
7.266835 0.844588 5.833923 6
2.939782 4.291888 11.197439 6
7.657650 0.048262 6.172166 1
2.548966 3.495562 10.859197 1
8.048335 1.805696 5.218409 6
2.158282 5.252996 11.812953 6
8.986353 1.671251 5.150284 1
1.220263 5.118551 11.881078 1
7.479267 2.979157 4.690267 6
2.727349 6.426457 12.341095 6
8.039568 3.618286 4.264653 1
2.167048 0.170986 12.766709 1
6.118287 3.219778 4.779000 6
4.088330 6.667078 12.252362 6
5.730641 4.005073 4.411123 1
4.475975 0.557773 12.620239 1
5.339001 2.263497 5.429939 6
4.867615 5.710797 11.601423 6
3.986206 2.269013 5.709083 7
6.220410 5.716313 11.322279 7
3.428701 2.957783 5.472177 1
6.777915 6.405083 11.559186 1
3.689010 1.112099 6.407198 6
6.517607 4.559399 10.624164 6
2.328358 0.788053 6.951350 6
7.878259 4.235353 10.080012 6
2.203652 1.297564 7.802067 1
8.002965 4.744864 9.229295 1
11.665603 5.316426 6.924611 6
-1.458987 1.869126 10.106751 6
-0.926773 4.446328 7.265579 1
11.133390 0.999028 9.765783 1
10.365490 5.497754 6.182384 6
-0.158873 2.050454 10.848978 6
9.617526 5.428808 6.812545 1
0.589091 1.981508 10.218817 1
10.281891 4.802089 5.497724 1
-0.075274 1.354789 11.533639 1
10.352802 6.379573 5.756600 1
-0.146186 2.932273 11.274762 1
2.339761 4.404270 5.093399 8
7.866856 0.956970 11.937963 8
2.424801 4.784852 4.252731 1
7.781816 1.337552 12.778631 1
2.342113 5.053742 5.654412 1
7.864504 1.606442 11.376950 1
2.550221 3.153590 1.511533 6
7.656396 6.600890 15.519829 6
2.750297 2.824718 2.423563 1
7.456320 6.272018 14.607799 1
3.046648 2.590991 0.865193 1
7.159968 6.038291 16.166169 1
1.052724 3.047413 1.242779 6
9.153893 6.494713 15.788584 6
0.866743 3.272177 0.296346 1
9.339873 6.719477 16.735017 1
0.748883 2.119400 1.405087 1
9.457733 5.566700 15.626275 1
0.305530 3.986458 2.139991 6
9.901086 0.539158 14.891372 6
0.845697 5.405366 2.129261 6
9.360920 1.958066 14.902101 6
0.662640 5.818353 1.248399 1
9.543977 2.371053 15.782963 1
0.378282 5.938319 2.820394 1
9.828334 2.491019 14.210969 1
2.299472 5.435013 2.390011 7
7.907144 1.987713 14.641351 7
2.790713 6.824275 2.358333 6
7.415904 3.376975 14.673030 6
2.211397 0.496411 2.927691 1
7.995220 3.943711 14.103671 1
2.742048 0.275095 1.432338 1
7.464569 3.722395 15.599025 1
4.229746 0.017236 2.855138 6
5.976871 3.464536 14.176225 6
4.603045 0.910087 2.646674 1
5.603572 4.357387 14.384689 1
4.254689 6.787734 3.837166 1
5.951927 3.340434 13.194196 1
5.051965 5.850068 2.189382 6
5.154652 2.402768 14.841981 6
6.472910 5.690803 2.049724 6
3.733706 2.243503 14.981638 6
7.591400 6.423009 2.471421 6
2.615216 2.975709 14.559941 6
7.481075 0.330251 2.968566 1
2.725542 3.777551 14.062796 1
8.851014 5.965897 2.156681 6
1.355603 2.518597 14.874681 6
9.610380 6.462998 2.437188 1
0.596237 3.015698 14.594174 1
9.033739 4.783473 1.432167 6
1.172877 1.336173 15.599195 6
9.915345 4.481490 1.246696 1
0.291271 1.034190 15.784667 1
7.951728 4.044372 0.979985 6
2.254888 0.597072 16.051378 6
8.074689 3.249425 0.475175 1
2.131927 6.696725 16.556187 1
6.679532 4.509068 1.293532 6
3.527085 1.061768 15.737830 6
5.436693 3.987837 0.996335 7
4.769924 0.540537 16.035028 7
5.288745 3.385249 0.475175 1
4.917872 6.832549 16.556187 1
4.463597 4.810362 1.543212 6
5.743020 1.363062 15.488150 6
2.998369 4.601456 1.379200 6
7.208248 1.154156 15.652163 6
2.737111 4.927571 0.470066 1
7.469505 1.480271 16.561297 1
12.044749 3.653449 2.917643 6
-1.838133 0.206149 14.113720 6
11.686832 4.342219 3.465882 1
-1.480216 0.894919 13.565480 1
11.388024 2.300039 3.024770 6
-1.181407 5.747339 14.006592 6
11.798562 1.685730 2.380984 1
-1.591946 5.133030 14.650378 1
10.431673 2.384153 2.832316 1
-0.225057 5.831453 14.199047 1
11.508338 1.949793 3.932542 1
-1.301721 5.397093 13.098821 1
