7.163559 5.043994 6.939546 8
3.484724 13.145494 6.708440 8
3.587963 11.159006 2.159111 8
7.266798 3.057506 2.390217 8
6.517296 14.985669 1.857946 8
4.337465 6.884169 2.691383 8
4.234226 1.217331 7.240712 8
6.414057 9.318831 6.407275 8
6.705541 12.899532 0.323002 8
4.149220 4.798032 4.226326 8
4.045982 3.303468 8.775655 8
6.602302 11.404968 4.872331 8
9.346395 1.695482 6.311739 7
1.301889 9.796982 7.336248 7
1.405128 14.507518 2.786919 7
9.449633 6.406018 1.762410 7
7.615154 0.221981 0.173784 6
3.239608 8.323481 4.375544 6
3.136369 15.981019 8.924873 6
7.511915 7.879519 4.723113 6
7.550726 0.991624 0.743360 1
3.304036 9.093124 3.805968 1
3.200797 15.211376 8.355297 1
7.447487 7.109876 5.292689 1
7.100659 15.203275 0.633267 6
3.754103 7.101775 3.916062 6
3.650864 0.999725 8.465391 6
6.997420 9.101225 5.182595 6
7.002102 14.073926 8.887569 6
3.646182 5.972426 4.760418 6
3.749421 2.129074 0.211089 6
7.105341 10.230574 4.338240 6
7.591377 14.210031 7.643782 6
3.056907 6.108531 6.004204 6
3.160145 1.992969 1.454875 6
7.694616 10.094469 3.094453 6
7.669058 13.443629 7.069657 1
2.979226 5.342129 6.578329 1
3.082465 2.759371 2.029001 1
7.772297 10.860871 2.520328 1
8.096010 15.457662 7.184300 6
2.552274 7.356162 6.463686 6
2.655513 0.745338 1.914358 6
8.199249 8.846838 2.634971 6
8.017862 0.358086 8.020467 6
2.630422 8.459586 5.627520 6
2.733661 15.844914 1.078191 6
8.121100 7.743414 3.471138 6
8.468634 1.761266 7.520040 6
2.179650 9.862766 6.127946 6
2.282889 14.441734 1.578617 6
8.571872 6.340234 2.970712 6
8.807830 0.795567 5.320895 6
1.840453 8.897067 8.327091 6
1.943692 15.407433 3.777763 6
8.911069 7.305933 0.771566 6
9.360379 0.829594 4.536591 1
1.494382 8.931094 0.012738 1
1.391143 15.373406 4.562067 1
9.257140 7.271906 9.085919 1
7.932320 1.106665 5.077961 1
2.715964 9.208165 8.570025 1
2.819202 15.096335 4.020697 1
8.035559 6.994835 0.528632 1
8.681187 15.550019 5.783107 6
1.967097 7.448519 7.864880 6
2.070336 0.652981 3.315551 6
8.784425 8.754481 1.233778 6
8.130663 15.054207 5.174407 1
2.517621 6.952707 8.473580 1
2.620860 1.148793 3.924251 1
8.233902 9.250293 0.625078 1
9.555594 15.151425 5.784926 1
1.092690 7.049925 7.863060 1
1.195929 1.051575 3.313731 1
9.658832 9.153075 1.235598 1
10.735938 1.312443 6.550124 6
-0.087654 9.413943 7.097863 6
0.015584 14.890557 2.548534 6
10.839177 6.789057 2.000795 6
0.251629 1.275176 5.715777 1
10.396655 9.376676 7.932210 1
10.499893 14.927824 3.382881 1
0.354868 6.826324 1.166448 1
10.754413 0.435861 6.943186 1
-0.106130 8.537361 6.704801 1
-0.002891 15.767139 2.155472 1
10.857652 7.665639 2.393857 1
0.424509 2.240875 7.465448 6
10.223775 10.342375 6.182538 6
10.327014 13.962125 1.633209 6
0.527748 5.860625 2.916120 6
0.415731 3.120698 7.079665 1
10.232553 11.222198 6.568321 1
10.335792 13.082302 2.018992 1
0.518969 4.980802 2.530337 1
1.337150 1.983247 7.617396 1
9.311134 10.084747 6.030590 1
9.414373 14.219753 1.481261 1
1.440388 6.118253 3.068067 1
10.620988 2.283003 8.766556 6
0.027296 10.384503 4.881430 6
0.130534 13.919997 0.332101 6
10.724227 5.818497 4.217228 6
0.272015 2.905198 0.278419 1
10.582746 11.006698 4.270910 1
10.479508 13.297802 8.820239 1
0.168776 5.196302 4.827748 1
10.879931 1.409661 0.060051 1
-0.025170 9.511161 4.489278 1
-0.128409 14.793339 9.038606 1
10.776693 6.691839 4.609380 1
9.171280 2.649190 8.571845 6
1.477004 10.750690 5.076141 6
1.580242 13.553809 0.526812 6
9.274519 5.452310 4.022516 6
8.915045 2.532529 0.306625 1
1.939716 10.634029 4.242704 1
1.836477 13.670471 8.792033 1
8.811807 5.568971 4.855954 1
8.963829 4.084776 8.104174 6
1.684455 12.186276 5.543812 6
1.787694 12.118224 0.994483 6
9.067068 4.016724 3.554845 6
9.686709 4.366709 7.540057 1
0.961575 12.468209 6.107929 1
1.064814 11.836291 1.558600 1
9.789948 3.734791 2.990729 1
8.898683 4.685908 8.850264 1
1.749601 12.787408 4.797722 1
1.852840 11.517092 0.248393 1
9.001921 3.415592 4.300935 1
7.724746 4.063712 7.368093 6
2.923538 12.165212 6.279893 6
3.026776 12.139288 1.730565 6
7.827985 4.037788 2.818764 6
7.273293 2.641089 7.222514 6
3.374991 10.742589 6.425472 6
3.478230 13.561911 1.876143 6
7.376532 5.460411 2.673186 6
6.569829 2.453134 7.848502 1
4.078455 10.554634 5.799484 1
4.181694 13.749866 1.250156 1
6.673068 5.648366 3.299173 1
6.943926 2.492021 6.332666 1
3.704358 10.593521 7.315321 1
3.807596 13.710979 2.765992 1
7.047165 5.609479 1.783337 1
6.436205 11.787683 8.570025 6
4.212079 3.686183 5.077961 6
4.315318 4.415317 0.528632 6
6.539443 12.516817 4.020697 6
6.074771 11.035863 9.044975 1
4.573513 2.934363 4.603011 1
4.676752 5.167137 0.053682 1
6.178009 13.268637 4.495647 1
5.882513 11.983739 7.811197 1
4.765771 3.882239 5.836789 1
4.869009 4.219261 1.287460 1
5.985752 12.320761 3.261869 1
7.325076 11.580284 8.272499 1
3.323208 3.478784 5.375487 1
3.426447 4.622716 0.826158 1
7.428314 12.724216 3.723171 1
6.208904 16.117124 2.651349 6
4.645857 8.015624 1.897980 6
4.542618 0.085876 6.447309 6
6.105666 8.187376 7.200678 6
5.804476 15.835192 3.475687 1
5.050285 7.733692 1.073642 1
4.947047 0.367808 5.622970 1
5.701237 8.469308 8.025016 1
7.014426 0.400214 2.839691 1
3.840335 8.501714 1.709638 1
3.737096 15.802786 6.258966 1
6.911188 7.701286 7.389020 1
5.598488 0.477989 2.170940 1
5.256274 8.579489 2.378389 1
5.153035 15.725011 6.927718 1
5.495249 7.623511 6.720268 1
