16.669919 1.588485 11.774359 35
19.829498 1.468704 10.058094 35
35.894583 3.807055 11.767379 35
0.582560 3.778825 10.126885 35
20.347286 3.233820 2.846365 35
17.264117 3.276953 4.567251 35
1.196679 0.790773 2.667851 35
36.409104 0.877434 4.482705 35
14.462007 0.085410 1.591566 35
23.302874 0.161693 5.829970 35
33.578622 2.504824 1.574598 35
4.026496 2.517482 5.690384 35
22.616644 4.573306 13.142126 35
13.948549 4.462519 8.813849 35
3.516471 2.270337 13.049410 35
32.964497 2.133937 8.769203 35
15.926126 0.265759 14.540997 8
20.559793 0.148832 7.356203 8
34.905913 2.639922 14.500993 8
1.430014 2.544574 7.390925 8
21.226041 4.383734 0.068508 8
16.463190 4.406875 7.083974 8
2.055041 2.086651 0.124446 8
35.660176 2.060328 7.231441 8
11.352943 2.018676 14.493885 8
25.074667 2.037621 7.285798 8
30.596374 4.413607 14.538322 8
5.972988 4.327926 7.229460 8
25.647006 2.559216 0.084419 8
12.014105 2.650907 7.201507 8
6.524136 0.217827 0.089781 8
31.071125 0.169578 7.278526 8
11.565596 1.696846 10.209540 8
25.010042 1.815580 11.651449 8
30.643573 4.085765 10.118431 8
5.834290 4.068895 11.752481 8
25.614629 2.915807 4.492739 8
12.062628 2.939504 2.908494 8
6.467763 0.560581 4.354351 8
31.251440 0.610203 2.921315 8
9.069151 4.254265 13.186017 8
27.322809 4.227488 8.521105 8
28.264680 1.828289 13.279664 8
8.145738 1.866917 8.671796 8
27.959516 0.449399 1.256171 8
9.645667 0.511411 6.057626 8
8.856289 2.838770 1.396912 8
28.778425 2.935170 6.050049 8
7.188218 2.361155 13.477641 8
29.303075 2.261846 8.491175 8
26.346450 0.048214 13.460009 8
10.155537 0.026963 8.390628 8
29.950433 2.329827 1.170620 8
7.842888 2.402859 6.147630 8
10.719497 0.102917 1.271486 8
26.844940 0.107484 6.023949 8
10.414956 1.952067 11.023740 7
26.184365 1.900443 11.010500 7
29.526287 4.226217 10.958734 7
7.137361 4.216051 11.033724 7
26.841759 2.732913 3.677154 7
10.915680 2.715910 3.675639 7
7.553872 0.377967 3.700861 7
30.103044 0.442721 3.605230 7
8.481118 2.058855 12.847051 7
28.197301 2.132297 9.133249 7
27.523003 4.319028 12.743614 7
8.904694 4.360312 9.063389 7
28.669515 2.537111 1.760347 7
8.887255 2.614052 5.440047 7
9.501381 0.259029 1.851552 7
28.199410 0.270242 5.452622 7
15.019272 1.561632 12.640741 6
21.424884 1.584312 9.159767 6
34.259854 4.015300 12.800833 6
2.237880 4.004697 9.258624 6
21.948412 2.978777 1.855164 6
15.594077 3.091415 5.394978 6
2.814557 0.709742 1.819871 6
34.755041 0.699755 5.438327 6
14.870431 0.898793 13.989418 6
21.569399 0.935584 7.922576 6
34.077937 3.324802 14.017820 6
2.445282 3.339114 7.948970 6
22.162128 3.677917 0.753289 6
15.372731 3.585461 6.567349 6
2.973570 1.327729 0.703094 6
34.682705 1.302617 6.716381 6
13.599524 1.189896 14.452974 6
22.945821 1.009092 7.412442 6
33.899855 3.460686 0.044500 6
3.657090 3.461429 7.431368 6
23.363151 3.511273 0.138403 6
14.173239 3.638903 7.318382 6
4.395058 1.168280 0.141580 6
33.328754 1.304880 7.166130 6
12.561444 2.004591 14.002927 6
23.824957 1.974202 7.810722 6
31.665979 4.185453 13.951307 6
4.641130 4.334902 7.795751 6
24.492342 2.787235 0.662969 6
13.128852 2.801954 6.617015 6
5.255013 0.399073 0.583688 6
32.255839 0.514442 6.685679 6
12.881723 2.623609 12.757613 6
23.702687 2.622372 8.984221 6
31.937255 0.340817 12.876870 6
4.475715 0.216348 9.121637 6
24.182651 2.159620 1.870826 6
13.412333 2.045328 5.565705 6
5.056658 4.350599 1.747222 6
32.674227 4.468574 5.430282 6
14.110678 2.349446 12.092792 6
22.377825 2.426406 9.618225 6
33.106321 0.107824 12.160394 6
3.312006 0.054372 9.712664 6
23.098232 2.237110 2.364743 6
14.740813 2.128841 4.796053 6
3.819317 4.540485 2.402403 6
33.708300 4.617157 4.775456 6
14.144654 2.915097 11.299319 1
22.218320 2.858518 10.544706 1
33.301705 0.567901 11.355418 1
3.161763 0.472796 10.456496 1
22.935093 1.760875 3.219089 1
14.907818 1.741675 4.108706 1
3.763520 4.075009 3.162917 1
33.895850 4.034653 4.113412 1
11.700914 3.438485 12.150835 6
24.670523 3.511604 9.609457 6
30.983203 1.190171 12.263841 6
5.678368 1.153155 9.618021 6
25.217716 1.115316 2.433470 6
12.317982 1.201510 5.004564 6
6.134910 3.525525 2.334139 6
31.567302 3.607324 4.917748 6
11.579226 4.241639 12.865592 1
24.905582 4.141501 9.002370 1
30.641610 1.810470 12.966686 1
5.782559 1.844409 8.939931 1
25.559875 0.387578 1.723947 1
12.114361 0.439517 5.571742 1
6.364614 2.744655 1.743704 1
31.359669 2.719400 5.654456 1
12.199258 3.926707 11.463245 1
24.418550 4.001412 10.464851 1
31.305632 1.665000 11.454450 1
5.295625 1.587336 10.376905 1
24.968530 0.670438 3.232586 1
12.608046 0.769778 4.195576 1
5.887893 3.060432 3.157885 1
31.928004 3.163252 4.118399 1
10.441825 2.758619 11.862964 6
26.017526 2.763598 10.012306 6
29.587950 0.353137 11.965785 6
6.788128 0.517238 10.001749 6
26.608356 1.873778 2.610525 6
11.087448 1.927970 4.713625 6
7.529590 4.317547 2.646455 6
30.153112 4.336266 4.603856 6
9.285009 3.031410 12.766612 6
27.212959 3.095994 9.112994 6
28.410053 0.777414 12.768594 6
8.063964 0.720856 9.204775 6
27.794971 1.676907 1.929918 6
9.825039 1.646387 5.454694 6
8.713433 3.972580 1.825916 6
28.932771 3.897057 5.474935 6
17.766306 0.830758 0.786198 6
19.773418 0.842636 6.519274 6
36.908758 3.301355 0.922728 6
0.802546 3.190386 6.353083 6
19.347028 3.772628 13.695984 6
17.308955 3.845191 8.232804 6
0.090010 1.414108 13.811400 6
36.293730 1.379526 8.069992 6
18.433186 0.387001 1.188171 1
19.125523 0.295611 5.969775 1
37.599644 2.620882 1.331425 1
-0.053604 2.618837 6.032397 1
18.544611 4.298824 13.330144 1
17.875828 4.263029 8.470039 1
-0.460810 1.940268 13.314757 1
37.039669 2.026535 8.546401 1
17.220092 1.266874 1.676234 1
20.430542 1.218179 5.604582 1
36.290809 3.523470 1.528265 1
1.213949 3.525436 5.625791 1
19.823162 3.385336 13.008439 1
16.650647 3.522017 8.807635 1
0.792966 1.177399 12.900640 1
35.692525 1.164923 8.959513 1
18.229402 1.726845 0.372811 1
19.318605 1.724173 6.893239 1
37.337358 4.106692 0.439006 1
0.322576 3.967835 6.888833 1
18.766762 2.909283 14.178560 1
17.767945 3.034819 7.722776 1
-0.267468 0.750086 14.208492 1
36.862555 0.582805 7.730867 1
8.575954 1.210552 12.560536 1
27.942552 1.095325 9.272622 1
27.733385 3.454282 12.545118 1
8.709207 3.557452 9.249849 1
28.570206 3.578641 2.090316 1
9.233698 3.574713 5.318414 1
9.306094 1.249767 2.140626 1
28.313862 1.247407 5.222095 1
12.296290 1.656409 0.525625 1
25.372501 1.708955 6.673924 1
31.463934 4.092325 0.568779 1
6.264408 4.055589 6.734436 1
24.871518 2.945134 13.982768 1
11.745943 2.838506 7.790295 1
5.614946 0.577563 13.952712 1
30.761244 0.597845 7.944487 1
11.185836 0.922278 9.547312 1
25.306044 0.911344 12.174304 1
30.266320 3.326841 9.573005 1
6.222759 3.369238 12.315542 1
25.925762 3.647061 5.023960 1
11.851411 3.728076 2.292900 1
6.719291 1.317502 5.004703 1
30.973814 1.362630 2.313517 1
7.280295 2.484569 14.079223 1
29.315865 2.468485 7.867604 1
26.396024 0.027226 14.027691 1
10.146451 0.061330 7.691575 1
29.845213 2.311167 0.480091 1
7.818949 2.327738 6.869079 1
10.775675 4.484752 0.412003 1
26.883765 4.476550 6.745122 1
