9.900527 4.338147 5.009810 47
0.328404 1.776987 3.375487 47
3.024634 1.923093 3.099179 34
7.110074 4.377428 5.228266 34
2.469024 4.979212 4.384413 34
7.544150 1.166381 4.003781 34
10.029212 7.089034 5.660294 34
0.134883 -0.904177 2.678132 34
7.176918 6.369955 7.646144 34
2.926837 -0.139524 0.605906 34
6.010566 1.693632 7.824327 9
4.141245 4.425699 0.422059 9
10.085991 6.681902 0.571127 9
0.121277 -0.394658 7.830947 9
4.379963 2.279160 8.297299 9
5.925284 3.966909 0.060373 9
9.542585 5.282852 2.849743 8
0.656291 0.823724 5.487580 8
10.136007 3.536504 1.772619 8
0.020929 2.782404 6.664399 8
3.624796 2.464588 4.870693 6
6.394159 3.817538 3.464435 6
3.403845 3.586722 5.407264 6
6.675475 2.472841 2.907975 6
2.840043 6.433790 5.378161 6
7.198186 -0.190128 2.910705 6
-2.502517 -1.888799 5.968696 6
12.529196 8.137241 2.451332 6
5.357952 -1.426257 7.449439 6
4.940084 7.582290 0.891662 6
4.211071 -1.703624 8.105817 6
5.929495 7.800308 0.188645 6
6.764776 6.935043 5.831022 6
3.326778 -0.647338 2.323903 6
6.720680 6.214598 4.918709 6
3.508497 0.161967 3.432585 6
9.818882 4.617754 1.782962 6
0.334309 1.658307 6.506714 6
9.696738 5.320644 0.425350 6
0.337164 0.838971 7.808710 6
4.148508 1.881851 5.493092 1
6.115144 4.490931 2.907994 1
3.764553 3.902790 6.319292 1
6.298691 2.280050 1.995618 1
3.873409 6.671051 5.747135 1
6.335714 -0.423825 2.690553 1
-2.202468 -1.268061 6.446252 1
12.299001 7.397411 1.833678 1
5.990652 -0.857042 7.721790 1
4.197592 7.032332 0.558114 1
8.467317 1.852748 0.679373 1
1.826367 4.359580 7.775792 1
2.178501 -1.338019 5.771067 1
7.900821 7.676370 2.471612 1
6.400268 6.531334 3.915537 1
3.665199 -0.341937 4.300107 1
