4.885658 5.033000 6.568289 8
0.560406 5.777879 4.982436 8
5.988407 2.634327 5.931060 7
-0.423594 7.982692 5.556218 7
0.451950 1.095469 5.231288 7
5.085808 9.606948 6.064515 7
2.607109 6.566426 7.237213 7
2.945058 4.178678 4.265985 7
5.839131 6.540864 9.060734 7
-0.173277 4.293179 2.451593 7
-0.212840 0.319128 2.425701 7
5.842427 10.291707 9.108296 7
2.799011 0.145661 4.009728 7
2.786734 10.604391 7.281176 7
2.636855 2.783360 7.323379 7
2.890883 7.773277 4.119740 7
5.684543 2.896986 9.106795 7
-0.025079 7.847781 2.272797 7
0.281146 2.539685 5.484281 6
5.260187 8.255501 5.961584 6
5.408705 1.311028 6.019425 6
0.264185 9.213373 5.280471 6
-0.555514 0.498033 5.637706 6
6.202349 10.270710 5.687288 6
1.948621 6.939772 8.128104 6
3.679857 3.813932 3.338868 6
-0.104852 6.833476 9.138465 6
5.878455 3.824201 2.264265 6
1.117150 7.280562 9.277433 6
4.441009 3.285418 2.169932 6
5.712328 0.106818 2.223403 6
-0.188499 10.587813 9.223900 6
3.660580 11.047075 3.169510 6
2.096819 10.680681 8.324844 6
4.316617 10.868492 2.117479 6
1.213679 -0.164648 9.326475 6
1.625921 8.075368 10.310163 6
3.931545 2.472808 1.263311 6
2.996292 8.587393 10.270222 6
2.665049 2.123622 1.106672 6
0.759013 8.544257 11.315664 6
4.771369 2.267580 0.121180 6
4.020294 10.185368 1.103997 6
1.738706 0.577077 10.494218 6
3.469613 9.335307 11.356784 6
2.160350 1.373401 0.045314 6
2.646969 9.762368 1.000126 6
3.164838 0.963202 10.575570 6
2.103301 3.209183 8.160004 6
3.642466 7.559217 3.226604 6
-0.074571 3.238587 9.197096 6
5.821583 7.472076 2.238622 6
1.241112 3.602625 9.376688 6
4.396898 7.181587 2.149169 6
1.676878 4.400643 10.377923 6
3.950089 6.457835 1.104263 6
3.016437 4.870082 10.430262 6
2.657163 5.960659 0.949514 6
2.106719 5.164644 0.106857 6
3.499707 5.493781 11.353437 6
5.586596 3.405993 5.976221 1
-0.048342 7.180581 5.479717 1
1.277573 0.817000 4.975206 1
4.324128 9.969455 6.484590 1
0.903130 3.234519 5.207164 1
4.750861 7.585787 6.190854 1
4.620267 1.268808 6.450291 1
1.006978 9.455323 5.019057 1
3.529400 8.350539 9.521228 1
1.986623 2.308669 1.868580 1
-0.272694 8.259920 11.290631 1
5.734770 2.595495 0.222444 1
4.364180 9.656120 11.298839 1
1.313151 1.140368 0.067375 1
1.924419 9.761917 1.764925 1
3.574302 0.799320 9.842593 1
3.651708 4.444880 9.679667 1
2.102860 6.287976 1.820647 1
0.002646 4.433897 11.439724 1
5.638857 6.240718 0.068322 1
4.013226 5.125600 6.104322 1
1.556135 5.526965 5.331891 1
5.252724 5.449569 7.243641 1
0.423371 5.229364 4.183869 1
