10.585559 10.037202 11.841170 8
4.522992 2.185077 6.025196 8
1.996773 4.174647 15.842276 8
13.041825 8.134025 2.083127 8
10.843376 10.822001 15.367196 8
4.285980 1.243602 2.691715 8
10.453379 5.733791 17.615514 8
4.698465 6.330541 0.333812 8
12.049830 11.751457 13.690521 8
2.955729 0.546667 4.381297 8
10.058919 3.724890 16.676108 8
4.792207 8.273950 1.389077 8
5.328820 7.288474 15.141315 8
9.801849 4.836158 2.994898 8
7.436916 6.301049 12.236696 8
7.472434 5.921957 5.749865 8
5.010595 5.455976 15.999863 8
10.128058 6.866945 1.961764 8
7.590199 8.344312 11.215270 8
7.358121 3.797625 6.645530 8
3.377052 6.949538 11.281998 8
11.718348 5.164107 6.725222 8
11.248486 4.660030 11.374053 8
3.738892 7.657723 6.682138 8
3.638159 5.619225 13.026581 8
11.460814 6.558145 4.895593 8
10.564221 6.690508 10.902185 8
4.430354 5.437480 7.044753 8
13.395843 7.531592 14.934567 7
1.533129 4.525656 3.140079 7
9.747302 6.930125 13.511525 7
5.234695 5.209977 4.327906 7
12.772006 9.330700 11.880548 7
2.317097 2.945407 6.167342 7
11.533070 3.867730 13.972075 7
3.619970 8.237136 4.015275 7
3.230432 6.547396 15.653106 7
11.735584 5.507289 2.389932 7
9.063549 7.952259 12.922713 7
5.923712 4.255130 5.191246 7
12.764066 8.844992 13.058064 6
2.122471 3.306547 4.893983 6
10.805490 4.995730 14.161475 6
4.256937 7.190375 3.814746 6
12.470037 9.418425 14.273804 6
2.700757 2.736337 3.622332 6
10.360898 5.667180 15.277151 6
4.810170 6.541277 2.633001 6
12.840574 8.710088 15.343761 6
2.206424 3.621470 2.541438 6
9.584421 6.793085 14.936888 6
5.424626 5.451715 3.142046 6
13.477583 7.613693 13.542291 6
1.544713 4.444659 4.580713 6
10.476173 5.947530 13.136031 6
4.631818 6.327340 4.845921 6
11.678236 9.885092 11.186409 6
3.412323 2.255176 6.803906 6
1.731753 3.464064 14.958352 6
13.421540 8.649625 3.126051 6
11.818898 10.065239 9.843865 6
3.273812 2.119086 8.229635 6
2.280858 2.083363 14.603395 6
12.777494 10.042570 3.432709 6
10.496583 10.394914 9.128825 6
4.602863 1.891604 8.834765 6
3.598226 1.801838 14.900216 6
11.433486 10.320715 3.235698 6
10.489212 10.546039 7.685570 6
4.425441 1.613295 10.155770 6
7.268398 11.412329 14.740564 6
7.645598 0.691672 3.258274 6
11.738120 10.641927 7.001832 6
3.315077 1.536024 10.901706 6
6.511178 10.440808 14.129459 6
8.488542 1.721581 3.869249 6
12.970160 10.528775 7.833735 6
2.047534 1.631676 10.150875 6
5.305205 10.511046 14.056558 6
9.858107 1.629122 3.979154 6
12.935771 10.186269 9.061697 6
2.053821 2.007707 8.785875 6
4.646489 11.767811 14.164531 6
10.428500 0.373444 3.878261 6
11.740304 10.774419 14.566037 6
3.315602 1.537346 3.408910 6
10.349119 5.144623 16.727507 6
4.662978 7.131620 1.328542 6
8.169721 2.080321 13.691132 6
6.910607 9.949019 4.282534 6
9.211376 1.717467 0.030550 6
4.764440 8.984815 0.062266 6
8.382088 2.687089 12.402429 6
6.794476 9.391425 5.720438 6
9.961466 1.771094 17.669898 6
4.990018 10.555741 0.224911 6
12.555687 8.694187 16.885742 6
2.309445 3.476030 1.175307 6
8.902772 7.838660 15.694978 6
6.186064 4.270255 2.334052 6
4.678318 6.621334 15.467743 6
10.360186 5.612371 2.389890 6
8.033314 7.366134 12.076797 6
7.008689 4.718542 5.883723 6
6.339105 5.180041 16.086592 6
8.579472 7.062616 1.892645 6
6.426338 8.233284 10.483686 6
8.465523 4.133462 7.630783 6
6.560341 3.790613 16.742807 6
8.350981 8.258438 1.215321 6
6.609757 8.746328 9.159119 6
8.484619 3.488582 8.744478 6
3.306164 6.715562 12.437738 6
11.725924 5.457765 5.497737 6
10.827544 5.605473 11.682474 6
4.191703 6.633195 6.253220 6
4.350574 4.630012 12.102312 6
10.681107 7.491106 5.913645 6
11.037988 6.523662 9.583082 6
3.992802 5.649231 8.482528 6
13.336923 9.008609 11.189724 1
1.714667 3.129895 6.702937 1
11.546590 3.486909 13.306999 1
3.389253 8.620967 4.828182 1
2.832295 5.819084 15.659641 1
12.233579 6.336261 2.301949 1
9.497366 8.726326 12.621584 1
5.478321 3.388514 5.438896 1
9.588500 9.971124 9.687753 1
5.334099 2.070659 8.400775 1
4.082945 2.615562 15.191354 1
10.926253 9.657169 2.748530 1
9.560583 10.893835 7.208314 1
5.553882 1.370091 10.604427 1
8.409964 11.508980 14.900508 1
6.710467 0.801952 3.110892 1
11.806602 10.808464 6.201736 1
3.231676 1.409683 11.869941 1
6.888882 9.494811 14.244287 1
8.186823 2.788921 3.687264 1
13.839309 10.627064 7.255150 1
1.128395 1.449159 10.787259 1
4.689956 9.742277 13.675549 1
10.452088 2.343715 4.402953 1
13.673967 10.181930 9.620646 1
1.369033 1.866169 8.473086 1
11.384383 1.104207 14.228184 1
3.764439 11.045500 3.959010 1
7.381939 2.029654 13.666635 1
7.662044 10.148101 4.274398 1
8.443819 2.192551 0.637944 1
6.571177 10.052599 17.275376 1
8.767648 2.717180 14.026788 1
6.304568 9.477676 3.813824 1
10.126212 2.047084 0.493966 1
4.900948 10.132434 17.674754 1
9.261849 3.188849 12.280284 1
5.707651 9.109667 5.853266 1
9.215493 1.585036 17.374694 1
5.927207 10.718979 0.746597 1
7.906234 3.585968 12.305408 1
7.263685 8.641080 5.699857 1
10.531914 1.558625 16.865444 1
4.544828 10.589253 1.281930 1
8.128322 2.190418 11.642698 1
6.891552 10.162508 6.381524 1
11.954796 10.410653 0.389813 1
2.952929 1.695425 17.503220 1
13.542946 8.794710 17.368147 1
1.507303 3.554224 0.538336 1
9.317772 8.808141 15.670060 1
5.765476 3.275109 2.402882 1
12.097291 9.549285 17.003484 1
2.916434 2.716757 0.913508 1
7.906965 7.970541 15.361836 1
7.184229 4.353236 2.593867 1
12.126945 7.959429 17.202582 1
2.993565 4.127525 0.701537 1
8.782069 7.615434 16.668152 1
6.111054 4.739583 1.421017 1
6.566166 4.905760 15.234599 1
8.355740 7.192602 2.708005 1
6.366184 7.081844 10.281247 1
8.564376 4.954530 7.637127 1
6.895028 5.743637 16.796693 1
8.169018 6.389670 1.267433 1
5.667607 8.521056 10.807462 1
9.360918 3.772031 7.107638 1
6.157755 3.770120 17.674214 1
8.925859 8.416975 0.293483 1
5.629973 8.341553 8.588723 1
9.249615 3.874392 9.461909 1
7.597284 3.723975 16.836927 1
7.319264 8.502241 1.225586 1
6.733038 9.519294 9.216946 1
8.207944 2.494123 8.906109 1
6.184081 3.006394 16.160855 1
8.782520 9.225977 1.669457 1
7.575830 8.259503 8.634014 1
7.478367 4.015347 9.305826 1
4.736419 4.226386 12.663078 1
10.382325 8.034716 5.434808 1
10.223370 5.758482 9.190411 1
4.714616 6.402499 8.850609 1
3.729852 4.379199 11.236118 1
11.430282 7.800936 6.748573 1
10.689007 7.493362 9.018900 1
4.461247 4.865837 9.019702 1
5.009318 5.080893 11.669300 1
9.888438 7.138692 6.207733 1
11.943759 6.443059 9.496198 1
3.119854 5.731267 8.541553 1
