0.794669 3.140803 4.568436 8
3.880849 9.233585 4.998086 8
8.294942 9.027050 14.500952 8
5.216001 2.814235 14.135945 8
1.479666 2.908047 2.438747 7
3.008797 8.975006 6.946988 7
7.575323 9.271109 16.534871 7
5.990606 3.182776 12.117587 7
0.873267 3.613469 3.309259 6
3.798511 9.752507 6.192148 6
8.355497 8.556185 15.738636 6
5.432088 2.590991 12.889928 6
2.244116 1.578707 2.925131 6
2.376652 7.792506 6.573177 6
6.918685 10.569535 16.017644 6
6.806669 4.457106 12.466173 6
2.638980 1.148912 2.356488 1
1.920771 7.400773 7.195014 1
6.343238 10.902621 16.846292 1
7.286953 4.938244 11.722693 1
1.511102 0.973381 3.352819 1
3.105599 7.064884 6.217244 1
7.666060 11.118956 15.660742 1
5.938641 5.003131 12.897145 1
2.889532 1.815630 3.791066 1
1.801000 7.937403 5.862747 1
6.343167 10.338094 15.364387 1
7.305995 4.150970 13.305330 1
1.946642 1.502842 3.997251 1
2.522232 7.696072 5.641705 1
7.073817 10.622086 15.195654 1
6.501129 4.603934 13.441186 1
3.164312 1.780729 2.942307 1
1.399280 7.883931 6.700751 1
5.895789 10.406524 16.131207 1
7.621799 4.392072 12.328054 1
1.791753 0.924381 2.566168 1
2.714303 7.087008 7.016649 1
7.277563 11.338376 16.669769 1
6.333330 5.159485 12.127929 1
1.782383 3.266633 1.010063 6
2.751098 9.308958 8.380125 6
7.391996 8.858757 18.046257 6
6.410951 2.768043 10.564777 6
1.316845 2.133833 0.149302 6
3.215502 8.173580 9.331016 6
7.670870 10.208355 18.907248 6
5.852607 4.062119 9.596612 6
0.924821 1.243120 0.592350 1
3.634488 7.363840 8.978382 1
8.120664 10.958126 18.502999 1
5.412950 4.752895 10.272974 1
0.242831 2.441218 18.501389 1
3.819463 8.414633 10.014935 1
8.856307 9.790299 0.575152 1
5.342972 3.754077 8.957614 1
2.209421 1.540153 18.700712 6
1.923218 7.793733 10.048379 6
6.805179 10.497041 0.368440 6
7.264391 4.412677 8.996340 6
1.294783 12.052738 17.360755 8
2.700926 5.949841 11.271971 8
7.766885 0.161575 1.655733 8
6.256057 6.315968 7.934748 8
2.488267 0.677889 17.774716 6
1.712184 6.616592 10.958281 6
6.565526 11.667483 1.349213 6
7.468532 5.600714 8.155240 6
3.751829 0.372951 17.218776 6
0.470980 6.418190 11.507521 6
5.479895 11.755414 1.955854 6
8.783172 5.775106 7.611001 6
3.786600 11.921360 16.511993 1
0.171076 5.721382 12.083588 1
5.318608 0.267269 2.430063 1
8.790757 6.446939 7.068406 1
4.775687 1.175670 17.504794 6
8.818505 7.352021 10.980690 6
4.274116 11.017413 1.463408 6
0.202414 4.828791 8.114250 6
5.550368 1.058963 17.133082 1
8.048959 7.229203 11.368605 1
3.400936 11.075801 1.871249 1
1.126901 5.019359 7.705762 1
5.435524 3.151192 18.943271 8
8.176802 9.140470 9.581324 8
3.612905 9.037458 0.105460 8
0.978228 3.111000 9.514679 8
4.452791 2.203618 18.604456 6
9.042793 8.248983 10.113322 6
4.624663 9.970512 0.528062 6
0.084955 3.801414 9.051182 6
3.185849 2.517154 18.922348 6
0.807227 8.595971 9.671581 6
5.822937 9.793337 0.042758 6
8.339846 3.725393 9.424996 6
3.241745 3.529535 0.942239 6
1.259224 9.572266 8.739547 6
5.809571 8.757188 18.136464 6
7.932212 2.516429 10.485376 6
3.447251 4.490198 0.443044 1
1.090594 10.433718 9.111363 1
5.539385 7.758554 18.664722 1
8.023156 1.776842 10.052403 1
3.905833 3.418624 1.706406 1
0.757302 9.523984 7.771037 1
5.227917 8.656681 17.359197 1
8.444416 2.546984 11.211072 1
6.806492 3.072138 18.361104 6
6.712930 8.995455 10.165609 6
2.200898 9.281873 0.633077 6
2.221999 3.125300 8.874520 6
7.434307 3.681316 18.797513 1
6.303039 9.705316 9.838326 1
1.745863 8.536190 0.388979 1
2.893925 2.511423 9.296801 1
6.780736 3.128719 17.377774 1
6.917493 9.357769 11.151699 1
2.431457 9.062384 1.776270 1
2.110445 2.985299 7.905041 1
7.237670 1.985619 18.543104 1
6.359778 8.192601 10.139266 1
1.852595 10.144823 0.529447 1
2.612846 4.034995 9.007737 1
1.507101 11.054447 16.540870 6
2.667753 4.858273 12.244572 6
7.659809 1.255542 2.537507 6
6.438320 7.319760 6.894572 6
0.641288 10.435216 16.407412 1
3.396983 4.489449 12.316378 1
8.426664 1.650110 2.754407 1
5.745739 7.708207 6.833772 1
2.229996 10.342099 16.837998 1
1.987184 4.339788 11.765104 1
6.897731 1.879416 2.207008 1
7.112209 7.967037 7.227705 1
1.743995 11.345775 15.587769 1
2.294208 5.221606 12.984877 1
7.327761 0.923063 3.476273 1
6.916702 7.057626 6.120903 1
0.531924 4.746202 18.551039 8
3.479899 10.886569 10.022237 8
8.467866 7.351347 0.417704 8
5.691645 1.301077 9.034146 8
0.348651 5.135506 1.600717 7
4.209612 11.190828 7.988900 7
8.772816 7.090509 17.570453 7
4.920718 0.960899 11.167223 7
9.335791 5.816010 1.232470 1
4.607011 11.933956 8.218403 1
-0.227936 6.450269 17.748818 1
4.295701 0.329145 10.760221 1
1.030364 4.399378 0.585297 6
3.504378 10.604863 8.852316 6
7.972249 7.813709 18.499598 6
5.564866 1.626358 10.246722 6
0.094817 4.843540 3.070642 6
4.339199 11.029584 6.606788 6
9.028805 7.353346 16.112312 6
4.696625 1.266591 12.582777 6
0.678627 6.141890 3.698277 6
3.842991 0.008159 5.827073 6
8.422985 6.148117 15.347094 6
5.190100 0.066540 13.371488 6
0.886111 5.834684 4.722540 1
3.786968 11.931276 4.920591 1
8.214164 6.391667 14.463772 1
5.283850 0.233901 14.274224 1
1.484953 6.464062 3.278584 1
3.105266 0.480728 6.134214 1
7.614841 5.764269 15.722447 1
5.963955 11.754782 12.839335 1
9.049338 6.935608 3.729680 6
5.022805 0.934176 5.803945 6
0.138078 5.242437 15.303238 6
3.961705 11.264289 13.239937 6
0.657698 9.076534 3.996885 8
3.956127 2.854282 5.529851 8
8.400653 3.160569 15.116334 8
5.164084 9.231550 13.463617 8
8.971760 8.435503 3.758470 6
5.153149 2.312285 5.869487 6
0.134850 3.728570 15.309384 6
3.998508 9.966438 13.276072 6
7.654775 9.092473 3.666347 6
6.300257 2.898685 5.885771 6
1.242557 3.100858 15.483856 6
2.642134 9.267561 13.211919 6
7.675071 10.061119 3.573066 1
6.480270 3.828494 5.978088 1
1.409237 2.172087 15.397406 1
2.764434 8.312643 13.092296 1
6.535951 8.305195 3.401142 6
7.540237 2.144744 6.197770 6
2.595623 3.891868 15.807609 6
1.563389 9.977584 12.825978 6
5.722272 8.770756 3.317914 1
8.275223 2.669250 6.415741 1
3.229742 3.516315 15.890073 1
0.729409 9.583468 12.694970 1
5.569429 6.039665 3.023039 8
8.574236 0.098156 6.505095 8
3.498504 5.990547 16.125559 8
0.598872 12.143403 12.532783 8
6.628102 6.957793 3.213276 6
7.436449 0.760547 6.279648 6
2.438593 5.248972 15.848203 6
1.554702 11.379024 12.872870 6
7.768020 6.263318 3.524401 6
6.318191 0.252749 6.074276 6
1.292472 5.957664 15.630528 6
2.736916 12.107352 12.962201 6
8.180099 4.854472 3.260881 6
5.906732 10.846872 6.172677 6
0.895447 7.341018 15.880297 6
3.098703 1.352395 12.854000 6
7.683299 4.350839 2.504636 1
6.407772 10.474980 7.055848 1
1.430812 7.860081 16.659915 1
2.538091 1.618841 12.051444 1
8.032140 4.324105 4.166384 1
6.077753 10.329240 5.424684 1
1.217083 7.855757 14.951906 1
2.843381 1.704896 13.703251 1
4.420718 6.697614 2.572309 6
0.279535 0.626587 6.828597 6
4.652580 5.326418 16.507294 6
8.869619 11.429854 12.197765 6
3.727210 6.073846 2.382498 1
0.853038 12.117066 7.022013 1
5.373939 6.011439 16.630028 1
8.235445 12.184689 11.988301 1
4.372203 7.362759 1.813962 1
-0.012141 1.272560 7.710173 1
4.516665 4.925548 17.267145 1
8.942140 10.997039 11.329108 1
3.957348 7.308077 3.442093 1
0.477354 1.250409 6.170434 1
4.935124 4.847876 15.706565 1
8.590449 10.849420 12.967618 1
0.545097 10.454172 4.071529 6
3.975922 4.292803 5.525724 6
8.482441 1.684326 15.025900 6
5.133167 7.836789 13.493832 6
1.582696 10.689848 4.075410 1
3.029695 4.721647 5.472961 1
7.548208 1.544968 14.946633 1
6.109837 7.645585 13.646626 1
0.112226 10.862504 4.591473 1
4.534075 4.758980 4.921655 1
8.995418 1.398752 14.317499 1
4.579404 7.629043 14.333360 1
0.269316 10.739643 3.040775 1
4.254034 4.661574 6.484821 1
8.848425 1.391292 16.063071 1
4.794464 7.472714 12.643366 1
