4.317994 3.333570 9.544763 53
9.876101 12.356328 9.836329 53
5.009523 15.006495 3.365810 53
-0.458827 5.736582 3.045480 53
8.360500 4.341223 11.064904 53
5.810829 13.495955 8.344120 53
1.026449 13.892554 1.955284 53
3.620778 4.641106 4.603581 53
3.535260 0.999028 1.149742 7
1.203299 10.138611 5.161780 7
5.958742 17.071247 11.677151 7
8.269985 8.047574 7.608266 7
5.805425 1.558539 0.346117 6
-1.001935 10.666022 5.946803 6
3.520367 16.664739 12.464410 6
10.413912 7.617796 6.841123 6
1.184161 2.894853 9.638201 8
0.676729 11.928944 9.614227 8
8.174732 15.349995 3.252796 8
8.783027 6.219785 3.174148 8
-0.248891 17.447111 11.730311 7
2.173293 8.390866 7.567470 7
9.643655 0.721110 1.250422 7
7.196519 9.851483 5.170952 7
3.117134 2.424437 11.144244 6
-1.302523 11.559774 8.188570 6
6.258063 15.733390 1.732110 6
10.742583 6.600057 4.729080 6
4.151438 0.756423 2.427499 6
0.730934 9.888298 4.101217 6
5.302934 17.542908 10.443925 6
8.697537 8.301071 8.716590 6
3.575693 0.520858 3.063301 1
1.190658 9.518282 3.374926 1
5.871879 17.657848 9.878526 1
8.095994 8.695530 9.417427 1
9.532610 2.648678 11.291853 6
4.473172 11.898391 8.061978 6
-0.178738 15.414381 1.714118 6
4.815729 6.483690 4.707903 6
0.856566 1.818465 11.946899 6
0.809310 10.987325 7.396301 6
8.414167 16.244058 1.000934 6
8.570554 7.141371 5.426793 6
-0.943210 16.424749 11.503557 6
2.623039 7.339339 7.790669 6
10.315671 1.822333 1.350121 6
6.794051 11.015124 5.184607 6
-0.370502 15.630684 11.739904 1
2.166574 6.506519 7.616180 1
9.707768 2.565407 1.164812 1
7.326260 11.769734 5.287765 1
3.679687 2.094855 12.229360 6
10.504897 11.227101 6.988788 6
5.705763 16.158673 0.647555 6
-0.963222 6.991095 5.806626 6
4.623206 2.234469 12.463338 1
9.446162 11.255193 6.902885 1
4.798963 16.099338 0.497554 1
-0.031011 7.038613 5.985678 1
1.130940 1.807127 8.584159 6
0.573087 11.023019 10.683985 6
8.277103 16.390441 4.171554 6
8.693925 7.265795 2.157450 6
-0.482910 1.772391 11.587560 6
2.366906 10.736509 7.737756 6
10.054723 16.563643 1.253294 6
6.978349 7.289733 5.178739 6
-2.510583 0.352770 11.270185 6
4.340705 9.487407 8.141813 6
-0.360004 17.976745 1.713384 6
5.032188 8.839786 4.900473 6
6.242988 1.064072 1.617099 6
10.732859 10.319022 4.684959 6
3.156917 17.120963 11.290029 6
-1.283017 7.977629 8.044465 6
7.195424 1.113743 1.795723 1
9.715722 10.282072 4.597797 1
2.142547 16.990434 10.992301 1
-0.399978 7.925210 8.312604 1
4.317263 1.572008 0.165120 6
0.414075 10.565020 6.197162 6
4.964837 16.622911 12.642260 6
9.095808 7.675718 6.715690 6
1.452605 0.771348 8.815486 8
0.206063 9.800105 10.460056 8
7.991840 17.548493 4.135335 8
9.217586 8.412903 2.258564 8
5.500932 0.816048 2.669659 6
-0.691985 9.837510 3.788534 6
3.969122 17.511938 10.163501 6
10.156138 8.309448 9.135830 6
5.709762 0.420408 3.513851 1
11.195021 9.512956 2.935391 1
3.637659 17.724448 9.422930 1
-1.844610 8.605942 9.948460 1
-1.300359 2.860304 11.412246 6
3.234013 11.880121 7.859633 6
10.741684 15.385459 1.383551 6
6.143110 6.188865 5.110858 6
-2.252031 16.213789 11.354447 6
3.993571 7.103705 7.879681 6
11.756085 2.165798 1.530915 6
5.445633 11.254506 4.997073 6
9.717308 15.218434 11.227890 1
4.476117 6.242863 7.979442 1
-0.252796 2.959919 1.578275 1
4.915063 12.137463 4.924976 1
-1.193374 0.363226 11.430739 6
2.898044 9.581176 7.744016 6
10.515275 17.763866 1.414694 6
6.435443 8.772953 4.977025 6
0.568863 2.438047 7.640072 7
1.134623 11.488101 11.708972 7
8.774880 15.686454 5.383312 7
8.267030 6.711487 1.104037 7
1.776403 2.400935 10.829234 6
-0.000524 11.497589 8.408359 6
7.702676 15.949346 1.985747 6
9.317894 6.805475 4.374130 6
-0.886768 4.154493 11.541012 8
2.525350 13.100398 7.769606 8
10.253642 14.168860 1.305120 8
6.854314 5.028582 5.019435 8
1.514591 4.444871 0.783204 8
3.222953 13.564570 5.638704 8
7.958064 13.662941 12.134483 8
6.184720 4.590394 7.234353 8
-0.415876 5.981668 12.538065 7
2.229714 15.261982 6.785196 7
9.704767 12.148196 0.444518 7
7.235917 3.041319 6.015738 7
-0.856662 4.926885 12.719268 6
2.620129 13.970425 6.586074 6
10.397514 13.383594 0.159111 6
6.717163 4.245298 6.156223 6
8.927995 1.385599 11.206040 6
5.047108 10.538471 8.112346 6
0.417510 16.707470 1.743886 6
4.274839 7.718311 4.660875 6
8.017869 1.448616 10.827372 1
6.013234 10.571553 8.328779 1
1.316115 16.724961 1.958374 1
3.426509 7.802581 4.564063 1
0.096974 6.426447 11.099021 6
1.552307 15.597082 8.208211 6
9.107297 11.799877 1.769037 6
7.806022 2.599511 4.661579 6
0.084729 7.495951 11.071628 1
1.711590 16.487569 8.283592 1
9.278165 10.823543 1.744288 1
7.795297 1.571533 4.614609 1
-0.223736 6.021340 10.391865 1
2.043424 15.150923 8.841002 1
9.708990 12.052802 2.430500 1
7.286369 3.028772 4.025640 1
9.237728 17.240456 11.216635 6
4.811245 8.177209 8.128077 6
0.079832 0.928100 1.645244 6
4.546615 10.199180 4.718772 6
8.376307 17.071353 11.054226 1
5.819515 7.986561 8.289252 1
1.125953 1.167082 1.806902 1
3.572392 10.211476 4.612877 1
0.018254 3.864759 7.535323 6
1.635391 12.853878 11.878855 6
9.345283 14.349475 5.442101 6
7.734105 5.213559 0.992971 6
0.037535 4.144820 6.552964 1
1.620942 13.231138 12.843626 1
9.323441 14.064790 6.293692 1
7.714854 4.880604 0.221094 1
0.646485 4.371468 7.996106 1
1.014330 13.507623 11.334007 1
8.825684 13.835748 4.809850 1
8.314786 4.679817 1.680787 1
2.512082 6.993550 0.655321 6
2.290259 16.110333 5.707558 6
7.020876 11.233588 12.229061 6
7.071750 2.123131 7.053752 6
3.312801 7.630760 0.683883 1
1.479402 16.610644 5.777694 1
6.057388 10.663788 12.233963 1
8.046438 1.460529 7.073398 1
2.241221 6.551827 1.581769 1
2.350454 15.741107 4.856692 1
7.109543 11.662656 11.390514 1
6.960289 2.498239 7.857266 1
1.749838 6.135121 11.143600 6
0.145566 15.243210 8.283910 6
7.750532 11.996249 1.746461 6
9.287440 3.029404 4.583692 6
2.061464 6.524591 11.896980 1
-0.303237 15.690722 7.438448 1
7.362578 11.716882 1.012589 1
9.840208 2.618660 5.340606 1
2.027910 6.435105 10.230743 1
-0.235368 15.674971 9.013716 1
7.297886 11.693098 2.659685 1
9.679632 2.551973 3.853962 1
1.860696 5.176790 11.104078 1
-0.006127 14.337568 8.190637 1
7.623443 13.105890 1.648155 1
9.466810 3.950402 4.633185 1
0.295212 1.571183 6.498806 6
1.492598 10.715962 12.869008 6
8.993587 16.637706 6.421657 6
7.862672 7.565237 0.026124 6
-0.662618 1.615436 6.174331 1
5.412287 10.626018 0.245870 1
10.105256 16.521322 6.699828 1
4.057185 7.552973 12.626440 1
0.397876 0.487526 6.787047 1
1.313523 9.758744 12.552138 1
8.989148 17.673905 6.217544 1
8.014723 8.423021 0.310541 1
-1.347849 3.851109 7.944789 6
3.121356 12.963977 11.277052 6
10.712888 14.193265 4.825045 6
6.206589 5.150083 1.475008 6
10.446648 3.301746 7.406131 1
3.734760 12.393610 11.764661 1
-1.093823 14.882698 5.350929 1
5.718144 5.788126 1.150752 1
-1.605089 4.924237 7.846799 1
3.393686 13.883462 11.464751 1
11.032657 13.359221 5.006784 1
6.090098 4.237493 1.505882 1
-1.361676 3.722842 8.887152 1
3.113765 12.763889 10.341728 1
10.816839 14.535426 3.930128 1
6.333928 5.416760 2.454692 1
1.310603 8.044855 0.527351 6
3.376228 17.190874 6.044782 6
8.019622 10.112446 12.402895 6
6.042289 1.050358 6.844240 6
-1.523348 8.517264 12.595121 1
3.270830 17.722887 6.867060 1
10.927750 9.635920 0.385435 1
6.188451 0.521219 6.143798 1
1.234322 8.633634 1.185683 1
3.546323 17.688488 5.314296 1
8.123763 9.591464 11.726564 1
5.851671 0.619726 7.571488 1
0.446842 7.517520 0.323978 1
4.313627 16.696155 6.243731 1
9.011360 10.713037 12.564008 1
5.147192 1.555076 6.778527 1
1.170978 1.823540 5.357392 6
3.531866 11.015220 1.191626 6
8.140939 16.453754 7.691472 6
5.923360 7.194057 11.781692 6
0.973531 2.702548 4.930227 1
3.698746 11.871795 1.487407 1
8.453891 15.423496 8.021256 1
5.787425 6.404094 11.315311 1
1.086376 1.267149 4.637141 1
3.761986 10.394000 1.867777 1
8.320728 17.044610 8.257624 1
5.623290 7.933247 11.031594 1
2.144255 1.708838 5.616221 1
2.562984 10.755069 0.870176 1
7.302282 16.551470 7.401507 1
6.771661 7.304882 11.983276 1
