-0.170111 10.795992 1.917918 9
8.266299 1.553179 1.602136 9
7.677735 7.556037 5.187590 9
-0.884096 16.728320 5.512087 9
4.971977 6.743764 1.808538 9
3.100188 15.892725 1.875686 9
2.432203 11.629419 5.439478 9
4.387906 2.543297 5.239039 9
5.928991 11.104606 1.967532 8
2.113598 1.950485 1.581826 8
1.650955 7.247734 5.082947 8
5.445902 16.315370 5.594869 8
7.735209 6.057874 1.592618 7
0.402897 15.087354 1.821772 7
-0.262455 12.351367 5.388651 7
7.184121 3.182473 5.289055 7
0.979549 8.156434 1.799879 7
7.217722 17.290359 1.886828 7
6.681436 10.261946 5.316011 7
0.334174 1.133233 5.250835 7
5.408258 8.914743 1.802938 7
2.665470 18.123233 1.640672 7
2.128978 9.394147 5.216843 7
4.889209 0.160420 5.346266 7
0.376420 5.745525 2.103275 6
7.756946 14.910101 1.543012 6
7.136618 12.504442 4.945917 6
-0.167138 3.311329 5.701603 6
1.388398 6.726348 1.455252 6
6.767390 15.856096 2.117107 6
6.282903 11.542695 5.779263 6
0.636082 2.479841 5.071383 6
7.680474 9.653005 2.016275 6
0.335017 0.609862 1.600683 6
-0.251874 8.570237 5.192128 6
7.228446 17.751904 5.524764 6
6.320483 9.842227 1.846915 6
1.662118 0.831958 1.701626 6
1.127207 8.500986 5.120160 6
5.727028 17.596592 5.475324 6
5.983798 7.699162 1.739309 6
2.109545 16.784763 1.724866 6
1.525561 10.602038 5.304730 6
5.354208 1.515672 5.451274 6
7.363678 7.298422 1.772639 6
0.826919 16.489170 1.894526 6
0.229592 10.987461 5.417414 6
6.735242 1.921632 5.268016 6
8.178066 8.468884 1.876951 6
-0.076692 17.536229 1.693909 6
-0.848146 9.946756 5.265542 6
7.662145 0.851731 5.440844 6
7.338621 5.359263 0.420838 6
0.818673 14.492868 3.196024 6
0.124056 12.960039 6.679794 6
6.875409 3.876458 3.995881 6
1.971820 9.088228 1.753007 6
6.194030 0.021944 1.896568 6
5.653162 9.173608 5.408383 6
1.378471 0.081974 5.191971 6
4.481227 11.452795 2.082048 6
3.677156 2.286418 1.461012 6
2.892945 7.033959 5.097293 6
3.890656 16.080244 5.690285 6
4.200228 12.824731 2.253104 6
3.736800 3.639878 1.422379 6
3.209205 5.438730 4.907559 6
3.683570 14.643837 5.753874 6
0.296484 5.937756 3.172526 1
7.729308 15.052059 0.500080 1
7.163723 12.423616 4.117053 1
-0.304310 3.230199 6.674032 1
0.581394 4.892868 1.958103 1
7.605122 13.973822 1.630966 1
6.997510 13.384159 5.255138 1
-0.095896 4.221145 5.367735 1
2.123843 6.629356 1.772750 1
5.868398 15.743244 1.859930 1
5.377700 11.739854 5.404135 1
1.515295 2.588002 5.366736 1
1.231574 6.633454 0.540363 1
6.811219 15.707264 3.101268 1
6.296606 11.812151 6.590371 1
0.740669 2.561620 4.132049 1
7.503503 4.428092 0.511703 1
0.642889 13.550487 3.103619 1
0.011956 13.909384 6.742219 1
6.851603 4.881491 4.133996 1
6.537644 5.554393 0.119372 1
1.628821 14.649290 3.542643 1
1.063766 12.849458 6.956146 1
5.883252 3.651261 3.600024 1
6.660915 5.629811 6.791466 1
0.242172 14.771825 3.840648 1
0.838616 12.672567 0.433758 1
7.411544 3.464035 3.122402 1
1.846867 9.664719 2.372411 1
6.085614 0.604848 1.151965 1
5.651215 8.628890 4.712217 1
1.412523 17.819943 5.924293 1
1.921477 9.616990 0.747587 1
6.322828 0.424873 2.841926 1
5.612329 8.702116 6.366313 1
1.262785 17.832617 4.322217 1
2.778411 8.744442 1.727529 1
5.360398 17.911589 1.846056 1
4.737634 9.625497 5.445422 1
2.208887 0.498528 5.266781 1
4.201691 11.083845 1.241388 1
4.039013 1.910130 2.333997 1
3.503216 7.429726 5.873298 1
3.536028 16.464863 4.829545 1
4.163812 10.802827 2.811181 1
4.006985 1.821390 0.651304 1
3.403493 7.513707 4.265950 1
3.611144 16.659748 6.454103 1
4.585808 13.308365 1.427769 1
3.625153 4.080568 2.061318 1
2.881369 5.081203 5.683565 1
3.993510 14.232220 4.978153 1
3.318034 12.990467 2.438998 1
4.847130 3.756117 1.238844 1
4.277817 5.408651 4.862884 1
2.699121 14.405975 5.888543 1
4.708585 13.150357 3.042829 1
3.364184 4.128267 0.633673 1
2.805590 5.168617 4.065420 1
4.162047 14.186849 6.527016 1
