4.475679 2.403097 0.302718 8
4.619346 2.427315 3.687040 8
10.552679 6.568653 0.366479 8
-1.276563 6.726062 3.807334 8
1.827262 6.015475 7.866148 8
1.807135 6.026478 4.470749 8
-4.074013 1.798927 7.869208 8
7.841091 1.715600 4.438327 8
-1.722408 1.196569 6.679155 8
5.459255 1.225894 5.456264 8
4.311923 5.385413 6.749318 8
-0.462542 5.492228 5.423463 8
8.225527 7.179301 1.322962 8
1.135780 7.213825 2.788791 8
2.257071 2.952546 1.436296 8
7.019620 3.054733 2.682268 8
0.672871 1.689603 6.778055 6
3.071290 1.693058 5.369403 6
6.540699 5.902276 6.859179 6
-2.859315 5.901701 5.304931 6
5.794728 6.685084 1.228813 6
3.349015 6.773890 2.863200 6
-0.018538 2.460680 1.317355 6
9.261324 2.531597 2.700515 6
1.574694 2.844275 6.740482 6
2.105462 2.844171 5.436297 6
-4.530156 7.098370 6.744698 6
8.173596 7.081916 5.421875 6
4.837054 5.659293 1.450608 6
4.282450 5.639538 2.601847 6
10.791763 1.431947 1.399820 6
-1.696086 1.426443 2.720755 6
1.871458 1.751244 7.474806 6
1.707747 1.758536 4.586028 6
-4.017513 5.827261 7.534600 6
7.765195 5.912680 4.626657 6
4.579335 6.708707 0.609350 6
4.655331 6.625205 3.527183 6
10.530329 2.499221 0.560841 6
-1.209014 2.592396 3.448323 6
1.113054 0.724821 5.733870 6
2.493701 0.813695 6.546098 6
7.042473 5.001614 5.639721 6
-3.451380 5.075130 6.481658 6
5.360973 7.569389 2.382837 6
3.889218 7.670701 1.683713 6
-0.692001 3.464466 2.464451 6
9.854489 3.457763 1.677765 6
-0.711764 1.828885 7.455703 6
4.400811 1.832567 4.770759 6
5.174368 6.081085 7.362458 6
-1.493309 5.902248 4.703227 6
7.150351 6.563543 0.691010 6
1.996780 6.564224 3.387342 6
1.136380 2.319930 0.621122 6
7.913605 2.393608 3.283135 6
1.216438 3.530534 7.195349 1
2.544870 3.622207 4.961220 1
-4.696444 7.760287 7.286247 1
8.344659 7.762784 4.887503 1
5.259748 4.762644 0.831682 1
3.927618 4.690732 3.121380 1
11.252842 0.622426 0.761748 1
-2.064483 0.568083 3.160016 1
7.673690 1.799751 0.327519 1
1.608159 1.718423 3.642582 1
1.566606 5.900303 0.435247 1
7.604997 5.950315 3.564049 1
-1.126704 6.628101 7.624168 1
4.801703 6.619763 4.511940 1
4.833486 2.433733 7.693262 1
-1.168258 2.497644 4.482018 1
0.778108 8.389774 5.579384 1
2.908015 8.401028 6.633528 1
6.754101 4.024217 5.508604 1
-2.945531 4.077667 6.674162 1
5.785419 0.044695 2.636927 1
3.558771 0.014335 1.399040 1
-0.206719 4.274169 2.520463 1
9.321201 4.395297 1.453589 1
-2.618308 1.436189 7.237822 1
6.287214 1.416847 4.803697 1
3.293049 5.701565 7.361501 1
0.409712 5.657158 4.987799 1
9.038832 6.862503 0.791483 1
0.237467 6.992298 3.285076 1
3.147130 2.795711 0.751586 1
6.195337 2.782654 3.310765 1
