1.021272 2.908555 1.915692 6
5.232068 14.135974 1.879409 6
3.340669 19.805099 5.566347 6
-1.100020 8.415600 5.699213 6
1.272571 1.373575 2.135530 6
4.993741 12.656037 1.670992 6
3.059509 21.085008 5.479004 6
-0.768777 9.794572 5.820677 6
2.171636 0.925469 1.242012 6
4.017500 12.238932 2.557342 6
2.113568 21.729699 6.226345 6
0.246634 10.368226 5.023613 6
2.425366 0.035739 1.391717 1
3.846961 11.227608 2.421332 1
1.753894 22.571618 6.212496 1
0.361847 11.311261 5.139323 1
2.878535 1.658203 0.442930 6
3.244447 12.920749 3.401290 6
1.378601 20.919158 7.166233 6
0.998393 9.633976 4.083049 6
-0.279622 1.262299 7.346257 1
2.585022 12.502470 3.949595 1
4.508358 21.233486 0.104242 1
1.543053 9.954043 3.587945 1
2.692385 3.002699 0.273472 6
3.650121 14.390908 3.543048 6
1.585955 19.556835 7.391582 6
0.743041 8.381970 3.971133 6
-0.855772 3.586473 7.118135 1
3.111533 14.799673 4.247727 1
5.149012 19.113637 0.311331 1
1.132664 7.781799 3.402334 1
1.715256 3.674445 0.930541 6
4.527163 14.802319 2.729601 6
2.666611 19.037119 6.572435 6
-0.367588 7.696897 4.859796 6
1.391015 4.590338 0.874865 1
4.801028 15.851463 2.750512 1
2.850762 18.150164 6.635136 1
-0.489872 6.859030 4.706157 1
0.393154 0.553349 3.039182 6
5.982662 11.856262 0.902070 6
3.842014 22.004639 4.632872 6
-1.634774 10.835506 6.696346 6
0.846076 22.363322 3.179496 1
5.406623 10.972144 0.610111 1
3.502205 0.281775 4.311520 1
-1.252874 11.557096 7.083918 1
0.145030 0.959234 3.858048 1
6.229098 12.430049 0.002263 1
4.112235 21.475639 3.803058 1
-1.856260 10.215050 7.495950 1
-0.980482 0.247660 2.073008 6
7.063224 11.589732 1.523669 6
5.242590 22.367192 5.476343 6
-2.975863 11.176517 5.869019 6
-0.815896 22.022956 1.749329 1
-1.068986 10.633876 2.199836 1
5.160171 0.623162 5.783244 1
5.292788 11.994810 5.425396 1
6.169294 0.881817 2.145185 6
-0.023641 12.230911 1.623457 6
-2.004592 21.650878 5.459926 6
4.152481 10.477075 5.978100 6
5.415959 0.509378 1.477040 1
0.759700 11.835648 2.221684 1
-1.304954 21.942794 6.032861 1
3.486634 10.744272 5.417410 1
5.835276 2.143097 2.763752 6
0.352260 13.410144 0.895567 6
-1.593837 20.463388 4.742778 6
4.034548 9.114196 6.683303 6
6.069791 2.086778 3.735183 1
-3.774786 13.277347 7.414353 1
-1.915996 20.567991 3.739586 1
8.138449 9.218512 0.091467 1
5.045360 2.485412 2.772994 1
1.286299 13.774354 1.045976 1
-0.767210 20.154220 4.680416 1
2.905360 8.865133 6.535091 1
6.753144 3.485004 2.297789 6
-0.526658 14.734550 1.368453 6
-2.451178 19.247565 5.266299 6
4.789312 7.920479 6.088999 6
6.621895 3.487805 1.317066 1
-0.371472 14.799685 2.475217 1
-2.383694 19.204247 6.108181 1
4.650238 7.941842 5.137631 1
6.339234 4.257302 2.653670 1
0.013553 15.467939 1.155575 1
-1.998667 18.449569 4.841367 1
4.278210 7.044016 6.398336 1
0.163534 3.850946 4.043071 6
2.138951 15.229557 7.367166 6
3.963754 18.582629 3.634280 6
2.074671 7.355104 0.294587 6
1.587113 3.969947 4.476975 6
0.542743 15.313664 6.840880 6
2.578652 18.612062 3.145006 6
3.561705 7.303574 0.616438 6
2.536528 4.807212 3.818084 6
-0.203087 16.267798 7.446521 6
1.708425 17.826328 3.825042 6
0.534974 6.373951 7.519302 6
2.254260 5.353378 3.184471 1
3.925472 16.819474 0.761100 1
2.082418 17.237528 4.490577 1
0.266491 5.852171 6.879589 1
3.883284 5.005227 4.197698 6
-1.626716 16.313808 7.047031 6
0.455611 17.655103 3.342957 6
5.895789 6.324171 0.577604 6
4.455983 5.591397 3.785072 1
-2.266066 16.882775 7.409277 1
-0.228558 17.080906 3.734372 1
6.410589 5.788165 0.038641 1
4.349573 4.208944 5.320063 6
-1.996166 15.480942 6.015949 6
0.072602 18.547458 2.147765 6
6.195526 7.217992 1.622436 6
5.187060 4.255413 5.546631 1
-2.842193 15.434229 5.702680 1
-0.885797 18.398164 1.830329 1
7.195537 7.201852 1.768634 1
3.425344 3.172220 5.989626 6
-1.115285 14.632010 5.294321 6
0.930089 19.249661 1.618466 6
5.259035 7.990229 2.069213 6
3.753168 2.712482 6.579471 1
-1.408907 14.093200 4.689556 1
0.626650 19.875476 0.877453 1
5.678767 8.639644 2.874059 1
2.091978 3.117994 5.468366 6
0.324167 14.440727 5.889511 6
2.105126 19.377171 2.005475 6
3.975657 8.186751 1.698116 6
1.406389 2.674819 5.887384 1
0.801077 13.831386 5.369749 1
2.727319 19.995524 1.673251 1
3.423268 8.685570 2.065487 1
0.001538 3.519517 2.705913 7
6.251799 14.721719 1.030726 7
4.236908 19.108919 4.698351 7
-2.037594 7.823418 6.502831 7
-0.740555 4.297582 4.829549 8
2.958472 15.657139 6.622692 8
4.908694 18.232274 2.849365 8
1.196350 6.973270 1.028267 8
