4.777472 14.638062 6.378147 16
-0.664927 5.412627 7.257507 16
-1.255544 17.716013 12.091732 8
5.291247 8.477620 1.664457 8
4.138843 15.686964 11.446829 8
0.179288 6.505918 2.291686 8
0.246752 14.457401 1.049490 8
3.742867 5.153068 12.729369 8
0.389284 17.202894 0.585462 8
3.722343 8.012343 13.103364 8
3.354234 17.306553 3.640823 8
0.917297 7.981277 10.167505 8
4.281427 14.960085 5.055579 8
-0.191514 5.620596 8.725928 8
4.278786 15.492645 7.382693 8
-0.139731 6.211535 6.480643 8
0.285682 14.601906 6.343958 8
3.927491 5.514289 7.393868 8
3.980640 17.595938 2.343066 7
0.215626 8.341510 11.357431 7
-0.849002 16.871669 13.088947 6
5.049618 7.707112 0.643458 6
0.096668 16.872947 13.277126 1
3.969258 7.697527 0.338147 1
-1.334158 15.459851 12.749415 6
5.388285 6.234814 0.962574 6
-0.633953 14.936273 12.447421 1
4.731100 5.655145 1.196384 1
3.759729 15.133759 13.661088 6
-1.604765 5.805430 13.584173 6
3.102497 14.672720 13.298873 1
1.151784 5.375555 0.267811 1
5.246142 16.416839 0.709082 6
-1.138243 7.075382 13.062840 6
4.639822 16.758100 0.068530 1
1.489451 7.479873 0.050131 1
4.760920 16.337728 1.939489 6
-0.524867 7.173802 11.601977 6
5.496161 16.367370 2.667941 1
-1.238365 7.129869 10.995389 1
3.670635 15.235780 2.167020 6
0.492937 6.084103 11.337702 6
4.030532 14.434428 2.409847 1
0.019900 5.119932 11.101954 1
3.109245 15.237612 1.455141 1
1.111747 5.833632 12.211191 1
2.901288 15.858095 3.313933 6
1.357446 6.581890 10.222084 6
1.890182 15.876782 3.088757 1
2.194701 6.587366 10.608239 1
2.986869 15.230727 4.763945 6
1.210595 6.024059 8.978979 6
2.584688 15.668228 5.488093 1
1.628499 6.555692 8.268106 1
2.540659 14.323827 4.669939 1
1.701945 5.094450 9.013544 1
4.416197 13.127711 6.724083 6
-0.210676 3.734139 6.950233 6
3.184464 12.913148 7.320961 6
1.017493 3.523808 6.265251 6
2.500277 13.519651 7.675370 1
1.527098 4.286124 6.102224 1
2.797355 11.593109 7.579511 6
1.403484 2.214315 6.112090 6
1.849722 11.322649 8.028903 1
2.294348 2.037347 5.564018 1
3.567722 10.421562 7.347425 6
0.743505 1.241483 6.437229 6
4.681672 10.648144 6.824305 6
-0.624228 1.453542 6.875330 6
-0.786048 9.959086 6.619368 1
4.936072 0.673020 7.152052 1
5.034020 12.024739 6.490979 6
-0.990461 2.727757 7.249754 6
-0.029910 12.187699 5.998079 1
4.295285 2.884518 7.518480 1
3.100747 9.069564 7.649193 6
1.201238 18.341758 6.017263 6
2.622264 8.651618 6.746473 1
1.531604 17.973431 6.754421 1
2.347968 8.970991 8.381706 1
1.755020 18.222209 5.389276 1
3.736669 8.475418 7.895382 1
0.269294 17.839518 5.895241 1
4.613929 0.334718 2.661089 6
-0.521981 9.402556 10.967147 6
5.328706 0.475382 2.060512 1
-1.206140 9.628777 11.735368 1
5.168324 0.084325 3.405639 1
-1.068088 9.427124 10.134463 1
3.958815 1.472250 2.860909 6
0.249804 10.707093 10.818560 6
2.563807 1.618918 2.344375 6
1.489565 10.838985 11.310016 6
2.161739 0.796637 1.842555 1
1.982469 10.133169 11.825843 1
4.465025 2.661317 3.395779 6
-0.287265 11.824969 10.355824 6
5.285660 2.486042 3.812240 1
-1.156697 11.804943 9.814441 1
1.828472 2.827881 2.370623 6
2.152948 11.949170 11.385584 6
1.107893 2.919761 2.097301 1
3.044303 12.055014 11.656783 1
3.742768 3.836634 3.509116 6
0.469602 13.060346 10.153887 6
4.221445 4.435031 3.894521 1
-0.091575 13.672651 9.703185 1
2.582527 3.933322 2.942194 6
1.720182 13.031327 10.663067 6
2.073378 4.626017 2.899178 1
2.122558 13.958490 10.661815 1
0.402307 13.038510 0.713658 6
3.644164 3.779493 13.022722 6
-1.190543 12.871511 13.491895 1
5.383714 3.701611 0.225753 1
5.584215 12.529409 0.816148 1
-1.381313 3.259584 12.917381 1
1.455606 12.390405 1.631609 6
2.749895 2.996973 12.044922 6
1.247032 12.265618 3.036864 6
2.856900 3.084837 10.769428 6
0.525613 12.727524 3.399074 1
3.707729 3.438168 10.258651 1
2.068267 11.818378 3.873506 6
2.113338 2.639782 9.870460 6
1.870021 11.820387 4.774160 1
2.169079 2.502833 8.856944 1
3.211316 11.107393 3.264781 6
0.998457 1.906299 10.410102 6
3.805406 10.846393 3.870299 1
0.419303 1.665801 9.783651 1
3.428573 11.040428 2.115589 6
0.761223 1.923501 11.686685 6
4.122904 10.721059 1.733850 1
0.081068 1.488498 12.024089 1
2.457357 11.609697 1.156444 6
1.585667 2.409083 12.597759 6
2.548283 11.706223 0.285326 1
1.566145 2.359175 13.436648 1
4.442478 17.079966 10.816830 6
-0.308594 7.848056 2.816775 6
3.393272 17.700989 10.251281 6
0.686165 8.467814 3.439713 6
3.192616 17.029057 9.448148 1
0.894514 7.858597 4.303812 1
3.844289 0.056794 9.720593 1
0.332411 9.292382 3.962399 1
2.765071 17.745213 10.708917 1
1.398665 8.599838 2.891853 1
-0.273714 16.854753 10.069665 6
4.464228 7.459673 3.524764 6
0.368364 16.347498 10.555039 1
3.805227 7.010320 3.005086 1
0.134430 17.672729 9.796263 1
4.095541 8.425855 3.821032 1
-0.502200 16.228425 9.222966 1
4.651511 7.013259 4.419921 1
