2.110118 9.199610 38.152503 8
13.523000 9.067505 19.590563 8
12.640077 3.954511 38.149084 8
2.782502 3.825861 19.600644 8
15.407014 1.240920 0.418940 8
3.964527 1.271467 18.811092 8
4.689172 6.580457 0.417856 8
14.657920 6.498596 18.745229 8
1.759159 8.463602 38.395877 1
13.758492 8.516260 19.227712 1
12.375204 3.328255 38.370031 1
3.317145 3.341693 19.263190 1
12.018177 1.821905 38.412628 1
3.633032 1.867738 19.190739 1
5.069916 7.123128 0.033738 1
14.297273 7.100342 19.145362 1
5.776885 3.899836 0.553798 8
13.652341 3.954996 18.592597 8
16.247134 9.079331 0.681887 8
3.047713 9.062905 18.714160 8
11.727340 6.502115 37.926656 8
3.916461 6.566718 19.874317 8
1.023189 1.357231 37.820288 8
14.543497 1.418596 19.881812 8
5.505518 3.181813 0.219669 1
13.914693 3.238366 19.062193 1
16.119731 8.410657 0.241921 1
3.184882 8.525740 19.057598 1
11.921570 7.294646 38.338365 1
3.701734 7.266957 19.438044 1
1.272204 2.077581 38.405197 1
14.307751 2.042177 19.322135 1
5.333931 10.353257 35.541360 6
10.137640 10.418702 22.223937 6
15.996996 5.172076 35.377607 6
-0.358873 5.246080 22.236196 6
12.069616 10.359161 2.944811 6
7.279066 0.011734 16.225950 6
1.527827 5.215329 3.078842 6
17.842935 5.284915 16.299294 6
5.377240 1.004397 35.413250 1
10.242482 0.879487 22.385748 1
15.879297 6.182861 35.303514 1
-0.241921 6.224425 22.419053 1
12.189508 9.423109 3.086496 1
7.112695 9.458462 16.022999 1
1.501289 4.217565 3.144392 1
17.689240 4.376355 16.075851 1
6.250022 10.212977 35.853173 1
9.393154 10.152553 21.751735 1
16.878628 5.016088 35.884931 1
-1.261242 5.050878 21.763998 1
11.186252 0.102855 2.518774 1
8.130016 0.191361 16.633578 1
0.586219 5.442215 2.447263 1
18.608201 5.466739 16.697483 1
5.591311 9.775148 34.124566 6
10.144667 9.723206 23.614543 6
16.153068 4.443441 34.020797 6
-0.587712 4.500739 23.658420 6
11.993072 0.759394 4.302124 6
7.463895 0.638462 14.785580 6
1.264664 5.970984 4.282453 6
17.932186 5.974585 14.924007 6
5.410686 8.418755 34.073873 6
10.133874 8.285917 23.681462 6
16.034835 3.118205 34.101841 6
-0.462364 3.157877 23.507168 6
12.104887 2.038314 4.432535 6
7.268095 1.980435 14.763539 6
1.426872 7.306071 4.348883 6
17.817044 7.350742 14.825055 6
5.390954 7.763537 35.354679 6
10.208180 7.624634 22.348187 6
15.924875 2.515431 35.488244 6
-0.345491 2.435689 22.194154 6
12.223455 2.695256 3.125534 6
7.221563 2.812644 16.201133 6
1.516177 7.919984 3.016828 6
17.782066 7.967226 16.212659 6
6.065405 7.769043 35.834946 1
9.399256 7.875583 21.796597 1
16.722213 2.584001 35.919384 1
-1.146448 2.599934 21.701011 1
11.280556 2.738200 2.464461 1
7.994003 2.598190 16.726087 1
0.728234 7.922993 2.602323 1
18.667998 7.814830 16.707035 1
5.152648 6.662582 35.202596 1
10.522101 6.721754 22.376421 1
15.778447 1.451446 35.210047 1
-0.203306 1.504924 22.486051 1
12.329809 3.691985 3.198944 1
7.047321 3.690054 15.998179 1
1.701973 8.912846 3.202101 1
17.653809 8.861713 15.962477 1
4.182031 8.245213 36.178520 6
11.478564 8.198454 21.486998 6
14.739397 3.043259 36.149433 6
0.711482 3.050430 21.351945 6
13.271622 2.113624 2.221770 6
6.042211 2.135047 16.911689 6
2.673398 7.370541 2.227538 6
16.704510 7.393429 17.059784 6
4.113437 9.929989 36.296553 6
11.340259 9.900783 21.355960 6
14.827458 4.612018 36.311914 6
0.781433 4.562461 21.508074 6
13.150696 0.548716 2.111799 6
6.122002 0.639978 16.943655 6
2.583827 5.791611 2.121702 6
16.738335 5.802627 17.003219 6
3.434305 10.235686 35.918592 1
12.240958 10.236188 21.830127 1
14.053365 4.922202 35.921873 1
1.581722 4.929523 21.944313 1
14.033018 0.209097 2.692873 1
5.169830 0.255127 16.521595 1
3.534700 5.390717 2.621174 1
15.953242 5.501607 16.520465 1
4.110084 10.168465 37.685345 6
11.451216 10.204088 20.006373 6
14.719278 5.012377 37.692796 6
0.836540 4.990882 20.012913 6
13.155784 0.174546 0.758071 6
5.984148 0.142946 18.472623 6
2.636212 5.460400 0.834218 6
16.660354 5.480929 18.386112 6
3.702460 0.681821 37.912029 1
11.818545 0.587610 19.806787 1
14.401308 5.877628 37.784306 1
1.166415 5.794614 19.813967 1
13.817298 9.864372 0.670800 1
5.587283 9.765092 18.534060 1
3.059475 4.596628 0.553735 1
16.220948 4.601715 18.625321 1
5.019057 0.002903 38.061594 1
10.395613 10.317810 19.728344 1
15.794768 5.053265 38.114458 1
-0.078893 5.129167 19.556296 1
12.304099 0.068214 0.349322 1
7.049581 0.136623 18.789628 1
1.734506 5.194635 0.381742 1
17.531852 5.184740 18.842098 1
3.596470 9.041441 38.338044 6
12.124702 9.042313 19.205188 6
14.029472 3.845056 38.428223 6
1.529292 3.921402 19.300878 6
10.268881 1.425847 38.411636 6
5.330580 1.329832 19.104463 6
-0.493433 6.458723 38.389297 6
15.937388 6.611196 19.216250 6
4.218315 7.830851 37.686766 6
11.373892 7.889336 19.964127 6
14.749329 2.767087 37.643881 6
0.898116 2.632161 20.024478 6
13.380980 2.474559 0.707689 6
5.999776 2.538741 18.567136 6
2.762421 7.738967 0.792036 6
16.577445 7.837981 18.524461 6
3.533496 7.156584 37.840724 1
11.950117 7.090919 19.760456 1
14.188980 1.829965 37.787005 1
1.336969 1.831919 19.885270 1
13.754340 3.389708 0.599094 1
5.421359 3.343937 18.611315 1
3.230904 8.514717 0.707411 1
16.113647 8.631296 18.525340 1
4.943456 7.686052 38.072202 1
10.544920 7.779039 19.609572 1
15.587813 2.422597 37.962407 1
-0.016270 2.531901 19.728380 1
12.340490 2.677713 0.428740 1
6.921710 2.641807 18.727219 1
1.822006 7.924706 0.508250 1
17.571478 7.859138 18.738054 1
5.816716 0.180480 32.838616 6
9.755934 0.223095 24.764023 6
16.341631 5.343296 32.942928 6
-0.764696 5.335890 24.736672 6
11.732454 10.327260 5.461539 6
7.624063 10.263720 13.724354 6
1.083410 5.014851 5.578403 6
18.171927 5.016308 13.676639 6
6.860407 10.341564 32.038618 6
8.681744 10.307915 25.727486 6
17.413822 5.140576 32.133075 6
-1.825447 5.099625 25.533264 6
10.699660 0.160353 6.438255 6
8.577877 10.405062 12.900401 6
0.095585 5.389470 6.336590 6
19.291348 5.353384 12.911264 6
7.371477 9.534841 32.147104 1
8.263123 9.668937 25.529548 1
17.994010 4.362788 32.084535 1
-2.346013 4.356299 25.469053 1
10.039141 0.753964 6.301471 1
9.286859 0.753045 12.972562 1
-0.437334 6.089254 6.327631 1
19.838819 5.986592 12.903014 1
7.059671 0.872550 31.109777 6
8.557031 0.846493 26.620221 6
17.574343 5.931889 30.982367 6
-2.059825 5.938421 26.764875 6
10.458631 9.701088 7.513146 6
8.993182 9.661708 11.748277 6
-0.198477 4.313405 7.390146 6
19.514457 4.363005 11.709250 6
7.747658 0.570003 30.436857 1
7.818384 0.615138 27.169143 1
-2.778098 5.803353 30.360652 1
18.481438 5.883743 27.136589 1
9.656228 9.775891 7.969758 1
9.700066 9.773503 11.122901 1
20.258636 4.640106 7.954807 1
-0.868000 4.473096 11.226666 1
6.170512 1.869095 30.777032 6
9.268176 1.882032 26.802168 6
16.772070 7.127204 30.863570 6
-1.348140 7.209733 26.932920 6
11.125052 8.493075 7.676363 6
8.059327 8.535497 11.575747 6
0.641288 3.392703 7.615360 6
18.703766 3.382912 11.644773 6
6.531297 2.584217 30.200687 1
9.075168 2.550440 27.618652 1
17.079374 7.790630 30.056266 1
-1.487324 7.734287 27.496231 1
11.003077 7.989907 8.306946 1
8.263159 7.859369 10.933487 1
0.455198 2.771217 8.306501 1
18.964992 2.769754 10.977018 1
5.083455 2.209730 31.644563 6
10.452489 2.207158 26.043693 6
15.873591 7.292023 31.700376 6
-0.287857 7.258700 25.996939 6
12.264486 8.261580 6.760693 6
7.032023 8.372378 12.416799 6
1.582980 3.026796 6.875360 6
17.559922 3.101184 12.363294 6
4.702897 2.830008 31.572725 1
10.926626 2.959450 26.101939 1
15.305455 8.113264 31.431271 1
0.276614 8.056163 26.234358 1
12.758738 7.563603 6.919484 1
6.477823 7.542335 12.292828 1
2.125117 2.381126 6.913199 1
17.087809 2.261902 12.202414 1
5.017509 1.193960 32.606039 6
10.670872 1.218366 25.001514 6
15.566929 6.528099 32.611466 6
0.028118 6.412694 24.966659 6
12.438541 9.159698 5.707570 6
6.780283 9.194924 13.364019 6
1.843436 3.889728 5.805036 6
17.361064 3.924311 13.561072 6
5.488745 7.512691 32.851311 6
10.212859 7.623343 24.843476 6
16.037811 2.232802 32.837480 6
-0.360418 2.417586 24.851375 6
12.046822 2.898887 5.637230 6
7.268361 2.867818 13.678767 6
1.540151 8.087553 5.639702 6
17.783058 8.149000 13.703564 6
6.225207 6.466897 32.729561 6
9.253516 6.489567 24.973341 6
16.948191 1.375897 32.618647 6
-1.360729 1.243314 24.939971 6
11.243612 3.910477 5.701616 6
8.199102 3.824804 13.479524 6
0.603617 9.116397 5.797271 6
18.780936 9.066621 13.371942 6
6.892060 6.312855 33.235797 1
8.686582 6.354211 24.435108 1
17.433027 1.030686 33.321932 1
-1.933006 1.075078 24.443448 1
10.559993 4.047236 5.215085 1
8.743169 4.111707 14.099638 1
-0.042804 9.309480 5.034508 1
19.444212 9.220910 14.185717 1
6.298523 5.727686 31.602496 6
9.369481 5.766179 26.044619 6
16.903629 0.462533 31.579301 6
-1.313142 0.584739 26.214049 6
11.274589 4.686835 6.867271 6
8.160517 4.668980 12.229389 6
0.673135 9.911502 6.982668 6
18.737922 9.981245 12.271963 6
6.782189 5.039324 31.384010 1
8.655608 5.101038 26.207873 1
17.478469 10.271004 31.427186 1
-1.882002 10.334998 26.354063 1
10.472209 5.368545 7.101705 1
8.742024 5.335708 12.103024 1
-0.039723 0.115202 6.986074 1
19.417153 0.070693 12.100255 1
5.257920 5.957021 30.483074 6
10.335043 5.919644 27.017007 6
15.987556 0.704692 30.507529 6
-0.289499 0.743778 27.052700 6
12.197827 4.546695 7.963345 6
7.135213 4.511250 11.281204 6
1.528939 9.620483 7.912306 6
17.736018 9.685988 11.282396 6
5.306480 5.317351 29.820155 1
10.250262 5.486384 27.900619 1
15.815299 0.282385 29.772245 1
-0.284860 0.216598 27.938086 1
12.141757 5.071281 8.634212 1
7.168169 4.996410 10.668009 1
1.476742 10.150035 8.537629 1
17.861915 10.129872 10.541179 1
4.353279 6.969949 30.685666 6
11.072021 6.952672 26.946643 6
15.040602 1.770871 30.749633 6
0.618300 1.750590 26.887690 6
13.087111 3.564083 7.696111 6
6.250438 3.422021 11.412573 6
2.401867 8.714278 7.712967 6
16.900501 8.604762 11.455724 6
3.821346 7.172696 30.053418 1
11.811393 7.196852 27.594650 1
14.309657 1.826262 30.086141 1
1.199048 1.830353 27.513724 1
13.578147 3.351773 8.399417 1
5.609564 3.409259 10.791727 1
2.999595 8.485268 8.467564 1
16.233694 8.616053 10.779228 1
4.490107 7.725410 31.874281 6
11.094806 7.723845 25.724421 6
15.081093 2.473652 31.896595 6
0.457939 2.558950 25.869435 6
12.923493 2.744410 6.653723 6
6.368162 2.721237 12.566198 6
2.427542 7.831642 6.650898 6
16.931154 7.916499 12.645748 6
3.745587 8.469914 31.956212 1
11.785433 8.479867 25.722305 1
14.364168 3.271050 31.883278 1
1.197159 3.146027 25.760526 1
13.722338 1.874118 6.439347 1
5.700355 2.000165 12.789987 1
2.941042 7.257171 6.419206 1
16.362301 7.172215 12.714481 1
7.383780 9.060084 1.459948 6
11.835854 9.156079 17.766122 6
17.932349 3.946968 1.387047 6
1.281289 3.790276 17.723323 6
10.023255 1.280832 36.985462 6
5.575613 1.247045 20.727939 6
-0.569807 6.552071 37.064080 6
16.189900 6.493692 20.724207 6
6.291504 9.021805 2.346140 6
13.079157 9.043555 16.845870 6
16.830731 3.816350 2.343423 6
2.416503 3.902209 16.984691 6
11.081023 1.368390 36.111730 6
4.345531 1.358052 21.586394 6
0.635223 6.501810 36.207305 6
15.026439 6.607168 21.614123 6
5.442821 9.182669 1.983011 1
13.940028 9.213432 17.212558 1
15.956472 3.869108 1.975272 1
3.212692 3.938092 17.299947 1
11.953367 1.317983 36.512714 1
3.520763 1.376402 21.094416 1
1.382514 6.510445 36.562345 1
14.217913 6.517351 21.142032 1
6.374824 9.195972 3.735353 6
12.806332 9.095158 15.478029 6
17.101127 3.958651 3.778747 6
2.349908 3.836494 15.447345 6
11.070480 1.261080 34.829061 6
4.497067 1.373198 23.020436 6
0.502479 6.569365 34.701938 6
15.107001 6.447692 23.014390 6
5.763225 9.174598 4.287031 1
13.568459 9.176824 14.967675 1
16.302685 3.920352 4.290373 1
3.054028 3.989174 14.953008 1
11.714191 1.211158 34.225024 1
3.766365 1.339926 23.466780 1
1.105522 6.478171 34.279511 1
14.320892 6.600806 23.468025 1
7.688198 9.051218 4.257454 6
11.619746 9.085170 14.995197 6
18.217371 3.818567 4.302101 6
1.031720 3.835595 14.974394 6
9.683071 1.383616 34.102556 6
5.735170 1.389247 23.511836 6
-0.776956 6.599106 34.088670 6
16.425206 6.526842 23.476766 6
7.681807 8.963982 5.284863 1
11.613827 8.953575 13.992031 1
18.280700 3.739771 5.298394 1
0.970928 3.902954 13.988366 1
9.686310 1.327832 33.248466 1
5.819278 1.335658 24.526205 1
-1.006252 6.527113 33.337301 1
16.504865 6.517511 24.527024 1
8.826670 9.010781 3.552182 6
10.598044 9.036991 15.768489 6
19.417951 3.715428 3.409901 6
-0.056094 3.728435 15.740869 6
8.756578 1.415016 35.036373 6
6.863930 1.481021 22.740138 6
-1.895518 6.637250 35.082751 6
17.447151 6.580102 22.658966 6
9.722976 8.984344 3.774694 1
9.734901 9.066209 15.386637 1
20.157413 3.723117 3.772352 1
-0.823688 3.770478 15.464035 1
7.719201 1.434210 34.600054 1
7.761132 1.435778 23.053346 1
-2.776811 6.600878 34.539313 1
18.269317 6.709074 22.987445 1
8.697004 8.997287 2.178028 6
10.627657 8.977335 17.121511 6
19.339866 3.764879 2.140110 6
0.068342 3.809384 17.212473 6
8.737014 1.439123 36.441207 6
6.754795 1.426836 21.393858 6
-1.806545 6.514307 36.425901 6
17.294187 6.591436 21.244039 6
7.765840 2.529007 4.150841 6
11.532915 2.565716 15.021806 6
18.324319 7.725176 4.304611 6
0.994337 7.750219 15.047651 6
9.730049 7.996153 34.127583 6
5.906347 7.888964 23.454175 6
-0.896040 2.620378 34.139228 6
16.496556 2.663523 23.408031 6
7.674795 1.445052 4.290879 1
11.700565 1.444403 15.035035 1
18.277646 6.815357 4.323513 1
1.091680 6.692027 14.945913 1
9.746589 8.846861 34.182759 1
5.768935 8.907078 23.491446 1
-0.820851 3.603159 34.201367 1
16.480667 3.732893 23.453023 1
8.641267 2.603652 4.100446 1
10.569419 2.748066 15.273069 1
19.294234 7.969467 4.092867 1
0.060557 7.874860 15.083734 1
8.736835 7.816955 34.471968 1
6.863872 7.778378 23.303827 1
-1.890690 2.459504 34.417053 1
17.559254 2.523541 23.225066 1
7.497142 3.073732 5.623375 6
11.967298 3.141602 13.648006 6
17.966011 8.292094 5.566303 6
1.247070 8.379036 13.745632 6
10.118926 7.213168 32.850157 6
5.493468 7.326952 24.683651 6
-0.495451 2.143539 32.947972 6
16.121233 1.978835 24.764623 6
7.264318 4.495884 5.561383 6
11.942175 4.474691 13.582770 6
17.955813 9.730374 5.615122 6
1.480085 9.736128 13.629098 6
10.072058 5.994364 32.909081 6
5.466738 5.861007 24.839503 6
-0.557200 0.734736 32.917466 6
16.043786 0.765919 24.724110 6
7.637866 5.219651 4.189580 6
11.740625 5.189362 15.044844 6
18.317280 10.418841 4.314498 6
1.110545 10.389566 14.876546 6
9.803747 5.224288 34.119660 6
5.805443 5.163931 23.563392 6
-0.808324 10.351631 34.204450 6
16.392626 0.098425 23.497650 6
8.554504 5.229565 4.128793 1
10.771264 5.171290 15.091009 1
19.160354 10.284783 4.046934 1
0.031528 10.265545 15.118500 1
8.775036 5.298185 34.429342 1
6.817126 5.332127 23.236203 1
-1.843508 0.032763 34.356790 1
17.312120 0.101761 23.344142 1
7.469218 6.050607 4.335885 1
11.899026 6.189717 14.868436 1
18.024303 0.986615 4.288044 1
1.232357 0.943804 14.919249 1
9.938978 4.247642 34.149883 1
5.509044 4.368706 23.504152 1
-0.642659 9.492758 34.126030 1
16.171706 9.395500 23.667375 1
6.891797 4.681625 3.163066 6
12.387832 4.527746 16.215230 6
17.525169 9.857610 3.093045 6
1.800303 9.858105 16.179781 6
10.576201 5.923620 35.458098 6
5.039507 5.903147 22.375748 6
0.005562 0.617504 35.291297 6
15.716085 0.606990 22.258100 6
6.977317 3.048205 3.039562 6
12.446266 2.970968 16.040039 6
17.627816 8.311607 3.142104 6
1.759490 8.294176 16.109320 6
10.503897 7.336728 35.312590 6
5.141875 7.363450 22.241263 6
-0.160302 2.200033 35.382186 6
15.579250 2.175302 22.388222 6
6.118370 2.692800 3.241515 1
13.324552 2.705854 16.122251 1
16.644549 7.955440 3.157618 1
2.663973 7.890160 16.063380 1
11.440896 7.663654 35.289467 1
4.100505 7.732671 22.411362 1
0.820510 2.579512 35.202577 1
14.823882 2.397108 22.362565 1
7.372879 2.632308 1.773018 6
11.774536 2.571575 17.497197 6
18.015040 7.848011 1.770244 6
1.369040 7.890597 17.507078 6
9.954810 7.801701 36.712025 6
5.598246 7.812387 20.862561 6
-0.610128 2.483508 36.770407 6
16.239968 2.538857 20.984791 6
8.427356 2.401004 1.636383 1
10.979432 2.410544 17.494781 1
19.017943 7.649674 1.746571 1
0.366947 7.661464 17.612160 1
8.981008 8.042274 36.699706 1
6.525721 7.894484 20.918364 1
-1.644125 2.698269 36.685986 1
17.192829 2.848589 20.946804 1
6.985855 1.908664 1.321508 1
12.262711 1.888438 17.865307 1
17.528361 7.034783 1.285528 1
1.641152 7.149787 17.758852 1
10.413460 8.577436 37.062260 1
5.175465 8.586032 20.535261 1
-0.112031 3.420442 37.048593 1
15.796854 3.318315 20.683065 1
7.159120 3.766148 0.822203 6
12.246757 3.821824 18.370757 6
17.760720 9.095036 0.837816 6
1.515980 8.968906 18.371295 6
10.267531 6.516370 37.746507 6
5.318691 6.635828 20.105073 6
-0.214987 1.301689 37.578226 6
15.875948 1.340223 20.109267 6
7.548103 4.906916 1.661055 6
11.820509 5.068623 17.536594 6
18.160190 10.107974 1.682622 6
1.295158 10.220127 17.551707 6
9.996771 5.516818 36.792737 6
5.597895 5.344830 20.942328 6
-0.687361 0.203785 36.749436 6
16.105698 0.249004 21.035036 6
8.407889 5.067022 1.756966 1
10.820271 5.115763 17.363626 1
19.103902 10.281027 1.708788 1
0.295511 10.367288 17.501702 1
8.925287 5.334450 36.735551 1
6.495111 5.351049 20.938189 1
-1.559290 0.069276 36.593678 1
17.072990 0.050629 20.991086 1
7.078327 5.853782 1.502294 1
12.274313 5.801410 17.783755 1
17.719583 0.618738 1.404297 1
1.759617 0.658478 17.797112 1
10.322512 4.666895 37.119109 1
5.154339 4.656391 20.572821 1
-0.176990 9.800381 36.945088 1
15.727019 9.771059 20.549899 1
7.245442 2.327140 6.754528 6
12.209040 2.327816 12.580093 6
17.761382 7.428215 6.656350 6
1.556101 7.424736 12.584312 6
10.248339 8.072222 31.675331 6
5.265360 8.221632 25.892879 6
-0.309763 2.838286 31.834161 6
15.998836 2.864125 25.941069 6
7.836621 2.389915 7.845099 6
11.389803 2.398882 11.334344 6
18.574743 7.743402 7.843901 6
0.755968 7.732633 11.258321 6
9.549257 7.936387 30.515519 6
5.991658 7.956503 27.039142 6
-1.015677 2.792452 30.560823 6
16.590267 2.755409 27.063713 6
8.601514 3.142683 8.051419 1
10.876754 3.223160 11.179619 1
19.108076 8.431236 8.046269 1
0.254381 8.407841 11.173398 1
8.902155 7.264063 30.443803 1
6.653267 7.353922 27.248423 1
-1.616369 2.166624 30.540033 1
17.345862 1.995087 27.282258 1
7.792318 1.651136 8.883269 6
11.582033 1.674735 10.192468 6
18.302855 6.727565 8.959374 6
1.003047 6.778224 10.333560 6
9.740700 8.773601 29.454804 6
5.791836 8.782981 28.211567 6
-0.860285 3.702805 29.475714 6
16.509361 3.630849 28.253998 6
8.200332 1.753249 9.719693 1
11.138785 1.705739 9.530732 1
18.844526 6.843921 9.778634 1
0.395247 6.871892 9.473169 1
9.295316 8.657239 28.772991 1
6.399963 8.774127 28.859048 1
-1.307279 3.476336 28.744920 1
17.046147 3.548140 29.041713 1
6.903644 0.667529 8.856391 6
12.522243 0.683056 10.224688 6
17.376111 5.758654 8.811958 6
1.818213 5.901543 10.414285 6
10.555265 9.808499 29.601958 6
4.966921 9.810668 28.076606 6
0.033822 4.641023 29.457980 6
15.531315 4.564146 28.029311 6
6.587279 10.408742 9.698370 1
12.581107 10.402412 9.486044 1
17.349828 5.291140 9.711627 1
2.023099 5.286824 9.641617 1
10.855547 10.284401 28.822441 1
4.759110 10.277614 28.899871 1
0.150532 5.156406 28.764697 1
15.483143 5.119422 28.773216 1
6.159098 0.460128 7.708393 6
13.267704 0.385738 11.540168 6
16.638558 5.701680 7.784276 6
2.524902 5.608246 11.541326 6
11.260017 10.042988 30.781935 6
4.319473 10.062379 26.953869 6
0.789784 4.780006 30.620306 6
14.890954 4.904055 27.028669 6
5.565383 10.091621 7.666759 1
13.879725 10.184632 11.440551 1
16.045192 4.950319 7.657734 1
3.331862 4.865688 11.606603 1
11.979792 0.232909 30.654211 1
3.556035 0.313508 26.874058 1
1.284933 5.444135 30.756283 1
14.264283 5.464393 26.996339 1
6.268592 1.212349 6.628646 6
13.044208 1.313257 12.531072 6
16.984585 6.337002 6.659233 6
2.515362 6.459798 12.592276 6
11.051488 9.215366 31.830417 6
4.495064 9.125218 25.853012 6
0.501246 3.983877 31.765992 6
15.083738 3.903582 25.890234 6
5.848575 1.078239 5.883080 1
13.456877 0.988749 13.288742 1
16.453881 6.266596 5.955444 1
2.909765 6.321236 13.302910 1
11.560259 9.309557 32.600841 1
4.026832 9.449996 25.058913 1
0.944367 4.167004 32.457627 1
14.550938 4.216916 25.136056 1
6.883402 5.236109 6.650765 6
12.501407 5.277893 12.612148 6
17.535521 0.165548 6.771876 6
1.783587 0.131235 12.572567 6
10.500516 5.019912 31.743956 6
5.032324 5.096222 25.863200 6
-0.095552 10.395644 31.696662 6
15.509797 10.247868 25.891873 6
7.604258 6.520270 7.087971 6
11.855418 6.479409 12.095746 6
18.202820 1.234561 7.161551 6
1.227597 1.259236 12.216794 6
10.023772 3.996899 31.433266 6
5.589558 3.995505 26.199970 6
-0.613114 9.249299 31.358341 6
16.323573 9.198479 26.357279 6
7.041404 7.277618 8.058172 6
12.163677 7.198568 11.190954 6
17.729645 2.101968 8.044824 6
1.605959 2.035492 11.232518 6
10.412501 3.211261 30.335083 6
5.240055 3.109749 27.269610 6
-0.302219 8.459772 30.425779 6
15.749117 8.491758 27.379502 6
7.497010 7.934878 8.226542 1
11.815537 8.001461 10.814903 1
18.219526 2.729799 8.330720 1
1.209193 2.710200 10.825425 1
9.908257 2.431611 30.145052 1
5.710645 2.370793 27.475524 1
-0.744067 7.719714 30.167770 1
16.201404 7.701084 27.637233 1
5.843178 6.940818 8.689768 6
13.449934 7.002049 10.409293 6
16.428554 1.727428 8.701503 6
2.795551 1.638023 10.489550 6
11.616509 3.422204 29.714269 6
3.991247 3.494597 27.940667 6
0.936213 8.733741 29.810376 6
14.703348 8.740024 27.962230 6
5.522304 7.531289 9.374157 1
13.817203 7.501402 9.856168 1
16.223335 2.296072 9.422229 1
3.113085 2.295590 9.714077 1
11.815847 2.953239 29.090534 1
3.662359 3.013139 28.643013 1
1.265270 8.063888 29.134059 1
14.332647 8.207370 28.569305 1
5.141482 5.892743 8.447241 6
14.141655 5.792109 10.816058 6
15.813474 0.624721 8.489159 6
3.592148 0.540112 10.819756 6
12.225202 4.529798 30.129333 6
3.419878 4.529906 27.688235 6
1.658529 9.822751 29.996435 6
13.946970 9.759897 27.600112 6
4.337624 5.515363 8.868392 1
14.934179 5.543828 10.290321 1
15.041211 0.434801 8.764331 1
4.325654 0.398520 10.355540 1
12.960682 4.898136 29.596729 1
2.463612 4.870101 27.973171 1
2.384362 9.953133 29.541881 1
13.086387 10.030267 28.022940 1
5.575570 4.925652 7.392676 6
13.565528 4.898655 11.892739 6
16.190497 10.199536 7.427525 6
3.053524 10.264041 11.837591 6
11.754423 5.443321 31.181838 6
3.775639 5.443977 26.512672 6
1.188821 0.330574 31.126578 6
14.421444 0.172879 26.499919 6
5.289727 4.149154 7.206552 1
14.079877 4.295358 12.176678 1
15.750811 9.348254 7.033941 1
3.549157 9.363867 12.199866 1
12.200082 6.270740 31.395550 1
3.260640 6.146855 26.429669 1
1.726752 0.909437 31.286958 1
13.899964 1.056419 26.390438 1
4.090994 3.766704 38.018636 6
11.428417 3.776024 19.709085 6
14.645478 9.169634 38.002256 6
0.885096 8.978350 19.722689 6
13.338779 6.528268 0.484348 6
6.076849 6.504506 18.753546 6
2.806837 1.351017 0.612934 6
16.531665 1.293088 18.740298 6
3.569543 3.927773 36.666058 6
12.156512 3.976456 20.957857 6
14.141774 9.144367 36.803339 6
1.588699 9.012053 20.969868 6
14.063450 6.578539 1.778065 6
5.447454 6.506808 17.538841 6
3.397044 1.260351 1.675740 6
15.934749 1.342940 17.490125 6
2.504748 3.835513 36.761677 1
13.023565 3.942634 21.059700 1
13.088927 9.126530 36.689103 1
2.328962 9.043475 20.894789 1
14.804515 6.449842 1.720016 1
4.438823 6.497357 17.507475 1
4.303138 1.358121 1.712886 1
14.995567 1.255283 17.478733 1
4.151112 3.884790 35.498855 6
11.471350 3.913397 22.079945 6
14.825093 9.176954 35.489334 6
0.807232 9.041933 22.139327 6
13.330521 6.520590 2.972073 6
5.991101 6.540882 16.201543 6
2.604554 1.211931 2.888175 6
16.726563 1.383801 16.322517 6
3.692776 4.017509 34.720928 1
11.887746 3.922473 22.988502 1
14.289822 9.120833 34.740091 1
1.265990 9.160997 22.891074 1
13.768358 6.512700 3.816753 1
5.646257 6.460672 15.538401 1
3.093597 1.191472 3.731335 1
16.082708 1.297337 15.399631 1
5.551166 3.848471 35.498626 6
10.064952 3.909871 22.172349 6
16.076225 9.116100 35.492071 6
-0.470288 9.033304 22.109695 6
11.998407 6.474143 2.884973 6
7.479591 6.524545 16.365384 6
1.265603 1.319624 2.997695 6
18.017834 1.263688 16.178637 6
6.151300 3.896029 36.584846 6
9.310525 3.885400 20.990715 6
16.813322 9.147639 36.616927 6
-1.290019 9.126236 20.963198 6
11.141325 6.555177 1.669147 6
8.112343 6.511017 17.358866 6
0.608775 1.441352 1.701495 6
18.769270 1.390202 17.382320 6
7.132392 3.784633 36.678532 1
8.422258 3.920567 20.942630 1
-3.392298 9.078813 36.729799 1
18.994746 9.034544 20.951315 1
10.315698 6.497253 1.812862 1
9.103654 6.496541 17.468712 1
20.988707 1.270209 1.722893 1
-1.669409 1.382089 17.476977 1
5.576703 3.821043 37.926269 6
9.980118 3.768413 19.760282 6
16.149929 9.041405 37.831807 6
-0.469452 9.072766 19.825825 6
11.878931 6.581103 0.503801 6
7.433344 6.578250 18.604902 6
1.281416 1.453011 0.575759 6
18.012578 1.325366 18.726040 6
9.666080 3.839200 0.175724 1
9.511307 3.754809 19.050661 1
20.279678 9.089366 0.198307 1
-0.993323 9.070666 19.054644 1
7.604766 6.644226 38.305831 1
7.797066 6.622759 19.384827 1
-2.945128 1.460604 38.210591 1
18.570245 1.354969 19.387525 1
3.326295 8.002426 35.800722 1
12.166630 8.072924 21.762655 1
13.959066 2.850434 35.872515 1
1.687027 2.809856 21.839295 1
14.060100 2.395274 2.576739 1
5.221535 2.386129 16.562905 1
3.538243 7.605994 2.640714 1
15.847581 7.534437 16.556924 1
4.179195 1.376362 33.340717 1
11.408762 1.274587 24.360334 1
14.767726 6.662101 33.221564 1
0.799902 6.523064 24.385636 1
13.233897 9.076276 5.180110 1
6.137972 9.070877 13.977794 1
2.635436 3.845937 5.225950 1
16.703648 3.824850 14.007109 1
9.526384 8.996232 1.548074 1
9.890407 9.059396 17.646764 1
20.085973 3.757750 1.446367 1
-0.843278 3.754328 17.764124 1
7.995116 1.335728 36.837299 1
7.655987 1.411249 20.780805 1
-2.723784 6.672726 36.908991 1
18.217675 6.562857 20.718881 1
5.981495 4.826611 3.020220 1
13.412873 4.830343 16.181447 1
16.598680 10.184377 3.010110 1
2.785249 10.019895 16.107028 1
11.517282 5.568570 35.336829 1
4.192357 5.492905 22.374475 1
0.797580 0.283139 35.404772 1
14.658668 0.246318 22.343771 1
8.384283 6.659646 6.603876 1
11.028211 6.518121 12.472407 1
18.941577 1.325965 6.715543 1
0.371362 1.376119 12.639908 1
9.061210 3.804826 31.832061 1
6.511522 3.865837 25.930901 1
-1.473016 8.934772 31.738495 1
17.004369 9.102658 25.989596 1
5.883657 3.903459 34.564404 1
9.678977 3.987889 23.009441 1
16.478561 9.232163 34.628987 1
-1.076212 9.247512 23.047812 1
11.400235 6.370749 3.865554 1
7.802006 6.426498 15.439514 1
0.902074 1.159234 3.832554 1
18.454651 1.327134 15.362887 1
