1.169830 1.023736 5.925640 6
9.036085 4.494453 11.014680 6
1.271450 0.576110 5.079482 1
8.915125 4.075149 11.819488 1
1.139753 2.142403 5.756898 1
8.952976 5.543456 11.258663 1
-0.226475 0.691110 6.779032 6
10.359649 4.230089 10.345535 6
-0.377176 1.351453 7.383834 1
10.564179 4.777185 9.481438 1
-0.816853 0.874495 6.053810 1
11.096710 4.357699 11.044569 1
-0.239620 6.193720 7.182216 6
10.312004 2.784966 9.971253 6
1.038030 5.801515 7.887749 6
9.188496 2.509034 8.991459 6
1.005966 6.433684 8.855073 1
9.172753 2.957751 8.112874 1
0.972120 4.979943 8.281765 1
9.082661 1.541225 8.801710 1
2.385712 6.158497 7.190016 7
7.868313 2.787104 9.756209 7
3.382239 5.753549 8.095573 6
6.727369 2.400212 8.841348 6
3.309188 4.989313 8.356685 1
6.874872 1.427221 8.707234 1
3.549847 6.435864 8.937305 1
6.759674 2.915409 8.138611 1
4.740576 5.989912 7.339987 6
5.503874 2.509715 9.647514 6
5.547856 5.821808 7.941675 1
4.671456 2.392070 8.987601 1
4.819605 5.262385 6.757875 1
5.319676 1.696804 10.295545 1
4.872409 0.370359 6.669853 6
5.427669 3.802963 10.369189 6
5.896719 1.075808 5.963106 6
4.410778 4.557609 11.095829 6
7.229059 0.872020 5.873372 6
2.981267 4.208611 11.121065 6
7.742046 6.864098 6.115006 1
2.510022 3.567747 10.921004 1
8.142801 1.747085 5.208802 6
2.187549 5.172895 11.785850 6
8.994611 1.620916 5.100617 1
1.127345 5.178417 11.876601 1
7.403669 2.892065 4.722397 6
2.788176 6.444791 12.407630 6
8.120518 3.587913 4.358121 1
2.148327 0.223774 12.808487 1
6.062206 3.181123 4.690348 6
4.018319 6.662276 12.249958 6
5.749473 4.002063 4.418730 1
4.548565 0.577505 12.563139 1
5.422112 2.361212 5.487145 6
4.938305 5.649713 11.569142 6
3.918048 2.361460 5.705087 7
6.173255 5.683720 11.262859 7
3.359780 3.017278 5.564066 1
6.849892 6.463068 11.478976 1
3.589337 1.075402 6.319716 6
6.516480 4.561032 10.547758 6
2.336538 0.749760 6.861324 6
7.891512 4.186592 10.075601 6
2.121224 1.383853 7.755058 1
7.996408 4.706869 9.207719 1
11.617531 5.334138 6.999579 6
11.238898 1.955687 10.087164 6
-0.949689 4.402968 7.191583 1
11.181070 1.008527 9.685985 1
10.446029 5.479928 6.208251 6
-0.146959 2.096021 10.876008 6
9.562488 5.395919 6.768875 1
0.648543 1.888240 10.209968 1
10.343510 4.798114 5.422726 1
-0.058770 1.396189 11.488380 1
10.396674 6.297140 5.812965 1
-0.048544 2.936352 11.180962 1
2.434008 4.448419 5.001845 8
7.942076 0.891178 11.859682 8
2.476987 4.809024 4.334807 1
7.737979 1.307208 12.767484 1
2.422871 5.059593 5.646230 1
7.890935 1.621781 11.446832 1
2.627443 3.185290 1.455270 6
7.606200 6.642106 15.438935 6
2.835217 2.882114 2.352062 1
7.428761 6.333713 14.688358 1
3.103925 2.617705 0.914778 1
7.087729 6.089520 16.128688 1
1.012761 2.987391 1.259849 6
9.227271 6.518580 15.808393 6
0.888240 3.353478 0.228334 1
9.351027 6.712672 16.669788 1
0.731874 2.143529 1.478700 1
9.516831 5.519381 15.618176 1
0.269748 3.911194 2.176116 6
9.850897 0.453359 14.808683 6
0.807096 5.505225 2.223137 6
9.424135 1.960682 14.940267 6
0.730700 5.727306 1.202133 1
9.618088 2.296376 15.874729 1
0.280872 5.911037 2.836364 1
9.884730 2.558587 14.151621 1
2.352006 5.515237 2.458949 7
7.867250 1.987221 14.669112 7
2.876038 6.810718 2.407780 6
7.455480 3.434892 14.734783 6
2.126303 0.491947 2.903755 1
8.056372 3.907696 14.167682 1
2.768762 0.218870 1.416143 1
7.483033 3.812303 15.517016 1
4.269459 6.868955 2.904433 6
5.906814 3.461012 14.155656 6
4.700370 0.823302 2.735764 1
5.556483 4.435361 14.394286 1
4.348229 6.832681 3.815049 1
5.864748 3.417949 13.271053 1
5.066225 5.823644 2.226855 6
5.094542 2.501965 14.829109 6
6.541234 5.662454 2.061912 6
3.816144 2.287533 15.047471 6
7.682796 6.428946 2.436360 6
2.524839 3.061337 14.635013 6
7.443347 0.360082 2.993093 1
2.809248 3.845108 14.022855 1
8.913757 6.013984 2.142129 6
1.360778 2.598520 14.907509 6
9.659276 6.380379 2.357460 1
0.621839 2.967490 14.641283 1
8.984701 4.760760 1.385189 6
1.078374 1.384494 15.680323 6
9.919320 4.571269 1.229964 1
0.277990 1.029584 15.761306 1
8.025934 4.068498 0.951043 6
2.232537 0.693647 16.023447 6
8.168199 3.253253 0.441764 1
2.208133 6.769878 16.579441 1
6.742908 4.415948 1.319896 6
3.597660 1.122271 15.780374 6
5.397772 4.079198 1.095527 7
4.694647 0.492681 15.957587 7
5.253076 3.285852 0.419642 1
4.968723 6.739129 16.530257 1
4.501075 4.874909 1.520745 6
5.698911 1.316359 15.555543 6
3.060826 4.621415 1.471758 6
7.267214 1.084098 15.653996 6
2.835294 4.992589 0.479966 1
7.490381 1.517312 16.472182 1
12.066390 3.556665 2.999341 6
-1.937384 0.124296 14.041471 6
11.674930 4.438109 3.502879 1
-1.429472 0.866217 13.573090 1
11.452242 2.325154 3.004161 6
-1.165447 5.816193 14.036369 6
11.720228 1.755489 2.433151 1
-1.493209 5.139460 14.700528 1
10.363737 2.477125 2.760105 1
-0.166596 5.755910 14.136991 1
11.588723 2.015036 3.864061 1
-1.378745 5.399810 13.114233 1
