1.248725 9.343524 2.368136 35
2.709198 0.814653 23.075852 35
6.836856 4.244617 18.310356 35
5.166224 6.051492 38.870455 35
0.522584 7.015820 32.633333 35
3.347325 3.310881 12.046428 35
7.290478 1.954705 29.150278 35
4.714026 8.394226 8.528282 35
4.379496 2.513839 36.069631 8
7.597039 7.813317 15.375243 8
3.548134 7.739496 25.991734 8
0.414641 2.621258 5.303124 8
2.959752 5.327090 34.523750 8
0.956628 5.062446 14.039083 8
4.949323 0.180567 27.385737 8
7.123481 10.142061 6.742939 8
1.353372 5.804503 37.893804 8
2.705955 4.425020 17.303118 8
6.540392 0.674015 24.002417 8
5.452304 9.503959 3.488805 8
0.553796 7.714863 37.117016 8
3.613342 2.457999 16.510118 8
7.594682 2.693062 24.868423 8
4.406261 7.671942 4.214283 8
6.826871 4.238849 37.077461 8
5.034456 6.057028 16.424276 8
1.059895 9.458921 24.971377 8
2.937590 0.944814 4.355283 8
0.905294 1.257167 37.467903 8
3.282876 8.927119 16.727204 8
7.216581 6.543520 24.483455 8
4.845383 3.790620 3.939498 8
1.715322 1.039710 35.256595 8
2.224450 9.286944 14.591422 8
6.310146 6.124127 26.580265 8
5.775187 4.153765 6.013171 8
3.856110 9.331820 37.473920 8
0.142720 0.911131 16.719682 8
4.286618 4.206633 24.572179 8
7.737931 6.130426 3.950271 8
5.786134 7.726478 35.086978 8
6.328453 2.594423 14.551785 8
2.256173 2.466537 26.857743 8
1.744866 7.783375 6.196632 8
6.255161 0.833339 33.962020 8
5.782173 9.430329 13.188286 8
1.779754 6.014172 28.000336 8
2.291149 4.390842 7.352603 8
7.914466 0.316966 32.613608 8
3.961983 10.104162 11.946169 8
7.904235 5.355315 29.379473 8
4.073865 4.976311 8.763313 8
3.654054 3.418927 35.923976 6
0.368120 7.016928 15.286755 6
4.483347 8.450897 25.989823 6
7.553665 1.677020 5.325628 6
3.832291 4.703760 35.726890 6
0.067150 5.465827 15.139184 6
4.218104 9.984502 26.190318 6
7.872846 0.404188 5.602769 6
4.729697 5.059472 35.745199 1
7.244919 5.177055 15.143116 1
3.120891 10.168755 26.106648 1
0.724333 0.037271 5.467552 1
2.757287 5.809333 35.968877 6
1.208479 4.553756 15.271854 6
5.180844 0.542783 26.020220 6
6.822235 9.774950 5.312771 6
3.037213 6.603443 36.102169 1
0.825908 3.561059 15.529281 1
4.998304 1.614827 25.803701 1
6.986389 8.724868 5.118768 1
1.489046 5.344694 36.408843 6
2.531354 4.915572 15.805107 6
6.581291 0.209283 25.406006 6
5.490488 10.135200 4.774160 6
0.676551 5.878295 36.026864 1
3.196553 4.496416 15.294178 1
7.278289 0.580055 26.017407 1
4.673402 9.741556 5.245630 1
1.314899 3.897162 36.630724 6
2.876837 6.331644 15.877474 6
6.810595 9.042355 25.229628 6
5.295517 1.258125 4.652140 6
7.891383 3.556393 36.965911 6
4.181094 6.800471 16.367514 6
0.101930 8.588294 24.907992 6
3.840660 1.647219 4.265506 6
7.667883 1.992485 37.213100 6
4.473798 8.344081 16.402199 6
0.300081 7.051312 24.871869 6
3.630613 3.095052 4.072117 6
7.316488 1.644778 36.304072 1
4.735178 8.691547 15.685884 1
0.772709 6.690304 25.548913 1
3.243190 3.478175 5.033563 1
1.927656 1.581520 36.633155 6
2.033241 8.801895 16.026049 6
6.126172 6.787758 25.303157 6
5.959204 3.571711 4.656246 6
2.615016 1.107749 37.057849 1
1.274055 9.238235 16.336528 1
5.285195 6.217846 24.909596 1
6.746275 4.068961 4.365149 1
2.218183 2.943655 36.462825 6
1.819989 7.226773 15.727586 6
5.873172 8.105630 25.476005 6
6.261085 2.189728 4.821361 6
0.944659 7.090042 37.990711 6
3.213813 3.092636 17.452505 6
7.190400 1.935087 23.914361 6
4.968982 8.355706 3.356601 6
0.953112 7.608628 39.467875 6
3.072752 2.648308 18.774860 6
7.169192 2.425877 22.568601 6
4.951379 7.749615 1.910824 6
0.956535 6.771741 40.432657 6
2.920706 3.598421 19.850041 6
6.945059 1.717716 21.496831 6
5.094081 8.714589 0.923523 6
1.204066 5.863104 40.302173 1
2.874129 4.525502 19.591662 1
6.890765 0.637230 21.626772 1
5.200780 9.514974 0.953654 1
1.137571 7.384894 0.547807 6
3.007340 3.013872 21.152075 6
6.984155 2.252337 20.225825 6
5.167295 8.127471 40.859278 6
1.209764 6.693300 1.254287 1
2.869817 3.636918 21.811210 1
6.844198 1.568059 19.292882 1
5.086104 8.642045 40.094872 1
1.001885 8.737969 0.686469 6
3.065046 1.579569 21.321486 6
7.042061 3.474399 19.954569 6
5.008248 6.858812 40.564321 6
0.951409 9.532157 40.880970 6
3.063832 0.699729 20.295903 6
7.040017 4.450988 21.076222 6
4.976574 5.952668 0.389571 6
0.859631 0.075838 41.106625 1
3.144336 10.097457 20.327337 1
7.101346 5.364274 20.910490 1
4.905253 4.960826 0.213454 1
0.925819 8.975374 39.622865 6
3.230119 1.228797 19.022928 6
7.091999 3.927760 22.393785 6
4.796321 6.440594 1.590865 6
0.758991 9.494197 38.942102 1
3.319108 0.765945 18.289110 1
7.201646 4.441024 23.082333 1
4.682137 5.899918 2.418173 1
2.122390 9.941497 35.165027 6
1.868415 0.353959 14.525078 6
5.981086 4.828052 26.686280 6
5.994203 5.596128 6.040137 6
1.525769 9.520136 34.376582 1
2.343300 0.851734 13.750517 1
6.441743 4.284974 27.466387 1
5.525589 6.012439 6.817353 1
1.810045 9.519285 35.992866 1
2.324637 0.909038 15.388379 1
6.328914 4.386225 25.966766 1
5.721358 6.063208 5.218027 1
3.516191 9.760233 34.997833 6
0.503091 0.564199 14.419896 6
4.384557 4.629575 26.886693 6
7.509317 5.802377 6.221788 6
4.184331 9.359720 36.399739 6
7.822655 1.034507 15.756203 6
3.791447 4.190926 25.535302 6
0.327366 6.154283 4.965589 6
5.646110 8.605128 36.276803 6
6.436000 1.696694 15.602850 6
2.310183 3.596094 25.762000 6
1.512232 6.771831 5.061424 6
6.127911 8.555064 37.038698 1
5.855412 1.803258 16.402949 1
1.812658 3.371433 24.900746 1
2.208084 6.973998 4.350937 1
6.396427 8.939111 35.041389 6
5.738787 1.333738 14.296179 6
1.593600 3.855326 26.921126 6
2.429719 6.448469 6.300553 6
7.401007 9.059405 35.037834 1
4.555790 1.309467 14.438254 1
0.739629 3.867593 26.858520 1
3.397166 6.470084 6.183130 1
5.790331 9.823728 33.871704 6
6.231920 0.555450 13.253883 6
2.167559 4.685447 28.127120 6
1.801873 5.782816 7.486323 6
6.032435 9.381007 32.934436 1
6.012946 1.043285 12.242385 1
1.987816 4.253728 28.853340 1
2.065720 6.121372 8.238473 1
4.152347 9.840457 33.869953 6
7.756595 0.292479 13.342984 6
3.672225 4.723345 27.941976 6
0.170712 5.622994 7.362597 6
3.536754 0.130213 32.795615 6
0.365304 10.129400 12.080361 6
4.364505 5.241509 29.302968 6
7.612889 5.018408 8.590996 6
2.596293 10.294125 32.723438 1
1.282189 10.158272 11.991128 1
5.301517 5.298536 29.179055 1
6.588808 5.024767 8.544124 1
4.119452 0.687212 31.751005 6
7.934401 9.674882 11.076640 6
3.842654 5.755781 30.355391 6
0.069125 4.406808 9.624302 6
5.131264 0.689054 31.631478 1
6.991633 9.642971 10.941539 1
2.954749 5.879222 30.198656 1
1.080671 4.444234 9.687600 1
3.526409 1.150787 30.426133 6
0.461327 9.180605 9.809610 6
4.507546 6.419728 31.512817 6
7.467626 4.034573 10.886541 6
4.187085 1.596521 29.891645 1
7.776137 8.649402 9.267900 1
3.892783 6.694063 32.039831 1
0.136967 3.596915 11.455054 1
2.857666 2.008380 30.695615 1
1.239933 8.406268 9.973140 1
5.236847 6.982270 31.191147 1
6.786803 3.250581 10.601804 1
2.900777 0.560795 30.041905 1
0.940746 9.744255 9.310716 1
4.943381 5.724664 31.940969 1
6.976591 4.748241 11.228779 1
7.377215 1.169651 33.079478 6
4.629665 9.199297 12.629590 6
0.593473 6.234312 28.648287 6
3.369287 4.152095 8.175388 6
7.718096 2.561466 33.096601 6
4.368046 7.826058 12.580209 6
0.245176 7.742692 28.704516 6
3.647260 2.645597 8.048402 6
6.762233 3.458355 33.734304 6
5.251187 6.899492 12.995840 6
1.222598 8.644314 28.190619 6
2.911719 1.640405 7.585921 6
6.116295 3.108034 34.189614 1
5.914458 7.176306 13.458124 1
1.921836 8.429038 27.820698 1
2.115551 2.042992 7.258314 1
7.043415 4.863126 33.553614 6
4.953311 5.381878 12.830385 6
0.847744 9.983750 28.259213 6
3.084415 0.286176 7.627273 6
6.616393 5.427772 34.049629 1
5.430889 4.841036 13.241727 1
1.435924 0.341520 27.898999 1
2.550442 10.062423 7.251159 1
0.297589 5.267264 32.825835 6
3.724743 5.097204 12.299739 6
7.819032 0.061588 29.046373 6
4.218257 10.209509 8.301732 6
1.237385 4.221798 32.407792 6
2.824459 5.919902 11.710460 6
6.848493 9.451737 29.576757 6
5.236560 0.862735 8.897832 6
1.866016 4.556486 31.902701 1
1.984126 5.648600 11.274609 1
6.052247 9.702155 29.844356 1
5.896664 0.646803 9.236714 1
0.805667 2.842350 32.487284 6
3.160358 7.308180 11.793058 6
7.142448 8.092213 29.373083 6
4.748736 2.284753 8.728778 6
1.490273 2.203790 32.204576 1
2.583935 8.000390 11.455369 1
6.686668 7.378276 29.796610 1
5.443188 2.902929 9.195119 1
6.693305 1.758440 38.228912 6
5.453930 8.497871 17.592176 6
1.417492 6.924409 23.658940 6
2.553201 3.376220 2.956179 6
6.529644 0.756740 38.256592 1
5.492055 9.471650 17.634750 1
1.479255 5.968625 23.649407 1
2.570848 4.349986 3.001013 1
5.778397 2.081404 37.976706 1
6.117585 8.095639 17.428936 1
2.152179 7.361156 23.814856 1
1.765795 2.990568 3.125398 1
7.046058 2.050160 39.090064 1
5.041420 8.216006 18.522052 1
1.078214 7.316888 22.789932 1
3.066011 3.107764 2.147234 1
7.937240 3.589580 0.551074 6
4.132887 6.825468 21.164092 6
0.173621 8.784646 20.263643 6
3.880405 1.499214 40.899419 6
0.950229 2.560590 41.140047 6
2.989323 7.760633 20.596867 6
7.053372 7.710672 20.694630 6
5.086858 2.754846 41.252870 6
2.179051 3.224577 40.336000 6
1.857751 6.920220 19.665993 6
5.879959 8.474412 21.616124 6
6.218350 1.778881 0.978376 6
3.194882 2.513385 39.938100 6
0.960757 7.842327 19.401357 6
4.965771 7.757403 21.894069 6
7.106568 2.549470 1.315370 6
