0.178889 3.535513 1.278939 6
2.639808 8.134136 27.941118 6
-2.778090 7.901787 14.698519 6
3.110226 1.977455 38.796106 6
5.868470 6.265866 12.110755 6
8.190624 1.614636 25.488917 6
0.611292 3.187987 0.555284 1
2.582536 8.729713 27.075192 1
-3.140840 7.757307 13.832243 1
2.487412 1.984207 39.553661 1
6.186281 6.581167 12.897078 1
8.297030 1.108208 26.319883 1
-1.354531 5.068151 2.352130 6
1.869076 6.204281 28.936222 6
-0.536662 8.431817 15.773521 6
5.073682 1.382451 37.777489 6
4.502868 4.804688 11.064951 6
7.662202 3.670968 24.420773 6
-1.897925 5.988149 2.333214 1
1.566117 5.234420 28.992923 1
0.275145 8.621744 15.580079 1
5.999848 1.378073 37.839454 1
3.805979 4.006609 11.061177 1
7.321741 4.603117 24.331317 1
-0.808686 4.660428 1.185435 6
2.128019 7.005013 27.949634 6
-1.364719 8.261338 14.551035 6
4.485763 1.622163 38.870982 6
5.018697 5.245848 12.167290 6
7.666734 3.037428 25.455202 6
-0.953984 5.002787 0.270964 1
1.873717 6.554637 27.084813 1
-0.822150 8.200595 13.750397 1
4.917649 1.746274 39.690867 1
4.885450 4.912386 13.056809 1
7.472083 3.226785 26.385291 1
6.407703 0.041414 1.735142 6
-3.125318 5.569502 28.366887 6
2.519096 4.363463 15.116518 6
8.164925 5.534009 38.349959 6
0.655301 9.877769 11.599390 6
2.472334 4.486998 25.004458 6
0.617037 8.946999 1.779109 1
-2.323792 5.897862 28.381251 1
1.740387 4.991405 15.120645 1
7.474080 4.905467 38.360254 1
6.173467 0.992651 11.640773 1
3.387518 4.105639 25.007890 1
2.188029 1.314690 11.208602 6
9.205797 1.292911 37.792953 6
5.824923 7.443839 24.438516 6
-0.011004 2.562381 28.960105 6
-3.592950 8.661048 2.253961 6
3.479909 8.627155 15.552639 6
3.035479 1.415189 11.646020 1
8.770038 1.871427 38.393382 1
5.490193 6.677110 25.032507 1
-0.273172 3.319298 28.305321 1
-2.794728 8.604307 1.760280 1
2.989075 7.921639 14.993566 1
0.970003 0.623908 11.841382 6
10.215449 0.625973 38.606309 6
5.761701 8.543331 25.229686 6
0.171685 1.178819 28.175934 6
-4.714104 9.170002 1.525426 6
4.542492 9.393324 14.849638 6
1.077694 0.522899 12.826416 1
10.471865 0.766373 39.520231 1
5.514749 8.771627 26.185495 1
-0.209075 1.212054 27.380002 1
-4.582014 9.504195 0.627500 1
4.839453 9.195992 13.939154 1
6.651804 2.757736 1.839943 6
5.812774 4.303244 28.471340 6
4.809812 2.872309 15.231779 6
-0.939112 7.020473 38.122216 6
0.894524 7.062855 11.517995 6
0.017046 5.501756 24.844156 6
7.575937 1.997766 1.051932 6
6.025779 5.536335 27.922144 6
3.699322 2.398659 14.561313 6
-2.037686 7.467476 38.905643 6
1.902025 7.953878 12.285001 6
0.265599 4.351137 25.520200 6
8.235513 2.334406 0.635445 1
5.215938 6.020138 27.379182 1
3.701171 1.561506 14.022228 1
-2.025424 8.348198 39.442841 1
2.529124 7.486324 12.557490 1
-0.556564 3.836061 25.968811 1
0.521962 3.061626 2.376610 6
2.894090 8.783528 29.198485 6
-3.337782 8.091665 15.787443 6
2.277790 1.795190 37.628307 6
6.058717 6.928377 10.848913 6
8.541864 1.186648 24.308211 6
0.974270 2.341536 2.424633 1
3.234163 9.621139 29.154822 1
-4.229212 7.875060 15.896987 1
1.352133 1.972878 37.528861 1
6.723046 7.717827 10.932619 1
8.890799 0.245262 24.118252 1
-1.106926 4.476845 3.642478 6
2.250895 6.821278 30.233795 6
-1.306526 8.403733 16.943651 6
4.406024 1.338766 36.401697 6
4.701748 5.375748 9.818513 6
8.005724 3.238782 23.060276 6
-1.376927 4.981555 4.288048 1
2.203963 6.286069 31.127150 1
-0.719282 8.616224 17.608857 1
4.873268 1.272082 35.721784 1
4.213573 4.893930 9.058754 1
7.830802 3.654869 22.328540 1
0.494581 7.831917 6.802641 6
-1.306148 6.399597 33.474995 6
0.863445 5.613949 20.105686 6
6.581592 4.229498 33.421805 6
6.125472 2.063169 6.587074 6
4.481711 3.496033 20.059539 6
-0.003207 8.530974 7.108075 1
-1.650887 5.639565 33.925740 1
1.717585 5.805453 20.569677 1
7.371075 4.136764 32.805457 1
5.706359 1.529187 6.134980 1
4.057439 4.390744 19.575701 1
1.750574 5.797571 6.795799 6
-0.249961 8.647992 33.492844 6
-1.594150 5.368786 20.121436 6
4.125846 4.434989 33.244348 6
7.602448 4.146751 6.560516 6
5.543668 1.395241 19.904332 6
2.333460 5.127201 7.268329 1
0.174614 9.191885 34.021271 1
-2.323448 5.255266 20.561709 1
3.341332 4.471469 32.725071 1
7.937914 4.797258 6.103696 1
5.746720 0.708398 19.450792 1
0.514295 7.768435 5.256885 6
-1.352651 6.342235 32.039562 6
0.884600 5.626387 18.590572 6
6.631768 4.410537 34.667897 6
6.256601 2.086435 8.095726 6
4.473465 3.526613 21.338835 6
-0.006626 8.428816 4.916104 1
-1.732854 5.618874 31.578084 1
1.642056 5.666874 18.220285 1
7.386499 4.183658 35.266796 1
5.753511 1.347511 8.483152 1
4.092762 4.257480 21.935632 1
7.327513 0.693643 1.125639 6
7.169055 6.179788 27.752502 6
2.520928 3.203179 14.525104 6
-3.267327 6.752582 39.041948 6
1.677112 9.383796 12.338587 6
1.549182 3.712992 25.588598 6
8.018195 0.157168 0.637206 1
7.291646 6.995896 27.370366 1
1.699050 2.837311 13.904643 1
7.386570 6.901888 39.484678 1
2.214927 9.814359 12.744690 1
1.548252 2.903914 26.142473 1
2.131329 1.723526 9.885392 6
8.882034 1.042849 36.580852 6
6.044023 7.359711 23.140207 6
0.388903 2.686888 30.203697 6
-3.555734 8.190610 3.585801 6
3.296411 8.951283 16.857860 6
2.844646 2.056873 9.414819 1
8.309544 1.451681 36.200779 1
6.092683 6.453528 22.780688 1
0.286384 3.530750 30.651042 1
-2.826873 7.868321 3.835700 1
2.560329 8.372356 17.287819 1
3.822451 5.260760 3.788498 6
4.913306 0.626495 30.542135 6
8.315221 3.772239 17.297854 6
2.792266 6.050136 36.100496 6
-1.777871 4.496035 9.540857 6
-0.954824 9.184570 22.863712 6
4.070658 6.384635 3.831301 1
4.034504 0.242753 30.511585 1
9.197247 3.231372 17.046740 1
3.437543 6.647426 36.267596 1
-1.679721 3.541035 9.511870 1
-1.713333 9.514955 22.968232 1
1.162767 6.916243 7.516742 6
-0.794001 7.469388 34.121999 6
-0.382783 5.490334 20.731399 6
5.279272 4.376797 32.530523 6
6.723259 3.047681 5.856948 6
4.988081 2.570445 19.196175 6
1.025063 6.829444 8.405827 1
-0.680933 7.471101 35.080340 1
-0.332803 5.529055 21.697447 1
5.473609 4.263723 31.730393 1
6.748083 3.068038 4.996931 1
4.956767 2.610045 18.317096 1
-0.170227 0.438883 11.111410 6
5.272190 9.457253 37.914884 6
-5.212584 9.767568 24.451844 6
0.441123 0.232622 28.880274 6
5.554624 9.288005 2.269867 6
11.063110 0.329612 15.596917 6
10.636105 0.205178 11.615498 1
5.972279 8.993747 38.222343 1
0.570135 0.753685 25.031072 1
-5.117857 9.170053 28.369124 1
4.861378 9.766053 1.736064 1
0.241962 0.735716 15.087939 1
0.098101 2.782308 5.001623 6
3.187901 8.562573 31.652250 6
-3.355841 8.368607 18.444626 6
2.346968 1.607672 35.112269 6
5.891677 7.107672 8.257281 6
8.931396 1.274349 21.631847 6
1.977466 5.950618 5.380268 6
-0.293202 8.722042 31.983090 6
-1.650419 5.308617 18.798569 6
4.184662 4.609050 34.651861 6
7.546485 3.996814 7.987676 6
5.357806 1.269653 21.274583 6
1.347179 6.942874 4.654249 6
-0.787079 7.532083 31.310926 6
-0.474589 5.277321 17.912531 6
5.416331 4.558211 35.475611 6
6.919268 2.990093 8.784587 6
4.900112 2.418804 21.971737 6
1.312022 6.858949 3.687801 1
-0.991693 7.498171 30.370331 1
-0.332089 5.292512 17.079840 1
5.258238 4.518858 36.262911 1
7.059125 3.019909 9.748325 1
4.774173 2.415398 22.908007 1
-0.248622 0.835219 9.753909 6
5.135024 9.224314 36.468133 6
-4.694799 9.636711 23.100379 6
0.849164 0.160723 30.212997 6
5.424236 8.990400 3.595089 6
10.789080 0.655602 16.950186 6
5.926692 5.057816 2.438245 6
4.242300 2.490898 29.136782 6
7.041544 2.375913 15.841781 6
1.403401 7.667585 37.682515 6
0.063684 4.791750 10.809984 6
-1.525245 7.260651 24.331877 6
5.898270 5.892395 2.349196 1
3.187252 2.136563 29.188379 1
7.957216 1.793051 15.787831 1
2.259858 8.079024 37.731409 1
0.315441 3.868547 10.981755 1
-2.461924 7.617213 24.277983 1
1.752796 2.450079 6.873234 6
8.428106 0.366134 33.635391 6
6.884974 7.261465 20.152087 6
1.181144 2.748089 33.249171 6
-4.065095 7.373517 6.499726 6
2.765838 9.546942 19.790689 6
5.478036 0.773773 2.388445 6
8.035854 4.336141 29.188590 6
3.714410 4.826829 15.785687 6
-2.076274 5.023959 37.531260 6
-0.359892 9.212373 10.924373 6
2.370551 5.650995 24.178577 6
4.739045 0.416754 2.855931 1
8.750266 3.844961 29.728104 1
3.598069 5.581530 16.286812 1
-2.014999 4.134221 37.181716 1
-1.078855 9.620931 10.405459 1
3.128856 5.924013 23.754436 1
0.792714 1.485627 9.061463 6
4.018974 9.822220 35.711075 6
-4.792034 8.470232 22.382445 6
0.776031 1.545143 30.880269 6
-4.862637 8.504038 4.184141 6
4.022536 9.803726 17.556497 6
4.536226 3.141756 3.248925 6
6.521769 2.526205 29.994408 6
6.060402 4.500000 16.696278 6
0.335153 5.558549 36.840494 6
-1.043170 6.816406 10.032066 6
0.739470 7.518249 23.522960 6
6.689189 4.146381 1.808271 6
4.308451 3.773589 28.469439 6
5.998615 2.041979 15.183699 6
0.186697 7.855851 38.218554 6
1.128131 5.605509 11.591250 6
-1.393639 6.088801 24.859754 6
7.525192 4.597486 1.351024 1
3.658926 4.101037 28.102344 1
5.882642 1.143126 14.740336 1
0.175865 8.860277 38.780681 1
1.779188 5.316242 12.107854 1
-2.068334 5.755185 25.285422 1
-0.795303 2.266300 5.718661 6
4.170036 7.956479 32.536898 6
-3.173351 9.532235 19.144550 6
2.458813 0.445992 34.350805 6
4.854877 7.637518 7.636402 6
9.872424 1.833304 20.848604 6
9.682113 2.373600 5.514577 1
4.513730 7.316597 32.037791 1
2.820679 0.342033 18.698148 1
-2.940417 9.567457 34.576649 1
4.051218 7.522903 7.873264 1
-1.111244 2.553130 21.349795 1
5.421511 2.104928 2.602174 6
6.859707 3.671983 29.266283 6
4.768324 3.974518 15.950170 6
-0.896541 5.888655 37.537618 6
-0.281753 7.805726 10.835756 6
1.058902 6.271752 24.244255 6
-0.609375 1.809906 7.089243 6
4.493578 8.414904 33.733011 6
-3.812544 9.484494 20.497375 6
1.909328 0.421274 33.030418 6
5.019488 8.081359 6.284794 6
10.174385 1.359291 19.590053 6
-0.099638 3.469504 3.696088 6
2.689998 7.944429 30.420415 6
-2.685026 8.276257 17.008032 6
3.121392 1.552407 36.480120 6
5.534827 6.374108 9.705807 6
8.435127 1.901097 22.975265 6
3.494171 2.699518 4.118040 6
7.434936 1.646008 30.778047 6
6.208038 5.514600 17.479236 6
0.532728 4.413768 35.901562 6
-2.162192 7.300801 9.243860 6
1.708239 8.158489 22.641884 6
2.729410 3.424934 4.768227 6
7.170131 0.570683 31.498568 6
7.374915 5.809979 18.077084 6
1.749608 3.925637 35.349276 6
-2.983509 6.458739 8.653338 6
1.354146 9.373620 21.993505 6
4.820513 4.516043 3.209836 6
5.085327 1.969798 29.788552 6
7.212287 3.545911 16.503879 6
1.426933 6.331046 36.939203 6
-0.934575 5.421282 10.109053 6
-0.448328 7.911263 23.527646 6
9.825033 1.212537 7.820257 6
5.529856 7.822110 34.444906 6
1.871316 0.815837 21.171559 6
-3.731624 9.107660 32.211125 6
4.100946 8.614686 5.534176 6
-0.180076 2.028302 18.776641 6
8.790164 1.111864 7.515670 1
5.885253 7.036908 34.071768 1
2.333483 1.588874 20.772718 1
-3.444265 8.178439 32.625604 1
3.251760 8.705563 5.994199 1
0.284968 2.723232 19.309510 1
0.755133 1.824362 7.770240 6
3.738126 9.451828 34.437903 6
-4.376106 8.338614 21.010768 6
1.223040 1.501502 32.347995 6
6.467874 7.943384 5.623931 6
9.483731 0.370879 19.030619 6
3.213037 1.312578 4.152946 8
8.757966 2.221747 30.834155 8
5.170082 6.361836 17.528028 8
-0.594477 3.409355 35.800504 8
-2.489760 8.680033 9.152796 8
3.036818 7.625170 22.464145 8
2.541631 1.205669 4.527545 1
9.305308 1.673373 31.128821 1
5.335716 7.124103 17.808740 1
-0.290399 2.755143 35.601201 1
-3.146094 8.853625 8.848579 1
3.574515 8.251299 22.239125 1
2.748525 4.823468 4.569202 6
5.680959 0.084692 31.282751 6
-2.830930 5.077784 18.038843 6
2.738781 4.916137 35.329841 6
8.484674 4.971041 8.752867 6
5.850529 0.025852 22.142144 6
2.962193 2.529350 7.327560 8
7.853632 1.270406 34.134638 8
6.302224 5.972681 20.764537 8
0.574600 3.829112 32.717935 8
-2.674538 7.491293 5.961206 8
2.126532 8.457243 19.437545 8
3.453565 2.804421 6.755294 1
7.223283 1.579391 33.432158 1
6.435765 5.410656 20.156984 1
0.688863 4.405058 33.217833 1
-2.247246 6.985910 6.629923 1
1.562334 8.248791 19.808081 1
3.196924 5.465247 0.072260 6
4.961498 0.021954 26.639172 6
8.858420 4.371042 13.396349 6
2.550149 5.246059 39.461253 1
-0.191914 9.302465 26.171447 1
-2.296826 5.098565 12.804776 1
3.358636 4.824386 0.709812 1
8.106234 4.522451 13.877177 1
5.634132 0.435894 27.246187 1
9.990178 0.726497 9.135805 6
5.759807 8.222040 35.755270 6
1.413454 0.836572 22.441050 6
-4.278538 8.887063 30.952559 6
4.160954 9.115878 4.270450 6
0.125578 1.606439 17.502839 6
9.098797 0.391849 9.636594 1
6.573118 7.757276 36.296880 1
1.404784 1.766250 22.920089 1
-4.233110 8.091614 30.562031 1
3.414577 9.604368 3.893709 1
0.821106 2.173088 17.063473 1
2.816263 7.070229 0.850352 17
-1.711709 8.771348 27.547138 17
-1.106286 4.086550 14.229271 17
4.712179 5.872913 39.037087 17
8.378100 2.906622 12.340500 17
4.012840 1.174059 25.814474 17
1.552839 2.866989 5.592596 6
2.375710 9.679966 32.304810 6
-3.974269 7.246708 18.894149 6
1.823611 2.700264 34.487255 6
7.274863 7.022837 7.823037 6
8.061435 0.138693 21.226774 6
