0.558989 5.710433 7.067755 15
3.621075 13.142382 7.695736 15
7.642881 9.297521 22.476690 15
4.482077 1.769216 21.614188 15
0.960904 3.817318 9.727820 15
3.127642 11.328420 5.026940 15
7.180920 11.207598 19.766052 15
5.011460 3.687861 24.532264 15
9.456151 2.884212 6.668861 14
5.265476 10.356019 8.146612 14
-1.253958 12.157182 22.873893 14
2.794797 4.586676 21.268561 14
8.808095 5.586040 9.755245 14
5.752142 13.091511 4.820886 14
-0.657708 9.224124 19.593461 14
2.233739 1.860745 24.658486 14
-0.384330 4.483151 7.415762 6
4.429413 11.908856 7.287508 6
8.569533 10.583911 21.878211 6
3.521953 3.061890 22.151775 6
-0.582387 4.226780 9.068163 6
4.629490 11.723878 5.722362 6
8.792194 10.660308 20.325537 6
3.430681 3.257666 23.794188 6
0.750924 5.533850 5.213071 6
3.214849 12.970638 9.635115 6
7.321194 9.370150 24.236017 6
4.937352 1.870549 19.860733 6
-0.158529 6.238648 4.229888 6
4.134433 13.767468 10.492718 6
8.216608 8.672393 25.318793 6
3.984914 1.287751 18.885218 6
0.083780 5.910885 2.813166 6
4.086781 13.399326 11.943360 6
8.021998 9.036628 26.501614 6
4.063304 1.681315 17.534194 6
0.961129 4.988942 2.445541 6
3.032550 12.525724 12.361548 6
7.027444 9.917790 27.012387 6
5.071425 2.370741 17.184550 6
1.935178 4.552431 3.285513 6
2.084317 11.980023 11.409312 6
6.081527 10.426685 26.235574 6
6.022909 2.825464 17.896409 6
1.968731 4.759925 4.628621 6
2.025182 12.270764 10.182608 6
6.130679 10.169022 24.746739 6
6.015350 2.629921 19.441965 6
9.421864 7.270489 4.599095 6
5.197263 14.807512 10.096817 6
-1.359352 7.721499 24.909839 6
2.871702 0.158288 19.387520 6
8.159433 6.486501 5.175646 6
6.496031 13.984777 9.636345 6
-0.006794 8.466282 24.270818 6
1.563675 0.987693 19.845092 6
9.902884 8.336119 5.588528 6
4.602979 0.682764 8.988710 6
-1.845099 6.635913 23.783518 6
3.442551 14.156833 20.377975 6
8.981788 8.088855 3.349493 6
5.635396 0.559085 11.333896 6
-0.960639 6.762454 26.007232 6
2.523524 14.297319 18.108586 6
1.018529 4.669435 0.884585 6
2.890188 12.072900 13.782676 6
6.934829 10.369537 28.537248 6
5.114842 2.863455 15.716595 6
10.390551 5.030616 0.111014 6
4.144486 12.460099 14.561608 6
-2.308566 9.912677 29.349321 6
3.935351 2.496464 14.829846 6
2.347359 5.245844 0.179739 6
1.605537 12.730493 14.460380 6
5.773850 9.842310 29.221206 6
6.318609 2.301279 15.018979 6
1.243485 2.987873 0.734429 6
2.768431 10.482777 13.886351 6
6.874545 11.797341 28.633900 6
5.191193 4.502787 15.467459 6
3.156192 4.280897 5.525180 6
0.843878 11.774225 9.319437 6
4.995508 10.684526 23.998514 6
7.207711 3.132456 20.181832 6
4.414434 4.171707 4.679722 6
-0.222594 11.626482 10.140127 6
3.693304 10.861367 24.928225 6
8.478698 3.402610 19.263169 6
2.750846 3.056519 6.327921 6
1.279377 10.463933 8.539256 6
5.253843 11.959812 23.192876 6
6.845372 4.471273 20.872309 6
3.506937 5.326376 6.422430 6
0.460926 12.969287 8.204661 6
4.504501 9.610587 22.902924 6
7.682920 2.074626 21.113612 6
1.110411 4.092560 11.509237 6
3.040851 11.588846 3.101018 6
7.000808 10.998035 17.965061 6
5.041650 3.523206 26.397333 6
1.769260 5.197635 12.195003 6
2.360520 12.635381 2.515612 6
6.286839 9.921418 17.345941 6
5.797658 2.269555 26.875655 6
1.460448 5.566723 13.520834 6
2.565235 13.040980 1.247425 6
6.589504 9.448108 15.963021 6
5.468291 1.985199 28.165152 6
0.587724 4.658787 14.179089 6
3.473977 12.297316 0.407408 6
7.452503 10.155036 15.207788 6
4.716903 2.780325 29.063623 6
0.079411 3.584495 13.717665 6
3.980516 11.006238 1.004475 6
7.871727 11.495258 15.609474 6
4.126538 3.855996 28.424165 6
0.343708 3.030839 12.540436 6
3.633436 10.537303 2.220502 6
7.643218 11.897765 16.905359 6
4.329645 4.326947 27.111299 6
2.915226 5.824079 11.482996 6
1.199247 13.422484 3.361103 6
5.197921 9.106639 17.978021 6
6.871366 1.554131 26.084142 6
3.822329 4.833729 10.755982 6
0.216558 12.380914 3.995177 6
4.274665 10.219330 18.679700 6
7.932338 2.703734 25.533965 6
2.431250 6.987367 10.440209 6
1.517164 14.453921 4.199010 6
5.596824 8.026917 19.043069 6
6.476468 0.461980 25.263100 6
3.740050 6.563439 12.397582 6
0.179550 14.179068 2.232121 6
4.266029 8.391043 16.872376 6
7.842976 0.874505 27.279187 6
0.263657 5.149926 15.602798 6
1.273645 12.671463 28.470046 6
7.836758 9.837556 13.842635 6
6.673714 2.387595 0.947618 6
1.045783 6.401954 16.221805 6
0.639943 13.828909 28.085042 6
7.067361 8.564818 13.257431 6
7.548343 1.108481 1.519819 6
-1.276384 5.566523 15.745221 6
2.779115 13.056885 28.494753 6
-1.081882 9.453874 13.849230 6
5.270534 1.957314 0.976889 6
0.439870 4.132310 16.756210 6
1.105338 11.427352 27.539877 6
7.716211 10.839323 12.698109 6
7.074033 3.460824 1.907250 6
0.092195 1.611604 12.096425 6
4.081930 9.090004 2.698696 6
8.040415 13.404928 17.305834 6
3.975115 5.820285 26.756253 6
-0.564910 0.844676 13.278276 6
4.450166 8.305677 1.283344 6
8.642269 14.085927 16.008298 6
3.596857 6.551334 28.111075 6
9.408738 1.434370 11.173721 6
5.210673 8.946413 3.663618 6
-1.466518 13.538087 18.255347 6
2.930694 6.023855 25.749784 6
1.202673 1.003611 11.596997 6
2.775768 8.418892 3.153495 6
6.788535 13.999905 17.773922 6
5.281021 6.491892 26.402880 6
7.619496 2.800558 6.989933 6
7.040922 10.265274 7.896077 6
0.472376 12.095366 22.456462 6
0.930938 4.599645 21.595473 6
-0.413806 1.231816 7.197105 6
4.545123 8.786408 7.393949 6
8.615828 13.659237 22.164157 6
3.560209 6.216342 22.041283 6
9.648096 2.889095 4.812020 6
5.063158 10.295680 9.981671 6
-1.440364 12.043413 24.701695 6
3.058609 4.720889 19.463984 6
8.358786 5.215286 11.432287 6
6.290544 12.585301 3.123556 6
-0.226622 9.926043 17.961451 6
1.674450 2.276706 26.249606 6
9.570849 7.364882 9.931883 6
4.986917 14.870323 4.715958 6
-1.441848 7.724057 19.478197 6
2.982560 0.242189 24.710259 6
7.401316 5.839656 8.868821 6
7.335930 13.323197 5.883753 6
0.733756 9.098494 20.544664 6
0.737638 1.558321 23.506742 6
1.235216 4.860671 9.620357 1
2.731613 12.333575 4.978779 1
6.791178 10.268928 19.778676 1
5.265316 2.791971 24.336034 1
9.218558 3.371618 9.132499 1
5.472125 10.800126 5.517220 1
-1.229343 11.737957 20.243347 1
2.703055 4.294126 23.994798 1
9.832307 6.249548 2.146691 1
4.807669 13.739610 12.595995 1
-1.788989 8.843592 27.290104 1
3.362157 1.270455 16.917891 1
2.898501 3.926514 2.819689 1
1.031052 11.443891 11.867990 1
5.252419 11.041283 26.509937 1
7.008650 3.582002 17.612166 1
7.762407 6.133582 4.432008 1
6.782994 13.616466 10.369588 1
0.293399 8.939356 25.075952 1
1.207183 1.451970 19.183882 1
8.346255 5.984668 5.836210 1
6.211202 13.404166 8.980190 1
-0.263512 8.918634 23.598993 1
1.801185 1.490912 20.627572 1
7.618638 7.306793 5.411935 1
7.101389 14.800105 9.445379 1
0.552073 7.787155 24.091845 1
0.923663 0.265977 20.154737 1
-0.449043 7.695448 6.491398 1
4.513444 0.239469 8.170668 1
8.485995 7.207441 22.926716 1
3.582008 14.571113 21.222204 1
9.167703 8.811487 5.931899 1
5.444286 1.461738 8.847649 1
-1.159303 6.062174 23.621647 1
2.743023 13.600228 20.582983 1
0.149230 8.760246 5.392285 1
4.039541 1.335816 9.401604 1
7.965011 6.307166 24.101234 1
4.235704 13.703000 20.064962 1
8.453572 8.736947 3.620424 1
6.230106 1.249566 10.992992 1
-0.380364 6.192130 25.800539 1
1.902149 13.599072 18.444490 1
9.747503 8.674559 3.200933 1
4.821183 1.192681 11.651792 1
-1.736807 6.310469 26.284502 1
3.265360 13.805864 17.902300 1
8.796818 7.540140 2.684461 1
5.832059 0.182277 12.087480 1
-0.564755 7.460959 26.744991 1
2.102547 14.920030 17.369145 1
9.618452 4.736306 0.479468 1
4.891164 12.149522 14.171728 1
-1.575300 10.195285 28.987362 1
3.149902 2.798384 15.222029 1
10.508616 5.983220 0.110964 1
4.199124 13.467195 14.565435 1
-2.395480 8.901865 29.443159 1
3.832895 1.404779 14.768809 1
8.081665 4.684945 28.732061 1
4.134246 12.288762 15.454488 1
0.129657 10.158736 0.797308 1
4.101671 2.711168 13.832423 1
2.349906 6.123092 0.318760 1
1.765697 13.722462 14.373207 1
5.820062 8.876950 29.201000 1
6.407145 1.355812 14.985969 1
-0.116537 4.984691 28.867871 1
1.657176 12.480984 15.395605 1
8.283592 10.025303 0.559318 1
6.389868 2.619331 14.118555 1
3.085247 4.835955 0.677272 1
0.860546 12.343120 13.961617 1
5.047757 10.032661 28.732360 1
7.074224 2.640866 15.391139 1
-1.234319 2.889323 29.332192 1
2.762887 10.278584 14.863548 1
9.295359 12.149592 0.059828 1
5.409509 4.736185 14.647751 1
2.060416 2.868795 1.383094 1
2.000285 10.245135 13.531116 1
6.148587 12.172065 28.122508 1
6.163489 4.647751 15.941924 1
0.444059 2.679064 1.249346 1
3.498746 10.233945 13.477278 1
7.571780 12.264800 28.203487 1
4.480840 4.812840 16.007528 1
4.578912 4.914866 4.205747 1
-0.584324 12.314093 10.560282 1
3.556457 10.007870 25.345566 1
8.727870 2.520089 18.785354 1
4.045243 3.353291 3.968122 1
-0.042861 10.912286 10.805568 1
3.994047 11.488393 25.432367 1
8.249782 3.994802 18.709902 1
5.114804 3.696600 5.144292 1
9.662764 11.295021 9.590690 1
3.003291 11.162109 24.411522 1
-1.390871 3.738879 19.751266 1
3.596029 2.885673 6.721612 1
0.526254 10.344615 7.959737 1
4.535923 12.121600 22.701452 1
7.525063 4.761878 21.585680 1
2.504255 2.344139 5.550676 1
1.391550 9.905453 8.987499 1
5.479916 12.660466 23.761912 1
6.581338 5.092597 20.412940 1
2.142690 3.138733 6.872920 1
2.096008 10.773730 7.976433 1
5.968802 11.714542 22.696497 1
6.060642 4.221661 21.614949 1
4.390297 5.029334 7.055339 1
-0.200420 12.506200 7.837222 1
3.746539 9.961917 22.429575 1
8.375483 2.346107 21.682366 1
2.781912 5.651830 7.092350 1
1.280361 13.138293 7.571924 1
5.193889 9.260225 22.418758 1
6.812254 1.852051 21.762585 1
3.925401 6.259931 6.101626 1
0.193990 13.759951 8.788163 1
4.217244 8.786619 23.374749 1
7.825899 1.323438 20.732355 1
1.738872 6.326072 13.957907 1
2.237003 13.875270 0.858242 1
6.291109 8.702252 15.625609 1
5.862074 1.230089 28.509864 1
0.016092 2.774402 14.249956 1
4.012304 10.213283 0.495276 1
8.113154 12.217605 15.207718 1
3.907297 4.711743 28.984996 1
4.102744 4.198386 11.479018 1
-0.122125 11.683975 3.259822 1
3.883329 10.727425 17.909027 1
8.332388 3.186207 26.216554 1
3.472100 4.256130 10.222749 1
0.578721 11.854894 4.676177 1
4.648702 10.714284 19.363876 1
7.497118 3.227016 24.814570 1
4.681465 5.218712 10.409564 1
10.016759 12.812110 4.267749 1
3.430083 9.615461 19.082528 1
-2.019990 2.264684 25.109702 1
1.951467 6.607372 9.772650 1
2.095032 14.105909 4.881076 1
6.200526 8.343327 19.621743 1
6.019541 0.955825 24.570097 1
3.244766 7.333990 10.086130 1
0.910575 14.885686 4.689909 1
4.873927 7.664992 19.306999 1
7.372676 0.056906 24.833211 1
1.960166 7.526093 10.867168 1
2.036831 0.127725 3.854470 1
6.070748 7.362781 18.450160 1
5.995960 14.869976 25.675380 1
4.454365 7.114381 12.070856 1
10.095195 14.474107 2.682725 1
3.503428 8.025427 17.435285 1
-2.004031 0.364796 26.804876 1
3.272989 7.380291 12.832656 1
0.881896 14.793991 1.771530 1
4.853108 7.697607 16.596311 1
7.212849 0.249730 27.656566 1
4.079261 5.920049 13.160268 1
-0.046637 13.499714 1.595127 1
3.974072 8.992980 16.411541 1
8.100006 1.389161 27.948785 1
1.961320 6.318974 16.121970 1
-0.341292 13.771528 28.067313 1
6.198005 8.749564 13.289765 1
8.444899 1.104531 1.345330 1
0.717368 7.347318 15.510200 1
0.842268 14.738003 28.635983 1
7.361425 7.579478 13.992727 1
7.219209 0.088955 0.793851 1
0.839337 6.375519 17.187586 1
0.756402 14.002684 26.946416 1
7.204592 8.584187 12.113129 1
7.416662 1.088095 2.543843 1
9.163705 6.245080 15.138939 1
2.908044 13.840383 29.082793 1
-1.132752 8.602161 14.419400 1
5.085263 1.158672 0.370833 1
9.025718 5.724610 16.544269 1
3.095961 13.303712 27.536687 1
-0.993789 9.255753 12.935787 1
4.912392 1.759133 1.804656 1
8.699096 4.712306 15.397813 1
3.291134 12.191852 28.855435 1
-0.673417 10.185495 14.157561 1
4.639820 2.740929 0.603883 1
0.161967 4.330475 17.454638 1
1.340862 11.683024 26.689378 1
7.847144 10.763167 12.012493 1
6.645467 3.291634 2.905596 1
-0.054057 3.265886 16.390779 1
1.522925 10.832897 27.823931 1
8.074214 11.726450 13.075233 1
6.491583 4.313029 1.710064 1
1.472191 3.856969 16.739032 1
0.121644 11.332225 27.418587 1
6.717898 11.121076 12.842760 1
7.865021 3.613875 1.938100 1
0.293280 0.840293 14.042361 1
3.786404 8.330442 0.707283 1
7.806363 13.985145 15.326887 1
4.177396 6.658234 28.754450 1
9.411720 1.192585 13.586567 1
5.359122 8.668394 0.964085 1
-1.176047 13.677005 15.715523 1
2.818166 6.140184 28.447423 1
-0.579905 14.908829 13.073306 1
4.762853 7.451415 1.515271 1
8.714154 0.071129 16.343854 1
3.475480 7.615838 27.830834 1
8.741968 1.791011 11.420748 1
5.905566 9.318015 3.324468 1
-0.542162 13.180460 17.928730 1
2.043655 5.632391 26.155817 1
9.381461 0.578712 10.831927 1
5.337501 8.044922 3.911963 1
-1.266009 14.301304 18.541020 1
2.746295 6.925115 25.718737 1
-0.838217 1.952417 10.203925 1
4.916008 9.407502 4.468688 1
8.891103 13.025411 19.090948 1
3.199214 5.562328 25.057293 1
1.917966 0.928669 12.260849 1
1.998534 8.430352 2.469535 1
6.206481 13.948719 17.092915 1
5.901114 6.499934 26.960251 1
1.108859 14.947062 11.419858 1
2.930819 7.525778 3.352793 1
6.923938 0.028711 18.026494 1
5.083553 7.411155 26.081883 1
1.682137 1.313932 10.914683 1
2.318508 8.824356 3.939150 1
6.558498 13.676928 18.546696 1
5.694264 6.051579 25.501749 1
7.189101 3.486460 6.460331 1
7.394223 11.054403 8.169302 1
0.944418 11.322653 23.043496 1
0.616466 3.827948 21.300435 1
7.388900 2.889512 7.807699 1
7.317603 10.394751 6.839303 1
0.766258 12.056330 21.543592 1
0.784853 4.533776 22.576221 1
7.298258 1.976767 6.620087 1
7.538096 9.599029 8.122618 1
0.940832 13.001305 22.868093 1
0.685051 5.366734 21.304228 1
-0.701045 1.241199 8.409960 1
4.749196 8.745229 6.175557 1
-1.730093 13.717470 21.051245 1
3.280503 6.332306 23.237334 1
9.786558 0.292930 6.780330 1
4.860772 7.724770 7.843500 1
-1.684496 14.699495 22.578594 1
3.286526 7.317731 21.586687 1
0.607386 1.245981 7.150041 1
3.443741 8.831376 7.524155 1
7.516487 13.551259 22.230173 1
4.530094 6.112948 22.003212 1
9.070335 2.056680 4.431545 1
5.445896 9.620110 10.374609 1
-0.984240 12.847536 25.041615 1
2.620230 5.437253 19.197958 1
-0.029788 2.669303 4.595296 1
4.197611 10.233157 10.271701 1
8.245729 12.180837 24.900131 1
3.955085 4.804451 19.306229 1
9.308552 3.576041 4.354588 1
5.363262 11.168875 10.284757 1
-1.118668 11.279788 25.000817 1
2.705535 3.800585 19.054245 1
7.821509 4.175750 11.410059 1
6.849440 11.662560 3.363370 1
0.196776 10.726141 17.899694 1
1.266084 3.265134 26.089187 1
9.047492 5.004657 12.040043 1
5.637668 12.603161 2.685072 1
-0.947376 9.873805 17.358260 1
2.522935 2.483092 26.821907 1
7.623403 5.832310 11.958263 1
6.949677 13.288246 2.936063 1
0.461059 9.278525 17.505293 1
1.216675 1.705460 26.531151 1
-0.262676 7.197523 10.583406 1
4.299568 14.754370 4.069789 1
8.391793 7.794240 18.912573 1
3.745662 0.191205 25.240843 1
9.052871 7.991295 10.420977 1
5.756602 0.342706 4.439611 1
-0.946923 7.049910 19.195168 1
2.363523 14.602391 25.010223 1
-0.645133 7.550286 9.203724 1
4.830585 0.197129 5.506558 1
8.701179 7.431338 20.401072 1
3.292916 14.940286 23.790716 1
6.815927 6.681511 9.307431 1
7.777590 14.165890 5.511699 1
1.284297 8.362104 20.136097 1
0.149824 0.783423 23.967778 1
6.812526 5.051162 8.731795 1
7.850877 12.611480 6.007321 1
1.210004 9.895865 20.637361 1
0.213300 2.435499 23.586515 1
7.653432 6.121613 8.051412 1
7.098089 13.708743 6.760865 1
0.615182 8.755731 21.419240 1
1.083156 1.390441 22.730974 1
