1.300158 0.599543 19.461287 7
1.937441 10.033071 7.792895 7
4.556832 4.794592 4.119544 7
5.333472 5.945376 15.828125 7
3.581374 1.731298 17.364433 7
6.094657 8.996272 5.500577 7
0.320323 3.694604 6.199199 7
2.918242 6.983032 17.981985 7
3.890448 2.433638 17.175573 1
5.878375 8.140648 5.506342 1
0.651866 2.879276 6.276893 1
2.674589 7.756309 18.092564 1
1.829937 9.968805 17.772864 8
1.408257 0.749124 5.914141 8
5.132578 6.013311 5.846245 8
4.791123 4.711815 17.624111 8
2.214256 1.381265 22.047039 8
1.071667 9.348552 10.171624 8
5.454670 4.011030 1.542701 8
4.423223 6.790762 13.308914 8
1.498365 3.480866 21.696222 8
1.819596 7.196413 9.905748 8
4.767419 1.874296 2.017315 8
5.084303 8.904981 13.678368 8
1.081700 1.941639 19.796279 6
2.179254 8.782819 8.132845 6
4.494814 3.345980 3.770528 6
5.375988 7.438283 15.418412 6
6.209490 2.318651 19.686509 6
3.605158 8.373257 7.962273 6
2.926254 3.189622 3.673920 6
0.385017 7.677716 15.498830 6
5.893102 2.953548 20.371804 1
3.921195 7.657147 8.565711 1
2.539497 2.414531 3.129318 1
0.653000 8.432359 15.037273 1
5.823499 2.454603 18.842508 1
4.001089 8.205116 7.172055 1
2.598650 2.848930 4.754980 1
0.664424 7.714743 16.472917 1
5.561355 1.024175 20.324952 6
4.278867 9.835524 8.478671 6
2.302550 4.382690 3.340516 6
0.948523 6.292976 14.940532 6
4.766638 0.816650 19.781923 1
5.082334 9.917837 8.144337 1
1.487742 4.533920 3.681273 1
1.884544 6.122631 15.437221 1
5.482600 1.023543 21.247521 1
4.500164 9.751937 9.521629 1
2.201655 4.413980 2.257990 1
1.074268 6.276628 14.120266 1
0.035114 10.640221 20.093311 6
3.095068 0.069221 8.254571 6
3.368540 5.605091 3.630872 6
6.473306 5.258557 15.409847 6
0.324381 10.054447 20.835679 1
3.009106 0.591072 9.016477 1
3.484618 5.957062 2.752782 1
6.232158 4.812886 14.527124 1
6.216894 9.958493 19.420474 1
3.511838 0.745534 7.514882 1
3.106325 6.127418 4.229718 1
0.138378 4.566903 15.950560 1
1.751508 0.317762 18.206906 6
1.494284 10.411311 6.522831 6
4.977062 4.904558 5.211463 6
4.780908 5.738655 17.012831 6
2.358948 1.716422 17.714299 6
1.028267 8.971853 5.922589 6
5.542920 3.563812 5.874613 6
4.210093 7.121544 17.552998 6
1.581382 1.805076 17.080278 1
1.569666 8.798150 5.264497 1
4.915763 3.550927 6.606411 1
4.872470 7.308938 18.301962 1
2.091858 2.630005 18.891516 6
1.143361 8.086821 7.138242 6
5.246883 2.637735 4.659766 6
4.417333 8.173908 16.521556 6
1.611868 3.547498 18.368503 1
1.737079 7.097969 6.642580 1
4.908087 1.836206 5.028521 1
4.955944 8.873635 16.787865 1
3.037076 2.967435 19.386648 1
0.294881 7.713570 7.535967 1
6.260792 2.417127 4.289609 1
3.435208 8.268726 16.018930 1
1.571687 2.316629 21.311577 6
1.552428 8.532831 9.450828 6
4.901631 3.083281 2.356233 6
4.954879 7.504676 14.003453 6
1.877789 3.992966 22.962723 6
1.269309 6.800873 11.076485 6
5.203494 1.444301 0.579640 6
4.562206 9.222318 12.389532 6
1.621553 3.260082 23.501653 1
1.735319 7.372143 11.811092 1
4.756522 2.183536 0.041033 1
5.035467 8.585617 11.759315 1
1.619224 4.775421 23.226887 1
1.705135 5.905374 11.402964 1
4.772358 0.626905 0.305140 1
4.949564 10.041694 12.277488 1
2.774858 3.817716 22.994259 1
0.421962 6.815569 11.210479 1
6.048350 1.392997 0.568956 1
3.573700 9.190462 12.298808 1
3.829277 1.099520 15.981219 6
5.904187 9.686099 4.142179 6
0.717404 4.247864 7.583934 6
2.618108 6.436810 19.371329 6
3.652045 0.134817 16.025319 1
6.261934 10.666751 4.265734 1
0.299783 5.197026 7.483675 1
3.038076 5.518760 19.353884 1
5.399891 1.045864 15.668219 6
4.395395 9.606709 3.893690 6
2.038045 4.228604 7.809087 6
1.217854 6.493453 19.693222 6
5.635856 2.042499 15.621325 1
4.014440 8.768580 3.827446 1
2.435855 3.386195 7.817204 1
0.856213 7.304917 19.704169 1
5.480778 0.586707 14.900881 1
4.311621 10.025089 3.090577 1
2.335757 4.624551 8.679824 1
0.946986 6.043666 20.536107 1
5.827424 0.598872 16.369831 1
4.013512 10.101828 4.642448 1
2.582977 4.847078 7.092488 1
0.784575 5.908308 18.983200 1
3.123665 1.761798 14.856481 6
0.069293 9.138486 2.980849 6
6.316725 3.622736 8.768153 6
3.519119 6.966705 20.597401 6
2.209772 0.882759 14.069206 6
0.897966 9.794080 2.285982 6
5.516218 4.469523 9.551141 6
4.319016 6.227942 21.208973 6
2.202343 10.697397 14.293455 1
1.033102 0.088640 2.479560 1
5.394298 5.295600 9.336756 1
4.420065 5.335020 21.026493 1
1.547982 1.499234 12.862486 6
1.606819 9.315815 1.241990 6
4.965239 3.860100 10.528377 6
4.986883 6.863225 22.373928 6
1.039093 0.897760 12.336927 1
2.258657 9.828077 0.661615 1
4.251980 4.474093 11.081449 1
5.389860 6.306080 22.884559 1
1.675867 2.770111 12.563750 6
1.615404 7.863398 0.840495 6
5.054309 2.509783 10.948008 6
4.722404 8.180011 22.759692 6
1.387573 3.132295 11.917221 1
2.065733 7.568270 0.055829 1
4.594187 2.273358 11.682270 1
5.273474 8.477854 23.348061 1
2.562097 3.665880 13.337494 6
0.795525 7.123469 1.670982 6
5.780816 1.855678 10.043349 6
4.046307 8.949074 21.844458 6
2.550736 4.474312 13.306228 1
0.700224 6.207744 1.463040 1
5.945092 0.911202 10.254660 1
3.866357 9.778205 22.161827 1
3.154050 2.992662 14.567203 6
0.137893 7.764478 2.678907 6
6.488294 2.241072 9.052472 6
3.236949 8.459422 20.830577 6
3.682838 3.566936 15.079682 1
6.063171 7.143646 3.324417 1
0.533976 1.814523 8.505729 1
2.816671 9.012387 20.195426 1
