8.156070 8.259695 5.653440 16
4.171890 3.714121 19.627003 16
8.222304 2.223403 8.127482 16
4.099905 9.584338 22.069472 16
7.684091 0.473765 3.329628 16
4.795060 11.437807 17.104174 16
0.552155 6.515877 10.618790 16
3.561822 5.410059 24.647835 16
3.971448 9.639246 3.507194 16
0.159544 2.265404 17.577522 16
4.259839 3.647432 10.259893 16
8.076017 8.284854 24.288544 16
7.706319 8.451413 4.318069 8
4.699129 3.352962 18.277122 8
0.607609 2.662093 9.523576 8
3.675727 9.279883 23.486176 8
8.256548 1.465481 4.179086 8
4.145258 10.518040 17.994445 8
8.178228 7.478413 9.823483 8
4.073410 4.392052 23.623071 8
0.281814 10.986942 3.279070 7
3.898007 0.840294 17.015119 7
8.138241 5.045859 10.704657 7
4.340741 6.781137 24.719548 7
8.047568 10.528915 3.662234 1
4.208441 1.572938 17.594158 1
0.254451 4.552192 10.238194 1
4.054396 7.418432 24.324075 1
1.123604 9.454013 6.298707 6
3.042820 2.334245 20.226651 6
7.088047 3.523450 7.661720 6
5.368710 8.495345 21.639199 6
0.958904 9.865492 7.568908 6
3.008392 2.151120 21.506379 6
7.170623 3.821805 6.240327 6
5.089440 8.135878 20.155822 6
0.449702 9.251504 8.177873 1
3.552909 2.720630 22.135298 1
7.780941 3.327411 5.742776 1
4.643132 8.652402 19.649765 1
1.856307 10.845583 8.158384 6
2.337070 1.156967 22.086501 6
6.426324 4.839485 5.750564 6
5.912699 7.031520 19.707271 6
1.690810 10.940036 8.967423 1
2.369620 0.905640 22.925145 1
6.524842 5.035817 4.937764 1
5.829390 6.899761 18.692495 1
2.628701 11.581873 7.407906 6
1.513776 0.268117 21.312633 6
5.629125 5.704523 6.547629 6
6.788011 6.399538 20.449860 6
3.155124 0.337075 7.577009 1
1.000726 11.594469 21.565478 1
5.200149 6.273360 6.311263 1
7.292355 5.690304 20.155807 1
2.750969 11.355784 5.944751 6
1.507592 0.761712 19.813135 6
5.624025 5.198264 7.998647 6
6.836494 6.640020 21.747970 6
3.290739 11.724900 5.445377 1
0.862696 0.126516 19.452007 1
4.953115 5.808788 8.470559 1
7.393995 6.072613 22.335226 1
1.913277 10.180718 5.369843 6
2.086735 1.643890 19.225026 6
6.222845 4.319014 8.559379 6
6.220341 7.670792 22.453577 6
2.136359 9.889614 3.955306 6
1.975831 2.092857 17.759263 6
6.056175 3.932502 10.061026 6
6.327626 8.045935 23.855723 6
1.701038 8.972454 3.817195 1
2.386177 2.827763 17.593893 1
6.436991 3.172821 10.242303 1
5.958134 8.830730 24.087225 1
1.579927 11.021005 3.066520 6
2.468354 0.942980 16.810204 6
6.662944 4.958696 10.864242 6
5.722661 6.963690 24.868050 6
2.037532 11.792898 3.283890 1
2.129062 0.167354 17.159567 1
6.226866 5.785695 10.735104 1
6.135777 6.024993 24.497336 1
4.284575 8.281773 4.371932 6
8.029042 3.637927 18.312539 6
4.002685 2.204366 9.438429 6
0.222547 9.688174 23.397113 6
3.868182 8.356983 5.260213 1
0.295271 3.708739 19.131756 1
4.261420 2.287632 8.703527 1
8.043843 9.628050 22.631575 1
5.256501 8.141325 4.581030 1
7.134857 3.865291 18.393531 1
3.076829 2.074258 9.469959 1
1.212925 9.735328 23.316935 1
3.859330 7.486448 3.912471 1
0.199945 4.383630 17.821214 1
4.341541 1.596231 10.014620 1
8.103428 10.460858 23.982796 1
0.941546 6.883326 5.734561 6
3.041757 5.083340 19.480663 6
7.201210 0.863386 8.235702 6
5.082729 11.076374 22.269355 6
1.579708 6.256304 6.786221 6
2.706359 5.697657 20.723287 6
6.681294 0.208904 7.113482 6
5.730467 11.646584 20.962820 6
1.376688 6.697328 7.582867 1
2.692187 5.310654 21.428937 1
6.851956 0.803726 6.344596 1
5.453364 11.228528 20.171812 1
2.238386 5.084323 6.834870 6
1.924446 6.902480 20.685614 6
6.046934 11.059917 7.207409 6
6.244580 0.961521 21.048114 6
2.470706 4.585432 7.580429 1
1.579815 7.315600 21.436953 1
5.760963 10.603042 6.308324 1
6.742343 1.275875 20.192929 1
2.345217 4.444338 5.575181 6
1.715709 7.473434 19.418133 6
5.993766 10.433015 8.419801 6
6.491281 1.533545 22.302559 6
1.856746 4.973355 4.461469 6
2.308347 7.026580 18.315736 6
6.364687 10.990826 9.531776 6
6.015817 1.018442 23.329471 6
1.958935 4.564845 3.674149 1
2.076769 7.423623 17.460362 1
6.204538 10.502749 10.361748 1
6.056551 1.541070 24.126508 1
1.100735 6.184942 4.486648 6
3.038486 5.864269 18.255985 6
7.130980 0.115098 9.458094 6
5.299982 11.702633 23.415347 6
0.835480 6.523622 3.648515 1
3.330600 5.520795 17.627506 1
7.398774 0.558568 10.250279 1
5.008482 11.366895 24.268267 1
3.122855 3.001396 5.450529 6
1.018700 9.021504 19.519896 6
5.254272 9.034604 8.275996 6
7.172128 3.001930 22.348078 6
2.630008 2.618374 4.798917 1
1.416074 9.490161 18.674362 1
5.490257 8.508114 9.129251 1
6.832776 3.529204 23.014265 1
2.799182 2.581621 6.245700 1
1.360768 9.424151 20.236354 1
5.476831 8.565277 7.531056 1
6.910571 3.477913 21.560635 1
4.069566 3.046030 5.374095 1
0.185591 8.895901 19.390062 1
4.206369 9.155939 8.440180 1
8.052005 2.929422 22.448006 1
2.084119 10.858681 1.612148 6
2.016965 1.248458 15.384206 6
6.193885 4.730388 12.388294 6
6.102658 7.079138 26.333693 6
1.451796 9.604492 0.810205 6
2.647749 2.242880 14.676872 6
6.691159 3.678645 13.021060 6
5.657110 8.273636 27.062571 6
0.839408 9.123793 1.250468 1
3.264048 2.940975 15.166418 1
7.314808 3.027163 12.576835 1
5.119331 8.763523 26.515988 1
1.689244 9.484235 27.366261 6
2.356919 2.497315 13.335631 6
6.482846 3.547093 14.345102 6
5.869207 8.385860 0.534377 6
1.319003 8.803231 26.950431 1
2.784202 3.176121 12.944823 1
6.907022 2.882351 14.834574 1
5.637284 9.159892 0.982782 1
2.552726 10.391350 26.772312 6
1.441228 1.599326 12.851579 6
5.639899 4.317008 15.092783 6
6.814046 7.625480 1.156225 6
2.799260 10.207319 25.766985 1
1.301024 1.746736 11.979061 1
5.514030 4.250262 16.006837 1
7.008049 7.821843 2.009848 1
3.166289 11.394281 27.315717 6
1.026443 0.575169 13.512831 6
5.003291 5.492046 14.446524 6
7.327441 6.569277 0.530264 6
3.766331 0.037138 26.934266 1
0.361575 11.864160 12.906336 1
4.533457 6.007630 14.912889 1
7.958380 6.009545 0.973780 1
2.837164 11.546183 0.904062 6
1.224218 0.240687 14.828876 6
5.448821 5.679171 13.070426 6
7.072252 6.244898 26.989489 6
3.138636 0.359863 1.314824 1
0.846025 11.548836 15.248588 1
5.060967 6.374078 12.508790 1
7.361266 5.627590 26.428937 1
7.963516 1.207803 1.689076 6
4.364410 10.809690 15.465374 6
0.174906 7.048353 12.309866 6
3.853191 4.768150 26.140525 6
7.676990 0.336823 0.470808 6
4.684589 11.526995 14.456281 6
0.666522 6.343627 13.350071 6
3.594535 5.636901 27.356655 6
7.087984 11.644016 0.582703 1
5.171382 0.457357 14.459912 1
1.114396 5.679350 13.422055 1
2.940774 6.413094 27.182281 1
8.021384 0.839929 27.024787 6
4.440709 11.124011 13.207886 6
0.248555 6.914387 14.720893 6
3.911916 5.185347 0.742868 6
7.749252 0.397183 26.299190 1
4.653602 11.479395 12.369203 1
0.561551 6.448311 15.499608 1
3.511872 5.578447 1.600871 1
0.463195 2.071343 26.924720 6
3.601232 9.962085 12.999247 6
7.791261 8.037855 14.920535 6
4.602353 4.038799 0.945535 6
0.755132 2.751137 0.145063 6
3.342533 9.272680 14.061989 6
7.440900 8.769291 13.814542 6
4.830703 3.210307 27.570309 6
1.258994 3.548587 0.005659 1
2.889327 8.466075 13.998099 1
7.010538 9.409812 13.733654 1
5.397364 2.351776 27.728569 1
0.441197 2.355427 1.404825 6
3.762013 9.727589 15.377166 6
7.769353 8.224701 12.499445 6
4.631866 3.628465 26.415212 6
0.683184 2.818060 2.286183 1
3.490045 9.192232 16.159375 1
7.621602 8.707740 11.634775 1
4.743751 3.232946 25.531962 1
0.836089 2.404934 25.492767 6
3.280918 9.531422 11.520072 6
7.328034 8.414880 16.178851 6
5.091044 3.472757 2.243509 6
1.871626 2.630669 25.489626 1
2.307306 9.229036 11.526560 1
6.534059 8.514416 16.278329 1
5.889829 3.350180 2.250131 1
0.372052 3.261825 25.348393 1
3.628693 8.649166 11.331509 1
7.749967 9.316300 16.414743 1
4.614514 2.680418 2.432619 1
0.595345 1.909398 24.925448 1
3.531802 10.105203 10.951010 1
7.599671 7.731234 16.891150 1
4.739512 4.079700 3.018645 1
