1.193408 18.323604 8.573357 6
3.357770 7.000474 11.430069 6
4.852502 4.482793 4.816137 6
2.731512 15.748092 1.867330 6
0.991780 18.779871 7.742831 1
3.695976 7.491280 12.409602 1
5.109743 3.935722 5.657078 1
2.455779 15.359332 1.070515 1
1.682819 17.057480 8.368254 6
2.840894 5.595202 11.870658 6
4.399030 5.857048 5.067879 6
3.267033 17.241256 1.663723 6
2.489940 16.503872 7.413020 6
2.074951 5.030475 12.739513 6
3.387588 6.273463 6.122546 6
3.940184 17.755114 0.770868 6
3.005674 16.911154 6.777705 1
1.676611 5.572520 13.342001 1
3.075654 5.793615 6.753186 1
1.584621 17.297650 13.406455 1
2.822030 15.157786 7.499012 6
1.662659 3.577785 12.771058 6
3.095168 7.784375 5.919901 6
4.310780 19.198975 0.759029 6
3.370674 14.806454 6.753294 1
1.251153 3.378354 13.280680 1
2.593775 8.063225 6.533709 1
4.826973 19.602706 0.177756 1
2.394487 14.256397 8.320320 6
2.305866 2.755201 11.766982 6
3.655191 8.573117 5.076113 6
3.760982 19.884439 1.600067 6
2.590373 13.395874 8.371112 1
1.995709 2.003766 11.784403 1
3.435739 9.482531 4.952583 1
4.041911 20.866991 1.629114 1
1.329325 14.848551 9.279984 6
3.135127 3.294889 10.881036 6
4.631189 8.114920 4.069595 6
2.921479 19.439096 2.658599 6
0.646087 13.993246 10.399139 6
3.888002 2.680371 9.765162 6
5.271604 8.682328 3.156598 6
2.153893 20.117450 3.599567 6
0.884249 13.157335 10.410164 1
3.701153 1.774246 9.612427 1
5.160120 9.648837 3.059359 1
2.307764 21.066197 3.758970 1
-0.225797 14.642416 11.164764 6
4.700214 3.293617 8.853848 6
6.214196 8.151625 2.308233 6
1.202162 19.506001 4.564386 6
-0.546904 14.256239 11.738213 1
5.224444 2.721877 8.253166 1
6.653962 8.719661 1.530068 1
0.770290 20.114379 5.126721 1
-0.467705 16.073212 11.100021 6
5.018816 4.573464 9.042399 6
6.560378 6.848650 2.255737 6
1.083499 18.086250 4.414927 6
-1.010154 16.406246 11.643986 1
5.658338 5.060725 8.448009 1
7.040428 6.426543 1.726354 1
0.402733 17.686104 4.834645 1
0.280544 16.683346 10.071894 6
4.318004 5.354945 10.053220 6
5.727606 6.035497 3.308068 6
1.588849 17.408685 3.427709 6
1.049272 16.221020 9.250972 6
3.443238 4.686203 10.846003 6
4.938620 6.647117 4.185857 6
2.579926 18.045758 2.638557 6
0.035976 18.305899 9.660494 6
4.539086 6.899379 10.478054 6
5.912135 4.621614 3.720384 6
1.537466 15.958938 2.933485 6
0.227169 18.936913 10.333757 1
4.501710 7.439681 9.802320 1
5.788964 3.996517 2.987443 1
1.668977 15.361090 3.701337 1
-1.417904 18.394691 8.915050 6
6.009465 6.899429 11.226623 6
7.361242 4.516253 4.518338 6
0.191137 15.923579 2.212585 6
-1.970779 18.092934 9.687286 1
6.647467 6.721021 10.469483 1
-0.827320 4.680168 3.821946 1
-0.609780 16.256426 2.848458 1
-1.777764 19.887012 8.557343 6
6.235489 8.499996 11.521916 6
7.804507 3.042891 4.917480 6
-0.203980 14.520348 1.901808 6
-1.789506 20.909060 9.301181 6
6.449179 9.622175 10.868967 6
7.861338 1.852593 4.180171 6
-0.445528 13.317121 2.668775 6
-1.512135 20.961930 10.195773 1
6.026501 9.515975 9.961854 1
7.605829 1.889783 3.220720 1
-0.022290 13.212902 3.417374 1
6.597482 22.092539 8.549917 6
-2.087961 10.637899 11.564752 6
-0.644356 0.639541 4.697753 6
8.154061 12.074071 1.986843 6
6.456808 0.056223 9.115893 1
-1.893006 11.436235 11.081205 1
-0.559901 22.788471 4.321022 1
7.999413 11.240421 2.487697 1
6.217355 22.004181 7.397472 6
-1.620161 10.755210 12.846888 6
-0.175288 0.627947 6.099695 6
7.715068 12.104174 0.616569 6
5.860488 22.789622 6.979564 1
-1.252048 11.464064 13.178937 1
0.139732 22.755430 6.518682 1
7.357637 11.409369 0.270872 1
6.344208 20.818905 6.573601 6
1.289631 9.438597 0.168446 6
-0.238416 1.905394 6.842762 6
4.711810 13.397287 13.286828 6
5.804363 20.647634 5.177920 6
1.724428 9.210337 1.494624 6
0.211775 2.094025 8.251664 6
4.288639 13.566866 11.948289 6
5.504741 21.321480 4.745003 1
2.102071 9.972662 1.866489 1
0.493258 1.334387 8.660521 1
3.925578 12.896761 11.460290 1
5.957344 19.416903 4.651617 6
1.546333 8.008315 2.052596 6
0.220368 3.253179 8.677384 6
4.496657 14.773220 11.334382 6
5.602080 19.435522 3.868498 1
1.983720 7.983377 2.963749 1
0.376051 3.558823 9.642170 1
4.158801 14.888572 10.415597 1
6.351003 18.299475 5.412799 6
1.168735 6.923702 1.420085 6
-0.369370 4.415677 7.939346 6
4.911856 15.867471 12.037752 6
6.521638 17.621072 4.890205 1
0.958458 6.038249 1.690740 1
-0.485931 5.363655 8.407423 1
5.093828 16.669721 11.671736 1
6.940459 18.575687 6.623144 6
0.576589 7.093510 0.116813 6
-0.730106 4.238566 6.701775 6
5.345747 15.778931 13.284357 6
6.860487 19.819199 7.339005 6
-2.138207 8.346321 12.785280 6
-0.683070 2.947499 6.077628 6
8.162896 14.478539 0.527872 6
-1.486325 17.596826 7.582317 6
6.115657 6.164553 12.467876 6
7.582709 5.156842 5.853764 6
-0.013877 16.606441 0.855558 6
-0.615453 17.211871 7.365779 1
5.276166 5.915228 12.721689 1
6.568539 5.467487 6.016472 1
0.862016 16.962694 0.565757 1
2.411915 19.381559 9.265010 6
2.187462 7.864549 10.887826 6
3.671300 3.572120 4.271438 6
3.918385 14.931427 2.463718 6
2.945920 18.710280 10.434580 6
1.558190 7.290735 9.749705 6
3.033832 4.055062 2.883707 6
4.501710 15.639139 3.674783 6
2.410257 18.619190 11.179865 1
2.212602 7.045107 8.935757 1
3.722030 4.376106 2.369278 1
3.854443 15.724614 4.315799 1
3.746565 19.350592 10.713355 1
0.881358 7.903532 9.247045 1
2.237500 3.517419 2.714484 1
5.236681 14.887858 4.005402 1
3.530302 17.835982 10.241284 1
1.164407 6.380062 9.904775 1
2.537931 4.902279 3.266437 1
4.921508 16.461864 3.499443 1
3.507487 19.637609 8.161320 6
1.044750 8.127150 12.043520 6
2.492140 3.178485 5.298672 6
5.046284 14.697965 1.370238 6
4.083733 20.172008 8.345352 1
0.442530 8.740421 11.782144 1
1.971295 2.575325 4.885138 1
5.489890 13.917810 1.750750 1
3.082159 19.909861 7.315651 1
1.444347 8.451990 12.844227 1
3.044167 2.921429 6.057985 1
4.581950 14.325645 0.523280 1
3.989898 18.700893 7.898537 1
0.668156 7.379133 12.174549 1
2.110111 4.159996 5.552706 1
5.456999 15.498569 1.259288 1
1.793602 20.530816 9.534298 6
2.762860 9.173785 10.626616 6
4.215916 2.176209 3.834681 6
3.363608 13.630399 2.771251 6
7.107217 14.899212 6.923224 6
-2.565700 3.503450 13.335585 6
-1.027890 7.890851 6.516096 6
8.632509 19.411335 0.111332 6
6.367671 13.531044 7.049002 6
-1.881333 2.239627 13.010516 6
-0.298568 9.332470 6.433966 6
7.793736 20.680348 0.448376 6
5.864325 13.159144 8.376917 6
-1.280064 1.846689 11.818849 6
0.126806 9.565030 5.030964 6
7.462554 21.044321 1.604734 6
6.078290 13.698015 8.990841 1
-1.430028 2.321733 11.163047 1
0.080409 9.102434 4.342891 1
7.426457 20.528981 2.344684 1
5.171716 12.055613 8.314768 6
-0.557619 0.530749 11.814754 6
0.878161 10.813056 5.077212 6
6.646655 22.188858 1.588280 6
4.971928 11.636561 9.153130 1
-0.215705 0.327507 10.867181 1
1.225595 11.178941 4.105626 1
6.376031 22.551817 2.468046 1
5.091445 11.155927 7.290353 6
-0.468046 22.581924 12.862019 6
0.945859 11.714529 6.010588 6
6.574116 0.258631 0.700081 6
4.493097 10.328215 7.466506 1
-0.048975 21.833168 12.654631 1
1.375359 12.400429 5.935967 1
6.105759 1.030599 0.676486 1
5.694131 11.614807 6.063892 6
1.855810 0.192841 0.518748 6
0.459618 11.332160 7.398339 6
4.255704 22.736564 12.766748 6
5.530357 10.928482 5.458666 1
2.012503 22.418747 1.246827 1
0.416943 11.817114 7.951408 1
4.150227 0.464109 12.044273 1
6.395652 12.714245 5.907270 6
1.166314 1.449838 0.776390 6
-0.343642 9.961229 7.487421 6
4.913680 21.455904 12.655761 6
6.719836 13.062895 5.044280 1
0.781534 1.699629 1.489369 1
-0.674269 9.872511 8.251220 1
5.295508 21.216505 11.820184 1
1.431800 21.661026 9.780520 7
2.975815 10.154495 10.329090 7
4.589774 1.185271 3.631806 7
3.005011 12.526155 3.121814 7
-0.584899 15.231605 5.900130 16
8.188142 3.794505 0.819177 16
6.686228 7.670999 7.514821 16
-2.047410 19.119308 12.641038 16
6.450913 16.025665 7.928882 16
-1.820951 4.707051 12.114233 16
-0.430266 6.768167 5.514096 16
7.882573 18.203429 1.171517 16
