2.541697 3.695052 7.138896 7
5.420548 0.803689 12.484173 7
2.036908 4.363192 8.073653 6
5.890925 1.405598 11.387426 6
0.908486 4.991862 8.123939 6
7.186649 2.138924 11.480999 6
0.371579 5.740117 9.092790 6
7.763304 2.782550 10.385798 6
0.968596 0.086078 10.328355 6
7.039874 2.939108 9.130125 6
2.280524 5.124700 10.394391 6
5.883847 2.181181 9.065783 6
2.706032 4.397885 9.275857 6
5.303197 1.486746 10.198301 6
3.743538 3.925146 6.579386 6
4.112299 1.002652 13.093045 6
4.496611 5.061381 6.784947 6
3.497677 2.109609 12.662272 6
5.869789 5.291064 6.297279 6
2.260801 2.382837 13.145295 6
6.235997 4.355642 5.439160 6
1.623573 1.358250 14.148701 6
5.629574 3.114836 5.087629 6
2.337859 0.336916 14.409894 6
4.319908 3.023285 5.567142 6
3.576513 0.083539 13.941641 6
1.692754 2.446647 6.526000 6
6.280663 5.457548 12.844852 6
1.113871 2.766033 5.318659 6
7.024168 5.619715 14.225128 6
1.279876 3.919187 4.343499 6
6.694099 0.947856 14.987926 6
0.532729 3.912690 3.167552 6
7.295629 1.015250 16.342756 6
8.664496 3.054557 2.809140 6
-0.648573 5.803630 16.780036 6
8.599220 1.723312 3.412571 6
-0.583530 4.720715 15.984293 6
0.292804 1.609201 4.669664 6
7.830943 4.621767 14.856224 6
8.054288 3.241713 1.438520 6
0.024498 0.293569 17.991801 6
7.078531 2.346630 0.854309 6
0.957229 5.269789 18.681719 6
5.463042 2.630920 19.076292 6
2.537055 5.496445 0.424630 6
5.700764 3.827685 18.420663 6
2.458941 0.771474 1.225499 6
4.982127 3.903494 17.262154 6
3.021183 0.980423 2.250651 6
4.035491 2.998736 16.853845 6
3.999049 5.802709 2.776964 6
3.898144 1.910949 17.474196 6
4.251922 4.851372 1.881357 6
4.591752 1.625888 18.786779 6
3.419927 4.671967 0.837533 6
0.429592 4.921704 7.180058 1
7.576096 2.133678 12.390622 1
8.315875 0.433820 8.933835 1
-0.344192 3.370776 10.512482 1
0.725238 0.313795 11.081644 1
7.372460 3.276357 8.532849 1
2.618682 5.195633 11.255444 1
5.305506 2.290626 8.267194 1
3.571781 3.965823 9.365339 1
4.409818 1.065046 10.170572 1
4.083188 5.608405 7.357883 1
3.835352 2.802368 11.962540 1
6.263291 0.156229 6.469609 1
1.642920 3.029824 12.972572 1
7.257612 4.458245 5.078516 1
0.720291 1.582783 14.494544 1
5.980963 2.447763 4.338520 1
1.982279 5.414396 15.151587 1
3.879497 2.216941 5.293765 1
4.170359 5.009694 14.219736 1
0.910485 2.429030 7.097741 1
6.928411 5.405789 12.347598 1
2.266650 1.749475 6.545474 1
5.699291 4.673881 12.896425 1
1.860884 4.451153 4.795997 1
6.170501 1.645396 14.869672 1
0.855850 4.798556 2.569332 1
7.290787 1.756745 16.870859 1
7.917093 1.136697 3.210092 1
0.086595 3.961212 16.223855 1
0.131191 0.821612 5.191983 1
7.807579 3.876176 14.217364 1
8.232203 3.902767 0.958288 1
-0.370942 1.112486 18.615754 1
6.796787 1.568426 1.354979 1
1.047256 4.450326 18.193447 1
6.335694 4.402108 18.606886 1
1.776859 1.623026 0.855473 1
4.973435 4.767815 16.625770 1
3.024035 1.743967 2.848065 1
3.530839 3.193093 15.991050 1
4.422452 0.186923 3.502743 1
3.172747 1.153086 17.293964 1
4.846231 4.119802 2.236859 1
4.489405 0.980373 19.330154 1
3.583016 3.815670 0.351070 1
