4.135945 1.819214 1.007901 8
4.704544 7.113279 5.963596 8
2.935972 8.725094 12.872759 8
2.140921 3.429507 8.120426 8
5.315067 2.406149 2.701751 8
3.420765 7.608234 4.198704 8
1.644704 8.126888 11.220570 8
3.344199 2.803245 9.790757 8
6.099838 3.549262 4.524433 8
2.545795 8.812098 2.392594 8
0.766172 6.985860 9.540265 8
4.236871 1.838857 11.478686 8
2.660355 10.098646 5.487301 8
6.055265 4.856547 1.403730 8
4.220305 0.324777 8.462681 8
0.826960 5.595457 12.519438 8
0.627491 10.468978 6.460099 8
8.240980 5.358669 0.595204 8
6.252890 10.461665 7.629111 8
-1.327510 5.240907 13.454567 8
3.327955 3.671858 2.496764 6
5.440444 8.898418 4.554593 6
3.704956 6.896915 11.467702 6
1.505246 1.569841 9.536761 6
3.174090 4.383598 1.917216 1
5.536296 9.591669 5.092781 1
3.811069 6.106377 12.198035 1
1.370566 0.966173 8.860957 1
4.022827 4.148089 3.764186 6
4.839246 9.331918 3.267875 6
2.902748 6.383155 10.288865 6
2.082729 1.047033 10.816584 6
4.138011 5.048110 3.538754 1
4.566051 10.387819 3.476155 1
2.846077 5.330131 10.311981 1
2.310442 0.078337 10.547523 1
3.209842 3.832377 4.968108 6
5.659139 9.214272 2.027703 6
3.832938 6.540322 9.057948 6
1.213230 1.371614 12.034337 6
3.509835 4.260704 5.828154 1
5.184364 9.479078 1.249128 1
3.283589 6.202795 8.125633 1
1.652586 1.032074 12.719738 1
1.826001 4.597761 4.620500 6
6.925228 9.836651 2.280430 6
5.007564 5.937765 9.209843 6
0.007517 0.701265 11.738032 6
0.984587 5.572539 5.434385 6
7.824507 0.321279 1.553985 6
5.889341 4.845469 8.528797 6
-0.797022 10.138174 12.374781 6
1.376898 6.135576 6.030092 1
7.399967 0.886564 1.077377 1
5.404933 4.300521 7.948173 1
-0.441794 9.598074 13.056540 1
-0.267033 4.749511 6.038596 6
8.907182 10.094502 1.015589 6
7.211305 5.641558 7.969760 6
-2.022734 0.473193 12.903974 6
0.049360 4.095619 6.521931 1
8.654600 9.266516 0.435016 1
6.737935 6.477003 7.578923 1
-1.805016 1.324981 13.585994 1
-0.884318 5.362594 6.616562 1
9.506187 0.097259 0.494798 1
7.774622 5.110113 7.519887 1
-2.640366 10.300411 13.568594 1
-1.010233 4.364363 4.760191 6
9.798614 9.591136 2.348522 6
7.962858 6.227062 9.176558 6
-2.882828 0.931302 11.688637 6
8.716303 4.690454 4.662957 1
0.099170 9.947442 2.332664 1
-1.692600 5.843467 9.241600 1
6.797389 0.610005 11.721659 1
-1.118686 3.309223 4.701588 1
9.684566 8.490934 2.288459 1
7.921898 7.115196 9.286524 1
-2.858681 2.010101 11.769001 1
-0.106380 4.758030 3.608525 6
8.820970 10.135305 3.445044 6
6.943691 5.592395 10.524590 6
-2.048331 0.474628 10.616734 6
-0.681408 4.944273 2.661475 1
9.211247 10.075090 4.249560 1
7.538327 5.583275 11.373406 1
-2.387014 0.415544 9.646063 1
1.113134 4.084779 3.626711 6
7.569381 9.302393 3.371889 6
5.710161 6.262871 10.386565 6
-0.564386 1.112590 10.620608 6
1.818307 3.017660 2.806797 6
6.851334 8.347562 4.217278 6
5.106792 7.550659 11.138148 6
0.048996 2.186633 9.962118 6
1.246207 2.647443 2.200760 1
7.323775 7.913867 4.838501 1
5.525746 7.752030 11.954272 1
-0.455129 2.541895 9.131462 1
2.141125 1.816386 3.786618 6
6.547087 7.199842 3.230109 6
4.682675 8.649649 10.179771 6
0.360635 3.313537 10.815480 6
2.587601 1.136099 3.396413 1
6.253500 6.293019 3.509893 1
4.345364 9.499747 10.552557 1
0.652175 4.186310 10.384907 1
3.038178 2.410172 4.935526 6
5.753039 7.642239 2.036522 6
3.857127 8.067151 9.061088 6
1.070012 2.954536 12.009910 6
3.802896 1.918687 5.318128 1
5.035077 7.045863 1.683557 1
3.263987 8.533840 8.751516 1
1.958891 3.327759 12.232884 1
0.189301 6.101971 4.157016 6
8.431962 0.939533 2.776427 6
6.685428 4.243806 9.862970 6
-1.517452 9.468190 11.155918 6
-0.502294 6.774440 4.326169 1
9.251698 1.491449 2.498232 1
7.455087 3.799291 9.603800 1
-2.273372 8.945948 11.471582 1
0.799905 6.691550 3.568056 1
7.860915 1.360437 3.444986 1
6.064404 3.872440 10.422902 1
-0.858274 9.089900 10.595708 1
4.228608 2.502472 1.985178 6
4.554826 7.768866 5.018244 6
2.685128 7.879314 11.989888 6
2.367733 2.681588 8.917337 6
5.226380 3.316051 3.703760 6
3.486450 8.619157 3.295476 6
1.655823 7.119511 10.300734 6
3.483180 1.798078 10.814823 6
1.671343 1.645323 5.251651 6
7.076730 6.913628 1.722226 6
5.293541 8.810365 8.877866 6
-0.213348 3.464463 12.141936 6
0.909258 2.338748 5.384236 1
7.801633 7.509878 1.667338 1
6.078670 8.119636 8.607634 1
-0.946637 2.997062 12.402903 1
1.743466 0.258082 5.780536 6
7.131367 5.577036 1.232224 6
5.180428 10.188371 8.227981 6
-0.113022 4.808588 12.690332 6
0.531883 9.071999 6.885928 6
8.191928 3.930705 0.109759 6
6.366307 1.364481 7.219500 6
-1.397811 6.649536 13.817864 6
0.870050 8.462785 6.169786 1
7.808129 3.333637 0.776773 1
6.140348 1.906218 7.784503 1
-1.081326 7.080197 13.203083 1
1.181052 9.001684 7.537543 1
3.981727 3.892656 13.427259 1
5.755207 1.415880 6.430995 1
2.972713 6.698591 0.711289 1
-0.802162 8.764796 7.190781 6
5.965695 3.587907 13.862597 6
7.785332 1.670886 6.711938 6
0.902951 6.803859 0.164228 6
-1.125937 9.307432 7.960232 1
6.088222 4.159396 13.119027 1
7.931271 1.045143 6.073972 1
0.707545 6.265303 0.969416 1
-0.958779 7.994629 7.553050 1
6.004165 2.685406 13.468883 1
7.760199 2.521971 6.555968 1
0.896036 7.900326 0.448049 1
-1.481456 8.943462 6.394002 1
10.244764 3.647757 0.516984 1
8.320488 1.440666 7.470295 1
-3.206389 6.754789 13.551082 1
