4.194002 3.099218 2.526213 16
8.538772 2.963996 0.487100 16
17.121655 3.079224 0.457431 16
21.507817 3.010793 2.424916 16
0.005072 5.038505 0.669017 16
12.914287 0.959551 2.732531 16
5.384421 1.811595 2.954029 6
7.488761 4.265015 0.914912 6
18.312740 4.182128 0.878201 6
20.300082 1.855419 2.884584 6
6.307919 2.114974 2.548978 1
6.515712 4.108236 0.742278 1
19.192622 3.958904 0.573747 1
19.387752 2.060573 2.501237 1
5.000280 0.841729 3.534219 6
7.950065 5.193243 1.454273 6
17.735255 5.352418 1.539280 6
20.686535 0.729185 3.444649 6
5.314555 0.053685 3.690271 1
7.475163 6.041725 1.847685 1
18.141359 5.920561 1.871822 1
20.335082 0.140944 3.859436 1
3.433877 0.795482 3.646496 6
9.318056 5.194753 1.553948 6
16.243485 5.210031 1.621368 6
22.228771 0.874165 3.519933 6
2.526815 6.012524 0.286886 6
10.217182 0.134876 2.150239 6
15.386960 0.211570 2.159205 6
23.125474 5.929804 0.269205 6
2.995288 5.098518 0.513774 1
9.867735 1.014912 2.503700 1
15.828611 0.987937 2.436006 1
22.835973 5.197898 0.541801 1
1.323406 0.066446 0.121192 6
11.638227 5.926651 2.083094 6
14.027108 5.894966 2.168540 6
24.476518 0.094468 0.201311 6
0.684852 1.248535 3.418693 6
12.040145 4.653503 1.623825 6
13.618975 4.694364 1.618616 6
24.936986 1.394185 3.460189 6
1.588745 2.324330 2.961691 6
11.198243 3.725922 1.090497 6
14.381992 3.726356 1.022695 6
24.058153 2.403137 2.941326 6
1.219632 3.077455 2.641377 1
11.513934 2.956161 0.835119 1
14.092723 2.980780 0.784005 1
24.527087 3.062043 2.764580 1
2.895716 2.044380 2.968033 6
9.916993 3.980995 1.118905 6
15.829108 3.993004 1.098584 6
22.670805 2.129517 3.064402 6
