1.763780 14.065505 11.866668 6
-0.495447 31.649065 1.315824 6
5.753957 21.312609 1.339872 6
-4.415723 3.671955 11.923524 6
2.512794 15.132461 11.388613 6
11.091918 32.886535 1.844093 6
4.793163 20.247197 1.740483 6
-3.654194 2.576083 11.491951 6
3.344307 14.919692 11.035722 1
10.296200 32.697340 2.349408 1
4.023694 20.537996 2.285737 1
-2.781840 2.733094 11.059570 1
2.833592 15.593593 12.358180 1
10.880029 33.412768 1.110046 1
4.550535 19.796498 1.015098 1
-3.347115 2.044231 12.204350 1
2.014785 15.757532 10.814899 1
-0.875591 33.491184 2.462353 1
5.460968 19.638531 2.345289 1
8.276746 1.897759 10.905558 1
1.436194 13.237959 10.637004 6
-0.238493 30.963447 2.586710 6
5.955533 22.324161 2.653999 6
7.610951 4.536276 10.740055 6
0.954865 12.365956 10.847329 1
0.387736 30.034762 2.307022 1
6.541648 22.966015 2.371913 1
7.158440 5.279815 10.996476 1
2.253891 12.851719 10.326065 1
-1.122228 30.465760 3.118559 1
5.215106 22.646330 2.971370 1
8.584813 4.910717 10.285716 1
0.964902 13.797487 9.966323 1
0.243356 31.402107 3.258470 1
6.542823 21.648936 3.372234 1
7.181020 4.091225 10.058876 1
2.694244 13.117980 12.803674 6
11.051928 30.734596 0.484684 6
4.756228 22.334647 0.486468 6
-3.670454 4.610174 12.812013 6
2.166727 12.317124 13.099089 1
11.716995 30.144191 0.204899 1
5.441977 23.014448 0.125071 1
-4.246557 5.355644 13.134522 1
7.859493 13.669030 0.257896 1
5.797762 31.364975 12.897418 1
-0.376562 21.701330 12.997592 1
1.621032 4.119473 0.361691 1
3.408980 12.890119 12.277033 1
10.218509 30.440561 0.892356 1
3.968280 22.552271 0.932990 1
-2.732644 4.927673 12.428983 1
4.386405 12.063235 3.088238 6
-3.121203 29.861263 10.137638 6
3.106076 23.320099 10.154189 6
10.469440 5.573027 3.100213 6
4.805833 12.996356 3.446966 1
-3.420031 30.593928 9.941766 1
2.691511 22.514205 9.889263 1
11.040008 4.663529 3.325088 1
3.325032 12.086141 3.283749 1
-2.220730 29.895351 10.013910 1
4.157440 23.246570 9.912156 1
9.551083 5.690145 3.356354 1
4.259202 12.092921 2.078136 1
-3.200627 29.844482 11.156708 1
3.072465 23.291813 11.158292 1
10.600160 5.658887 2.136197 1
4.928234 11.068937 3.625720 6
8.839363 28.703968 9.676501 6
2.521408 24.409783 9.757576 6
-1.284694 6.795820 3.630668 6
3.443618 8.319714 6.280226 6
-2.196666 26.160120 6.917702 6
4.046378 26.953864 7.065683 6
9.527936 9.249009 6.254875 6
4.151582 8.775010 5.869228 1
9.587963 26.464448 7.519478 1
3.283531 26.726313 7.498826 1
-2.101306 9.042969 5.764147 1
2.616786 8.052449 5.771259 1
-1.405028 25.850656 7.643111 1
4.744756 27.404132 7.584133 1
8.972438 9.698254 5.708234 1
3.663832 7.630572 6.762559 1
-2.435307 25.259158 6.503738 1
3.721096 27.806654 6.548899 1
9.907072 10.069359 6.842140 1
3.983215 9.690929 8.316991 6
9.685785 27.319127 5.057725 6
3.491790 25.658449 5.067490 6
-2.196826 7.989758 8.345567 6
4.627162 10.225623 7.848716 1
9.002545 27.926349 5.536754 1
2.722391 25.253428 5.445576 1
-1.535734 7.564636 7.735974 1
4.417397 8.929635 8.546838 1
9.313759 26.632060 4.601542 1
3.077755 26.513583 4.555407 1
-1.856984 8.851891 8.692930 1
3.760554 10.163360 9.136102 1
10.047328 27.983166 4.274424 1
3.793612 25.067090 4.206014 1
-2.475742 7.358236 9.084307 1
1.718400 8.790035 8.253417 6
-0.468017 26.518408 5.073160 6
5.724553 26.644496 5.080971 6
8.016730 9.019715 8.067662 6
2.218479 7.929254 8.592959 1
-0.847550 25.660905 4.681129 1
5.320322 27.489575 4.726680 1
8.392285 9.637388 8.685939 1
0.969936 8.431372 7.553911 1
0.195742 26.215127 5.702045 1
6.471254 26.941430 5.709367 1
7.226008 9.294457 7.515135 1
1.371155 9.410322 8.830274 1
-0.120750 27.021200 4.540300 1
6.148126 25.978020 4.458250 1
7.521882 8.252351 8.878445 1
5.581130 10.142221 4.044335 7
8.074132 27.890299 9.383465 7
1.921475 25.230345 9.353854 7
-0.620431 7.692773 3.996384 7
-2.345769 11.749922 9.747930 7
3.389493 29.372260 3.589857 7
9.807830 23.565360 3.610619 7
4.032923 5.982772 9.820852 7
1.431709 23.050025 3.026874 6
-0.369004 5.310333 10.200192 6
5.931523 12.238259 10.131801 6
7.766887 29.946044 3.162362 6
2.201698 22.301161 3.546831 7
-0.970735 4.750767 9.644587 7
5.278656 13.097280 9.746007 7
8.467547 30.699546 3.662346 7
-1.627605 12.190458 8.996577 6
2.862808 29.896519 4.387903 6
9.008789 23.369964 4.362958 6
4.675324 5.569533 8.918564 6
-0.731212 12.478393 7.764163 6
2.093438 30.267000 5.394289 6
8.249076 22.879034 5.535626 6
5.484296 5.036702 7.782910 6
-1.324294 12.407675 7.063905 1
2.582383 29.989979 6.297736 1
8.705668 22.938484 6.410705 1
4.959161 5.231190 7.030565 1
-0.033881 12.029064 7.781507 1
1.102312 29.724961 5.475975 1
7.409422 23.293414 5.573678 1
6.376396 5.552990 7.748244 1
-0.683904 13.490882 7.855959 1
1.847995 31.303446 5.462242 1
8.213407 21.779905 5.324473 1
5.513446 4.137939 7.905651 1
0.600784 24.123795 2.576995 6
0.526161 6.308242 10.799448 6
6.959344 11.336304 10.786172 6
6.875228 29.096673 2.602227 6
-0.361678 23.768890 2.866902 1
1.554933 6.166631 10.351808 1
7.744626 11.493984 10.355349 1
6.030016 29.310414 2.906801 1
0.682241 24.084317 1.679070 1
0.537662 6.306092 11.776845 1
6.834967 11.402042 11.792697 1
6.806739 29.130717 1.663773 1
0.785223 24.927919 2.839695 1
0.281827 7.323315 10.400853 1
6.516372 10.421990 10.472845 1
7.108391 28.236425 2.817672 1
2.342794 8.187817 6.976551 6
-1.151475 25.980428 6.363843 6
5.123134 27.194049 6.452643 6
8.494153 9.432876 6.864260 6
2.675996 7.479680 7.455924 1
-1.463098 25.224234 5.918836 1
4.894127 27.949164 5.883204 1
8.951895 10.294378 7.449360 1
2.549725 8.176494 5.928997 1
-1.340840 25.876700 7.251677 1
4.789191 27.326014 7.253479 1
8.868901 9.657684 5.855496 1
1.266347 8.252433 6.883348 1
-0.025296 25.916674 6.325554 1
6.162732 27.197573 6.455101 1
7.625549 9.567143 6.836093 1
2.313015 9.596546 8.849671 6
-1.040584 27.312941 4.502705 6
5.255986 25.821773 4.399697 6
8.585502 8.187679 8.939237 6
2.591066 10.346290 9.310867 1
-1.309742 28.181378 3.930050 1
4.953275 24.942446 3.913244 1
8.805031 7.334961 9.216723 1
2.558227 8.833511 9.393459 1
-1.324132 26.563630 3.944195 1
4.815550 26.625511 3.778373 1
8.899729 8.870729 9.463990 1
1.260814 9.598018 8.939894 1
-0.147213 27.251150 4.376180 1
6.158863 25.743256 4.532242 1
7.570259 8.034313 8.791689 1
4.350308 9.506513 7.576696 6
9.304514 27.238784 5.803521 6
3.152991 25.970502 5.704763 6
-2.024127 8.277385 7.614976 6
4.547156 10.280752 7.974411 1
9.168090 28.062812 5.388437 1
2.756180 25.009946 5.309006 1
-1.679105 7.350457 7.864942 1
4.664658 9.355616 6.558479 1
8.965767 27.093658 6.606316 1
2.764493 25.941487 6.586529 1
-1.613690 8.240346 6.692784 1
4.697733 8.752926 8.058940 1
9.113244 26.370363 5.217574 1
2.771376 26.596898 5.150312 1
-1.604906 8.899384 8.036339 1
10.640394 17.697145 0.582194 16
3.273794 35.392331 12.862716 16
-3.051568 17.775661 12.691546 16
4.345033 35.324078 0.492545 16
8.317149 17.821255 2.639651 16
5.265347 0.300283 10.726605 16
-0.852120 17.504349 10.686121 16
2.065557 35.284517 2.544577 16
-0.187516 19.686641 2.789198 16
1.306932 1.834481 10.590363 16
7.634782 15.772779 10.528622 16
6.209037 33.586595 2.871472 16
9.896410 19.326190 4.514387 16
3.888642 1.718789 8.795773 16
-2.454235 16.133906 8.890361 16
3.710415 33.731398 4.454888 16
7.083254 18.722781 5.133987 16
6.629459 0.977520 8.111016 16
0.441678 16.701967 8.170693 16
0.830049 34.415005 5.207278 16
0.090973 13.700689 1.807643 8
1.114584 31.385893 11.367463 8
7.502752 21.819577 11.348947 8
6.340681 3.955859 1.944911 8
0.897331 14.055609 4.510486 8
0.226306 31.743043 8.758400 8
6.523944 21.245527 8.656554 8
7.185260 3.675235 4.588017 8
0.622883 13.765844 3.821444 1
0.590615 31.522363 9.423539 1
6.878554 21.555325 9.372636 1
6.778099 3.860266 3.951651 1
0.680492 12.381912 1.481539 6
0.467743 30.257184 11.807735 6
6.822587 22.980043 11.701586 6
7.002420 5.267905 1.668810 6
2.335926 15.391806 1.916496 8
-1.156496 33.063788 11.408254 8
5.087132 19.999184 11.426968 8
8.616624 2.304809 1.758309 8
1.693767 14.906969 1.632732 1
-0.376244 32.700276 11.584119 1
5.824484 20.523198 11.696253 1
7.813405 2.775609 1.581786 1
2.704245 16.401487 4.513003 8
-1.409723 34.015490 8.713134 8
4.815950 19.130490 8.813869 8
9.032103 1.402833 4.539230 8
2.417041 13.047371 6.371895 6
-1.169700 30.802171 7.031262 6
5.137392 22.379926 7.107715 6
8.621021 4.633410 6.370289 6
1.478800 13.023348 5.238192 6
-0.117670 30.615012 8.000802 6
6.094953 22.379777 8.066105 6
7.699080 4.656513 5.161104 6
4.152761 14.872786 5.711886 6
-2.811229 32.478191 7.561840 6
3.397294 20.555941 7.596437 6
-2.200209 2.923714 5.881806 6
4.533196 15.567103 1.279636 6
-3.334920 33.318961 12.091714 6
2.925813 19.709532 12.033537 6
10.872065 2.021554 1.319992 6
2.281083 10.698783 6.620322 6
-1.103771 28.295473 6.685614 6
5.240498 24.677103 6.607652 6
8.636969 6.933160 6.683198 6
1.625530 12.423017 0.472533 6
-0.341463 30.135015 12.903530 6
5.944346 22.972766 12.902630 6
7.698975 5.294147 0.445600 6
-3.198033 13.662997 12.920592 6
4.493904 31.441248 0.454411 6
10.691370 21.845753 0.417547 6
2.979657 3.988021 12.874973 6
-3.212873 13.395656 12.007932 1
4.445180 31.140943 1.418509 1
10.599820 21.989939 1.447496 1
3.060774 4.352392 11.998010 1
-3.890597 14.381893 13.080752 1
5.111558 31.991540 0.295678 1
11.293760 21.128953 0.255178 1
2.437641 3.384074 12.952256 1
0.863347 11.648512 4.884077 6
0.410552 29.460891 8.384709 6
6.640556 23.734362 8.339788 6
7.209958 5.967223 4.836945 6
4.918409 15.814578 3.800503 6
8.747220 33.450295 9.568276 6
2.410358 19.594889 9.491850 6
-1.374685 1.889767 3.746034 6
2.880150 14.515534 6.683771 6
-1.730820 32.131043 6.697792 6
4.616117 21.019580 6.599600 6
9.109693 3.162562 6.610345 6
2.246898 15.069359 6.637295 1
-1.038077 32.951432 6.794125 1
5.206435 20.276801 6.775042 1
8.437419 2.580051 6.532755 1
3.187723 14.459120 7.715942 1
-1.975818 32.203437 5.616993 1
4.222178 21.031803 5.660621 1
9.382953 3.281179 7.672574 1
4.695294 16.690055 2.432537 6
-3.569306 34.332597 10.779704 6
2.733507 18.860215 10.817158 6
10.914264 1.208643 2.484795 6
3.891876 17.102881 2.577371 1
-2.831899 34.880849 10.833571 1
3.471205 18.233545 10.664109 1
10.173876 0.532012 2.601616 1
5.445502 17.220317 2.347467 1
8.209409 34.787443 11.083751 1
2.032748 18.158253 11.067976 1
-0.611076 0.479418 2.337093 1
-0.828465 13.856197 12.397096 6
1.913847 31.693036 0.951065 6
8.284698 21.484147 0.835371 6
5.512275 3.721441 12.405597 6
-0.873375 13.380231 11.644147 1
2.079124 31.107697 1.640002 1
8.427384 22.064612 1.570390 1
5.351293 4.251918 11.578311 1
0.663025 11.295678 2.456373 6
0.667486 29.107196 10.786961 6
6.810918 23.985572 10.866021 6
6.965296 6.356115 2.366545 6
2.841202 11.907091 7.028832 6
-1.618344 29.729670 6.251868 6
4.723881 23.350815 6.301723 6
9.081416 5.823498 6.925227 6
3.500761 11.971443 7.604091 1
10.279695 29.772099 5.599563 1
4.130703 23.359268 5.686135 1
-2.816975 5.616108 7.647194 1
5.639028 15.227057 0.356653 6
-4.494454 32.941024 12.942287 6
1.767824 20.117909 12.831159 6
11.815841 2.437342 0.355739 6
6.572749 15.628050 0.589660 1
7.296798 33.385407 12.570256 1
1.003854 19.788706 12.602176 1
0.225016 2.082801 0.721447 1
0.620876 14.428176 12.574733 6
0.716063 32.185244 0.552325 6
6.855611 20.928718 0.699933 6
6.793342 3.221807 12.758733 6
1.287393 10.535872 5.660964 6
-0.187752 28.197930 7.581148 6
6.177709 24.931936 7.759044 6
7.570515 7.180352 5.653953 6
1.151103 9.630830 5.410833 1
0.092262 27.442949 7.892472 1
6.333455 25.660250 7.996523 1
7.218064 8.066257 5.381144 1
6.289062 14.493341 5.155388 6
7.410191 32.192995 8.124698 6
1.182038 21.030751 8.173734 6
0.109813 3.255239 5.084141 6
-1.818475 14.193692 13.089230 6
3.033934 32.026162 0.160391 6
9.250399 21.075042 0.057240 6
4.388537 3.511335 13.273396 6
2.084296 11.285083 0.210367 6
-0.917215 28.841128 13.146662 6
5.361280 24.131441 13.243702 6
8.486681 6.512278 0.203681 6
-2.294858 11.102240 12.681146 1
3.449640 28.855298 0.531572 1
9.793485 24.222494 0.620960 1
3.870900 6.456120 12.727791 1
3.884612 15.693562 4.780750 6
-2.626023 33.387094 8.642422 6
3.596563 19.733984 8.667007 6
10.079747 2.130456 4.629159 6
-0.028195 11.591517 3.755897 6
1.326913 29.181783 9.591851 6
7.577201 23.973598 9.437935 6
6.154165 6.284820 3.774587 6
-0.762174 12.284450 3.856563 1
1.911987 29.972829 9.517598 1
8.272395 23.195669 9.503922 1
5.466483 5.441770 3.719581 1
-0.590622 10.712256 3.966037 1
1.805103 28.462322 9.301139 1
8.120944 24.700122 9.421897 1
5.595953 7.022620 3.992034 1
6.251398 15.173658 4.086919 6
7.526036 32.835598 9.204565 6
1.310127 20.154034 9.242386 6
-0.066730 2.437107 4.104747 6
6.948945 15.363386 3.283068 1
6.846506 33.089979 9.846988 1
0.524897 20.179652 9.839662 1
0.556880 2.482536 3.425231 1
2.827852 9.550781 7.466502 6
-1.703058 27.147729 5.909236 6
4.704581 25.994714 5.908913 6
9.071612 8.193966 7.383971 6
1.261847 10.180604 2.118362 6
0.016254 27.890917 11.176952 6
6.131612 25.195718 11.241410 6
7.487977 7.515541 2.167355 6
1.192855 9.540173 2.643058 1
0.080353 27.083794 10.697808 1
6.341468 25.932274 10.639624 1
7.492858 8.207781 2.766216 1
2.081860 10.091480 0.911764 6
-0.814970 27.733335 12.254933 6
5.515458 25.246376 12.259799 6
8.407839 7.706611 1.056935 6
7.815734 13.928297 5.443665 6
5.871949 31.569056 7.916661 6
-0.322237 21.662837 7.877870 6
1.555310 3.916877 5.445750 6
11.447183 16.255802 0.964124 6
2.265838 33.881980 12.432543 6
-4.042614 19.167399 12.349227 6
5.268944 1.537326 0.928617 6
11.891295 15.737296 0.136365 1
1.902819 33.472861 13.159419 1
-4.329948 19.547039 13.198211 1
0.533228 1.867477 13.288870 1
-0.233249 16.355023 1.450198 1
1.589551 34.107905 11.856418 1
7.716319 19.047530 11.884119 1
5.966716 1.409072 1.568825 1
3.324269 15.029571 1.013585 6
-2.209269 32.853667 12.332944 6
4.159567 20.252666 12.285091 6
9.638534 2.679716 0.936637 6
11.317158 13.756677 1.253764 6
2.586918 31.315906 12.038547 6
-3.772709 21.675478 12.008874 6
4.942238 4.041839 1.213799 6
10.570424 12.969711 1.822634 1
3.098807 30.656812 11.469427 1
-3.190658 22.476344 11.560114 1
4.361688 4.680269 1.768258 1
11.229041 13.542645 0.345894 1
2.546994 31.164483 12.959498 1
-3.808528 21.814644 12.922466 1
4.965628 4.098544 0.297665 1
10.715354 15.096053 1.516067 6
3.179643 32.796892 11.684689 6
-3.121626 20.323661 11.634691 6
4.480032 2.677175 1.670830 6
10.553657 15.168797 2.484366 1
3.180071 32.982583 10.784448 1
-3.157175 20.207359 10.660241 1
4.364372 2.537721 2.614854 1
9.700821 15.113610 1.280630 1
3.928465 32.701275 11.963340 1
-2.298829 20.266656 12.039840 1
3.419807 2.597246 1.331233 1
10.127717 18.171649 2.104462 6
3.595455 0.609085 11.154159 6
-2.503875 17.179396 11.194965 6
3.755810 34.846374 2.080769 6
2.761428 8.872176 0.464920 6
-1.525737 26.440415 12.782038 6
4.721777 26.697926 12.845831 6
9.047944 8.823757 0.598852 6
2.595344 17.728466 5.082412 6
-1.422955 35.313226 8.295419 6
4.734312 17.660934 8.313349 6
8.981550 0.014831 5.141395 6
-2.785959 8.259276 12.513240 6
4.004270 25.974559 0.821094 6
10.254084 27.007818 0.728976 6
3.428601 9.380699 12.421878 6
-2.430077 7.568754 12.151165 1
3.665864 25.284596 0.991100 1
9.882436 28.006655 1.107338 1
3.941225 10.267343 12.301096 1
-2.618429 9.000467 11.825684 1
3.891061 26.626695 1.473874 1
10.170945 26.341012 1.409590 1
3.637389 8.738172 11.823208 1
-3.847434 8.187648 12.563402 1
4.904880 25.923823 0.760614 1
11.288709 27.270038 0.800793 1
2.418428 9.592850 12.652866 1
10.770094 18.871248 2.986766 6
2.902408 1.181689 10.288716 6
-3.264500 16.401004 10.318218 6
4.589471 34.176617 3.084205 6
8.348659 18.565439 4.093787 6
5.251630 1.013913 9.177836 6
-1.004184 16.729080 9.132207 6
2.240357 34.479658 4.218667 6
7.787565 13.078208 6.746385 6
5.819287 30.815089 6.605246 6
-0.464605 22.311637 6.654609 6
1.607744 4.688199 6.757697 6
8.696170 12.774449 6.810198 1
4.880309 30.307485 6.456133 1
-1.308507 22.744509 6.495868 1
2.439076 5.015150 6.842795 1
7.197457 12.263646 6.634417 1
6.522980 29.983239 6.704987 1
0.283332 23.004546 6.548716 1
1.042718 5.335039 6.640013 1
7.695590 13.567514 7.539170 1
5.997421 31.293940 5.876196 1
-0.122297 21.834299 5.795636 1
1.430258 4.107285 7.403143 1
2.566859 7.660105 1.641339 6
-1.427641 25.480416 11.635252 6
4.973395 27.633307 11.638041 6
8.944354 9.971757 1.563727 6
3.004071 6.908416 1.285927 1
-1.845379 24.628061 11.992633 1
4.473854 28.559645 11.973305 1
9.367005 10.897156 1.262110 1
1.659572 7.412253 1.583017 1
-0.496332 25.257315 11.583003 1
5.819633 27.841196 11.555369 1
7.934045 10.174946 1.725441 1
3.055942 7.929438 2.456876 1
-1.739895 25.700004 10.820517 1
4.452617 27.427763 10.855347 1
9.223514 9.690597 2.469958 1
8.179834 12.882852 4.159189 6
5.480428 30.566332 9.097197 6
-0.700393 22.565992 9.177057 6
1.903918 4.787417 4.254630 6
9.057181 12.448482 4.384904 1
4.633700 30.240451 8.906544 1
-1.613666 22.800688 9.000712 1
2.848396 5.170994 4.390346 1
8.257330 13.326078 3.297347 1
5.496170 31.191396 10.006483 1
-0.790672 22.059479 9.967769 1
1.891245 4.330261 3.323365 1
7.570878 12.208934 4.030503 1
6.152435 29.950111 9.146877 1
0.057614 23.271698 9.152415 1
1.274584 5.449894 4.202064 1
1.214134 18.434025 3.237728 6
0.020725 0.874811 10.109470 6
6.369513 16.920992 10.001829 6
7.463377 34.518741 3.247573 6
1.185398 17.770793 2.848927 1
0.032588 35.345571 10.564116 1
6.380310 17.723689 10.550197 1
7.358001 35.398832 2.811229 1
1.982971 18.958679 3.081222 1
-0.898358 1.316155 10.374391 1
5.401087 16.461568 10.284050 1
8.290285 34.124785 2.916827 1
1.179394 18.353467 4.790540 6
0.039659 0.625257 8.492402 6
6.349134 17.192959 8.540829 6
7.546902 34.917293 4.741013 6
0.611491 17.551729 4.954355 1
0.785364 35.203310 8.322000 1
7.010836 17.820725 8.352366 1
6.795935 0.027853 4.932799 1
1.145318 18.995515 5.229739 1
0.079860 1.436237 8.006343 1
6.480197 16.333064 8.105560 1
7.226859 33.952048 5.247916 1
2.045652 18.602107 4.078295 6
-0.861740 0.911487 9.155784 6
5.371222 16.784581 9.278689 6
8.392647 34.511367 4.199262 6
2.257069 19.498669 4.382076 1
-1.015183 1.847548 8.783907 1
5.379319 15.849657 8.845993 1
8.486477 33.602977 4.472248 1
2.487705 18.619486 3.222929 1
-1.244726 0.813892 10.128135 1
4.921688 16.891812 9.992881 1
8.779528 34.585956 3.130589 1
0.556738 18.327412 3.992916 6
0.562196 0.604962 9.154560 6
6.825965 17.200257 9.218576 6
6.952297 34.927189 4.070973 6
0.197779 18.309080 5.024931 1
1.109086 0.681285 8.263819 1
7.208811 17.023051 8.433077 1
6.458100 34.848872 4.877198 1
0.469347 17.428377 3.791739 1
0.715676 34.961758 9.585226 1
6.988381 17.983288 9.625629 1
6.663932 0.417976 3.659829 1
4.232201 9.026638 0.285568 6
-3.134891 26.809272 12.948729 6
3.147315 26.390225 12.940849 6
10.535627 8.640380 0.397636 6
4.762138 8.273589 0.175060 1
-3.451426 25.848519 13.194129 1
2.775434 27.128861 13.269330 1
11.051590 9.484805 0.039060 1
4.669324 9.393741 1.240132 1
-3.399571 27.033296 12.060464 1
2.838574 25.982327 12.085765 1
10.909808 8.298725 1.256175 1
-0.516636 9.718347 12.969045 1
1.733714 27.471585 0.297278 1
8.126945 25.621013 0.245366 1
5.684814 8.036957 12.955553 1
8.833468 14.954073 5.378920 6
4.813162 32.561419 7.784806 6
-1.242370 20.537526 7.908911 6
2.552836 2.816045 5.484186 6
9.657742 14.554172 5.566354 1
3.997753 32.315973 7.763471 1
-2.235686 20.761810 7.708352 1
3.428149 3.171710 5.677586 1
8.520580 15.601075 6.195796 1
5.217446 33.331390 7.038271 1
-1.140101 19.772309 7.100651 1
2.377361 2.223320 6.164173 1
8.923931 15.367112 4.667582 1
4.823864 33.108473 8.693797 1
-1.444666 19.938665 8.616568 1
2.584234 2.287363 4.651278 1
5.252898 14.168836 5.917236 6
8.433320 31.842544 7.235063 6
2.087882 21.109161 7.373008 6
-0.966665 3.448753 5.964580 6
5.403173 13.657577 6.704919 1
8.314946 31.459781 6.590011 1
2.033763 21.816838 6.468599 1
-0.913795 4.004790 6.700639 1
