5.339209 8.317684 2.410039 14
7.068516 3.801565 13.974908 14
9.036607 7.919237 5.471833 8
3.351198 4.060122 10.955433 8
8.400096 9.821908 4.720612 8
3.991821 2.246984 11.746293 8
5.437493 10.586800 6.622546 8
6.987760 1.415265 9.684221 8
4.372425 8.535322 3.910998 8
7.927996 3.351288 12.484134 8
4.102626 7.355388 9.292747 8
8.289439 4.573624 7.278448 8
9.950014 8.533472 7.579857 6
2.463836 3.376446 8.810392 6
10.012807 9.786757 6.373913 6
2.250215 2.179759 9.843651 6
9.756083 10.637935 6.718127 1
2.600602 1.411618 9.756220 1
4.470591 9.785546 5.759182 6
7.839767 2.185886 10.478438 6
4.906716 8.483680 5.132585 6
7.313526 3.409725 11.188768 6
6.010021 8.603944 5.294830 1
6.441865 3.466379 11.130719 1
4.498180 7.199127 5.912622 6
7.887600 4.683878 10.424418 6
4.374170 6.596467 5.175488 1
7.943773 5.403920 11.177354 1
5.013146 7.115258 6.598747 1
7.302796 5.010551 9.714780 1
3.028003 7.535236 6.506059 6
9.281857 4.476329 9.786733 6
2.769758 6.638780 6.797772 1
9.581290 5.361943 9.467704 1
9.081464 9.231639 5.459409 6
3.249344 2.659975 10.978573 6
8.640673 8.691917 8.261877 6
3.778203 3.354044 8.178476 6
8.529412 9.579062 8.829077 1
3.798072 2.384596 7.582123 1
7.918818 8.732720 7.577901 1
4.522902 3.281661 8.682335 1
8.543149 7.988655 8.844085 1
3.874960 4.003803 7.564992 1
5.019513 10.984607 5.487431 6
9.652679 11.436992 10.976438 6
5.753719 10.986868 4.760810 1
6.424837 1.060143 11.797550 1
2.215585 1.380408 5.529679 1
10.287786 10.604555 10.961358 1
6.420245 6.890870 2.757016 6
5.882530 5.108927 13.754382 6
5.979040 5.999014 2.862885 1
6.336935 5.970331 13.555871 1
6.992103 6.808449 2.022869 1
5.181105 5.115844 14.315304 1
6.998732 7.058991 3.552015 1
5.382400 5.016987 12.810841 1
6.249162 9.758387 2.042755 6
6.145644 2.124118 14.485582 6
6.642736 10.090841 2.781823 1
5.610815 1.839312 13.672443 1
6.838786 9.539117 1.240903 1
5.677815 2.337076 15.275745 1
5.579113 10.506863 1.771817 1
6.758949 1.577565 14.709205 1
3.976874 7.787864 1.110742 6
8.356968 4.123448 15.200286 6
3.260980 6.530963 1.582712 6
9.107559 5.293229 14.681382 6
3.828618 5.863601 1.837303 1
8.483096 6.026851 14.681307 1
2.661684 6.671874 2.462284 1
9.647440 5.186595 13.871534 1
2.463113 6.428708 0.889717 1
9.767239 5.583796 15.510405 1
2.899981 8.991288 1.155346 6
9.446100 2.950409 15.240377 6
2.400520 8.722256 0.400086 1
9.956552 3.088402 16.079945 1
2.430992 9.057715 1.842836 1
9.876412 2.757046 14.587213 1
3.376041 9.796404 0.913691 1
8.826513 2.144469 15.576746 1
7.701386 8.864648 16.246546 6
4.773720 3.048636 0.102138 6
8.044504 9.663662 15.999147 1
4.221894 2.304915 0.400297 1
8.355197 8.184063 16.347281 1
4.091215 3.771596 0.161130 1
7.044740 8.762694 15.534327 1
5.392832 3.238597 0.916530 1
4.240409 8.516771 8.565187 6
8.119017 3.356840 7.912576 6
4.075428 9.337169 9.158465 1
8.257818 2.572943 7.185145 1
4.940635 8.733873 8.035082 1
7.328795 3.142770 8.212546 1
5.176368 7.193502 10.182187 6
7.320053 4.725562 6.270249 6
5.946157 7.412739 9.707210 1
6.289996 4.504837 6.554986 1
4.965608 6.240269 10.442996 1
7.274187 5.671718 5.916434 1
4.778123 8.071174 11.453436 6
7.497501 3.927524 5.052823 6
10.592864 7.979652 12.150482 6
1.759789 4.026078 4.270680 6
9.706271 7.238502 11.765881 1
2.539076 4.767991 4.638576 1
10.266609 8.651094 13.225272 6
2.024447 3.302650 3.022718 6
9.411189 8.429160 13.783432 1
3.042803 3.580201 2.606963 1
11.248746 9.612452 13.675482 6
1.238324 2.499121 2.769572 6
11.132339 10.014404 14.813064 1
1.221070 1.992281 1.670556 1
5.340678 9.855564 13.034498 6
6.960758 2.153540 3.334230 6
6.109338 10.717067 13.174122 1
6.154990 1.155446 3.246159 1
5.690398 9.040584 11.848936 6
6.727431 2.930382 4.467964 6
6.418172 9.277909 11.424555 1
5.819367 2.724135 4.983773 1
