8.519168 10.263161 7.998141 22
4.291152 1.746677 0.541617 22
5.023886 4.217828 7.464005 17
7.997181 8.039391 0.957064 17
9.764744 8.476869 8.524043 17
3.131274 3.568458 0.224033 17
5.040789 6.255213 0.917801 17
7.897721 5.862631 7.541880 17
7.610765 9.624801 6.141482 17
5.394264 2.644667 2.331195 17
4.389638 10.614963 7.453798 17
8.485852 1.531537 1.208817 17
10.070721 11.074638 6.590668 8
2.861238 1.069351 1.833970 8
8.811158 3.560251 5.086224 6
4.001169 8.608114 3.483159 6
7.924840 4.275464 4.379467 6
4.969530 7.960768 4.037735 6
8.270810 5.026471 3.381072 6
4.748702 7.097424 5.287018 6
9.576176 4.980784 2.870792 6
3.455475 7.015719 5.727278 6
2.351382 4.487954 3.655783 6
10.483522 7.795507 4.938176 6
2.106864 3.715961 4.808635 6
10.897849 8.498963 3.892278 6
8.545281 2.736210 6.300505 6
4.281028 9.329445 2.195872 6
6.934550 4.059770 4.694904 1
5.862107 7.956013 3.859782 1
7.548224 5.244884 2.959025 1
5.385057 6.719097 5.619084 1
9.697288 5.496283 2.169936 1
3.113360 6.694311 6.393393 1
3.150307 4.441824 3.462704 1
9.538752 7.597349 5.278769 1
2.809311 3.228101 5.140397 1
10.098166 9.031250 3.466030 1
