9.350316 0.956284 1.082320 16
1.430032 14.929050 0.957951 16
20.021235 30.767835 2.766926 16
12.004523 16.707455 2.882874 16
11.997618 30.683430 6.801321 16
19.967413 16.745769 6.632422 16
1.313140 0.870844 4.932782 16
9.312208 14.820536 4.953233 16
15.066280 6.849744 2.655487 8
16.930141 9.115687 2.565120 8
4.421020 24.916520 1.360141 8
6.208970 22.620694 1.346454 8
6.158696 24.961176 5.136981 8
4.502711 22.598738 5.302147 8
16.850904 6.684662 6.443348 8
15.056390 9.003124 6.418264 8
8.591553 1.548712 2.422541 7
1.954530 14.290827 2.514254 7
19.179358 30.253493 1.397697 7
12.739935 17.224261 1.476422 7
12.629822 30.287553 5.254980 7
19.257550 17.329835 5.368136 7
1.982925 1.563825 6.237133 7
8.671183 14.292285 6.354128 7
8.230131 2.270531 5.080377 7
2.530317 13.644663 5.155389 7
18.883130 29.382567 6.560206 7
13.084457 18.046247 6.462143 7
13.121420 29.364218 2.729817 7
18.814522 18.051449 2.699001 7
2.395561 2.285734 1.278942 7
8.193092 13.513641 1.120771 7
6.547528 4.773987 2.114934 7
4.254246 11.213927 2.077267 7
17.183169 26.918933 1.745915 7
14.871184 20.501044 1.794366 7
14.826105 27.039481 5.626413 7
17.154619 20.460821 5.623346 7
4.188318 4.706909 5.955762 7
6.434241 11.081070 5.943229 7
10.909856 0.970469 1.374197 7
21.184182 14.788702 1.449410 7
0.233314 30.734771 2.316421 7
10.517725 16.737224 2.473417 7
10.415502 30.763998 6.321228 7
0.224390 16.890633 6.227524 7
21.024776 1.035642 5.268612 7
10.855372 14.856960 5.342939 7
13.367780 1.233042 2.972065 7
18.746354 14.723674 3.004268 7
2.668643 30.555370 1.014031 7
7.981207 17.060416 0.921823 7
8.017551 30.408358 4.846923 7
2.686571 17.108429 4.924986 7
18.699978 1.184960 6.859910 7
13.273672 14.703876 6.707603 7
18.412466 3.080753 4.056564 7
13.505020 12.786872 4.033629 7
7.862664 28.601072 7.532850 7
2.913231 18.938549 7.608841 7
2.886435 28.605086 3.538102 7
7.813360 18.872778 3.549797 7
13.562650 3.035592 0.335698 7
18.502283 12.911939 0.201777 7
9.634629 1.622430 3.308096 6
0.963840 14.084394 3.237272 6
20.191239 30.079290 0.520780 6
11.656378 17.530931 0.652915 6
11.770851 29.913375 4.441110 6
20.296097 17.588325 4.487981 6
1.114021 1.758377 7.220683 6
9.624683 14.217205 7.155431 6
9.389531 2.132635 4.674836 6
1.197872 13.747400 4.708039 6
20.215848 29.435458 7.018319 6
11.738350 17.946241 7.074706 6
11.769843 29.557354 3.222303 6
20.206680 17.961051 3.204477 6
1.203123 2.170530 0.697406 6
9.512177 13.765308 0.699140 6
10.657196 2.260092 5.418507 6
0.084576 13.420663 5.423029 6
21.244014 29.286346 6.299230 6
10.728464 18.100151 6.381174 6
10.757573 29.265893 2.475587 6
0.061193 18.123455 2.366247 6
0.076222 2.376384 1.525204 6
10.635166 13.582197 1.495467 6
7.701006 2.945060 6.218649 6
2.826500 12.924965 6.312807 6
18.393384 28.784703 5.401386 6
13.441825 18.825944 5.400019 6
13.630074 28.798047 1.389438 6
18.415534 18.812613 1.558859 6
2.777877 2.864299 2.512592 6
7.804771 12.990661 2.398737 6
8.299154 4.103592 6.714503 6
2.361172 11.776686 6.849103 6
19.127801 27.621360 4.793402 6
12.922168 19.864773 4.916621 6
12.956339 27.502312 1.045871 6
19.011196 19.996652 1.081301 6
2.219539 4.085931 2.889033 6
8.428338 11.794181 2.871060 6
7.981977 4.763105 0.262241 6
2.731608 11.087603 0.202948 6
18.635565 27.062591 3.670276 6
13.419601 20.481689 3.694292 6
13.324873 26.975941 7.525127 6
18.695886 20.568965 7.683429 6
2.679568 4.717679 4.068091 6
7.862563 11.170448 4.021810 6
6.970901 4.115980 0.913473 6
3.801699 11.804507 1.010863 6
17.491847 27.644556 2.993239 6
14.406430 19.862764 2.949333 6
14.379456 27.601348 6.775479 6
17.581427 19.940256 6.795538 6
3.677083 4.149659 4.722777 6
6.855944 11.759877 4.845089 6
6.292157 2.891054 0.374114 6
4.288445 12.824923 0.519318 6
17.075582 28.814297 3.406955 6
14.895882 18.765158 3.359523 6
15.057861 28.711907 7.262075 6
16.898686 18.722438 7.317870 6
4.262655 2.948032 4.378392 6
6.309273 12.850815 4.312772 6
6.823816 2.455965 6.953016 6
3.894969 13.516656 6.949591 6
17.490468 29.351147 4.587415 6
14.573280 18.295576 4.632563 6
14.595346 29.372670 0.686637 6
17.316145 18.291845 0.798259 6
3.944504 2.316256 3.126818 6
6.741883 13.422820 3.223596 6
7.298987 5.502047 2.976010 6
3.478673 10.290061 3.058149 6
17.842395 26.194398 0.957189 6
14.033523 21.257628 0.953490 6
14.033400 26.180873 4.682343 6
17.911260 21.319717 4.741838 6
3.425137 5.545169 6.797656 6
7.210208 10.443664 6.821010 6
8.511117 5.381473 3.139888 6
2.110081 10.514430 3.056637 6
19.324292 26.357470 0.632729 6
12.661993 21.268684 0.785513 6
12.662102 26.375484 4.565815 6
19.264178 21.182961 4.622871 6
2.116227 5.456503 7.025890 6
8.557091 10.537073 6.954838 6
9.219666 6.187043 4.005066 6
1.387888 9.692912 4.033722 6
19.804130 25.542792 7.539758 6
12.012739 22.051369 7.483140 6
12.022760 25.491705 3.700649 6
19.983017 21.991961 3.707857 6
1.482343 6.294254 0.112275 6
9.220305 9.560177 0.127844 6
8.617442 7.081106 4.860711 6
2.022422 8.684008 4.838712 6
19.289967 24.701205 6.784187 6
12.707925 22.880864 6.771740 6
12.777907 24.590539 2.918009 6
19.181109 22.951125 3.002148 6
2.092882 7.086625 0.893962 6
8.560687 8.868932 1.002497 6
7.158922 7.075160 4.818888 6
3.586795 8.655918 4.798907 6
17.844843 24.451694 6.840428 6
14.114092 22.955088 6.880048 6
14.104671 24.463359 2.989649 6
17.908896 23.059679 3.044992 6
3.452358 7.174345 0.771790 6
7.099508 8.673376 0.847833 6
6.514911 6.434196 3.893907 6
4.108727 9.501525 3.874604 6
17.137362 25.293613 7.742449 6
14.864374 22.116299 0.026782 6
14.734580 25.360221 3.908217 6
17.250800 22.140150 3.868321 6
4.148272 6.379428 7.711547 6
6.449081 9.432051 7.656223 6
10.916052 1.444071 2.658450 6
21.137827 14.378827 2.753273 6
0.317491 30.328419 1.106190 6
10.435645 17.255120 1.214716 6
10.456194 30.198479 5.001101 6
0.326269 17.140188 5.010434 6
20.996964 1.464184 6.592072 6
10.824206 14.497666 6.531057 6
12.006818 1.541197 3.422781 6
19.828192 14.302767 3.592656 6
1.471088 30.133306 0.293438 6
9.135401 17.402719 0.299534 6
9.264849 30.217438 4.337700 6
1.438960 17.314530 4.202427 6
19.940173 1.443979 7.378316 6
12.007557 14.278899 7.310873 6
11.907742 2.077794 4.730725 6
19.998544 13.771758 4.733570 6
1.208600 29.635618 6.923393 6
9.316726 17.872151 6.952234 6
9.326885 29.569396 3.070670 6
1.354734 17.854986 3.041260 6
20.122434 1.969605 0.995805 6
11.825084 13.856829 0.880943 6
14.602239 1.572890 3.312916 6
17.329914 14.169733 3.262435 6
4.000763 30.103599 0.644184 6
6.823329 17.406895 0.586026 6
6.707690 29.938330 4.423064 6
3.956942 17.419107 4.370190 6
17.485455 1.658329 7.114249 6
14.614518 14.208725 7.251594 6
14.710913 2.967681 3.667716 6
17.175763 12.774747 3.612216 6
4.240872 28.773729 0.318699 6
6.548435 18.902967 0.228745 6
6.556450 28.636290 4.190906 6
4.122914 18.871727 4.178613 6
17.236042 3.071821 7.538834 6
14.791434 12.846156 7.415031 6
16.078450 3.513514 3.919956 6
15.860553 12.405962 3.993051 6
5.503423 28.261093 7.676613 6
5.149077 19.365282 7.654923 6
5.303870 28.326325 3.901804 6
5.501366 19.192195 3.876806 6
15.998912 3.377630 0.058570 6
16.037361 12.350521 0.076681 6
17.198732 2.587286 3.798635 6
14.896371 13.307474 3.912634 6
6.427227 29.142645 0.033412 6
4.207610 18.361598 0.126124 6
4.173888 29.029944 4.005508 6
6.421462 18.528273 3.997455 6
14.729659 2.576934 7.616009 6
17.070471 13.325514 7.700965 6
16.930370 1.225109 3.521190 6
15.111417 14.510293 3.566767 6
6.182780 30.465338 0.462985 6
4.423156 17.191170 0.376047 6
4.466233 30.335251 4.225665 6
6.370874 17.197891 4.335709 6
15.090914 1.357451 7.420149 6
17.027842 14.637427 7.394229 6
15.596178 0.765637 3.239020 6
16.343806 15.054889 3.311356 6
5.029499 30.905774 0.699303 6
5.723368 16.749565 0.521605 6
5.667454 30.798657 4.394537 6
4.931078 16.752912 4.396750 6
16.262122 0.871687 7.219033 6
15.740401 15.047196 7.125568 6
18.978661 4.275343 3.793915 6
12.977566 11.534251 3.855631 6
8.388280 27.370918 0.078680 6
2.218931 20.124136 7.676225 6
2.233268 27.361385 3.957125 6
8.375166 20.157542 3.853074 6
13.001341 4.294231 0.054747 6
18.935472 11.500706 7.747719 6
20.072528 4.721928 4.769322 6
11.889410 11.061211 4.613165 6
9.425992 26.891241 6.953179 6
1.400118 20.628557 6.858001 6
1.228387 26.859000 3.027642 6
9.409214 20.588792 2.973080 6
11.948774 4.868208 0.729597 6
19.943331 11.033811 0.861446 6
20.540081 6.051282 4.335216 6
11.398394 9.828771 4.365732 6
9.851495 25.562868 7.256252 6
0.807534 21.849526 7.275329 6
0.728693 25.737580 3.414742 6
9.889578 21.763340 3.437192 6
11.403084 6.080171 0.490265 6
20.512828 9.771886 0.540517 6
20.071219 6.771122 3.417335 6
11.834392 9.054722 3.315869 6
9.483481 24.997607 0.557611 6
1.125014 22.616713 0.640171 6
1.127658 24.965957 4.459710 6
9.535681 22.543311 4.333204 6
11.757342 6.691942 7.203353 6
20.121346 8.996080 7.126181 6
19.167709 6.236737 2.604761 6
12.821177 9.537015 2.602205 6
8.572381 25.369172 1.374303 6
2.238412 22.137214 1.359953 6
2.114918 25.355639 5.257529 6
8.460836 22.185592 5.213996 6
12.760871 6.168381 6.480840 6
19.091697 9.533236 6.407701 6
18.681898 5.101227 2.718667 6
13.385318 10.708345 2.768757 6
8.039026 26.616260 1.045163 6
2.622432 20.831054 1.041552 6
2.688022 26.702916 5.044698 6
7.968315 20.870553 5.083148 6
13.469897 4.959197 6.718416 6
18.567213 10.764690 6.583851 6
7.444544 2.217570 4.471244 1
3.234459 13.702681 4.436710 1
18.169516 29.539360 7.178593 1
13.790036 17.989824 7.149095 1
13.804544 29.411050 3.283682 1
18.076096 18.092636 3.242096 1
3.240155 2.200697 0.578194 1
7.390225 13.631301 0.451128 1
5.587027 4.249065 2.430720 1
5.041266 11.584527 2.407308 1
16.318445 27.388724 1.546843 1
15.718168 20.181727 1.421412 1
15.710571 27.363594 5.283039 1
16.417916 20.103346 5.275966 1
4.953270 4.398360 6.351280 1
5.586121 11.449256 6.242689 1
13.457524 0.261967 2.413349 1
18.695581 15.439661 2.391515 1
2.799936 31.218847 1.501795 1
8.019512 16.144109 1.446511 1
7.972969 31.360623 5.317803 1
2.686152 16.268486 5.221696 1
18.587855 0.382260 6.411304 1
13.449657 15.412684 6.339568 1
18.942620 2.319934 4.553123 1
13.079519 13.501911 4.691755 1
8.317141 29.233222 7.023209 1
2.245752 18.315945 7.055087 1
2.332084 29.345228 3.179396 1
8.407901 18.134413 3.061318 1
13.044823 2.467525 0.663937 1
18.974150 13.549263 0.731640 1
10.608269 2.721858 6.269226 1
0.006586 13.253706 6.292886 1
0.011502 29.117479 5.428002 1
10.715066 18.476335 5.497753 1
10.707846 29.031389 1.612501 1
21.271355 18.477396 1.532619 1
0.082629 2.689574 2.387451 1
10.609681 13.113645 2.254392 1
9.094772 4.515849 6.249632 1
1.495105 11.435288 6.279731 1
19.833532 27.153024 5.306804 1
12.172115 20.379169 5.462236 1
12.209430 27.130491 1.458941 1
19.704571 20.298225 1.467569 1
1.571078 4.480326 2.391120 1
9.140879 11.342672 2.398594 1
8.418247 5.510315 0.468023 1
2.256654 10.256201 0.372784 1
19.058744 26.161769 3.492182 1
12.897152 21.326811 3.466147 1
12.899529 26.230428 7.333634 1
18.950347 21.294015 7.280238 1
2.380202 5.400046 4.287374 1
8.430070 10.399540 4.357008 1
5.515824 2.579329 0.869688 1
5.005310 13.315321 0.895358 1
16.184981 29.156407 2.901925 1
15.745934 18.313401 2.985101 1
15.667841 29.015548 6.853981 1
16.267812 18.433268 6.786414 1
5.038864 2.541021 4.750183 1
5.534750 13.186780 4.798053 1
6.357826 1.556788 6.666454 1
4.399259 14.327392 6.767685 1
16.962527 30.027818 4.872089 1
15.084282 17.341907 4.933395 1
14.940089 30.023609 1.002698 1
16.933759 17.392718 0.953697 1
4.424411 1.523059 2.881934 1
6.358131 14.245313 2.902420 1
8.987787 4.774909 2.671515 1
1.532566 11.140517 2.620294 1
19.648322 26.881289 1.155876 1
12.302458 20.537873 1.283092 1
12.149047 26.904206 5.114272 1
19.763212 20.636462 5.069828 1
1.555007 4.767017 6.414290 1
9.013387 11.074236 6.495729 1
10.216523 6.173384 4.226895 1
0.409872 9.774825 4.050673 1
20.915584 25.599234 7.513189 1
11.118189 21.970020 7.402140 1
11.158562 25.583689 3.527059 1
20.854748 22.011889 3.675667 1
0.504543 6.166713 0.302667 1
10.251268 9.615822 0.356283 1
9.052807 7.651637 5.472841 1
1.745933 8.248728 5.569323 1
19.671284 24.118211 6.261715 1
12.268157 23.507287 6.109556 1
12.363009 24.014585 2.284552 1
19.583486 23.389009 2.335141 1
1.708682 7.560522 1.537032 1
8.956200 8.262732 1.632150 1
6.770386 7.778433 5.368247 1
3.935708 8.036192 5.273536 1
17.366101 24.002591 6.291051 1
14.629861 23.588061 6.335285 1
14.682331 23.856091 2.535456 1
17.309622 23.486369 2.527209 1
4.029092 7.815820 1.481040 1
6.724849 8.166721 1.367422 1
5.563563 6.430346 3.690671 1
5.048269 9.339961 3.697973 1
16.148622 25.262878 0.189952 1
15.761030 22.249251 0.090985 1
15.688593 25.168179 3.935268 1
16.189879 22.197882 4.014301 1
5.152849 6.474229 7.704961 1
5.490670 9.412544 7.709498 1
12.764411 2.082021 5.401392 1
19.184884 13.646222 5.261748 1
2.107533 29.515586 6.326678 1
8.635759 17.955169 6.402657 1
8.712304 29.464250 2.525452 1
1.988930 17.964153 2.367097 1
19.332485 2.099943 1.395081 1
12.721239 13.754347 1.473032 1
13.995055 3.667341 3.579041 1
17.872111 12.302512 3.694666 1
3.422894 27.994086 0.314529 1
7.202192 19.352727 0.141410 1
7.162788 27.983560 4.177324 1
3.492943 19.379238 4.010476 1
17.978509 3.552247 7.493818 1
14.058159 12.183878 7.501330 1
16.193452 4.347702 4.092283 1
15.745163 11.483498 4.162979 1
5.563153 27.298325 7.535638 1
5.115253 20.144670 7.439360 1
5.210796 27.241478 3.586614 1
5.486347 20.151991 3.584463 1
15.735045 4.412960 0.297740 1
16.258212 11.512636 0.248751 1
17.584101 0.650100 3.503055 1
14.257472 15.175375 3.472258 1
7.037124 30.997389 0.528541 1
3.593897 16.495202 0.435180 1
3.606691 30.958914 4.368894 1
7.064039 16.428153 4.282550 1
14.249605 0.621447 7.407014 1
17.682560 15.080592 7.344253 1
15.464962 31.475319 3.156215 1
16.395973 16.004988 3.014683 1
4.897963 0.163210 0.884140 1
5.708543 15.666382 0.890943 1
5.759372 0.063030 4.702335 1
4.808862 15.693924 4.702811 1
16.496392 31.503498 6.941775 1
15.543426 16.003699 6.874416 1
20.202036 4.351165 5.561538 1
11.704922 11.453093 5.540632 1
9.609790 27.295852 6.098447 1
1.027403 20.102288 6.144527 1
0.967578 27.399855 2.246219 1
9.601833 20.159561 2.291192 1
11.775228 4.392612 1.553592 1
20.277601 11.567552 1.531482 1
21.305393 6.296518 4.903782 1
10.627886 9.504693 4.879934 1
10.567896 25.275901 6.759628 1
0.033223 22.134777 6.704148 1
0.052668 25.339098 2.777454 1
10.573511 22.206595 2.877619 1
10.770373 6.392845 1.002625 1
21.262601 9.406391 1.165165 1
20.503425 7.605556 3.217371 1
11.383850 8.153335 3.178948 1
9.887375 24.007997 0.781287 1
0.808096 23.371035 0.796817 1
0.788755 24.076786 4.630718 1
9.837913 23.535512 4.615064 1
11.515356 7.644425 6.948161 1
20.518397 8.237036 7.057231 1
18.927120 6.774870 1.702415 1
13.130767 9.144937 1.773923 1
8.149434 24.937937 2.175340 1
2.428265 22.627838 2.112715 1
2.418978 24.936067 5.935013 1
8.328432 22.685822 6.074791 1
12.999154 6.669801 5.546203 1
18.909296 9.029944 5.673468 1
17.984510 4.649719 2.246284 1
13.982101 11.118681 2.137046 1
7.290966 27.035105 1.712986 1
3.462337 20.622890 1.723519 1
3.496434 26.991017 5.604355 1
7.227840 20.516761 5.518542 1
13.990587 4.804602 6.030556 1
17.849590 11.054075 6.148296 1
15.806060 7.310347 2.637128 1
16.016088 8.586835 2.636047 1
5.294082 24.435476 1.224508 1
5.407746 23.200500 1.342539 1
5.523038 24.358781 5.210916 1
5.261805 23.054920 5.142326 1
16.209206 7.296218 6.499601 1
15.904876 8.546022 6.437080 1
14.860594 6.549037 1.766235 1
17.181984 9.123508 1.753456 1
4.036377 25.068709 2.225841 1
6.510114 22.385777 2.237671 1
6.521396 25.003552 6.123988 1
4.030200 22.464748 6.050946 1
17.243151 6.594008 5.596068 1
14.753874 9.140572 5.578863 1
