13.708526 8.080437 4.816852 17
2.222270 8.691796 1.588332 17
5.775491 0.364942 4.733755 17
10.117281 16.446916 1.497051 17
14.052263 9.362869 2.116260 17
1.891604 7.349192 5.304706 17
6.053207 15.604106 2.282076 17
9.756074 1.051348 5.332638 17
0.994802 4.086379 1.850103 7
14.946461 12.747516 5.171683 7
8.914585 4.401743 1.961361 7
6.938612 12.277383 5.212427 7
13.412974 6.303707 2.264923 8
2.532026 10.231105 5.332055 8
5.389648 2.026892 2.107083 8
10.563768 14.716427 5.406166 8
15.888994 4.623417 1.891408 6
0.153698 11.868796 5.079736 6
7.806243 3.607654 1.927384 6
8.078398 13.035908 5.022930 6
15.626651 5.849713 2.481347 6
0.286746 10.820079 5.711993 6
7.608680 2.477347 2.459656 6
8.364033 14.335463 5.707031 6
14.420538 6.662948 2.479241 6
1.538917 9.991464 5.715058 6
6.443010 1.654135 2.577292 6
9.499616 15.023073 5.660764 6
14.605153 7.946321 3.189980 6
1.226874 8.662707 0.030239 6
6.678874 0.307998 3.280446 6
9.205885 16.458008 0.016938 6
14.643301 4.091837 0.975719 6
1.322138 12.546954 4.088796 6
6.830012 4.079014 1.045475 6
9.228548 12.481298 4.218445 6
14.549071 4.618223 6.113081 6
1.377777 11.994226 2.786764 6
6.584275 3.700077 6.127879 6
9.426424 12.941880 2.899505 6
15.083933 5.330126 5.825752 1
0.943344 11.212205 2.548170 1
7.162380 3.024851 5.810138 1
8.844923 13.747595 2.573338 1
13.660158 4.234072 5.148056 6
2.260926 12.515894 2.105330 6
5.687130 4.285627 5.168308 6
10.318636 12.563035 2.037207 6
13.497471 4.468553 4.314675 1
2.337107 12.138363 1.215142 1
5.590470 3.948351 4.248580 1
10.319981 12.851446 1.083979 1
12.787762 3.130767 5.642065 6
3.088142 13.554851 2.354135 6
4.975972 5.206214 5.554870 6
11.088789 11.449735 2.472937 6
12.322084 2.729449 4.964501 1
3.769001 14.017376 1.736376 1
4.272631 5.642599 4.947341 1
11.693150 11.090807 1.735656 1
12.957205 2.512386 0.504860 6
2.982509 14.022100 3.652931 6
4.931232 5.736506 0.553643 6
10.899027 10.923605 3.599815 6
12.358213 1.944436 0.848120 1
3.591044 14.687968 3.976622 1
4.405010 6.360391 0.689157 1
11.506244 10.271988 3.986684 1
13.937548 3.117602 1.291234 6
2.065495 13.489532 4.530712 6
5.849383 5.194290 1.438761 6
9.986595 11.402523 4.540469 6
14.018387 2.775367 2.172659 1
1.856436 13.851548 5.430188 1
6.054799 5.522915 2.231757 1
9.859809 11.051330 5.480265 1
1.301573 2.768469 1.191080 6
14.755977 13.865400 4.460286 6
9.204967 5.686593 1.117606 6
6.709233 10.986756 4.332546 6
2.360054 2.816740 0.287162 6
13.507120 13.870761 3.450273 6
10.377282 5.501064 0.225564 6
5.555791 11.214322 3.424973 6
2.510179 1.629878 5.722672 6
13.533179 14.987814 2.562676 6
10.487885 6.698010 5.846912 6
5.449469 9.973166 2.702136 6
2.607475 0.299723 0.238530 6
13.304453 16.276780 3.466853 6
10.603658 7.999302 0.316194 6
5.333125 8.741007 3.421399 6
1.480326 0.298578 1.275006 6
14.420783 16.393223 4.421131 6
9.566213 7.961581 1.232663 6
6.424788 8.526831 4.492462 6
1.408621 1.501255 2.110641 6
14.663285 15.174856 5.211639 6
9.255301 6.765103 2.009050 6
6.578739 9.973204 5.358830 6
2.085697 4.406443 2.694233 6
13.812348 12.128525 5.873541 6
10.065374 3.883556 2.753185 6
5.850538 12.877216 5.903093 6
0.501943 6.231741 2.906169 1
15.569618 10.371168 6.096131 1
8.337148 2.064655 2.943410 1
7.565982 14.750918 6.043970 1
15.645580 8.135897 3.477327 1
0.342422 8.479959 0.229160 1
7.647515 0.020444 3.484652 1
8.306633 16.625953 0.266542 1
0.483003 2.553120 0.643501 1
15.448816 14.117534 3.868823 1
8.452197 5.792984 0.710663 1
7.446607 10.846633 3.743717 1
2.118845 3.603106 6.155532 1
13.740917 12.988390 2.954865 1
10.109631 4.715796 6.082151 1
5.812572 11.903751 2.806334 1
3.127233 2.960541 0.806799 1
12.763024 13.751120 3.851599 1
11.099310 5.246938 0.824908 1
4.836755 11.246698 4.008286 1
3.278320 1.770086 5.108843 1
12.673447 14.851517 2.046260 1
11.225939 6.582682 5.258156 1
4.770625 10.024712 1.949841 1
1.744259 1.481595 5.213874 1
14.169559 15.195796 2.081749 1
9.673056 6.944360 5.311976 1
6.201861 9.727851 1.954366 1
3.576611 0.445313 0.829581 1
12.412688 16.172495 3.979693 1
11.480590 7.915568 0.758039 1
4.417536 8.767746 3.957688 1
2.680784 16.196427 6.137564 1
13.331388 0.497239 2.997648 1
10.615589 8.844765 6.192762 1
5.318996 7.853539 3.009774 1
1.739524 16.297439 1.824325 1
14.308387 0.316958 5.005758 1
9.589859 8.812933 1.779467 1
6.331954 7.889855 5.075196 1
0.656752 0.079735 0.811431 1
15.289278 16.561275 4.004452 1
8.547551 8.079064 0.731966 1
7.290879 8.476566 3.956673 1
0.471996 1.492151 2.635715 1
15.503186 15.197467 5.718976 1
8.501394 6.824480 2.699136 1
7.402672 9.873756 5.852787 1
2.046019 1.668972 2.648104 1
13.797891 14.994863 5.747834 1
10.195617 6.645870 2.673772 1
5.776876 10.098338 5.831430 1
2.352337 5.362274 2.531705 1
13.621650 11.342816 5.649309 1
10.221809 2.904382 2.458739 1
5.659124 13.685577 5.587945 1
2.802636 3.862634 2.859139 1
13.083389 12.879414 5.911014 1
10.793911 4.588866 2.736962 1
5.243519 12.148916 5.884832 1
1.736638 4.614716 3.707890 1
14.218414 12.023119 0.529707 1
9.692318 3.572210 3.752499 1
6.202229 13.099886 0.399379 1
