2.563941 7.206336 1.324326 8
1.679778 1.839385 4.569558 8
11.085067 2.717525 1.267297 8
10.229327 6.417522 4.530041 8
3.654864 5.641696 0.220854 8
2.940796 3.301007 3.712615 8
12.286429 1.159987 0.163517 8
11.415313 7.944206 3.594073 8
15.084590 7.164763 1.179602 8
14.204637 1.854837 4.429678 8
6.544505 2.754398 1.146510 8
5.676126 6.409983 4.534816 8
13.878785 5.650317 2.118874 8
12.969579 3.474151 5.613250 8
5.202765 1.207220 2.241484 8
4.291495 8.000040 5.567328 8
0.141839 6.367687 5.851077 6
1.010680 2.572987 2.399630 6
8.663131 1.788129 5.801134 6
9.524532 7.185685 2.497368 6
0.363630 5.862492 4.581428 6
1.205249 3.155975 1.220838 6
8.836202 1.305347 4.567192 6
9.751047 7.713372 1.235299 6
1.285882 5.399942 4.308941 1
2.092056 3.624927 0.999715 1
9.798327 0.775132 4.386443 1
10.754232 8.306889 1.018661 1
-1.111275 5.191486 4.250319 6
-0.085881 4.023562 0.796941 6
7.526740 0.546294 4.226238 6
8.524029 8.497288 0.838170 6
15.992939 4.230798 3.945201 1
16.744012 4.832689 0.684078 1
7.347661 8.750916 4.040541 1
8.362213 0.446254 0.709520 1
15.244817 5.926856 4.752839 6
16.193678 3.272836 1.382819 6
6.864989 1.436035 4.777867 6
7.761190 7.780733 1.432565 6
14.484062 5.532016 4.849012 1
15.294648 3.596391 1.520900 1
5.810722 0.987953 4.980374 1
6.717390 7.979960 1.690139 1
-1.232534 7.067959 5.612426 6
-0.459601 1.988663 2.236636 6
7.277404 2.449729 5.621854 6
8.242411 6.613057 2.233241 6
15.278164 7.408831 6.453935 1
16.114217 1.658929 3.098833 1
6.686464 2.878801 6.374864 1
7.655559 6.348717 3.175506 1
-0.210066 7.894380 5.071855 6
0.691349 1.167700 1.642203 6
8.257139 3.256652 5.035373 6
9.189342 5.815682 1.669821 6
-0.039145 8.742146 5.209769 1
0.858573 0.388627 1.886907 1
8.657646 4.217174 5.256439 1
9.414466 4.974792 1.894190 1
-0.224744 7.041148 3.540613 6
0.733800 2.160855 0.188033 6
8.360235 2.476679 3.577140 6
9.272517 6.720720 0.198421 6
0.458777 7.371308 2.853889 1
-0.462021 1.841908 6.199974 1
8.987564 2.781539 2.912660 1
8.150987 6.348255 6.242224 1
15.532898 6.397821 3.304649 6
16.461675 2.604211 0.052256 6
7.004594 1.922036 3.421958 6
6.044524 7.117274 6.630585 6
2.575248 6.471205 0.264633 6
1.789591 2.537026 3.676237 6
11.295824 2.013483 0.314554 6
10.289802 7.105807 3.640681 6
4.495897 5.744818 1.409304 6
3.667510 3.463550 4.743306 6
13.165943 1.065229 1.475648 6
12.261162 7.879544 4.832771 6
4.717657 6.648055 1.792632 1
3.950633 2.555951 5.075048 1
13.352292 2.018606 1.734701 1
12.555977 6.972296 4.960694 1
5.461928 5.174123 1.306614 1
4.522831 3.878333 4.523172 1
14.062061 0.615223 1.303457 1
13.157848 8.405942 4.515743 1
4.166863 5.258003 2.182646 1
3.297646 3.831128 5.552261 1
12.583486 0.707825 2.168664 1
11.840875 8.293734 5.503616 1
14.696293 6.514009 2.126836 6
13.862137 2.593746 5.405037 6
6.255563 2.020497 2.130946 6
5.270572 7.063262 5.502182 6
12.814268 5.563288 0.984461 6
11.963343 3.423863 4.407849 6
4.355951 1.112758 1.148546 6
3.494999 8.044593 4.500481 6
12.345109 6.434615 0.925557 1
11.615042 2.591370 4.262646 1
3.949384 1.938361 0.962909 1
2.894993 7.128149 4.277020 1
12.243160 4.852319 1.138161 1
11.305309 4.142760 4.469850 1
3.605147 0.315116 1.213505 1
2.827599 8.813843 4.611577 1
13.322794 5.323939 0.293210 1
12.508586 3.574502 3.694693 1
4.835876 0.835310 0.272973 1
4.048407 8.275197 3.559396 1
