0.938018 3.025732 10.834231 8
13.963546 3.023820 16.094690 8
9.822886 8.719328 10.912894 8
5.078252 8.545790 16.041116 8
14.953950 8.229809 6.992689 8
1.906251 8.134410 1.968105 8
6.062568 2.611514 7.037928 8
10.677965 2.604349 2.002186 8
-0.336773 1.330879 11.501615 8
15.175037 1.217557 15.435273 8
8.566669 6.943438 11.417344 8
6.278440 6.771628 15.352564 8
16.155826 9.928339 6.539185 8
0.755969 9.895750 2.473494 8
7.185104 4.380120 6.503130 8
9.413725 4.388906 2.587612 8
0.638336 7.174615 8.567564 8
16.138983 7.289525 0.582825 8
9.447144 1.600654 8.446615 8
7.339266 1.745718 0.552916 8
15.246676 3.932119 9.389976 8
-0.319342 3.845250 17.457597 8
6.269248 9.438977 9.406667 8
8.393007 9.607861 17.422206 8
3.155441 5.808212 7.800101 8
13.527197 5.831782 1.210064 8
12.045364 0.144966 7.880946 8
4.696163 0.216808 1.090928 8
12.540111 5.254430 10.126199 8
2.273925 5.444300 16.802355 8
3.697326 10.910000 10.157493 8
11.039917 11.004893 16.899260 8
3.720366 5.686402 10.646088 8
11.156743 5.849985 16.270272 8
12.706424 0.179790 10.751033 8
2.134780 0.247425 16.147196 8
11.936419 5.462571 7.179270 8
4.635831 5.375350 1.722544 8
3.075145 10.921877 7.205865 8
13.482617 11.028251 1.754563 8
1.557675 7.327599 13.123468 8
13.095390 7.283751 13.855953 8
10.452374 1.609738 13.054034 8
4.289011 1.643206 13.725018 8
14.167076 3.910501 4.731258 8
2.558257 3.938873 4.163961 8
5.343218 9.552990 4.805258 8
11.526067 9.573434 4.061540 8
14.954426 8.164207 11.729958 8
-0.177038 8.013083 15.229468 8
6.110333 2.571135 11.669514 8
8.684248 2.541658 15.203673 8
0.895010 3.019773 6.212418 8
15.897478 3.029983 2.732672 8
9.697613 8.615613 6.202389 8
7.113899 8.784826 2.785840 8
-1.369453 2.552193 13.472395 7
7.383870 8.107987 13.519620 7
-0.444107 8.621386 4.564490 7
8.413399 3.022457 4.495655 7
16.189375 5.299856 13.466886 6
7.474169 10.922376 13.434133 6
-0.419350 5.854153 4.526166 6
8.413963 0.153932 4.516970 6
-1.395396 6.396084 13.471782 1
7.360348 0.760823 13.466622 1
-0.438286 4.766601 4.570841 1
8.304950 10.481823 4.534668 1
-0.632326 4.734389 12.581152 6
15.622868 4.748878 14.377670 6
8.103398 10.304348 12.577514 6
6.785543 10.332241 14.335551 6
16.561612 6.578358 5.344606 6
0.231639 6.450372 3.505966 6
7.561268 0.850278 5.408944 6
9.050809 0.954665 3.536100 6
-0.193546 5.192398 11.833151 1
14.985158 5.070398 15.091343 1
8.673410 10.700555 11.863004 1
6.245705 10.761969 15.029993 1
16.019588 6.018363 5.964491 1
0.671733 5.958591 2.998163 1
7.089003 0.482717 6.145801 1
9.570255 0.368775 2.812908 1
-0.682773 3.286387 12.556083 6
15.515460 3.356913 14.276524 6
8.040098 8.951121 12.536104 6
6.747063 8.855254 14.282664 6
16.431782 7.801123 5.420768 6
0.240892 7.851323 3.505034 6
7.682058 2.349259 5.337081 6
9.091788 2.266433 3.632665 6
-0.007619 2.625982 11.614676 6
14.722105 2.485698 15.364459 6
8.857405 8.219513 11.633935 6
5.890043 8.206758 15.315693 6
15.733191 8.690527 6.409356 6
1.092174 8.720711 2.522071 6
6.879230 2.981674 6.399491 6
9.876384 3.150483 2.604138 6
0.490362 0.480919 10.521524 6
14.346496 0.484870 16.353620 6
9.267619 6.095319 10.428301 6
5.542972 6.145740 16.513230 6
15.366983 10.603332 7.408252 6
1.411843 10.721516 1.500360 6
6.487724 5.095115 7.410125 6
10.310422 5.119041 1.426022 6
1.428001 0.501846 10.618494 1
13.427390 0.445471 16.213580 1
10.286134 6.172994 10.757715 1
4.618929 6.037090 16.140475 1
14.489485 10.673320 7.220678 1
2.335842 10.763335 1.719901 1
5.492740 5.060058 7.215404 1
11.157281 5.197212 1.748978 1
0.290101 0.884163 9.639293 1
14.572270 0.976535 17.246717 1
9.145446 6.576892 9.498715 1
5.717062 6.647465 17.381436 1
15.436197 10.298619 8.254134 1
1.231913 10.198709 0.556404 1
6.596989 4.571668 8.270832 1
10.137382 4.602348 0.577337 1
-0.211403 10.421716 10.320442 6
14.892564 10.298965 16.587154 6
8.675622 4.825469 10.416923 6
6.166360 4.657923 16.558739 6
15.881345 0.835226 7.590023 6
0.823068 0.785982 1.322770 6
7.078543 6.548430 7.544345 6
9.696455 6.490881 1.341748 6
16.453072 9.927976 11.196994 6
-1.626526 9.954732 15.696140 6
7.664588 4.252400 11.028174 6
7.292634 4.384369 15.735383 6
-0.679884 1.340540 6.754924 6
17.368260 1.268789 2.248117 6
8.148735 6.966036 6.880014 6
8.541899 6.960852 2.127600 6
16.007222 10.433083 11.781181 1
-1.180152 10.402919 15.158278 1
7.320775 4.807029 11.777525 1
7.662882 4.789160 15.097128 1
-0.348203 0.782561 6.175772 1
16.933639 0.746034 2.683654 1
8.619144 6.335398 6.176773 1
8.241173 6.222136 2.816571 1
16.104005 8.536955 10.971818 6
-1.229705 8.588544 15.939767 6
7.264332 2.922227 10.970372 6
7.692411 3.044416 15.983872 6
-0.255065 2.583776 6.892673 6
16.922835 2.655595 2.062975 6
8.568467 8.093202 7.069718 6
8.190319 8.274626 2.058835 6
16.573249 7.766566 10.039868 6
15.802395 7.678780 16.767997 6
7.796817 2.206649 9.997350 6
7.128307 2.181460 16.930409 6
-0.762334 3.358144 7.917698 6
-0.028532 3.408465 1.130850 6
7.984358 8.982487 7.855633 6
8.772516 9.108236 1.058441 6
16.417228 6.780017 9.969772 1
-1.527235 6.790647 16.996007 1
7.508826 1.169176 9.872285 1
7.306323 1.217911 17.035628 1
-0.551926 4.322657 8.016148 1
17.246138 4.282107 1.044327 1
8.355404 9.928025 7.986490 1
8.526522 9.868009 1.001725 1
0.079712 8.142868 9.354135 6
14.844015 8.158581 17.584294 6
8.854997 2.603475 9.379989 6
5.880899 2.643128 17.584343 6
15.658710 2.965580 8.509696 6
1.047162 2.931619 0.459953 6
7.009262 8.651806 8.522379 6
9.828728 8.660935 0.354999 6
0.413644 9.518559 9.380170 6
14.275954 9.510318 17.368606 6
9.389556 3.958252 9.526086 6
5.514244 3.809622 17.443592 6
15.204225 1.785606 8.559862 6
1.519072 1.756392 0.517021 6
6.518123 7.326897 8.527130 6
10.301091 7.367236 0.496894 6
1.229715 9.867861 9.046979 1
13.651087 9.672169 17.872918 1
10.121957 4.230370 8.879094 1
6.677427 4.202956 0.036158 1
14.629930 1.330317 9.070555 1
0.353621 1.332006 17.912970 1
5.715686 7.072924 8.975626 1
9.038139 6.912873 17.931707 1
1.682619 7.600667 7.660946 6
15.151773 7.689757 1.233081 6
10.423162 2.005531 7.642970 6
6.306869 2.168971 1.392388 6
14.089234 3.596549 10.370639 6
0.692207 3.532157 16.530584 6
5.302947 9.033863 10.275405 6
9.562593 9.047789 16.572818 6
2.311759 8.064557 8.212257 1
14.510560 8.061281 0.785006 1
11.220955 2.568142 8.095665 1
5.497553 2.596793 0.818691 1
13.375427 2.977806 9.838649 1
1.472061 3.023523 17.184120 1
4.597569 8.640418 9.825384 1
10.157745 8.531423 17.138120 1
1.398903 8.374179 6.912134 1
15.514972 8.289428 2.065577 1
10.173771 2.610815 6.869269 1
6.501883 2.618114 1.924548 1
14.521547 2.864052 11.064574 1
0.295877 2.807433 15.999862 1
5.670002 8.411618 10.952214 1
9.214479 8.531819 15.962620 1
2.237734 6.455800 7.081160 6
14.518917 6.491068 2.006397 6
11.116324 0.936827 6.937242 6
5.630349 0.974763 1.942738 6
13.469421 4.688426 11.016409 6
1.333367 4.704043 15.919964 6
4.709652 10.397836 11.027408 6
10.246984 10.290512 15.892622 6
1.503458 5.796554 6.719638 1
15.175666 5.805334 2.180618 1
10.453790 0.198501 6.836211 1
6.383018 0.299235 2.150174 1
14.319657 5.393441 11.104799 1
0.525917 5.285679 15.742814 1
5.409020 11.010860 11.157197 1
9.561370 10.987091 15.708535 1
2.702717 6.785020 6.251340 1
13.998863 6.655264 2.800260 1
11.615067 1.247156 6.121185 1
5.182546 1.244066 2.874156 1
13.109470 4.531135 11.722814 1
1.715235 4.440615 15.089473 1
4.183298 10.027477 11.849099 1
10.688369 10.004820 15.199183 1
2.601398 4.919713 8.798820 6
14.037290 4.822126 0.255878 6
11.428353 10.419815 8.768015 6
5.329290 10.485209 0.326804 6
13.206278 6.417748 9.197478 6
1.702603 6.399855 17.743397 6
4.199028 0.748087 9.236924 6
10.606746 0.821156 17.583363 6
2.457717 4.059440 8.248237 1
14.128579 4.053419 0.673721 1
11.447242 9.686419 8.125410 1
5.399609 9.583766 0.714608 1
13.305587 7.152781 9.720355 1
1.619679 7.143301 17.165836 1
4.350648 1.529620 9.735663 1
10.476188 1.546385 17.250998 1
1.876698 5.191318 9.041525 1
12.962490 5.154198 17.772694 1
10.624132 10.848057 9.102054 1
4.183501 10.727419 17.853119 1
14.044426 6.036852 8.888832 1
2.819387 5.924559 0.028823 1
5.076065 0.440578 8.823384 1
11.585625 0.512227 0.090116 1
3.540679 4.591035 9.923141 6
11.223972 4.665457 17.033423 6
12.411644 10.166180 9.923277 6
2.377321 10.171218 17.021368 6
12.206684 6.566872 8.127835 6
4.601073 6.506289 0.962858 6
3.333843 0.997921 8.127157 6
13.365575 0.920767 0.778520 6
3.214267 3.898164 10.422975 1
11.684405 3.887642 16.480628 1
12.002830 9.551649 10.478760 1
2.800333 9.408786 16.534280 1
12.508699 7.213621 7.637297 1
4.185023 7.287987 1.384410 1
3.691350 1.705037 7.621256 1
13.079849 1.793428 1.508731 1
4.537083 4.394816 9.390696 1
10.345035 4.292080 17.448019 1
13.406520 9.889980 9.543405 1
1.568595 9.896407 17.479127 1
11.260540 6.876469 8.468951 1
5.350378 6.730938 0.435441 1
2.530242 1.208311 8.437786 1
14.295313 1.172344 0.436708 1
2.580779 6.168926 11.429367 6
12.156418 6.138412 15.563046 6
11.517620 0.615336 11.353600 6
3.421235 0.510947 15.619294 6
13.161704 5.097700 6.523668 6
3.633386 5.075237 2.340233 6
4.264392 10.698159 6.510737 6
12.364375 10.581286 2.388109 6
2.123278 6.733720 10.720999 1
12.838167 6.730763 16.059757 1
10.955459 1.031892 10.728376 1
3.957681 0.996177 16.076361 1
13.676788 4.454213 7.066441 1
3.062233 4.554469 1.797521 1
4.897610 10.143565 7.148486 1
11.791263 10.069535 1.781079 1
2.083229 5.315903 11.610729 1
12.792552 5.238420 15.290845 1
10.999339 10.833522 11.606487 1
3.907495 10.929078 15.201741 1
13.590660 5.903833 6.259692 1
3.158292 5.887143 2.578150 1
4.737342 0.351175 6.371440 1
11.966509 0.365914 2.686614 1
2.960223 6.769584 12.590525 6
11.890318 6.880236 14.283680 6
11.720803 1.251136 12.460939 6
3.194828 1.242146 14.299770 6
12.985855 4.458317 5.382323 6
3.905181 4.449004 3.659761 6
4.054741 9.923794 5.486395 6
12.771310 10.033215 3.592128 6
3.498245 7.687346 12.320992 1
11.463846 7.626547 14.499934 1
12.290043 2.067059 12.330911 1
2.548201 1.990723 14.529740 1
12.382555 3.636618 5.536507 1
4.343358 3.514990 3.318636 1
3.448963 9.146453 5.537374 1
13.238064 9.080733 3.258565 1
3.454619 6.355448 13.098598 1
11.462724 6.342099 13.685706 1
12.293732 0.635623 13.152840 1
2.705464 0.580276 13.777066 1
12.336650 4.862161 4.751762 1
4.427094 5.010069 4.228501 1
3.491608 10.604072 4.850924 1
13.146206 10.559388 4.251515 1
14.272902 8.883065 12.602705 6
0.511134 8.845696 14.308169 6
5.457732 3.293951 12.525921 6
9.502633 3.434128 14.381007 6
1.606888 2.314115 5.348845 6
15.263461 2.312353 3.595343 6
10.422813 7.757026 5.454641 6
6.370863 7.818042 3.616700 6
14.180213 9.799962 12.150745 1
0.714348 9.738864 14.741800 1
5.330400 4.153486 12.153219 1
9.580088 4.211458 14.856514 1
1.636249 1.314798 5.842511 1
15.055268 1.428808 3.148783 1
10.608498 6.915508 5.778592 1
6.149789 6.995849 3.135655 1
14.813722 9.034435 13.366489 1
0.080486 9.130114 13.599353 1
5.990701 3.548627 13.251759 1
8.828441 3.516958 13.660534 1
0.944299 2.017968 4.654624 1
15.819416 2.119508 4.424366 1
9.818136 7.751761 4.604523 1
6.882067 7.656871 4.337101 1
12.967837 8.237732 12.927920 6
1.762282 8.200590 13.972444 6
4.220295 2.768310 12.905837 6
10.756036 2.591157 13.988929 6
2.790484 2.987986 5.043020 6
13.844075 2.976445 4.005836 6
11.670665 8.544281 5.056117 6
5.046028 8.420207 3.915761 6
12.318824 9.007059 13.442997 1
2.468172 8.994592 13.572798 1
3.554979 3.392738 13.324243 1
11.260387 3.384234 13.561765 1
3.416707 2.219035 4.655004 1
13.449394 2.213850 4.317679 1
12.240757 7.904371 4.546580 1
4.440002 7.857446 4.476144 1
12.625683 7.840479 12.095862 1
2.244148 7.933978 14.779054 1
3.621058 2.369097 12.163927 1
11.063968 2.371936 14.660911 1
3.348698 3.156725 5.732544 1
13.501601 3.346406 3.273383 1
12.048993 8.880993 5.846871 1
4.727617 8.896073 3.105012 1
