3.203626 9.255087 1.805626 17
0.154237 3.362738 7.191203 17
3.537674 2.530186 16.261829 17
6.645887 8.565187 10.811217 17
8.269944 7.021158 4.172893 17
4.440313 1.106800 4.746576 17
-1.415309 4.790074 13.867727 17
2.416644 10.621120 13.159718 17
0.411619 9.068951 2.622503 7
2.902983 3.253468 6.464686 7
6.329649 2.794032 15.491404 7
3.834017 8.589986 11.501684 7
-0.057203 7.751367 0.794515 8
3.583812 1.824160 8.248185 8
-2.362939 4.033095 17.277255 8
3.215151 10.042529 9.770659 8
9.037848 9.001660 1.477070 6
3.650739 2.943331 7.499454 6
-2.251529 2.908866 16.597945 6
3.172941 8.897310 10.501683 6
8.116814 9.839771 0.846465 6
4.445643 3.913504 8.297422 6
-1.374566 1.934358 17.300350 6
2.313366 7.815819 9.881478 6
5.272599 9.264972 17.669375 6
4.827445 3.375486 9.484912 6
1.439686 2.575924 0.439131 6
1.934500 8.498882 8.572504 6
5.909008 8.028304 17.539322 6
4.365263 2.005527 9.585096 6
0.902638 3.944955 0.446911 6
2.511543 9.716931 8.511963 6
1.161018 8.154234 3.007019 6
2.138730 2.155870 5.992487 6
5.675373 3.761948 15.076106 6
4.658800 9.798150 12.133010 6
2.590772 8.077993 2.940865 6
0.824358 2.176232 6.136078 6
4.285558 3.791662 15.290510 6
6.038203 9.801556 11.952667 6
3.371987 7.083330 3.493052 6
0.045550 1.181321 5.590403 6
3.409964 4.758911 14.542288 6
6.825298 10.711948 12.485084 6
4.302914 7.076077 3.360113 1
8.302739 1.117317 5.722965 1
2.586102 4.748210 14.823134 1
-1.571586 10.741470 12.280620 1
2.727117 6.120668 4.302060 6
0.515372 0.148584 4.811804 6
3.922526 5.735866 13.797355 6
6.123040 11.751373 13.275344 6
3.228476 5.462412 4.631858 1
0.066862 11.361758 4.365146 1
3.376460 6.422446 13.502656 1
6.795109 0.568839 13.619532 1
1.430795 6.092863 4.476664 6
2.021391 0.090310 4.494618 6
5.399490 5.839849 13.679187 6
4.882305 11.646085 13.448789 6
1.113088 5.407516 4.937427 1
2.308226 11.338712 3.965541 1
5.635263 6.388715 13.114743 1
4.545289 0.478288 14.002736 1
0.549347 7.146042 3.914358 6
2.655976 1.116905 5.079020 6
6.243546 4.776035 14.227479 6
4.052035 10.706034 12.878372 6
4.711925 6.956348 17.491744 6
5.434395 1.026961 9.492382 6
1.996647 5.045220 0.542434 6
1.251545 10.848388 8.619049 6
4.129446 6.938390 16.851522 1
6.027827 1.015377 10.395978 1
2.661997 4.881143 1.338598 1
0.744298 10.698322 7.729041 1
5.085064 6.034911 17.463005 1
4.963134 0.188534 9.603765 1
1.693430 5.905268 0.550332 1
1.844296 11.753363 8.546624 1
6.312333 6.844864 0.672337 6
6.369076 1.064417 8.389095 6
0.505719 5.021033 17.329096 6
0.529686 10.824940 9.843167 6
5.649730 6.170742 0.595037 1
6.911210 0.215964 8.434688 1
1.102569 5.716464 17.477483 1
-0.246188 11.485255 9.673782 1
5.864214 7.668893 0.843961 1
6.765323 1.774744 8.242091 1
1.009939 4.116408 17.214569 1
-0.080496 10.121875 9.905447 1
6.888449 6.701431 1.504104 1
5.811710 0.829130 7.554008 1
-0.142811 5.035311 16.504569 1
1.004965 10.968917 10.579016 1
7.893323 11.250543 1.418899 6
4.787415 5.292845 7.614914 6
-1.086512 0.535229 16.692168 6
2.002722 6.533461 10.496594 6
7.510027 11.800222 0.749259 1
5.072972 5.827974 8.379286 1
-0.788952 11.769417 17.317772 1
1.698259 5.824163 9.810868 1
8.671243 11.570880 1.806806 1
3.876649 5.736312 7.346040 1
-2.039472 0.210369 16.333785 1
2.829306 6.159198 10.733145 1
6.868400 11.084578 2.512950 6
5.676803 5.336808 6.602541 6
-0.083953 0.571030 15.641417 6
0.967806 6.638729 11.623764 6
6.831439 0.286312 2.935765 1
5.874224 6.233871 6.072359 1
0.103512 11.630289 15.146276 1
0.932942 5.608424 11.951589 1
7.247516 10.640691 3.138165 1
5.421740 4.668319 5.937105 1
-0.455159 1.299505 14.908793 1
1.396431 7.212628 12.240246 1
5.977306 10.823872 2.237975 1
6.670284 4.970167 6.861706 1
0.778431 1.089336 15.876294 1
0.300486 6.904727 11.248866 1
4.381492 10.037986 16.688677 6
5.674469 3.987483 10.393510 6
2.368383 1.950513 1.459754 6
1.087078 7.840569 7.610202 6
4.731581 10.901623 16.321030 1
5.286046 5.013149 10.758837 1
2.003812 1.069530 1.641810 1
1.463340 6.931219 7.331613 1
4.420712 9.469857 15.828786 1
5.735968 3.455713 11.221870 1
2.340875 2.460663 2.189483 1
1.088288 8.390245 6.816038 1
2.995152 10.085201 16.984132 6
7.080359 4.127203 10.094941 6
3.760028 1.618006 1.025698 6
-0.465516 7.549228 8.016303 6
2.485462 10.588145 16.184716 1
7.670050 4.676806 10.880485 1
4.327587 1.394651 1.798571 1
-0.833448 7.302993 7.165699 1
2.985160 10.773221 17.777136 1
7.347851 4.841391 9.410400 1
3.806413 1.196314 0.261346 1
-0.524919 6.960527 8.780043 1
2.653234 9.336817 17.063703 1
7.566255 3.309952 9.945879 1
4.206060 2.548587 0.880945 1
-0.819498 8.534104 8.089652 1
6.803799 7.678611 16.296889 6
3.375326 1.912216 10.701502 6
0.096371 4.085139 1.685217 6
3.467864 10.078723 7.383542 6
-2.183343 6.759115 16.372201 1
3.122547 0.835603 10.758560 1
8.894815 4.961163 1.610513 1
3.663746 10.823143 7.382294 1
6.152856 7.856867 15.483416 1
3.879401 1.964539 11.507093 1
0.651437 3.985985 2.526347 1
2.812926 10.025290 6.505637 1
-1.349717 8.652619 16.255244 6
2.191691 2.830839 10.852621 6
8.098397 3.233750 1.800018 6
4.495233 9.103968 7.181666 6
-0.840998 8.740400 17.150657 1
1.736498 2.717050 9.953474 1
7.526577 3.200142 0.998989 1
5.029002 9.043161 8.116467 1
-1.606708 9.578789 16.096248 1
2.588351 3.750689 10.895715 1
8.371771 2.320918 1.855506 1
4.107052 8.171419 7.045759 1
-0.404606 8.339574 15.104776 6
1.421959 2.499591 12.008179 6
7.231763 3.407579 3.055954 6
5.333542 9.495671 6.063906 6
0.186677 9.015733 14.917542 1
0.710979 3.088234 12.144512 1
6.578905 2.783826 3.064892 1
6.131749 8.760001 5.961478 1
-0.919700 8.397982 14.231089 1
1.942154 2.426669 12.820185 1
7.793590 3.384612 3.760215 1
4.906259 9.285008 5.304938 1
-0.160297 7.561905 15.070414 1
0.988957 1.577735 11.899372 1
6.986436 4.274453 2.997504 1
5.808178 10.373618 6.135152 1
