7.813700 2.757860 7.736380 14
3.231703 7.088317 0.239043 14
-1.548985 6.119993 8.195158 14
2.917199 1.617857 15.695880 14
4.568956 4.183100 3.961218 8
6.391543 8.671138 4.046111 8
1.583665 4.558722 12.102047 8
-0.186155 0.209669 11.901082 8
2.797215 4.591598 5.965871 8
8.251978 0.262929 1.944918 8
3.526445 4.242793 9.964704 8
-1.999358 8.587582 14.030727 8
3.293960 5.117565 5.175152 1
7.908506 0.507185 2.756609 1
2.949683 3.812111 10.800854 1
-1.615183 8.312647 13.283694 1
6.263066 2.470978 7.363688 8
4.822873 6.900922 0.609050 8
-0.015226 6.434095 8.561489 8
1.461991 2.093337 15.368085 8
5.021884 3.013714 3.683332 6
6.001163 7.604611 4.147600 6
1.140910 5.751234 12.278897 6
0.188477 1.250849 11.798632 6
4.971164 2.134788 4.721925 7
6.148619 6.658571 3.253478 7
1.247403 6.549331 11.213723 7
0.079967 2.127869 12.736162 7
5.331036 1.393273 4.533886 1
5.807637 5.711215 3.423055 1
1.052826 7.541965 11.376480 1
0.489549 3.137171 12.694008 1
8.691429 3.524681 6.060848 6
2.500490 7.890583 1.756555 6
-2.335344 5.360746 9.881337 6
3.765799 0.934053 14.065416 6
5.226325 3.339320 6.997519 6
5.865369 7.749269 1.125345 6
0.963846 5.529217 9.142263 6
0.412394 1.089867 14.978570 6
5.762395 4.134374 6.255838 1
5.391651 8.605224 1.705931 1
0.573651 4.786297 9.551079 1
0.909703 0.277898 14.381206 1
4.681834 3.658201 7.602494 1
6.346747 8.047808 0.245014 1
1.628000 5.164901 8.202290 1
-0.135496 0.806845 15.674758 1
4.216770 2.574727 5.946058 6
6.776178 6.956733 2.041843 6
1.962203 6.328497 10.044645 6
-0.563658 1.784802 13.896328 6
8.554133 1.112414 8.237303 6
-7.074937 5.598078 15.687558 6
-2.284781 7.721429 7.738543 6
13.322356 3.352940 0.320327 6
7.898877 3.899768 9.169828 6
-6.457783 8.351295 14.862056 6
-1.637721 4.856017 6.825652 6
12.705626 0.338736 1.070116 6
3.610810 1.460658 6.713022 6
7.500930 5.820961 1.128636 6
2.625579 7.501999 9.118915 6
-1.180208 2.975612 14.728265 6
3.428468 0.617852 6.206445 1
7.716277 5.019952 1.763407 1
2.852196 8.134841 9.699337 1
-1.354175 3.751354 14.172021 1
4.171691 0.987605 7.480400 1
6.941769 5.576260 0.438148 1
2.163157 7.749926 8.491171 1
-0.643276 3.234790 15.392861 1
2.926691 3.129847 5.881087 6
8.208036 7.607476 2.010168 6
3.387086 5.571755 10.041112 6
-1.837572 1.193430 13.803564 6
2.349588 3.064055 4.920204 1
8.716206 7.289840 2.979920 1
3.926889 5.782902 10.916930 1
-2.424267 1.513737 13.060873 1
2.391610 2.326605 7.058684 6
8.713376 6.866908 0.985956 6
3.776231 6.470239 8.854093 6
-2.387733 1.978710 15.047891 6
2.570690 2.858252 7.909778 1
8.570765 7.356697 0.038591 1
3.774694 5.916904 8.022296 1
7.379313 1.518274 0.092458 1
1.450586 1.889805 7.081215 1
9.509112 6.386784 0.811240 1
4.733262 6.890558 8.833735 1
-3.212571 2.532295 15.133778 1
10.029523 1.334837 8.850824 6
-8.517124 5.778015 15.133788 6
-3.668742 7.619742 7.110224 6
14.682034 3.090814 0.841018 6
10.241291 0.475969 9.116663 1
-8.898337 4.926207 14.941512 1
-4.075788 8.446095 6.914270 1
15.221350 3.875793 1.025174 1
9.879783 1.909500 9.543232 1
-8.379075 6.307697 14.296163 1
-3.583310 6.855863 6.302760 1
14.694553 2.518900 1.594096 1
10.619650 1.733481 8.038144 1
-8.995147 6.081056 15.780384 1
-4.298935 7.114920 7.790832 1
15.384254 2.761099 0.236256 1
5.719950 2.672748 2.418690 6
5.289029 6.970976 5.469439 6
0.480844 6.141288 13.498366 6
0.839403 1.852301 10.454492 6
6.036606 1.715622 2.639577 1
5.105164 6.067480 5.429860 1
0.256931 7.181815 13.392566 1
1.173366 2.699103 10.613278 1
6.525545 3.278931 2.391240 1
4.612824 7.582082 5.563652 1
-0.171987 5.610247 13.600728 1
1.632169 1.197104 10.230385 1
4.992527 2.698544 1.739801 1
5.962017 7.196792 6.298564 1
1.256439 6.081879 14.270204 1
0.182347 1.667355 9.717366 1
8.981300 4.766596 6.063073 6
2.013911 0.422685 1.841182 6
-2.712783 3.999690 9.933274 6
4.246028 8.335048 14.131148 6
8.975307 5.531341 6.871857 1
2.245744 1.099597 0.998845 1
-2.622647 3.440063 8.998777 1
3.994367 7.746693 14.801787 1
6.935805 4.229087 9.915621 6
-5.343326 8.612037 14.028681 6
-0.510254 4.641404 6.039759 6
11.735579 0.139041 1.894858 6
5.977044 3.708137 9.899283 1
-4.467264 8.194805 14.069962 1
0.389389 5.152913 6.139196 1
10.828111 0.667545 1.840955 1
9.262234 4.704467 9.478851 6
-7.659217 0.181276 14.444797 6
-2.912714 4.129484 6.461565 6
13.879056 8.557392 1.347503 6
9.892661 4.532921 8.825889 1
-8.616215 0.038016 15.219932 1
-3.721518 4.308205 7.236043 1
14.857574 0.031876 0.911527 1
8.745591 2.675844 4.922562 6
2.368570 7.095960 3.057167 6
-2.507799 6.047818 11.021021 6
3.893598 1.722931 13.016699 6
8.577306 1.775036 5.042598 1
2.473237 6.230323 2.970114 1
-2.351419 7.107415 10.912259 1
3.811814 2.597900 13.018760 1
9.770768 4.559887 3.874950 6
1.252761 0.110102 4.223725 6
-3.513547 4.253163 12.054430 6
4.914611 8.595613 11.868238 6
10.218458 4.831829 3.077277 1
0.737300 0.449254 5.058517 1
-4.094191 3.860949 12.966824 1
5.434476 8.358572 11.068813 1
7.724090 0.501754 9.338124 6
-6.101865 4.866044 14.650334 6
-1.479843 8.338873 6.649331 6
12.458687 3.968843 1.305167 6
7.978963 8.556766 9.651031 1
-6.505856 4.164387 14.220832 1
-1.692394 0.339184 6.373986 1
12.693781 4.734860 1.754123 1
6.818035 0.388534 9.018333 1
-5.378453 4.898711 14.872963 1
-0.587273 8.378719 7.069171 1
11.484487 3.902520 0.979648 1
7.599325 1.194373 10.001719 1
-6.211925 5.649956 13.966454 1
-1.366339 7.670674 5.824581 1
12.343365 3.211398 2.070075 1
8.713897 0.077717 7.028807 6
2.501224 4.538029 0.803438 6
-2.372718 8.691144 8.878360 6
3.794676 4.422862 15.126107 6
9.081878 8.109830 7.390307 1
2.054120 3.748770 0.496734 1
-2.770976 0.801796 8.454515 1
4.167028 5.242090 15.312161 1
9.167824 0.370569 6.475189 1
1.888511 4.887593 1.509632 1
-2.865780 8.515552 9.668697 1
4.456339 4.020288 14.443403 1
7.673582 8.795898 6.764932 1
3.269012 4.296511 1.216889 1
-1.439110 0.086473 9.199861 1
2.982583 4.544946 14.720073 1
9.584848 5.398812 4.962340 6
1.497831 0.971654 3.016485 6
-3.355631 3.517511 10.992721 6
4.768235 7.792932 13.003966 6
10.020013 6.251497 4.942987 1
1.134994 1.895627 3.009968 1
-3.804163 2.566419 11.027699 1
5.218739 6.985019 12.916563 1
9.262660 5.487495 10.403465 6
-7.864861 1.231363 13.540182 6
-2.987543 3.251372 5.539205 6
13.992141 7.696433 2.474238 6
-5.670641 6.139792 10.760301 1
7.236821 1.709535 13.231964 1
12.015464 2.701331 5.237477 1
-0.868869 7.204222 2.723353 1
9.400746 3.250407 3.849285 6
1.645224 7.743527 4.147379 6
-3.174626 5.567471 12.052959 6
4.519215 1.040613 11.860164 6
9.400570 2.654665 2.916678 1
1.691401 7.172230 5.133340 1
-3.195422 6.130787 13.115659 1
4.587017 1.620515 10.873972 1
7.021965 5.234118 10.971687 6
-5.516484 0.770093 12.951030 6
-0.651376 3.759833 5.017717 6
11.675642 8.110115 2.977354 6
6.190625 5.383515 11.494470 1
-4.637422 0.863986 12.475286 1
0.235884 3.560364 4.363585 1
10.908671 7.910227 3.613073 1
8.156487 5.841355 11.208633 6
-6.631528 1.330638 12.741637 6
-1.937896 3.100410 4.728006 6
12.988180 7.411161 3.162672 6
8.239943 6.578343 11.972423 1
-6.840780 2.094256 12.001913 1
-1.988430 2.366618 3.975535 1
13.022774 6.770466 3.953725 1
