9.685919 6.532754 1.717145 16
6.238521 2.626204 10.963287 16
-1.076164 1.060909 23.487241 16
2.196880 4.847733 14.190001 16
9.868657 0.127116 2.298178 8
6.106204 3.882906 10.308431 8
-1.303930 7.373854 22.906314 8
2.348027 3.724468 14.986386 8
8.464992 6.089244 1.546536 8
7.671826 2.368342 11.055162 8
0.174466 1.495031 23.821558 8
0.926780 5.383297 14.063671 8
10.558201 6.449236 0.454146 8
5.543571 2.595046 12.201899 8
-1.944840 1.153791 24.825495 8
3.084122 5.064563 13.151214 8
3.209050 5.604571 1.933352 7
0.925596 1.762359 10.680977 7
5.203201 2.046361 23.240107 7
7.616949 5.808216 14.561982 7
6.045869 2.644502 1.828412 7
9.863402 6.403922 10.927880 7
2.369113 5.084300 23.423540 7
-1.286250 1.202282 14.294569 7
2.269938 2.065254 3.926066 6
2.006996 5.759636 8.630806 6
6.286756 5.575938 21.184673 6
6.644715 1.686860 16.673282 6
1.988315 3.372023 4.474748 6
2.323139 7.070906 8.095838 6
6.462404 4.369060 20.629313 6
6.245408 0.499575 17.245083 6
1.318819 3.726050 4.206988 1
2.951255 7.521143 8.286737 1
7.222316 3.805149 20.953986 1
5.515244 0.134148 16.787402 1
2.806470 3.781857 5.592735 6
1.548727 0.163374 7.127602 6
5.812904 3.720226 19.623750 6
7.090992 7.517570 18.200505 6
2.596844 4.604562 5.846603 1
1.700148 0.935351 6.833399 1
6.010387 2.907023 19.440490 1
6.975209 6.764581 18.560835 1
3.964442 3.267303 5.898976 6
0.406951 7.013702 6.658568 6
4.622965 4.366988 19.303593 6
8.207856 0.631689 18.470444 6
4.448267 3.660238 6.702700 1
-0.257538 7.375553 6.080721 1
4.154226 4.038309 18.553704 1
8.840310 0.114247 19.203395 1
4.389610 2.072739 5.452380 6
-0.062478 5.862846 7.179209 6
4.218110 5.601753 19.811186 6
8.677552 1.802280 18.041840 6
5.127598 1.479939 5.745351 1
-0.715235 5.311732 6.986142 1
3.432362 6.041443 19.458052 1
9.314018 2.207696 18.284604 1
3.543202 1.347273 4.548529 6
0.855388 5.174520 8.078686 6
4.975396 6.239655 20.673897 6
7.822240 2.292135 17.051872 6
3.607839 0.042219 3.686856 6
0.612244 3.909818 8.978950 6
4.939908 7.522639 21.406372 6
7.900131 3.661153 16.437284 6
4.612089 6.770688 3.813357 6
-0.187238 2.840824 8.842884 6
4.087152 0.938589 21.505280 6
8.881936 4.603223 16.403702 6
4.492941 5.562784 2.808826 6
-0.207523 1.768900 9.779766 6
4.091060 2.038452 22.338226 6
8.633388 5.826399 15.434195 6
5.283851 4.623436 2.736275 6
-1.011663 0.730138 9.903095 6
3.213422 3.079436 22.530103 6
9.640277 6.761673 15.337158 6
6.043335 4.574143 3.347758 1
9.908976 0.713773 9.232785 1
2.466518 3.040769 21.877300 1
-1.461213 6.761964 15.922978 1
5.207813 3.510015 1.874083 6
-0.854051 7.212874 10.748721 6
3.430654 4.017588 23.314933 6
9.567223 0.321791 14.397897 6
4.111151 3.500471 1.060214 6
0.319299 7.243948 11.622993 6
4.515788 4.077893 24.209461 6
8.271183 0.345492 13.602570 6
3.826633 2.772074 0.522705 1
0.487907 6.592688 12.141069 1
4.689429 4.774912 24.673722 1
8.234781 0.891428 13.181482 1
3.213682 4.415728 1.142603 6
1.128861 0.814505 11.422573 6
5.386426 3.067590 24.098581 6
7.444769 6.883844 13.702209 6
2.414183 4.460169 0.678420 1
1.883819 0.694387 11.925961 1
6.102857 3.187381 24.611025 1
6.625383 6.921581 13.281747 1
2.461983 6.642407 1.925137 6
1.989675 2.748048 10.564895 6
6.267496 1.041763 23.235732 6
6.742451 4.676139 14.674804 6
1.657363 6.650958 1.429275 1
2.523957 2.842671 11.274522 1
6.820335 0.906125 23.861880 1
5.963915 4.858314 13.927767 1
2.541567 0.003065 2.906807 6
1.746313 3.814357 9.863227 6
6.004753 7.454172 22.322604 6
6.816944 3.641622 15.428262 6
1.727880 1.253186 3.013417 6
2.688033 5.072293 9.650322 6
6.993475 6.329218 22.332079 6
5.813189 2.562418 15.553840 6
1.624958 1.774810 2.146439 1
2.657994 5.571807 10.443308 1
7.019932 5.768201 23.125228 1
5.822594 1.939132 14.741103 1
0.677632 1.045625 3.329122 1
3.557123 4.841853 9.394455 1
7.851151 6.631778 21.874384 1
5.078262 2.686087 15.783983 1
5.854941 1.395327 0.895164 6
10.042466 5.214117 11.819567 6
2.716321 6.136701 24.331457 6
-1.463106 2.442783 13.479474 6
5.160843 0.903885 1.114903 1
-0.853219 4.659789 11.510903 1
3.333411 6.600989 24.155836 1
9.447543 2.902949 13.721326 1
6.774172 0.862335 0.889891 1
9.331726 4.650011 11.667041 1
1.949348 6.687122 24.391549 1
-0.695764 3.057867 13.537945 1
2.589150 1.711361 25.108724 1
-1.571973 5.506105 12.641051 1
2.682690 5.781866 25.201744 1
10.084252 2.053582 12.572138 1
7.320618 2.584673 2.399571 6
8.655619 6.365838 10.034194 6
1.177072 4.909153 22.704647 6
-0.128686 1.255594 15.180930 6
7.659674 3.490872 2.465480 1
8.264364 7.388070 10.283571 1
0.882350 4.062152 22.839610 1
0.246929 0.244450 15.082098 1
8.078230 2.083539 2.122957 1
8.111554 5.802011 10.491520 1
0.524227 5.520683 23.008755 1
0.493104 1.807883 14.685289 1
7.114792 2.363306 3.453451 1
8.831233 6.213090 9.208199 1
1.264005 5.260672 21.789763 1
-0.196154 1.474368 15.990965 1
5.607975 6.794933 4.733869 6
10.326232 2.876683 7.798461 6
2.787621 0.788633 20.503938 6
-1.801113 4.621676 17.347064 6
6.975253 7.114489 4.222652 6
9.139143 3.197664 8.282593 6
1.686831 0.568958 20.944892 6
-0.474267 4.395401 16.922268 6
7.190073 7.120587 3.338218 1
8.958766 3.418209 9.268120 1
1.520407 0.501292 21.747090 1
-0.299014 4.194123 15.958510 1
7.989768 7.125770 5.159159 6
8.107248 3.338631 7.484137 6
0.624354 0.423701 20.091399 6
0.611149 4.283206 17.759598 6
8.914180 7.391049 4.875631 1
7.179574 3.581792 7.767649 1
-0.220248 0.119690 20.400728 1
1.306873 3.918602 17.562398 1
7.829509 6.939618 6.543996 6
8.256047 3.193589 6.166567 6
0.814093 0.544419 18.632381 6
0.218515 4.322254 19.063613 6
8.411694 7.030624 7.021871 1
7.491576 3.299267 5.467418 1
0.064949 0.498969 18.141106 1
0.998969 4.201724 19.792633 1
6.473341 6.714442 7.010910 6
9.527820 2.892862 5.591786 6
2.079648 0.868053 18.212405 6
-0.917116 4.737730 19.550858 6
6.399359 6.486239 7.808579 1
9.720584 2.674436 4.635185 1
2.085434 1.051947 17.278408 1
-1.154488 4.941898 20.454169 1
5.514443 6.498406 6.018221 6
10.501896 2.705985 6.512246 6
3.159803 1.079022 19.129481 6
-1.896341 4.883234 18.676829 6
4.708869 6.329392 6.430919 1
-0.354415 2.448801 6.303190 1
4.011937 1.370574 18.916891 1
8.995838 5.154335 19.088808 1
10.479780 5.333416 2.830113 6
5.593971 1.573837 9.859640 6
-1.842769 2.299720 22.554573 6
2.960893 6.036016 15.387007 6
9.926514 5.121748 3.450542 1
6.173637 1.458370 9.037034 1
-1.241014 2.382089 21.660284 1
2.439327 6.102100 16.196536 1
11.351605 5.642136 2.961420 1
4.654629 1.903282 9.632009 1
-2.729341 1.972847 22.271074 1
3.846636 5.720345 15.639127 1
10.564667 4.522298 2.252218 1
5.392985 0.682967 10.357758 1
-2.049344 3.149973 22.843445 1
3.017502 6.997690 14.889641 1
-2.330375 5.303662 24.229814 8
3.452459 1.331291 13.604841 8
10.974140 2.447384 1.004562 8
5.081124 6.078835 11.639754 8
8.593843 5.309549 24.835534 1
4.218688 1.596873 12.877287 1
-0.049371 2.254204 0.394506 1
4.266495 5.890756 12.263074 1
-1.848998 5.991152 23.766020 1
3.070347 2.232732 14.106913 1
10.410748 1.446404 1.556801 1
5.609633 5.363492 11.130451 1
