2.236492 8.636546 10.291430 16
14.451593 11.248335 6.354784 16
8.260901 5.543430 14.134636 16
8.452069 14.244256 2.621108 16
2.399162 4.944169 12.675432 7
14.331451 14.831331 4.008956 7
4.610975 17.596690 13.985789 7
12.205085 2.206319 2.564914 7
9.373030 9.670054 14.484059 7
7.429330 10.146880 2.219931 7
11.652487 10.720827 12.947262 7
5.033497 9.010922 3.797166 7
2.092721 9.707149 11.366392 6
14.603373 9.987635 5.151904 6
2.651640 9.388853 12.523304 6
14.058696 10.484217 4.125769 6
2.485083 9.925824 13.319682 1
14.239763 9.884161 3.346026 1
3.256357 8.060902 12.625166 6
13.546325 11.673459 4.027438 6
3.527078 7.605027 13.346829 1
13.101169 12.195314 3.304448 1
3.098145 7.535877 11.241463 6
13.499872 12.208211 5.424704 6
3.746705 6.093696 10.929581 6
12.913732 13.710415 5.743278 6
3.608599 5.332694 12.009027 6
13.052978 14.526753 4.484004 6
9.012903 18.332420 12.720674 6
7.677216 1.501971 3.969060 6
9.874893 18.361404 12.687975 1
6.771898 1.501829 4.141377 1
8.301933 17.530635 13.741239 6
8.382652 2.089211 2.796579 6
8.765122 17.016731 14.442506 1
7.971907 2.754384 2.136584 1
6.946189 17.861552 13.692399 6
9.686154 1.868440 2.873294 6
5.727462 17.232666 14.421027 6
10.859352 2.469780 2.149707 6
5.700356 16.495198 15.442095 6
10.885746 3.425740 1.181894 6
6.412218 16.133628 15.940462 1
10.286300 3.696686 0.583494 1
4.461540 16.190601 15.628362 6
12.241444 3.555131 1.015740 6
4.109969 15.609876 16.313580 1
12.673607 4.131528 0.169182 1
15.572864 16.924039 14.862282 6
1.060123 2.976131 1.885642 6
14.231111 17.015870 14.531883 6
2.415282 2.760974 2.134883 6
13.669738 18.346473 15.052000 6
3.039564 1.459052 1.658887 6
14.186721 19.185606 16.032643 6
2.462744 0.702701 0.543725 6
14.564760 12.708156 0.000068 1
2.261980 7.066390 16.583819 1
9.082711 6.578949 16.263638 6
7.504998 13.237389 0.521850 6
9.077967 1.174169 0.310513 1
7.683307 18.506945 16.330993 1
8.351334 6.920445 15.136747 6
8.307235 12.903936 1.567856 6
7.339719 8.050541 14.991136 6
9.293210 11.687281 1.691842 6
8.174874 9.343797 15.131709 6
8.409891 10.431258 1.496409 6
8.049352 10.529898 16.011722 6
8.516615 9.348659 0.584628 6
7.362826 10.616070 16.582275 1
9.667591 15.310678 16.573190 1
9.171040 11.373938 15.646327 6
7.679420 8.429647 0.981174 6
9.141484 12.187194 15.976802 1
7.477207 7.643408 0.528552 1
9.871416 10.922369 14.639158 6
6.818139 8.926645 2.013848 6
10.918752 11.466614 13.935036 6
5.613411 8.519395 2.735478 6
11.598492 12.542337 14.082048 6
5.013194 7.313118 2.652355 6
11.368258 13.286335 14.709360 1
5.125034 6.617855 1.983520 1
12.710078 12.739111 13.136987 6
4.085792 7.093791 3.575985 6
13.125665 13.440669 12.891603 1
3.442664 6.492603 3.823268 1
12.584042 11.552048 12.279313 6
4.132816 8.248637 4.258615 6
13.332832 11.142094 11.171093 6
3.343535 8.704608 5.641476 6
2.865896 5.586957 9.801377 6
13.815657 14.111807 6.827991 6
1.975988 5.440068 9.950942 1
14.725121 14.197581 6.669946 1
2.862037 6.119663 8.999556 1
13.869495 13.548644 7.658118 1
3.107195 4.654349 9.448835 1
13.496587 15.089538 7.082848 1
5.085946 6.246273 10.407131 6
11.566669 13.535748 6.245880 6
5.720172 6.707542 11.080436 1
11.086869 13.181834 5.545996 1
5.419579 5.541594 10.160278 1
11.235480 14.283626 6.545103 1
5.220715 6.875019 9.691317 1
11.452332 12.907689 6.922877 1
13.782042 16.804069 13.158015 6
2.772310 2.993097 3.583613 6
14.356496 17.382046 12.554162 1
2.311989 2.432840 4.171696 1
14.111356 15.856802 12.928894 1
2.611537 3.952755 3.885266 1
13.017154 16.752972 12.864347 1
3.770549 3.041147 3.769410 1
13.449807 15.920927 15.367754 6
3.155131 3.829537 1.180822 6
13.646361 16.206870 16.366194 1
3.016329 3.702215 0.330434 1
12.549305 15.980735 15.227704 1
4.133095 3.696324 1.342143 1
13.648555 15.081749 15.280437 1
3.011398 4.768213 1.432195 1
6.881251 8.077293 13.618127 6
9.931964 11.681360 2.987427 6
7.448716 8.037069 12.977855 1
9.211262 11.598784 3.734066 1
6.290280 7.255310 13.386903 1
10.405220 12.388207 3.206627 1
6.211602 8.796140 13.472465 1
10.492754 10.829993 3.139251 1
6.276659 8.029860 16.091133 6
10.329070 11.808235 0.636388 6
6.329515 2.084733 0.245831 1
10.313447 17.784428 16.290984 1
5.811104 8.899691 15.920659 1
11.031563 10.920880 0.779592 1
5.791852 7.204408 15.888588 1
10.890285 12.550633 0.690427 1
12.333853 10.790302 9.881227 6
4.367314 8.876092 6.796313 6
11.570880 10.114965 10.243608 1
4.952262 9.522962 6.412496 1
11.894536 11.643221 9.814871 1
4.731073 8.016441 6.981010 1
12.775780 10.646153 9.085971 1
3.852473 9.112457 7.587072 1
14.411383 12.069565 10.660189 6
2.333162 7.683981 5.889858 6
2.878757 12.180471 11.317275 1
13.759184 7.430085 5.154339 1
14.818473 11.902928 9.910386 1
1.956550 7.994783 6.702080 1
13.949235 13.014186 10.468690 1
2.778192 6.810422 6.167884 1
11.754187 6.009971 12.377248 8
4.802429 13.753048 4.261272 8
10.814804 7.967502 12.559344 8
5.837576 11.862400 4.155879 8
11.624351 7.160795 12.914171 6
5.193074 12.699335 3.652116 6
12.203540 7.246735 14.308510 6
4.576524 12.479162 2.397153 6
12.768289 6.750496 14.423112 1
15.884013 13.195078 2.268439 1
11.513150 7.321654 14.927266 1
5.184413 12.482957 1.619389 1
12.694383 8.215082 14.224350 1
4.123369 11.532308 2.347155 1
1.748702 5.180982 12.436199 1
14.873289 14.515054 4.177863 1
16.396365 18.192085 13.576682 1
0.263087 1.542934 3.035751 1
9.647942 9.028920 13.814130 1
7.022904 10.658289 2.710902 1
11.428338 9.959148 12.682967 1
5.424206 9.817845 3.987086 1
9.284287 6.169897 4.631446 7
7.336425 13.637459 12.007567 7
9.814111 6.375658 3.271591 6
6.871219 13.475924 13.376215 6
9.195717 6.843470 2.925690 1
7.397722 12.855410 13.835269 1
9.850226 5.506563 2.803277 1
6.858442 14.277794 13.752197 1
11.247615 6.875783 3.110961 6
5.410978 12.994917 13.446487 6
11.916499 6.172503 3.543488 1
4.766010 13.564235 13.210676 1
11.185402 7.632079 3.574902 1
5.413036 12.153783 13.148386 1
11.448709 7.147863 1.555910 6
5.176474 12.743978 14.989821 6
11.009771 7.752490 1.251247 1
5.754570 12.054378 15.442158 1
11.270052 6.319055 1.080206 1
5.376135 13.498404 15.594820 1
12.974813 7.364678 1.327411 6
3.825643 12.289429 15.280960 6
13.011526 7.591659 0.392474 1
3.559991 12.251861 16.133479 1
13.062286 8.188614 1.775001 1
3.588921 11.625399 14.763410 1
13.364152 6.749659 1.621035 1
3.339609 13.044265 15.039595 1
7.986819 5.418740 4.511398 6
8.795200 14.373116 12.011530 6
7.934581 4.652263 4.071912 1
8.608573 15.138540 12.649344 1
7.486682 6.168115 4.049908 1
9.292452 13.646739 12.697882 1
7.259028 5.209397 5.736209 6
9.423815 14.509479 10.816553 6
7.119596 6.132574 6.200726 1
9.611700 13.693409 10.441558 1
7.749276 4.777686 6.387336 1
8.943406 15.203753 10.281804 1
5.901296 4.524872 5.477429 6
10.653209 15.251054 11.071857 6
6.107788 3.561043 5.171386 1
10.501986 16.198515 11.567173 1
5.399663 4.959424 5.020504 1
11.236973 14.699713 11.662631 1
5.174063 4.241596 6.858780 6
11.585175 15.540976 9.937233 6
4.336711 3.705893 6.583746 1
12.266933 16.086320 10.143047 1
5.663209 3.712645 7.352708 1
10.930117 16.105322 9.331173 1
5.021546 5.083175 7.184882 1
11.723263 14.724974 9.502394 1
9.363214 7.307809 5.644026 6
7.382317 12.498875 11.046539 6
10.260896 7.491966 5.641909 1
6.420593 12.260208 11.008784 1
8.936740 6.943701 6.380876 1
7.698739 12.781511 10.193982 1
8.583746 8.464482 4.974621 6
8.134746 11.443402 11.629213 6
7.605770 7.948664 4.923510 1
9.026594 11.845723 11.781667 1
8.961846 8.619327 4.281290 1
7.640954 11.066286 12.292469 1
8.387192 9.617802 6.165484 6
8.389836 10.134532 10.537261 6
7.864467 9.289158 6.955014 1
8.801396 10.511047 9.688472 1
7.792854 10.284188 5.649267 1
8.885225 9.586256 10.962489 1
9.674037 10.255484 6.634343 6
7.096880 9.571609 10.073098 6
9.521723 10.992844 7.137879 1
7.256967 8.914406 9.414933 1
10.246961 9.497961 7.078312 1
6.607247 10.280592 9.666389 1
10.180909 10.520763 5.764610 1
6.491583 9.237873 10.745467 1
10.399815 5.492917 5.723445 6
6.269533 14.369776 10.905853 6
9.899869 5.400467 6.588766 1
6.767966 14.429887 10.176725 1
11.093979 6.061929 5.763061 1
5.618019 13.667864 10.878443 1
10.782054 4.156683 5.195826 6
5.832026 15.569451 11.514331 6
11.196386 4.414321 4.318583 1
5.401610 15.380493 12.233545 1
10.007736 3.590698 5.039867 1
6.641230 16.214899 11.640467 1
10.057401 4.673584 5.046318 6
6.680836 15.047442 11.453364 6
10.228439 4.062456 4.393295 1
6.593473 15.602557 12.365591 1
9.501316 4.288432 5.672343 1
7.269878 15.508567 10.996858 1
11.271168 4.969319 5.823856 6
5.337786 14.967763 10.975116 6
11.191152 5.578616 6.556600 1
5.368467 14.331818 10.194206 1
12.007044 5.283540 5.180501 1
4.699406 14.637848 11.472217 1
11.840633 3.479675 6.181418 6
4.862316 16.352153 10.371993 6
12.080563 2.683240 5.811879 1
4.725516 17.176321 10.820187 1
11.325583 3.324041 6.914669 1
5.437526 16.479418 9.652373 1
1.111130 4.017876 6.724053 6
15.636528 15.811685 9.940999 6
1.512487 3.287062 7.062388 1
15.109209 16.499256 9.703623 1
0.742488 4.572221 7.588200 1
15.944957 15.237405 9.031619 1
1.401310 4.610357 6.184987 1
15.183396 15.144388 10.623140 1
10.940971 7.132665 9.001626 17
5.735849 12.719459 7.708553 17
8.581137 5.434763 9.389825 17
8.071977 14.431916 7.410666 17
9.884642 6.329522 10.200597 6
6.846216 13.439166 6.545905 6
8.387393 6.836742 9.256033 17
8.295752 12.902997 7.250558 17
10.386372 7.479166 8.916627 17
6.433811 12.303043 7.774402 17
9.069550 4.962567 9.298230 17
7.465711 14.911562 7.267491 17
10.960326 5.329201 9.344570 17
5.820744 14.566005 7.211268 17
