1.393877 5.481306 2.789688 8
5.718574 2.326520 6.979867 8
0.984345 5.082878 2.587250 1
6.114255 1.899714 7.368405 1
8.773350 3.421985 2.600976 8
-1.679081 0.234395 7.123027 8
1.840717 6.211750 1.859840 6
5.229083 3.090502 7.993400 6
2.427059 5.675706 1.138776 1
4.622199 2.482644 8.569014 1
1.078850 0.752243 1.099368 6
6.055449 3.946916 8.748795 6
0.657952 0.405503 0.120163 1
6.285362 3.629685 9.594154 1
0.187487 0.967561 1.547272 1
6.963137 4.143320 8.281831 1
1.779398 2.052248 0.762714 6
5.386936 5.371633 9.020257 6
-0.777167 2.398357 9.712221 1
7.749303 5.491023 0.095722 1
1.301746 2.900599 1.369736 1
5.759105 6.019393 8.634616 1
3.099240 1.872011 1.275927 6
3.946275 4.921153 8.545936 6
3.570384 1.157231 0.587780 1
3.464826 4.347965 9.215303 1
4.125504 2.880827 1.615713 6
2.984514 6.067983 8.148328 6
4.188217 3.579576 0.774748 1
2.880217 0.321595 9.065702 1
3.765045 3.527066 2.390221 1
3.461266 0.288252 7.391552 1
5.447713 2.338805 1.982974 6
1.583751 5.572282 7.836294 6
5.814585 1.867990 1.253528 1
1.112374 5.048572 8.631993 1
6.493848 3.376979 2.466334 6
0.623420 0.251934 7.402498 6
6.079725 3.901711 3.232135 1
1.136010 0.797444 6.534924 1
6.589945 4.079614 1.787642 1
0.577068 0.953152 7.975715 1
7.830141 2.996063 3.006631 6
-0.741092 6.131644 6.776468 6
7.766443 1.719265 3.973122 6
-0.629059 4.928507 5.766495 6
7.402386 2.082402 4.895152 1
-0.220930 5.326035 4.933115 1
-0.888482 1.476029 4.154859 1
-1.423456 4.554689 5.726279 1
6.631110 0.628699 3.445371 6
0.458424 3.903689 6.352366 6
6.632951 0.093746 4.222126 1
0.484887 3.187776 5.591005 1
6.991713 0.333285 2.698589 1
0.015438 3.519119 7.095425 1
5.340289 1.395127 3.170831 6
1.840320 4.526828 6.609732 6
5.041902 1.711179 4.002101 1
2.118271 5.048810 5.729104 1
4.225100 0.203450 2.890423 6
2.822765 3.383665 6.999841 6
4.246994 6.002786 3.500264 1
2.822280 2.714757 6.173993 1
4.727054 6.022567 1.997927 1
2.488034 2.941043 7.846116 1
2.863589 0.810823 2.377875 6
4.187766 4.107979 7.311638 6
2.293802 1.496076 3.585296 6
4.666921 4.694698 6.202947 6
2.269163 0.840239 4.320391 1
4.885661 4.108903 5.366246 1
1.380771 1.891922 3.429606 1
5.632367 5.045104 6.351548 1
2.858341 2.326902 3.903979 1
4.250594 5.507012 5.766110 1
