1.193545 4.670602 3.130719 16
7.956457 7.038075 9.653301 16
7.582981 7.457581 3.274171 8
1.651747 4.108707 9.607002 8
5.692340 2.175489 7.247253 8
3.671875 9.612846 5.610224 8
7.131612 4.476558 2.521121 8
2.212848 7.229309 10.388394 8
1.948206 3.492177 3.723867 8
7.221566 8.109457 9.065670 8
1.154352 5.713290 4.509792 7
8.148758 6.023249 8.351220 7
7.858117 6.860312 4.436078 6
1.594642 4.641386 8.443959 6
7.528955 7.886933 5.375256 6
1.796584 3.819118 7.371964 6
7.282235 9.077710 4.940385 6
2.053831 2.593607 7.910837 6
7.167963 8.913842 3.445830 6
1.940665 2.624056 9.541509 6
5.879130 9.178532 2.899718 6
3.443535 2.513353 10.149561 6
1.174762 9.622214 2.743195 6
7.944815 2.045039 10.131856 6
7.007525 10.245341 5.644114 6
2.429488 1.480927 7.184828 6
6.034191 2.186648 5.116699 6
3.203270 9.543791 7.827649 6
5.714904 2.933791 6.191897 6
3.499005 8.734004 6.745061 6
6.707938 10.419789 7.064529 6
2.564751 1.208287 5.875770 6
5.279605 4.359608 6.420835 6
3.843038 7.325012 6.563858 6
2.210097 5.507110 2.156954 6
6.932214 6.178735 10.754761 6
1.759053 6.019967 0.954913 6
7.528288 5.769835 11.953798 6
2.576523 6.645914 0.087947 6
6.708888 5.152949 12.893453 6
4.057749 6.744358 0.272691 6
5.188087 4.895435 12.581375 6
4.392554 6.281917 1.515874 6
4.803474 5.438795 11.469812 6
3.646303 5.615790 2.310219 6
5.616444 5.995467 10.508702 6
6.362814 9.561414 12.226899 6
2.876029 2.079151 0.760570 6
6.895006 9.565389 7.521728 1
2.566727 2.033095 5.301331 1
6.071317 2.454489 4.233336 1
3.302833 9.388279 8.601337 1
7.584265 7.729818 6.466679 1
1.706690 3.973066 6.455660 1
0.822281 5.858212 0.636150 1
8.407770 5.742796 12.175630 1
3.754948 9.020095 12.050707 1
5.505290 2.649802 0.751062 1
5.363965 6.275580 1.527076 1
3.786192 5.318750 11.278626 1
4.021221 5.151702 3.228573 1
5.289795 6.415945 9.802862 1
6.061094 4.652432 6.876986 1
3.403459 6.919345 5.922439 1
5.358878 4.709962 5.562100 1
3.937977 7.027264 7.422513 1
4.554273 4.299422 6.697907 1
4.755866 7.269598 6.234745 1
7.056324 9.012122 11.976679 1
2.269212 2.678047 1.006932 1
5.984346 9.861813 11.320706 1
3.285404 1.883356 1.532947 1
6.734138 10.262601 12.667616 1
2.417526 1.384910 0.229572 1
2.125679 9.486430 3.143865 1
7.192733 2.115695 9.822307 1
1.284046 9.474671 1.775135 1
7.897110 2.241194 11.126025 1
7.442582 1.213513 2.845681 1
8.817263 10.569312 10.098228 1
5.039273 0.592624 2.925638 1
4.391726 11.070952 9.991385 1
5.896446 9.036052 1.887536 1
3.412738 2.644173 10.963307 1
5.214871 8.698735 3.349451 1
4.147418 2.945017 9.573082 1
