0.016634 1.839154 7.483524 7
5.064484 9.304345 16.546593 7
5.016065 3.680060 10.446117 7
10.081984 7.487909 1.402098 7
0.807430 1.895363 7.626214 1
4.294235 9.271461 16.410798 1
5.952932 3.832651 10.431012 1
9.282753 7.264038 1.348259 1
7.910250 3.546332 9.846281 8
7.470316 7.535580 0.853683 8
2.713873 1.957459 8.094411 8
2.240667 9.115151 17.098358 8
0.761850 3.271556 5.260974 8
4.313256 7.895790 14.241724 8
5.778601 2.312620 12.633981 8
9.431648 8.881294 3.634453 8
0.109760 5.127756 6.081550 8
5.061997 5.912706 15.054616 8
5.066564 0.302321 11.745518 8
10.125959 10.789535 2.805772 8
9.792249 10.781149 7.726454 8
5.296611 0.229889 16.659008 8
4.762262 5.723165 10.224912 8
0.229932 5.328355 1.209425 8
8.068465 1.071119 7.503019 8
7.100345 9.966785 16.395567 8
3.069598 4.587004 10.419597 8
2.093590 6.596128 1.469604 8
9.167302 6.307240 13.365735 14
6.051372 4.743620 4.469228 14
4.015103 10.404405 4.479018 14
0.938479 0.791090 13.398303 14
9.198468 3.303093 10.109108 16
5.956268 7.777536 1.110450 16
4.146705 2.224430 7.816700 16
0.891084 8.869870 16.782846 16
8.835143 5.248344 12.009449 6
6.370346 5.862027 2.972416 6
3.864001 0.429682 5.972852 6
1.275768 10.698001 14.908461 6
8.055490 4.939677 12.024150 1
7.267304 6.057386 3.029731 1
2.861032 0.553721 5.907021 1
2.151975 10.569217 14.937152 1
10.067292 4.166502 8.592859 6
5.059620 6.999331 17.679905 6
4.977084 1.479751 9.310184 6
10.149342 9.613034 0.326770 6
9.887705 4.906404 8.500782 1
5.465551 5.998889 17.568127 1
4.694062 0.555263 9.483964 1
0.336581 10.539935 0.461763 1
0.937009 4.073258 8.712328 1
4.209865 7.061136 17.768435 1
6.095716 1.553938 9.168289 1
9.135543 9.617309 0.153952 1
9.817968 4.544526 11.304183 6
5.541009 6.631844 2.361874 6
4.549661 0.978539 6.646499 6
0.440577 10.005481 15.632942 6
0.430803 4.595647 11.253861 1
4.599487 6.389449 2.334840 1
5.525602 0.896805 6.600201 1
9.790064 10.298335 15.666727 1
9.816173 3.226102 7.404325 6
5.481334 7.830818 16.259178 6
4.712842 2.223193 10.492126 6
0.413199 8.844940 1.497577 6
8.825382 3.358940 7.273588 1
6.395249 7.722768 16.186103 1
3.699693 2.214006 10.609270 1
1.349216 8.887465 1.751885 1
0.171675 3.810158 6.160707 6
4.881183 7.204085 15.015998 6
5.234746 1.621897 11.861305 6
9.921034 9.445143 2.758624 6
0.541496 5.869486 5.025499 6
4.600960 5.187267 13.985954 6
5.491770 10.748494 13.035916 6
9.630641 0.274914 4.023538 6
0.277928 6.770223 5.151405 1
4.773266 4.260864 13.972668 1
5.387302 9.835229 12.774354 1
9.822930 1.251245 3.953007 1
0.029834 5.555798 4.139980 1
5.205394 5.490074 13.219090 1
5.134713 11.043796 13.748440 1
10.118445 0.081901 4.757435 1
1.312696 5.753195 4.792967 1
3.661087 5.295822 13.669586 1
6.485849 10.919479 13.088619 1
8.812470 0.281064 4.064231 1
9.178141 0.989581 7.613733 6
5.981802 10.246592 16.550230 6
4.240203 4.568333 10.400823 6
0.867865 6.448844 1.451594 6
9.182267 9.677842 8.270052 6
6.083424 1.431835 17.109730 6
4.011753 6.921182 9.612052 6
1.004299 4.053755 0.810853 6
8.227530 9.146208 7.136777 6
7.069880 1.914116 16.032196 6
3.174222 7.521515 10.743184 6
1.910142 3.642760 1.845933 6
8.634507 8.993271 6.327552 1
6.548910 2.192709 15.404484 1
3.691092 7.747975 11.537873 1
1.472935 3.473960 2.556285 1
7.481763 9.879217 6.968716 1
7.752732 1.352730 15.925524 1
2.390753 6.792794 11.015130 1
2.676857 4.383606 1.889455 1
7.792511 8.445246 7.538674 1
7.540093 2.707292 16.494664 1
2.779949 8.222515 10.364295 1
2.284264 2.855264 1.421751 1
8.493056 10.038448 9.489908 6
6.755411 1.187193 0.644563 6
3.313666 6.630261 8.322724 6
1.767095 4.334333 17.288095 6
7.736584 10.678668 9.309538 1
7.461062 0.462273 0.364811 1
2.644849 6.043309 8.477128 1
2.439068 5.046884 17.426066 1
8.986931 10.326852 10.144651 1
6.242091 0.827449 1.094439 1
4.056338 6.213629 7.752501 1
1.122716 4.876542 16.770485 1
8.190483 9.183689 9.981500 1
7.050001 1.901121 0.854108 1
3.092177 7.443259 7.937008 1
2.148730 3.677365 16.934168 1
0.175684 8.597990 8.448145 6
5.018917 2.360174 17.474717 6
5.173732 7.878355 9.491948 6
10.003985 3.208991 0.451075 6
0.618567 8.577718 7.667399 1
4.592555 2.637899 16.533183 1
5.629914 8.179041 10.328864 1
9.563428 2.870272 1.290757 1
9.975056 7.842992 8.910433 1
5.405429 3.294891 17.840118 1
4.809318 8.824494 9.138024 1
0.221055 2.287363 0.101886 1
0.730764 9.107428 9.140676 1
4.286491 1.946133 0.062606 1
5.790515 7.576796 8.850815 1
9.455121 3.435433 17.767393 1
8.537619 5.356497 15.028067 6
6.769507 5.638810 5.946749 6
3.429993 0.189930 3.023393 6
1.631165 10.913148 11.850409 6
8.698441 5.927849 15.800524 1
6.462345 5.159074 6.745387 1
3.641940 10.524508 2.178009 1
1.434745 0.510522 11.193496 1
9.115051 4.683649 15.160203 1
6.145081 6.522395 6.160126 1
3.993697 0.927417 2.746958 1
1.137678 10.136037 11.807228 1
7.676328 5.191209 14.935416 1
7.635862 5.724091 5.929642 1
2.441530 0.176949 3.068777 1
2.623175 10.881732 12.007885 1
8.106087 7.824849 13.079232 6
6.972429 3.299325 4.237018 6
3.099679 8.691004 4.812869 6
1.929207 2.270219 13.691850 6
8.357326 8.527251 13.891355 1
6.969885 2.619734 4.965994 1
3.339121 8.142309 4.081621 1
1.866919 2.915266 12.924833 1
7.285823 7.640893 13.222237 1
7.919568 3.412487 4.265894 1
2.078092 8.984780 4.779406 1
2.918418 2.012737 13.814016 1
8.407936 8.328491 12.406111 1
6.730552 2.871617 3.358886 1
3.450661 8.460892 5.451413 1
1.648673 2.777314 14.564981 1
0.749067 6.598716 13.580665 6
4.294068 4.447107 4.706805 6
5.835231 9.966751 4.389024 6
9.267064 1.126323 13.356956 6
0.979624 7.275778 14.308973 1
4.201016 3.842236 5.410517 1
6.029198 9.413522 3.627448 1
9.214333 1.641280 12.599821 1
1.060323 7.021207 12.741997 1
3.965289 3.994649 3.841336 1
6.242438 9.537587 5.051626 1
9.099677 1.549186 14.087676 1
1.206897 5.846488 13.693929 1
3.886439 5.273370 4.737156 1
6.254641 10.835804 4.213848 1
8.829494 0.327270 13.177949 1
