0.334585 0.684915 7.747856 7
3.100962 9.231870 1.378116 7
6.555525 5.767141 11.033790 7
3.871770 4.245980 4.727998 7
6.766134 0.475536 9.115403 6
3.718881 9.448866 2.744256 6
0.266201 5.363442 9.802301 6
3.225569 4.631719 3.502850 6
0.097970 1.325343 9.626067 1
3.369675 8.514089 3.322014 1
6.816907 6.279602 9.094318 1
3.582084 3.557567 2.866718 1
0.399485 9.433603 9.486650 1
3.076763 0.570639 3.136978 1
6.524322 4.442919 9.416192 1
3.934681 5.533966 3.041395 1
5.251600 0.051404 8.855009 6
5.192249 9.821721 2.582101 6
1.696451 4.916648 9.997243 6
1.710839 4.851573 3.732881 6
4.821244 9.570123 9.776135 1
5.516744 0.267897 3.430182 1
2.127943 4.741709 9.232336 1
1.292083 5.305275 2.851161 1
4.553889 0.889235 8.517873 1
5.832863 9.081688 2.183628 1
2.376605 5.750540 10.360189 1
1.168546 4.032222 4.105540 1
4.968498 8.393617 7.868993 16
5.459787 1.461565 1.485616 16
1.880105 3.494078 11.139333 16
1.582443 6.427826 4.871917 16
6.092486 9.114974 6.363565 6
4.277451 0.781375 0.027775 6
0.840426 4.071066 12.566461 6
2.580049 5.826026 6.289726 6
5.395703 9.682949 5.805760 1
5.011916 0.163068 12.120835 1
1.523811 4.712042 0.450408 1
2.101860 5.040593 6.658388 1
6.120358 8.031874 5.787585 1
4.085131 1.792585 12.059800 1
0.657435 3.157997 0.444744 1
2.771333 6.759460 6.792924 1
0.411027 9.505919 6.766880 6
2.972598 0.448468 0.562674 6
6.543167 4.514743 12.056640 6
3.922314 5.455919 5.754771 6
0.852651 8.657963 7.234938 1
2.660736 1.239855 1.027822 1
6.006770 3.784779 11.640892 1
4.329982 6.085054 5.285860 1
1.513196 0.149043 5.755056 6
2.029915 9.881990 12.089874 6
5.414766 5.136811 0.437300 6
4.946428 4.853683 6.885245 6
2.001727 9.258282 5.351241 1
1.355275 0.629544 11.753748 1
4.784930 4.341805 0.890167 1
5.529279 5.594044 7.111624 1
2.216906 1.237373 6.471707 6
1.168534 8.611437 0.184125 6
4.618870 6.182896 12.398653 6
5.787334 3.627125 6.155188 6
3.410177 0.931228 6.463809 1
0.164648 8.948723 0.191767 1
3.531646 5.963809 12.382648 1
6.725229 4.109293 6.082574 1
1.855971 1.098388 7.832756 6
1.648134 8.664770 1.604492 6
5.135879 6.128067 11.040055 6
5.262031 3.845332 4.711407 6
2.043868 2.090394 8.407632 1
1.525553 7.718649 2.223864 1
4.889065 7.030836 10.317363 1
5.362963 2.724751 4.206900 1
2.503941 0.486652 8.518527 1
0.931611 9.520873 2.202049 1
4.568131 5.348047 10.428093 1
5.881506 4.449263 4.227648 1
0.675540 0.686767 4.549634 8
2.618128 9.237397 10.982649 8
6.270434 5.569847 1.643028 8
4.206201 4.197033 7.863777 8
0.400967 0.087529 4.359978 1
3.240978 0.010692 10.638833 1
6.629977 4.989017 2.079854 1
3.845148 4.857987 8.394874 1
2.004057 2.497948 5.834550 8
1.419496 7.372564 12.203675 8
5.039595 7.510348 0.355042 8
5.324926 2.509525 6.744242 8
2.947841 3.210443 5.332288 1
0.466391 6.823221 11.646207 1
3.934788 8.082509 0.874574 1
6.525059 1.780538 7.260205 1
