1.658695 2.350558 1.477582 16
13.305409 8.196763 10.714134 16
1.504152 0.897662 3.639626 9
13.511289 9.555658 8.540544 9
8.840207 2.818109 3.887831 9
6.088196 7.730379 8.298691 9
9.775915 3.831587 1.196194 8
5.112306 6.774678 10.897078 8
8.615352 1.662600 1.067917 8
6.258012 8.779887 11.075059 8
1.633511 2.201447 3.229585 6
5.186827 8.297764 8.926411 6
2.705654 1.633141 0.970678 8
12.222057 8.902574 11.093592 8
2.793386 2.525532 3.773725 9
12.287214 7.879639 8.482053 9
6.402236 2.619743 8.507997 14
8.654095 7.751175 3.732240 14
8.891242 3.475076 10.920784 7
6.039607 7.027114 1.129735 7
5.065376 1.272509 8.763181 6
9.803286 9.029092 3.370191 6
4.804203 1.147605 7.990838 1
10.165254 9.439443 4.242651 1
10.244291 4.110073 11.254063 6
4.866649 6.379989 0.921396 6
10.803676 3.668713 11.717268 1
4.222823 6.905939 0.507443 1
6.650789 3.538178 10.089086 6
8.255218 7.072142 2.134594 6
6.062234 4.085037 10.320275 1
9.062240 6.332059 1.885809 1
6.505321 2.770949 10.780028 1
8.337558 7.681975 1.380131 1
8.045202 4.234792 10.349292 6
7.068344 6.262112 1.897188 6
5.789937 4.120887 7.333246 6
9.144878 6.482222 4.913761 6
6.492727 4.710063 7.153680 1
8.575455 5.725380 5.062373 1
8.040901 1.798563 7.820050 6
7.048406 8.661796 4.515656 6
8.333786 1.459659 8.549114 1
6.600115 9.127437 3.810432 1
7.630467 0.819600 6.702943 6
7.179906 9.705373 5.544079 6
7.444286 1.343997 5.826364 1
7.622968 9.064568 6.340906 1
6.961721 0.224211 6.840553 1
7.928276 10.230389 5.308856 1
8.518876 0.496898 6.370951 1
6.425112 9.993101 5.847230 1
8.853717 2.156684 11.595691 6
6.174610 8.342225 0.740754 6
9.648545 1.793705 11.882732 1
5.256984 8.571480 0.282372 1
8.512276 1.491703 10.834375 1
6.343272 8.874681 1.449386 1
4.939499 1.806761 0.060462 1
9.988411 8.669210 12.195363 1
4.387330 4.866568 7.635150 6
10.524359 5.722324 4.438962 6
4.298461 5.634897 7.177811 1
10.690543 4.917804 5.143851 1
4.590089 4.972776 8.621576 1
10.362297 5.559748 3.687001 1
3.758661 4.103471 7.548285 1
11.282304 6.269718 4.676793 1
9.328515 6.118413 10.170590 6
5.465139 4.358968 2.071100 6
9.623365 6.864177 9.878130 1
5.339585 3.494311 2.468910 1
3.975658 1.804853 9.510423 6
11.095831 8.623060 2.668052 6
3.169747 1.253968 9.779424 1
11.751679 9.357994 2.391575 1
3.509816 2.498362 9.057017 1
11.620774 7.924113 3.028673 1
4.266259 2.192518 10.376668 1
10.708508 8.291551 1.733377 1
9.061523 2.976557 7.360575 6
5.982238 7.557152 4.850072 6
9.752889 2.380111 6.901685 1
5.139881 8.019127 5.205430 1
9.217221 3.378307 8.116368 1
5.657294 6.973228 4.138213 1
8.768817 3.475120 6.619777 1
6.268997 6.992773 5.724573 1
10.505887 5.406187 10.776739 6
4.454386 5.190051 1.328668 6
11.329991 5.884917 11.047509 1
3.747571 4.650033 1.261655 1
8.197729 5.532045 9.965369 6
6.730215 5.036656 2.365446 6
7.605959 5.985936 9.587189 1
7.371093 4.537511 2.687185 1
5.539986 3.678353 5.710220 6
9.420218 6.782836 6.478772 6
4.923869 2.857075 5.686698 1
9.952586 7.558188 6.517870 1
6.502242 3.331185 5.526852 1
8.535967 7.096220 6.815775 1
5.325606 4.386179 5.346346 1
9.742829 6.163528 6.903439 1
9.338690 10.213089 9.431892 6
5.648361 0.110499 2.691166 6
6.025689 0.416219 10.257381 1
8.891472 9.980710 1.936051 1
10.004508 9.931357 8.878444 1
4.979460 0.630962 3.310730 1
8.502775 9.696160 9.567638 1
6.417195 0.838392 2.533593 1
