-1.305428 4.900182 5.086157 6
22.919341 4.947821 1.405378 6
10.584939 1.630414 5.084216 6
10.901860 1.456681 1.336295 6
20.386513 1.776496 7.795471 6
-3.847327 1.897026 11.523894 6
8.442062 5.186151 7.808499 6
8.120469 5.184218 11.625429 6
-0.196962 5.206464 5.711966 7
21.584099 5.267934 0.843972 7
11.843801 1.889923 5.583215 7
9.784477 1.768199 0.675660 7
19.288758 1.538274 7.257060 7
-2.508398 1.553342 12.046761 7
7.286069 4.872021 7.118747 7
9.457281 4.868958 12.159689 7
0.656459 4.131723 5.998890 6
20.889193 4.229687 0.406735 6
12.517959 0.845198 6.015961 6
8.851936 0.743715 0.338393 6
18.383854 2.610788 6.938163 6
-1.758441 2.539974 12.485739 6
6.598080 5.957223 6.838254 6
10.247000 6.030624 12.484227 6
0.226288 2.781892 5.749376 6
21.197124 2.740608 0.685217 6
12.212435 6.247328 5.849465 6
9.405387 6.276583 0.615968 6
18.976376 3.826352 6.979442 6
-2.145682 3.995100 12.323319 6
7.043695 0.510667 7.012784 6
9.650559 0.555565 12.314557 6
-1.032659 2.513039 5.253195 7
22.475024 2.493484 1.210474 7
10.928227 5.865234 5.217834 7
10.510740 5.941484 1.154329 7
20.107961 4.263640 7.606687 7
-3.413974 4.240488 11.630098 7
8.190731 0.922597 7.673500 7
8.544650 0.801094 11.614620 7
-1.724377 3.474635 4.902252 6
23.313771 3.556841 1.470679 6
10.136851 0.119782 4.868310 6
11.367004 0.225866 1.590148 6
20.791227 3.121354 7.914000 6
-4.079191 3.258358 11.248020 6
8.945027 6.614010 8.036416 6
7.783842 6.620779 11.292055 6
20.858626 3.277608 4.227637 6
0.502996 3.393612 2.299051 6
9.012972 0.024913 4.171611 6
12.525353 6.720997 2.227252 6
-1.703703 3.424369 8.550953 6
18.538873 3.416969 10.590187 6
10.141203 0.109073 8.584877 6
6.520582 0.004277 10.736037 6
20.579237 2.490998 4.071893 1
0.902108 2.396872 2.476323 1
8.753334 5.773523 4.133050 1
12.868710 5.811379 2.419259 1
-1.490889 4.399079 8.865785 1
18.213646 4.291953 10.481505 1
10.501178 1.002373 8.773749 1
6.353000 1.019445 10.517020 1
20.044343 4.326521 3.930740 6
1.439056 4.387788 2.476115 6
8.153076 0.896362 3.955561 6
13.436397 1.073892 2.608918 6
-1.032660 2.476352 9.090021 6
17.658444 2.405726 10.337707 6
10.932169 5.790078 8.951898 6
5.763087 5.662809 10.289300 6
19.244324 4.196632 3.521533 1
2.300657 4.257276 3.032330 1
7.291162 0.787109 3.398423 1
14.093266 0.810981 2.969720 1
-0.102093 2.665005 9.404427 1
16.771002 2.574729 9.848560 1
11.884797 5.877084 9.341810 1
4.987306 6.013914 9.937673 1
20.413511 5.674490 4.169629 6
1.009990 5.594353 2.199859 6
8.487084 2.235602 4.084946 6
12.923244 2.392821 2.327935 6
-1.383728 1.066385 8.773533 6
17.968487 1.105040 10.663808 6
10.626453 4.398530 8.796158 6
6.125996 4.443594 10.649678 6
19.904958 6.313039 3.986002 1
1.578426 6.424078 2.572764 1
7.953619 3.035800 3.940986 1
13.611593 3.107418 2.510962 1
-0.875549 0.279839 9.016617 1
17.551384 0.434884 10.344505 1
11.227533 3.774164 8.909607 1
5.509246 3.622817 10.286693 1
21.573136 5.987641 4.694884 6
-0.199983 6.063671 1.605365 6
9.719715 2.565582 4.709208 6
11.723235 2.679593 1.758868 6
-2.596742 0.775319 8.033211 6
19.166170 0.821983 11.268887 6
9.301484 4.199885 8.097909 6
7.409570 4.166953 11.234634 6
21.995857 0.160053 4.972858 1
-0.335899 0.106573 1.574546 1
10.054971 3.551363 4.996373 1
11.447775 3.550577 1.463916 1
-2.864220 6.662195 8.042492 1
19.507705 6.657994 11.417180 1
9.187759 3.238667 7.960841 1
7.597197 3.140929 11.423357 1
2.000750 4.467153 6.422223 6
14.629682 4.442437 12.869168 6
14.001401 1.106232 6.418823 6
2.692563 1.067797 12.815836 6
17.113101 2.112872 6.375253 6
4.302532 2.263061 0.133650 6
5.100671 5.658209 6.349753 6
16.392251 5.483974 0.147332 6
2.373021 5.254570 6.100406 1
19.281095 5.370573 0.482575 1
14.249175 1.992359 6.086696 1
7.174231 1.977990 0.404657 1
16.834136 1.333263 6.935033 1
0.002919 1.381136 12.492228 1
4.815557 4.793253 6.870139 1
11.865223 4.760229 12.431879 1
2.593782 3.800818 6.321575 1
18.986135 3.692390 0.156351 1
14.618481 0.360551 6.226429 1
6.900397 0.449659 0.037922 1
16.455522 2.860310 6.578896 1
0.259728 2.918911 12.699970 1
4.596877 6.227165 6.555909 1
12.141193 6.330560 12.833203 1
2.017146 4.951962 8.499406 35
14.809739 4.943391 10.844801 35
13.977934 1.499938 8.343182 35
2.872687 1.466440 10.846985 35
17.055554 1.784037 4.385153 35
4.394074 1.786391 2.080840 35
5.091896 5.281638 4.377974 35
16.349418 5.280066 1.910554 35
0.941215 1.581205 6.231013 6
20.479772 1.707813 0.124710 6
12.880995 5.044302 6.281211 6
8.536847 5.057643 0.114808 6
18.107775 5.112096 6.678407 6
-1.358954 4.992063 12.753243 6
6.175844 1.714024 6.570906 6
10.665921 1.678307 12.761408 6
0.546044 0.803742 6.300345 1
21.075500 0.922800 0.020563 1
12.360523 4.223222 6.414236 1
9.127478 4.166289 0.079357 1
18.562512 5.783019 6.424821 1
-1.995588 5.812353 12.763992 1
6.602853 2.589367 6.517889 1
10.004438 2.451180 12.751325 1
1.473796 1.931996 7.250419 1
15.311206 1.795823 12.184410 1
13.397858 5.264434 7.125062 1
3.299774 5.195146 12.215005 1
17.658210 4.795883 5.821813 1
3.822976 4.872154 0.642771 1
5.611349 1.498670 5.669887 1
15.692727 1.580207 0.765894 1
2.385828 1.225673 4.900904 35
18.936225 1.408145 1.434412 35
14.307801 4.695853 4.912743 35
7.167014 4.692357 1.478579 35
16.646198 5.503302 7.953674 35
-0.014205 5.405869 11.294065 35
4.690591 2.083685 7.894376 35
11.899386 2.134288 11.379857 35
