1.759323 2.231833 0.839874 51
20.473397 6.224755 5.302154 51
18.757455 5.936782 11.396172 51
0.125750 1.847342 6.837297 51
1.685617 0.381305 0.229174 9
20.653858 4.626365 6.006365 9
18.985964 7.603843 12.029169 9
0.012653 3.592024 6.317249 9
1.920379 4.092985 1.315814 9
20.493228 8.057608 4.869186 9
18.804587 4.183010 10.846600 9
0.184723 0.016697 7.408056 9
2.091071 1.704668 2.464541 9
20.059840 5.768537 3.563348 9
18.486742 6.422357 9.714984 9
0.440398 2.407986 8.600774 9
-0.126835 2.185859 0.938196 9
22.390988 6.277759 5.152104 9
20.612541 5.987590 11.218153 9
-1.797959 1.925433 7.077326 9
-2.012708 2.768184 11.316829 9
20.939514 6.829800 7.032093 9
22.511580 5.405234 0.945551 9
-0.368725 1.232960 5.064143 9
3.570465 2.287801 0.180329 9
18.705486 6.340906 5.747803 9
16.960340 5.820404 11.879791 9
1.980551 1.662247 6.370232 9
12.177066 2.341700 6.273060 51
6.721404 6.379470 12.066068 51
8.349879 5.814079 5.909773 51
13.827885 1.878540 0.205977 51
11.956814 0.437009 6.870269 9
6.884858 4.581773 11.408056 9
8.625347 7.720867 5.365359 9
13.542123 3.653949 0.793402 9
10.658985 2.107212 5.219665 9
11.537684 6.216252 0.892512 9
9.896735 6.042713 6.951120 9
9.086713 1.866386 11.437220 9
13.674129 2.291077 7.580470 9
5.241881 6.489452 10.873876 9
7.023583 5.730767 4.705491 9
15.282795 1.759373 1.473965 9
11.023779 2.732409 7.714146 9
7.966517 6.962655 10.528824 9
9.590701 5.338428 4.444967 9
12.618860 1.258812 1.667359 9
13.234785 1.649836 4.988751 9
9.022518 5.772877 1.145291 9
7.277598 6.504765 7.246713 9
11.557315 2.262526 10.989494 9
12.506531 4.022167 5.980392 9
9.785678 8.102149 0.293658 9
8.169588 4.022721 6.336671 9
10.815523 0.015023 12.006339 9
8.651621 1.951984 8.186554 8
10.356409 5.877533 10.130425 8
11.889908 6.283106 4.135730 8
10.246954 2.271099 2.093888 8
9.218727 2.375870 7.896163 1
9.650776 6.438010 10.260208 1
11.405466 5.823316 4.182642 1
10.900227 1.758039 1.785818 1
8.256030 3.708424 9.328847 8
10.610332 7.739516 8.949964 8
12.366857 4.499119 2.975577 8
9.871570 0.521689 3.197016 8
7.601417 3.858041 9.893688 1
11.309096 8.020474 8.550808 1
12.927879 4.108053 2.295608 1
9.300210 0.146027 3.845082 1
7.961600 2.487002 8.967378 6
11.073791 6.619948 9.448699 6
12.701414 5.636398 3.150059 6
9.484075 1.628724 2.895076 6
6.589831 1.827875 9.303727 6
12.155189 5.931690 9.001464 6
13.977268 6.289558 2.719146 6
8.268904 2.252370 3.359100 6
6.414338 1.980814 10.296040 1
12.543281 6.124671 7.943827 1
14.068887 6.168808 1.878477 1
8.227043 1.952269 4.313935 1
6.790360 0.744965 9.420971 1
12.167020 4.958575 8.953316 1
13.712372 7.358975 2.782989 1
8.546665 3.331772 3.271107 1
5.400926 2.076160 8.438687 6
13.393996 6.117303 9.794865 6
15.186393 5.970568 3.618461 6
7.162550 2.029315 2.474527 6
5.698582 1.742059 7.032071 6
13.259391 5.835475 11.254991 6
14.957807 6.298847 5.068236 6
7.318623 2.248654 0.925278 6
6.268357 2.418317 6.668555 1
12.804187 6.531535 11.667061 1
14.430097 5.779551 5.549284 1
7.953812 1.703734 0.585282 1
4.680816 1.766550 6.651839 1
14.087980 5.730582 11.671850 1
15.852385 6.433544 5.560086 1
6.429442 2.390066 0.497073 1
6.006854 0.912690 7.074847 1
12.984521 4.945107 11.207800 1
14.541155 7.198997 5.225733 1
7.628606 3.159051 1.006144 1
4.285034 1.261775 9.197990 6
14.618396 5.362250 9.286199 6
16.357857 6.834930 3.134110 6
5.938075 2.782032 3.005076 6
4.446950 0.223908 8.917260 1
14.661475 4.418502 9.509724 1
16.258158 7.778440 3.242431 1
6.071236 3.799488 2.738535 1
3.321686 1.562380 8.754174 1
15.552933 5.698200 9.590159 1
17.164337 6.634490 3.402154 1
5.154100 2.405909 2.702794 1
4.280970 1.365639 10.140564 1
14.737036 5.478035 8.195032 1
16.272274 6.868912 2.174699 1
5.903748 2.700864 4.025278 1
4.990986 3.616148 8.701387 6
13.860693 7.703394 9.600318 6
15.540960 4.521805 3.551657 6
6.644716 0.511886 2.468829 6
5.815085 4.210051 8.204541 1
13.262788 8.110984 9.950148 1
14.840862 4.075316 3.871192 1
7.364192 8.096495 2.280663 1
4.882209 3.715899 9.574040 1
14.109278 7.754779 8.749370 1
15.631390 4.396266 2.671994 1
6.645311 0.284804 3.488832 1
4.213998 3.696372 8.190854 1
14.726878 7.816515 10.234518 1
16.332873 4.528730 3.979679 1
5.839207 0.463038 1.989647 1
0.446224 6.325543 2.581888 8
21.859554 2.107334 3.628745 8
20.037219 1.955919 9.588343 8
-1.095767 5.887012 8.633986 8
-0.008047 5.778604 2.010208 1
22.308117 1.668922 4.039773 1
20.625580 2.429238 10.091226 1
-1.724737 6.464455 8.196006 1
0.249569 4.535066 3.893803 8
22.146165 0.518983 2.307543 8
20.440456 3.653177 8.331528 8
-1.577268 7.752351 9.910203 8
0.257569 4.147233 4.477238 1
22.001435 0.185787 1.587422 1
20.235458 3.910717 7.589594 1
-1.220320 7.867899 10.635440 1
0.764531 5.769434 3.724614 6
21.504666 1.742657 2.470384 6
20.002380 2.357345 8.516030 6
-0.948975 6.403702 9.691237 6
1.464182 6.387222 4.738447 6
20.905647 2.249578 1.413176 6
19.215041 1.776436 7.416604 6
-0.278360 5.845555 10.894716 6
1.090041 6.097526 5.573031 1
21.265259 1.948133 0.516603 1
19.602648 1.973710 6.682894 1
-0.642169 6.125562 11.763317 1
1.294304 7.341727 4.649098 1
21.054252 3.338328 1.456218 1
19.279689 0.676690 7.649948 1
-0.306504 4.740610 10.851182 1
2.951078 6.136594 4.626908 6
19.381999 2.067022 1.419840 6
17.648628 2.086423 7.524999 6
1.402507 6.085093 10.781701 6
3.540752 6.426954 3.410524 6
18.733576 2.301398 2.793921 6
17.084284 1.731178 8.888716 6
1.964070 5.866145 9.515437 6
4.550033 6.476860 3.415361 1
17.665695 2.259378 2.804289 1
16.061988 1.780653 8.761708 1
2.801590 5.806922 9.432001 1
3.123484 7.237290 2.983001 1
19.042197 3.204203 3.037145 1
17.428465 0.844789 9.178518 1
1.578307 4.878534 9.156096 1
3.228066 5.702282 2.711133 1
19.013798 1.629982 3.363546 1
17.446741 2.377611 9.495374 1
1.504259 6.521990 8.847901 1
3.566896 6.925812 5.729231 6
18.707143 2.952550 0.342934 6
17.095088 1.252849 6.475998 6
1.851743 5.156768 11.772722 6
4.584228 6.931295 5.786100 1
17.814208 2.790905 0.415993 1
16.138966 1.293984 6.383556 1
2.925471 5.381150 11.814084 1
3.308653 6.735208 6.618524 1
15.610778 2.553243 11.729064 1
17.305302 1.392074 5.519486 1
4.812272 5.530648 0.504191 1
3.325440 7.878103 5.646518 1
19.015949 3.739605 0.470981 1
17.267682 0.214047 6.607152 1
1.630446 4.318019 11.660321 1
3.197935 4.624739 4.982511 6
19.116364 0.465193 1.168777 6
17.444001 3.567355 7.261558 6
1.594617 7.498071 11.051948 6
4.150476 4.342852 5.050591 1
18.102688 0.293363 1.091680 1
16.372632 3.623575 7.202316 1
2.570242 7.808357 10.989513 1
2.889376 4.078572 4.178932 1
19.518673 0.054651 1.762578 1
17.703343 4.038628 7.889406 1
1.172624 8.098347 10.379689 1
2.761921 4.360357 5.847249 1
19.398757 0.197408 0.335790 1
17.688786 3.861982 6.443975 1
1.166013 7.933908 11.975651 1
