5.081581 2.120163 8.843023 16
5.928308 19.328739 23.077316 16
2.143335 12.871468 5.550896 16
1.460529 8.606117 19.870576 16
2.239456 19.334731 19.854143 16
1.564036 2.023599 5.402701 16
5.114577 8.676906 23.221879 16
5.801669 12.749552 8.762790 16
3.152992 0.604334 10.719399 16
0.530967 20.783851 24.946873 16
4.165274 11.315376 3.729089 16
6.817867 10.178798 18.031001 16
4.319958 20.918995 17.891927 16
6.643666 0.673492 3.679411 16
3.108699 10.029097 25.050504 16
0.617693 11.271954 10.634886 16
4.777191 2.324272 11.465462 7
6.098436 19.011563 25.821999 7
2.540475 13.241932 2.742700 7
1.169285 8.243848 17.222718 7
2.546419 18.942751 17.101542 7
1.129613 2.357847 2.715549 7
4.897515 8.303356 25.793907 7
6.024779 13.143801 11.510029 7
3.639099 2.768835 12.222358 7
7.269140 18.611424 26.547983 7
3.623802 13.535371 2.088878 7
0.101860 7.936105 16.474024 7
3.615416 18.627208 16.566605 7
0.088129 2.827561 2.183011 7
3.788863 7.788840 26.426477 7
7.305171 13.531518 12.226065 7
4.011005 3.883393 12.833532 7
6.879159 17.453995 27.168791 7
3.297623 14.622374 1.427901 7
0.386377 6.799143 15.910828 7
3.341834 17.488776 15.875376 7
0.300209 4.002649 1.512404 7
4.043438 6.833550 27.066917 7
7.031325 14.663729 12.801518 7
5.831608 0.361991 10.820982 7
5.179344 21.014882 25.161290 7
1.457450 11.138157 3.554581 7
2.054717 10.316209 17.869614 7
1.534005 21.118336 17.844540 7
2.235516 0.316542 3.497525 7
5.903492 10.418370 25.085594 7
5.132903 11.196073 10.865647 7
6.648706 21.405568 9.850536 7
4.344313 0.069336 24.053507 7
0.813464 10.549112 4.521147 7
2.861801 10.880517 18.888098 7
0.741767 0.066588 18.961394 7
2.825574 21.371653 4.485549 7
6.613842 10.868921 24.114647 7
4.353025 10.702248 9.700707 7
7.204373 20.346539 10.133149 7
3.630522 1.179292 24.620862 7
0.107178 9.730158 4.052570 7
3.663351 11.785848 18.345130 7
0.107224 0.987925 18.434858 7
3.542784 20.375816 4.106119 7
7.217972 11.740053 24.626167 7
3.682027 9.695551 10.202320 7
4.668432 1.271364 10.559788 6
6.118111 20.171359 24.928259 6
2.624580 12.027784 3.769861 6
1.136604 9.365178 18.168375 6
2.533183 20.104968 18.157435 6
1.024379 1.291622 3.731749 6
4.793690 9.299005 24.868693 6
6.292767 12.006278 10.419284 6
5.315249 4.280361 12.604735 6
5.715970 17.202375 26.948479 6
2.000832 15.024825 1.646492 6
1.781727 6.456316 16.042690 6
1.929302 17.255876 16.007011 6
1.626078 4.310737 1.634598 6
5.263677 6.584755 27.019538 6
5.540445 14.886640 12.561898 6
6.159366 5.242132 13.199777 6
4.876216 16.236388 27.385154 6
1.147748 16.010365 1.202517 6
2.524300 5.505749 15.597175 6
1.090811 16.173365 15.545498 6
2.536535 5.273399 1.302848 6
6.206091 5.414551 27.397544 6
4.868656 16.073778 13.120237 6
5.796829 5.869219 13.655695 1
5.299542 15.526269 28.069862 1
1.599790 16.738327 0.629602 1
2.190277 4.790455 14.881358 1
1.458662 15.593684 14.980871 1
2.137313 5.930763 0.662774 1
5.829194 4.711509 27.937242 1
5.299555 16.664368 13.706040 1
0.072582 5.336996 12.761924 6
3.628191 16.025128 27.067832 6
7.254180 16.032269 1.703707 6
3.832465 5.434802 15.905956 6
7.138656 16.213607 15.919863 6
3.878303 5.357070 1.584328 6
0.192742 5.481267 27.020258 6
3.467699 15.949364 12.711969 6
0.737787 6.047775 12.983398 1
2.929671 15.350552 27.444153 1
6.687797 16.710048 1.364753 1
4.297921 4.724528 15.600943 1
6.563902 15.376149 15.648081 1
4.355937 5.980366 1.376882 1
0.651703 4.710028 27.267798 1
3.006321 16.722450 12.975706 1
0.686431 4.390388 11.871750 6
2.955199 17.194468 26.177819 6
6.699930 15.051484 2.361683 6
4.380180 6.322845 16.757094 6
6.595975 17.136974 16.730888 6
4.306460 4.261445 2.480608 6
0.671268 6.454056 26.093120 6
2.919128 15.056750 11.843793 6
1.650689 4.337400 11.600941 1
2.100641 17.095326 25.920611 1
5.782551 15.215782 2.734484 1
5.232257 6.329486 17.105517 1
5.738584 16.935983 17.071785 1
5.247964 4.478946 2.714987 1
1.496112 6.279417 25.844903 1
2.121397 15.141046 11.580710 1
7.311949 3.379101 11.474556 6
3.806115 18.075413 25.656206 6
0.164122 13.956462 3.005567 6
3.623238 7.477103 17.244747 6
0.035708 18.177439 17.169206 6
3.634484 3.251422 2.965432 6
7.199705 7.425417 25.726210 6
3.822645 13.939137 11.486430 6
0.275017 2.610890 10.821376 1
3.335695 18.769524 25.154118 1
7.037007 13.407485 3.570517 1
3.923637 8.164403 17.744180 1
6.998617 18.858861 17.796609 1
4.034030 2.640918 3.457796 1
0.210135 8.177490 25.130384 1
3.429201 13.403745 10.806814 1
5.918790 3.347391 11.712835 6
5.093719 18.207729 26.027251 6
1.386886 13.928864 2.567895 6
2.275120 7.435177 16.963094 6
1.403041 18.197845 16.923706 6
2.151413 3.306736 2.452271 6
5.943262 7.493151 26.109551 6
4.990062 13.935772 11.824268 6
6.938907 20.287294 11.485278 6
4.060209 1.174504 25.958678 6
0.344096 9.453567 2.795748 6
3.285561 12.009529 17.129957 6
0.375170 1.333026 17.151642 6
3.326564 20.286127 2.717400 6
7.056759 11.898138 25.909883 6
3.933616 9.482702 11.522183 6
0.234630 19.162863 12.562916 6
3.531083 2.185523 26.878776 6
7.088850 8.615557 1.928981 6
3.863532 12.906906 16.194099 6
7.130501 2.133131 16.097368 6
3.788837 19.151880 1.936297 6
0.132201 12.827284 26.779519 6
3.569898 8.468928 12.408367 6
0.871168 18.571599 12.130216 1
2.771277 2.902155 26.509141 1
6.485938 7.942176 2.080572 1
4.490798 13.664557 16.510498 1
6.502243 2.808178 16.484734 1
4.555010 18.502461 2.025717 1
0.757457 13.524309 26.562227 1
2.847353 7.922677 12.233245 1
7.041963 19.340466 13.645821 6
4.103319 2.100288 27.966768 6
0.352608 8.590545 0.597415 6
3.303276 12.953103 14.885109 6
0.349193 2.072192 14.890077 6
3.255803 19.222971 0.615652 6
7.017040 12.829898 28.048359 6
4.051567 8.516451 13.744063 6
7.152989 18.615696 14.325031 1
3.676883 2.803633 0.078277 1
0.169633 7.834541 28.521109 1
3.588844 13.463378 14.302315 1
0.048166 2.846401 14.322992 1
3.659124 18.710791 28.507755 1
7.183738 13.537005 28.620794 1
3.691517 7.969390 14.387259 1
5.878481 20.126713 14.179965 6
5.010217 1.172324 28.442099 6
1.337991 9.422768 0.218816 6
2.359916 11.998047 14.450213 6
1.267930 1.263577 14.485374 6
2.263339 20.285666 0.197199 6
6.074410 11.957513 28.525670 6
5.009633 9.496331 14.023378 6
5.700239 20.278263 14.909056 1
5.384883 1.255873 0.691611 1
1.724369 9.408867 28.009351 1
2.017239 11.971794 13.615175 1
1.628942 1.211793 13.615254 1
1.913897 20.240711 27.962592 1
5.618006 11.896474 0.706805 1
5.318075 9.373858 15.043308 1
5.484889 21.162438 13.207192 6
5.387956 0.333357 27.599584 6
1.743010 10.380767 1.133111 6
1.767584 10.989838 15.365847 6
1.761737 0.178156 15.448910 6
1.750128 21.256904 1.041985 6
5.555971 10.915294 27.630609 6
5.516886 10.357272 13.204373 6
4.918234 0.424610 13.394098 1
6.153524 21.149877 27.825810 1
2.366152 11.043575 0.773282 1
1.185348 10.329487 15.145061 1
2.503740 20.974097 15.073000 1
1.269433 0.350123 0.792149 1
4.870425 10.404188 27.830092 1
6.066951 11.013318 13.567441 1
5.998331 21.093552 11.918080 6
4.930148 0.339611 26.274268 6
1.335297 10.399478 2.440488 6
2.436120 10.947556 16.652657 6
1.355174 0.368228 16.728861 6
2.401389 21.047325 2.440087 6
6.003320 11.025463 26.363890 6
4.975154 10.445172 11.947217 6
3.951700 3.528150 8.969609 6
6.967999 17.994930 23.218605 6
3.338719 14.233589 5.424725 6
0.324631 7.329152 19.807924 6
3.252199 17.989321 19.785027 6
0.379775 3.374847 5.468527 6
4.008075 7.227038 23.223244 6
7.031489 14.278268 8.815067 6
4.636816 4.659709 9.339146 6
6.355105 16.763208 23.555491 6
2.832787 15.447690 5.096433 6
0.859234 6.038453 19.423992 6
2.835758 16.799985 19.329470 6
0.841023 4.626534 5.160822 6
4.646096 6.010179 23.479151 6
6.472532 15.364844 9.246567 6
5.540380 4.844384 9.526968 1
5.419926 16.726563 23.875561 1
1.756518 15.400978 4.950828 1
1.880438 5.857487 19.237894 1
1.923883 16.581328 19.196597 1
1.829252 4.868157 4.939735 1
5.470553 6.018785 23.862272 1
5.388850 15.548819 9.556393 1
3.711485 5.788442 9.270178 6
7.215405 15.676457 23.519751 6
3.594444 16.615728 5.008411 6
0.003846 4.997881 19.333198 6
3.562987 15.686552 19.454990 6
0.120285 5.873873 5.099149 6
3.818718 5.003322 23.508369 6
7.288874 16.513836 9.237580 6
4.210055 6.592397 9.449622 1
6.785012 14.868790 23.753278 1
3.160560 17.387189 4.759559 1
0.549515 4.093004 19.202504 1
3.100254 14.800934 19.210618 1
0.551834 6.701774 4.888048 1
4.132731 4.158829 23.942163 1
6.888485 17.394812 9.484711 1
2.446526 5.690827 9.016122 6
1.186021 15.753051 23.346695 6
4.940212 16.520203 5.456606 6
5.990196 5.051849 19.716091 6
4.971872 15.774769 19.726026 6
6.165248 5.700696 5.278699 6
2.355890 4.925433 23.214924 6
1.236351 16.417164 8.953135 6
1.885343 6.459905 8.955513 1
1.778828 14.965123 23.311112 1
5.441628 17.164927 5.320734 1
5.594880 4.194685 19.642073 1
5.364961 14.884404 19.699683 1
5.578541 6.401467 5.350609 1
1.882621 4.154133 23.400868 1
1.861497 17.275249 8.901432 1
1.925515 4.468401 8.515113 6
1.775454 16.987508 22.891890 6
5.408700 15.189178 5.763516 6
5.587325 6.274390 19.989841 6
5.495047 17.051678 20.036669 6
5.589043 4.393699 5.766608 6
1.936570 6.203661 22.993035 6
1.837557 15.244767 8.613568 6
1.045991 4.433398 8.425704 1
2.654993 17.084435 22.707132 1
6.410739 15.085413 6.026515 1
4.702284 6.296737 20.257571 1
6.297956 17.023694 20.313695 1
4.711923 4.320804 5.949851 1
0.932143 6.296598 22.575120 1
2.739903 15.192693 8.318175 1
2.728118 3.296612 8.559906 6
1.037579 18.147780 22.805650 6
4.650624 14.132488 5.783362 6
6.294760 7.309442 20.144873 6
4.547785 18.118924 20.067041 6
6.438928 3.279712 5.774954 6
2.730826 7.340155 22.825493 6
1.039375 14.008676 8.615825 6
2.270255 2.468472 8.370014 1
1.350143 18.937242 22.738751 1
4.906135 13.224462 5.936234 1
5.959812 8.153352 20.269488 1
4.958813 18.908303 20.381983 1
6.033346 2.447981 6.046863 1
2.260204 8.221091 22.655581 1
1.405590 13.294563 8.297569 1
3.477526 20.556390 9.815499 6
0.221916 0.913489 24.097001 6
3.906122 9.798289 4.618662 6
7.160581 11.530339 18.853196 6
3.846905 0.822993 18.956942 6
7.035413 20.572342 4.579266 6
3.406610 11.586333 24.130496 6
0.188190 9.818562 9.832385 6
3.815689 19.357602 10.356512 6
7.275617 2.041362 24.723957 6
3.514767 8.744595 3.945856 6
0.191950 12.706546 18.283424 6
3.564948 2.086764 18.294569 6
0.112885 19.366716 3.792200 6
3.860611 12.666938 24.739756 6
7.287446 8.639535 10.438979 6
3.787757 19.405645 11.348131 1
7.215173 2.002724 25.670643 1
3.552023 8.704015 2.917139 1
0.033304 12.649051 17.206236 1
3.466933 2.098014 17.217814 1
0.189196 19.441022 3.020560 1
3.828892 12.665228 25.677139 1
7.123275 8.757609 11.336287 1
4.219342 18.203797 9.809437 6
6.853642 3.191192 24.040377 6
3.108404 7.484172 4.511311 6
0.509943 13.864268 18.975290 6
3.215711 3.240792 18.966799 6
0.439352 18.333705 4.608561 6
4.112056 13.839294 23.983657 6
6.836411 7.561777 9.793840 6
4.458235 17.556085 10.227583 1
6.637046 4.014778 24.569120 1
2.937515 6.693237 4.114344 1
0.641318 14.767033 18.519380 1
2.999854 3.887627 18.361595 1
0.790044 17.399574 4.115675 1
4.321820 14.754680 24.510023 1
6.594245 6.874807 10.144530 1
4.208089 18.381144 8.442770 6
6.766729 3.106478 22.678672 6
3.184106 7.628950 5.996256 6
0.601016 13.898649 20.387721 6
3.153471 3.174704 20.305996 6
0.451920 18.378201 5.874792 6
4.277346 13.816438 22.647453 6
6.852011 7.503811 8.279691 6
4.556576 17.583834 7.907120 1
6.578201 3.832120 22.171598 1
2.853288 6.752312 6.346082 1
0.885857 14.716865 20.678856 1
2.791923 3.836353 20.756829 1
0.854119 17.466352 6.505734 1
4.544837 14.619078 22.123442 1
6.426041 6.879073 7.945690 1
3.862403 19.402235 7.576690 6
7.106316 2.079094 21.933202 6
3.493495 8.598094 6.588850 6
0.171488 12.716823 20.988447 6
3.449108 2.010259 21.026149 6
0.047987 19.520229 6.707835 6
3.869556 12.664894 22.042423 6
7.104559 8.775806 7.698576 6
3.780218 19.327475 6.630527 1
7.185752 2.034839 20.994351 1
3.482568 8.608837 7.616689 1
0.022031 12.781563 21.921758 1
3.575936 2.083579 21.900716 1
0.192853 19.319287 7.685059 1
3.837716 12.835242 21.072568 1
7.232096 8.634910 6.627626 1
3.483457 20.519531 8.274650 6
0.246730 0.876127 22.581889 6
3.992088 9.850128 6.039886 6
7.068031 11.589637 20.368352 6
3.898319 0.902045 20.264037 6
7.046720 20.645542 6.057094 6
3.454476 11.640392 22.694551 6
0.179515 9.804634 8.428683 6
3.102233 21.403817 7.885023 1
0.533389 0.128660 22.153207 1
4.155451 10.693800 6.495578 1
6.724605 10.845442 20.743594 1
4.224263 0.169651 20.717410 1
6.808366 21.317428 6.473844 1
3.035453 10.846285 22.147622 1
0.446346 10.587029 7.778384 1
