1.378428 7.924071 1.327629 16
5.291008 3.323073 11.140349 16
3.636590 10.824970 5.741171 16
3.089407 0.615217 6.833080 16
1.638672 0.166002 1.211149 9
5.139867 11.111955 11.217679 9
1.356533 -0.395344 12.546121 9
3.443473 10.620015 12.396643 9
2.107871 1.964261 2.966212 9
4.762129 9.278532 9.688436 9
3.031873 2.960113 1.267420 9
3.716832 8.349148 11.254136 9
4.309728 2.458618 3.962653 9
2.435769 8.855013 8.573046 9
5.327371 2.213879 2.045889 9
1.402048 9.016973 10.450088 9
-0.503699 5.874462 1.524463 7
7.388043 5.428817 11.001643 7
9.032125 -0.189309 6.980404 7
-2.463728 11.447894 5.493444 7
0.517047 11.699716 2.231327 6
6.217673 -0.565592 10.447302 6
4.634030 0.160501 3.040864 6
2.143559 11.072485 9.535360 6
0.594122 10.245354 1.819457 6
6.252308 0.907633 10.727214 6
-0.568682 9.589887 1.941592 6
7.246177 1.725316 10.576280 6
-1.504719 9.738790 2.166681 1
8.253667 1.544296 10.341648 1
-0.273736 8.180598 1.632898 6
7.043821 3.051744 10.860346 6
1.640832 9.672966 1.546645 6
5.064233 1.643754 11.016255 6
3.100928 10.257751 1.301148 6
3.624623 1.165440 11.175449 6
2.921662 11.067774 1.082041 1
3.628513 0.201661 11.509521 1
3.462494 9.699616 0.729267 1
3.192936 1.609468 11.967516 1
3.561150 10.036345 2.242008 1
3.225411 1.099376 10.375962 1
-1.218844 7.036167 1.801779 6
7.947009 4.208263 10.921242 6
9.447331 7.042885 2.077736 6
-2.698170 4.118935 10.649361 6
9.056120 7.951417 2.126752 1
-2.324309 3.416670 10.460182 1
8.699554 6.013355 2.128231 6
-1.885759 5.405799 10.564364 6
9.209475 4.732012 1.856055 6
-2.655922 6.683447 10.655589 6
-1.375136 4.686969 1.632336 6
8.039329 6.522823 10.911713 6
8.553554 3.399329 1.844322 6
-1.884651 7.849852 10.648019 6
7.753514 3.493165 2.027490 1
-0.875165 7.893850 10.573853 1
9.162657 2.386525 1.581798 6
-2.592173 8.906758 10.868956 6
8.701613 1.562569 1.616640 1
-2.131401 9.858142 10.990452 1
10.662064 2.352263 1.289424 6
-3.909009 9.015444 11.141264 6
11.133695 1.534932 1.134042 1
-4.438680 9.878213 11.335077 1
-0.616022 3.449994 1.419980 6
7.399607 7.825382 11.207182 6
0.307520 3.392703 1.213295 1
6.461180 7.811164 11.472426 1
7.256347 5.972854 2.325605 6
-0.511822 5.288655 10.172327 6
6.316710 6.651853 1.497098 6
0.354073 4.727002 11.059348 6
6.668425 6.860974 0.689034 1
0.133528 4.276433 11.897340 1
4.911870 6.621765 1.705160 6
1.861487 4.641995 10.966210 6
4.459411 6.989069 1.078000 1
2.433532 4.157590 11.427390 1
4.453057 6.210239 2.950797 6
2.206180 5.061793 9.744614 6
3.456321 6.360803 3.049574 1
3.200059 5.024517 9.487142 1
5.340277 5.687419 3.716342 6
1.463696 5.540995 8.788955 6
4.861374 5.397681 4.607455 1
1.787759 5.987379 8.013934 1
6.714940 5.507840 3.585565 6
-0.006255 5.665549 8.903749 6
7.128219 5.260887 4.166177 1
-0.578885 6.000508 8.336269 1
2.817910 0.557462 1.340909 6
3.915988 10.797252 11.106031 6
3.018733 1.905096 2.129816 6
3.700811 9.435571 10.526955 6
4.413569 1.649329 2.796690 6
2.349734 9.642533 9.646906 6
5.558865 -0.180302 3.928559 6
1.191653 11.405045 8.562846 6
6.701904 0.443384 4.194985 6
0.023079 10.704175 8.249315 6
7.071860 1.401072 3.892224 1
-0.239197 9.909682 8.783935 1
7.516458 -0.016459 5.211155 6
-0.756360 11.311752 7.356481 6
2.195387 10.892282 4.673364 6
4.495369 0.489528 7.872954 6
1.191785 9.845925 4.861584 6
5.675806 1.530234 7.591167 6
0.326436 10.341523 4.770590 1
6.400198 1.088557 7.954698 1
1.159631 9.582634 5.799008 1
5.515786 1.854095 6.749947 1
1.372519 9.148157 4.299421 1
5.386834 2.232925 8.353915 1
8.688205 0.549388 5.823084 6
-2.027688 10.702642 6.744236 6
9.376641 1.751828 5.477724 6
-2.617202 9.657902 7.209004 6
9.051905 2.091253 4.543787 1
-2.468846 9.276870 8.001544 1
-1.428034 2.168370 6.171619 6
8.207867 9.054724 6.420604 6
-1.133777 1.592653 7.297429 6
7.815057 9.735873 5.267370 6
10.167316 0.286166 7.731718 6
-3.518244 11.018382 4.918048 6
-0.140867 2.020678 8.274795 6
6.843106 9.260720 4.211592 6
0.373373 2.873234 7.979862 1
6.438847 8.524171 4.550201 1
0.154320 1.404545 9.467062 6
6.651774 9.825080 3.114813 6
0.694313 1.810700 9.989596 1
5.889396 9.539859 2.642808 1
-0.610658 0.259500 9.738505 6
7.211079 11.169003 2.728579 6
-0.324152 -0.351576 10.624191 1
7.127585 11.518521 2.069045 1
10.431157 -0.346661 8.810956 6
8.137931 11.540358 3.748013 6
6.863224 11.104475 9.041068 1
-0.095097 0.228578 3.431633 1
-0.741640 3.449576 5.733827 6
7.561694 7.983114 6.833606 6
-1.386517 4.572588 5.322639 6
8.187037 6.610584 7.186493 6
9.508556 4.659194 5.552993 1
-2.806678 6.576754 7.020798 1
-0.801071 5.706141 4.953848 6
7.537373 5.518004 7.534702 6
-1.320384 6.548042 4.719548 1
8.049694 4.773573 7.667260 1
0.635202 5.622021 4.781479 6
6.130433 5.595075 7.860415 6
1.113728 6.372437 4.379845 1
5.651406 4.848974 8.108893 1
1.291409 4.398833 4.888141 6
5.418603 6.769186 7.511771 6
2.221598 4.472391 4.874574 1
4.436266 6.873210 7.733069 1
0.506160 3.409505 5.436709 6
6.043377 7.944102 7.117915 6
0.991492 2.486508 5.621898 1
5.644321 8.641061 6.886237 1
