4.057156 5.186115 0.780262 9
2.840494 2.621016 12.143009 9
6.269000 1.499061 0.679686 9
0.671039 4.023555 12.009892 9
6.581789 3.627595 2.334189 9
0.307840 1.021972 10.428269 9
4.705329 4.323128 4.004522 9
2.328782 1.710295 8.723144 9
4.245684 1.103010 1.615397 6
2.784251 3.657330 11.162754 6
5.327847 1.719065 1.659244 6
1.651912 4.458350 11.257275 6
5.481910 2.787779 2.386183 6
1.512446 0.229042 10.441169 6
4.369884 3.235950 3.200443 6
2.463292 0.642874 9.594905 6
3.254253 2.408044 3.418549 6
3.683573 4.994938 9.459838 6
3.137265 1.344162 2.552066 6
3.920249 3.890407 10.290109 6
1.707897 0.617753 2.405900 6
5.157961 3.225945 10.374658 6
1.598041 4.869074 1.608433 6
5.534941 2.261348 11.201018 6
2.208238 4.313125 1.092282 1
4.720065 1.791124 11.749074 1
0.176560 4.389571 1.288718 6
6.814679 1.766105 11.503177 6
0.070732 3.621817 0.837788 1
6.804644 0.899143 11.956330 1
11.737313 5.186254 1.694183 6
-4.775196 2.597662 11.087362 6
10.401226 4.926592 1.266537 6
-3.509386 2.246835 11.525513 6
10.325329 4.145179 0.685585 1
-3.304048 1.533796 12.134246 1
9.361506 0.487639 1.620859 6
-2.459398 3.011577 11.222029 6
8.571019 0.228698 1.287892 1
-1.546876 2.893885 11.450183 1
9.619314 1.581214 2.495618 6
-2.623278 4.243354 10.332691 6
8.932871 2.086600 2.647979 1
-1.992139 4.871461 10.097705 1
10.975699 1.887831 2.984327 6
-3.935586 4.473883 9.838054 6
-1.591372 2.574974 3.628256 1
-3.972977 5.205119 9.331920 1
-0.515825 0.939241 2.707882 6
7.694498 3.612103 10.042219 6
0.689741 1.281014 3.115861 6
6.273342 3.874758 9.631511 6
0.946005 1.914525 4.415568 6
5.873663 4.655258 8.527897 6
0.247383 2.033795 5.532133 6
6.837721 4.675124 7.232728 6
-0.876680 0.958777 5.705282 6
7.713389 3.542171 7.085939 6
-0.851246 0.352050 4.996825 1
8.030326 2.865351 7.812446 1
-1.577844 1.061691 6.832362 6
8.559971 3.538528 5.936705 6
-2.218150 0.257298 6.971913 1
9.275967 2.881939 5.758998 1
-1.395038 1.883423 7.922342 6
8.353852 4.640867 4.961219 6
-1.990360 2.049041 8.636526 1
8.957992 4.589884 4.195562 1
-0.352013 2.971399 7.752922 6
7.378043 0.385502 5.202539 6
-0.354430 3.574247 8.320174 1
7.300297 0.950993 4.536646 1
0.389045 2.973935 6.614713 6
6.614147 0.386716 6.380321 6
1.460976 3.718764 6.345157 6
5.452812 1.084076 6.354956 6
1.561647 4.402674 7.121681 1
5.379397 1.769724 5.708589 1
2.485916 3.678107 5.526943 6
4.483773 1.136613 7.347470 6
3.138031 4.224147 5.518995 1
3.721949 1.535704 7.375769 1
2.304923 2.683764 4.460689 6
4.705876 0.139620 8.398193 6
