9.792021 1.022522 1.076278 35
7.814319 0.978930 8.846277 35
20.729887 4.726311 1.145441 35
-3.031390 4.616146 8.716614 35
4.028816 6.369924 18.730069 35
5.955823 6.504994 10.871221 35
-6.916819 2.712683 18.710795 35
16.718375 2.672537 10.941718 35
7.023304 2.164789 4.084752 16
10.851262 2.002732 5.733604 16
17.792476 5.793744 4.065424 16
-0.079698 5.753075 5.712010 16
6.818730 5.291436 15.568343 16
3.054251 5.232024 14.102453 16
-3.915443 1.703795 15.664861 16
13.885162 1.587700 13.973687 16
5.439521 0.802221 5.938429 8
12.415278 0.925164 3.879577 8
16.300795 4.655217 5.939342 8
1.414904 4.526495 3.845609 8
8.393861 6.477039 13.858320 8
1.542392 6.620103 15.882512 8
-2.467566 2.804975 13.802164 8
12.327716 2.806998 15.819867 8
7.893969 4.700555 3.127142 8
9.756923 4.609144 6.692067 8
18.815783 0.901097 3.255084 8
-1.020652 1.006191 6.652479 8
5.934225 2.684531 16.666575 8
3.901417 2.764439 13.162032 8
-4.912492 6.516540 16.486624 8
14.781663 6.454390 13.054304 8
8.244134 5.517122 2.902026 1
9.532523 5.359202 6.958101 1
18.909915 1.726459 2.934102 1
-1.183529 1.769157 6.948763 1
5.580861 1.906719 16.870093 1
4.209914 1.960198 12.845084 1
-5.126516 5.767011 16.872129 1
15.131176 5.638871 12.693058 1
8.241809 0.129456 3.178922 7
9.645514 0.161742 6.838086 7
18.926542 3.847313 3.171137 7
-1.327018 3.776827 6.795894 7
5.558895 7.323234 16.548475 7
4.144171 0.034146 13.039116 7
-5.218186 3.621850 16.645529 7
15.082717 3.740968 12.970190 7
6.626652 6.977059 4.801665 7
11.124574 6.808785 5.056697 7
17.504352 3.108938 4.832997 7
0.182228 3.118230 4.994976 7
7.137146 0.620151 15.018267 7
2.781700 0.470228 14.780585 7
-3.644901 4.222790 15.007614 7
13.671094 4.236844 14.647926 7
6.941264 6.147047 4.733012 1
10.719710 6.000562 5.221582 1
17.727770 2.310300 4.641994 1
-0.050828 2.285668 5.197095 1
6.828958 1.440549 15.017456 1
2.948822 1.432187 14.612864 1
-3.968271 5.008457 15.044160 1
13.922579 5.132124 14.632412 1
7.293424 0.482188 4.007599 6
10.372626 0.442814 5.907565 6
18.119061 4.190293 3.998070 6
-0.434511 4.075938 5.853786 6
6.507240 7.002106 15.832709 6
3.327000 6.940191 13.875114 6
-4.424383 3.238739 15.705468 6
14.281397 3.399897 13.992876 6
8.606468 1.195356 2.461038 6
9.138349 1.163870 7.464254 6
19.484247 4.929097 2.360934 6
-1.579657 4.915202 7.349177 6
5.224487 6.314332 17.269459 6
4.590175 6.184585 12.296590 6
-5.519529 2.482015 17.338239 6
15.534431 2.474604 12.279717 6
8.098719 2.333256 2.904117 6
9.795276 2.422737 7.078646 6
18.927035 6.030247 2.726193 6
-1.176925 6.139133 6.971277 6
5.690214 5.102696 16.877291 6
4.105461 5.026735 12.664299 6
-5.032723 1.331275 16.996217 6
14.985859 1.422266 12.649714 6
5.798385 7.214957 5.697190 6
12.092963 7.077532 4.105144 6
16.664970 3.499749 5.734003 6
1.136021 3.378962 4.035420 6
8.093083 0.293930 14.018486 6
1.751795 0.283911 15.618412 6
-2.721237 3.932142 13.943679 6
12.584613 3.997549 15.644124 6
5.037813 5.877495 6.415847 6
12.731233 5.956692 3.446763 6
15.873819 2.223001 6.349682 6
1.696880 2.175207 3.439643 6
8.646149 1.507451 13.315401 6
1.225298 1.489522 16.275696 6
-2.239019 5.157376 13.297000 6
11.938439 5.179918 16.202540 6
6.268366 5.082365 7.094764 6
11.489818 5.074484 2.812355 6
17.120079 1.310244 7.155274 6
0.639009 1.380614 2.882125 6
7.533101 2.321366 12.654059 6
2.213837 2.368935 16.932407 6
-3.154662 6.108871 12.688722 6
13.106713 6.140728 16.941145 6
6.790039 4.888102 6.362864 1
10.836957 4.883025 3.543466 1
17.658540 1.186157 6.358266 1
0.071842 1.106101 3.423751 1
6.933919 2.702658 13.405980 1
2.830593 2.677352 16.305041 1
-3.914282 6.324220 13.275477 1
13.841045 6.364647 16.329971 1
5.781927 4.271464 7.534758 1
11.997158 4.227256 2.357083 1
16.712996 0.617267 7.513155 1
1.020240 0.532269 2.272994 1
8.074860 3.093705 12.161163 1
1.947740 3.164332 17.374091 1
-2.939004 6.769212 12.164440 1
12.698730 6.797839 17.491737 1
6.739912 5.579672 7.848430 1
11.069832 5.721260 2.123400 1
17.465305 2.007899 7.846507 1
0.161380 1.905875 2.189428 1
7.168654 1.827472 12.059431 1
2.768321 1.833791 17.538361 1
-3.594220 5.549533 12.060580 1
13.616537 5.583744 17.628244 1
4.161668 6.420008 7.364466 6
13.619769 6.362659 2.402645 6
14.879771 2.639007 7.428980 6
2.727819 2.634296 2.444038 6
9.631221 0.999718 12.233534 6
0.191918 1.110919 17.279180 6
-1.142283 4.798388 12.229954 6
10.944159 4.723102 17.258692 6
3.396774 6.819556 7.016067 1
14.294673 6.796678 2.773850 1
14.333475 3.271063 7.089321 1
3.469110 3.235547 2.807779 1
10.488514 0.444845 12.801761 1
-0.566421 0.613386 16.797054 1
-0.437922 4.299813 12.787447 1
10.355572 4.250314 16.907645 1
4.575740 6.845773 8.097009 1
13.201421 6.896283 1.835494 1
15.481589 3.282810 8.037654 1
2.438961 3.191239 1.847128 1
9.308847 0.444573 11.627388 1
0.527242 0.518562 17.965560 1
-1.532434 4.144356 11.751871 1
11.367607 4.284825 18.068775 1
3.619633 5.646946 7.877744 1
14.018702 5.631766 1.929425 1
14.541724 1.843803 7.912059 1
3.255751 1.899497 1.969801 1
10.024771 1.771220 11.928073 1
-0.129707 1.897646 17.787613 1
-0.658402 5.478100 11.797523 1
10.645946 5.592058 17.765865 1
4.506791 5.065332 5.318376 6
13.358737 5.080720 4.454507 6
15.382039 1.363999 5.370302 6
2.486901 1.293755 4.475038 6
9.365200 2.394566 14.452432 6
0.412664 2.442515 15.245832 6
-1.450110 5.993240 14.381412 6
11.287893 6.173608 15.223068 6
3.918011 5.605901 4.900897 1
14.005357 5.678140 5.028954 1
14.601442 1.812385 4.913341 1
3.166587 1.874291 5.101389 1
9.907260 1.745839 14.980476 1
-0.150016 1.763058 14.666090 1
-0.854954 5.535114 14.914103 1
10.838828 5.562759 14.743593 1
3.979050 4.327150 5.689082 1
13.750892 4.336647 4.033525 1
14.780026 0.664263 5.857456 1
3.023402 0.555177 4.073155 1
9.838585 3.142278 13.926233 1
0.120444 3.171104 15.616457 1
-1.035539 6.736294 14.083741 1
10.953843 6.884676 15.645232 1
5.079140 4.631431 4.684963 1
12.697098 4.748666 5.153647 1
15.880875 1.015098 4.754836 1
1.726818 1.077604 5.222905 1
8.767980 2.675374 14.999557 1
1.138982 2.790422 14.683930 1
-2.091763 6.395877 14.990108 1
11.955567 6.386904 14.726521 1
8.204193 3.717700 2.135104 6
9.491753 3.754502 7.762839 6
19.077987 0.004372 2.272033 6
-1.294936 7.417004 7.709884 6
5.542499 3.749660 17.486519 6
4.360989 3.702461 12.081208 6
-5.206570 0.042217 17.491003 6
15.102549 7.328773 12.136487 6
9.151019 3.838391 2.071595 1
8.477092 3.789480 7.882987 1
20.086644 0.015719 2.076219 1
-2.387125 0.048329 7.852381 1
4.681865 3.597945 17.695532 1
5.204635 3.643682 11.902415 1
-6.308253 7.324658 17.755772 1
16.119227 7.274524 11.857228 1
7.471863 3.965547 0.890153 6
10.196988 3.939199 8.957281 6
18.470667 0.241950 0.913940 6
-0.636370 0.287548 9.020056 6
6.312115 3.405946 18.865630 6
3.507273 3.568074 10.718080 6
-4.476651 7.265569 18.847957 6
14.468562 7.108553 10.866578 6
0.266178 4.680222 19.582393 6
9.700218 4.699174 10.023394 6
11.156271 0.953308 19.659583 6
-1.174280 0.855352 10.106561 6
13.569824 2.853921 0.069319 6
4.219235 2.743800 9.738653 6
2.662620 6.521306 0.142176 6
15.058949 6.616487 9.804679 6
1.162653 4.811705 19.653881 1
8.696926 4.914301 10.012807 1
12.111845 1.120729 19.708452 1
-2.030916 1.117899 9.891293 1
12.610485 2.477156 0.132024 1
5.133025 2.629973 9.938584 1
1.723089 6.246690 0.082910 1
15.989523 6.321317 9.839618 1
-0.423566 4.817167 18.443976 6
10.225209 4.817748 11.238245 6
10.444881 1.202531 18.399539 6
-0.665784 1.108620 11.264806 6
14.143404 2.500816 1.351236 6
3.487535 2.463109 8.647854 6
3.409560 6.304759 1.315534 6
14.428777 6.285854 8.493193 6
0.050693 5.365870 17.681046 1
9.793389 5.317572 11.830695 1
10.821506 1.612283 17.706477 1
-1.040669 1.552438 11.829764 1
13.710634 2.184992 2.104321 1
4.004176 2.206531 7.762134 1
3.016911 5.810147 1.941675 1
14.757643 5.762111 7.849655 1
-1.726902 4.476860 18.343878 6
11.582724 4.422145 11.336956 6
9.126290 0.673059 18.341821 6
0.792768 0.769639 11.256006 6
15.434165 2.961018 1.414862 6
2.187305 2.997450 8.416677 6
4.652166 6.596015 1.525222 6
13.177292 6.674680 8.355224 6
-2.175413 4.615551 17.464708 1
12.041991 4.653563 12.055043 1
8.773752 0.923203 17.499919 1
1.160739 0.987480 12.199810 1
15.941784 2.756882 2.327382 1
1.887786 2.791760 7.623571 1
5.142624 6.561333 2.231152 1
12.672176 6.434594 7.674604 1
-2.232135 3.888811 19.255092 6
12.151949 3.837526 10.393581 6
8.462993 0.170410 19.222218 6
1.430489 0.039983 10.332077 6
16.176138 3.644702 0.451722 6
1.649719 3.632384 9.402715 6
5.209840 7.312718 0.548056 6
12.520963 7.294055 9.347341 6
-3.167017 3.471754 19.192648 1
13.131262 3.567971 10.508088 1
7.564607 7.274600 19.098899 1
2.230366 7.287951 10.479546 1
17.093386 3.958180 0.504842 1
0.827902 3.969973 9.217731 1
6.146944 0.201670 0.646102 1
11.615667 0.152819 9.325971 1
6.142113 3.588916 0.717671 6
11.615565 3.610779 9.088680 6
17.160738 7.202019 0.678802 6
0.791851 7.267011 9.198666 6
7.544816 3.976521 19.094083 6
2.291085 3.807617 10.639630 6
-3.243430 0.253581 19.092240 6
13.097133 0.220259 10.645654 6
5.838412 3.113584 1.446888 1
11.880854 2.983819 8.466355 1
16.611009 6.764631 1.440711 1
1.136640 6.754296 8.576990 1
8.127543 4.419787 18.390823 1
1.780078 4.291859 11.232921 1
-2.844116 0.737780 18.286215 1
12.668836 0.607054 11.264602 1
