5.849040 7.503581 0.430853 16
0.654764 0.417233 12.876902 16
8.571949 -0.027766 2.412969 16
-2.081733 7.936603 10.842535 16
-0.425003 6.919466 5.664286 16
7.096429 1.113042 7.470217 16
-0.269899 4.350748 4.231919 16
6.804053 3.742289 8.982432 16
0.811415 5.916790 0.671545 8
5.837794 2.037522 12.588750 8
5.030864 4.685427 3.720395 8
1.493978 3.260297 9.370716 8
4.732154 0.594394 2.717539 8
1.926399 7.352220 10.503105 8
3.869159 6.786260 6.461240 8
2.612215 1.258642 6.589320 8
1.909688 5.553616 1.466223 6
4.708272 2.362780 11.856050 6
1.663482 4.725184 2.365439 6
4.823676 3.279101 10.917781 6
2.714876 4.455886 3.156422 6
3.668658 3.515082 10.010652 6
2.677112 3.845634 4.018292 1
3.774239 4.289389 9.320363 1
4.029759 5.072379 3.017382 6
2.485570 2.923666 10.164430 6
4.216053 5.964814 1.926692 6
2.291042 2.131978 11.308423 6
3.116130 6.144262 1.190601 6
3.375062 1.743984 12.087567 6
3.271972 6.872283 0.524318 1
3.420753 1.080119 12.760565 1
5.633038 6.529854 1.822223 6
0.974034 1.579604 11.511016 6
6.146447 5.795045 1.671949 1
0.376833 2.230181 11.593925 1
5.845754 6.861864 2.552818 1
0.757973 1.078031 10.690485 1
5.208523 9.039311 1.156676 6
1.350718 -1.155872 12.060661 6
4.396258 9.017485 1.508962 1
2.098851 -0.964473 11.761426 1
7.543439 0.035947 0.425937 1
-1.101742 7.855281 12.929490 1
7.318193 0.720851 3.405314 6
-0.902658 7.280618 9.691955 6
7.856405 1.235448 4.208544 1
-1.297427 6.831439 9.010677 1
7.017474 1.473782 3.065928 1
-0.419847 6.501712 10.209724 1
6.405380 -0.185058 4.114671 6
0.145224 8.323812 9.249094 6
4.434857 8.486763 4.910945 6
2.148283 -0.647603 8.227214 6
5.443577 8.493931 5.215806 1
1.085797 -0.480338 8.042947 1
3.616564 7.660961 5.658481 6
2.988577 0.336355 7.540558 6
2.221098 7.710045 5.206409 6
4.340762 0.216902 7.894147 6
1.790756 8.583443 4.388701 6
4.706287 -0.654075 8.891903 6
0.867776 8.628125 4.068397 1
5.595274 -0.742577 9.223439 1
5.013609 -0.257415 3.705295 6
1.429518 8.134856 9.626336 6
1.320907 6.677912 5.897059 6
5.272978 1.230465 7.136187 6
1.511396 6.837104 6.902438 1
5.169217 1.100002 6.244344 1
1.445732 5.798620 5.676346 1
5.069221 2.007206 7.511368 1
-0.574422 5.990694 4.146463 6
7.135413 1.882702 9.006589 6
0.106169 6.447373 3.425624 1
6.437014 1.616336 9.694510 1
-1.554909 6.154768 3.749411 1
7.997330 1.706935 9.543842 1
0.317847 3.850732 2.559857 6
6.237966 4.051090 10.494514 6
0.478490 3.007137 2.486995 1
6.061005 4.878196 10.623734 1
-0.357299 4.275956 1.965817 1
6.774352 3.692068 11.258826 1
0.636376 5.066564 12.754609 6
6.034137 2.994860 0.318714 6
-0.147127 5.208401 12.370055 1
6.748669 2.839963 0.922747 1
1.309275 4.946194 12.213098 1
5.156070 3.070784 0.949932 1
1.058914 7.714557 0.099349 1
5.542704 0.340933 13.062481 1
4.929578 3.828761 4.730851 6
1.493014 4.272958 8.390046 6
5.944236 3.605331 5.283970 1
0.598624 4.230159 7.952733 1
4.725726 2.932236 4.503631 1
1.716047 5.007859 8.864955 1
4.329072 4.096522 5.392275 1
2.117506 3.947239 7.800501 1
3.379246 0.815890 2.343892 6
3.230614 7.205341 10.782867 6
3.141580 1.347236 1.738676 1
3.337189 6.582695 11.442581 1
2.802995 0.851714 3.155580 1
3.714866 6.957075 9.998721 1
3.167426 -0.065163 2.070883 1
3.549272 8.067821 11.211458 1
5.202944 6.701636 7.054959 6
1.391887 1.314301 6.213894 6
5.352716 6.033495 7.607110 1
1.215406 1.859663 5.572327 1
5.481948 7.615952 7.308400 1
1.016362 0.407531 5.746231 1
5.911452 6.510121 6.307845 1
0.742133 1.518976 6.959838 1
