2.040255 8.196580 1.605196 29
0.042369 12.116194 1.606985 29
-2.335784 8.385508 1.466853 29
-6.294433 13.082362 6.354626 29
0.091099 2.574241 6.404663 29
6.096789 13.338681 6.430227 29
10.354622 3.389333 11.350367 29
8.400808 7.353592 11.322084 29
6.019596 3.657734 11.310010 29
6.170249 6.157560 13.077117 29
8.112399 2.303853 13.056504 29
10.574023 5.923390 13.126267 29
-2.182082 10.871725 3.308151 29
-0.163757 7.060845 3.401533 29
2.329073 10.791144 3.397046 29
14.486096 1.321173 8.227474 29
8.262648 11.963184 8.158360 29
2.300470 1.110384 8.300999 29
0.029894 9.567116 14.487768 29
8.320494 14.356795 4.745784 29
8.349188 4.880734 9.569924 29
8.216347 4.890290 0.190138 29
-0.043898 9.494616 5.068235 29
16.534281 0.086252 9.918908 29
0.006426 9.498426 2.486026 17
16.531649 0.017321 7.242107 17
8.398950 4.851020 12.146565 17
-0.319240 6.061005 0.053139 15
3.145432 10.982434 0.134996 15
-2.782409 11.634098 0.175974 15
7.984944 10.975797 5.083100 15
3.211863 1.457475 4.958610 15
13.833679 2.079979 5.029784 15
8.003482 1.291961 9.856649 15
11.443668 6.269429 9.984792 15
5.493772 6.823470 9.966225 15
8.638819 8.290744 14.629458 15
5.036277 3.227509 14.591363 15
11.272585 2.701457 14.508331 15
0.208894 13.057346 4.785440 15
-3.169905 8.182354 4.715062 15
2.858608 7.627760 4.680968 15
0.322449 3.559270 9.711893 15
5.218091 12.884346 9.595589 15
-5.464078 12.277812 9.605872 15
0.029924 9.606550 9.762759 15
0.005386 0.017787 14.581363 15
8.308115 4.771437 4.793552 15
2.260296 9.367218 14.178425 16
-0.851993 11.633331 14.301040 16
-1.236407 7.725870 14.253280 16
-6.048121 14.095071 4.372978 16
-0.995165 2.153335 4.515873 16
6.911036 12.522339 4.527297 16
10.620900 4.513215 9.355585 16
7.387114 6.963357 9.368187 16
7.034284 3.007770 9.363486 16
6.056099 4.972414 0.520802 16
9.141353 2.806335 0.478810 16
9.620284 6.624849 0.477165 16
-2.233168 9.784866 5.222490 16
0.952549 7.431312 5.288382 16
1.425219 11.341289 5.406945 16
14.311969 0.267232 10.181298 16
9.274802 12.354794 10.266976 16
1.254096 1.847031 10.158839 16
1.042327 6.285643 1.657177 16
2.464646 12.212622 1.572298 16
-3.539107 10.392412 1.552893 16
9.326028 11.064810 6.436581 16
2.361490 2.688772 6.585705 16
13.082442 0.872345 6.562832 16
9.375755 1.411569 11.411143 16
10.738523 7.412420 11.348572 16
4.840136 5.607407 11.430888 16
7.340123 8.271535 13.079305 16
5.959001 2.192782 13.127283 16
11.874304 3.947234 12.994006 16
-1.118295 12.960604 3.351127 16
-2.382519 7.010775 3.308405 16
3.571752 8.769169 3.165768 16
-1.112841 3.325037 8.078887 16
5.897111 11.862563 8.180288 16
-4.822350 13.674719 8.244504 16
0.229755 8.251847 10.631039 9
1.045530 10.458636 10.798626 9
-1.214915 9.942418 10.764253 9
8.526895 13.070064 0.988413 9
1.010510 0.917638 0.932351 9
15.381005 0.400787 0.897795 9
8.601226 3.488706 5.802226 9
9.338226 5.641347 5.860912 9
6.978477 5.215203 5.813628 9
7.958670 6.106395 4.017476 9
7.359813 4.005849 4.035466 9
9.593181 4.344115 4.011584 9
-0.218531 10.820740 8.800134 9
-1.017770 8.696793 8.909024 9
1.292300 9.214586 8.806707 9
-0.168431 1.327574 13.660328 9
7.310681 13.483090 13.777871 9
-7.148349 13.890036 13.810107 9
0.311225 5.468836 13.469315 8
3.407153 12.052539 13.616593 8
-3.831810 11.337667 13.585128 8
8.592385 10.315765 3.815789 8
3.485798 2.440129 3.761673 8
12.828564 1.759300 3.855776 8
8.730757 0.650385 8.720016 8
11.682642 7.182041 8.637552 8
4.566930 6.539572 8.603610 8
7.899858 9.004022 1.100484 8
4.804337 2.440355 1.076909 8
12.093144 3.085878 1.027932 8
-0.442064 13.727743 5.958228 8
-3.452747 7.171170 5.923465 8
3.718065 7.872061 6.064532 8
-0.403624 4.231147 10.934821 8
4.886659 11.981357 11.001883 8
-4.576482 12.693570 10.953886 8
-1.467473 4.974454 0.475624 8
4.652435 10.662034 0.424589 8
-3.121354 13.011753 0.600818 8
6.976207 9.766057 5.309624 8
4.592768 0.970463 5.315669 8
13.464440 3.476332 5.491320 8
6.903022 0.251174 10.261589 8
12.901990 5.922799 10.317562 8
5.137727 8.374391 10.210656 8
9.731115 9.322914 14.249861 8
3.758184 3.694372 14.081626 8
11.489119 1.211286 14.136799 8
1.370830 14.197503 4.461464 8
-4.569172 8.507281 4.341696 8
3.275130 6.116221 4.410015 8
1.455118 4.620752 9.357154 8
3.664986 13.271771 9.200462 8
-5.166178 10.884880 9.311206 8
1.416599 6.050210 12.911325 6
2.293314 12.619782 12.907081 6
-3.793364 10.012821 12.846236 6
9.805802 10.927515 3.022908 6
2.251283 2.948260 3.103167 6
12.813389 0.425079 3.029806 6
9.878303 1.223009 7.993890 6
10.517094 7.756391 7.966810 6
4.547982 5.334902 7.940121 6
6.778807 8.359856 1.829008 6
6.108699 1.748665 1.800568 6
12.110015 4.297075 1.710512 6
-1.570405 13.097142 6.645114 6
-2.191642 6.546690 6.667744 6
3.817203 9.076198 6.737703 6
-1.580251 3.537704 11.506894 6
5.937476 11.435101 11.578120 6
-4.617224 13.990275 11.528592 6
1.218492 6.991387 12.511540 1
1.598138 11.916749 12.634523 1
-2.925766 9.765978 12.588212 1
9.503346 11.811069 2.808230 1
1.604882 2.401410 2.877782 1
13.831425 0.207561 2.724963 1
9.587978 2.273121 7.773244 1
9.983014 7.183140 7.667800 1
5.532013 5.135811 7.583799 1
7.068731 7.504905 2.114148 1
6.673734 2.441231 2.098896 1
11.272755 4.478239 2.169404 1
-1.310769 12.104759 6.932204 1
-1.679518 7.293036 7.011732 1
2.855044 9.397823 6.997775 1
-1.174086 2.515127 11.892137 1
6.633101 12.055769 11.883168 1
-5.444951 14.039931 11.936843 1
1.817969 5.496418 12.010997 1
2.581267 13.218547 12.151871 1
-4.404449 10.072424 12.127840 1
10.097494 10.378165 2.362294 1
2.552719 3.562069 2.242515 1
12.217791 0.508226 2.334954 1
10.049104 0.744720 7.183842 1
10.896364 8.262171 7.231660 1
3.963980 5.331969 7.140298 1
6.633103 8.826689 2.670658 1
5.767662 1.173009 2.605064 1
12.659971 4.197025 2.590664 1
-1.751687 13.675953 7.463910 1
-2.538829 5.996566 7.393901 1
4.466941 9.126718 7.477646 1
-1.765681 4.134632 12.440164 1
5.593111 10.882493 12.339565 1
-3.881119 13.823448 12.369601 1
2.191379 6.242878 13.516926 1
1.769954 13.274206 13.491457 1
-4.161730 9.366945 13.422468 1
-6.080770 11.060066 3.765346 1
1.739431 3.578412 3.708835 1
4.205134 14.068375 3.748319 1
10.555220 1.446200 8.559314 1
10.156830 8.526402 8.680567 1
4.179976 4.529124 8.687090 1
6.135393 8.129650 1.242565 1
6.563333 1.077826 1.144860 1
12.296765 5.117677 1.263458 1
-2.168044 13.058827 6.025565 1
-1.847725 6.010012 6.161864 1
3.987570 9.770794 6.144985 1
14.301602 3.504895 10.976372 1
6.392445 10.786794 11.066759 1
4.074874 0.158763 11.022030 1
-1.175038 3.820345 1.007039 6
5.530091 11.596501 1.019050 6
-4.451651 13.375821 0.986436 6
7.182638 8.521164 5.903487 6
5.563990 2.066457 5.941923 6
12.076431 3.915678 5.848582 6
-1.130733 13.282306 10.824772 6
-2.773535 6.763513 10.864392 6
3.833380 8.613419 10.778048 6
9.346746 10.567765 13.553540 6
2.640088 2.837076 13.594639 6
12.816239 0.883051 13.569273 6
9.434878 1.083280 3.934550 6
11.026134 7.623471 3.868009 6
4.507513 5.807950 3.923654 6
1.151335 5.771242 8.763516 6
2.772342 12.313255 8.804780 6
-3.753154 10.543229 8.814369 6
-0.475760 3.230298 0.515079 1
5.632001 12.330853 0.599600 1
-5.190327 13.075299 0.543666 1
7.923087 8.037276 5.487860 1
5.645999 2.736631 5.455123 1
11.301205 3.488192 5.489140 1
-0.345702 12.945058 10.370236 1
-2.746097 7.649589 10.288925 1
2.979886 8.223295 10.326286 1
8.707272 11.023231 14.202559 1
2.649827 1.981809 14.154531 1
13.444559 1.283891 14.101757 1
8.617784 1.394015 4.438596 1
11.077855 6.779409 4.309001 1
5.143687 6.125087 4.441231 1
0.400878 6.311401 9.262888 1
2.721294 11.671208 9.290742 1
-3.072855 10.845549 9.189292 1
-1.814711 3.170625 1.060344 1
6.412044 11.118682 1.093307 1
3.655258 0.076091 1.027424 1
6.460811 7.967791 5.877974 1
6.496729 1.620866 5.905112 1
11.939724 4.901574 5.912049 1
-1.881201 12.774619 10.918114 1
-1.835250 6.320499 10.889213 1
3.603447 9.539085 10.814309 1
-6.464974 11.292820 13.653881 1
1.902885 3.252563 13.527131 1
4.678486 14.275322 13.513522 1
10.203602 1.637970 3.895164 1
10.196756 8.039330 3.884784 1
4.525916 4.816443 3.893590 1
1.807503 6.320673 8.769483 1
1.825397 12.757295 8.695134 1
-3.752819 9.616436 8.719252 1
-0.735635 3.881705 1.997657 1
5.350449 11.848738 2.055553 1
-4.636375 13.165474 2.000386 1
7.465247 8.726265 6.872283 1
5.283445 2.288364 6.891924 1
12.060649 3.584414 6.836735 1
-0.788436 13.518167 11.666176 1
-2.970022 7.084942 11.818719 1
3.655902 8.218872 11.773165 1
9.142258 10.610744 12.765033 1
2.896145 2.533366 12.773634 1
12.918560 1.184709 12.774401 1
8.995824 0.867718 2.828657 1
11.314021 7.313613 2.938488 1
4.538154 6.017995 3.013863 1
0.811704 5.711640 7.821113 1
3.048255 12.133447 7.871818 1
-3.710111 10.934091 7.750000 1
