0.346471 6.878530 10.111741 6
6.830926 7.512034 10.103225 6
7.236180 14.334384 2.745542 6
0.818182 0.397685 2.671909 6
12.273508 6.034946 9.858738 6
5.982427 8.591274 9.985003 6
6.161554 13.316836 2.536614 6
-0.121088 1.274238 2.605831 6
11.404670 5.966780 9.117583 6
5.035951 8.610222 9.202873 6
5.277971 13.218490 1.853370 6
11.760666 1.236884 1.882429 6
10.905995 5.142715 9.101357 1
4.334153 9.463155 9.202753 1
4.830800 12.474210 1.842266 1
11.162701 2.184238 1.725004 1
11.021438 7.064095 8.400447 6
4.582404 7.364611 8.331559 6
5.073422 14.386338 1.005695 6
11.432944 0.143996 0.966925 6
11.749590 8.369050 8.453199 6
5.305686 6.247933 8.439747 6
5.647415 0.968837 1.125724 6
12.091037 13.549327 1.013784 6
0.071223 8.324623 9.410604 6
6.506971 6.279324 9.472544 6
6.732199 0.963370 2.073032 6
0.452033 13.589856 2.123342 6
0.774406 9.464111 9.772311 6
7.136336 5.174272 9.795274 6
7.565715 2.179374 2.578287 6
1.090757 12.305508 2.559826 6
0.523160 10.477575 8.988128 6
7.021022 3.969145 8.869922 6
7.207815 3.290353 1.551370 6
0.900746 11.258817 1.604718 6
12.405105 10.479653 7.810517 6
6.051483 4.043392 7.910306 6
6.464211 3.335137 0.475398 6
12.731354 11.301934 0.562736 6
12.457852 11.253320 7.339799 1
5.947640 3.330130 7.364514 1
5.562755 4.033390 14.605123 1
12.030102 10.682460 14.648498 1
11.649378 9.360794 7.738892 6
5.167543 5.133439 7.892161 6
5.532880 2.203550 0.499613 6
12.055185 12.403654 0.493942 6
10.618818 9.361894 6.721176 6
4.177453 5.158232 6.752984 6
3.810083 2.184950 13.986387 6
10.210548 12.335734 14.058507 6
9.989606 7.167360 7.398788 6
3.502966 7.461524 7.374592 6
3.937442 14.535919 0.009834 6
10.224507 0.028810 0.029292 6
8.720729 8.253388 5.547727 6
2.316426 6.272566 5.501385 6
2.008830 0.893965 12.941246 6
8.422309 13.567696 12.957555 6
8.728968 7.455608 5.265368 1
2.261466 7.251292 5.195509 1
1.874939 0.108336 12.542235 1
8.315520 14.462020 12.502870 1
8.930031 8.949824 4.896253 1
2.548682 5.613956 4.890852 1
2.165223 1.593855 12.130907 1
8.544965 13.009736 12.237343 1
7.434623 8.575889 6.203369 6
0.963205 5.887988 6.278555 6
0.752309 1.375036 13.547368 6
7.043900 13.255168 13.590228 6
7.453097 9.548819 6.666614 1
1.040805 5.071320 6.597153 1
0.795354 2.191185 14.059653 1
7.116987 12.385945 13.961755 1
7.274581 8.043537 6.971008 1
0.830877 6.641779 6.870216 1
0.505225 0.688335 14.229450 1
6.777649 13.917539 14.219908 1
1.617012 7.107998 10.784326 6
8.118223 7.487656 10.777343 6
8.524571 14.330268 3.417390 6
2.031180 0.188077 3.321754 6
2.469281 5.989748 10.797290 6
9.004348 8.577452 10.910774 6
9.239609 13.322007 3.408314 6
2.937220 1.426706 3.471783 6
3.886578 6.086232 11.755099 6
10.300799 8.487437 11.763006 6
10.491183 13.382238 4.439848 6
4.087047 1.304566 4.541677 6
4.380031 5.434039 11.885341 1
10.789989 9.234497 11.928735 1
11.183248 12.687285 4.505004 1
4.671404 2.001411 4.615875 1
3.941124 7.011782 12.552597 6
10.332718 7.372109 12.515889 6
10.822657 14.338306 5.038510 6
4.336218 0.162530 5.113489 6
3.020416 8.139525 12.322674 6
9.606726 6.409764 12.274149 6
9.984458 0.921984 4.874868 6
3.378356 13.710092 4.995367 6
2.054229 8.224483 11.436923 6
8.493181 6.365120 11.394801 6
8.932008 1.023528 4.099186 6
2.388972 13.561152 4.044481 6
1.578896 9.425418 11.140915 6
7.875806 5.046117 11.121358 6
8.307989 2.149751 3.729125 6
1.790175 12.335618 3.633128 6
1.610299 10.592938 11.944486 6
8.134901 4.018252 11.973471 6
8.386503 3.276193 4.574906 6
2.003741 11.380853 4.530359 6
2.587209 10.518607 13.026579 6
9.108692 4.151676 12.955430 6
9.292222 3.178454 5.624771 6
3.004088 11.291885 5.596325 6
2.725272 11.158185 13.573589 1
9.108996 3.411734 13.429392 1
9.354876 3.892434 6.233307 1
2.999606 10.607134 6.105495 1
3.391572 9.385337 13.171493 6
9.914080 5.142583 13.181956 6
10.201212 2.103464 5.838219 6
3.767564 12.507737 5.801242 6
4.578050 9.395442 13.983049 6
10.926419 5.147941 14.000886 6
11.319213 2.096977 6.676731 6
4.742344 12.403400 6.670098 6
5.029592 7.197065 13.447754 6
11.576846 7.431145 13.376781 6
11.857843 14.479171 6.036975 6
5.451469 0.138701 6.153093 6
7.322637 8.429870 0.498764 6
0.753789 6.239330 0.357686 6
0.534475 1.184553 7.754199 6
6.912786 13.466216 7.712449 6
7.582273 7.574718 0.674334 1
1.033325 6.939166 0.851398 1
0.752506 0.239831 8.149239 1
7.188193 14.216951 8.035636 1
7.007582 8.964965 1.228447 1
0.532179 5.641782 1.144444 1
0.181107 1.607397 8.594471 1
6.578057 12.863995 8.540617 1
7.658405 9.076917 14.410389 6
1.251975 5.432510 14.236009 6
1.685965 1.766979 6.980976 6
7.994536 12.701691 7.016041 6
7.897810 8.518767 13.562052 1
1.521864 6.005773 13.600188 1
1.791890 1.213097 6.160764 1
8.209525 13.196430 6.057714 1
7.487467 9.978177 13.985466 1
1.036622 4.594058 14.010461 1
1.372013 2.819455 6.751677 1
7.830634 11.932805 6.691800 1
9.543352 9.149419 0.426921 6
3.077103 5.452155 0.421458 6
2.844315 1.764603 7.828372 6
9.206371 12.729199 7.820527 6
9.407601 9.972164 1.090297 1
3.114264 4.702394 1.075496 1
2.727605 2.657335 8.413366 1
9.226285 12.004840 8.404078 1
10.286377 9.141072 0.051023 1
3.282943 5.369697 14.676406 1
3.468322 1.874387 7.375602 1
9.943282 12.683432 7.384554 1
10.002048 7.919009 1.716316 6
3.558491 6.723246 1.664860 6
3.215093 0.516598 9.066163 6
9.619653 13.933878 9.166711 6
9.116944 7.715343 2.312744 1
2.764854 6.846072 2.378526 1
2.390188 0.328868 9.700735 1
8.866738 14.147454 9.587881 1
10.099269 7.086916 1.320346 1
3.774956 7.533987 1.351830 1
3.389069 14.242472 8.714335 1
9.804669 0.292888 8.688127 1
11.176194 8.297721 2.584953 6
4.683973 6.415425 2.663975 6
4.333404 1.025388 10.034245 6
10.932941 13.558188 10.071255 6
11.445620 7.614278 3.374659 1
4.984098 6.979738 3.237395 1
4.586419 0.280111 10.701333 1
10.979040 14.398280 10.669579 1
11.043197 9.120135 3.203076 1
4.544830 5.602917 3.054219 1
4.217553 1.758191 10.520305 1
10.688296 12.741477 10.438305 1
11.921000 8.290437 2.152089 1
5.587927 6.128326 2.132106 1
5.211450 1.010851 9.580328 1
11.608692 13.502785 9.415575 1
9.825890 8.362454 6.679869 7
3.372970 6.173837 6.700621 7
3.046011 1.066625 13.874577 7
9.501278 13.578825 13.867113 7
5.321664 8.231966 14.194772 7
11.768425 6.328574 14.243554 7
12.088657 0.944420 6.799786 7
5.691467 13.686692 6.853212 7
9.205140 6.236058 7.252926 8
2.844538 8.337561 7.231418 8
2.542193 13.456680 14.596369 8
8.847712 1.091437 14.656213 8
10.270843 10.527589 6.256806 8
3.936746 4.030971 6.222320 8
3.429602 3.159275 13.588199 8
9.863002 11.287559 13.613478 8
5.878789 6.157565 13.443657 8
-0.470658 8.319982 13.524843 8
-0.216989 13.409350 6.088990 8
6.279731 1.063363 6.152897 8
5.276809 10.378069 0.071605 8
11.731436 4.184576 0.184352 8
11.377364 3.024997 7.537030 8
5.116794 11.543079 7.601684 8
6.231922 8.661608 5.068527 8
-0.151039 5.941027 5.191171 8
-0.524059 1.315391 12.465401 8
5.948581 13.070873 12.484698 8
6.455854 9.279762 4.536380 1
0.040155 5.395316 4.565067 1
-0.218130 1.992084 11.853536 1
6.067276 12.633150 11.872877 1
-0.418457 4.592706 10.873206 17
6.036872 10.025827 10.919602 17
6.482617 11.829032 3.675076 17
0.014658 2.768540 3.686687 17
1.700780 11.916654 8.899535 17
8.146056 2.704104 9.044228 17
8.387464 4.571448 1.645510 17
1.988776 10.024796 1.569950 17
2.564188 4.573434 9.864680 17
8.895340 10.071956 9.941072 17
9.311950 11.928018 2.594826 17
2.886032 2.637968 2.526709 17
0.506742 11.919007 11.815890 17
6.989620 2.579478 11.937724 17
7.437475 4.587185 4.621394 17
0.993032 10.005766 4.496883 17
