7.115785 1.118415 5.794221 8
-5.348361 6.825440 6.168160 8
6.574327 1.681115 6.226074 1
-4.795266 6.368271 5.805093 1
4.054417 0.051746 5.772468 8
-2.177529 7.993788 6.435697 8
4.761759 -0.135030 5.107735 1
-2.744294 8.180998 6.891904 1
5.804132 1.553125 4.024249 6
-3.777868 6.434198 7.996460 6
4.853299 2.194561 4.951046 6
-2.830084 5.782410 7.105781 6
2.294796 1.217621 7.644361 6
-0.351904 6.750347 4.454796 6
7.619629 0.503332 2.261080 6
-5.774701 7.519222 9.693889 6
3.118375 1.899398 6.576231 6
-1.255762 5.954880 5.441770 6
5.539183 1.610420 2.504696 6
-3.554240 6.512753 9.524203 6
6.876259 1.160495 4.482405 6
-5.072711 6.991046 7.589963 6
3.965481 1.394083 5.741679 6
-2.167758 6.639792 6.177301 6
1.341195 1.792683 8.462336 6
0.683869 6.118716 3.555725 6
2.926009 3.462356 6.699732 6
-0.917892 4.560182 5.467375 6
7.981623 0.561104 3.704220 6
-5.947530 7.542179 8.310473 6
4.668027 3.687513 4.930089 6
-2.744719 4.305576 7.151545 6
-2.093293 0.180318 4.122449 6
-7.300147 7.920304 7.979469 6
4.232250 2.117361 2.001961 6
-2.314086 5.844278 10.088491 6
1.121439 3.170860 8.296847 6
0.880035 4.823094 3.890212 6
0.272845 3.652252 8.621417 1
1.477419 4.324846 3.315550 1
3.721514 4.239558 5.760111 6
-1.651507 3.848062 6.222958 6
3.538945 5.117827 5.777136 1
-1.671426 2.778171 6.172288 1
0.516995 1.084795 9.377506 6
1.464099 6.830676 2.646965 6
-0.142217 1.616266 9.851262 1
2.040194 6.387233 2.263078 1
2.487980 -0.231828 8.047783 6
-0.709482 8.183701 4.133455 6
3.200389 -0.647575 7.526737 1
-1.446284 8.530744 4.515202 1
5.454464 4.637971 4.187925 6
-3.485308 3.301787 7.879694 6
6.438302 1.088170 1.684478 6
-4.574716 7.002020 10.354009 6
6.269485 1.068561 0.790064 1
-4.269576 7.105640 11.251831 1
-1.316983 -0.379235 3.151282 6
3.173043 8.264976 8.915353 6
8.521838 -0.084250 1.362529 6
-6.752186 7.955947 10.613451 6
3.609169 10.739043 0.305878 1
-1.613966 -2.679942 11.670895 1
1.788658 -0.793515 8.864439 6
0.063065 8.770956 3.086354 6
1.980511 -1.642816 9.161348 1
-0.027106 9.672042 2.955220 1
9.868865 -0.335590 1.683878 6
-3.019189 -2.385363 10.207160 6
5.603644 10.173165 1.173463 1
-3.657910 -2.062181 10.924138 1
6.698488 4.515885 3.944436 6
-4.974011 3.429268 8.064810 6
7.339576 3.809436 4.385038 1
-5.433505 4.308521 7.546010 1
-1.793012 0.075291 5.364207 6
3.637462 7.930315 6.510360 6
-2.379967 0.365406 6.014333 1
4.236715 7.618430 5.895456 1
3.033384 1.627849 2.316358 6
-1.008781 6.329438 9.692124 6
2.868878 0.972772 3.051135 1
-1.055736 7.081133 8.872394 1
1.785809 3.944687 7.369986 6
-0.011574 4.098234 4.657551 6
1.802482 4.926384 7.396246 1
0.292825 3.041396 4.703861 1
0.005349 -0.668093 3.395142 6
1.846846 8.713977 8.466919 6
-4.170639 9.886476 2.747625 1
6.088031 -1.857055 9.172622 1
1.801194 2.110804 1.697399 6
0.080280 5.996955 10.322673 6
1.034233 1.732363 1.946857 1
0.878982 6.373184 10.090607 1
3.026710 3.589233 0.350513 6
-1.116071 4.554374 11.573785 6
-1.538979 1.288853 11.715447 1
3.523804 6.628530 0.356041 1
0.856232 -0.107164 9.485430 6
1.027472 8.148717 2.446367 6
0.275128 -0.609199 10.162824 1
1.698763 8.720033 1.827262 1
-0.473276 -0.217424 5.756516 6
2.338749 8.235386 6.264934 6
-0.245415 -0.302647 6.605388 1
2.160698 8.323265 5.366939 1
4.165163 3.063702 1.047764 6
-2.247492 4.933414 11.057458 6
5.161898 3.493463 0.676414 1
-3.194313 4.616456 11.315787 1
4.699846 5.644663 3.545404 6
-2.932483 2.295284 8.466107 6
3.804045 5.841585 3.652047 1
-1.875639 2.128504 8.488996 1
5.474423 6.691456 2.757543 6
-3.622569 1.326191 9.231101 6
5.143618 7.308013 2.490589 1
-3.107463 0.573965 9.687282 1
1.872307 3.075553 0.756534 6
0.140367 4.979410 11.233520 6
1.057821 3.342980 0.310751 1
0.928359 4.724203 11.652283 1
-3.926090 5.408430 3.204379 6
5.823075 2.622319 8.836928 6
-2.985200 5.261726 3.123482 1
4.805848 2.628028 8.821729 1
0.516056 -0.726052 4.788155 6
1.366112 8.762368 7.257317 6
1.314839 -0.783781 5.022307 1
0.486892 8.895996 7.012642 1
6.801926 6.494160 2.645028 6
-4.915341 1.512569 9.260790 6
-4.134734 7.061669 2.239182 1
6.037139 0.891129 9.815329 1
-1.397704 5.789684 0.552756 6
3.407696 2.267212 11.498144 6
-1.399348 4.674888 1.112374 6
3.154069 3.387314 10.846077 6
9.314475 3.515703 0.716335 6
-7.417883 4.597858 11.166463 6
9.159552 4.631006 0.227666 6
-7.299059 3.254679 11.800653 6
-1.560041 6.925010 0.115157 6
3.500812 1.072519 11.966712 6
