18.377917 1.066355 1.343417 16
9.244701 5.157587 4.375592 16
0.709912 4.527804 3.877666 7
8.431893 1.510333 0.885754 7
17.740989 4.560671 4.049112 7
9.921643 1.524737 0.880159 7
1.127083 5.581382 3.169643 7
8.124224 0.719615 6.094240 7
17.174124 5.592055 3.075218 7
10.366640 0.769050 0.014986 7
1.397490 3.780061 4.836238 6
7.701073 2.411580 1.733450 6
16.925685 3.717951 4.821200 6
10.705314 2.368393 1.591499 6
1.945647 4.262404 5.989334 6
7.368575 1.876762 3.002541 6
16.474966 4.167873 6.051525 6
11.115380 1.864848 2.974839 6
1.570118 5.161878 0.233812 1
7.548029 1.127489 3.160467 1
16.651784 5.144472 0.196434 1
10.811147 1.055254 3.163595 1
2.723736 3.482341 0.559774 6
6.518766 2.817859 3.721898 6
15.620948 3.389849 0.545604 6
11.976046 2.690864 3.737563 6
2.951054 3.694370 1.368271 1
6.256950 2.370767 4.562998 1
15.345845 3.769243 1.504431 1
12.118865 2.430163 4.471751 1
3.269638 2.193139 0.034590 6
5.986840 3.975502 3.101220 6
15.261648 2.271143 0.083896 6
12.294714 4.036136 3.219273 6
2.772905 1.744324 4.959503 6
6.466788 4.449853 1.921062 6
15.647629 1.735519 5.041893 6
11.931906 4.408433 2.024884 6
3.132748 0.893845 4.673363 1
6.011452 5.242357 1.628160 1
15.305713 0.923620 4.673599 1
12.199462 5.280556 1.634751 1
1.806882 2.446754 4.214106 6
7.319369 3.604712 1.097840 6
16.552893 2.496474 4.263746 6
11.158372 3.677672 1.129703 6
1.692919 2.152987 3.413504 1
7.499067 4.033375 0.370681 1
16.783214 2.176504 3.415616 1
10.708691 4.003719 0.285614 1
4.012885 1.259199 0.866930 6
5.090599 4.918450 3.956285 6
14.275309 1.278369 0.855417 6
13.219813 4.791303 4.137953 6
4.319062 1.703728 1.683206 1
5.006385 4.383964 4.833606 1
14.139518 1.775052 1.732715 1
13.535305 4.311048 4.906132 1
4.976897 1.079435 0.486292 1
4.345972 5.116935 3.480989 1
13.555442 1.141272 0.501029 1
13.978619 5.084761 3.552999 1
3.674609 0.506456 1.076737 1
5.631346 5.681060 4.244634 1
14.670031 0.460919 1.048994 1
12.883475 5.651143 4.305297 1
18.358301 5.986075 2.532380 6
9.113260 0.138885 5.623110 6
