2.868467 2.867259 4.934422 7
1.340469 7.602274 4.950898 7
0.084690 7.060497 1.624357 7
1.419373 2.160478 1.631653 7
-0.383186 3.244543 3.512347 7
-0.215213 8.098572 6.303875 7
3.302521 6.753603 2.998776 7
3.098889 1.859548 0.258643 7
-1.124672 2.295563 4.321475 6
0.276425 7.094222 5.622443 6
3.947847 7.509905 2.201832 6
2.538224 2.595655 0.927622 6
-1.158824 4.292758 3.690766 6
0.620510 9.266848 6.196922 6
-0.815382 5.510615 2.879791 6
2.405835 0.624055 0.295281 6
2.690587 4.079075 4.610706 6
1.618140 9.039854 5.376475 6
0.103615 5.843031 1.934690 6
1.387430 0.837752 1.267060 6
2.317778 2.218500 5.517572 1
2.037005 7.274209 4.383261 1
0.492057 7.482288 1.055592 1
0.838896 2.671371 2.211687 1
-0.782238 1.271223 4.358171 1
0.150507 6.271247 5.527132 1
3.596211 8.398883 2.191406 1
2.748094 3.554483 1.178609 1
2.194368 4.808621 4.885392 1
2.108150 9.605800 5.111863 1
0.708869 5.023376 1.743990 1
0.614444 0.199004 1.536609 1
