5.017861 0.166415 4.935757 22
6.961682 6.209357 0.658344 22
1.350739 11.819009 6.324974 22
-0.667618 5.834014 10.570818 22
3.145397 1.533388 6.036538 17
6.374568 7.573517 10.774095 17
3.176305 10.311002 5.208484 17
-0.017257 4.344498 0.382551 17
6.118195 10.578765 3.912501 17
5.768454 4.803683 1.730432 17
0.223386 1.342955 7.350226 17
0.560705 7.284257 9.363889 17
5.791452 11.602619 6.933388 17
3.669638 5.760432 9.957620 17
0.529393 0.374410 4.354704 17
2.636902 6.325763 1.269476 17
6.084723 1.977417 4.547741 17
5.866834 7.995327 1.062723 17
0.121689 9.865561 6.620169 17
0.460959 4.002576 10.253199 17
3.998307 0.556395 3.226500 8
8.058025 6.569320 2.414342 8
2.412057 11.258108 7.890004 8
-1.700108 5.319432 8.928009 8
2.735577 0.249763 1.351234 6
0.375318 6.238202 4.290423 6
3.596044 11.501258 9.883045 6
5.882479 5.572138 6.993400 6
1.834194 0.850681 0.232912 6
1.293099 6.770512 5.207207 6
4.373658 11.106985 11.026453 6
5.079803 5.090733 5.919211 6
1.481398 1.791293 0.466836 1
1.581303 7.726103 5.299244 1
4.829258 10.127717 10.765632 1
4.769447 4.148290 6.007940 1
-0.870352 0.085617 10.487610 6
1.551550 6.128863 6.333964 6
7.306696 11.875625 0.844985 6
4.740412 5.904573 4.975462 6
-1.579186 0.349248 9.827724 1
2.210861 6.451949 7.013027 1
7.814134 11.587423 1.471846 1
4.020915 5.600501 4.117537 1
-0.528483 10.659968 10.492445 6
1.156678 4.711989 6.511538 6
6.820790 1.171031 0.863465 6
5.157460 7.277732 4.701110 6
-0.832953 10.235042 9.656352 1
1.457633 4.171134 7.136695 1
7.152749 1.837965 1.524286 1
4.877722 7.652132 4.067775 1
2.728722 10.109939 0.053995 6
0.266701 4.282550 5.552760 6
3.551216 1.667281 11.136747 6
5.899795 7.613189 5.719530 6
3.030777 9.389308 0.077393 1
-0.050772 3.312005 5.533558 1
3.204849 2.545437 11.132005 1
6.368557 8.590262 5.732661 1
3.136038 10.974699 1.225096 6
-0.098760 4.959781 4.515811 6
3.088968 1.008037 10.107430 6
6.330631 6.899376 6.876315 6
3.683839 10.702862 1.815843 1
-0.607097 4.566671 3.771895 1
2.471145 1.378398 9.366575 1
7.012941 7.375463 7.477473 1
3.159779 1.236400 2.405334 6
-0.073073 7.043198 3.229363 6
3.093469 10.781673 8.801177 6
6.310821 4.822790 8.142178 6
2.869311 2.506814 2.659236 6
0.380020 8.545090 2.944069 6
3.495060 9.310993 8.662172 6
6.017168 3.334047 8.296417 6
3.184535 2.994530 3.493348 1
-0.042252 8.892097 2.208975 1
3.187788 9.107523 7.817485 1
6.422589 2.960194 9.095605 1
1.866024 2.708935 2.646295 1
1.337506 8.588583 2.896154 1
4.441839 9.323470 8.623190 1
4.951139 3.258087 8.261085 1
3.070675 3.107112 1.908905 1
0.037299 8.976336 3.814981 1
3.220366 8.862899 9.372343 1
6.317138 2.916075 7.448350 1
