0.911366 2.056889 14.743820 6
7.505315 13.913515 2.578138 6
7.431347 10.175684 6.147889 6
0.988596 5.977191 11.395778 6
5.100539 6.008192 14.882999 6
3.132494 10.201256 2.662127 6
3.158227 14.068336 6.177290 6
5.266467 2.139007 11.291064 6
2.418190 2.181507 14.302883 6
5.950768 14.042193 3.202281 6
5.921624 10.185618 5.489544 6
2.351841 5.904988 11.794953 6
6.568470 5.950025 14.157238 6
1.825371 10.210251 3.078627 6
1.890051 13.951268 5.512542 6
6.704757 2.038970 11.788326 6
3.122819 0.863760 14.431615 6
5.292722 15.286869 2.940032 6
5.340898 8.905406 5.806412 6
3.153475 7.214970 11.786735 6
7.322572 7.279782 14.348155 6
1.152962 8.753667 3.064401 6
1.194632 15.313109 5.614363 6
7.235048 0.708254 11.693160 6
2.652738 15.764271 13.699503 6
5.736769 0.253035 3.770275 6
5.583888 7.676673 4.961346 6
2.741301 8.374098 12.396468 6
6.854252 8.452487 13.579854 6
1.479726 7.790100 3.835450 6
1.470769 0.385572 4.927123 6
6.890683 15.871814 12.548933 6
3.438675 14.556568 13.965794 6
5.069595 1.471145 3.548123 6
5.083664 6.507483 5.272638 6
3.401571 9.640353 12.304936 6
7.676636 9.540568 13.805713 6
0.771758 6.569522 3.576319 6
0.897279 1.556370 5.085664 6
7.671682 14.494625 12.320296 6
4.353806 14.442880 14.834352 6
4.142001 1.634761 2.611231 6
4.151424 6.426172 6.068833 6
4.427511 9.788976 11.288327 6
0.095262 9.724580 14.872496 6
8.232108 6.455250 2.478746 6
8.257624 1.721000 6.137658 6
0.068165 14.407286 11.239629 6
4.787466 15.507740 15.625523 6
3.755467 0.642891 1.870763 6
3.782462 7.468161 6.897520 6
4.668591 8.590493 10.619633 6
0.428179 8.672321 15.584916 6
7.825535 7.504044 1.740650 6
7.869197 0.654941 6.915813 6
0.512858 15.456769 10.501751 6
4.148627 0.677121 15.421711 6
4.367471 15.415551 1.949772 6
4.269548 8.638813 6.744161 6
4.144487 7.309135 10.838607 6
8.204648 7.408437 15.410809 6
0.050678 8.703594 2.053197 6
0.082009 15.412684 6.662500 6
8.192774 0.715229 10.800979 6
2.288602 2.409626 12.897429 8
6.149181 13.733169 4.587675 8
6.066431 10.385035 4.086312 8
2.336295 5.586169 13.210860 8
6.477632 5.639130 12.810214 8
1.916826 10.408680 4.660901 8
1.951796 13.720444 4.138950 8
6.466917 2.365355 13.398505 8
0.789896 1.901949 16.330360 6
7.440788 14.095075 1.115137 6
7.569337 9.983301 7.670793 6
0.973621 6.141974 9.888961 6
5.076952 6.061356 16.321327 6
3.333068 9.945780 1.064123 6
3.271642 14.149868 7.572350 6
5.009129 2.024563 9.904765 6
7.791795 1.659717 16.759588 6
0.523158 14.363691 0.840295 6
0.496313 9.777247 7.960436 6
7.731802 6.482154 9.545068 6
3.582093 6.335314 16.587492 6
4.871105 9.727580 0.812346 6
4.745419 14.490733 7.863257 6
3.532154 1.744477 9.545155 6
7.452101 1.798997 0.617677 6
0.936693 14.287904 16.679219 6
0.764324 9.715794 9.514409 6
7.647232 6.286631 7.986833 6
3.410269 6.239475 0.724855 6
5.020117 9.862302 16.675140 6
5.088695 14.430937 9.342219 6
3.309166 1.835622 7.990782 6
8.232901 2.556939 1.424265 6
0.015010 13.635485 16.013051 6
0.060933 10.594452 10.233784 6
8.356420 5.601110 7.138233 6
4.101610 5.487215 1.507207 6
4.351865 10.513453 15.841785 6
4.241854 13.516814 10.268911 6
4.047747 2.544470 7.196716 6
0.935540 3.380178 0.864049 6
7.378510 12.765549 16.487853 6
7.339414 11.334749 9.555054 6
0.928191 4.678831 7.815741 6
5.108625 4.841581 1.021083 6
3.218620 11.442668 16.483226 6
3.215892 12.817116 9.561910 6
5.134488 3.334361 7.698078 6
1.417729 3.101624 17.045589 6
6.903430 13.098162 0.207061 6
6.918578 11.164206 8.444346 6
1.498249 5.090910 9.009997 6
5.619321 4.969465 17.151601 6
2.713211 11.179308 0.231966 6
2.828930 13.039122 8.447836 6
5.639773 3.031064 9.042743 6
0.325576 3.442956 14.435352 8
7.985702 12.690901 3.012343 8
7.984106 11.507454 5.670970 8
0.443131 4.783904 11.753588 8
4.687908 4.707952 14.393039 8
3.744079 11.377556 2.934649 8
3.819365 12.784312 5.687045 8
4.688255 3.349418 11.759133 8
0.561377 1.203115 14.343188 1
7.848771 14.868524 3.034625 1
7.940513 9.413327 5.717743 1
0.461022 6.688508 11.819589 1
4.717241 6.796056 14.510468 1
3.701833 9.267960 2.968842 1
3.641738 14.890221 5.780431 1
4.723850 1.362430 11.779785 1
2.957454 2.817338 14.656315 1
5.448054 13.227372 2.636975 1
5.540811 10.794912 6.019036 1
2.958052 5.258014 11.292387 1
7.209864 5.308763 14.760286 1
1.338754 10.780741 2.650199 1
1.170749 13.290034 6.132405 1
7.116648 2.805920 11.417100 1
2.113273 15.943828 12.824128 1
6.425348 0.261927 4.557765 1
6.361474 7.723189 4.260532 1
2.036796 8.256885 13.180491 1
6.233718 8.339746 12.981463 1
2.194724 7.909837 4.489695 1
2.171067 0.175401 4.185274 1
6.319619 15.928187 13.282397 1
3.040474 13.844623 13.233776 1
5.250847 2.274759 4.018446 1
5.258549 5.637058 4.543977 1
3.151922 10.327775 12.785762 1
7.344598 10.368750 13.418488 1
1.061904 5.656247 4.152092 1
1.054333 2.283126 4.547175 1
7.283069 13.662880 12.819326 1
4.710744 13.625112 15.017287 1
3.643621 2.459600 2.435799 1
3.639753 5.465872 6.370070 1
4.711776 10.566494 11.206550 1
0.609254 10.506025 15.028125 1
7.765538 5.565333 2.498722 1
7.726656 2.459791 6.213395 1
0.621715 13.556617 11.043129 1
5.479059 15.378699 16.262360 1
2.955101 0.612889 1.043910 1
3.082404 7.489558 7.591552 1
5.431339 8.716728 9.884123 1
1.138148 8.684020 16.413471 1
7.166869 7.377944 1.119019 1
7.264212 0.684091 7.711761 1
1.173630 15.384392 9.874181 1
4.413674 1.523849 16.038601 1
4.066218 14.716589 1.433921 1
4.028687 9.498004 7.161235 1
4.247709 6.572938 10.088881 1
0.141978 6.547911 15.934333 1
8.345843 9.462230 1.460134 1
8.204650 14.578587 7.266900 1
0.235172 1.551498 10.262815 1
1.571896 1.114928 16.558994 1
6.979352 15.027143 0.823137 1
6.921185 9.216074 7.839364 1
1.453805 6.881593 9.434835 1
5.715078 6.792231 16.643683 1
2.658658 9.269916 0.775105 1
2.726056 14.854731 7.819695 1
5.737398 1.225033 9.447938 1
7.556772 0.636655 16.292781 1
0.731932 15.323231 1.091967 1
0.896610 8.801385 7.606501 1
7.600769 7.373566 9.822460 1
3.475629 7.364546 16.346885 1
4.913923 8.732681 1.071298 1
4.915275 15.380160 7.652199 1
3.352025 0.697569 9.774524 1
7.157410 2.276370 16.081989 1
1.083119 13.825086 1.201398 1
1.166809 10.252665 7.394812 1
7.209904 5.808838 10.036419 1
2.982509 5.856127 16.169313 1
5.332017 10.332733 1.262873 1
5.324959 13.802718 7.371171 1
3.040480 2.278436 10.020652 1
6.869377 1.243329 1.181676 1
1.698483 14.861139 16.300481 1
1.697285 9.367502 9.892545 1
6.693392 6.922544 7.503213 1
2.584656 6.825646 1.044318 1
5.864587 9.212833 16.347502 1
5.884817 14.833323 9.883133 1
2.630989 1.192926 7.627900 1
8.047407 2.517367 2.394008 1
0.324741 13.591055 14.963801 1
0.278229 10.684275 11.159559 1
8.166466 5.545925 6.217428 1
3.883041 5.379672 2.505870 1
4.529637 10.645014 14.927867 1
4.402447 13.568800 11.254557 1
3.880468 2.629478 6.175544 1
1.389727 4.053984 1.417669 1
6.952850 12.113305 15.865127 1
6.922766 12.030094 10.189806 1
1.504513 4.063152 7.298677 1
5.705475 3.932610 1.450571 1
2.853102 12.120492 15.936010 1
2.768911 12.124470 10.208552 1
5.689409 4.025771 7.152893 1
2.111109 3.630718 16.681291 1
6.358563 12.528714 0.659480 1
6.185736 11.688255 8.069601 1
2.145581 4.385629 9.382158 1
6.388689 4.450961 16.778510 1
2.004843 11.691568 0.626724 1
2.154066 12.432115 7.898643 1
6.309254 3.653499 9.442893 1
7.878151 3.253057 14.102980 1
0.413658 13.015456 3.306868 1
0.389957 11.203759 5.369253 1
8.009512 4.806488 12.056020 1
3.713764 4.961190 14.068231 1
4.678233 11.167891 3.339594 1
4.763325 13.022152 5.363427 1
3.698461 3.211128 12.092165 1
1.448299 2.979454 12.742968 1
6.769578 13.070374 4.615666 1
6.858757 10.960189 4.027079 1
1.500070 5.042170 13.488290 1
5.767522 5.120371 12.792741 1
2.738694 11.074289 4.699662 1
2.695480 13.120091 3.982293 1
5.653558 3.046861 13.337798 1
