3.541971 2.498170 5.730328 7
3.753081 11.379652 6.890658 7
3.847744 15.243396 2.841820 7
3.655548 6.369897 1.549689 7
3.864771 3.219379 6.096110 1
3.445098 12.099009 6.638765 1
3.447485 14.545188 2.333244 1
4.008393 5.686650 1.863740 1
3.972711 2.550066 4.872554 1
3.433150 11.276129 7.846916 1
3.380482 15.368976 3.639033 1
4.102918 6.515554 0.601749 1
2.135441 2.746771 5.435698 6
5.204706 11.600047 7.071040 6
5.197185 15.049264 2.786090 6
2.183807 6.214485 1.330634 6
1.858241 3.036393 4.593147 1
5.360618 11.873715 7.926615 1
5.445605 14.735849 3.690944 1
1.848024 5.781948 0.519686 1
1.730891 3.250945 6.235057 1
5.480225 12.255695 6.467399 1
5.615987 14.413902 2.217851 1
1.936858 5.521279 2.091057 1
1.604280 1.380882 5.768350 6
5.777299 10.305675 6.846278 6
5.887372 16.556185 2.653486 6
1.623022 7.578495 1.578366 6
2.461656 0.719941 6.995375 6
4.842629 9.763681 5.663501 6
4.829912 17.010929 1.421333 6
2.650858 8.159823 2.797059 6
2.540968 17.641398 6.842250 1
4.754474 8.812874 5.629358 1
4.832686 0.151822 1.487338 1
2.636172 9.015960 2.746186 1
3.875903 1.380966 6.529409 6
3.432142 10.255280 6.170340 6
3.433504 16.427208 1.959059 6
3.916843 7.548653 2.344835 6
4.387146 1.601798 7.319612 1
2.826391 10.492649 5.273505 1
2.976435 16.239248 1.205733 1
4.475913 7.291806 3.156276 1
4.312543 0.652540 5.995090 1
3.031487 9.631645 6.752228 1
3.048460 17.198719 2.532358 1
4.385726 8.325833 1.802591 1
0.174099 1.305229 5.920787 6
7.131888 10.215855 6.607937 6
7.318438 16.602527 2.375816 6
0.153774 7.561674 1.798036 6
7.411752 0.408604 6.201467 1
0.013908 9.300896 6.431970 1
0.067051 17.380938 2.340209 1
7.370866 8.588863 1.959360 1
7.148986 1.579279 5.177898 1
0.100528 10.525199 7.282328 1
0.238120 16.109318 3.111208 1
7.309723 7.200379 1.081658 1
7.351216 1.796768 6.773242 1
-0.048373 10.712804 5.787208 1
7.482783 16.000048 1.550268 1
0.020344 7.218226 2.640876 1
2.002599 1.231966 8.189167 6
5.264022 10.244017 4.292086 6
5.281872 16.519120 0.074112 6
2.017549 7.671935 4.062488 6
1.412666 0.755137 0.165358 1
6.021653 9.744726 4.013989 1
5.977070 16.917362 8.226240 1
1.314376 8.068667 4.384080 1
2.696152 2.304433 0.511085 6
4.699828 11.212247 3.658899 6
4.705211 15.637672 7.828078 6
2.532787 6.612752 4.764129 6
3.514083 2.627705 0.329049 1
3.915551 11.630336 3.846269 1
3.879554 15.128863 8.195051 1
3.420793 6.204675 4.400483 1
2.418562 2.457144 1.366929 1
5.182874 11.273546 2.826870 1
4.959040 15.303901 6.993454 1
2.324867 6.517400 5.704318 1
1.825297 0.625032 4.549659 8
5.409629 9.484172 7.969388 8
5.434841 17.188848 3.878672 8
2.025267 8.338773 0.444464 8
1.650183 17.668060 4.540477 1
5.570372 8.694621 8.038936 1
5.690081 0.247959 3.785228 1
1.719381 9.115364 0.530236 1
6.317867 5.416936 6.036418 6
0.881017 14.492445 6.500881 6
1.047148 12.199011 2.254528 6
6.393378 3.291677 1.912710 6
5.155576 5.626922 7.005999 6
2.163615 14.487935 5.586905 6
2.259790 12.190531 1.337257 6
5.220776 3.173267 2.915054 6
4.371891 4.654157 7.160516 8
2.944109 13.555127 5.406233 8
2.942124 13.027897 1.184800 8
4.369222 4.083869 2.915561 8
5.093125 6.796215 7.549837 8
2.154984 15.692249 4.988123 8
2.224962 11.028441 0.689889 8
5.232901 2.195217 3.526914 8
6.310562 4.258215 5.407188 9
0.891726 13.181162 7.069907 9
1.041062 13.345170 3.006173 9
6.473603 4.499556 1.223806 9
6.367848 6.410324 5.240594 9
0.819907 15.347681 7.339272 9
1.030536 11.256382 3.152279 9
6.369078 2.384340 1.006208 9
-0.002419 5.583829 6.722956 9
7.330195 14.453094 5.722908 9
7.418100 12.220943 1.631934 9
0.060155 3.261107 2.547437 9
