1.886797 7.338551 5.295254 7
13.650949 7.223746 5.356132 7
9.967079 2.076519 5.234673 7
5.751930 2.000899 5.406157 7
13.311059 3.190621 15.946104 7
1.384058 3.137698 15.965998 7
5.257398 8.239077 15.996822 7
9.617263 8.300560 15.991276 7
1.085733 3.035387 5.262127 6
14.635311 3.066094 5.209240 6
9.133950 8.186967 5.237011 6
6.577890 8.270045 5.218461 6
14.183569 7.393199 16.000552 6
0.551153 7.317248 15.985112 6
6.007395 2.183009 15.911919 6
8.668430 2.190385 16.005038 6
2.108914 2.211573 5.397612 6
13.535808 2.299819 5.260919 6
10.203489 7.479501 5.231371 6
5.430318 7.420683 5.383209 6
13.056204 8.160686 15.993229 6
1.701892 8.032825 16.063127 6
4.910020 2.815158 15.857482 6
9.685260 2.998618 15.997978 6
2.968686 2.799098 5.297864 1
12.744881 2.770436 5.362325 1
11.153589 8.030431 5.301408 1
4.644975 7.960436 5.209461 1
12.231792 7.680069 16.003579 1
2.479740 7.606373 16.041177 1
3.980585 2.544074 16.030736 1
10.656283 2.416785 15.998084 1
2.099112 0.879798 5.308974 6
13.553930 0.825441 5.315730 6
10.183603 6.005135 5.406171 6
5.419090 6.129659 5.257024 6
13.094957 9.511647 16.016293 6
1.647710 9.523136 16.002830 6
4.902325 4.359639 15.917532 6
9.792797 4.304132 15.899898 6
2.902209 0.440834 5.292133 1
12.806869 0.495646 5.319618 1
11.074282 5.666855 5.260080 1
4.598505 5.683948 5.264423 1
12.171229 10.082825 15.882359 1
2.527514 9.999136 15.894605 1
4.212113 4.807819 15.860703 1
10.591252 4.768667 15.927982 1
0.997261 0.212819 5.381277 6
14.743313 0.190199 5.411207 6
9.029429 5.478003 5.353778 6
6.582837 5.372446 5.247279 6
14.310372 10.201975 15.947512 6
0.473676 10.243474 15.871925 6
6.055239 4.890049 15.934436 6
8.615219 4.913608 15.991837 6
0.963523 9.770090 5.280872 1
14.675334 9.748742 5.323045 1
8.974981 4.495691 5.309523 1
6.567383 4.529921 5.365177 1
14.149206 0.651297 15.877144 1
0.464257 0.644306 15.876580 1
6.181174 5.856309 15.875028 1
8.594053 5.880250 16.019983 1
-0.192649 1.001154 5.281418 6
7.838503 6.106603 5.219526 6
15.428622 9.474567 15.871890 6
7.369880 4.334267 15.985759 6
15.902484 2.393339 5.277472 6
7.831619 7.540422 5.414053 6
15.344118 7.999272 16.027011 6
7.337131 2.778340 15.939901 6
1.361771 4.531865 5.262277 6
14.476551 4.569773 5.412657 6
9.332322 9.727604 5.280888 6
6.330179 9.763415 5.312947 6
13.894155 5.928154 15.972960 6
0.858434 5.773678 16.020305 6
5.796749 0.689811 15.899769 6
8.864560 0.620408 16.025488 6
1.071732 5.413282 6.431857 6
14.531666 5.378334 4.261123 6
9.184570 0.169614 6.444706 6
6.445738 0.090095 4.126529 6
14.073520 5.070335 14.786549 6
0.580497 5.146837 17.168908 6
5.927078 10.281774 14.768251 6
8.665291 10.197027 17.026555 6
0.616126 4.916167 7.758883 6
15.086127 4.740414 2.875418 6
8.751154 9.936052 7.709034 6
7.052258 9.924177 2.995613 6
14.508504 5.621765 13.651331 6
0.087718 5.610440 18.239304 6
6.523645 0.389418 13.521561 6
8.277386 0.335108 18.379028 6
0.368702 3.910895 7.727306 1
15.398277 3.906532 2.846231 1
8.541072 9.155546 7.862009 1
7.284158 9.081407 2.878978 1
14.752373 6.550652 13.434513 1
-0.156351 6.587244 18.353891 1
6.617812 1.250173 13.448167 1
8.043327 1.378096 18.306352 1
0.550633 5.615382 8.871932 6
15.252175 5.593261 1.910410 6
8.603004 0.426969 8.673561 6
7.041935 0.373287 1.870054 6
14.778453 4.796597 12.432188 6
0.036066 4.766466 19.370926 6
6.630607 9.978706 12.537179 6
8.016149 10.062509 19.482010 6
0.183653 5.215403 9.656806 1
15.634530 5.219472 0.989549 1
8.225105 0.143415 9.605131 1
7.426442 0.161305 0.971388 1
15.017215 5.197766 11.671276 1
-0.348943 5.222864 20.274728 1
6.936388 0.013467 11.719115 1
7.741560 10.300863 20.121455 1
0.884027 6.926484 8.669623 6
14.916924 7.070336 1.955675 6
8.954822 1.760680 8.731765 6
6.664544 1.756870 1.943077 6
14.439109 3.471190 12.644065 6
0.408251 3.457177 19.301925 6
6.240812 8.594093 12.593372 6
8.416270 8.529074 19.457589 6
1.323859 7.419081 7.468096 6
14.306979 7.605711 3.030572 6
9.387617 2.273860 7.627966 6
6.363672 2.254366 3.154015 6
13.933763 2.902220 13.688921 6
0.895544 2.961146 18.155558 6
5.761734 8.002014 13.776358 6
8.892639 8.070788 18.125694 6
1.524306 8.399865 7.503971 1
14.073238 8.359080 3.186924 1
9.613420 3.326995 7.579590 1
5.982897 3.317915 3.036072 1
13.576505 1.878264 13.761116 1
1.148179 1.964120 18.167164 1
5.507828 7.244437 13.742404 1
9.197667 7.252038 18.068939 1
1.448593 6.609500 6.488732 6
14.168082 6.775330 4.253245 6
9.580913 1.464534 6.378968 6
6.149431 1.436928 4.281595 6
13.796738 3.765943 14.867723 6
0.993342 3.758005 17.021498 6
5.716191 8.857291 14.799051 6
9.063351 8.885819 16.931753 6
2.187507 6.600349 4.275310 6
13.563632 6.550720 6.392007 6
10.178061 1.334776 4.214833 6
5.487251 1.396253 6.354045 6
13.072029 3.810642 17.041027 6
1.696493 3.959360 14.744826 6
4.985765 9.054411 17.039492 6
9.617261 9.111656 14.802428 6
2.574634 7.170948 3.022719 6
13.109674 7.075124 7.628784 6
10.660770 1.924084 3.080025 6
4.876637 1.890230 7.618067 6
12.516548 3.259574 18.166236 6
2.059507 3.211961 13.600391 6
4.487610 8.524156 18.336221 6
10.171680 8.398267 13.659515 6
2.752641 8.147830 3.045854 1
12.884591 8.139751 7.652077 1
11.040172 2.783292 2.949163 1
4.660494 2.942159 7.657480 1
12.388120 2.373251 18.276249 1
2.302449 2.354618 13.643105 1
4.326547 7.460530 18.244076 1
10.418428 7.447039 13.633743 1
2.880056 6.366890 1.901032 6
12.706951 6.517380 8.721356 6
11.086760 1.188937 1.872180 6
4.676188 1.214032 8.719873 6
12.368156 3.960272 19.372930 6
2.433295 4.011124 12.525497 6
4.205466 9.091395 19.405448 6
10.487595 9.151471 12.618096 6
3.262226 6.825859 1.064227 1
12.506998 6.854339 9.592739 1
11.288240 1.560860 1.104537 1
4.413582 1.704888 9.541955 1
11.828561 3.513992 20.090536 1
2.719915 3.580842 11.796792 1
3.925573 8.673816 20.127601 1
10.839581 8.708272 11.736284 1
2.534447 5.008932 1.884164 6
13.041776 5.058483 8.737471 6
10.745146 10.225551 1.795588 6
5.020237 10.326015 8.748770 6
12.504885 5.388252 19.345173 6
2.186983 5.280621 12.453013 6
4.465823 0.103507 19.342585 6
10.259330 0.218604 12.575056 6
2.835263 4.649574 1.157489 1
12.813065 4.634057 9.524410 1
10.976603 9.844886 0.972750 1
4.728774 9.656375 9.578908 1
12.450580 5.915302 20.169770 1
2.289239 5.912941 11.622190 1
4.334796 0.714615 20.292040 1
10.494084 0.585145 11.677006 1
2.040711 4.419879 3.032931 6
13.500835 4.488210 7.698617 6
10.192788 9.564080 2.912710 6
5.524150 9.598514 7.644630 6
13.165141 6.059167 18.386744 6
1.557878 5.922502 13.498798 6
5.041359 0.809986 18.231219 6
9.657383 0.845559 13.530717 6
1.901466 3.418982 2.835345 1
13.806777 3.416841 7.793355 1
10.101851 8.677753 2.950210 1
5.693326 8.741355 7.823646 1
13.325057 6.822470 18.304886 1
1.512766 6.904123 13.452946 1
5.147290 1.748468 18.411840 1
9.522147 1.655956 13.462596 1
1.776810 5.048861 4.114927 6
13.783213 5.093609 6.532246 6
9.847762 10.359875 4.233748 6
5.849850 10.337772 6.508022 6
13.448076 5.351338 17.157929 6
1.230524 5.266902 14.713162 6
5.251931 0.107391 17.155826 6
9.471710 0.172213 14.869276 6
0.617048 7.805855 9.876404 6
15.064262 7.954716 0.719025 6
8.773041 2.723294 9.875252 6
6.873908 2.602772 0.709348 6
14.578667 2.574011 11.413850 6
0.138840 2.567888 20.661443 6
6.499902 7.760728 11.242027 6
8.329958 7.733918 20.654544 6
15.657663 8.014919 10.606889 6
0.051100 7.956817 0.126731 6
7.477791 2.796724 10.505628 6
8.173174 2.728606 0.073120 6
15.673493 2.420236 10.679297 6
15.077075 2.546289 21.264619 6
7.627325 7.725341 10.633666 6
6.955905 7.620598 21.143061 6
14.893990 7.349055 10.275367 1
0.746285 7.383805 0.312108 1
6.785459 2.210910 10.145488 1
8.841455 2.332713 0.443305 1
0.259786 3.040288 11.048014 1
14.332680 3.047897 20.777254 1
8.308933 8.061677 11.112766 1
6.317332 8.170337 20.815292 1
15.445024 8.683593 11.778772 6
-0.703253 8.729566 20.189213 6
7.277517 3.543479 11.592797 6
7.301619 3.464690 20.269924 6
-0.185379 1.682135 9.573465 6
16.032044 1.600351 1.125240 6
7.793007 6.898545 9.622737 6
7.903938 6.844527 1.038066 6
0.371718 9.379934 12.107086 6
14.404586 9.379661 19.809856 6
8.422762 4.292873 12.212794 6
6.344637 4.150018 19.617676 6
14.904948 0.977393 9.151121 6
0.926839 0.999021 1.559321 6
6.814531 6.076336 9.113721 6
8.921470 6.123833 1.629862 6
0.281705 10.036409 12.860823 1
14.507371 9.949564 18.948950 1
8.306914 4.690907 12.941457 1
6.261263 4.781260 18.865344 1
15.051960 0.387898 8.361209 1
0.649253 0.453292 2.293343 1
6.952803 5.701013 8.264309 1
8.739650 5.614941 2.286296 1
1.674225 9.449752 11.539202 6
13.082480 9.341111 20.346142 6
9.759873 4.184745 11.549959 6
4.903092 4.121520 20.327896 6
13.553583 1.037432 9.725291 6
2.132843 1.079015 0.954290 6
5.445186 6.156380 9.755156 6
10.165696 6.195491 1.006941 6
1.754935 8.544007 10.403676 6
13.980966 8.593140 0.113765 6
9.910608 3.347503 10.406322 6
5.852521 3.427831 0.198718 6
13.516294 1.744151 10.894336 6
1.282815 1.881102 21.092634 6
5.440049 6.996652 10.828407 6
9.330875 6.975618 21.054795 6
2.535654 8.440394 10.026719 1
13.164098 8.421201 0.684331 1
10.651894 3.345434 10.001714 1
5.048493 3.359769 0.676984 1
12.664990 1.827805 11.291731 1
2.057981 1.795156 20.643186 1
4.574012 7.065022 11.312443 1
10.108820 7.035730 20.655014 1
14.009338 8.998193 12.232148 6
0.706252 8.862312 19.533189 6
6.020984 3.677155 12.210126 6
8.737271 3.662379 19.512302 6
1.095897 1.449890 8.912715 6
14.509748 1.557407 1.694763 6
9.233123 6.760690 9.066208 6
6.469786 6.724459 1.601211 6
14.061417 8.915392 13.365255 1
0.628922 8.920581 18.593575 1
5.968592 3.858202 13.347337 1
8.534605 3.675148 18.641155 1
1.132507 1.526104 7.936513 1
14.695277 1.433319 2.574206 1
9.139143 6.607225 8.084162 1
6.586491 6.551355 2.575256 1
13.576463 8.151738 12.030117 1
1.225388 8.152905 19.807733 1
5.484472 2.881650 12.111627 1
9.260857 2.931109 19.798344 1
1.722233 2.149634 9.255157 1
13.941762 2.188816 1.358109 1
9.859514 7.421279 9.186597 1
5.855392 7.355663 1.334225 1
13.682110 9.797944 11.900931 1
1.026799 9.849850 19.997420 1
5.509707 4.494806 11.982272 1
9.184556 4.465393 20.011329 1
1.422393 0.550887 9.284104 1
14.258230 0.636045 1.288095 1
9.600911 5.876807 9.254057 1
6.043770 5.925124 1.243598 1
2.814218 10.199192 12.124937 6
11.872404 10.155002 19.796260 6
10.801243 4.943698 12.158465 6
3.827534 4.859310 19.658651 6
12.459034 0.293895 9.095865 6
3.370428 0.247979 1.443969 6
4.398537 5.535603 9.022575 6
11.343716 5.413621 1.573308 6
2.727832 0.700567 11.888112 1
11.974959 0.625176 20.002052 1
10.957075 5.744040 11.857621 1
3.870672 5.886938 20.090127 1
12.403029 9.729922 9.378126 1
3.343933 9.722145 1.112881 1
4.267802 4.665411 9.391307 1
11.358965 4.504419 1.226163 1
3.682358 9.648703 11.980960 1
11.073387 9.755092 19.909708 1
11.760733 4.450233 11.987773 1
3.075209 4.521438 19.956415 1
11.584669 0.721709 9.367386 1
4.139319 0.672004 1.188349 1
3.461458 6.011794 9.420998 1
12.140420 5.965543 1.298779 1
2.764663 10.166794 13.087042 1
12.070536 10.073885 18.827020 1
10.859548 5.014920 13.085482 1
3.813839 4.935658 18.762360 1
12.484605 0.369165 8.051947 1
3.184220 0.287340 2.590282 1
4.400008 5.502127 8.030614 1
11.406843 5.520773 2.497187 1
