6.674051 3.562057 8.475106 8
7.572919 10.786891 19.353259 8
2.758488 10.780977 2.488817 8
1.945642 3.524283 13.386331 8
4.145678 4.179257 7.863722 8
0.667260 10.373793 18.799805 8
5.440436 11.384767 3.039926 8
8.972582 3.193531 14.019145 8
1.700376 7.774306 5.246020 8
2.967435 6.676770 16.140132 8
7.888354 0.563094 5.712216 8
6.415842 13.858590 16.614416 8
1.797442 7.496066 4.306875 1
2.989937 6.896682 15.269469 1
7.658514 0.385164 6.650828 1
6.661789 14.209844 17.659722 1
3.505724 7.126128 3.468378 7
1.124359 7.273053 14.305021 7
5.879549 14.259195 7.585253 7
8.297370 0.130789 18.445889 7
0.175869 6.172590 9.903005 7
4.492558 8.158900 20.782911 7
9.378708 13.372648 0.996474 7
4.832368 0.958667 11.884206 7
1.088989 9.286872 8.316952 7
3.625490 5.100337 19.282618 7
8.358139 2.012311 2.716380 7
5.842324 12.373947 13.632189 7
7.161904 6.423239 6.167144 6
7.167145 8.011560 17.038311 6
2.420224 13.619774 4.739844 6
2.320462 0.806117 15.721868 6
7.753263 6.994951 5.743462 1
6.585103 7.438851 16.702743 1
1.821668 14.134800 5.191528 1
2.988673 0.233126 16.133609 1
7.446159 5.357087 6.936391 6
6.831982 8.981193 17.985454 6
2.099114 12.648648 3.961779 6
2.711420 1.866921 14.824346 6
8.357218 5.255511 7.220622 1
5.793851 9.108121 18.072891 1
1.147014 12.569204 3.683385 1
3.598214 2.056283 14.665468 1
6.557626 4.605860 7.684748 6
7.793075 9.783652 18.631121 6
2.953855 11.935677 3.408930 6
1.675867 2.625628 14.300854 6
5.165466 5.027189 7.461052 6
9.172569 9.431505 18.384869 6
4.381793 12.143622 3.608087 6
0.406139 2.235966 14.541864 6
2.271043 5.936467 7.234796 6
2.448952 8.383644 18.194984 6
7.225770 13.306149 3.757177 6
7.111034 1.161074 14.608574 6
1.994113 5.035574 7.336072 1
2.667917 9.438345 18.325825 1
7.477079 12.242823 3.607632 1
6.790162 2.187817 14.401125 1
1.894868 6.962134 8.062885 6
2.912217 7.609896 18.939711 6
7.602070 14.127468 2.897984 6
6.633573 0.268305 13.824919 6
2.340200 8.406645 8.069497 6
2.473445 5.981179 18.933686 6
7.170295 1.145343 2.907453 6
7.011400 13.218337 13.917180 6
2.965961 8.588205 8.915673 1
1.789899 5.876507 19.835812 1
6.648582 1.275241 2.136673 1
7.575987 13.253688 13.068894 1
3.271884 8.719435 6.758453 6
1.592536 5.879707 17.732117 6
6.228340 1.477895 4.096469 6
7.884236 12.985993 15.096023 6
3.013681 9.494916 6.425508 1
1.821410 4.952747 17.521552 1
6.488925 2.349460 4.483674 1
7.720956 12.169663 15.449343 1
4.146019 8.621053 7.194052 1
0.559546 5.869978 18.086223 1
5.364669 1.516216 3.748928 1
8.817516 13.087800 14.794126 1
4.014248 7.898803 4.454707 6
0.721522 6.530715 15.375805 6
5.516330 0.676797 6.371262 6
8.786312 13.611387 17.377464 6
3.841273 8.965916 4.298934 1
0.968194 5.585971 15.177359 1
5.608556 1.645303 6.646500 1
8.647728 12.741793 17.653304 1
5.538082 7.901912 4.915652 6
8.782855 6.544011 15.822174 6
3.956388 0.642938 6.120831 6
0.741825 13.813562 16.977185 6
6.072666 7.627829 4.006912 1
8.230575 6.706022 15.075309 1
3.535768 0.403330 6.843262 1
1.270432 14.024631 17.706964 1
5.685613 8.655942 5.269170 1
8.464790 5.733256 16.241629 1
3.802868 1.480525 5.749133 1
0.947000 12.992871 16.555471 1
5.724668 6.740039 5.801972 6
8.572066 7.712546 16.802865 6
3.825916 14.055668 5.131731 6
0.985049 0.447026 16.007190 6
4.730344 6.100429 6.440186 6
9.416449 8.516207 17.488829 6
4.785922 13.322088 4.339438 6
0.040729 1.139956 15.353616 6
3.252994 6.274403 6.148532 6
1.474204 8.203389 17.121133 6
6.258256 13.471106 4.744448 6
8.031681 0.903812 15.672696 6
3.022442 7.782821 5.611840 6
1.738792 6.707285 16.613186 6
6.410516 0.377930 5.272760 6
7.807083 14.008036 16.309940 6
2.995954 5.273769 5.019977 6
1.747927 9.165500 15.919175 6
6.506630 12.497848 5.930382 6
7.627879 1.863045 16.847191 6
3.210315 4.330989 5.110968 1
1.465770 10.107624 16.175567 1
6.250497 11.522961 5.840681 1
7.866816 2.762660 16.621633 1
1.979143 5.330729 4.706767 1
2.733963 9.116002 15.761029 1
7.546954 12.502858 6.133911 1
6.670988 1.939058 17.026737 1
3.779402 5.625469 3.604589 6
1.116213 8.758840 14.638676 6
5.760525 12.864624 7.236092 6
8.416426 1.568959 18.259680 6
4.700800 5.411726 3.856010 1
0.159095 8.921881 14.804704 1
4.799777 12.733503 7.206786 1
0.002408 1.727531 18.132553 1
3.484452 5.106735 2.961739 1
1.314488 9.294330 13.882595 1
6.198882 12.396765 8.013399 1
8.086711 2.147811 18.952485 1
4.102768 7.554257 2.091628 6
0.614584 7.018584 13.071263 6
5.470103 0.159578 8.939633 6
8.843563 14.295294 19.807356 6
4.016935 8.458195 1.872740 1
0.808300 5.973873 12.876439 1
5.551615 1.217556 8.964192 1
8.720016 13.285562 19.875218 1
3.629013 6.886720 1.437813 1
1.182557 7.599486 12.224254 1
5.763006 14.117986 9.605537 1
8.488770 0.358890 20.452210 1
5.063842 7.330137 2.089814 1
9.150829 7.107664 12.979033 1
4.369202 0.030831 8.906894 1
0.356558 0.040115 19.847404 1
8.128440 3.052036 8.507125 6
6.287914 11.313760 19.486146 6
1.415324 10.263738 2.328545 6
3.301492 4.175127 13.385176 6
8.098732 2.323049 9.165619 1
6.267719 12.080851 19.939330 1
1.475168 9.489430 1.909633 1
3.406629 4.979407 12.874843 1
8.579933 3.871691 8.957047 1
5.643127 10.674552 19.796592 1
0.787531 11.101872 1.948095 1
3.807666 3.327286 12.885333 1
8.366900 2.873660 7.568558 1
5.889185 11.548661 18.503058 1
1.169336 10.153351 3.258656 1
3.635850 4.320428 14.291922 1
4.018717 4.198789 9.408510 6
0.747710 10.163496 20.277420 6
5.604758 11.510256 1.706370 6
8.639352 3.102885 12.622570 6
3.702668 5.007319 9.615773 1
1.134250 9.283903 20.559381 1
5.826470 12.331421 1.290216 1
8.347792 2.223370 12.226351 1
4.829003 3.979152 9.756743 1
9.374283 10.427624 20.677597 1
4.725717 11.299409 1.172097 1
0.002123 3.092199 12.094079 1
2.996374 3.060178 9.646279 6
1.662712 11.350940 20.735706 6
6.527314 10.307983 1.242829 6
7.762352 4.075414 12.212716 6
2.913063 2.987351 10.573551 1
1.841115 11.313192 21.649719 1
6.594775 10.248991 0.251113 1
7.565377 4.103015 11.155180 1
2.464629 2.263393 8.973530 6
2.287951 12.237518 19.922253 6
7.075452 9.489500 1.964204 6
7.130788 4.878816 12.930075 6
2.544854 2.410054 8.142394 1
2.281106 11.969839 18.994038 1
7.064443 9.699050 2.934493 1
7.116766 4.873842 13.730493 1
1.524109 1.274386 9.465122 6
3.182940 13.221757 20.338749 6
7.955040 8.499813 1.559413 6
6.224735 5.989554 12.502177 6
1.428868 0.793550 10.760107 6
3.290898 13.588404 21.667616 6
8.048974 7.918241 0.208033 6
6.242030 6.513913 11.051594 6
2.186356 1.182201 11.321121 1
2.654399 13.190235 0.498284 1
7.307851 8.440772 21.400845 1
6.874486 6.051103 10.397057 1
0.679219 14.099039 11.109774 6
4.025585 0.213725 0.297129 6
8.703571 6.997657 21.677220 6
5.471440 7.578418 10.699483 6
0.686192 13.983159 12.034527 1
3.980609 0.536537 1.047257 1
8.735693 6.636654 20.742636 1
5.504461 7.683770 9.852174 1
9.432818 13.464797 10.273204 6
4.764262 0.991561 21.278632 6
0.127147 6.339328 0.756285 6
4.722058 8.068881 11.567739 6
8.815478 12.916821 10.552272 1
5.516973 1.522634 21.451575 1
0.738498 5.627457 0.412181 1
4.121417 8.822227 11.241634 1
9.422565 13.869279 8.972823 6
4.857467 0.570619 19.900469 6
0.017299 6.673630 1.984612 6
4.625729 7.801884 13.007058 6
8.757932 13.568439 8.400171 1
5.316588 0.987957 19.279057 1
0.655350 6.271340 2.516689 1
4.173920 8.197584 13.626084 1
0.614185 0.617787 8.521415 6
4.060584 13.976772 19.418893 6
8.852849 7.661341 2.436547 6
5.451556 6.659518 13.281011 6
0.625994 0.865633 7.625336 1
4.008983 13.671411 18.579504 1
8.854435 7.990499 3.308489 1
5.376151 6.472071 14.284986 1
0.970138 6.628932 9.001644 6
3.760418 7.887757 19.983889 6
8.517322 13.748204 1.895238 6
5.603502 0.646698 12.691957 6
0.007016 9.330281 7.414778 6
4.653539 5.184936 18.264763 6
0.047014 1.993457 3.592707 6
4.761026 12.383573 14.550506 6
9.469656 8.328105 6.892684 1
4.622865 6.097186 17.783864 1
0.038031 1.207694 3.999920 1
4.840543 13.295391 15.091914 1
0.124413 10.315596 6.276047 6
4.741243 4.026240 17.180223 6
9.343530 3.143836 4.623957 6
4.751206 11.367624 15.658348 6
0.996429 10.373402 5.888189 1
3.883275 4.056624 16.757268 1
8.535175 3.084495 5.110858 1
5.752540 11.290252 16.117928 1
0.037997 11.186686 6.632122 1
4.755119 3.291298 17.643455 1
0.064710 4.000903 4.288182 1
4.820595 10.505829 15.173689 1
8.862118 10.317591 5.601564 1
5.333580 4.272980 16.531264 1
0.668519 2.960607 5.232768 1
4.208784 11.344008 16.165368 1
8.269440 9.344857 8.029323 6
6.038176 5.188563 19.100578 6
1.284850 2.122859 2.783670 6
3.356177 12.341065 13.699071 6
8.238593 8.712208 8.737929 1
6.114002 5.816784 19.734021 1
1.238952 1.379864 2.161558 1
3.397571 13.054191 13.044527 1
7.415881 9.159271 7.386038 1
6.700372 5.271930 18.358650 1
2.103708 2.076675 3.365716 1
2.694346 12.379630 14.392119 1
8.047848 10.112942 8.494912 1
6.168741 4.290513 19.444776 1
1.311415 2.959098 2.458584 1
3.360706 11.422678 13.369341 1
1.432438 10.558968 9.072376 6
3.451080 3.941940 20.053653 6
8.169428 3.195902 1.849520 6
6.142403 11.250954 12.830090 6
0.584321 11.114966 9.001195 1
4.212280 3.475458 19.969143 1
8.870553 3.781338 2.050939 1
5.395404 10.666308 12.909198 1
2.655290 11.296494 8.844462 6
2.214666 3.244058 19.749411 6
7.010217 4.034306 2.163739 6
7.412558 10.475797 13.057223 6
2.657856 11.462609 7.839776 1
2.270934 3.026864 18.800974 1
6.831319 4.246817 3.075282 1
7.237162 10.157732 14.052847 1
3.347910 10.820435 8.920148 1
1.404226 3.571778 19.935266 1
6.187632 3.461439 1.877483 1
8.206039 10.838854 12.821189 1
2.594027 12.167066 9.332285 1
2.144658 2.278989 20.264239 1
6.923191 4.912342 1.611490 1
7.418520 9.556272 12.574297 1
1.288847 10.147621 10.531365 6
3.492022 4.267677 21.435900 6
8.224043 2.821626 0.294809 6
5.995272 11.570618 11.318419 6
0.598298 9.664437 10.858423 1
4.156344 4.874557 21.745351 1
8.940343 2.429229 0.077443 1
5.201040 12.054491 11.120140 1
1.400829 10.930722 11.014487 1
3.422395 3.590396 0.114095 1
8.154519 3.663010 21.643382 1
6.029189 10.720826 10.771546 1
2.107205 9.607537 10.824416 1
2.624129 4.775885 21.694933 1
7.355241 2.299940 0.207360 1
6.909886 12.090347 10.968487 1
