2.499124 3.445895 1.366282 8
11.525151 9.250175 2.310586 8
11.138960 8.411177 5.867911 8
2.033402 2.493340 5.035566 8
4.167115 11.046687 0.663998 8
10.019798 5.215090 2.929687 8
9.637977 0.679728 6.581000 8
3.591446 6.602257 4.284312 8
3.386914 11.155222 2.889691 8
10.684854 5.151183 0.752142 8
10.291828 0.738381 4.339105 8
3.003772 6.557297 6.409119 8
6.276335 0.844276 1.874240 8
7.905509 6.694968 1.749208 8
7.347774 10.911789 5.400194 8
5.772291 5.016452 5.354637 8
6.874907 2.855084 0.836353 8
7.481220 8.753946 2.706868 8
6.917525 8.915232 6.300592 8
6.220208 2.927896 4.597535 8
-0.173743 2.561147 1.287632 6
14.319303 8.516118 2.368539 6
13.743997 9.072699 6.106464 6
-0.617137 3.319898 4.883669 6
0.152840 3.342940 0.742362 1
14.082641 9.230949 2.867988 1
13.511761 8.398607 6.425124 1
-0.268181 2.496823 4.350324 1
0.024764 2.727074 2.207983 6
14.192302 8.480678 1.489027 6
13.667895 9.129587 5.082354 6
-0.421412 3.101070 5.713353 6
0.280705 3.522671 2.345951 1
13.846765 9.303240 1.195640 1
13.326420 8.196736 4.909016 1
-0.235047 2.397544 6.072349 1
13.311067 2.278654 1.312846 6
0.912602 8.128144 2.214840 6
0.359234 9.393745 5.890661 6
12.812357 3.495876 4.932756 6
12.682446 2.900796 1.045561 1
1.562593 8.850226 2.604629 1
0.985509 8.811499 6.129022 1
12.153925 2.942124 4.758943 1
13.383378 2.355855 2.232348 6
0.796895 8.350399 1.278865 6
0.252592 9.401841 5.046135 6
12.807306 3.549835 5.789973 6
12.809469 3.027324 2.574875 1
1.407816 8.888209 1.118541 1
0.947365 8.686236 4.751570 1
12.343186 2.701126 6.193227 1
12.920453 1.269233 1.941072 6
1.239595 7.019105 1.640789 6
0.838149 10.607474 5.271840 6
12.382734 4.577279 5.510147 6
11.917030 0.972070 1.909877 1
2.177591 6.934115 1.773401 1
1.736809 10.685697 5.300374 1
11.386027 4.905105 5.635494 1
13.732617 0.382819 2.506510 6
0.317151 6.128304 1.173390 6
-0.040735 11.363264 4.693334 6
13.388532 5.571161 6.177732 6
13.484914 11.372239 2.961623 1
0.614137 5.392771 0.711025 1
0.245832 0.491406 4.232799 1
12.964326 6.383184 6.579526 1
13.769781 0.258701 1.268528 6
0.521293 6.157383 2.314018 6
0.043211 11.459016 5.946161 6
13.159609 5.516310 4.871823 6
13.354802 11.266681 0.925831 1
0.719192 5.358481 2.694560 1
0.294846 0.579151 6.203955 1
12.934793 6.361828 4.671561 1
0.464714 0.651634 2.419029 6
13.660690 6.507793 1.331359 6
13.247268 11.167565 4.926150 6
-0.115830 5.358768 5.941334 6
1.022050 0.037897 2.782448 1
13.023003 5.766683 0.853558 1
12.554317 0.055708 4.480175 1
0.591241 5.895868 6.405432 1
0.365085 0.529413 1.264532 6
13.713652 6.370892 2.361242 6
13.256401 11.200355 5.963582 6
-0.093578 5.325188 4.722599 6
1.055111 11.642864 0.817791 1
13.227389 5.752647 2.791403 1
12.703101 0.173669 6.384971 1
0.420995 5.882113 4.534969 1
0.870606 1.706125 1.723508 6
13.281992 7.576729 1.893223 6
12.864004 9.992299 5.586882 6
0.298691 4.189198 5.309922 6
2.323493 2.097259 1.527782 6
11.871496 7.904299 2.102168 6
11.479841 9.758769 5.663455 6
1.744416 3.802336 5.171820 6
3.415824 1.393924 1.600484 6
10.817643 7.210827 2.097785 6
10.276508 10.427706 5.614940 6
3.018047 4.429824 5.136487 6
4.590383 2.204233 1.235650 6
9.747512 8.195316 2.388814 6
9.213544 9.409036 6.007627 6
4.057432 3.597113 4.962150 6
3.851261 3.536788 1.231345 6
10.245047 9.272968 2.490603 6
9.842418 8.149737 6.077385 6
3.357647 2.339463 4.872066 6
4.469766 4.331766 0.986232 1
9.774907 10.211801 2.612216 1
9.218588 7.457110 6.311041 1
3.921681 1.607068 4.563249 1
3.632061 11.682567 1.848380 6
10.496251 5.694721 1.748390 6
10.085776 0.173776 5.505023 6
3.084770 5.918982 5.456500 6
4.441672 9.699280 0.863386 6
9.664999 3.856748 2.742307 6
9.248975 2.107648 6.375856 6
4.064394 7.911519 4.550252 6
5.269558 9.520843 1.542412 1
9.001061 3.750470 2.001880 1
8.386214 2.103390 5.709569 1
4.801583 7.911892 5.227772 1
4.867652 9.308788 0.066227 1
9.298297 3.409503 3.633205 1
8.828552 2.446718 7.213627 1
4.313626 8.247223 3.717320 1
3.736923 9.043192 1.194129 1
10.343289 3.323666 2.534570 1
9.863827 2.564977 6.157765 1
3.252889 8.546286 4.712306 1
5.972393 2.129637 1.315831 6
8.275697 7.868562 2.215147 6
7.764167 9.616854 5.972718 6
5.409222 3.809805 4.971684 6
7.748409 0.465816 1.961868 6
6.518353 6.438636 1.680592 6
6.106183 11.201828 5.230864 6
7.112864 5.271376 5.571092 6
8.122480 0.683005 1.094601 1
6.107390 6.592688 2.459055 1
5.491409 10.916190 6.092516 1
7.602758 5.063166 4.815648 1
7.697875 11.322128 2.148858 1
6.493878 5.449197 1.350603 1
5.975769 0.360581 5.024611 1
7.246319 6.215220 5.747218 1
8.075285 1.071169 2.564148 1
6.171658 6.953724 1.066311 1
5.712697 10.643440 4.669803 1
7.627567 4.792770 6.318606 1
