18.745938 5.341854 6.113005 8
10.116034 8.142590 16.100297 8
0.612156 11.984303 3.748739 8
9.170691 1.431494 13.660282 8
0.474151 8.143342 13.705101 8
9.152039 5.281179 3.682473 8
18.728756 1.369844 16.172814 8
10.248877 11.956603 6.083022 8
5.096549 1.448357 6.315637 8
4.537994 12.049837 16.251341 8
14.222223 8.278042 3.683816 8
14.710650 5.239380 13.555263 8
14.115483 11.878702 13.467381 8
14.836683 1.499640 3.708063 8
5.207427 5.212436 16.225266 8
4.491071 8.208163 6.205480 8
2.710716 2.170402 3.965032 7
6.984332 11.310924 13.853804 7
16.607898 8.935774 5.882493 7
12.389754 4.425316 15.921056 7
16.617236 11.295160 15.858495 7
12.305217 2.207706 5.818246 7
2.571025 4.470295 13.894820 7
7.030150 9.019883 3.999942 7
1.362609 2.995419 8.537178 7
8.404558 10.603034 18.604436 7
18.026445 9.573351 1.225859 7
10.964402 3.884133 11.255578 7
17.951159 10.472198 11.194212 7
10.925226 2.893029 1.223678 7
1.341355 3.892129 18.620074 7
8.230332 9.698941 8.535347 7
2.002838 4.513032 3.111438 6
7.649877 9.030899 13.123525 6
17.292676 11.142920 6.870568 6
11.778682 2.272076 16.625686 6
17.320225 8.932313 16.751957 6
11.757045 4.483034 6.685784 6
1.989269 2.377065 13.055209 6
7.632711 11.125384 3.058886 6
2.484261 4.160221 2.325829 1
7.241603 9.279712 12.178079 1
16.795960 10.879992 7.535553 1
12.063176 2.482171 17.600546 1
16.818786 9.219413 17.574031 1
12.229507 4.172510 7.572161 1
2.409366 2.545520 12.179981 1
7.147642 10.869302 2.344918 1
2.244704 5.302932 3.278465 1
7.534822 8.079627 13.206351 1
17.076863 12.111528 6.534866 1
11.894999 1.293362 16.600418 1
17.155002 7.983360 16.606021 1
11.903726 5.465223 6.614576 1
2.092804 1.313844 13.218184 1
7.415392 12.122205 3.286009 1
1.110322 4.216116 3.117978 1
8.514745 9.181155 13.077530 1
18.213702 10.928827 6.801288 1
10.815269 2.408697 16.717484 1
18.211059 9.211969 16.805548 1
10.785894 4.248205 6.889495 1
1.114000 2.530419 12.916306 1
8.453898 10.906468 3.145619 1
2.786164 3.643755 4.204328 6
7.005171 9.802651 14.108371 6
16.651473 10.418677 5.552842 6
12.415435 3.120580 15.556460 6
16.688562 9.760802 15.532114 6
12.295853 3.707502 5.576250 6
2.657297 3.085514 14.185237 6
6.893008 10.382621 4.338104 6
3.613629 3.888441 4.367903 1
5.993589 9.450154 14.287435 1
15.612959 10.617951 5.582881 1
13.291305 2.704433 15.435592 1
15.746516 9.547498 15.399520 1
13.276790 3.864025 5.551377 1
3.735358 2.894233 14.219494 1
6.118299 10.701528 4.336295 1
2.116333 3.949944 5.730245 6
7.559456 9.504663 15.474874 6
17.248523 10.628167 4.268859 6
11.681508 2.938141 14.105890 6
17.285879 9.499189 14.216363 6
11.746314 3.769558 4.326716 6
2.064061 2.922397 15.557697 6
7.652437 10.542965 5.644136 6
2.087072 4.911311 5.825341 1
7.730009 8.691242 15.682385 1
17.354358 11.555572 4.120861 1
11.721953 1.971004 14.046417 1
17.413186 8.659000 13.967570 1
11.596501 4.790065 4.074797 1
2.055620 1.842233 15.781294 1
7.624502 11.470205 5.928367 1
0.644489 3.216849 5.556678 6
9.007293 10.152883 15.594092 6
18.616680 10.099673 4.333740 6
10.360551 3.468334 14.212468 6
18.727677 10.222065 14.345115 6
10.303163 3.324640 4.297773 6
0.685309 3.484612 15.424042 6
9.054843 9.997459 5.505707 6
18.678301 4.164086 5.789316 6
10.256402 9.278976 15.743433 6
0.534165 10.793550 4.000975 6
8.999817 2.560182 14.000524 6
0.609940 9.308054 13.926174 6
9.145426 4.032621 3.988429 6
18.657019 2.560393 15.836596 6
10.277606 10.903448 5.872716 6
17.541644 3.321601 5.703860 6
11.612745 10.162729 15.564129 6
1.927644 9.999226 4.258156 6
7.717330 3.321905 14.187602 6
1.894055 10.191398 14.226481 6
7.773399 3.296531 4.143721 6
17.553235 3.342254 15.587745 6
11.481259 10.077914 5.720867 6
17.010542 3.598145 4.777151 1
11.943890 9.964857 14.777119 1
2.251037 10.244917 4.975881 1
7.503329 3.231559 14.944752 1
2.218976 9.859126 14.963582 1
7.498682 3.612059 5.059738 1
17.039746 3.101602 14.808580 1
11.837690 10.235256 4.760822 1
16.862892 3.623242 6.448137 1
12.073778 9.883783 16.316900 1
2.560970 10.466005 3.505707 1
7.261151 3.133490 13.396706 1
2.401813 9.890184 13.396721 1
7.140098 3.567080 3.564951 1
16.829956 2.979004 16.260482 1
12.172216 10.347292 6.339503 1
17.594817 1.873912 5.760284 6
11.406999 11.644987 15.821563 6
1.739758 8.460498 3.992163 6
7.884846 4.962913 14.083726 6
1.772755 11.729887 13.986596 6
7.795039 1.856064 4.089295 6
17.501214 4.951506 15.836515 6
11.487625 8.543385 5.782803 6
17.627635 1.637573 6.847471 1
11.469192 11.802327 16.750345 1
1.836859 8.253301 3.051154 1
7.931115 5.115598 13.128581 1
1.783413 11.943122 12.985377 1
7.894254 1.644403 3.106180 1
17.628739 5.129067 16.707106 1
11.402435 8.218257 6.787147 1
16.767746 1.407079 5.456767 1
12.340003 12.077299 15.445682 1
2.680078 8.113534 4.511823 1
7.127979 5.229510 14.307474 1
2.651747 12.040572 14.434677 1
7.068636 1.457866 4.509508 1
16.690615 5.336976 15.356930 1
12.234198 8.043726 5.558315 1
17.418088 2.331977 5.026699 6
11.485533 11.233564 14.894475 6
1.924141 9.053476 4.930230 6
7.790797 4.398025 14.941113 6
1.801378 11.126110 14.830586 6
7.730295 2.265534 4.898585 6
17.485319 4.464160 14.899708 6
11.486651 9.121856 4.889264 6
18.622458 1.238193 5.077354 6
10.377384 12.187041 14.941410 6
0.718464 8.041838 4.868300 6
8.934936 5.453825 14.808568 6
0.611088 12.295438 14.822857 6
9.081394 1.254970 4.882705 6
18.685911 5.570137 14.968363 6
10.406609 7.998400 5.095676 6
18.387498 1.121538 4.168051 1
10.562929 12.376027 14.061608 1
0.980358 7.883372 5.792622 1
8.847313 5.501316 15.608034 1
0.850581 12.365980 15.700650 1
8.733895 1.247016 5.653127 1
18.473022 5.589697 14.024579 1
10.464947 7.828757 4.169017 1
18.841231 0.286376 5.478610 1
10.189977 13.228245 15.356162 1
0.573006 6.967991 4.443945 1
9.256191 6.441786 14.374534 1
0.433363 13.199881 14.350241 1
9.240131 0.392000 4.398062 1
18.771822 6.317036 15.439592 1
10.224581 7.148807 5.492833 1
0.555451 1.950578 5.179281 6
8.968954 11.406465 15.104248 6
18.785190 8.845044 4.738024 6
10.288368 4.796545 14.590616 6
18.700717 11.406515 14.532569 6
10.208943 2.065076 4.614517 6
0.589792 4.627165 15.148219 6
8.992925 8.748636 5.302494 6
1.967978 1.526583 5.108413 6
7.647637 12.022213 14.962555 6
17.331187 8.154745 4.857064 6
11.651067 5.361852 14.813515 6
17.453456 12.065215 14.823026 6
11.673587 1.394196 4.931206 6
2.026226 5.306270 15.018486 6
7.744024 8.156891 5.081731 6
1.938453 0.451903 4.881209 1
7.851236 12.977486 14.637066 1
17.449856 7.297401 5.132767 1
11.579844 6.195380 15.076461 1
17.472230 12.862748 15.055167 1
11.597308 0.536018 5.129809 1
1.951517 6.150657 14.652943 1
7.808073 7.139699 4.874363 1
3.685136 3.191349 9.037394 6
5.945410 10.384259 18.879220 6
15.624742 9.891608 0.783768 6
13.418560 3.552727 10.882585 6
15.657921 10.265903 10.745282 6
13.473033 3.038904 0.919330 6
3.693843 3.604492 18.921665 6
5.874953 9.873537 9.052642 6
3.639105 3.488644 10.029003 1
6.182154 10.015555 0.067861 1
15.722087 10.109919 19.720302 1
13.225190 3.401146 9.847729 1
15.765713 10.035642 9.967323 1
13.224313 3.489541 0.057663 1
3.524153 3.378394 0.080318 1
5.990492 10.198690 10.004534 1
4.549273 3.616311 8.763403 1
5.008564 10.002940 18.709605 1
14.849694 10.273540 1.128713 1
14.192231 3.086215 11.017722 1
14.798970 9.824841 11.062878 1
14.292123 3.445391 1.181339 1
4.658531 3.245710 18.702019 1
5.078813 10.242656 8.748492 1
3.825515 2.210458 9.118569 1
5.735905 11.381717 18.885869 1
15.505956 8.928133 0.810916 1
13.552730 4.592599 10.859956 1
15.469045 11.215206 10.833718 1
13.531983 2.099753 0.868400 1
3.806298 4.494943 18.930736 1
5.848147 8.861539 8.956655 1
2.585403 3.454723 8.170005 6
7.122425 9.995416 17.981619 6
16.775381 10.294095 1.712208 6
12.207514 3.249142 11.636720 6
16.802645 10.011699 11.677070 6
12.356023 3.584126 1.782526 6
2.529459 3.192474 18.160142 6
7.045396 10.258684 8.089459 6
2.505858 4.437552 8.193087 1
7.160518 8.998373 18.114946 1
16.880170 11.285934 1.739304 1
12.086727 2.322675 11.633292 1
16.732306 8.924236 11.671565 1
12.074861 4.438071 1.668396 1
2.419744 2.315512 18.075526 1
7.234101 11.116762 8.148733 1
2.804780 3.127062 6.604221 6
6.719501 10.292063 16.535700 6
16.424669 9.825623 3.168038 6
12.562240 3.613797 13.100451 6
16.390089 10.371990 13.197277 6
12.446896 3.141529 3.249638 6
2.891451 3.705687 16.545148 6
6.783917 9.770174 6.693619 6
3.828700 3.375418 6.463199 1
5.891340 10.125848 16.499547 1
15.591043 10.141781 3.459981 1
13.509462 3.381765 13.259260 1
15.555199 10.109757 13.421737 1
13.551874 3.314103 3.508846 1
3.795736 3.331131 16.466988 1
5.901226 9.961773 6.486913 1
2.772515 1.608404 6.383569 6
6.987243 11.885956 16.282644 6
16.599718 8.259628 3.555882 6
12.408761 5.067853 13.431065 6
16.664697 11.957593 13.409078 6
12.380743 1.500847 3.522108 6
2.775473 5.074627 16.312081 6
7.008704 8.351100 6.476158 6
4.082308 0.953705 6.398292 6
5.651440 12.505229 16.177721 6
15.240339 7.640536 3.546648 6
13.686490 5.761808 13.445675 6
15.258019 12.486506 13.419161 6
13.814952 0.789333 3.593934 6
4.151317 5.934997 16.264501 6
5.510922 7.692000 6.376984 6
4.141286 12.886338 6.244366 6
5.596938 0.534157 16.166814 6
15.314805 6.069379 3.679355 6
13.665918 7.367321 13.474840 6
15.351569 0.536953 13.580389 6
13.719482 12.756137 3.721620 6
4.035817 7.300939 16.213048 6
5.608331 6.159172 6.269346 6
4.987587 12.434315 6.402908 1
4.643916 1.047262 16.412319 1
14.339316 5.778578 3.426579 1
14.705939 7.778359 13.454948 1
14.443954 1.037574 13.431875 1
14.585880 12.452764 3.437415 1
5.026561 7.744351 16.355464 1
4.682036 5.828067 6.301425 1
3.793895 12.618378 5.453920 1
5.919287 0.854171 15.334483 1
15.516755 5.795436 4.529858 1
13.469625 7.741523 14.407671 1
15.680587 1.010091 14.489835 1
13.353150 12.463804 4.482630 1
3.755135 7.582055 15.298625 1
5.979654 5.857356 5.413650 1
3.175153 12.193275 7.326034 6
6.394918 1.241214 17.371215 6
16.223305 5.485108 2.484805 6
12.782559 7.878181 12.491209 6
16.149856 1.246287 12.455586 6
12.833905 12.254368 2.607387 6
3.201563 7.867681 17.366625 6
6.507480 5.503580 7.326744 6
3.667073 12.357114 8.256647 1
6.141555 1.059384 18.206663 1
15.706868 5.667418 1.673786 1
13.281304 7.726152 11.611423 1
15.801832 1.164309 11.537358 1
13.360510 12.270534 1.712618 1
3.588433 7.826222 18.115867 1
6.061966 5.664744 8.227996 1
3.120436 11.277845 7.251584 1
6.570969 2.108948 17.205262 1
16.182849 4.440555 2.604188 1
12.817604 9.017972 12.652220 1
16.286837 2.220150 12.536500 1
12.824028 11.282149 2.765041 1
3.170558 8.919591 17.143224 1
6.432921 4.435200 7.201262 1
1.746856 12.838443 7.408760 6
7.827797 0.673945 17.241622 6
17.538823 6.102485 2.600602 6
11.428464 7.352506 12.410710 6
17.528763 0.639108 12.402550 6
11.389898 12.866659 2.459122 6
1.727090 7.348871 17.383679 6
7.822750 6.147296 7.282700 6
1.357264 12.664171 6.560496 1
8.346410 0.829379 16.545198 1
18.049143 5.749865 3.344995 1
10.931348 7.652485 13.325063 1
18.080233 0.805943 13.237283 1
11.055508 12.487116 3.268912 1
1.439253 7.703665 16.488684 1
8.311694 5.891464 6.579106 1
1.398941 12.534490 8.079951 1
8.341656 1.043471 18.048042 1
17.929247 5.817950 1.689460 1
11.048633 7.717991 11.640109 1
17.992318 1.027366 11.676659 1
10.905914 12.440103 1.779788 1
1.374055 7.781290 18.023084 1
8.372580 5.674927 8.033670 1
1.888237 0.844837 7.438130 6
7.731860 12.631852 17.460059 6
17.354083 7.557439 2.368259 6
11.448786 5.862189 12.338246 6
17.513395 12.591527 12.445805 6
11.582258 0.932893 2.505679 6
1.922557 5.908844 17.319899 6
7.831023 7.644034 7.572793 6
1.312370 1.524135 8.355345 6
8.383453 11.898699 18.419842 6
18.187477 8.306058 1.483098 6
10.873732 5.079574 11.497056 6
18.018809 11.914472 11.405745 6
10.889167 1.602255 1.514755 6
1.209390 5.118479 18.242298 6
8.370982 8.343191 8.358625 6
0.631106 1.083512 8.907307 1
9.024483 12.401768 18.984629 1
18.659313 7.845456 0.981430 1
10.254618 5.627677 10.782655 1
18.705659 12.374373 10.863453 1
10.355070 1.114374 0.846042 1
0.695490 5.700201 18.997795 1
9.083566 7.724081 9.035083 1
3.578172 1.538682 3.054714 6
6.192561 11.799560 13.058329 6
15.766968 8.245999 6.869531 6
13.081036 5.199481 16.757479 6
15.869709 11.875176 16.658070 6
13.196677 1.646433 6.850469 6
3.471260 5.039200 13.037503 6
6.118321 8.271558 3.083699 6
3.290159 0.256519 2.606432 6
6.326706 13.160587 12.520798 6
16.035926 7.070200 7.239411 6
12.893425 6.403037 17.207064 6
15.955716 13.272869 17.257216 6
12.990182 0.245823 7.306669 6
3.250474 6.366821 12.543488 6
6.279633 6.956746 2.625591 6
2.604448 13.192805 2.947504 1
7.004830 0.219492 13.005353 1
16.698396 6.605319 6.954721 1
12.230322 6.922214 16.844969 1
16.643349 0.246177 16.875598 1
12.215681 13.260895 6.836020 1
2.498293 6.953510 12.868030 1
7.009296 6.569665 2.937843 1
4.101490 13.123660 1.702493 6
5.478137 0.317276 11.689066 6
15.198704 6.323515 8.227758 6
13.732870 7.128817 17.954784 6
15.228953 0.403738 18.069426 6
13.771270 13.180791 8.122127 6
4.229766 7.006911 11.764983 6
5.484957 6.313595 1.807711 6
3.921889 12.222040 1.589656 1
5.568726 1.269762 11.448709 1
15.348423 5.601797 8.341795 1
13.674972 7.944516 18.342683 1
15.267449 1.232264 18.270686 1
13.600820 12.313532 8.427482 1
3.992016 7.993975 11.426596 1
5.582099 5.606849 1.546972 1
5.196900 0.305778 1.326702 6
4.503520 13.146458 11.104726 6
14.088961 7.002777 8.587704 6
14.915358 6.420579 18.674971 6
14.164127 13.108683 18.569622 6
14.822703 0.355296 8.726935 6
5.252934 6.380622 11.144700 6
4.410359 7.006032 1.240471 6
5.856068 0.005044 0.583071 1
3.841344 0.125375 10.603413 1
13.504683 6.569347 9.329115 1
15.582198 6.906863 19.160727 1
13.452644 0.164462 19.257720 1
15.492879 13.357790 9.336178 1
5.743038 6.901978 10.616411 1
3.915207 6.566008 0.718595 1
5.400751 1.587921 1.607036 6
4.147368 11.846686 11.461592 6
13.924689 8.317790 8.352705 6
15.110694 4.991970 18.146306 6
13.953218 11.869079 18.286189 6
15.147448 1.689216 8.311935 6
5.440487 5.055521 11.523578 6
4.238667 8.422702 1.668022 6
6.039908 2.031505 1.160326 1
3.481268 11.426869 11.101051 1
13.116501 8.752249 8.622013 1
15.729716 4.690287 18.507952 1
13.193585 11.246340 18.663091 1
15.880094 2.095085 8.589936 1
6.213046 4.520110 11.253499 1
3.621219 8.879288 1.326203 1
4.598263 2.213172 2.439393 6
5.175598 11.174910 12.348713 6
14.648871 9.005565 7.356898 6
14.206263 4.418995 17.346481 6
14.845204 11.181715 17.304819 6
14.297202 2.344866 7.374151 6
4.507806 4.503909 12.539761 6
5.054240 8.958882 2.466084 6
4.696475 3.177106 2.701849 1
4.907908 10.251149 12.575444 1
14.605665 9.857357 7.134214 1
14.408979 3.473854 16.989674 1
14.650159 10.230196 17.172143 1
14.472414 3.164697 7.260327 1
4.663593 3.580876 12.616336 1
4.988663 9.840223 2.821547 1
0.554505 3.636957 9.475877 6
9.237335 9.856548 19.402651 6
18.800956 10.411140 0.409121 6
10.170310 3.066089 10.310486 6
18.893637 9.728841 10.316940 6
10.202978 3.698769 0.516331 6
0.558489 3.010426 19.365455 6
9.244926 10.397071 9.480866 6
0.965521 4.676271 10.247603 6
8.704017 8.676989 0.334471 6
18.358390 11.498304 19.467969 6
10.607430 1.906066 9.699802 6
18.495148 8.620230 9.527586 6
10.656210 4.785167 19.480298 6
0.837521 2.063356 0.381285 6
8.710986 11.468838 10.195203 6
1.765348 5.103730 10.071686 1
7.905201 8.512265 0.165229 1
17.600862 11.685520 19.509353 1
11.554038 1.618167 9.644690 1
17.623792 8.516772 9.637560 1
11.375772 5.022369 19.510573 1
1.798354 1.612827 0.270369 1
7.939099 11.672733 10.164835 1
0.014180 5.356086 10.985284 6
9.683324 8.086651 1.063822 6
0.059065 12.129007 18.730540 6
9.766197 1.257222 8.857498 6
19.308734 7.956633 8.789635 6
9.646187 5.369232 18.753530 6
0.053189 1.310149 1.190086 6
9.537945 12.068050 10.956569 6
0.409747 6.062043 11.582222 1
9.417745 7.343701 1.574531 1
18.979291 12.835212 18.343046 1
10.040902 0.625199 8.294018 1
19.058286 7.240424 8.282903 1
10.062794 6.062800 18.300302 1
0.299330 0.588778 1.557943 1
9.410609 12.963865 11.471151 1
18.032985 4.996978 11.232013 6
11.036413 8.414555 1.173958 6
1.239932 11.732358 18.570987 6
8.435776 1.620447 8.642110 6
1.350449 8.491117 8.625516 6
8.401187 4.983578 18.638739 6
18.022622 1.786432 1.222786 6
10.921553 11.779625 11.123380 6
17.411912 5.415291 11.764671 1
11.530627 7.984106 1.685952 1
1.884478 12.287083 18.050290 1
7.730755 1.339663 8.111629 1
1.940008 8.013743 8.242667 1
7.884092 5.580173 17.998965 1
17.475481 1.285065 1.839106 1
11.444051 12.189274 11.654679 1
17.635028 3.903521 10.342306 6
11.265419 9.554769 0.608679 6
1.710959 10.608599 19.336310 6
7.973346 2.768947 9.485696 6
1.777189 9.551395 9.432840 6
7.973887 3.963188 19.274722 6
17.670485 2.711502 0.548046 6
11.380325 10.593969 10.388451 6
16.719833 3.593079 10.542585 1
12.157963 9.754209 0.541244 1
2.654510 10.411210 19.188309 1
7.066804 3.172626 9.297428 1
2.512970 9.754541 9.367066 1
7.066746 3.644073 19.271522 1
16.751436 3.104715 0.640667 1
12.218494 10.434446 10.595080 1
18.544585 3.188976 9.708400 6
10.589173 10.274808 19.493187 6
0.917076 9.909497 0.216277 6
8.779348 3.566921 10.261991 6
0.917667 10.323431 10.171830 6
8.919287 3.235453 0.350813 6
18.545757 3.414626 19.583716 6
10.512358 10.000784 9.713413 6
18.086353 2.543580 9.102140 1
10.730130 10.883637 19.003907 1
1.105156 9.194118 0.811475 1
8.444973 4.193343 10.763147 1
1.231023 11.054903 10.601938 1
8.593949 2.426955 0.798600 1
18.197302 4.237277 19.091585 1
10.908427 9.260483 9.127512 1
