1.715434 8.092056 14.500998 8
-1.504982 1.786879 15.065005 8
3.683098 4.427188 5.177684 8
6.821054 10.641403 4.532973 8
0.930663 11.840094 15.756519 8
-0.627933 5.517959 14.043402 8
4.507354 0.664012 4.113873 8
6.037755 6.940382 5.821383 8
0.556328 10.594851 17.475322 8
-0.172823 4.433275 12.200680 8
4.940657 1.722037 2.188012 8
5.768796 8.105526 7.708601 8
4.427830 9.028354 16.110871 8
3.729750 2.624465 13.503325 8
1.106559 3.513015 3.607109 8
1.735178 9.662932 6.174848 8
5.635754 10.729465 15.337751 8
2.631083 4.544389 14.326540 8
-0.077890 1.828525 4.333085 8
2.929768 7.963313 5.417627 8
2.244274 7.020123 18.435287 8
5.908328 0.749820 11.111242 8
3.152288 5.441726 1.254093 8
-0.424361 11.630199 8.637170 8
2.540880 4.957167 17.848255 8
5.692712 11.068185 11.818909 8
3.028764 7.649582 1.756940 8
-0.314460 1.413141 8.027945 8
0.389703 9.704946 14.049835 7
0.107478 3.432064 15.680243 7
5.230055 2.794222 5.757386 7
5.492909 9.046113 4.081939 7
0.619278 7.261664 16.371614 7
-0.165003 1.158802 13.254657 7
4.868733 5.166023 3.304772 7
5.785958 11.230566 6.624780 7
1.229573 6.192997 16.828399 7
-0.727385 12.344141 12.969548 7
4.296155 6.388046 3.003377 7
6.187183 0.093996 6.985631 7
1.387173 8.401505 15.797446 6
-0.920831 2.164839 13.805734 6
4.208220 4.054632 3.983692 6
6.502046 10.206588 5.939514 6
0.227985 9.417057 15.503035 6
0.162095 3.304919 14.054091 6
5.224281 2.903112 4.332679 6
5.360129 9.233337 5.590026 6
1.112083 8.797670 13.624985 6
-0.888498 2.632597 16.085447 6
4.242337 3.519714 6.205593 6
6.246410 9.803984 3.729282 6
1.549928 8.727610 12.279860 6
-1.267732 2.341900 17.347885 6
4.012843 3.734273 7.506004 6
6.610262 10.051285 2.318641 6
0.982703 9.362724 11.242367 6
-0.500197 3.176161 18.527171 6
4.495894 3.059862 8.651342 6
5.945861 9.363963 1.249125 6
1.333662 9.228825 9.936521 6
-1.020448 2.870486 19.743233 6
4.090350 3.366027 9.852763 6
4.041920 9.497093 19.749011 6
2.295994 8.422525 9.523228 6
0.453814 2.093525 0.390056 6
3.133755 4.158828 10.217093 6
5.076139 10.213859 19.467010 6
3.090469 7.678998 10.584800 6
5.252921 1.490127 19.057641 6
2.502587 4.730544 9.250364 6
0.341069 10.945129 0.727281 6
2.637640 7.793730 11.853049 6
5.624761 1.587477 17.698187 6
2.751626 4.638002 7.858768 6
-0.004737 10.710975 2.045913 6
-1.058505 8.791241 15.951676 6
1.291690 2.699698 13.706893 6
6.487142 3.589163 3.865046 6
4.187989 9.767266 6.161866 6
-0.695239 7.655352 16.521347 6
1.208530 1.445851 13.235145 6
6.328185 4.861603 3.357474 6
4.354869 11.012640 6.583219 6
0.644409 10.841775 16.158776 6
-0.179373 4.649038 13.410364 6
4.910424 1.619676 3.605603 6
5.789268 7.889565 6.440570 6
1.001918 11.739580 18.319514 6
-0.699526 5.477872 11.309540 6
4.476196 0.714680 1.429979 6
6.137930 6.911355 8.298435 6
5.506105 9.419324 15.930733 6
2.624322 3.227942 13.792775 6
0.038000 2.936290 3.917791 6
2.838820 9.148159 5.925972 6
4.362286 11.244845 15.051334 6
3.805411 5.154611 14.478179 6
1.133687 1.156471 4.568553 6
1.639388 7.355133 5.143143 6
-1.614775 6.665115 17.186460 6
1.955578 0.356177 12.585977 6
7.122005 5.779470 2.643690 6
3.464363 12.100250 7.282377 6
2.066938 6.114981 17.737666 6
6.266087 12.364191 11.831214 6
3.562568 6.332675 2.049264 6
-0.820368 0.099709 7.992024 6
3.356540 4.573886 18.914227 6
4.835231 10.861223 10.735430 6
2.005453 7.774314 0.801593 6
0.695576 1.549937 9.054245 6
2.115327 8.719110 16.316020 1
5.969843 2.506659 13.284420 1
3.254597 3.634878 3.336587 1
-0.639053 9.871388 6.428376 1
1.092144 5.517295 16.273721 1
-0.691163 11.557112 13.380122 1
4.463290 6.998688 3.488138 1
6.178623 0.804946 6.372785 1
-0.064041 9.837657 11.249647 1
0.318804 3.617171 18.351988 1
5.445692 2.744710 8.428692 1
5.073802 8.863398 1.390628 1
0.729474 9.561023 9.105885 1
2.125613 3.360317 0.807089 1
4.724099 2.849922 10.633392 1
3.464150 9.128785 18.946720 1
2.776004 8.245945 8.577958 1
0.091416 1.971370 1.321282 1
2.732002 4.207015 11.071278 1
5.340032 10.353305 18.603760 1
3.683226 7.154002 10.350161 1
4.389769 0.905007 19.292110 1
1.704820 5.419937 9.513385 1
1.130411 11.645323 0.393501 1
3.191363 7.471989 12.663985 1
5.084424 1.126430 16.972760 1
2.270587 5.077400 7.147501 1
0.419562 11.262806 2.648470 1
1.295314 11.498174 19.312824 1
-0.911648 5.237365 10.397745 1
4.260794 1.041727 0.484803 1
6.401284 7.166926 9.560141 1
1.947698 11.994766 17.799286 1
6.398932 5.784544 11.856908 1
3.541211 0.372374 1.800018 1
-0.782924 6.634323 8.017401 1
0.307012 0.147650 18.135089 1
-0.027960 6.242234 11.479313 1
5.189636 12.305768 1.567502 1
5.465817 6.228274 8.419745 1
3.819792 11.253601 15.777061 1
4.404086 5.082988 13.744679 1
1.788040 1.269810 3.974501 1
1.055035 7.387475 5.963163 1
3.849098 10.719033 14.644393 1
4.365631 4.532160 14.961004 1
1.615121 1.750452 5.115024 1
1.107164 7.952983 4.814254 1
4.454104 12.384458 14.854740 1
3.723718 6.050262 14.816000 1
0.935282 0.107755 4.912413 1
1.887178 6.293661 4.936946 1
-1.812247 5.760705 16.502473 1
2.183423 11.939174 13.272170 1
7.367960 6.665612 3.247318 1
3.257955 0.555710 6.513840 1
5.391884 6.855735 17.052482 1
2.967940 0.664743 12.665714 1
0.189793 5.416966 2.769764 1
2.595779 11.728555 7.086929 1
-1.465081 6.449371 17.866803 1
1.703037 0.235564 11.661509 1
6.905805 6.175265 1.827721 1
3.687119 12.196713 8.091237 1
3.690255 5.473184 19.282447 1
4.568895 11.785407 10.337517 1
1.810370 6.947626 0.544357 1
1.047323 0.641298 9.291560 1
5.414828 4.130325 0.040236 1
5.140803 10.398964 9.805536 1
0.208027 8.179006 19.693954 1
0.206857 2.125057 9.956886 1
4.255717 4.059188 18.629059 1
3.985478 10.297679 10.939964 1
1.209335 8.339535 1.061161 1
1.572146 2.154664 8.848587 1
