8.119224 3.966961 11.661402 6
2.584980 7.052390 3.344919 6
2.423144 4.006165 13.089070 6
8.123408 7.185703 4.947435 6
2.796529 9.482902 11.684450 6
7.910146 1.494592 3.413026 6
7.903805 9.494927 13.242167 6
2.770860 1.628342 4.971743 6
8.820797 3.431536 12.092646 1
1.904167 7.523981 3.840601 1
1.821141 3.483635 12.693582 1
8.856698 7.652379 4.474685 1
3.435333 8.930322 12.097896 1
7.116606 2.015888 3.852324 1
7.096291 9.057857 12.605248 1
3.610992 2.079086 4.349586 1
6.937380 3.148812 11.607557 7
3.714283 7.978493 3.254508 7
3.727034 3.158889 13.149122 7
6.987854 7.941205 4.902839 7
1.543326 8.665405 11.616975 7
9.100896 2.370401 3.291642 7
9.005738 8.659337 13.254163 7
1.538832 2.332154 4.994658 7
6.533624 2.880153 12.404764 1
4.000498 8.196780 4.187257 1
4.062926 2.944553 12.491393 1
6.600164 8.037987 4.184823 1
1.236736 8.418288 12.339822 1
9.421252 2.490376 4.210070 1
9.324451 8.480812 12.332251 1
1.253392 2.510159 4.086878 1
6.119784 2.829413 10.598130 6
4.506011 8.161721 2.324770 6
4.496123 2.858392 14.194043 6
6.065217 8.215414 6.012614 6
0.840326 8.299065 10.590754 6
9.807296 2.640538 2.315093 6
9.886788 8.313467 14.192400 6
0.802063 2.750948 5.924632 6
5.169636 2.236227 10.745641 8
5.555536 8.788460 2.503327 8
5.658912 2.245330 13.977023 8
5.151612 8.750200 5.786030 8
10.479157 7.723496 10.722768 8
0.237825 3.288248 2.437592 8
0.248414 7.844696 14.131094 8
10.436677 3.313854 5.869833 8
6.643182 2.961747 9.243233 6
3.874966 7.908264 0.952597 6
3.992149 2.966675 15.504077 6
6.800041 8.011733 7.341180 6
1.397196 8.639479 9.112163 6
9.370735 2.380652 0.888284 6
9.262362 8.631084 15.570528 6
1.430617 2.560468 7.409479 6
6.321141 3.873177 8.837751 1
4.477417 7.112182 0.608699 1
4.292112 3.956394 15.894399 1
6.251142 7.199344 7.673521 1
0.943263 9.377468 8.775916 1
9.722345 1.650854 0.533465 1
9.670858 9.363931 16.012862 1
0.950831 1.676006 7.786873 1
6.524199 2.355148 8.502103 1
4.153264 8.724282 0.240252 1
4.220820 2.263157 16.252844 1
6.559868 8.672627 7.948843 1
1.097469 7.790605 8.587434 1
9.453477 3.202703 0.393264 1
9.537070 7.832787 16.092747 1
1.114599 3.153136 7.941734 1
8.290251 3.312497 9.149366 6
2.381870 7.749149 1.000130 6
2.492294 3.318409 15.517461 6
8.147066 7.828346 7.303868 6
2.914961 8.706298 9.090178 6
7.833206 2.254719 0.808957 6
7.862965 8.798734 15.640985 6
2.928772 2.255219 7.388275 6
8.759776 2.365241 9.307612 1
2.093470 8.781225 0.998853 1
2.009706 2.423982 15.391547 1
8.565770 8.778320 7.203164 1
3.419179 7.899526 9.401414 1
7.316640 3.218468 1.029064 1
7.342723 7.971733 15.450177 1
3.399579 3.202357 7.254719 1
8.466970 3.492533 8.218456 1
2.133617 7.457276 16.430743 1
2.230503 3.464264 0.055292 1
8.543488 7.578615 8.318822 1
3.134803 8.979513 8.310364 1
7.419336 2.007412 0.014096 1
7.590473 9.144995 16.427143 1
3.099909 1.992618 8.265411 1
8.572271 4.328751 10.118233 6
2.026806 6.806266 2.018408 6
2.099011 4.244816 14.619094 6
8.676200 6.853997 6.260811 6
3.343562 9.816481 10.196882 6
7.320367 1.293065 1.848165 6
7.328362 9.855308 14.612348 6
3.347221 1.308503 6.372437 6
7.977375 5.571159 9.907867 8
2.662880 5.567283 1.619632 8
2.733831 5.541897 14.933126 8
7.953229 5.550835 6.707828 8
2.632052 11.046115 9.843038 8
8.124041 10.967537 1.644374 8
7.969010 11.056866 14.990800 8
2.554184 0.044727 6.627976 8
7.501724 6.184169 10.989826 6
3.114250 4.876220 2.793857 6
3.228005 6.129608 13.806960 6
7.512505 4.988201 5.525380 6
2.240410 0.685008 10.949968 6
8.386313 10.385623 2.714372 6
8.484109 0.542059 13.823059 6
2.239518 10.369370 5.618527 6
6.897987 7.119746 10.985233 8
3.771165 3.814234 2.606930 8
3.679494 7.120162 13.927593 8
6.966012 3.769429 5.606081 8
1.638806 1.576991 10.812431 8
8.998249 9.464429 2.590832 8
9.023995 1.599630 13.958287 8
1.534952 9.444315 5.640861 8
8.004085 5.338710 12.156610 6
2.653414 5.776079 3.975228 6
2.740369 5.359692 12.623534 6
7.978575 5.599124 4.258556 6
2.675623 10.831435 12.105321 6
7.989913 0.147432 3.888441 6
7.967611 10.952233 12.640158 6
2.679133 0.195067 4.367255 6
8.817456 5.691198 12.441846 1
1.836450 5.399100 4.159669 1
1.794154 5.677155 12.265356 1
8.852324 5.361311 4.034156 1
3.474173 0.155649 12.455993 1
7.139581 10.841097 4.135441 1
7.112193 0.105534 12.280861 1
3.593833 10.870654 4.001966 1
10.107265 4.547805 10.158194 6
0.556608 6.501098 1.980846 6
0.453404 4.500206 14.600673 6
10.134736 6.454697 6.358161 6
4.836591 10.120489 10.211590 6
5.856107 1.060030 1.998478 6
5.818699 9.946829 14.700123 6
4.809928 1.107296 6.435846 6
10.360196 4.882701 9.193377 1
0.229970 6.224619 1.020874 1
0.165357 4.924341 15.478380 1
10.507536 6.116990 7.271915 1
5.071501 10.448775 9.194251 1
5.578325 0.722563 0.987763 1
5.630086 10.458697 15.435804 1
5.095583 0.706075 7.257872 1
10.645497 3.763302 10.350156 1
0.096849 7.413527 1.985174 1
0.128436 3.611143 14.362657 1
0.003184 7.470849 6.202775 1
5.204294 9.224322 10.240687 1
5.448603 1.759501 2.031433 1
5.476580 9.268512 14.338304 1
5.339945 1.953801 6.141224 1
10.400556 5.140712 10.813345 1
0.329951 5.840827 2.619073 1
0.363008 5.197675 14.015417 1
10.367282 5.836112 5.760281 1
5.110135 10.676813 10.901050 1
5.572659 0.451052 2.556755 1
5.579285 10.671632 13.869231 1
4.987182 0.377682 5.723571 1
6.904252 5.531430 13.382039 6
3.654331 5.463680 5.082341 6
3.607505 5.474752 11.419257 6
7.037641 5.534369 3.098673 6
1.688386 11.023964 13.466028 6
8.977076 11.013111 5.063166 6
9.004200 0.071485 11.487136 6
1.745747 11.044177 3.122714 6
6.193764 4.977015 13.207481 1
4.602337 5.975395 4.860603 1
4.439731 5.000951 11.640188 1
6.122997 6.049506 3.438135 1
0.876657 10.495246 13.265298 1
9.924447 0.475764 4.845121 1
9.930779 10.608881 11.589855 1
0.752228 0.379702 3.438864 1
6.827619 6.414335 13.437706 1
3.837422 4.509008 5.190598 1
3.972385 6.579694 11.339821 1
6.809433 4.526911 2.982874 1
1.381214 1.015835 13.485838 1
9.218001 10.105825 5.222933 1
9.153234 0.887305 11.294059 1
1.536297 10.040290 2.924087 1
7.509432 4.946162 14.652708 6
3.048575 6.105236 6.482871 6
3.090201 4.930692 10.067576 6
7.597235 6.113770 1.893766 6
2.159323 10.406933 14.653569 6
8.357739 0.656255 6.490208 6
8.439553 10.540608 10.033421 6
2.269938 0.473866 1.814407 6
7.820647 3.926902 14.572166 1
2.950470 6.975725 6.370461 1
2.808237 3.997223 10.235071 1
7.778178 6.939143 1.970474 1
2.470777 9.574951 14.548709 1
8.148577 1.505536 6.241505 1
8.192644 9.502639 10.148088 1
2.539924 1.427127 1.888638 1
6.830137 5.066718 15.482432 1
3.664705 6.018684 7.081381 1
3.790875 5.085491 9.277409 1
6.937667 5.930198 1.159823 1
1.511269 10.564770 15.366324 1
9.113724 0.494376 7.090811 1
9.096711 10.619369 9.295682 1
1.631216 0.377572 1.154084 1
8.321901 5.548829 14.862388 1
2.276124 5.565957 6.691609 1
2.264057 5.362991 9.831808 1
8.426197 5.627988 1.530618 1
3.146729 11.021845 14.873747 1
7.599693 11.036930 6.722698 1
7.593014 11.002794 9.863248 1
3.120793 11.047290 1.540069 1
