4.760488 2.897042 0.391941 8
4.183030 6.194867 4.511766 8
10.875022 7.439164 0.386259 8
10.209710 1.560377 4.604290 8
6.083523 3.279958 2.038356 8
5.519119 5.748467 6.083171 8
0.097411 7.727331 2.041191 8
-0.561087 1.379227 6.255759 8
4.850477 3.133083 1.625775 6
4.376885 6.101142 5.673269 6
10.978506 7.687209 1.586205 6
10.464553 1.396343 5.659075 6
3.999799 3.007129 2.921748 6
3.302941 6.000269 6.857037 6
10.066090 7.476083 2.777705 6
9.557629 1.492124 6.906689 6
3.742719 4.024269 3.123948 1
3.088808 5.140979 7.131079 1
9.864366 8.509673 2.989837 1
9.200955 0.672076 7.130956 1
2.749331 2.251667 2.845666 6
2.141358 6.826484 6.913382 6
8.834150 6.800279 2.687930 6
8.090968 2.244492 6.901458 6
2.125673 2.621319 1.934453 1
1.474993 6.386667 6.027793 1
8.183590 7.145473 1.980454 1
7.581726 1.839062 5.994466 1
1.874695 2.463275 4.139193 6
2.494263 6.491038 0.152935 6
8.027165 7.155697 4.104661 6
8.707025 2.098440 0.118612 6
1.373118 1.720533 4.314009 1
1.909816 7.328627 0.177961 1
7.367345 6.246238 4.167229 1
8.035493 2.776393 0.292318 1
2.949760 2.629289 5.379835 6
3.450521 6.425177 1.323749 6
8.904593 7.097806 5.380445 6
9.505833 2.033247 1.264886 6
2.535885 2.517414 6.139279 1
3.079098 6.511283 2.145801 1
8.611176 7.092923 6.141854 1
9.079687 1.973671 2.126110 1
4.104084 2.609573 5.340235 6
4.839329 6.528017 1.138868 6
10.382465 7.129961 5.212605 6
10.984838 1.957044 1.136021 6
4.677043 2.633131 6.061531 1
5.343543 6.460352 1.977080 1
10.733039 7.176907 6.125337 1
11.480840 1.806441 1.948264 1
4.868787 2.542867 3.997932 6
4.203025 6.661365 7.990413 6
10.906572 6.961598 3.901108 6
10.461305 2.103036 7.951928 6
5.074288 1.513639 3.744508 1
4.472429 7.529673 7.705953 1
11.189316 6.079939 3.756945 1
10.633774 3.019720 7.856258 1
6.225778 3.366086 3.611355 6
5.648152 5.875070 7.692595 6
0.113289 7.758434 3.514986 6
-0.577607 1.172646 7.677627 6
6.160703 4.273310 4.014453 1
5.468834 4.861107 7.993345 1
-0.058082 8.651609 3.864254 1
-0.526628 0.388091 7.917658 1
6.966357 2.839253 3.968392 1
6.349344 6.210987 8.029151 1
0.951607 7.331980 3.887773 1
0.224798 1.631078 8.079442 1
2.864037 0.744141 2.439972 6
2.154375 8.290335 6.510074 6
8.876894 5.362559 2.444590 6
8.232472 3.667014 6.600087 6
3.402383 0.735484 1.725658 1
2.881210 8.380599 5.734598 1
9.577447 5.224229 1.740425 1
8.924913 3.783590 5.836947 1
2.021113 0.342288 2.248683 1
1.396967 8.629373 6.358881 1
8.046991 4.858612 2.374296 1
7.405336 4.151073 6.285359 1
3.236594 0.373168 3.192021 1
2.682799 8.690218 7.222590 1
9.347282 4.961918 3.279838 1
8.719093 4.251654 7.254438 1
1.138855 3.847359 4.076546 6
0.504127 5.180144 8.062661 6
7.133361 8.418000 4.067023 6
7.721414 0.739423 0.126878 6
0.670162 3.991518 4.904499 1
1.340713 5.175021 0.834067 1
6.675857 8.522921 4.999049 1
7.441839 0.691115 0.984291 1
0.350186 3.659719 3.460285 1
-0.286186 5.316952 7.422540 1
6.427033 8.263551 3.323988 1
5.836647 0.865632 7.501907 1
1.615699 4.636077 3.807686 1
1.135213 4.494255 7.987833 1
7.832774 0.045085 3.905060 1
7.123132 0.055135 7.843426 1
