0.741183 11.085505 1.600570 8
3.390577 1.001879 18.787203 8
7.298968 4.959316 15.794914 8
4.701719 7.078662 33.160831 8
0.484129 0.119654 2.460909 7
3.712027 11.945253 19.765254 7
7.756450 6.086415 14.881222 7
4.466338 5.899986 32.210285 7
5.212234 0.044986 1.429330 7
6.784390 0.091535 18.767694 7
2.716435 6.067775 15.897029 7
1.289870 6.038421 33.227974 7
7.353996 0.499879 33.652784 7
4.849082 11.605055 16.350397 7
0.689820 6.641307 18.356858 7
3.382958 5.647968 0.996505 7
6.408007 11.173246 1.494327 6
5.746662 0.806201 18.683363 6
1.645007 5.277795 15.920669 6
2.364423 6.881989 33.353210 6
6.256746 9.801523 1.435258 6
5.906952 2.227055 18.587859 6
1.856956 3.879513 15.950839 6
2.245986 8.391756 33.319519 6
6.946455 9.312234 1.289347 1
5.225699 2.841903 18.516665 1
1.178218 3.373657 16.060779 1
2.842651 8.857747 33.344950 1
4.882282 9.247970 1.446764 6
7.113038 2.851836 18.678788 6
3.216000 3.310128 15.942704 6
0.964348 8.875793 33.270311 6
4.887170 8.401725 1.404324 1
7.383568 3.827161 18.811952 1
3.351573 2.250278 16.024752 1
0.662165 9.716489 33.290135 1
3.954467 10.086202 1.600850 6
0.274468 1.939584 18.849346 6
4.313859 4.033811 15.802803 6
7.860529 8.065878 33.047652 6
2.970795 9.792255 1.554145 1
0.993041 2.302416 18.960876 1
5.139532 3.730276 15.655551 1
6.948921 8.369398 33.101947 1
4.103452 11.581711 1.630132 6
8.016023 0.606069 18.997017 6
3.937613 5.543494 15.739428 6
0.026869 6.730855 33.103115 6
3.312879 12.092159 1.728953 1
0.797986 0.024967 19.108667 1
4.663472 6.019317 15.518017 1
7.299392 6.129325 32.832934 1
7.773251 0.860625 0.155556 6
4.225946 11.296904 17.646147 6
0.176776 6.994119 17.146059 6
3.761027 5.271848 34.404514 6
0.371962 1.989817 0.384686 6
3.540578 10.165450 17.847630 6
7.733549 8.136951 16.935111 6
4.373340 4.076160 34.142187 6
0.912677 2.220760 1.241081 1
3.188578 10.019928 18.709555 1
7.204617 8.203150 16.030320 1
4.912584 3.789726 33.304502 1
0.548391 2.839197 34.144219 6
3.543517 9.129515 16.808365 6
7.561969 8.953040 17.867666 6
4.514567 3.118357 0.613386 6
1.012039 3.746274 34.285339 1
3.027983 8.450902 16.844353 1
7.130044 9.805260 17.825034 1
5.103304 2.296941 0.427214 1
0.129233 2.685223 32.963861 6
3.962634 9.579389 15.535098 6
7.945771 8.596621 19.141795 6
4.032313 3.444714 1.847374 6
0.114328 3.117501 32.204366 1
3.863311 9.002077 14.835942 1
8.052604 9.309679 19.881213 1
4.029177 2.981904 2.441860 1
7.543148 1.324563 32.709252 6
4.632492 10.697834 15.390046 6
0.547356 7.388494 19.209857 6
3.520693 4.621924 2.013758 6
7.079400 1.066608 31.932440 1
4.972571 10.991198 14.526108 1
0.953353 7.219716 20.168202 1
3.031849 4.868811 2.667484 1
7.731497 11.888418 1.371443 6
4.453177 0.159053 18.760963 6
0.366692 5.959962 16.105264 6
3.651034 6.258541 33.377813 6
7.938464 11.705454 3.747367 6
4.048204 0.540769 21.160156 6
0.083000 5.592603 13.640660 6
3.900334 6.443764 30.883507 6
7.434014 10.954457 3.663610 1
4.657664 1.245526 21.010040 1
0.540584 4.869723 13.634876 1
3.468643 7.250165 30.979988 1
7.067817 0.694162 4.452294 6
4.869565 11.417100 21.856395 6
0.845060 6.722017 12.818238 6
3.072909 5.421965 30.341778 6
5.853219 0.375204 4.884669 6
6.240809 11.785384 22.342698 6
2.121054 6.280024 12.384202 6
1.894725 5.646426 29.721698 6
5.525778 11.584416 4.853090 1
6.402382 0.553298 22.215238 1
2.420489 5.449034 12.516171 1
1.545656 6.653329 29.807445 1
5.190423 1.342061 5.574818 6
7.029730 10.732601 22.934387 6
2.848977 7.373655 11.850732 6
1.074819 4.644485 29.149462 6
4.556671 1.137675 5.858621 1
7.622566 10.952461 23.184991 1
3.536962 7.196208 11.581475 1
0.350120 4.919561 28.806116 1
5.548096 2.649357 5.589130 6
6.389874 9.572682 22.960204 6
2.445490 8.734648 11.694978 6
1.597450 3.521469 29.180945 6
5.083122 3.411249 5.961782 1
6.953499 8.826968 23.328667 1
2.873382 9.434929 11.329806 1
1.047792 2.651912 28.610327 1
6.907902 2.879363 5.163106 6
5.246771 9.146127 22.379116 6
1.261316 8.980526 12.208258 6
2.888737 3.067934 29.542592 6
7.335811 3.865680 4.976986 1
4.771329 8.223548 22.383936 1
0.897959 9.908128 12.310269 1
3.159463 2.204031 29.706744 1
7.624598 1.967801 4.425526 6
4.592226 10.140286 21.816432 6
0.555213 7.892297 12.748332 6
3.579044 4.157871 30.131104 6
0.474728 2.041262 4.043996 1
3.527088 9.949344 21.442660 1
7.641813 8.269912 13.206605 1
4.481770 3.867948 30.632450 1
1.150262 11.275903 4.645678 6
2.893121 0.773859 21.997352 6
6.883506 5.121816 12.841921 6
5.144640 6.864106 30.060633 6
1.676768 10.610304 4.026825 1
2.380920 1.588617 21.445906 1
6.485881 4.424474 13.246883 1
5.634475 7.538904 30.554727 1
1.732001 12.064617 4.696434 1
2.325497 0.120658 22.167524 1
6.419557 5.996947 12.557952 1
5.750712 6.051787 30.043849 1
0.890097 10.886477 5.447520 1
3.126751 1.257474 22.670094 1
7.153225 4.872478 12.001055 1
4.872902 7.351903 29.188408 1
5.885899 9.054826 5.701566 8
6.262199 3.013453 22.975220 8
2.132352 3.019769 11.696364 8
1.752228 9.175236 29.090567 8
4.879774 7.900573 5.356433 7
7.230638 4.172568 22.883741 7
3.166148 1.920210 11.828728 7
0.905082 10.222245 29.291625 7
0.062869 7.825734 4.129760 7
4.006897 4.345757 21.490091 7
0.009043 1.837554 13.367121 7
4.124838 10.408499 30.648233 7
6.944752 5.836431 6.866736 7
5.175604 6.270930 24.162410 7
1.277826 11.933412 10.452979 7
2.844921 0.298265 27.813661 7
6.902705 7.333555 4.267856 6
5.236898 4.859015 21.594954 6
1.210114 1.325799 13.084777 6
2.867166 10.946765 30.394562 6
6.386839 6.485675 3.421691 6
5.723846 5.650624 20.669948 6
1.707199 0.285618 13.875447 6
2.332337 11.832786 31.207099 6
5.630345 5.979421 3.736703 1
6.569467 6.044207 20.897752 1
2.489027 12.010046 13.710152 1
1.609163 0.083953 30.951208 1
7.052954 6.044663 2.225557 6
4.981069 6.142063 19.550604 6
1.060716 0.078854 15.083957 6
2.933309 12.094884 32.405516 6
6.585951 5.443737 1.628530 1
5.530136 6.787989 19.084502 1
1.360243 11.416538 15.673966 1
2.677681 0.649939 33.019764 1
0.260050 6.546453 2.115279 6
3.937691 5.643849 19.410271 6
7.859462 0.558680 15.243533 6
4.244850 11.615596 32.604145 6
0.652116 6.399670 1.234339 1
3.237894 5.832211 18.524038 1
7.463522 0.349735 16.193300 1
4.775987 11.774249 33.463216 1
0.608929 7.500070 2.924004 6
3.252395 4.672480 20.243118 6
7.350938 1.346842 14.414655 6
4.785989 10.821333 31.713023 6
1.571520 7.792587 2.778123 1
2.534756 4.238141 20.138662 1
6.569313 1.801619 14.609493 1
5.488532 10.246777 31.939083 1
6.910566 7.254663 6.847695 6
5.154021 4.989243 24.079387 6
1.263647 1.021687 10.595339 6
2.829168 11.014279 27.950137 6
7.469213 7.942155 7.793356 6
4.627211 4.239056 24.994373 6
0.535246 1.928529 9.537181 6
3.532256 10.119307 26.935411 6
7.440887 8.821577 7.520696 1
4.773094 3.248467 24.994356 1
0.666045 2.773661 9.688536 1
3.364818 9.161368 27.032654 1
8.014936 7.271251 8.849544 6
4.067990 4.835578 26.170266 6
8.052062 1.382046 8.455055 6
3.972290 10.882341 25.882044 6
0.424629 7.966917 9.476044 1
3.746886 4.269545 26.792872 1
7.776158 1.824343 7.860479 1
4.379880 10.264318 25.203836 1
8.020385 6.079565 9.055142 6
4.013583 6.205466 26.372449 6
0.136681 12.013688 8.458326 6
3.951361 12.086546 25.698683 6
0.351659 5.526365 9.668770 1
3.756837 6.512239 27.092435 1
7.852406 11.694231 7.529824 1
4.348398 0.560180 25.028417 1
7.460334 5.243395 8.030343 6
4.676062 6.916793 25.322991 6
0.706614 11.399595 9.318008 6
3.328029 0.728299 26.644925 6
7.378352 4.239472 7.947197 1
4.743454 7.786817 25.434703 1
0.699729 10.252381 9.303908 1
3.262473 1.701092 26.711599 1
6.190047 7.620256 5.651205 6
5.821575 4.319737 22.830708 6
1.818573 1.717679 11.740627 6
2.291159 10.407624 29.103423 6
4.058755 7.782817 6.621276 6
8.013211 4.369863 23.980152 6
3.927542 1.713572 10.657047 6
0.091517 10.448091 28.016355 6
4.722739 7.847288 7.469845 1
7.479286 4.245445 24.840692 1
3.482444 1.907902 9.816360 1
0.592616 10.209372 27.305870 1
3.528915 6.329135 6.618757 6
0.491630 5.635537 23.994386 6
4.663756 0.390344 10.627840 6
7.449434 11.670790 28.019434 6
3.625473 5.673373 7.861225 6
0.470834 6.469081 25.079390 6
4.506400 11.578169 9.577614 6
7.682757 0.446864 26.861843 6
4.036835 6.017763 8.454167 1
0.030796 6.150515 25.949632 1
4.127621 12.051754 8.784135 1
8.005734 0.073019 26.079478 1
2.958957 4.377882 7.799919 6
1.081714 7.784282 25.208735 6
5.107797 10.397537 9.617402 6
7.052630 1.764194 26.818001 6
3.108101 3.855586 8.742225 1
0.944050 8.240074 26.094154 1
5.039610 9.794658 8.689083 1
7.072799 2.292161 26.013123 1
2.194000 3.975757 6.672434 6
1.745692 8.305413 23.993143 6
5.826245 9.944820 10.696038 6
6.236592 2.111423 27.972051 6
1.851437 3.087528 6.681484 1
2.197113 9.116282 24.057548 1
6.210908 9.111444 10.584647 1
5.749771 3.078496 27.950444 1
2.251807 4.628602 5.687204 6
1.956246 7.376305 22.989056 6
6.005530 10.684409 11.794396 6
6.098313 1.262200 29.016142 6
1.586289 4.317136 4.702029 1
2.291937 7.718623 22.038090 1
6.436919 10.426563 12.553232 1
5.629780 1.683304 30.047265 1
2.793077 5.981371 5.666598 6
1.336337 6.130141 22.968999 6
5.300541 12.074768 11.657883 6
6.715340 0.161008 29.121975 6
2.671236 6.655514 4.865997 1
1.271339 5.507333 22.220697 1
5.354289 0.617479 12.533333 1
6.824809 11.517490 29.735040 1
2.952644 8.829266 6.793802 6
1.014806 3.222781 24.120986 6
5.139862 2.831544 10.546891 6
7.049563 9.183689 28.065176 6
2.588518 8.773760 7.611664 1
1.441055 3.234684 24.827582 1
5.525417 2.729522 9.695072 1
6.710187 9.268437 27.123208 1
3.526291 9.829893 6.549399 1
0.371956 2.306076 23.892229 1
4.571628 3.810914 10.622436 1
7.608134 8.286209 28.079752 1
2.380271 8.968153 5.901165 1
1.591826 3.204938 23.269071 1
5.548179 2.789569 11.463332 1
6.431519 9.360792 28.837202 1
