10.857172 2.800844 5.035188 45
14.431061 14.840384 4.858538 45
12.499455 15.990156 6.528152 6
9.398894 2.520987 6.297890 7
12.870298 14.763887 6.217733 8
11.201833 16.239278 7.383282 7
7.273286 3.026834 7.471977 6
7.104099 3.396871 8.348489 1
6.699807 3.347414 6.747713 1
8.756982 3.712551 6.976019 6
8.501000 4.514410 6.333142 1
9.409925 4.137434 8.237632 6
10.038522 5.144014 8.402138 8
10.147065 3.617779 10.444245 6
11.114386 4.095183 10.114284 1
13.989751 17.242087 10.940727 1
9.710983 4.200457 10.958530 1
9.490922 3.181977 9.125299 8
10.384826 15.334439 7.865832 6
9.424333 15.736631 8.557322 8
10.687220 13.890525 7.896154 6
11.430220 13.675136 7.105218 1
9.479219 12.984064 7.677428 7
9.861679 12.273733 5.315567 8
8.856635 12.803722 6.258796 16
11.301156 13.242321 9.225752 6
11.885284 12.621637 8.989563 1
11.776577 14.135163 9.571984 1
7.775555 11.785036 6.656808 8
9.961884 12.985521 9.946243 6
9.708109 13.783665 10.498851 1
10.273565 12.149540 10.457063 1
9.089471 12.400150 8.890230 6
9.042387 11.405270 8.921893 1
8.078999 12.771531 9.243804 1
8.071167 14.239400 5.757898 6
6.974380 14.626481 6.081446 6
6.288710 14.137563 6.532537 1
6.375645 15.891590 5.572957 6
5.466256 16.185126 5.750045 1
3.665698 2.120679 4.748228 6
3.313826 3.046049 4.422789 1
4.871873 1.801072 4.660557 6
5.555740 2.429817 4.109940 1
9.082130 15.129273 4.971496 6
9.948676 14.784771 4.849532 1
9.106488 1.960533 3.131594 6
13.147075 15.217998 3.282349 7
9.638957 2.896602 3.587034 8
8.018740 1.817506 2.163984 7
7.647578 0.579568 1.714328 6
8.025096 0.422445 0.847830 1
10.352782 14.825616 1.794392 1
12.233293 14.166089 2.711205 6
11.596637 13.861679 3.503733 1
12.979755 13.094664 2.042731 6
12.776079 11.847540 2.207264 8
14.672096 12.416733 0.624740 6
14.971280 11.790374 1.224729 1
15.535996 19.037183 19.484609 1
14.035906 18.323283 19.541995 1
13.947766 13.478715 1.274589 8
7.295585 2.915585 1.551334 6
6.563165 2.642354 0.667680 8
7.735021 4.338616 2.050116 6
7.947826 4.449426 3.042437 1
6.505262 5.309182 1.583245 7
5.200187 4.856680 3.450080 8
5.576923 5.931872 2.736267 16
8.837707 4.891491 1.111932 6
9.586278 4.214905 1.046053 1
9.341578 5.592932 1.688784 1
4.639920 6.751487 2.063552 8
8.348209 11.577321 19.398295 6
8.977321 12.173028 18.952807 1
8.173289 10.816649 18.976059 1
7.038205 6.129603 0.604306 6
7.205542 6.987669 0.887270 1
6.424124 12.466832 19.413468 1
6.703677 7.053786 3.835493 6
6.849873 8.246822 3.483924 6
6.552443 8.687640 2.655558 1
7.552456 9.115455 4.313782 6
7.731757 10.024257 4.063285 1
8.183121 8.646470 5.348327 6
8.732289 9.109055 5.902518 1
7.887396 7.344069 5.818016 6
8.431286 6.818293 6.605410 1
7.276267 6.382960 4.846076 6
7.129048 5.521929 5.207176 1
12.787201 1.723814 3.363715 6
16.118999 14.991632 3.635878 7
12.510559 2.878520 3.616357 8
13.921882 1.560253 2.422346 7
17.564046 14.698949 1.885568 6
4.018990 14.462525 1.852027 1
17.194614 14.570772 1.114329 1
16.798903 13.995284 3.052086 6
16.269787 13.194635 2.730852 1
3.362948 13.441368 4.070016 6
3.726416 13.960531 4.975500 8
4.904589 11.595475 4.342326 6
5.733151 12.328971 4.360055 1
5.122597 10.778010 3.987351 1
4.614130 11.477031 5.270666 1
3.718183 12.308271 3.582082 8
14.612750 2.491372 1.690840 6
0.840908 2.166120 0.582968 8
14.441011 3.944231 2.057677 6
13.783537 4.225507 2.819436 1
14.486699 4.888872 0.936888 7
12.181413 5.649273 1.206959 8
12.976420 5.286377 0.181626 16
1.428691 4.283446 2.614007 6
1.325309 5.023499 3.364244 1
1.955207 3.553952 2.910473 1
13.426260 12.362333 18.778973 8
2.195600 4.984754 1.404810 6
2.502626 5.835181 1.674719 1
2.826800 4.366831 0.978220 1
15.640588 5.187448 0.458806 6
1.630039 10.693690 19.279213 1
15.764159 6.053293 0.084268 1
12.630057 9.987095 19.038664 6
11.728844 2.888798 0.314332 6
11.480819 3.079886 1.267197 1
11.228311 7.899747 19.186490 6
10.515374 1.107176 0.209960 1
11.783598 7.602085 17.897583 6
11.277016 6.978686 17.531328 1
12.574090 8.559445 17.208956 6
12.779020 8.261022 16.265657 1
13.084910 9.642530 17.786441 6
13.665427 10.172661 17.428851 1
16.185716 15.862278 6.999874 6
12.302525 2.397576 6.591251 7
15.695558 14.626875 6.624310 8
16.813353 15.724184 8.152718 7
17.122168 17.141856 8.586793 6
14.519275 2.774010 8.465121 1
13.110646 2.988020 9.360089 1
12.934119 3.415860 7.302398 6
12.144038 4.108917 7.751085 1
13.947250 4.187503 6.532993 6
14.670333 3.652489 5.944223 8
15.019291 6.307051 6.269408 6
1.288719 6.004810 6.354015 1
14.937542 7.121413 6.709226 1
14.694166 6.402719 5.365911 1
13.992540 5.506175 6.787936 8
17.126336 14.901165 9.039486 6
3.258087 15.136148 10.187406 8
16.932147 13.411842 8.780490 6
16.211201 13.313719 8.070032 1
16.513662 12.613189 9.798878 7
14.535473 11.027985 10.009663 8
15.003915 12.410781 10.416769 16
3.642372 12.791444 8.146797 6
3.387817 11.969361 7.484646 1
4.310399 13.489318 7.722576 1
14.293251 13.517919 9.764031 8
4.407098 12.269373 9.369219 6
4.759619 12.871987 9.857591 1
5.002141 11.504801 9.262714 1
3.163671 11.565425 10.257796 6
2.907229 10.808532 9.991702 1
3.367465 11.572263 11.257422 1
15.031679 12.539429 12.087980 6
14.372585 11.647002 12.770298 6
13.896360 10.922788 12.569238 1
14.351029 11.826481 14.132727 6
13.778252 11.327347 14.709138 1
14.897572 12.931637 14.715419 6
15.053675 12.956054 15.806773 1
15.738873 13.812850 13.942257 6
16.137472 14.579237 14.385082 1
15.793807 13.559670 12.580302 6
16.104130 14.188312 12.113011 1
11.127862 4.973595 5.245429 7
11.171129 5.978655 5.251689 6
11.411121 7.560680 5.375005 6
11.412408 8.258893 4.098495 6
11.521430 7.894021 3.369791 1
11.772467 9.628996 4.286808 6
11.835044 10.196378 3.569354 1
11.913852 10.186351 5.608734 6
12.020364 11.170850 5.814801 1
11.648042 9.373948 6.752942 6
11.869651 9.815626 7.710910 1
11.525236 7.951680 6.542475 6
11.467341 7.348116 7.312749 1
11.567820 7.507636 5.187460 6
11.518083 7.986287 3.845535 6
11.515514 7.332390 3.182621 1
11.792763 9.322351 3.687805 6
11.764400 9.552764 2.928662 1
11.883810 10.238021 4.728323 6
12.061355 11.021940 4.706460 1
11.876071 9.710060 6.042799 6
11.904007 10.319145 6.907468 1
11.630670 8.232278 6.237068 6
11.543298 8.056752 7.149945 1
15.014521 11.521874 4.799631 6
14.487369 12.671589 4.740505 7
15.564777 10.485867 5.019849 6
15.620871 9.754349 3.807469 6
15.210794 9.901133 2.947536 1
2.002042 8.495928 3.776261 6
1.936056 8.038587 2.954792 1
2.635551 8.192420 4.981268 6
3.167472 7.265241 4.903447 1
2.578424 8.888537 5.999911 6
3.056543 8.615802 6.804938 1
16.427302 10.109273 6.037616 6
16.349793 10.642554 6.910038 1
15.504551 10.387633 4.489733 6
15.041833 9.561456 3.460921 6
14.288032 9.729081 2.820503 1
15.662553 8.301729 3.135509 6
15.369523 7.642033 2.343582 1
2.184546 7.810206 3.897124 6
2.610893 7.034353 3.737868 1
2.634584 8.687706 5.032450 6
3.308908 8.388907 5.526049 1
16.521870 9.771970 5.185654 6
2.343609 10.380665 6.035674 1
7.445202 17.936122 14.551961 45
3.679505 5.798157 14.531903 45
5.418421 4.805856 12.520773 6
8.809371 18.294805 13.050281 7
4.951841 6.009403 12.976319 8
6.257166 4.757967 11.504341 7
9.876013 17.962858 11.024450 6
10.893936 17.680482 10.831700 1
9.317596 17.782052 10.213341 1
9.527385 17.207228 12.354131 6
8.953294 16.323707 12.102360 1
10.739331 16.703213 12.972933 6
11.301834 17.314453 13.879006 8
12.323766 14.904558 13.139221 6
12.933800 15.690685 13.044487 1
12.526497 14.074503 12.685012 1
12.296604 14.715778 13.956694 1
11.077798 15.491996 12.604561 8
6.790635 5.709810 10.577348 6
6.821264 7.200082 10.989024 6
6.179922 7.344621 11.943142 1
6.414425 8.061198 9.863815 7
4.019785 8.563611 10.763890 8
4.784091 8.234078 9.611421 16
8.163447 7.639357 11.244084 6
8.270166 8.186740 11.907334 1
8.824711 6.751322 11.329799 1
4.760848 9.100917 8.539555 8
8.681613 8.116324 9.903800 6
9.151611 8.957803 9.887528 1
9.072133 7.349082 9.191836 1
7.437522 8.454760 9.145290 6
7.296360 9.563002 8.980240 1
7.389744 8.223684 8.204466 1
4.200594 6.655309 8.948552 6
3.645106 5.807017 9.823718 6
3.403389 5.933316 10.713674 1
3.172137 4.578598 9.435104 6
2.798347 3.895940 9.937379 1
3.445039 4.201341 8.126500 6
3.176170 3.296569 7.799648 1
3.996661 4.976317 7.271402 6
4.198512 4.711236 6.403111 1
4.380654 6.278913 7.771480 6
4.850973 6.876796 7.009206 1
9.526667 19.167739 16.184194 6
5.273605 5.846019 15.787159 7
9.011907 18.023228 15.971509 8
10.428456 19.314945 17.262140 7
6.819254 6.325364 17.636981 6
7.796867 6.540153 17.654859 1
6.449291 6.379653 18.331407 1
6.045293 6.864451 16.401556 6
5.324722 7.643218 16.782342 1
7.034241 7.471034 15.453094 6
7.439265 7.118853 14.480926 8
8.162851 9.504559 15.032015 6
9.015339 9.005741 14.944205 1
8.386545 10.374711 15.396157 1
7.798244 9.508937 13.994356 1
7.266069 5.288141 9.477224 8
7.227888 8.815106 15.861257 8
11.130376 18.447334 18.014956 6
11.867488 18.991590 18.887349 8
11.073419 16.977847 17.670363 6
10.397078 16.749916 16.959292 1
11.086289 16.132953 18.981841 7
8.717377 15.326390 18.414695 8
9.496064 15.879990 19.456713 16
12.572508 16.617075 17.188725 6
12.374654 16.270815 16.284727 1
13.136079 17.334042 17.329320 1
9.662295 8.657656 1.028512 8
12.961215 15.503603 17.870577 6
13.940045 15.490075 18.121500 1
12.508289 14.598368 17.473733 1
12.186061 15.543495 19.302935 6
11.854198 8.549509 0.207447 1
12.591538 10.004079 0.392957 1
8.726911 11.107978 0.634647 6
9.093235 11.520222 1.795222 6
9.572791 11.002449 2.327238 1
8.592487 12.605917 2.304550 6
8.688514 12.908525 3.241902 1
7.710945 13.378306 1.593907 6
7.282609 14.180261 1.775687 1
7.478021 13.025099 0.220619 6
7.128680 19.836844 19.250436 1
8.163065 18.042322 19.335416 6
8.013539 17.878906 18.381803 1
5.701884 19.077633 16.496449 6
2.354327 5.591534 16.037688 7
6.288116 17.890710 16.341300 8
4.747535 19.237911 17.547779 7
0.611214 5.975143 17.577128 6
0.669868 6.390719 18.420651 1
14.082876 6.109824 17.339279 1
1.533588 6.731085 16.556121 6
1.066653 7.108124 15.909537 1
2.382810 7.876699 17.347047 6
2.095700 8.950786 17.170568 8
3.843737 8.313930 19.029948 6
4.344542 9.062258 18.459363 1
4.437877 1.541663 0.100791 1
3.141755 2.605809 0.063392 1
3.274964 7.328526 18.087933 8
4.093842 18.408273 18.472866 6
17.698408 18.779816 19.166326 8
4.650317 16.830541 18.388172 6
5.179181 16.740989 17.760375 1
3.428469 15.975940 18.453208 7
3.332290 16.279011 15.984139 8
3.042780 15.439880 17.054334 16
4.948779 10.259262 0.232120 6
5.726147 9.588782 0.219683 1
5.502820 11.166161 0.793840 1
16.083594 14.879602 17.145254 8
3.732373 9.869758 1.194475 6
3.997153 9.346614 1.796209 1
3.215121 10.729221 1.506318 1
2.842919 9.223376 0.202352 6
3.164834 8.242949 0.117227 1
16.520841 9.275241 0.365908 1
3.974529 13.888132 16.842086 6
5.228991 14.066475 16.230575 6
5.547391 14.792188 15.926582 1
5.987855 12.900063 16.172970 6
6.825121 12.954649 15.813602 1
5.470040 11.730271 16.639242 6
6.056581 10.845861 16.690561 1
4.193213 11.645194 17.126852 6
3.818499 10.718274 17.403141 1
3.292440 12.655457 17.140290 6
2.413490 12.735854 17.472016 1
1.759905 4.521423 12.968631 6
5.891449 18.109281 13.410996 7
2.198142 5.796248 13.113640 8
0.605420 4.453350 12.176029 7
3.908455 17.450148 12.327814 6
3.804488 17.124856 11.529209 1
17.525007 17.499993 12.769930 1
4.958843 16.908491 13.078350 6
4.761695 16.459719 13.981054 1
5.743053 15.761439 12.258808 6
5.620976 14.601407 12.485187 8
6.796801 15.411289 10.323506 6
7.032418 14.557523 10.661951 1
7.616976 15.805347 9.936526 1
6.101371 15.162651 9.508525 1
6.276909 16.313047 11.293682 8
14.160623 5.324446 11.583513 6
13.143076 4.863531 11.099016 8
14.478219 6.679699 11.577127 6
15.279409 7.012748 12.223351 1
13.232066 7.570122 11.838653 7
13.985143 8.307669 14.200663 8
12.719096 7.982863 13.339063 16
14.832658 7.173157 10.134455 6
0.932146 6.426403 9.677350 1
15.359272 8.027559 10.186668 1
11.650709 8.951188 13.215469 8
13.411232 7.468196 9.516642 6
13.658691 8.216045 8.923101 1
13.195104 6.689255 9.104534 1
12.527531 7.909070 10.572686 6
12.351750 8.822748 10.647755 1
11.756501 7.437286 10.615578 1
12.120880 6.477637 13.906342 6
12.924916 5.529135 14.562125 6
13.915558 5.850292 14.577606 1
16.166141 18.850614 15.059115 6
16.660464 18.311566 15.509575 1
14.764736 18.631079 15.001937 6
14.453661 17.696836 15.213837 1
10.384835 4.852314 14.342820 6
9.381560 4.653451 14.215633 1
10.803558 6.199906 13.853126 6
10.106866 6.784156 13.423224 1
8.389542 14.776034 14.873858 6
7.860475 15.789575 14.628067 7
9.263985 13.578369 14.882761 6
9.881314 13.391494 16.110587 6
9.745481 14.003170 16.918784 1
10.759329 12.371205 16.112180 6
11.151447 12.136621 17.029979 1
10.947397 11.522363 15.171901 6
11.481957 10.642015 15.082239 1
10.460313 11.849316 13.913217 6
10.596380 11.158537 13.048529 1
9.530761 12.823415 13.835091 6
9.081731 12.982954 12.967572 1
3.512136 9.007341 14.102817 6
3.619766 8.002995 14.462087 7
3.165002 10.479073 13.773217 6
2.409226 10.431391 13.210690 1
3.855472 10.933916 13.451475 1
2.754562 10.999444 14.657831 1
6.901075 11.578523 11.915647 8
6.763422 10.583998 11.984284 1
6.154581 12.054761 12.920646 6
6.232318 11.493668 13.816286 1
5.285373 12.213980 12.804797 1
6.651526 12.845817 13.282563 1
7.600777 11.605550 12.298271 1
6.057315 10.684842 12.784845 6
6.479501 10.319557 13.519745 1
5.518627 9.953431 12.220745 1
5.371858 11.311345 13.052579 1
