1.699924 9.131853 2.807127 22
4.280249 0.049251 1.813325 22
2.884991 9.077069 6.290167 22
0.365328 0.033082 7.377418 22
0.956851 9.814301 4.998734 17
2.224317 0.649553 8.691947 17
3.588022 8.591123 4.139537 17
2.346263 17.761473 0.430143 17
2.504691 11.174394 2.397050 17
3.475092 1.953856 2.182771 17
2.084565 7.057855 6.738216 17
1.039795 16.333043 6.878574 17
2.536750 8.159092 0.918088 17
3.357682 17.340753 3.528769 17
1.912052 10.193848 8.094241 17
1.100052 0.886659 5.503136 17
-0.374553 9.549171 2.058728 17
6.480369 0.275134 2.577788 17
4.971491 8.780731 7.153113 17
-1.800375 18.024500 6.647171 17
2.448752 5.254826 3.058161 17
3.603970 14.348073 1.596977 17
2.114535 13.096229 6.013396 17
0.874079 3.888190 7.698935 17
1.039775 7.404116 3.334576 8
5.021171 16.482913 1.116783 8
3.639081 11.091106 5.773091 8
-0.420706 1.837353 8.059299 8
-0.075015 5.433874 4.142084 6
6.111343 14.588462 0.375439 6
4.610806 13.007450 5.004673 6
-1.506542 3.836111 8.749976 6
-1.096158 6.048138 4.790088 6
4.203919 15.215116 8.839479 6
5.739257 12.310343 4.311368 6
0.274452 3.034408 0.307571 6
-1.160561 7.082782 4.777141 1
4.324390 16.207749 8.850855 1
5.684947 11.340037 4.217561 1
0.420525 2.138105 0.261800 1
5.362125 5.490446 5.374155 6
-2.193847 14.508016 8.389928 6
-0.609235 12.961778 3.816887 6
6.777390 3.750894 0.751942 6
4.558922 6.003091 5.844507 1
-1.361679 15.183336 7.959239 1
-0.078085 12.508090 3.424860 1
6.121247 3.251841 1.300016 1
5.122088 4.052239 5.355552 6
-1.951922 13.256671 8.510672 6
-0.679505 14.386301 3.922258 6
6.685846 5.231351 0.644320 6
-1.366780 3.341472 4.601089 6
4.438093 12.449542 9.058786 6
5.804639 15.053332 4.553416 6
0.206278 5.877987 0.138374 6
-1.308943 2.270980 4.566525 1
4.458939 11.550411 9.103362 1
5.966846 15.869857 4.436129 1
0.185196 6.844560 0.107858 1
-0.136779 4.024063 4.203765 6
6.123847 13.160013 0.409812 6
4.806808 14.422664 4.969428 6
-1.571115 5.301914 8.658127 6
0.580937 3.402234 3.732875 1
5.507628 12.626126 0.748485 1
4.078554 14.791034 5.323619 1
-0.833627 5.767846 8.206804 1
0.981705 6.110064 3.592228 6
5.044168 15.337923 1.041369 6
3.669553 12.157500 5.620316 6
-0.482202 3.105825 8.129519 6
3.934453 3.325168 5.746760 6
-0.836544 12.532359 7.820769 6
0.628601 14.930184 3.267239 6
5.518261 5.884002 1.280051 6
4.103662 2.435609 5.757303 1
-1.013514 11.465311 7.917329 1
0.545503 16.050417 3.505411 1
5.577922 6.841215 1.037484 1
3.109244 3.539961 5.330120 1
0.077323 12.840764 8.221140 1
1.374708 14.743910 3.781618 1
4.593841 5.479715 0.743103 1
4.001405 3.405277 6.878448 1
-0.834970 12.708680 6.959456 1
0.700589 14.877136 2.308835 1
5.328646 5.766079 2.299910 1
