-0.183508 10.987152 2.705052 8
4.780556 2.623200 13.756176 8
4.066077 8.628605 2.804351 8
0.798123 4.973263 13.689664 8
4.755401 8.630303 15.727589 8
-0.166852 4.887036 0.763208 8
2.482350 8.252724 1.263199 7
2.327218 5.484814 15.131809 7
1.273389 8.531214 0.770014 6
3.496887 5.093582 15.758213 6
0.455966 9.320619 1.248318 7
4.346404 4.253397 15.277082 7
-0.351500 9.270920 0.962503 1
5.187607 4.252175 15.444191 1
0.756638 10.201511 2.365791 6
4.013999 3.446191 14.227807 6
2.226860 10.251039 2.753404 6
2.494448 3.333717 13.817273 6
2.856959 8.906230 2.197099 6
1.828344 4.686815 14.125439 6
2.268543 10.439817 4.232788 6
2.425609 3.162145 12.158120 6
3.182063 10.644728 4.451537 1
1.398244 3.052338 12.104457 1
1.903549 11.318078 4.392032 1
2.784133 2.239049 11.965185 1
1.847856 9.319846 5.132962 6
2.982718 4.260096 11.395727 6
0.367613 9.553457 5.650070 6
4.174005 4.116236 10.766208 6
-0.118308 10.102268 5.441363 1
4.830148 3.447167 11.028850 1
-0.106916 8.506537 6.551552 6
4.769349 5.122149 10.061969 6
-0.968843 8.562282 6.912383 1
-0.772983 5.060652 9.627677 1
0.657598 7.574183 6.932483 6
3.937684 6.118526 9.539527 6
0.325077 6.855510 7.452393 1
4.303379 6.731052 9.044994 1
1.938583 7.322954 6.516743 6
2.756579 6.266260 10.036627 6
2.479952 6.603577 6.769967 1
2.155069 6.893918 9.685946 1
2.446884 8.212993 5.552377 6
2.223568 5.233700 10.878683 6
3.362463 8.292162 5.210039 1
1.226276 5.474901 11.128374 1
2.712902 11.419013 2.051525 6
1.912323 2.155532 14.590252 6
2.453691 12.286206 2.358786 1
2.202073 1.416816 14.126957 1
3.757169 11.395629 1.930117 1
0.976465 2.150137 14.561883 1
2.370587 11.573157 0.592684 6
2.428700 1.918855 15.956569 6
2.388915 10.666976 15.925012 6
2.413647 2.821479 0.618922 6
3.060336 10.270317 16.115534 1
1.511936 3.427186 0.282158 1
1.839423 10.790060 14.724378 6
2.798834 2.812637 1.784256 6
2.193899 10.399454 13.905145 1
2.402015 3.237189 2.437841 1
0.667843 11.676043 14.484493 6
3.970898 2.032153 2.060526 6
0.417649 11.625245 13.525889 1
4.337795 1.976068 2.919861 1
0.079410 12.319740 15.496559 6
4.591544 1.424260 1.110528 6
-0.548611 12.696817 15.247487 1
5.367556 0.762781 1.302330 1
1.220916 12.331086 0.324525 6
3.551826 1.128831 16.163662 6
0.836587 12.781211 0.906131 1
3.857207 0.749724 15.614325 1
0.417265 7.473989 16.047604 7
4.354616 6.038972 0.332073 7
0.901937 6.805081 15.925990 1
3.800762 6.749028 0.561164 1
-0.696362 7.793393 15.341689 6
5.523826 5.705961 1.181524 6
-0.935170 7.118021 14.158843 7
5.450666 6.500417 2.384966 7
-0.274383 6.647234 13.943205 1
5.003603 7.009676 2.376932 1
4.651445 7.378840 13.103122 6
0.224145 6.230714 3.333619 6
3.759335 7.485608 13.714543 1
0.995101 6.046840 2.895335 1
4.525992 6.600816 12.665157 1
0.276498 6.995130 3.981441 1
4.804011 8.638492 12.248921 6
-0.157742 4.918454 4.192859 6
4.155590 8.773274 11.684489 1
0.497427 4.938178 4.745927 1
4.727072 9.424071 12.853694 1
-0.143575 4.157886 3.632097 1
-0.318620 8.617464 11.617699 6
4.948061 5.047739 4.949250 6
-0.243271 7.871900 11.131059 1
5.006832 5.817836 5.487590 1
0.482416 8.537768 12.154907 1
4.195680 5.032933 4.226687 1
-0.147759 9.815034 10.796661 6
4.770605 3.704329 5.840484 6
-0.883700 9.821812 10.108072 1
5.524242 3.652828 6.482737 1
-0.152177 10.757887 11.352939 1
4.995714 3.009693 5.226390 1
1.308238 9.985575 10.060967 6
3.412433 3.604614 6.437855 6
1.854365 9.984742 10.744839 1
2.688714 3.730749 5.793776 1
1.291813 9.198175 9.404251 1
3.321438 4.494312 6.958618 1
1.464852 11.126871 9.112057 6
3.211693 2.374886 7.271560 6
1.497067 11.909714 9.651851 1
3.342844 1.626121 6.833173 1
0.777044 11.227616 8.532915 1
3.915833 2.386901 7.955781 1
2.851862 11.062168 8.526349 6
1.885328 2.392867 8.074084 6
3.628580 11.115284 9.099635 1
1.197297 2.503055 7.286660 1
2.847862 10.316161 7.990095 1
1.685020 3.222746 8.419981 1
3.151961 12.311194 7.566422 6
1.545558 1.348841 8.912431 6
2.382104 12.317329 6.951995 1
2.303760 1.321433 9.571431 1
2.900070 13.250352 8.150250 1
1.782139 0.418034 8.331373 1
4.493821 12.337506 6.950579 6
0.315809 1.212268 9.625431 6
-1.295689 12.345140 7.493525 1
-0.325465 1.269834 8.872867 1
4.475383 11.453660 6.460825 1
0.240795 2.029129 10.158289 1
4.690661 13.401394 5.887256 6
0.084129 0.196564 10.689656 6
3.848667 13.380638 5.138563 1
0.758410 0.134489 11.305226 1
5.767538 0.525673 6.436308 1
-1.010288 13.192796 10.189264 1
-0.442674 13.520405 5.234289 6
5.150368 0.133489 11.219328 6
0.228328 13.440477 5.796137 1
4.427275 0.064081 10.563977 1
-0.428715 12.695084 4.698572 1
5.132939 1.027428 11.810086 1
0.978545 0.655316 4.257606 6
3.666947 12.822459 12.348909 6
0.278103 0.721676 3.582214 1
4.419831 12.972660 12.937970 1
1.804782 0.548118 3.869759 1
2.791694 13.050982 12.742441 1
0.790929 1.574251 4.648363 1
3.866041 12.071723 11.803077 1
