13.079271 2.433405 4.727805 14
0.130803 5.695567 10.645001 14
-0.066663 2.931163 3.327137 8
13.268259 6.181028 11.911080 8
3.669743 1.514946 0.313603 8
9.608665 4.764874 15.076107 8
3.922585 5.891515 0.086459 8
9.260718 2.499403 15.265010 8
3.679536 3.658263 4.706987 8
9.602933 0.465861 10.828610 8
4.054060 1.376027 4.757636 8
9.256308 4.666530 10.699496 8
2.812648 2.170963 3.083779 7
10.539360 5.533313 12.285914 7
0.884734 2.774828 14.224843 9
12.340300 5.894731 1.145423 9
0.474852 4.465422 15.397021 9
12.800125 1.189552 0.044841 9
2.677684 0.936708 2.415602 6
10.533485 4.269429 12.886185 6
1.955354 0.438374 2.757628 1
11.293252 3.687310 12.629303 1
3.431759 0.472599 2.619026 1
9.761768 3.588595 12.921180 1
2.343623 1.277316 1.105641 6
10.786910 4.488201 14.320116 6
1.872177 0.646961 0.573243 1
11.363830 3.904812 14.824268 1
1.596866 2.614792 1.080215 6
11.588661 5.850333 14.363283 6
0.800662 2.298361 1.247406 1
12.479427 5.666101 14.144030 1
2.189929 3.365056 2.368137 6
11.170068 0.142875 12.957472 6
2.827034 3.960944 2.193829 1
10.592030 0.832276 13.270222 1
1.016989 3.932394 3.188245 6
12.341916 0.670062 12.328291 6
1.270567 4.339118 4.063472 1
12.030889 1.140716 11.486767 1
0.503842 4.593773 2.678863 1
12.633256 1.438215 12.739261 1
1.384803 3.395758 15.314321 6
11.867854 0.200538 0.210309 6
2.223595 3.616476 15.151104 1
11.096866 0.358123 0.172023 1
3.844851 0.496453 15.206952 6
9.367259 3.796086 0.096321 6
5.067994 0.768553 14.352722 6
8.344943 4.050468 1.032256 6
5.056102 2.010963 13.875485 6
8.130304 5.397948 1.500128 6
4.511821 2.848524 14.060754 1
8.801611 6.030686 1.348693 1
6.240733 2.343659 13.020486 6
7.034743 5.729521 2.374651 6
6.152088 3.177074 12.614267 1
7.080430 0.000795 2.635958 1
6.998115 1.451218 12.745784 6
6.142487 4.625402 2.653760 6
7.883794 1.590508 12.291490 1
5.504444 4.851684 3.281902 1
7.012592 0.125879 13.244052 6
6.333797 3.427511 2.031973 6
7.636314 6.020136 13.021816 1
5.682758 2.914936 2.246591 1
5.996862 6.446805 14.159146 6
7.353057 3.133212 1.271820 6
5.882876 5.607922 14.528335 1
7.479500 2.235965 0.972934 1
3.405384 2.574099 4.229352 6
9.697386 5.656010 11.069507 6
4.744772 1.291493 5.940531 6
8.631730 4.569401 9.419392 6
5.952024 2.188595 5.713721 6
7.230057 5.368013 9.608482 6
6.414918 1.784476 4.993703 1
6.789007 5.088408 10.548374 1
6.681381 1.957646 6.531345 1
6.519658 5.247483 8.932441 1
5.801723 3.169237 5.741769 1
7.340797 6.345551 9.604396 1
5.070953 6.431396 6.229953 6
8.333455 3.157855 9.140142 6
4.270631 5.939071 6.166938 1
9.141887 2.583813 9.216329 1
5.363704 6.356939 7.244733 1
7.985073 2.991814 8.155026 1
5.704280 6.110042 5.598278 1
7.670743 2.829009 9.821410 1
3.910040 1.932496 7.089914 6
9.371141 5.165147 8.345786 6
3.907576 2.868566 6.908786 1
9.470549 6.196598 8.430024 1
4.242167 1.750059 7.896370 1
8.946711 5.120257 7.453562 1
2.982158 1.505252 7.160537 1
10.149853 4.790788 8.286605 1
-0.128411 0.739080 5.017712 6
-0.239120 3.880959 10.273183 6
13.409069 0.081528 4.181883 1
-0.105501 3.355510 11.248212 1
13.150693 0.363812 5.715804 1
0.081973 3.444327 9.527151 1
0.752916 0.634849 5.264088 1
12.449793 3.946719 10.151684 1
-0.019606 3.360218 6.167900 6
13.346528 0.191768 9.147621 6
0.860894 3.273884 6.323003 1
12.318572 0.121887 9.179586 1
13.210791 3.049591 7.149311 1
-0.042402 6.399419 8.285202 1
13.504593 4.441853 6.053360 1
-0.243535 1.107741 9.319901 1
11.222681 2.703540 4.605833 6
2.040335 5.861596 10.818750 6
10.744967 1.906024 3.302907 6
2.449693 5.135023 11.980125 6
11.076266 0.958678 3.412932 1
2.153630 4.056106 12.069042 1
11.192716 2.326069 2.510645 1
2.168367 5.488359 12.793547 1
9.801340 1.908148 3.334477 1
3.363386 4.988357 12.224572 1
10.788584 4.099652 4.512990 6
2.488619 0.860009 10.998349 6
9.913156 4.099365 4.283461 1
3.437323 0.912161 11.093392 1
11.295878 4.341553 3.772001 1
2.011698 1.205542 11.665338 1
11.023010 4.469661 5.241655 1
2.242837 1.235528 10.277639 1
10.431391 2.034874 5.882342 6
2.733265 5.314165 9.612516 6
9.480939 2.068186 5.707070 1
3.781569 5.181428 9.792774 1
10.723049 2.492048 6.622426 1
2.538598 5.792531 8.856695 1
10.758010 0.999841 5.990770 1
2.446387 4.394761 9.542577 1
