0.527372 11.114933 21.783570 35
2.574481 6.448971 10.486271 35
5.879296 2.290849 11.794901 35
3.845030 15.332298 0.703110 35
5.093869 10.047121 18.170759 6
4.594299 7.362801 7.009820 6
1.378440 1.230327 15.356810 6
1.966584 16.270911 4.121228 6
5.319126 9.538852 17.486256 1
4.317324 7.986332 6.222266 1
1.056154 0.832191 16.128164 1
2.164552 16.719464 4.981938 1
6.065920 10.109413 19.107546 6
3.569094 7.445218 8.085803 6
0.280247 1.489306 14.283490 6
2.890921 16.189781 3.114632 6
0.396918 9.789458 19.197031 1
2.815396 7.879507 7.896754 1
5.906263 1.064304 14.441740 1
3.654023 16.480349 3.225226 1
5.648752 10.860938 20.354268 6
3.981745 6.572428 9.060008 6
0.590867 2.128405 13.205562 6
2.462472 15.309075 2.147227 6
4.625117 11.572769 20.405785 6
5.185404 6.066979 9.266282 6
1.965427 2.703026 13.193387 6
1.362912 14.770386 1.857780 6
4.355398 12.029916 21.112236 1
5.224742 5.472734 9.978973 1
2.178682 3.255827 12.350465 1
1.084874 14.298669 1.100015 1
3.654556 11.513107 19.453599 6
6.106971 6.194223 8.145727 6
2.736637 2.632364 14.204218 6
0.333022 14.872798 2.977327 6
2.735246 11.813208 19.495448 1
0.488961 5.744021 8.304518 1
3.692363 3.070969 14.108049 1
6.079664 14.449294 2.941061 1
3.904575 10.744190 18.177689 6
5.638286 6.889963 7.098654 6
2.461700 1.954192 15.375760 6
0.770909 15.610585 4.056708 6
2.943458 10.568299 17.217976 6
0.355243 6.985695 5.889206 6
3.489931 1.702081 16.431813 6
6.076351 15.672028 5.145546 6
2.011314 11.201143 17.426979 1
1.222670 6.327134 6.313296 1
4.252356 2.283765 16.230957 1
5.381785 15.258819 4.901875 1
3.451828 11.102871 15.759810 6
6.208640 6.449628 4.618887 6
3.062412 2.369980 17.734011 6
0.191167 15.169362 6.502056 6
4.308872 10.567110 15.694290 1
5.388251 6.813867 4.414253 1
2.073555 1.824019 17.862180 1
1.063512 15.576053 6.715453 1
3.558019 12.674576 15.896130 6
6.053430 4.903419 4.704014 6
2.863599 3.903338 17.792645 6
0.319612 13.763331 6.609923 6
3.999743 12.942737 16.525175 1
5.546765 4.592413 5.354125 1
2.316653 4.167760 17.004873 1
0.764404 13.351705 5.757496 1
3.963981 12.803300 14.936796 1
5.495433 4.639762 3.806990 1
2.295630 4.106151 18.592043 1
0.852528 13.430264 7.423542 1
2.149447 13.380880 15.860877 6
1.087232 4.169234 4.687562 6
4.297871 4.644052 17.628326 6
5.510582 12.973612 6.420848 6
2.442775 14.313235 15.737607 1
0.873076 3.192208 4.592081 1
3.959263 5.629391 17.743053 1
5.672213 11.896728 6.584973 1
1.839786 13.156251 16.671531 1
1.527369 4.401700 5.458470 1
4.743967 4.454440 16.795417 1
5.077931 13.111907 5.714076 1
1.211574 12.924143 14.841939 6
1.884877 4.627287 3.538404 6
5.225110 4.134031 18.860251 6
4.542605 13.521844 7.639830 6
0.350515 13.198508 14.910071 1
2.904574 4.311768 3.668910 1
6.121792 4.631714 18.788432 1
3.623502 12.985512 7.590368 1
1.677152 13.223348 13.840057 1
1.673182 4.352772 2.732093 1
4.740966 4.377658 19.772868 1
4.748036 13.112294 8.444082 1
1.066406 11.357096 14.731084 6
2.087490 6.099982 3.643755 6
5.411533 2.535652 18.735649 6
4.207953 14.868802 7.710338 6
0.544737 11.072096 15.558099 1
2.678625 6.433966 4.454054 1
5.860227 2.370865 17.892921 1
3.865449 15.265518 6.871751 1
0.470655 11.067631 13.951570 1
2.596394 6.451686 2.760965 1
5.826974 2.291077 19.594744 1
3.802460 15.141508 8.423271 1
2.456446 10.741506 14.585402 6
0.769355 6.811929 3.540602 6
4.019469 2.050499 18.896300 6
5.584377 15.543142 7.772250 6
2.827497 9.986269 13.650802 6
0.444722 7.501768 2.451170 6
3.570624 1.235534 19.880319 6
5.880815 16.382128 8.803436 6
2.103385 9.888865 13.005760 1
1.095745 7.718886 1.777641 1
4.303411 1.156160 20.598301 1
5.351979 16.466815 9.452441 1
4.722530 9.990271 12.231198 6
4.798846 7.590572 1.063633 6
1.657237 1.074919 21.293855 6
1.682246 16.297444 10.079761 6
5.018544 11.375972 12.090386 6
4.642316 6.289471 0.933148 6
1.473417 2.509213 21.397931 6
1.838342 15.041760 10.303682 6
4.616668 11.954856 12.754087 1
5.002193 5.721846 1.555406 1
1.865940 3.008452 20.725812 1
1.402047 14.400151 9.604494 1
5.869238 11.744848 11.126441 6
3.913384 5.785814 22.312445 6
0.686853 3.017016 0.055656 6
2.541169 14.550522 11.279429 6
5.894606 12.630157 11.097497 1
3.657887 4.848830 22.331999 1
0.445434 4.034880 0.078887 1
2.759819 13.657467 11.403641 1
6.307961 10.844692 10.224491 6
3.271774 6.501871 21.392312 6
0.055632 2.185343 0.911696 6
3.201373 15.324749 12.140543 6
6.235161 9.587028 10.333233 6
3.372243 8.004988 21.438224 6
0.292235 0.746555 0.883546 6
2.876555 16.704952 12.027256 6
0.136910 9.075345 9.722316 1
3.129610 8.541360 20.854649 1
6.232242 0.266479 1.578007 1
3.293899 17.324323 12.685601 1
5.465373 9.051180 11.235707 6
4.284534 8.545656 0.080708 6
1.034838 0.273862 22.301663 6
2.196337 17.182105 10.993281 6
5.134381 8.164701 11.354791 1
4.317276 9.457148 0.194968 1
1.198079 16.993791 22.225816 1
1.990742 0.685813 10.977364 1
4.514702 8.370815 14.267706 6
5.213802 9.082266 2.976619 6
1.885826 17.087812 19.459603 6
1.316732 0.354061 8.098840 6
6.190245 6.622693 14.341800 6
3.505836 10.840594 3.179253 6
0.271965 15.508091 19.158629 6
3.076678 2.168717 7.884913 6
5.322031 5.507918 14.239369 6
4.420171 11.940751 3.032142 6
1.230761 14.284257 19.367934 6
1.959418 3.139210 8.270604 6
4.504641 5.615272 14.762155 1
5.091212 11.927194 3.574130 1
1.910312 14.413693 18.903489 1
1.321858 3.020797 7.707405 1
5.716745 4.794639 14.504559 1
4.038952 12.836154 3.285535 1
0.718444 13.526231 19.075728 1
2.497190 4.091257 8.022157 1
4.983720 5.556167 13.198105 1
4.545804 11.976476 1.948975 1
1.379993 14.348763 20.367855 1
1.817894 3.216745 9.110434 1
0.092042 6.989681 15.861152 6
3.016777 10.691959 4.806408 6
6.382023 15.717796 17.566980 6
3.328230 1.793874 6.472139 6
0.581198 7.804043 15.939573 1
2.665451 9.720301 4.852277 1
5.857266 16.568594 17.492938 1
3.807064 1.114390 6.382297 1
0.556796 6.061018 16.239071 1
2.683170 11.391208 5.077737 1
5.875559 14.940596 17.396502 1
3.820179 2.694099 6.054964 1
5.700934 6.961420 16.390514 1
3.929811 10.498703 5.175858 1
0.818516 15.813044 17.222946 1
2.558033 1.835100 5.918400 1
1.127041 6.534999 13.590520 6
2.204241 11.026827 2.446612 6
5.416860 15.247942 19.891347 6
4.306169 2.371328 8.723819 6
0.764113 6.349887 12.734122 1
2.279463 11.111919 1.479376 1
5.550639 15.157894 20.975437 1
4.049117 2.301807 9.629529 1
1.555423 5.707261 13.932542 1
1.625972 11.849567 2.654601 1
4.965225 14.415887 19.734530 1
4.779012 3.198232 8.530240 1
1.638667 7.201079 13.726901 1
1.623126 10.237615 2.630214 1
4.716517 15.957943 19.870606 1
4.835814 1.471391 8.584164 1
1.504205 10.565393 8.384022 6
1.572720 6.948333 19.576803 6
4.784160 1.882315 2.667972 6
4.796954 15.679087 13.937291 6
2.057037 10.176934 9.104113 1
1.021365 7.532848 20.133409 1
4.202204 1.307277 2.127503 1
5.319116 16.238658 13.305376 1
1.993464 11.250509 7.803475 1
1.150347 6.374804 18.948794 1
4.381851 2.450284 3.263860 1
5.205268 15.178647 14.464162 1
1.006966 10.087229 7.982626 1
2.259567 7.479269 19.115552 1
5.423484 1.213270 3.210402 1
4.113691 16.273156 14.512450 1
4.092881 9.324873 13.344139 7
5.497705 8.209601 2.181231 7
2.375848 0.736261 20.113428 7
0.871160 16.783098 9.041006 7
2.431431 9.155586 17.196088 8
0.898682 8.266712 5.815520 8
4.068194 0.408151 16.534677 8
5.564453 17.025281 5.315689 8
2.774037 8.747564 16.452319 1
0.309305 8.675118 5.403132 1
3.597193 0.048700 17.151648 1
6.059607 17.497163 5.926464 1
0.763013 11.591740 9.356742 8
2.352025 5.935665 20.575867 8
5.692472 2.682684 1.916324 8
3.990482 14.816467 13.084213 8
5.619373 7.914643 13.828781 8
3.925304 9.667595 2.708909 8
0.732886 16.723717 19.743229 8
2.537072 0.860794 8.516325 8
3.727118 7.907370 15.083151 8
5.856415 9.586741 4.014306 8
2.626135 16.681818 18.400295 8
0.578209 0.845444 7.196716 8
