4.308423 0.782127 10.975980 27
10.683744 8.215690 5.053208 27
3.734152 14.085628 5.057388 27
-2.691910 6.565397 11.063989 27
5.217779 0.252294 13.297058 27
9.964854 7.673374 2.787467 27
2.870080 14.722390 2.838873 27
-1.815918 7.200920 13.246546 27
5.994762 2.225130 10.437579 15
9.101750 9.650524 5.621758 15
2.076406 12.693213 5.675604 15
-1.080703 5.219063 10.437707 15
7.088309 1.044338 12.853917 15
7.966547 8.410919 3.285624 15
0.735802 13.935108 3.346939 15
0.202383 6.562025 12.909714 15
2.253666 1.976784 9.327783 8
-1.425875 9.409275 6.970230 8
5.711167 12.988035 6.955643 8
9.330641 5.464889 9.230992 8
4.442835 13.043474 9.907192 8
10.503220 5.526781 6.305346 8
3.579334 1.798948 6.354022 8
-2.640286 9.284240 9.891491 8
4.999158 0.742139 16.120508 8
10.182837 8.228168 0.118863 8
3.017490 14.324988 0.008103 8
-2.016768 6.862306 16.120177 8
5.406473 12.291807 13.089615 8
9.689475 4.758529 3.076891 8
2.725355 2.611832 3.080351 8
-1.687825 10.072519 13.025109 8
7.361130 2.153468 11.562477 7
7.862428 9.633285 4.631058 7
0.667982 12.916840 4.633106 7
0.264133 5.294074 11.495578 7
8.590759 2.905277 11.412386 6
6.636213 10.388991 4.894537 6
-0.568939 12.004658 4.857748 6
1.384228 4.533128 11.274146 6
5.501009 3.973364 10.475952 6
9.584556 11.428124 5.783035 6
2.574996 10.924020 5.701915 6
-1.648349 3.613028 10.554933 6
5.735730 4.711779 11.452774 6
9.328621 12.242077 4.578318 6
2.370271 10.236006 4.552042 6
-1.287998 2.645118 11.526136 6
5.279083 5.980904 11.522829 6
9.780075 13.480255 4.595611 6
2.654756 8.904169 4.542543 6
-1.852311 1.421498 11.510536 6
4.554865 6.614376 10.493774 6
10.523773 14.006029 5.792232 6
3.382678 8.360711 5.664392 6
-2.480924 0.906083 10.455344 6
4.283092 5.802169 9.451295 6
10.718491 13.120532 6.659413 6
3.660297 9.154915 6.669222 6
-2.790233 1.841582 9.357595 6
4.659414 4.338112 9.370947 6
10.269659 11.846668 6.682178 6
3.306813 10.550379 6.748396 6
-2.396114 2.958935 9.469223 6
6.835647 2.066853 8.760172 6
8.320411 9.458168 7.294210 6
1.217013 12.967305 7.255242 6
-0.336145 5.331048 8.900176 6
7.383597 3.072663 8.151662 6
7.717733 10.638175 7.936359 6
0.537941 11.873486 8.022923 6
0.271032 4.438656 8.278792 6
8.220063 3.001009 6.988077 6
6.863236 10.515206 9.074379 6
-0.057538 11.925280 9.154143 6
1.143020 4.471839 7.011842 6
8.165171 1.750729 6.510332 6
6.901120 9.242719 9.729858 6
-0.275232 13.207189 9.755409 6
1.287726 5.801101 6.423589 6
7.690665 0.666883 7.138012 6
7.502101 8.013942 9.077563 6
0.404569 14.296490 9.161526 6
0.614020 6.869377 6.995728 6
6.881776 0.701464 8.180976 6
8.125239 8.216805 8.008861 6
1.062630 14.229497 7.983504 6
-0.095726 6.708558 8.287544 6
8.138823 1.842129 14.073205 6
6.944499 9.414964 1.966572 6
-0.159661 13.058958 1.983672 6
0.957699 5.575674 14.106884 6
7.396336 2.708372 14.839606 6
7.635258 10.271859 1.249288 6
0.586634 12.212689 1.275493 6
0.405764 4.742154 14.852580 6
8.041071 3.633973 15.890299 6
7.153039 10.949127 0.181312 6
0.063292 11.404537 0.254589 6
0.940825 3.940792 15.892714 6
-4.691756 3.478782 16.113871 6
5.695604 10.886163 0.154286 6
6.675972 11.582046 16.159854 6
2.236101 4.144437 16.120640 6
-3.999237 2.455774 15.317521 6
5.048817 9.896317 0.908848 6
12.073369 12.317515 0.909564 6
3.124581 4.915137 15.273199 6
-4.704233 1.674326 14.393211 6
5.546045 9.293814 1.722552 6
12.673578 13.102621 1.759482 6
2.432404 5.771215 14.357650 6
8.300478 14.605968 12.368129 6
6.675206 7.143652 3.660851 6
-0.339469 0.364264 3.681146 6
1.330142 7.906906 12.392915 6
8.605914 14.195211 11.006820 6
6.556484 6.760935 5.007009 6
-0.579179 0.632270 4.976386 6
1.422310 8.099186 11.124790 6
9.385847 13.028258 10.753041 6
5.716691 5.673089 5.462237 6
-1.341617 1.753053 5.352205 6
2.172606 9.197889 10.832687 6
-4.304724 12.360122 11.769369 6
5.248291 4.912033 4.537455 6
12.267689 2.607017 4.387733 6
2.649055 10.129749 11.682038 6
-4.516454 12.541958 12.993464 6
5.522658 5.056817 3.103544 6
12.627551 2.394654 3.131119 6
2.440626 9.902884 12.935135 6
8.847381 13.582369 13.338278 6
6.189280 6.135225 2.867079 6
-0.873387 1.307173 2.857529 6
1.636539 8.706698 13.360427 6
3.951557 1.727046 12.762650 6
11.114303 9.296840 3.479067 6
3.950449 13.134087 3.530087 6
-2.971143 5.605890 12.790578 6
3.246424 0.693952 12.682534 6
11.760330 8.142154 3.440389 6
4.671710 14.213722 3.380861 6
-3.792819 6.913222 12.791247 6
1.944916 0.113097 13.125440 6
-1.086994 7.496866 3.055236 6
5.902901 14.789873 2.939063 6
9.096413 7.327024 13.157272 6
1.509715 13.670011 12.729017 6
-0.624715 6.282583 3.367527 6
6.374099 1.170321 3.345079 6
8.613316 8.696818 12.813951 6
0.338956 13.121336 13.245004 6
0.486603 5.765964 2.911399 6
7.569638 1.612547 3.055684 6
7.395583 9.095141 13.128024 6
-0.409512 13.975189 13.989227 6
1.309599 6.534023 2.036267 6
8.332037 1.021002 2.073467 6
6.764905 8.430772 14.081178 6
0.050951 0.213986 14.607914 6
0.839917 7.676789 1.622932 6
7.971402 14.690228 1.685756 6
7.103596 7.188313 14.526544 6
1.271370 0.725770 14.044921 6
-0.205018 8.140038 2.196954 6
6.744724 14.102796 2.028691 6
8.231931 6.719581 14.155325 6
3.139802 1.512377 10.040194 6
-2.152082 8.999352 6.169583 6
4.880758 13.425094 6.230594 6
10.137149 5.931691 9.904675 6
4.386756 14.058050 10.370997 6
10.573388 6.620856 5.787241 6
3.601178 0.795849 5.921206 6
-2.603432 8.320042 10.395372 6
5.057765 0.438665 15.011524 6
10.008248 7.987683 1.200791 6
2.947858 14.397401 1.191708 6
-2.028436 6.932484 14.996630 6
5.207912 13.379918 13.181006 6
9.867232 6.001993 2.964895 6
2.654516 1.581591 3.090152 6
-1.783858 8.900887 13.100736 6
9.159478 2.495453 11.458807 1
5.951096 9.928418 4.731995 1
-1.107855 12.513496 4.727131 1
2.198253 5.007246 11.526422 1
8.458313 3.694348 11.901137 1
6.598783 11.061021 4.256018 1
-0.552739 11.199131 4.280532 1
1.380859 3.757922 11.902070 1
8.494778 3.263954 10.481512 1
6.641574 10.742319 5.676068 1
-0.518179 11.688641 5.535629 1
1.419936 4.292600 10.566900 1
6.223031 4.376425 12.422088 1
8.903088 11.897122 3.793770 1
1.857176 10.580418 3.808415 1
-0.745619 3.050937 12.435415 1
5.649234 6.463181 12.316713 1
9.353447 13.984099 3.839807 1
2.267713 8.400285 3.699944 1
-1.426076 0.899867 12.424811 1
4.407851 7.480528 10.536644 1
10.735767 0.077684 5.692495 1
3.661582 7.434740 5.818253 1
-2.765534 14.925165 10.412721 1
3.838159 6.026308 8.555598 1
11.262722 13.580827 7.572990 1
4.220800 8.862373 7.600465 1
10.763861 1.397575 8.587957 1
4.499527 3.724014 8.588640 1
10.460891 11.190771 7.680552 1
3.399447 11.218454 7.636541 1
-2.504839 3.697633 8.476802 1
7.288466 3.968882 8.642143 1
7.676387 11.541641 7.549381 1
0.788054 10.911117 7.544284 1
0.281974 3.521801 8.598072 1
8.575128 3.771633 6.591054 1
6.627425 11.137347 9.497203 1
-0.516970 11.111029 9.583724 1
1.535902 3.732611 6.616445 1
8.847621 1.507901 5.663453 1
6.258194 8.981430 10.495714 1
-0.738524 13.264015 10.496976 1
1.749685 5.835731 5.696716 1
7.678303 14.630978 6.561825 1
7.454713 7.215712 9.557508 1
0.290936 0.214629 9.498080 1
0.652796 7.753409 6.556533 1
6.501140 14.830888 8.597580 1
8.570296 7.393818 7.553978 1
1.551296 0.026012 7.582655 1
-0.589493 7.538896 8.659908 1
6.310066 2.929957 14.831534 1
8.726273 10.401236 1.259187 1
1.716938 12.118017 1.422569 1
-0.607271 4.521729 14.733844 1
13.579719 4.324251 0.216226 1
1.480675 11.749186 15.952805 1
-5.546866 10.676633 15.936779 1
6.507829 3.142506 0.339999 1
1.768857 4.020219 0.552093 1
-0.943966 11.449013 15.485698 1
6.204562 10.974373 15.531427 1
9.009632 3.542899 0.640761 1
-2.765703 2.250946 15.308475 1
3.798246 9.737199 0.763096 1
10.785546 12.597234 0.925091 1
4.166180 5.071388 15.344898 1
-4.082950 1.230821 13.638696 1
5.006058 8.661421 2.529593 1
12.154689 13.800038 2.541902 1
2.965958 6.354206 13.560623 1
8.349187 14.838965 10.238948 1
6.788098 7.201226 5.911385 1
-0.414240 0.123548 5.767920 1
1.175077 7.593547 10.266607 1
9.650125 12.777471 9.752937 1
5.540803 5.486938 6.303268 1
-1.558302 2.009247 6.250503 1
2.554828 9.558230 9.754067 1
-3.900340 11.559489 11.417466 1
4.815830 3.932084 4.819193 1
12.022082 3.496069 4.754869 1
3.038975 10.890838 11.427821 1
-4.330615 11.896878 13.764987 1
5.248117 4.422265 2.458878 1
12.365783 3.058096 2.428679 1
2.743275 10.653204 13.744140 1
8.605491 13.993361 14.414475 1
6.511732 6.525089 1.798639 1
-0.632938 0.970050 1.830829 1
1.629851 8.454274 14.376642 1
3.849351 2.721830 13.035404 1
11.303309 10.103732 3.278278 1
4.105084 12.225396 3.177608 1
-3.176276 4.822972 12.973355 1
2.079156 13.188656 12.000878 1
-1.223398 5.825546 4.227064 1
5.959514 1.805558 4.218244 1
9.275297 9.167240 11.930339 1
0.246555 12.335744 12.952401 1
0.749237 4.849647 3.223651 1
7.783408 2.663788 3.164589 1
7.239244 10.121583 13.000931 1
-1.090849 13.394001 14.343930 1
2.178247 6.089907 1.882684 1
9.148327 1.395115 1.811317 1
5.862487 8.904717 14.421847 1
-0.597642 0.986815 15.086915 1
1.584698 8.374274 1.071600 1
8.593302 13.939508 0.913530 1
6.450823 6.539723 15.109776 1
1.638644 1.633502 14.479478 1
13.368716 9.130714 1.774820 1
6.358230 13.331667 1.838475 1
-5.371882 5.813648 14.451312 1
