8.576584 9.721106 13.561275 35
0.466150 4.264735 0.672118 35
4.099342 3.811094 11.227792 8
4.779838 8.904049 3.062370 8
5.263595 0.737294 8.576962 8
3.454893 5.921617 5.765191 8
5.007505 2.818670 7.743091 8
3.915474 8.148068 6.316436 8
6.120207 4.245942 11.907914 8
2.641557 9.507249 2.294863 8
3.615478 2.054509 9.630685 6
5.210287 7.284085 4.521327 6
5.116431 4.545677 11.770842 6
3.851311 9.796660 2.426158 6
4.317168 5.751221 12.219756 6
4.565103 0.293335 1.920823 6
3.133916 8.022857 13.059026 6
5.846172 2.729417 1.115765 6
6.425221 1.550836 6.532288 6
2.425875 6.952391 7.516788 6
2.959020 6.064386 11.790268 6
5.818010 0.636789 2.512937 6
7.222456 0.409774 6.496744 6
1.547652 5.786390 7.789005 6
4.051464 0.710434 9.233216 6
4.798516 6.002761 4.925714 6
4.619440 2.371034 10.750958 6
4.151891 7.749882 3.365225 6
2.137314 0.417903 5.540485 6
6.703276 5.673051 8.573863 6
2.438990 1.455354 5.008785 6
6.395417 6.798578 9.334618 6
2.539064 7.274810 12.103138 6
6.398311 1.862384 2.137569 6
4.905851 1.548291 11.843699 6
4.019697 6.772859 2.428377 6
4.961512 6.607209 13.070673 6
3.913739 1.267737 1.230874 6
5.279251 10.706740 11.261645 6
3.667553 5.252856 2.789055 6
5.124419 1.461797 7.490979 6
3.745987 6.955633 6.819019 6
3.768515 2.914427 8.533250 6
5.112342 8.317624 5.684920 6
2.219608 1.991908 10.138370 6
6.727761 7.205999 4.066338 6
6.905771 2.583986 5.982933 6
1.977297 7.915226 8.339956 6
4.289493 7.792585 13.401143 6
4.470980 2.408947 0.603215 6
1.849477 2.705347 5.147697 6
7.085866 8.115750 9.001949 6
4.312913 10.284051 10.384382 6
4.712472 4.933615 3.891185 6
4.399229 1.101917 6.876157 1
4.596904 6.551590 7.351968 1
6.298914 3.453452 6.011035 1
2.495027 8.942541 8.243258 1
1.809809 3.421148 4.507292 1
7.087412 8.762813 9.680259 1
3.274922 1.363592 4.365730 1
5.598596 6.826637 9.815280 1
2.469035 9.953868 5.364047 1
6.481498 4.796986 8.780471 1
7.035262 10.370491 7.117831 1
1.796207 5.021832 7.112283 1
2.615150 5.615212 11.187942 1
6.256311 0.154912 3.118958 1
2.924989 2.743245 8.047158 1
5.918462 8.082948 6.250047 1
3.751467 3.938170 8.651686 1
5.279883 9.152038 5.452052 1
3.282179 0.484523 8.485510 1
5.748282 5.798950 5.632614 1
4.761859 9.672682 9.719809 1
4.217265 4.249976 4.454743 1
6.007687 0.303002 10.943775 1
2.943700 5.500511 3.210791 1
5.269798 10.276633 12.117556 1
3.735111 4.908836 2.240191 1
3.381294 9.795507 10.495347 1
5.367465 4.456458 3.715124 1
5.642592 2.590646 10.243001 1
3.378100 7.924111 3.785823 1
2.062063 2.849901 10.368879 1
6.848651 8.194412 3.845259 1
1.781915 1.715037 9.412577 1
0.900052 6.835729 4.784377 1
3.707001 1.623522 12.332669 1
5.061641 6.923126 1.926385 1
5.224005 1.714436 12.542698 1
3.760375 6.987212 1.557142 1
7.771560 7.471995 11.704413 1
1.184392 2.114141 2.389497 1
4.835643 8.449632 14.111269 1
6.710266 3.043583 14.185027 1
5.919709 6.436224 13.269292 1
3.019964 0.884895 0.901787 1
2.294888 1.310773 10.966754 1
6.631992 6.719587 3.275020 1
