-0.926048 1.824914 16.573318 6
17.771971 7.327382 7.400601 6
-0.427360 2.415059 16.167678 1
17.136544 8.120380 7.622426 1
-1.210781 1.467380 17.789449 6
17.856609 7.224889 6.110124 6
-0.602882 2.100959 18.482847 1
17.447539 7.696712 5.458452 1
16.988552 0.658002 18.229122 6
-0.272793 6.115547 5.581167 6
16.890579 0.412714 19.707914 8
-0.028713 6.041517 4.267130 8
-1.559297 0.949221 20.717633 6
18.280019 6.637832 3.262025 6
-2.002230 0.794050 21.530149 1
18.749481 6.286990 2.322920 1
-1.430627 1.849764 20.593656 1
18.405882 7.623661 3.250355 1
-0.658431 0.706153 20.723288 1
17.387069 6.323222 3.171152 1
16.485654 10.927676 17.444672 6
0.366397 5.461321 6.540864 6
15.408251 10.125130 17.668877 8
1.409728 4.549304 6.153942 8
14.890925 9.691451 16.391753 6
1.836805 4.205358 7.541577 6
14.980456 8.779108 16.298715 1
1.965979 3.203240 7.523421 1
13.467760 10.270680 16.045809 6
3.264629 4.619647 7.790302 6
12.568054 9.923868 17.025350 8
4.192984 4.234063 6.662833 8
12.452774 8.498249 17.549473 6
4.418446 2.923670 6.366252 6
11.846129 8.401677 18.074738 1
4.937467 2.982391 5.726636 1
13.346881 8.235024 17.835133 1
3.570412 2.774378 5.977571 1
12.310515 8.097610 16.621370 1
4.564829 2.338409 7.088386 1
13.601489 0.648897 16.074140 6
3.328328 6.097931 7.710087 6
13.904131 0.865931 16.897119 1
2.799570 6.395937 6.900669 1
12.167421 1.203503 15.909562 8
4.627617 6.828810 7.773715 8
11.796164 0.829604 15.329438 1
5.073122 6.489463 8.574201 1
14.289154 1.062302 14.799688 6
2.459556 6.682333 8.860903 6
14.925772 1.718771 15.100177 1
1.795886 7.301878 8.683339 1
13.826240 1.449490 14.228298 1
3.120117 7.005073 9.561727 1
16.184363 0.407154 13.255601 6
0.582325 6.014262 10.539271 6
15.698266 0.996957 12.539545 1
0.929839 6.598848 11.301650 1
17.253206 1.370505 14.115319 6
-0.364876 6.998478 9.785180 6
-0.809656 1.154036 13.504037 1
17.740276 6.848552 10.235795 1
16.993570 2.288516 14.027450 1
-0.293060 7.786260 9.859517 1
17.408218 1.022938 15.531810 6
-0.668985 6.573123 8.271640 6
16.712614 0.029842 16.102014 6
0.149106 5.573530 7.817734 6
15.841471 10.221270 15.289491 6
0.963876 4.650378 8.659184 6
15.101195 0.021145 14.112391 6
1.682598 5.449833 9.533763 6
16.590638 9.049268 14.491147 6
0.223225 3.546683 9.208806 6
17.111187 8.537534 15.245652 1
-0.335319 3.091133 8.611020 1
16.001395 8.556171 14.193823 1
0.738710 2.911279 9.712831 1
17.582160 9.596544 13.525944 6
-0.688281 3.927359 10.402151 6
-1.187171 8.864780 12.951700 1
18.014326 3.220377 10.728026 1
-0.725622 10.000370 13.982642 1
17.571780 4.398714 9.821056 1
16.837856 10.550763 12.505505 7
-0.084012 4.931279 11.240459 7
16.308911 9.992377 12.092552 1
0.539143 4.447879 11.736656 1
17.819335 11.047975 11.440088 6
-1.033301 5.423347 12.407636 6
-0.698515 10.300311 11.043387 1
17.545086 4.675894 12.786971 1
-0.434232 0.300678 11.988893 1
17.269630 5.951077 11.998997 1
17.293270 0.392525 10.899065 1
-0.494208 5.982952 12.984109 1
14.066585 10.291958 13.456600 6
2.742106 4.724158 10.223396 6
14.445240 9.438923 13.028177 1
2.323139 3.846141 10.844311 1
13.548495 10.699427 12.865185 1
3.332119 5.114348 10.797964 1
13.151216 9.645859 14.699655 6
3.719437 4.096824 9.154603 6
13.359777 8.697547 14.636467 1
3.358885 3.024790 9.182821 1
11.745651 9.678590 14.406892 6
5.154210 4.055324 9.572349 6
11.398452 9.048362 13.681513 1
5.280350 3.436421 10.255793 1
11.192076 9.384392 15.145739 1
5.754310 3.745966 8.653863 1
11.306254 11.035716 13.751361 8
5.619452 5.287331 9.888582 8
10.307798 11.047955 13.799240 1
6.485112 5.389177 10.124053 1
-1.232210 5.489070 16.148401 6
17.974993 11.093374 7.638460 6
-0.853988 5.006062 15.459728 1
17.577794 10.758139 8.327159 1
16.373002 5.597261 16.162824 6
0.380457 0.056815 7.644689 6
15.933829 5.195467 15.650348 1
0.872226 10.765105 8.239832 1
15.643731 6.159329 17.316111 6
1.051822 0.589551 6.486430 6
14.416159 6.155181 17.546875 8
2.461378 0.470810 6.379527 8
13.616038 5.077140 16.584122 6
3.044018 10.742358 7.091801 6
12.705223 5.100450 16.837386 1
3.987223 10.766639 6.968055 1
14.054718 4.294094 16.758568 1
2.730629 9.917066 6.971280 1
13.713311 5.375588 15.799539 1
3.019271 11.089598 8.196179 1
16.492483 6.784613 18.304646 6
0.301610 1.122589 5.579914 6
15.976320 7.301630 19.517582 8
0.865428 1.644818 4.408523 8
-1.824526 7.434145 20.459941 6
18.723482 1.949759 3.374167 6
17.050679 8.322955 20.812732 1
18.651904 2.763680 3.038246 1
-1.648045 6.465705 21.458043 6
18.487771 0.921771 2.319112 6
16.341853 6.509594 22.365854 8
0.622297 0.762532 1.614048 8
15.996408 7.467266 23.157660 6
0.813029 2.003061 0.828275 6
15.184959 7.358011 23.536028 1
1.729252 1.783247 0.280658 1
15.808036 8.405524 22.532707 1
1.161856 2.646630 1.448529 1
16.620214 7.725741 23.705254 1
0.121076 2.184855 0.205999 1
-1.556491 5.067738 20.893942 6
18.324430 10.737480 2.970356 6
16.830338 4.946316 20.087597 1
-0.004731 10.662373 3.725350 1
-1.452341 4.139687 21.769247 8
18.290740 9.553394 2.024556 8
16.763229 3.823790 22.033224 1
0.203167 9.413664 1.880770 1
-0.250957 5.042764 20.036537 6
16.955196 10.602852 3.883431 6
-0.344176 4.738514 19.220136 1
17.122310 10.297776 4.585214 1
0.436706 4.403236 20.527050 1
16.287040 10.121040 3.217986 1
1.505891 6.336438 18.812885 6
15.355094 0.860155 4.926180 6
2.215638 5.817490 19.067478 1
14.673705 0.190315 4.678445 1
0.974742 5.984766 17.488484 6
15.877705 0.430799 6.358140 6
1.526231 6.423046 16.796150 1
15.354894 0.754664 7.159563 1
1.281642 5.007856 17.313372 1
15.597202 10.609549 6.439296 1
-0.554643 6.121992 17.141976 6
17.231576 0.674385 6.743047 6
-1.165566 6.816918 18.092697 6
17.976372 1.229624 5.789604 6
-0.653100 7.434950 19.279166 6
17.433238 1.923223 4.475221 6
0.456304 6.549473 19.882107 6
16.313838 0.860268 3.893115 6
0.129207 8.958366 19.185594 6
16.852974 3.337517 4.628960 6
-0.580147 9.551280 18.765136 1
17.542795 3.928919 5.050618 1
0.386368 9.262902 19.911442 1
16.396289 3.614274 3.801828 1
1.278061 8.893873 18.170937 6
15.521516 3.298449 5.681437 6
0.895130 8.599080 17.325144 1
15.798624 3.007224 6.606887 1
1.707815 9.649345 18.126639 1
15.059826 4.072745 5.661110 1
2.297673 7.847749 18.638482 7
14.570899 2.276580 5.168100 7
2.368715 8.037752 19.518054 1
14.421411 2.465640 4.329354 1
3.488864 7.687240 17.794996 6
13.445635 2.192647 6.016696 6
3.882347 8.620565 17.818542 1
12.996560 2.996744 5.996796 1
3.188341 7.356371 16.957760 1
13.599562 1.757808 6.792018 1
4.158711 7.121576 18.338700 1
12.796924 1.499787 5.605076 1
0.808789 6.860157 21.229080 6
15.843221 1.265294 2.536410 6
1.309147 7.736967 21.347682 1
15.586426 2.155683 2.536585 1
1.499177 6.273575 21.719236 1
15.321313 0.710435 2.278538 1
-0.243076 6.921140 22.198625 6
17.250172 1.207157 1.607847 6
-0.454753 7.829488 22.631187 1
17.274926 2.273760 1.239458 1
-0.135928 5.984088 23.385943 6
16.881496 0.253290 0.273784 6
-0.987992 5.777422 23.799400 1
15.605014 0.037571 23.825822 1
0.361892 5.192716 23.235337 1
16.492279 10.791412 0.677419 1
2.849564 6.424983 0.534186 8
14.005665 0.967658 23.189536 8
3.715135 6.407303 0.410490 1
13.204467 0.783436 23.315374 1
7.848701 7.013161 19.329720 6
9.057747 1.290704 4.485550 6
7.083564 7.608125 19.517123 1
9.745229 1.963941 4.330505 1
8.202570 6.838829 17.947962 6
8.506155 1.144510 5.733461 6
7.850360 7.239089 17.360013 1
8.918250 1.610759 6.537315 1
9.380816 5.947756 17.695067 6
7.422741 0.250372 6.121513 6
9.968639 5.848030 16.495158 8
6.861155 0.313573 7.274216 8
9.490173 6.693394 15.440149 6
7.266743 1.113378 8.446375 6
10.011860 6.597545 14.664833 1
6.764376 1.020255 9.079555 1
9.606374 7.674548 15.813446 1
7.104382 2.065040 8.060123 1
8.677237 6.562825 15.324543 1
8.178172 1.045526 8.484426 1
9.805624 5.155879 18.832181 6
6.972743 10.715927 5.006763 6
10.996376 4.398274 18.748265 8
5.823704 10.014702 5.111545 8
11.222550 3.916156 20.156264 6
5.664721 9.508651 3.816303 6
11.195518 2.986775 20.021481 1
5.555292 8.484588 3.821345 1
12.518444 4.486389 20.658914 6
4.316481 10.054787 3.104883 6
13.585885 4.222926 19.905676 8
3.244713 9.978603 3.956633 8
13.869609 2.839664 19.568189 6
3.043598 8.570678 4.366678 6
14.590054 2.789396 18.947578 1
2.076021 8.378768 4.763712 1
13.091724 2.662654 19.048505 1
3.792575 8.191402 4.820525 1
13.855535 2.373706 20.362049 1
2.833067 7.901002 3.523865 1
12.202278 6.003517 20.696624 6
4.597481 0.546840 3.094160 6
12.074605 6.309103 19.699097 1
4.742199 0.827008 4.063956 1
13.370253 6.830770 21.039322 8
3.434631 1.263608 2.841799 8
13.247352 7.501334 21.038808 1
3.544707 2.018777 2.684268 1
11.100798 6.547886 21.628928 6
5.590129 0.891487 2.219224 6
11.400193 7.064368 22.202323 1
5.371382 1.537791 1.635204 1
10.431089 7.185263 21.039140 1
6.328282 1.568854 2.872006 1
9.049162 5.709986 22.685143 6
7.830999 0.144218 0.971512 6
9.261238 6.408696 23.426498 1
7.585592 0.791459 0.291260 1
8.113530 6.401494 21.778802 6
8.637205 0.935274 2.109760 6
7.146183 6.315493 22.105120 1
9.710187 0.756107 1.850369 1
8.216207 7.407087 21.935433 1
8.628258 1.941067 1.941307 1
8.315085 6.269039 20.331683 6
8.597835 0.612775 3.543651 6
9.132589 5.115177 19.910857 6
7.620307 10.747815 3.910043 6
9.904128 4.454844 20.975744 6
6.861241 10.004216 2.871142 6
10.354373 5.259301 22.004703 6
6.471406 10.877415 1.658384 6
9.198367 3.136972 21.516747 6
7.743852 8.718450 2.497734 6
8.869445 2.625201 20.624213 1
7.944332 8.189210 3.119073 1
9.835892 2.516017 21.966371 1
7.039735 8.248121 1.950289 1
8.075702 3.603021 22.322441 6
8.747421 9.223442 1.514772 6
7.673178 2.765752 22.744757 1
9.225235 8.402353 1.157262 1
7.293132 3.864976 21.717625 1
9.548100 9.543462 2.207254 1
8.429793 4.457103 23.365651 7
8.423858 10.127321 0.537912 7
11.275168 4.133694 0.033799 1
5.612936 9.630754 23.819077 1
9.367352 4.783290 0.354737 6
7.315883 10.536904 23.413077 6
9.785774 5.520661 1.165844 1
7.153488 11.165634 22.849820 1
9.193913 4.043914 0.763566 1
7.736784 9.656976 23.074583 1
6.499378 5.264502 23.595911 1
10.220803 10.896533 0.096262 1
11.473137 4.520514 23.075682 6
5.444658 10.259339 0.840442 6
10.815900 3.803828 23.389268 1
5.801416 9.532410 0.363921 1
11.730212 5.238327 23.620324 1
5.054471 10.695921 0.188308 1
12.594973 3.965252 22.118529 6
4.336864 9.486358 1.726758 6
12.383572 3.021511 21.974316 1
4.396433 8.508671 1.855729 1
13.849141 4.260284 22.821050 6
2.934799 9.732776 1.076355 6
14.090536 5.141464 22.576001 1
2.650867 10.767816 1.192637 1
15.970179 4.020303 0.037466 1
3.050886 9.777248 0.123501 1
14.993048 3.356135 22.447069 8
1.948339 9.047480 1.411915 8
14.639852 2.511332 22.646380 1
2.023398 8.186500 1.143504 1
7.246521 10.910680 19.364274 6
9.503765 5.406832 4.481229 6
6.722649 10.266556 19.864240 1
10.044106 4.787682 3.977686 1
8.685617 10.938380 19.574525 6
8.171351 5.483695 4.308042 6
9.121000 10.406995 20.217114 1
7.678297 4.965611 3.651372 1
9.411004 0.740624 18.767230 6
7.399160 6.262617 4.997900 6
10.902665 0.745471 18.801297 8
6.033901 6.311965 5.097363 8
11.574732 11.025477 19.844731 6
5.276474 5.413977 4.029908 6
12.392217 0.072630 19.771515 1
4.315118 5.656940 4.152574 1
11.290795 10.163708 19.525737 1
5.598891 4.499825 4.196225 1
11.106425 0.002429 20.716759 1
5.658746 5.617041 3.161584 1
8.926486 1.444011 17.897851 6
8.003225 7.206129 6.026031 6
9.451940 2.316621 16.975547 8
7.292840 7.751548 6.990475 8
8.490566 2.774563 16.080903 6
8.386410 8.331291 7.746016 6
8.475412 3.639508 15.868241 1
8.345055 9.324404 7.867414 1
8.376691 2.181230 14.602465 6
8.395483 7.773826 9.255455 6
9.715670 2.291631 14.033638 8
7.013091 7.798755 9.762485 8
10.360501 3.471260 14.109804 6
6.463796 9.190785 9.888528 6
11.248863 3.487307 13.533139 1
5.664661 9.123535 10.208815 1
10.431450 3.749575 14.905345 1
6.228916 9.280811 8.828000 1
9.873626 4.275645 13.602920 1
7.100055 9.724095 10.114217 1
8.359287 0.526340 14.820604 6
8.452983 6.168620 9.044259 6
8.808386 0.335376 15.417122 1
7.866118 5.908599 8.321645 1
8.647775 10.996869 13.553064 8
8.351177 5.438616 10.194307 8
8.145139 0.141634 13.066524 1
8.592587 5.746943 10.807883 1
6.896242 0.275906 15.240930 6
9.851981 5.910431 8.485781 6
6.831380 10.878786 16.143343 1
9.928511 5.272749 7.797799 1
6.298663 10.970723 14.537021 1
10.370104 5.475023 9.285353 1
4.976060 1.268956 16.601030 6
11.818729 6.717822 7.276591 6
4.308138 0.598047 16.035088 1
12.504734 6.262636 7.851459 1
5.320076 0.422877 17.961556 6
11.552906 6.074891 5.981452 6
4.684477 0.703394 18.511576 1
12.118215 6.193322 5.198842 1
5.207936 10.547226 17.685874 1
11.652339 5.083569 6.248049 1
6.650588 0.678422 18.508139 6
10.236717 6.213366 5.359107 6
7.375790 1.576777 17.696504 6
9.413161 7.046728 6.041325 6
7.039433 2.390829 16.631569 6
9.730936 7.911856 7.121287 6
6.139782 1.612219 15.767279 6
10.762535 7.182144 8.084591 6
6.202464 3.614087 17.085686 6
10.424049 9.191740 6.720058 6
6.791254 4.024565 17.772229 1
9.890240 9.812611 6.076515 1
6.220069 4.243057 16.331935 1
10.692192 9.768843 7.462748 1
4.912310 3.305251 17.730141 6
11.775303 8.956468 6.059364 6
5.192968 2.821755 18.596501 1
11.634548 8.558152 5.143414 1
4.449750 4.253790 18.069973 1
12.252944 9.782676 5.865614 1
4.197400 2.386192 16.856765 7
12.674857 7.989434 6.892864 7
2.821320 2.248998 17.577789 6
14.007050 7.733165 6.301674 6
2.337233 2.997652 17.864584 1
14.504999 8.671438 6.096516 1
3.065983 1.663105 18.372727 1
13.876706 7.342125 5.342428 1
2.228918 1.643953 16.938314 1
14.467038 7.314611 6.751794 1
5.813528 2.280805 14.418156 6
10.912393 7.902278 9.481916 6
5.304653 3.231946 14.692980 1
11.468924 8.840474 9.241556 1
5.434526 1.764743 13.837510 1
11.450784 7.476552 9.958645 1
7.283137 2.818312 13.841154 6
9.533188 8.481467 10.036572 6
7.338768 3.694952 14.067559 1
9.397568 9.426340 9.909598 1
7.087913 1.325419 11.921690 8
9.661530 6.778680 12.006609 8
7.097715 1.259136 11.011604 1
9.702113 6.888454 12.758667 1
7.383016 2.492902 12.277323 6
9.477559 8.077446 11.506188 6
6.789144 3.188921 11.944295 1
10.073922 8.684253 12.001252 1
8.343901 2.788463 11.981332 1
8.434158 8.323789 11.810738 1
4.492267 8.162440 21.618800 6
12.362261 2.707623 2.116669 6
4.113100 7.319933 20.923780 8
12.621941 1.685262 3.008808 8
5.174404 8.150779 22.712385 8
11.730313 2.498609 1.169208 8
4.014123 9.734470 21.173845 6
12.671531 4.114180 2.672835 6
3.184435 9.874997 20.416527 8
13.693504 4.205481 3.497033 8
4.703501 10.556681 21.799259 8
12.044256 5.083577 2.092301 8
5.377764 10.331351 22.302102 1
11.588952 4.591410 1.499182 1
1.952692 8.601652 13.937521 6
14.715508 2.966931 9.991515 6
1.818909 8.495327 12.567529 8
14.904489 2.780296 11.133226 8
2.038500 7.585050 14.718400 8
14.650311 1.984875 9.229468 8
2.191320 9.915479 14.456038 6
14.581021 4.377888 9.398051 6
1.724291 10.834456 13.802649 8
15.072816 5.326007 9.954003 8
2.038229 0.520155 14.037878 1
14.959048 6.071833 9.853675 1
2.850057 10.141026 15.506721 8
13.861030 4.460741 8.343376 8
4.306174 2.694554 21.741330 6
12.376395 8.275792 2.133844 6
4.154162 1.739727 20.845478 8
12.565814 7.250055 2.882191 8
4.494933 1.019829 21.216390 1
12.344676 6.475377 2.573901 1
4.763383 2.453598 22.977727 8
11.936542 8.126403 1.018815 8
3.938846 3.910390 21.147620 6
12.733190 9.684599 2.667419 6
3.188006 4.218644 20.442927 8
13.639182 9.727587 3.520123 8
4.766471 4.983539 21.725746 8
12.015132 10.540704 2.164488 8
4.421262 5.667673 21.316693 1
12.297429 0.094390 2.523516 1
3.954310 0.023332 11.434627 6
12.807509 5.682633 12.386422 6
4.302609 10.357980 12.277427 8
12.615021 4.734621 11.494801 8
4.751409 0.947455 11.148885 8
12.106265 6.717819 12.677966 8
5.394649 0.921620 11.386220 1
11.272859 6.618966 12.415472 1
2.600362 0.204344 10.661943 6
14.171337 5.683124 13.082903 6
1.919047 10.237389 10.921031 8
15.010667 4.635041 13.001906 8
2.083555 9.795872 11.493358 1
14.709614 4.125084 12.319571 1
2.319156 1.040802 10.078188 8
14.453783 6.615994 13.753546 8
1.854118 2.896539 13.880566 6
14.861175 8.496788 10.100921 6
1.193403 2.999400 12.963858 8
15.661247 8.413381 10.928058 8
2.467169 2.011942 14.408669 8
14.420727 7.681032 9.275973 8
2.429849 4.461219 14.357587 6
14.555854 10.051275 9.507376 6
1.741527 5.297865 13.681449 8
15.134979 10.988959 10.220085 8
2.018441 6.046302 14.018848 1
14.778931 0.384447 9.672328 1
3.168168 4.483089 15.193501 8
13.637216 10.145543 8.535012 8
5.195269 6.572206 12.856524 6
11.497238 1.038029 10.960155 6
5.292116 5.758442 12.666745 1
11.656785 0.010355 11.217293 1
5.618146 7.033036 12.046859 1
11.104934 1.601494 11.671795 1
4.307210 6.915331 12.928649 1
12.559738 1.228796 10.932365 1
5.931488 6.860269 14.151167 6
10.965267 1.310313 9.741472 6
6.284565 5.901989 14.738934 8
10.486407 0.433801 9.149775 8
5.941933 8.179743 14.679590 6
10.848148 2.586328 9.203796 6
6.379781 8.153699 15.480382 1
10.359551 2.628008 8.392525 1
5.006045 8.652529 14.774207 1
11.799537 2.913367 9.020007 1
6.434981 8.876469 13.970301 1
10.289321 3.186806 9.747022 1
11.200192 0.820370 23.420293 8
5.651095 6.374037 0.475346 8
10.330646 9.764863 22.669344 8
6.517672 4.086684 1.284465 8
13.710926 9.569036 21.337993 8
3.053464 4.047162 2.377292 8
