0.295037 1.928838 13.440774 7
-1.589628 7.272168 10.388593 7
4.458592 8.664049 2.565272 7
6.529132 3.224581 5.505294 7
-0.690182 1.942762 12.665428 8
-0.674680 7.095949 11.109836 8
5.544757 8.904554 3.232195 8
5.573875 3.541994 4.764506 8
0.608746 3.022335 13.868426 8
-1.979972 8.490880 9.950561 8
4.142060 7.592462 2.103875 8
6.787703 2.365895 5.960655 8
3.166003 1.762913 12.465255 8
4.123439 7.125753 11.358097 8
1.599047 8.914636 3.396014 8
0.772679 3.639412 4.567506 8
-1.928669 7.696007 14.282098 8
0.762628 2.462581 9.647075 8
6.795374 2.940426 1.782191 8
4.254952 8.307107 6.191137 8
-0.066722 8.874392 14.802922 8
-1.022021 3.652423 8.845280 8
5.102532 1.613575 1.049552 8
5.868112 6.948847 6.922530 8
8.135399 8.017197 0.133538 8
2.790227 2.593205 7.835639 8
-3.356277 2.625870 15.642398 8
2.075641 7.907453 8.157214 8
3.314487 6.062378 15.443198 8
3.962708 0.854608 8.299718 8
1.438089 4.492737 0.287636 8
0.864011 9.797327 7.510260 8
1.384861 0.736903 13.440906 6
5.991675 6.250080 10.428594 6
3.522459 9.916295 2.364311 6
-1.090599 4.588110 5.566371 6
2.721272 1.172145 13.721368 6
4.581643 6.583889 10.084078 6
2.182419 9.413654 2.166926 6
0.259819 4.039861 5.692973 6
4.457805 1.114295 11.966033 6
2.893751 6.466360 11.760143 6
0.414505 9.541218 3.960385 6
1.918211 4.152423 4.089018 6
4.880048 0.392805 13.294852 6
2.450478 5.584672 10.598449 6
-0.153938 10.372088 2.699365 6
2.511904 5.020193 5.353856 6
-2.831990 9.656820 12.988555 6
1.562166 4.482276 10.772466 6
7.617761 0.989190 2.941539 6
3.290047 6.334999 4.970611 6
-2.773558 8.877804 14.259443 6
1.428644 3.550010 9.444502 6
7.555835 1.685872 1.618566 6
3.288791 6.988773 6.293122 6
4.350727 8.402069 14.588102 6
2.919223 3.148592 9.199380 6
0.545001 2.173386 1.223326 6
2.011728 7.503573 6.689800 6
3.345165 9.652256 14.567806 6
3.891556 4.139625 9.298118 6
1.487656 1.057160 1.233700 6
0.871669 6.454997 6.636935 6
3.657589 0.088476 13.854255 6
3.689740 5.458715 9.936322 6
1.203537 10.669986 1.946604 6
1.232965 5.226078 5.922230 6
-0.693913 7.972798 14.586271 6
-0.551467 2.608600 9.340505 6
5.568006 2.747855 1.402031 6
5.487523 8.128169 6.596205 6
0.037233 6.682853 14.391736 6
-1.280962 1.188419 9.401143 6
4.772633 3.986349 1.436371 6
6.088802 9.319708 6.465826 6
7.556362 6.896485 0.505348 6
3.374981 1.542055 7.412911 6
-2.814603 3.855614 15.398358 6
1.563096 9.233470 8.338362 6
7.812471 6.483549 1.828585 6
3.055259 1.039077 5.984095 6
-2.916287 4.160170 14.019950 6
1.711236 9.541761 9.799585 6
5.325199 9.237232 12.264510 1
2.014332 3.766261 11.559945 1
-0.436024 1.463416 3.555920 1
2.876787 6.943486 4.405817 1
4.126368 7.760018 14.169451 1
3.177344 2.339068 9.578951 1
0.720264 2.867019 1.713393 1
1.719195 8.329909 6.155693 1
4.217045 0.419022 11.358553 1
3.067155 5.704958 12.424210 1
0.695147 10.304571 4.502103 1
1.844173 5.024226 3.428039 1
-2.387206 9.582986 14.946824 1
1.112489 4.134779 8.851201 1
7.314614 1.159412 0.869484 1
3.754374 6.417861 6.970195 1
-3.130079 0.931091 13.730327 1
1.872098 6.260574 10.104568 1
7.888679 9.638993 2.198072 1
3.045987 4.427821 5.899526 1
2.868579 1.782892 14.290891 1
4.479569 7.235233 9.420195 1
2.103968 8.830979 1.608921 1
0.366688 3.454561 6.340290 1
1.202659 0.263466 12.868633 1
-2.321570 5.680119 11.102649 1
3.675539 10.372437 3.133007 1
7.301761 5.088299 4.917122 1
-1.996077 9.861111 12.699861 1
0.613942 4.477662 11.082238 1
6.744115 0.821923 3.198609 1
4.136981 6.101777 4.744859 1
7.682838 5.574744 2.031508 1
3.207239 0.304906 6.011231 1
-2.746518 5.153483 13.812556 1
1.520522 10.356731 9.987053 1
2.549019 9.404920 14.929748 1
4.746876 3.964832 8.739778 1
2.275496 1.239549 0.952689 1
0.095939 6.579196 7.041551 1
4.997368 1.845596 11.658814 1
2.190102 7.115679 12.194418 1
-0.295408 8.936419 4.230853 1
2.543862 3.600663 3.638844 1
0.872123 0.358280 14.384166 1
-2.188922 5.647395 9.472989 1
3.863664 10.372483 1.537774 1
-1.383338 5.049144 6.368662 1
0.894951 6.758851 14.519690 1
6.352817 1.441608 9.296125 1
3.884586 3.912773 1.232756 1
6.929942 9.314225 6.619835 1
-0.003554 6.854870 2.223799 1
2.350200 1.406015 5.811610 1
4.776447 3.902953 13.659617 1
2.501729 9.200849 10.085457 1
-0.261130 6.235130 13.792296 1
-1.019915 0.793465 10.134858 1
5.046337 4.451769 2.137907 1
5.940621 9.816128 5.891968 1
7.060818 6.809829 2.504879 1
3.838633 1.552776 5.432780 1
-2.284177 3.667229 13.456951 1
1.098331 9.016215 10.476037 1
-0.403414 6.111860 15.232918 1
-1.016548 0.804975 8.564016 1
5.198021 4.671604 0.629016 1
5.797273 10.002038 7.186159 1
