1.897197 5.207212 3.515318 8
7.792070 40.925132 3.647420 8
6.472948 28.235566 8.124273 8
0.576968 17.935778 8.086403 8
3.707226 3.475965 5.373050 8
9.502108 42.885130 5.526738 8
10.817773 26.581966 0.862762 8
5.118064 19.598366 0.761979 8
1.659786 6.462965 2.824401 6
7.542837 39.690861 2.950255 6
6.148115 29.617904 7.534281 6
0.301456 16.676209 7.505356 6
2.238736 6.698334 1.765231 6
8.211762 39.547303 1.811688 6
6.888158 29.745579 6.370895 6
0.967517 16.325064 6.286161 6
1.862895 7.998257 1.060386 6
7.928206 38.212145 1.041832 6
6.429714 31.037628 5.596170 6
0.530035 15.196079 5.751968 6
0.917124 8.676247 1.467369 6
6.890751 37.397023 1.459148 6
5.414414 31.930438 6.069690 6
-0.429889 14.389447 6.129864 6
0.381969 8.453530 2.696257 6
6.321626 37.762562 2.701760 6
4.942389 31.477483 7.382231 6
-0.928160 14.733214 7.435247 6
0.825367 7.267721 3.482791 6
6.578039 38.819741 3.404882 6
5.198016 30.440312 8.151035 6
-0.665870 15.801353 8.052422 6
3.406270 5.792001 1.133292 6
9.326496 40.302262 1.255740 6
7.859521 28.973434 5.767107 6
1.951398 17.252050 5.800143 6
4.643173 5.576811 2.016526 6
10.436396 40.487736 2.102619 6
9.177710 28.691944 6.596170 6
3.241337 17.473542 6.739708 6
4.941498 4.387850 2.699889 6
10.870092 41.847999 2.689866 6
9.515067 27.462627 7.177567 6
3.494021 18.696490 7.193695 6
5.911198 4.339827 3.623502 6
0.010106 41.873158 3.656184 6
-1.393513 27.520484 8.244467 6
4.555359 18.779576 8.282745 6
6.590820 5.455509 3.877680 6
0.880980 40.665784 3.913696 6
-0.531763 28.496819 8.452757 6
5.247141 17.639622 8.417321 6
6.463113 6.814954 3.388943 6
0.480433 39.371476 3.329771 6
-0.775033 29.883450 7.919290 6
5.062320 16.289174 7.996460 6
5.224763 6.790585 2.415799 6
-0.632638 39.481253 2.325938 6
-1.966219 29.946008 7.060457 6
3.914252 16.258452 6.990206 6
6.292747 3.160888 4.484992 6
0.322887 43.125089 4.420911 6
-1.057901 26.104198 8.938102 6
4.885907 20.005195 9.052366 6
5.905470 3.498718 5.797553 6
0.085181 42.692186 5.808420 6
1.427628 26.466928 1.234828 6
7.418180 19.768803 1.186526 6
4.660487 3.644964 6.374347 6
-1.223183 42.508403 6.266321 6
0.108895 26.684071 1.675929 6
6.072243 19.535617 1.690805 6
4.411047 4.085977 7.575253 6
-1.435247 42.184557 7.625294 6
-0.139627 27.208737 2.945934 6
5.798785 19.072244 2.949473 6
5.558448 4.253295 8.454618 6
-0.292284 42.007541 8.438894 6
1.115483 27.355525 3.857198 6
7.019366 18.788689 3.811729 6
6.749972 4.018267 8.037806 6
0.908600 42.048970 8.130798 6
2.350640 27.082720 3.470154 6
8.288381 18.947291 3.409194 6
6.947144 3.522201 6.709275 6
1.239915 42.623590 6.749323 6
2.616529 26.791857 2.071948 6
8.461052 19.586088 2.226630 6
3.067860 4.379372 8.127616 6
8.929289 41.869350 8.089028 6
10.219718 27.589944 3.464479 6
4.486571 18.746043 3.417820 6
2.546553 5.613863 7.402390 6
8.374447 40.450997 7.376125 6
9.792934 28.748272 2.839583 6
4.009948 17.497344 2.851327 6
1.475403 5.673651 6.662506 6
7.384456 40.378347 6.495776 6
8.787987 28.844921 2.021335 6
2.770248 17.288324 1.888730 6
1.223786 6.913987 5.964600 6
7.040243 39.249614 5.831997 6
8.433840 30.032340 1.344853 6
2.466743 16.115457 1.414999 6
1.846357 8.166238 6.207263 6
7.772146 38.085938 6.193179 6
9.039015 31.240641 1.660442 6
3.221464 15.017352 1.600827 6
2.873467 8.020782 7.142204 6
8.670321 38.082849 7.117248 6
10.171993 31.255913 2.590621 6
4.232405 15.026818 2.548575 6
3.123177 6.846066 7.816120 6
9.011229 39.221884 7.747619 6
10.423980 29.900300 3.151849 6
4.533498 16.195532 3.132054 6
0.132026 6.967641 4.796797 6
6.052551 39.215737 4.837788 6
7.301475 30.121264 0.108132 6
1.549377 16.118723 0.281616 6
4.101466 3.350275 2.208801 6
9.935510 43.013629 2.240952 6
8.568267 26.346891 6.875761 6
2.715371 19.824534 6.922963 6
3.405393 2.276994 2.080187 6
9.304254 43.979965 1.972466 6
8.037011 25.437389 6.676720 6
2.198844 20.810690 6.619557 6
2.625155 1.182770 1.753227 6
8.568457 45.107565 1.610540 6
7.277915 24.315223 6.264883 6
1.386973 21.918258 6.320919 6
3.075862 0.192366 0.600292 6
8.895322 45.998827 0.706576 6
7.588381 23.427678 5.358902 6
1.753689 22.835585 5.286886 6
2.304370 45.309909 0.342693 6
8.229707 0.791508 0.493900 6
6.777034 22.272791 5.070464 6
0.904236 24.005229 5.083946 6
1.107429 45.177624 0.973256 6
6.937398 1.054285 1.014389 6
5.706558 21.971094 5.604742 6
-0.159170 24.103337 5.702085 6
0.673172 45.952611 2.040583 6
6.543901 0.241072 2.095079 6
5.156385 22.907760 6.647805 6
-0.715949 23.326274 6.572952 6
1.405581 0.950307 2.360515 6
7.341751 45.307443 2.395168 6
5.941365 24.076975 6.831098 6
0.046114 22.210189 6.950834 6
0.725216 4.592160 6.247419 6
6.633138 41.565498 6.187735 6
8.058934 27.615841 1.635703 6
2.207046 18.614650 1.762238 6
0.253336 3.465448 6.099878 6
6.041451 42.598426 5.913713 6
7.352163 26.644652 1.383184 6
1.587225 19.671757 1.405227 6
-0.617380 2.404385 5.728814 6
5.200786 43.824226 5.622339 6
6.559166 25.467541 1.034385 6
0.707598 20.738850 1.136669 6
-0.633417 1.141380 6.500178 6
5.224837 45.010287 6.359062 6
6.661389 24.367779 1.813607 6
0.748953 21.986689 1.795372 6
-1.315730 0.029747 6.111708 6
4.477092 46.095900 6.111556 6
5.950245 23.187722 1.497190 6
-0.023944 22.911665 1.422023 6
9.713521 0.153193 4.905649 6
3.733851 46.080673 5.031147 6
5.083690 23.206663 0.288094 6
11.047188 22.964824 0.383929 6
9.682649 1.315365 4.157506 6
3.773552 44.890655 4.234985 6
2.336763 24.281252 8.786461 6
8.340223 21.879492 8.878946 6
10.369442 2.301146 4.567122 6
4.405603 43.756398 4.484724 6
3.144917 25.529589 9.170866 6
9.001304 20.722006 9.152617 6
0.644163 9.985972 0.770596 6
6.342984 36.138598 0.758468 6
5.023185 33.103362 5.279258 6
-0.783995 13.070906 5.248259 6
1.494192 11.145184 0.930430 6
7.383828 34.973780 0.877030 6
6.017296 34.179684 5.564751 6
0.137757 11.952396 5.542966 6
1.835598 10.975466 0.389126 6
7.677101 35.230735 0.405609 6
6.252841 33.930498 4.993831 6
0.380048 12.089345 4.995331 6
-2.075176 9.471539 8.350423 6
3.819687 36.548545 8.300927 6
5.188116 32.588238 3.737500 6
-0.689457 13.482783 3.786430 6
8.954417 9.456363 8.624862 6
3.101462 36.600944 8.534539 6
4.583029 32.689916 3.871112 6
10.378018 13.571058 3.917173 6
10.837567 10.383662 1.161087 6
5.002420 35.710806 1.103015 6
3.662419 33.527786 5.588631 6
9.441440 12.720072 5.620199 6
11.334895 10.707075 1.393626 6
5.328671 35.313729 1.488191 6
3.964188 33.880951 6.130437 6
9.807008 12.224290 6.065747 6
7.154984 7.889289 3.734539 6
1.395731 38.139868 3.741306 6
-0.079511 31.071020 8.403544 6
5.774266 15.045796 8.339017 6
6.624377 9.238468 3.180620 6
0.576123 36.981976 3.262836 6
-0.783025 32.421191 7.792860 6
5.156639 13.751758 7.839357 6
7.337347 7.947858 5.131881 6
1.482334 38.196661 5.184318 6
2.803530 31.029468 0.529873 6
8.743424 15.032731 0.709490 6
8.669699 7.786629 2.988500 6
2.697888 38.411546 3.098558 6
1.407680 31.033585 7.746405 6
7.291149 15.203817 7.664246 6
8.147321 4.366671 9.002073 6
2.249493 41.839158 9.044912 6
3.541785 27.404186 4.448721 6
9.387646 18.822708 4.295441 6
9.006754 3.098443 9.007032 6
3.111269 43.160776 9.029573 6
4.368995 26.123546 4.469184 6
10.286332 20.014835 4.380714 6
-2.482669 3.822198 8.568104 6
3.317556 42.319444 8.561894 6
4.718312 27.035156 4.056001 6
-1.104801 19.239738 4.077182 6
8.969625 5.377637 8.164958 6
3.206133 40.873131 8.220971 6
4.528341 28.495935 3.660394 6
10.446070 17.839981 3.567300 6
8.121349 5.836766 8.945370 6
2.350850 40.343551 8.961361 6
3.662739 28.885146 4.314115 6
9.622230 17.315565 4.388499 6
10.505782 4.953567 1.090732 6
4.597175 41.302779 1.010632 6
3.261304 27.931529 5.655752 6
9.170827 18.167801 5.583393 6
10.344924 4.050288 1.344290 6
4.485948 42.158355 1.178335 6
3.065689 27.199345 5.880386 6
9.009209 18.947084 5.890917 6
3.638997 9.490217 7.565354 6
9.456619 36.794444 7.642408 6
-0.861168 32.441830 2.923727 6
4.825529 13.689164 2.876012 6
2.614870 10.253770 8.368272 6
8.387393 35.876860 8.479554 6
9.846579 33.303920 3.732029 6
3.885235 12.766767 3.752147 6
4.813276 9.309582 8.482766 6
-1.106107 36.928358 8.373117 6
0.353377 32.236384 3.867578 6
6.233230 13.954497 3.774441 6
3.998577 10.188196 6.417419 6
9.725023 36.046245 6.267910 6
11.119916 33.308841 1.753594 6
5.181389 12.983701 1.644029 6
2.297855 8.130544 0.237432 1
8.187042 37.984098 0.176567 1
6.944516 31.123354 4.811892 1
0.948842 14.893910 4.837553 1
-0.185926 8.993099 3.121700 1
5.574828 37.036809 3.193270 1
4.364367 32.205112 7.720274 1
-1.612723 13.941281 7.804397 1
3.088422 5.011022 0.929656 1
8.837577 41.272029 1.026472 1
7.539376 27.985333 5.653394 1
1.691397 18.222241 5.519577 1
3.688825 6.200782 0.414038 1
9.481283 40.010485 0.309682 1
8.121738 29.353201 4.978323 1
2.311310 16.981668 4.845327 1
7.471171 5.346923 4.416247 1
1.409598 40.852295 4.529657 1
0.137963 28.581921 9.050752 1
5.964634 17.618914 9.085492 1
5.106832 7.705546 2.047429 1
10.900213 38.477686 1.956802 1
9.637079 30.778650 6.576297 1
3.688384 15.411977 6.570765 1
5.587891 2.490266 4.066557 1
-0.315509 43.843960 4.192253 1
-1.609876 25.456708 8.692759 1
4.145366 20.720765 8.808733 1
7.175763 2.834947 4.224618 1
1.257154 43.435046 4.283063 1
-0.199246 25.907711 8.902007 1
5.730483 20.387081 8.817789 1
8.117115 4.644841 0.192441 1
2.271089 41.562468 0.039046 1
0.778764 27.634337 4.784220 1
6.830901 18.408459 4.734460 1
7.859060 3.488878 6.479995 1
2.049683 42.712186 6.408205 1
3.343984 26.592693 1.739005 1
9.274108 19.692945 1.830048 1
2.380210 3.653250 7.868444 1
8.295710 42.473815 7.882221 1
9.763992 26.725898 3.263658 1
3.731697 19.406057 3.263974 1
3.095972 4.497408 8.963178 1
8.976275 41.736275 9.109012 1
10.233192 27.624698 4.399803 1
4.378370 18.488778 4.426927 1
1.636926 8.813404 5.811454 1
7.489956 37.318635 5.778419 1
8.900498 31.937158 1.255234 1
2.906105 14.256587 1.207236 1
3.859181 6.926609 8.284880 1
-1.979101 39.363632 8.299994 1
-0.577894 30.061682 3.805141 1
5.312354 16.234114 3.731892 1
-0.619430 7.589312 5.032648 1
5.253088 38.497255 5.022161 1
6.798192 30.795732 0.377685 1
0.765626 15.368494 0.491258 1
-0.250894 6.233810 4.847185 1
5.575415 39.989148 4.711137 1
6.961505 29.262040 0.095012 1
1.090400 16.978894 0.064715 1
3.947616 0.457613 0.253275 1
9.783742 45.797283 0.244849 1
8.326724 23.496505 4.853518 1
2.587684 22.657518 4.737421 1
-0.147453 44.616267 8.882323 1
5.700330 1.471008 8.917365 1
7.136272 21.647187 4.390962 1
1.179232 24.542378 4.380643 1
0.660010 44.281601 0.833273 1
6.435092 1.813339 0.730865 1
5.018074 21.364039 5.345048 1
-0.723368 24.943683 5.327115 1
-0.186478 45.888045 2.363730 1
5.648044 0.307869 2.420306 1
4.373694 22.716909 7.059937 1
-1.488259 23.513943 7.101392 1
1.108446 1.571768 2.948878 1
7.028744 44.584302 2.989977 1
5.574942 24.703309 7.456443 1
-0.296182 21.444769 7.513811 1
-0.000924 1.237157 7.312453 1
5.804621 44.980349 7.166121 1
7.174621 24.311378 2.510612 1
1.405937 21.849832 2.639321 1
-1.255049 45.436448 6.665698 1
4.562448 0.743664 6.695466 1
5.938794 22.512060 1.914980 1
0.126137 23.764601 1.920094 1
9.144134 45.571531 4.714456 1
3.315348 0.620101 4.653925 1
4.560354 22.433738 0.082633 1
10.602458 23.751613 0.046959 1
9.126384 1.272276 3.441883 1
3.215323 44.946802 3.380647 1
1.738308 24.415716 8.083373 1
7.717378 21.893578 7.986887 1
10.270070 3.069302 4.063387 1
4.445032 42.992751 3.911022 1
2.976509 26.137966 8.485706 1
8.936942 19.950702 8.549655 1
6.083239 9.587691 3.991547 1
0.122543 36.528860 3.894154 1
-1.101799 32.687947 8.593810 1
4.677347 13.457988 8.633158 1
7.203206 9.778289 2.832656 1
1.252050 36.319539 3.005511 1
-0.040320 32.946418 7.552614 1
5.828199 13.282586 7.560000 1
5.971448 9.088837 2.558468 1
0.086968 37.073818 2.540942 1
-1.314285 32.183464 7.253102 1
4.448921 14.097885 7.182958 1
6.518278 7.961573 5.643224 1
0.664550 38.313370 5.696721 1
1.880667 31.128799 1.026843 1
7.854207 15.182660 1.046373 1
7.838548 7.201569 5.472881 1
1.942930 38.920727 5.611640 1
3.317674 30.343449 0.940216 1
9.276057 15.866029 0.975872 1
7.713773 8.785516 5.496117 1
1.785334 37.370242 5.505725 1
3.194755 31.978682 0.914093 1
9.020965 14.196384 0.792343 1
9.290830 7.812153 3.767911 1
3.259593 38.511720 3.691142 1
2.043913 30.819420 8.352450 1
7.794652 15.403932 8.416535 1
8.620930 7.069475 2.590679 1
2.723581 39.129863 2.398791 1
1.443783 30.157586 7.189913 1
7.277961 15.917443 7.070943 1
8.758488 8.730355 2.630410 1
2.814936 37.469414 2.613515 1
1.520623 31.716114 7.146102 1
7.421151 14.414346 7.209432 1
5.250529 9.989088 0.052227 1
11.105695 36.238725 0.111560 1
9.847058 33.023942 4.626142 1
3.997639 13.208171 4.709665 1
2.840882 11.230186 8.265636 1
8.619753 35.033260 8.337140 1
10.042193 34.231189 3.735792 1
4.168486 12.014130 3.679953 1
1.704840 10.169886 7.988361 1
7.504896 36.123188 7.977758 1
8.845602 33.268091 3.492147 1
2.965834 12.954866 3.462449 1
7.394502 9.200657 0.163600 1
1.348051 37.089021 0.109732 1
0.130846 32.321811 4.682412 1
5.976604 13.882672 4.733099 1
5.242868 8.350742 8.148575 1
-0.594430 37.890596 8.185419 1
0.635663 31.434696 3.624473 1
6.607812 14.739945 3.589012 1
5.361481 9.969604 8.291792 1
-0.520941 36.288635 8.215777 1
0.934904 32.986860 3.670314 1
6.800857 13.077820 3.577437 1
3.814398 11.052628 6.503496 1
9.722551 35.024079 6.559094 1
11.004629 34.253412 2.017947 1
5.135452 11.997311 2.004944 1
4.684732 10.058072 6.057404 1
-1.088118 36.151088 6.080904 1
0.309491 33.027682 1.447137 1
6.073658 13.040915 1.490361 1
3.189202 9.986611 5.718570 1
9.255653 36.245662 5.575606 1
10.468789 33.134147 1.115835 1
4.645285 13.147613 1.007890 1
1.310941 11.372231 1.896488 1
7.187644 34.759148 1.825648 1
5.820257 34.508060 6.393007 1
0.007679 11.740132 6.479354 1
2.432940 10.910906 1.182950 1
8.346912 35.392265 1.132923 1
6.848531 33.945992 5.629103 1
0.946074 12.356303 5.815793 1
1.410865 11.841125 0.357907 1
7.254772 34.436844 0.510509 1
5.905083 34.878090 5.044392 1
0.167744 11.295941 5.100456 1
9.150010 8.591618 8.330705 1
3.377304 37.473075 8.459258 1
4.716849 31.771624 3.871562 1
-1.143096 14.402582 3.867331 1
9.224747 10.041134 7.971415 1
3.495812 36.139484 7.851770 1
4.898159 33.297176 3.313178 1
10.679027 12.962264 3.290346 1
-1.303288 9.284529 8.034445 1
4.608446 36.986290 8.112014 1
5.918179 32.300558 3.393328 1
0.137836 13.776363 3.519608 1
10.712271 10.193670 2.015965 1
4.839270 35.908561 2.069452 1
3.461651 33.231334 6.653904 1
9.286411 12.853497 6.548342 1
10.652786 11.221113 0.915323 1
4.806943 34.942143 0.931974 1
3.352659 34.337439 5.429441 1
9.270786 11.902590 5.567885 1
10.140274 9.833386 0.752061 1
4.367726 36.278047 0.579504 1
3.000874 33.019784 5.226189 1
8.803098 13.231819 5.184693 1
8.452649 2.303285 8.791957 1
2.550019 43.872142 8.798039 1
3.909522 25.406407 4.039092 1
9.663441 20.743292 4.209890 1
-2.038277 3.060975 8.485204 1
3.884050 43.114778 8.521496 1
5.181962 26.113233 3.834987 1
-0.619945 19.905764 3.846501 1
0.050840 2.781631 0.789042 1
6.003981 43.247492 0.742096 1
4.591907 26.007297 5.300748 1
-1.292470 20.315306 5.390024 1
-2.001251 5.620856 8.653207 1
3.896452 40.613419 8.753153 1
5.357594 28.708162 4.007155 1
-0.673983 17.526201 4.030124 1
9.340745 4.840849 7.337469 1
3.531858 41.334398 7.249410 1
4.872846 27.931747 2.671702 1
10.774269 18.108302 2.668925 1
8.674808 6.075729 7.976509 1
2.806917 40.049140 7.866121 1
4.029473 29.244136 3.429071 1
10.043467 17.014658 3.276111 1
10.920914 4.682317 1.782375 1
5.129790 41.602196 1.849524 1
3.786683 27.584064 6.393042 1
9.605745 18.595417 6.524315 1
10.315550 5.946950 0.990069 1
4.443828 40.335649 0.864438 1
2.956677 28.875517 5.587438 1
8.903484 17.288270 5.482612 1
9.444613 4.460860 1.542377 1
3.628528 41.623798 1.426138 1
2.326307 27.634910 5.968739 1
8.019687 18.686873 6.118962 1
-0.510686 10.754575 8.835412 1
5.244759 35.353732 8.788490 1
6.617225 33.751980 4.109474 1
0.792058 12.277743 4.287091 1
7.970444 9.531991 8.676566 1
2.238510 36.521010 8.487667 1
3.566461 32.759930 4.042374 1
9.367336 13.585015 4.026556 1
-0.184898 11.404286 1.965889 1
5.813985 34.801692 2.065003 1
4.330835 34.568482 6.600831 1
-1.490653 11.586041 6.663033 1
9.193782 2.756404 8.554423 1
3.297553 43.399676 8.686165 1
4.705134 25.956231 3.973496 1
-1.146190 20.296173 4.106966 1
-2.252804 4.084512 7.723261 1
3.738401 42.111081 7.778460 1
5.132048 27.183747 3.164345 1
-0.839749 19.174489 3.245497 1
-1.801860 3.861470 9.209412 1
6.884084 42.252820 0.179624 1
5.434858 27.135794 4.731504 1
-0.388451 19.217162 4.661952 1
11.557547 6.105045 0.206958 1
5.821861 40.083660 0.344261 1
4.467136 29.361331 4.823308 1
10.221859 16.856036 4.815905 1
7.929736 6.282282 8.311915 1
2.176673 39.798773 8.155214 1
3.615536 29.342071 3.566429 1
9.374922 16.737099 3.705906 1
9.997313 6.235189 0.346935 1
4.214216 40.023878 0.367773 1
2.798022 29.231802 4.908674 1
8.790449 16.798096 4.937368 1
10.461698 3.233826 1.591331 1
4.416698 43.039979 1.549123 1
3.050210 26.385217 6.055820 1
9.024573 19.866077 6.107187 1
2.632555 5.218216 4.003652 1
8.657130 40.871577 4.117337 1
7.243484 28.394464 8.699317 1
1.308920 17.819078 8.706253 1
2.631924 3.572045 5.844450 1
8.614271 42.754845 5.931377 1
9.931622 26.580149 1.420723 1
4.134302 19.659292 1.423880 1
