4.968379 3.899241 3.488124 30
5.874303 3.748186 15.017470 30
2.224168 0.014360 8.204097 30
1.262673 0.087129 19.763811 30
3.632347 2.032205 3.206657 17
7.021128 5.560909 14.795956 17
3.388513 5.829533 8.513833 17
0.150074 1.833416 20.141712 17
3.825421 5.615578 3.079640 17
7.075157 1.869919 14.685785 17
3.475055 1.841934 8.452192 17
0.259543 5.779979 20.060596 17
5.943019 3.794241 5.112416 7
4.707709 3.798839 16.872303 7
1.088407 7.628651 6.396024 7
2.446525 7.579008 17.974265 7
6.795285 3.731489 2.749030 7
3.879011 3.856925 14.255591 7
0.378066 0.050007 8.881950 7
3.151348 0.008046 20.624739 7
5.634144 3.734206 6.350780 6
5.096658 3.775063 18.066802 6
1.634040 7.595714 5.233148 6
2.036087 0.070528 16.761895 6
4.717534 4.071506 6.491588 1
6.039368 3.650723 18.084157 1
2.411730 0.191659 5.129859 1
1.054188 7.316531 16.695901 1
6.336360 3.725681 7.434917 6
4.408631 3.765965 19.173471 6
0.730921 7.591987 4.168967 6
2.815568 7.544292 15.766763 6
6.236573 3.888183 8.428704 1
4.540504 3.614446 19.995114 1
1.018149 0.154897 3.272208 1
2.629779 7.430680 14.803311 1
0.673076 3.914107 7.378409 6
3.039781 3.782651 18.900561 6
6.553152 0.132232 4.278075 6
4.232949 7.487994 15.792471 6
1.037554 3.601973 7.997056 1
2.603402 3.995790 19.611241 1
6.057789 7.447938 3.614132 1
4.534509 0.115656 15.214184 1
1.046101 3.785451 5.934374 6
2.566388 3.694028 17.565622 6
6.045282 7.579970 5.654274 6
4.671399 7.564223 17.166614 6
1.783805 3.584308 5.999946 1
1.745173 4.030056 17.612865 1
5.481088 7.447343 5.667561 1
5.321461 0.220160 17.288422 1
0.065889 3.833965 4.924921 6
3.424008 3.815371 16.588541 6
6.928330 0.130599 6.658229 6
3.649441 7.466820 18.205015 6
1.124874 4.164586 3.441236 1
2.283578 3.556333 15.021036 1
5.873892 0.288378 8.337427 1
4.829288 7.284062 19.858908 1
0.578452 3.764677 3.640835 6
3.112712 3.823699 15.254032 6
6.664454 7.632353 7.997816 6
4.163983 0.037469 19.708181 6
0.058277 3.825495 1.187556 6
3.548913 3.736514 12.821828 6
7.108464 0.103528 10.282257 6
3.537248 7.590560 22.024897 6
1.102507 3.847469 1.190075 1
2.539280 3.903571 12.936466 1
6.187551 7.559292 10.344775 1
4.635532 0.005605 21.906171 1
6.791770 2.531207 0.627091 6
3.850140 5.074390 12.192340 6
0.247354 6.465582 10.960999 6
3.251473 1.222887 22.528146 6
0.055741 1.820347 1.124409 1
3.364921 5.810891 12.644682 1
6.993875 5.743722 10.509826 1
3.768119 1.983488 22.106799 1
7.045594 2.672247 22.924443 1
3.797936 5.098795 11.373092 1
0.087348 6.534588 11.925235 1
3.531546 1.159837 0.264952 1
5.867244 2.571065 0.688573 1
4.943293 5.217157 12.403474 1
1.293850 6.381255 10.773804 1
2.207693 1.277097 22.416808 1
6.832208 5.493885 0.768134 6
3.944062 2.152075 12.448400 6
0.222581 1.584628 10.742572 6
3.347070 6.058699 22.399620 6
6.911682 5.577159 23.126649 1
3.992247 2.098163 11.458324 1
0.361565 1.665079 11.769762 1
3.327302 5.902093 0.009980 1
0.453266 6.077649 1.132536 1
3.099429 1.682411 12.812851 1
6.799266 2.237887 10.468756 1
4.000401 5.503255 21.922929 1
6.064788 5.687933 1.234897 1
4.712399 1.835906 12.881065 1
1.136184 1.994435 10.307495 1
2.475235 5.804078 21.974324 1
6.329929 4.449841 0.314846 6
4.336712 3.263946 11.921396 6
0.746598 0.570031 11.233556 6
2.752423 6.975779 22.780998 6
5.898488 3.710646 0.024342 1
5.000759 3.972404 11.651211 1
1.253118 7.584762 11.676870 1
2.212066 0.179839 0.021460 1
6.719479 4.967441 22.891049 1
4.037232 2.705492 11.214345 1
0.282227 1.068823 11.944203 1
3.155139 6.543554 0.256885 1
5.783323 4.961245 0.786318 1
5.075644 2.728995 12.499274 1
1.479673 1.195193 10.802846 1
2.100042 6.578461 22.251030 1
