0.664151 10.279428 23.823183 7
2.211646 2.278418 10.651207 7
3.339755 8.581195 2.539825 7
4.940144 3.990126 15.564781 7
5.444675 9.790258 24.447980 1
2.768654 2.788840 11.250767 1
2.664060 9.074306 1.838680 1
0.141400 3.559121 14.855287 1
1.687795 10.661854 24.607449 6
1.003469 1.748416 11.513706 6
4.535456 8.011170 1.667277 6
3.891915 4.410102 14.660745 6
2.246524 10.006012 25.026361 1
0.571951 2.682258 11.780033 1
4.867030 8.922683 1.257199 1
3.407643 3.659167 14.283114 1
2.746612 11.512673 23.776888 6
0.111329 1.026288 10.566034 6
5.344018 7.290596 2.498123 6
2.886849 5.312407 15.589214 6
3.583616 11.716183 24.265633 1
4.765615 0.940446 11.111588 1
0.697146 7.031781 2.096020 1
1.970893 5.315577 15.152735 1
2.933283 10.735399 22.431252 6
5.195920 1.747061 9.354464 6
0.238153 7.968179 3.828784 6
2.459310 4.506555 16.968948 6
4.019260 11.312553 21.573465 6
4.328396 1.198085 8.516462 6
1.305319 7.521579 4.563939 6
1.484814 4.928736 17.627500 6
4.320567 10.822482 20.414291 6
3.896949 1.804474 7.266579 6
1.613127 8.051263 5.917129 6
1.275226 4.409538 19.039086 6
3.579391 9.826267 19.945028 6
4.865777 2.749044 6.868518 6
0.724690 9.113171 6.344636 6
1.953950 3.429627 19.298016 6
2.480005 9.176923 20.793539 6
0.312307 3.232998 7.601852 6
5.331013 9.631862 5.512447 6
3.073800 3.016633 18.527761 6
2.186470 9.743831 21.996699 6
0.534386 2.824586 8.877967 6
4.948607 9.156424 4.162998 6
3.386635 3.402958 17.255613 6
1.103580 9.220600 22.884639 6
1.648158 3.278636 9.773660 6
3.804730 9.556225 3.383183 6
4.530875 2.883855 16.447958 6
0.293217 8.946898 22.106048 1
2.358218 3.435950 9.033352 1
3.113220 9.698961 3.995407 1
5.172177 2.737917 17.187708 1
1.151006 11.545330 25.745034 6
1.670761 1.044410 12.583486 6
3.861947 7.301239 0.550257 6
4.244895 5.292606 13.708130 6
0.480381 10.996899 26.075486 1
2.209072 1.518417 13.112501 1
3.139328 7.736909 26.152761 1
4.991897 4.843041 13.137996 1
1.886484 11.735851 0.061503 1
0.892534 0.890056 13.175510 1
4.619324 7.035068 26.124971 1
3.527744 5.467341 12.883906 1
0.706851 0.227830 25.183897 8
2.141269 12.206460 12.197619 8
3.483442 5.981645 1.063748 8
4.902850 6.445888 14.029923 8
2.055032 0.271510 23.327253 8
0.792049 12.286678 10.214900 8
4.845393 6.090343 2.799051 8
3.376855 6.481018 15.858389 8
1.641412 1.064402 24.534543 6
1.133761 11.522520 11.343429 6
4.354115 5.271366 1.692005 6
3.819533 7.282424 14.890720 6
0.783516 2.221248 23.914790 6
2.020203 10.466455 10.688857 6
3.523029 4.185979 2.379337 6
4.697495 8.404112 15.488689 6
1.304743 2.701162 23.305549 1
1.431396 9.919895 10.162900 1
4.251747 3.617320 2.929423 1
4.063577 8.901284 16.085342 1
0.409979 2.800216 24.431982 1
2.231643 9.856959 11.327781 1
3.188046 3.501737 1.754464 1
4.957891 9.034564 14.750355 1
5.504627 1.904674 23.331647 1
2.691470 10.805982 10.155886 1
2.852649 4.516653 2.920915 1
5.429594 8.063277 15.874806 1
2.728279 1.465168 25.277362 6
0.018645 10.962535 12.088921 6
0.048783 4.737775 0.963617 6
2.683237 7.683182 14.097250 6
3.345023 1.964781 24.656635 1
4.850819 10.443756 11.713832 1
0.578681 4.176048 1.420372 1
2.217184 8.358277 14.444742 1
3.231572 0.848516 25.518892 1
5.011593 11.706107 12.471643 1
0.590264 5.579928 0.571004 1
2.164534 7.036102 13.720516 1
2.416597 1.968229 26.090904 1
0.242528 10.426379 12.901687 1
5.118434 4.271910 0.208360 1
3.026409 8.309600 13.335460 1
4.761352 12.302265 22.065830 8
3.474302 0.138731 9.025384 8
2.011741 6.447671 4.174936 8
0.781023 6.134334 17.250014 8
0.044045 11.841091 22.693952 1
2.742548 0.689530 9.493659 1
2.813063 7.075206 3.566444 1
5.384768 5.495272 16.571919 1
5.399974 11.391678 19.532791 6
2.977818 1.117699 6.351331 6
2.645947 7.542154 6.707678 6
0.165779 5.040662 19.819244 6
0.741379 11.284205 19.923069 1
1.974057 1.207753 6.895578 1
3.447912 7.436885 6.331927 1
4.859564 5.004195 19.319805 1
5.254101 12.199832 19.152517 1
2.988989 0.301407 6.177369 1
2.476620 6.620934 6.958678 1
0.421478 6.019007 20.139547 1
0.010303 10.731741 18.718892 1
2.835710 1.679808 5.631119 1
2.646412 7.951719 7.597146 1
0.034095 4.507842 20.713793 1
3.621974 9.162373 18.743304 8
4.836836 3.346386 5.709640 8
0.858740 9.680167 7.521200 8
1.905255 2.739142 20.611737 8
1.892336 8.320309 19.975747 8
0.841133 4.258091 6.946539 8
4.554257 10.604477 6.096059 8
3.593965 1.961260 19.198336 8
2.557624 8.007731 18.838576 6
0.235280 4.471852 5.747966 6
5.298444 10.755566 7.260959 6
2.950849 1.830049 20.458309 6
1.904874 8.101237 18.022299 1
0.885349 4.533272 4.892803 1
4.818545 10.736726 8.074908 1
3.553052 1.891102 21.286212 1
3.060883 7.146078 18.943733 1
5.164459 5.287282 5.847771 1
0.243969 11.529822 7.290887 1
2.521650 0.939666 20.374741 1
1.389842 7.962128 23.598956 6
1.361574 4.745163 10.408033 6
4.164295 10.970336 2.719387 6
4.243538 1.665594 15.790467 6
0.849734 7.609395 24.675430 8
1.895280 4.953978 11.453258 8
3.716402 11.261825 1.670323 8
4.482438 1.360027 14.695573 8
2.140497 7.014629 22.911256 8
0.695755 5.335894 9.793664 8
4.818746 11.747068 3.362798 8
3.304181 0.783498 16.422754 8
2.413836 5.673180 23.362154 6
0.381620 6.781692 10.274299 6
5.167956 0.437623 2.732257 6
3.168833 12.118081 15.893161 6
2.423552 5.877842 24.257878 1
0.266847 6.624081 11.299572 1
5.160091 0.539029 1.790646 1
3.060257 12.148679 14.886473 1
1.666361 5.161954 23.052916 1
1.120936 7.288556 10.094329 1
4.505135 1.163055 3.015972 1
3.870402 11.470808 16.273623 1
3.582628 5.328296 22.881295 6
4.722502 7.224066 9.720893 6
0.887415 0.859178 3.238376 6
1.860047 11.578981 16.291496 6
3.697731 4.487906 23.298305 1
4.509288 8.110496 10.069552 1
0.903254 1.786277 2.957962 1
1.687055 10.775120 16.075245 1
4.283355 5.891764 23.189777 1
3.885392 6.528966 10.130721 1
1.473353 0.252372 3.093585 1
1.260424 12.082604 16.118116 1
3.493502 5.186117 21.847173 1
4.700192 7.320350 8.814178 1
0.711157 0.906728 4.159598 1
2.024514 11.456031 17.315287 1
