2.585726 3.336225 21.135112 8
7.584469 3.343728 0.235921 8
7.191557 10.160526 10.829951 8
2.381607 10.232396 10.547222 8
3.817326 4.451518 16.444251 8
8.768915 2.297423 4.805507 8
6.106534 11.207124 15.551068 8
1.079294 9.037515 5.851806 8
1.360056 1.042733 16.390349 8
6.263076 5.771592 5.014463 8
8.355637 7.723201 15.810836 8
3.575036 12.547783 5.657685 8
2.973513 0.212185 17.829571 8
7.879193 6.543815 3.603794 8
7.010804 6.962130 14.325594 8
1.952495 13.150326 7.172150 8
3.737904 6.506594 20.157959 7
8.825849 0.050062 1.196675 7
6.032601 13.372528 11.899154 7
1.107817 6.997373 9.442243 7
5.058957 6.509123 19.759345 7
0.000706 0.058126 1.668696 7
4.923579 13.280738 12.390663 7
0.035539 6.891816 9.016037 7
3.161640 2.240148 16.934817 7
7.979826 4.397687 4.440528 7
6.674997 9.053788 15.080296 7
1.855521 11.122885 6.220416 7
3.878235 3.560249 21.201233 6
8.863164 3.377149 0.180442 6
6.115189 10.291501 10.979620 6
1.017425 10.108198 10.416726 6
4.643728 4.457453 20.247588 6
9.530689 2.431990 1.125115 6
5.248396 11.092237 11.868363 6
0.331921 9.208560 9.561520 6
5.521588 3.926406 20.077260 1
0.505740 2.844425 1.401494 1
4.338726 10.778367 12.011254 1
9.356292 9.539417 9.392507 1
4.731551 5.782950 20.792077 6
9.797697 1.064568 0.552697 6
5.162973 12.468948 11.262519 6
0.142690 7.681390 10.140142 6
4.563514 5.742267 0.372984 1
9.680484 1.035962 20.966823 1
5.313823 12.390107 10.212910 1
0.336950 7.842557 11.046635 1
5.753197 6.102620 20.686015 1
0.695914 0.784921 0.800193 1
4.066586 12.852500 11.368746 1
9.178259 7.363383 9.916388 1
4.027823 6.106731 0.073549 1
9.064541 0.793059 0.085688 1
5.832118 12.780164 10.655253 1
0.976354 7.508217 10.611382 1
5.684988 5.662735 21.343623 1
0.654248 0.970647 21.344571 1
4.184718 12.570504 10.584940 1
9.262146 7.670666 10.760696 1
3.925967 6.251994 18.803207 6
8.821178 0.602967 2.565194 6
6.069460 12.986596 13.347477 6
1.081969 7.351677 8.145888 6
4.645527 6.567854 18.392714 1
9.579811 0.225553 2.937273 1
5.155838 13.272216 13.592016 1
0.293261 7.069410 7.766354 1
3.176659 6.529185 18.353751 1
8.136215 0.181160 3.159896 1
6.718904 13.228685 13.783719 1
1.699305 7.053495 7.633843 1
4.156330 6.494360 17.920781 1
9.043541 0.351118 3.567576 1
5.719735 13.227822 14.080534 1
0.845383 6.994385 7.279159 1
3.117239 6.612945 19.091558 1
7.912570 0.142338 2.341076 1
6.818889 13.234967 12.892171 1
1.887697 6.970824 8.441002 1
3.846841 4.649458 18.984691 6
8.837748 1.993109 2.526679 6
6.037367 11.394909 13.083327 6
1.163633 8.752565 8.312734 6
2.865248 4.356204 18.951321 1
7.774336 2.409038 2.299445 1
6.917582 11.227640 13.094919 1
2.091901 9.144489 8.315892 1
4.553413 3.924702 17.651961 6
9.485901 2.811782 3.698364 6
5.349664 10.825708 14.366508 6
0.513981 9.563193 7.105512 6
5.336925 4.174050 17.643871 1
0.534434 2.610594 3.612685 1
4.523104 10.882894 14.332616 1
9.455514 9.333409 6.910254 1
4.275234 2.533289 17.767973 6
9.403370 4.294147 3.723542 6
5.588612 9.290031 14.436941 6
0.551282 11.092559 6.950472 6
4.194523 2.197519 18.716568 1
9.140581 4.680273 2.720415 1
5.694483 8.955329 13.368171 1
0.607757 11.400369 7.892533 1
5.623741 1.772275 17.155358 6
0.664596 4.938596 4.325219 6
4.218165 8.626529 15.001739 6
9.269769 11.628660 6.411096 6
5.289518 0.855429 17.037958 1
0.294085 5.849114 4.398650 1
4.580736 7.579284 15.079617 1
9.490873 12.609187 6.248787 1
5.714117 2.194105 16.346764 1
0.707445 4.509909 5.116085 1
4.265572 9.049520 15.775926 1
9.186726 11.243548 5.580290 1
5.915420 2.245651 16.388213 1
0.955957 4.420895 5.085666 1
3.922034 9.093636 15.618256 1
8.828198 11.102852 5.780628 1
5.262118 0.987273 16.674730 1
0.256279 5.796569 4.728338 1
4.638937 7.642985 15.331113 1
9.435313 12.562959 6.017442 1
6.882325 1.810944 17.745835 6
1.940887 4.906258 3.527361 6
2.974318 8.597941 14.256185 6
8.022827 11.796689 7.091529 6
7.038470 2.710014 18.173716 1
2.185276 4.087296 3.204255 1
2.679493 9.465358 13.829468 1
7.691143 10.814897 7.388612 1
6.670893 0.684642 18.867086 6
1.725244 6.017435 2.586935 6
3.203667 7.417270 13.352477 6
8.166816 12.833345 8.127676 6
5.793582 0.852882 19.375773 1
1.036980 5.937710 2.005724 1
3.922870 7.645592 12.742458 1
8.942478 12.583681 8.657402 1
7.366530 0.637569 19.328336 1
2.539413 6.176151 1.961037 1
2.398254 7.312262 12.738972 1
7.447449 12.942199 8.736081 1
6.608104 13.245555 18.454019 1
1.619996 6.829983 2.923532 1
3.315561 6.651691 13.676156 1
8.219081 0.185149 7.626757 1
7.835340 1.143832 16.823193 6
2.897167 5.478720 4.626973 6
1.855274 8.015140 15.352810 6
6.865462 12.357480 6.041398 6
7.902142 0.224178 16.592131 1
2.877698 6.516800 4.710734 1
2.075044 7.023686 15.484260 1
6.995270 13.132471 5.888137 1
8.868608 1.364552 17.159588 1
3.952051 5.277050 4.384807 1
1.066058 8.260002 14.962515 1
5.938190 12.032094 6.487615 1
7.786560 1.629584 15.969927 1
2.948345 5.021110 5.395520 1
2.075032 8.426954 16.258717 1
7.004110 11.769207 5.327118 1
6.691932 1.600485 18.032114 6
1.739329 5.204354 3.345812 6
3.215253 8.342897 13.916961 6
8.051881 11.898728 7.465247 6
6.705986 2.356531 18.537639 1
1.640158 4.372335 2.784716 1
3.111798 9.104633 13.416179 1
8.100642 11.129037 7.957140 1
6.717416 0.683816 19.256777 6
1.704490 6.175748 2.179733 6
3.227976 7.431809 12.886536 6
8.157455 12.941347 8.528329 6
5.725210 0.620776 19.633769 1
0.821239 6.057578 1.728874 1
4.012004 7.449576 12.449409 1
9.036832 12.842936 9.068705 1
7.408155 0.876018 19.947186 1
2.360714 6.004322 1.501671 1
2.587906 7.623202 12.196888 1
7.496397 12.736391 9.200961 1
6.916565 13.220525 18.907002 1
1.936898 6.979367 2.502246 1
2.954557 6.389811 13.164207 1
8.074271 0.286577 8.177033 1
8.059182 1.609502 17.486707 6
3.264904 5.132517 3.805812 6
1.685806 8.399681 14.646701 6
6.635794 11.939546 6.932882 6
8.733326 1.120251 18.192717 1
3.766404 5.645481 3.256773 1
1.141434 7.839651 14.009314 1
6.158479 12.328009 7.398623 1
8.431069 2.566999 17.597793 1
3.386786 4.257461 3.912141 1
1.387644 9.395336 14.573848 1
6.311145 10.956957 6.731027 1
8.109113 1.310252 16.596773 1
3.192775 5.539504 4.755999 1
1.816704 7.966857 15.428195 1
6.695801 12.304210 5.918555 1
4.088340 7.936047 20.375734 6
8.960596 12.279049 1.062281 6
5.883198 1.273409 11.891385 6
0.867356 5.399482 9.574385 6
5.034269 8.235634 20.157481 1
0.064883 12.098361 1.323579 1
4.793020 1.368434 11.989420 1
9.741397 5.297505 9.523610 1
3.732374 8.373777 21.211492 1
8.804037 12.000533 0.311365 1
5.984059 1.585707 10.912146 1
1.144728 5.088036 10.518364 1
3.575644 8.539483 19.589441 1
8.534450 11.830473 1.699197 1
6.435325 1.753937 12.516889 1
1.415188 4.924675 8.955402 1
5.109805 8.002498 20.099116 6
0.093605 12.210873 1.246023 6
4.907012 1.260327 11.934967 6
9.840913 5.428539 9.390917 6
5.914575 8.258549 20.406198 1
1.032186 11.966456 1.023001 1
4.019027 1.541995 11.739890 1
8.852752 5.135185 9.644060 1
4.420044 8.202331 20.837919 1
9.471585 12.079304 0.426027 1
5.313206 1.402786 11.206895 1
0.433985 5.264931 10.186077 1
4.635474 8.534984 19.349640 1
9.558454 11.724428 2.044425 1
5.215557 1.854258 12.635582 1
0.180493 4.993346 8.755791 1
2.755050 3.491367 16.201243 6
7.866811 3.272618 5.299739 6
7.100256 10.212898 15.973120 6
1.990625 10.084409 5.367549 6
3.058626 3.025511 14.757587 6
7.976443 3.620271 6.665369 6
6.748744 9.902854 17.430730 6
1.858515 10.316084 3.974356 6
2.862016 3.802762 14.169148 1
7.769515 2.846537 7.285073 1
6.960359 10.579359 17.999638 1
2.148338 9.589990 3.363597 1
2.369115 2.389266 14.501543 1
7.335693 4.357003 6.999377 1
7.403207 9.200600 17.590878 1
2.422606 11.134486 3.705312 1
3.885293 2.826239 14.555632 1
8.811988 3.943937 6.867820 1
5.919417 9.626046 17.585254 1
0.902972 10.594588 3.743380 1
1.540031 4.070867 16.340205 6
6.449202 2.736499 4.998912 6
8.358712 10.664703 15.725982 6
3.412349 9.460097 5.635722 6
1.349604 4.278145 17.406894 1
6.225047 2.633004 4.110039 1
8.443772 10.968143 14.815450 1
3.568940 9.279165 6.697106 1
0.851055 3.403549 16.103129 1
5.765545 3.412671 5.293767 1
8.982818 10.177382 16.001628 1
4.061966 10.173819 5.491452 1
1.458864 4.823764 15.885183 1
6.341382 2.028817 5.505360 1
8.597279 11.646012 16.257888 1
3.525324 8.624793 5.171395 1
2.493053 1.208239 16.975424 6
7.314523 5.633861 4.445708 6
7.549082 7.888967 15.086314 6
2.485453 12.270483 6.204195 6
2.325753 12.501568 18.066353 6
7.325155 7.910762 3.344873 6
7.545636 5.747599 14.036072 6
2.564929 1.013598 7.313406 6
1.025819 12.447680 18.577151 6
5.768029 7.702525 2.962291 6
8.874261 5.794955 13.660792 6
4.051234 0.995489 7.793403 6
0.858474 13.111760 19.452093 1
5.780636 7.140885 2.098430 1
8.973093 6.227371 12.762432 1
4.052786 0.438299 8.580963 1
0.484893 11.709303 18.645531 1
5.457139 8.545211 2.812453 1
9.355282 4.920906 13.398750 1
4.341313 1.891183 7.924766 1
0.309035 13.066555 17.869443 1
5.328970 7.208317 3.536459 1
9.583871 6.323169 14.115433 1
4.496576 0.527694 7.147809 1
2.298070 11.690585 16.640966 6
7.312573 8.474066 4.627876 6
7.512024 4.912217 15.395080 6
2.469252 1.738691 6.095677 6
1.651777 12.121191 16.060009 1
6.714226 8.177845 5.335711 1
8.160471 5.274284 15.897409 1
3.250232 1.546310 5.334284 1
2.267495 10.827338 16.945231 1
7.071562 9.534047 4.561895 1
7.688218 3.999314 15.250349 1
2.704800 2.827495 6.173255 1
3.226305 11.732352 16.355054 1
8.217404 8.503510 5.122078 1
6.705010 5.143644 15.834726 1
1.712573 1.627189 5.651308 1
3.173672 11.789516 19.077059 6
8.082522 8.411913 2.303622 6
6.536367 4.983839 13.066015 6
1.732909 1.738749 8.328175 6
4.041169 11.762387 18.621713 1
9.144478 8.465933 2.699613 1
5.775446 4.975564 13.368852 1
0.730304 1.638856 7.995185 1
2.974144 10.824867 19.307572 1
7.800384 9.338710 2.288762 1
7.019822 4.186559 12.967138 1
2.017138 2.560260 8.487665 1
3.197035 12.379480 19.727499 1
8.073545 7.912315 1.606040 1
6.587972 5.529395 12.340943 1
1.709565 1.192296 9.220470 1
4.583278 2.846026 0.677699 7
9.587856 3.767691 20.756676 7
5.277322 9.616555 9.951837 7
0.276205 10.516034 11.447785 7
5.470112 3.175736 0.684549 1
0.532028 3.619075 20.693153 1
4.337926 9.891859 9.968289 1
9.227899 10.329393 11.353088 1
4.162054 1.953699 1.698768 6
9.144488 4.860054 19.887002 6
5.730566 8.532580 9.014425 6
0.703871 11.570961 12.408206 6
4.473823 2.018261 2.548681 1
9.441401 4.671694 18.799510 1
5.377565 8.892944 8.094821 1
0.485637 11.424859 13.303171 1
3.136750 1.824556 1.625630 1
8.067454 4.978715 19.753311 1
6.622587 8.530707 9.209140 1
1.687023 11.666512 12.286463 1
4.674197 0.536953 1.344818 6
9.575303 6.264689 20.053967 6
5.075972 7.256022 9.317662 6
0.115586 13.010836 11.980211 6
4.551312 0.257590 0.295605 1
9.439128 6.420642 21.043541 1
5.326872 7.107410 10.250711 1
0.432660 13.214406 11.068844 1
5.614622 0.602083 1.402455 1
0.722147 6.281168 19.967420 1
4.188631 7.295187 9.368700 1
9.088092 12.879923 12.128145 1
4.219032 13.084382 2.104292 6
9.159829 7.302077 19.203711 6
5.651878 6.234523 8.548094 6
0.662520 0.457500 12.879782 6
3.282278 12.846148 1.972772 1
8.282547 7.435959 19.501553 1
6.580200 5.987223 8.789210 1
1.604764 0.637377 12.564685 1
4.312301 13.195057 3.076200 1
9.224339 7.046053 18.333395 1
5.640247 6.425537 7.594540 1
0.589086 0.240383 13.825183 1
5.033400 11.695122 1.951460 6
0.175529 8.563637 19.430930 6
4.826747 5.017486 8.687661 6
9.838164 1.817348 12.622075 6
4.518560 10.967532 1.888612 1
9.417770 9.157528 19.592705 1
5.369428 4.329044 8.802857 1
0.523349 2.593754 12.456875 1
5.497362 11.695141 2.722907 1
0.568854 8.706460 18.695359 1
4.390231 4.886612 7.989709 1
9.339735 1.828769 13.385079 1
5.525232 11.853270 1.235277 1
0.601362 8.450031 20.200771 1
4.236172 5.149712 9.586449 1
9.232132 1.680624 11.933651 1
4.596739 2.827518 0.688213 7
9.510049 4.097470 20.726458 7
5.244180 9.571974 9.983009 7
0.443457 10.820240 11.277320 7
5.497839 2.644419 0.473850 1
0.451374 4.050261 20.931758 1
4.413986 9.556648 10.255314 1
9.410385 10.862325 11.221995 1
4.038626 1.950031 1.814839 6
8.999384 4.735467 19.596635 6
5.739135 8.684822 8.927644 6
0.840054 11.623106 12.582339 6
4.316732 2.558470 2.661746 1
9.097980 4.243194 18.861499 1
5.669813 9.341480 8.121632 1
0.639085 10.944772 13.354229 1
3.266859 1.794472 1.710508 1
8.150858 5.064532 19.750508 1
6.620510 8.535997 8.917446 1
1.769898 11.663320 12.375377 1
4.762463 0.755363 2.012757 6
9.763585 6.120826 19.322793 6
4.990413 7.543155 8.614395 6
0.005146 12.690088 12.779563 6
5.778021 0.853869 1.989632 1
0.782585 5.824313 19.393468 1
4.108305 7.695450 8.645691 1
8.909195 12.561197 12.708445 1
4.529226 0.310734 2.931452 1
9.611826 6.425794 18.502327 1
5.198817 7.039476 7.723943 1
0.351682 13.226479 13.581511 1
4.580214 13.258054 1.157749 6
9.621448 7.021207 20.435407 6
5.218802 6.491176 9.592022 6
0.280247 0.299577 11.707416 6
4.832369 0.134217 0.201459 1
9.784854 6.703501 21.192182 1
5.075191 6.810442 10.582758 1
0.104010 13.444017 10.981181 1
3.811039 12.888463 1.146408 1
8.580287 7.390588 20.270080 1
6.184170 6.205224 9.521455 1
1.210260 0.675034 11.782971 1
5.542979 12.054512 1.178460 6
0.615049 8.190129 20.163488 6
4.387305 5.279725 9.429960 6
9.240536 1.543629 11.980630 6
5.961333 11.928444 0.401547 1
1.118493 8.310005 21.100657 1
3.824903 5.136336 10.205881 1
8.730076 1.633012 11.062151 1
4.875147 11.263178 1.428986 1
0.054911 9.024711 20.055221 1
4.812238 4.584439 9.267587 1
9.804279 2.274472 12.008285 1
6.192044 12.228223 1.956394 1
1.125973 8.051891 19.555075 1
3.795834 5.347387 8.834763 1
8.718677 1.419996 12.638728 1
4.591814 2.667922 0.429585 7
9.493455 4.188899 20.904760 7
5.300029 9.331763 10.211730 7
0.433715 10.794097 11.283165 7
5.395225 2.689090 0.440212 1
0.440114 4.242905 20.993674 1
4.496969 9.301918 10.336708 1
9.390795 10.818867 11.225389 1
3.766877 1.815196 1.412672 6
8.771490 5.071329 19.927395 6
6.054081 8.500577 9.321313 6
1.127484 11.672059 12.044647 6
4.046316 1.892967 2.232379 1
8.861624 4.842589 19.182301 1
5.949345 8.734279 8.442786 1
0.913736 11.535815 13.044887 1
2.742131 2.064340 1.169924 1
7.734741 4.733801 20.176684 1
7.024678 8.792177 9.499904 1
2.032096 11.595074 11.971926 1
3.888912 0.323823 1.250234 6
8.823501 6.383639 20.145844 6
6.074799 7.100851 9.547757 6
1.053825 13.094070 11.951224 6
4.345962 0.150683 0.403250 1
9.268599 6.620885 21.040260 1
5.673847 6.913945 10.394686 1
0.667135 13.298254 11.024855 1
2.837500 0.073908 1.212724 1
7.777428 6.747696 20.170728 1
6.853360 6.670053 9.494452 1
1.941054 0.058588 11.851898 1
4.505132 13.039951 2.150754 6
9.364696 7.222654 19.157709 6
5.284678 6.163982 8.528144 6
0.494239 0.560322 12.954749 6
3.998587 12.905936 3.004625 1
8.865205 7.452501 18.362126 1
5.906049 6.101855 7.661651 1
1.078090 0.681783 13.599630 1
5.392135 13.404898 2.553090 1
0.405745 6.827471 18.864033 1
4.491906 6.676931 8.107500 1
9.462270 0.000771 13.174411 1
4.897813 11.639797 1.706414 6
9.836743 8.507471 19.706351 6
5.092622 4.909342 9.096468 6
0.147481 1.779373 12.284348 6
5.069858 11.107950 2.299487 1
0.065803 9.192340 18.937709 1
4.895285 4.318430 8.339021 1
0.030345 2.465357 13.090712 1
5.730638 11.690245 1.053714 1
0.775728 8.572778 20.256268 1
4.261697 5.065716 9.588327 1
9.116519 1.641379 11.785445 1
4.179576 11.345861 1.224050 1
9.014648 8.813654 20.239496 1
5.648157 4.660538 9.484791 1
0.730283 2.119651 11.832269 1
