1.559999 5.610612 15.978739 8
4.935197 10.450301 0.187311 8
5.096704 0.115268 8.327891 8
1.714890 5.161598 7.939022 8
2.481944 5.654213 1.797510 8
5.781774 10.356081 14.489735 8
4.124716 0.201056 6.210512 8
0.746846 5.171458 9.828812 8
5.191068 4.646047 15.161386 8
1.878171 0.863008 0.995774 8
1.552829 9.885369 9.275304 8
4.757200 6.198479 7.103261 8
5.547459 5.940735 0.640387 8
2.228915 10.237908 15.452217 8
1.134676 0.577514 7.509220 8
4.361052 4.918553 8.834793 8
0.906736 4.039710 1.287669 7
4.196590 1.402938 14.949069 7
5.727068 9.360854 6.764286 7
2.299928 6.654261 9.484716 7
6.305727 3.522378 0.836605 6
2.856201 1.719301 15.454802 6
0.388183 8.997656 7.342798 6
3.588743 7.185316 8.908377 6
6.269776 2.805132 0.156933 1
3.075238 2.618391 16.023918 1
0.207812 8.167945 8.017647 1
3.633307 7.963944 8.269879 1
5.528973 3.115618 2.018535 6
2.212645 2.222354 14.269838 6
1.067664 8.431386 6.159426 6
4.489533 7.609201 10.215351 6
4.923353 3.888288 2.447126 1
1.734057 1.375675 13.929807 1
1.701744 9.351211 5.727324 1
5.052779 6.789727 10.555901 1
4.939763 2.517744 1.926153 1
1.544793 2.880510 14.394064 1
1.800877 7.890367 6.251186 1
5.119503 8.182116 9.895113 1
6.555956 2.687267 2.992956 6
3.166507 2.627960 13.189079 6
0.076650 8.024485 4.953761 6
3.433330 7.915064 11.182707 6
0.059521 1.815191 3.053033 1
3.410892 3.624065 13.268917 1
6.585415 7.172635 5.168800 1
3.328051 8.980135 11.137207 1
6.323284 3.244486 4.507787 6
3.007821 2.181939 11.614636 6
0.315027 8.602803 3.592717 6
3.610844 7.604884 12.742613 6
5.498872 3.672911 4.612762 1
2.166850 1.813823 11.605082 1
1.239631 8.907056 3.401516 1
4.432835 7.052023 12.788216 1
6.314166 2.354363 5.194656 1
2.896394 2.915815 11.148209 1
0.254259 7.782796 2.963722 1
3.729287 8.403015 13.276600 1
0.866707 4.105037 4.851459 6
4.104723 1.177208 11.223096 6
5.758041 9.523129 3.269719 6
2.381539 6.567447 12.949774 6
0.626740 4.807437 5.620332 1
3.883889 0.544764 10.718640 1
5.986315 10.028898 2.483187 1
2.691893 6.000573 13.767236 1
1.593071 3.639878 5.175455 1
4.895620 1.649221 10.919546 1
4.990913 8.860775 2.763503 1
1.635800 7.020628 13.326673 1
1.205131 4.764015 3.657080 6
4.434102 0.560103 12.656446 6
5.559470 10.007717 4.566442 6
2.176232 5.937419 11.672367 6
0.412301 5.391556 3.339267 1
3.705667 0.033060 12.819909 1
6.145671 10.645766 4.775091 1
2.869791 5.444615 11.444840 1
1.204582 3.536665 2.665254 6
4.480918 1.755263 13.611337 6
5.536820 8.865987 5.458718 6
2.170557 7.128591 10.875490 6
2.013287 2.944622 2.724662 1
5.220748 2.429795 13.383423 1
4.660919 8.324148 5.440983 1
1.445788 7.761261 10.963456 1
1.718777 4.969554 0.789599 6
5.055400 0.365633 15.349144 6
4.887060 10.355877 7.131907 6
1.663866 5.610626 8.920696 6
2.329931 5.539542 3.267953 6
5.665769 10.578319 13.016262 6
4.309935 0.194052 4.923628 6
0.835053 5.304637 11.265338 6
3.248611 5.911738 3.902370 6
0.115040 10.084103 12.267873 6
3.284840 0.573470 4.236758 6
6.567640 4.777692 12.036246 6
4.101049 6.294516 3.634521 1
0.754843 9.670817 12.753246 1
2.466698 0.977470 4.574868 1
5.822834 4.267808 11.728184 1
3.183749 5.908642 4.791075 1
6.601331 10.098212 11.387455 1
3.360853 0.510063 3.266128 1
6.568584 4.892999 12.979745 1
5.503147 4.700533 0.099320 6
2.247317 0.663217 16.119833 6
1.023524 9.997747 8.035944 6
4.279569 5.999333 8.029318 6
4.895959 6.973242 0.086307 6
1.637115 9.156505 16.119828 6
1.650007 1.641631 8.082639 6
4.880003 3.808854 8.179636 6
5.449508 7.064984 15.394026 1
2.282884 8.792149 0.817859 1
1.151445 1.778345 8.910940 1
4.380358 3.627350 7.256543 1
5.063962 7.818257 0.596003 1
1.753840 8.240177 15.703697 1
1.553798 2.443576 7.586807 1
4.885763 3.023005 8.765182 1
4.021926 6.756553 16.008276 1
0.719833 9.271390 0.291830 1
2.570279 1.444922 8.399084 1
5.825405 3.995050 7.903432 1
