2.231696 12.737488 2.015684 6
1.794340 0.164946 8.907757 6
5.637019 6.314888 4.943870 6
6.087429 6.573378 11.866915 6
2.137899 12.765275 3.240458 8
1.809463 0.097571 10.107322 8
5.572754 6.378561 3.719237 8
6.068710 6.388683 10.676953 8
1.335965 0.588902 1.170238 7
2.700451 12.343802 8.057177 7
6.473349 7.030367 5.695042 7
5.278180 5.771170 12.524495 7
3.174804 11.963895 1.199189 6
0.795954 0.828859 8.037259 6
4.592731 5.602559 5.729436 6
7.061688 7.359463 12.595999 6
4.161427 11.159303 1.780230 6
7.533825 1.762150 8.700198 6
3.710444 4.673076 5.053054 6
0.245654 8.183993 11.840413 6
4.088727 11.202115 2.807375 1
7.649724 1.757810 9.798316 1
3.851409 4.741973 4.070627 1
0.212465 8.222371 10.990355 1
4.968072 10.539388 1.167216 6
6.703760 2.463697 8.126369 6
2.664758 3.959094 5.691493 6
1.158846 8.893613 12.527854 6
5.792195 9.888645 1.679419 1
6.070258 3.046562 8.548765 1
2.052187 3.473091 5.312966 1
1.890430 9.322789 12.039168 1
5.093152 10.616671 13.468113 6
6.703784 2.273542 6.650981 6
2.643223 4.183996 7.113271 6
1.208754 8.845944 0.162044 6
5.839592 10.051732 13.094263 1
5.901294 2.835579 6.070067 1
2.075056 3.601116 7.541398 1
1.842687 9.125136 0.642301 1
4.136273 11.427164 12.938612 6
7.615652 1.527048 6.015842 6
3.564869 4.916517 7.720458 6
0.362239 7.910641 0.837976 6
4.207505 11.332011 11.845610 1
7.547500 1.546900 4.921040 1
3.712824 4.954277 8.774160 1
0.175828 7.978984 1.926630 1
3.182424 12.152153 13.567905 6
0.607072 0.825157 6.709472 6
4.504089 5.567017 7.040432 6
7.084159 7.329897 0.175955 6
2.487714 0.234634 12.840270 7
1.482193 12.712079 5.937883 7
5.383787 6.619658 7.806015 7
6.417019 6.329235 0.933903 7
2.720541 0.665556 12.198404 1
1.254298 12.241908 5.308831 1
5.134185 7.084601 8.429544 1
6.616606 5.920677 1.594955 1
1.152594 0.575478 13.519202 6
2.835981 12.355321 6.484582 6
6.747512 6.849533 7.263246 6
5.054094 5.950250 0.388192 6
0.799780 1.308365 13.052083 1
3.187835 11.523464 6.131796 1
7.049045 7.813331 7.599954 1
4.683299 5.048006 0.638869 1
0.166066 12.382580 13.026104 6
3.756132 0.485945 6.165896 6
7.669136 5.972270 7.546263 6
4.037940 6.978688 0.721387 6
0.209546 11.431711 13.564635 1
3.653402 1.363852 6.709338 1
7.511818 5.083904 7.067461 1
4.103956 7.808314 0.131354 1
0.143123 12.252219 12.133995 1
3.952258 0.623354 5.244717 1
7.712184 5.751562 8.421834 1
4.011437 7.075456 1.615744 1
7.044768 12.561863 13.379403 1
4.818272 0.255936 6.435691 1
0.723611 6.123256 7.260072 1
3.032106 6.688826 0.270163 1
2.295079 12.676189 13.003408 7
1.711047 0.289052 6.019249 7
5.577103 6.207108 7.651319 7
6.092658 6.614182 0.845636 7
2.277474 12.833501 12.043473 1
1.639840 0.021077 5.177327 1
5.456045 6.413272 8.538834 1
6.165776 6.394631 1.634413 1
1.044906 12.853377 13.679916 6
3.044510 0.083493 6.736682 6
6.767535 6.228035 6.947687 6
4.807132 6.478596 0.044691 6
0.593979 11.831192 0.111721 1
3.287042 1.120905 6.921571 1
7.331696 5.421487 6.759010 1
4.462692 7.401326 13.646067 1
0.006375 0.639355 12.912900 6
3.979524 12.118130 6.008676 6
0.009439 7.179765 7.779451 6
3.873648 5.677516 0.852996 6
7.042269 0.771676 13.355825 1
4.749799 12.228281 6.423594 1
0.823268 7.117936 7.346767 1
2.983926 5.680909 0.388197 1
7.660008 0.358071 11.924749 1
4.026254 12.510833 5.133058 1
0.022731 6.839389 8.601954 1
3.851211 6.102452 1.794945 1
0.326939 1.682767 12.819156 1
3.588502 11.262631 5.918795 1
7.439264 8.155464 7.824188 1
4.245752 4.891702 0.966251 1
0.241559 1.372041 1.874498 6
3.774368 11.596725 8.820391 6
7.575400 7.701709 5.079047 6
4.196630 5.217244 11.900200 6
0.421932 2.601507 2.002196 6
3.643833 10.114983 8.899089 6
7.502749 9.098920 4.719086 6
4.224670 3.659054 11.655946 6
7.162781 3.469394 2.613383 6
4.620921 9.581938 9.631955 6
0.747869 9.778383 4.227386 6
3.220873 2.989841 11.166740 6
7.130640 4.280737 2.897015 1
4.550009 8.603334 9.706830 1
0.597201 10.681806 4.078505 1
3.290213 2.283276 10.881335 1
5.981153 2.735675 3.051486 6
5.700722 10.105709 9.953460 6
1.915915 9.167744 3.833426 6
2.014523 3.736383 10.780406 6
5.232236 3.305944 3.407232 1
6.546828 9.592668 10.282132 1
2.594057 9.733467 3.550864 1
1.316690 3.232098 10.416246 1
5.879005 1.337848 2.806873 6
5.877547 11.528477 9.653530 6
1.954080 7.875963 4.103498 6
1.851373 5.096875 11.028794 6
5.043366 0.848412 2.868328 1
6.707774 11.886270 9.741099 1
2.704863 7.319695 3.877878 1
1.220571 5.500837 10.856598 1
6.947315 0.674954 2.203304 6
4.828076 12.239473 9.088065 6
0.873540 7.173161 4.620604 6
2.908497 5.749495 11.642125 6
6.909334 12.595174 2.063202 1
4.986573 0.300599 8.967730 1
1.077615 6.087917 4.925167 1
2.928255 6.684133 11.673307 1
1.597008 3.480808 1.804182 6
2.235558 9.386376 8.497649 6
6.314371 9.923207 5.187055 6
5.456269 3.042652 12.043525 6
1.600321 4.623955 1.998412 9
2.434923 8.080888 9.000060 9
6.215013 11.246750 4.707040 9
5.537674 1.697318 11.692287 9
2.711382 2.879593 2.257950 9
1.164936 10.061569 9.234970 9
5.187377 9.415710 4.690405 9
6.698967 3.604622 11.452063 9
1.839671 3.412006 0.381358 9
2.100225 9.432869 7.187696 9
5.954569 9.927595 6.533636 9
5.653957 3.070120 13.298095 9
