6.977275 2.496984 9.034385 6
10.059794 7.458974 15.630579 6
4.406242 7.508189 7.441809 6
1.140819 2.505398 0.798805 6
6.387609 1.443251 9.677334 6
10.610929 6.534658 14.942941 6
4.969872 8.305593 6.714200 6
0.772023 3.464044 1.501385 6
5.658801 0.589262 10.351104 6
11.220954 5.508999 14.211335 6
5.662466 9.453292 5.998825 6
0.098546 4.433197 2.163782 6
5.117993 9.584076 10.880089 6
-0.983389 4.651197 13.550043 6
6.284865 0.272336 5.511645 6
12.387753 5.241411 2.824656 6
4.166202 8.703982 11.423363 6
0.028921 3.886636 13.197414 6
7.182003 1.189218 4.845819 6
11.415715 6.239893 3.305900 6
4.432889 7.978805 12.577252 6
-0.241080 2.957792 11.974304 6
7.030420 2.098730 3.838794 6
11.537366 7.012880 4.279438 6
3.383512 7.153763 13.022382 6
0.678034 2.175171 11.583883 6
8.090084 2.813356 3.364406 6
10.647491 7.745896 4.867028 6
2.222751 7.014258 12.301739 6
1.913658 1.989258 12.325377 6
9.148537 2.877001 4.024273 6
9.360483 7.884400 4.240320 6
1.821508 7.714047 11.304866 6
2.266135 2.743973 13.313334 6
9.555528 2.164667 5.164477 6
9.164000 7.172741 3.057622 6
2.861176 8.609380 10.762414 6
1.170516 3.721666 13.883142 6
8.584199 1.338614 5.576440 6
10.150972 6.318261 2.536425 6
2.549610 9.428843 9.662493 6
1.509258 4.502221 14.833292 6
8.841953 0.428754 6.734282 6
9.983048 5.287697 1.478113 6
2.468874 0.406638 8.725796 6
1.647979 5.221088 15.842950 6
8.861604 9.656995 7.591779 6
9.633087 4.559858 0.447923 6
2.155618 1.154667 7.619944 6
3.442245 6.070723 0.562728 6
9.157707 8.850429 8.774506 6
7.801679 3.757989 15.792084 6
0.935856 1.219554 6.804498 6
4.864345 6.188788 1.541292 6
10.556967 8.723444 9.567240 6
6.590155 3.744196 14.936499 6
-0.191549 1.645827 7.413319 6
6.021480 6.697270 0.793827 6
11.731744 8.148364 9.000377 6
5.488186 3.329064 15.701918 6
-0.675602 3.051998 7.217629 6
6.239593 8.065913 0.863949 6
12.033800 7.024161 9.096757 6
5.084228 1.955471 15.604765 6
0.113590 3.906491 6.496402 6
5.739405 8.800901 1.788466 6
11.400405 6.097435 10.029603 6
5.739048 1.013403 14.537480 6
1.177065 3.636620 5.795729 6
4.534005 8.574405 2.453697 6
10.360776 6.341299 10.609202 6
6.737464 1.326416 13.885930 6
1.703360 2.270896 5.791414 6
3.892938 7.236051 2.303801 6
9.598326 7.726895 10.646513 6
7.322451 2.817736 14.097422 6
0.643201 0.002779 5.926655 6
5.066596 4.917836 2.372813 6
10.582712 0.127664 10.562934 6
6.295068 5.010346 14.069664 6
1.719429 0.048291 4.841503 6
3.787157 5.072729 3.409803 6
9.521723 9.887775 11.478473 6
7.566323 4.967891 13.060360 6
1.917722 1.442114 4.410840 6
3.681990 6.427035 3.717840 6
9.367401 8.355178 11.807923 6
7.709670 3.375421 12.765937 6
2.767960 2.016169 6.889981 6
2.924874 7.010274 1.397449 6
8.629263 7.805993 9.447482 6
8.566367 2.928543 15.101352 6
4.089640 2.586585 6.857272 6
1.532828 7.619824 1.282364 6
7.354225 7.294368 9.514320 6
9.707417 2.376203 15.183838 6
5.225660 3.262214 6.901947 6
0.550092 8.179724 1.147380 6
6.203304 6.773566 9.414018 6
10.855764 1.793931 15.137577 6
6.458441 3.839775 7.216533 6
12.217249 8.873502 1.106997 6
4.971396 6.113312 9.352623 6
-0.855461 1.145116 15.412930 6
6.896039 4.832505 6.268279 6
11.881734 9.854108 1.892964 6
4.587120 5.179341 10.035655 6
-0.373961 0.117969 14.547231 6
8.025409 5.430766 6.464265 6
10.686081 0.469072 1.780492 6
3.353544 4.528119 9.965842 6
0.723222 9.394602 14.630388 6
8.875518 5.155959 7.475427 6
9.702288 0.014439 0.816235 6
2.488878 4.841413 8.903155 6
1.584506 9.844260 15.677062 6
8.487244 4.018594 8.169493 6
8.489589 9.064059 16.290236 6
2.763121 5.922975 8.147356 6
2.980220 0.928994 0.038666 6
7.342037 3.425082 8.139334 6
11.251340 8.439379 0.070264 6
4.059216 6.456321 8.313434 6
0.067669 1.528337 16.355492 6
5.226600 7.928156 13.029711 1
-1.081450 2.966278 11.561685 1
6.271040 1.857947 3.379058 1
12.474636 6.953379 4.910875 1
3.581037 6.604626 13.763875 1
0.523395 1.531318 10.861319 1
7.919272 3.453812 2.611656 1
10.859697 8.487092 5.530898 1
1.551664 6.428744 12.732020 1
2.571794 1.344463 11.881127 1
9.914997 3.596347 3.787986 1
8.733912 8.571598 4.409432 1
1.041051 7.644651 10.891251 1
3.111272 2.704585 13.856411 1
10.360914 2.289811 5.656388 1
8.278669 7.183941 2.631969 1
-0.762781 1.219668 8.034617 1
6.402049 6.018844 0.222579 1
-0.712366 8.766802 8.468672 1
4.932066 3.884816 16.220967 1
11.598761 3.409714 7.821626 1
7.113919 8.214922 0.301215 1
-0.165109 6.586454 8.566296 1
4.217835 1.671061 16.013547 1
-0.328698 4.878703 6.337826 1
6.069031 9.842424 1.779479 1
11.689729 5.050526 9.988415 1
5.310143 0.188249 14.536547 1
1.418034 4.307357 5.152709 1
4.169393 9.143822 2.980347 1
9.928465 5.742184 11.275784 1
7.131234 0.811316 13.398345 1
0.687164 9.005871 6.297125 1
4.902899 4.068213 1.751886 1
10.700810 0.941356 9.986257 1
6.484491 5.927511 14.642304 1
-0.140054 9.838913 5.415112 1
5.836972 4.983248 2.785434 1
11.482467 0.066052 10.996962 1
5.468461 4.922965 13.667911 1
2.699703 9.530521 5.162827 1
3.011087 4.672836 3.104332 1
8.768089 0.295610 11.152229 1
8.280129 5.254868 13.375156 1
1.502526 9.535604 4.043814 1
4.187546 4.576616 4.234719 1
9.775839 0.408830 12.450307 1
7.273258 5.499485 12.101696 1
1.336119 1.869185 3.901464 1
4.343162 6.722061 4.400725 1
10.000063 8.081166 12.546278 1
6.898789 3.156933 12.051602 1
2.837056 1.620258 4.251686 1
2.755540 6.683888 3.979919 1
8.405166 8.194679 12.273918 1
8.559657 3.262101 12.436276 1
6.230749 5.148587 5.500676 1
12.357147 0.180441 2.660666 1
5.184540 4.835173 10.892053 1
-1.025093 9.686842 13.722545 1
8.326204 6.114090 5.887005 1
10.261308 1.257512 2.448122 1
3.046896 3.854471 10.577444 1
1.110090 8.734941 13.939657 1
9.813804 5.473385 7.405573 1
8.829440 0.504499 0.788165 1
1.588735 4.511865 8.897068 1
2.456632 9.479135 15.692478 1
9.180898 3.763033 8.963959 1
7.820955 8.683661 15.588156 1
2.234366 6.171246 7.516494 1
3.551950 1.212295 0.767303 1
