3.948560 4.433909 4.948647 15
12.808859 4.415249 9.290377 15
3.843113 2.911474 18.994535 15
5.233324 11.542974 4.816989 15
14.125045 10.132258 23.516941 15
5.126049 10.013286 19.139493 15
14.161907 11.673973 9.311207 15
12.917246 2.887433 23.395201 15
4.179687 0.024285 27.712887 15
13.258141 14.426436 14.866650 15
4.138974 7.314349 13.516888 15
4.832024 7.255948 27.760740 15
13.856867 14.370535 0.721758 15
4.861719 0.039792 13.436337 15
13.896041 7.202202 14.824780 15
13.095660 7.186730 0.604863 15
4.215133 6.311916 4.685839 5
13.064156 6.219049 9.622088 5
4.041757 0.988127 18.901509 5
4.818831 13.499667 4.685726 5
13.976036 8.192234 23.730626 5
4.973407 8.196035 18.855683 5
13.947209 13.455622 9.508325 5
13.069759 0.993795 23.756334 5
3.670588 12.665795 27.581787 5
12.680233 12.523805 15.033495 5
3.645208 9.154641 13.461534 5
5.237223 5.289981 27.554762 5
14.279234 1.787501 0.780083 5
5.203593 1.827509 13.460815 5
14.315649 5.389956 14.932955 5
12.642535 9.129757 0.766365 5
3.565960 3.708494 3.291159 6
12.498826 3.629679 11.005415 6
3.555420 3.605559 17.393005 6
5.420578 10.883286 3.292535 6
14.401334 10.706995 25.062496 6
5.454320 10.700548 17.353500 6
14.471249 10.855098 10.907140 6
12.499490 3.453505 25.054377 6
2.477016 3.889179 2.999719 1
11.477895 3.768298 11.195492 1
2.666800 3.415612 17.158975 1
6.385770 11.040873 3.008277 1
15.523310 10.742191 25.263929 1
6.471605 10.670393 17.235470 1
15.400168 11.089326 11.078767 1
11.631842 3.330271 25.255451 1
4.114577 4.307842 2.570691 1
13.077438 4.196698 11.673609 1
4.003129 2.991050 16.760527 1
5.056348 11.425331 2.530664 1
13.915595 10.245767 25.814570 1
5.028109 10.160720 16.759688 1
13.951535 11.501826 11.612492 1
12.942572 2.916467 25.740762 1
3.743052 2.246459 2.841126 6
12.813271 2.234842 11.242879 6
3.883128 5.016157 17.169179 6
5.080494 9.486647 2.949519 6
14.193033 12.285031 25.447505 6
5.124066 12.146526 17.175013 6
14.247214 9.493513 11.240574 6
12.895537 4.975405 25.551327 6
4.677776 2.054284 3.061770 1
13.797457 1.998296 11.036361 1
4.741918 5.245443 17.378483 1
4.200203 9.338867 3.128405 1
13.146062 12.426678 25.258864 1
4.235332 12.519321 17.292154 1
13.313781 9.326190 11.134799 1
13.681206 5.201892 25.219249 1
3.207104 1.676911 3.560462 1
12.192680 1.552476 10.648740 1
3.337829 5.652838 17.720002 1
5.648080 8.904798 3.428508 1
14.633178 12.868730 24.951476 1
5.740915 12.815011 17.590971 1
14.774776 8.954650 10.828266 1
12.311930 5.625747 24.929400 1
3.659767 1.974385 1.514489 6
12.549509 1.845540 12.660945 6
3.547478 5.335395 15.639427 6
5.346613 9.101836 1.391692 6
14.399356 12.481461 27.042557 6
5.524825 12.468670 15.574693 6
14.450299 9.130902 12.746063 6
12.545573 5.218546 26.850000 6
4.106798 2.552609 0.962742 1
13.203254 2.453148 13.290941 1
4.062551 4.719405 15.127572 1
4.873981 9.850523 0.866862 1
13.922003 11.894370 27.436362 1
4.939196 11.927739 15.115603 1
13.924400 9.824241 13.314515 1
13.173843 4.757254 27.477488 1
2.537431 2.157213 1.206920 1
11.692451 2.137128 12.987154 1
2.695230 5.131804 15.395454 1
6.301843 9.404556 1.219932 1
15.377472 12.400286 27.122433 1
6.305665 12.365863 15.407334 1
15.304010 9.426727 12.857776 1
11.660437 5.036769 27.062802 1
3.957620 0.536897 1.094125 6
12.927467 0.563994 13.047190 6
3.869889 6.835003 15.351172 6
5.075246 7.711803 1.129373 6
14.026081 13.939197 27.224647 6
5.106770 13.915476 15.187698 6
14.041533 7.777813 13.057213 6
12.855442 6.818168 27.259878 6
3.170495 14.341172 1.503487 1
12.104347 14.399893 12.701700 1
3.230918 7.331875 15.554931 1
5.902898 7.205658 1.468814 1
14.803564 0.114208 26.913264 1
5.778903 0.032498 15.697549 1
14.815687 7.240501 12.746142 1
12.178085 7.368174 27.042359 1
4.628994 0.318229 1.528946 1
13.695295 0.331817 12.630727 1
4.665593 7.042107 15.679608 1
4.207975 7.459924 1.474332 1
13.270046 14.181864 26.733684 1
4.268303 14.236424 15.726992 1
13.294078 7.376430 12.523459 1
13.763110 6.900313 26.739592 1
5.324537 3.456128 5.379510 6
14.433928 3.546240 8.770068 6
5.282560 3.714956 19.712629 6
3.601177 10.637783 5.386890 6
12.545712 11.053367 22.955406 6
3.599724 11.014272 19.755665 6
12.691644 10.606037 8.730777 6
14.385024 3.803430 22.838697 6
5.132954 2.534729 5.378378 1
14.202346 2.467761 8.974380 1
5.174171 4.706227 19.506400 1
3.925074 9.766653 5.299245 1
12.935652 11.954896 23.120289 1
3.827334 11.958369 19.554208 1
12.877870 9.839066 8.957100 1
14.114409 4.784498 23.082487 1
6.505069 3.685499 4.480097 6
15.580020 3.661283 9.703435 6
6.653513 3.541817 18.657610 6
2.518841 10.928090 4.500245 6
11.381304 10.722117 23.813550 6
2.369896 10.744849 18.633241 6
11.420526 10.962396 9.728912 6
15.583506 3.547356 23.937001 6
6.182058 3.952266 3.616675 1
15.164884 3.975669 10.507065 1
6.092371 3.240046 17.813586 1
2.838428 11.177234 3.599218 1
11.811334 10.601838 24.796140 1
2.808158 10.457375 17.813177 1
11.877479 11.207239 10.515882 1
15.258811 3.353148 24.665223 1
7.437076 2.477277 4.376584 6
16.347712 2.547841 9.893157 6
7.450278 4.662629 18.541336 6
1.461112 9.724727 4.379850 6
10.530015 12.036600 24.043038 6
1.636782 11.986907 18.529466 6
10.654749 9.706240 9.882115 6
16.358886 4.682073 24.151635 6
6.879736 1.757284 4.091382 1
15.891942 1.692596 10.215041 1
6.817957 5.401187 18.233366 1
2.045713 8.909607 4.020534 1
11.018576 12.687494 24.226324 1
2.185534 12.766982 18.324849 1
11.126651 8.958467 10.044759 1
15.949699 5.488523 24.290060 1
7.935335 2.243162 5.187391 1
16.983944 2.407427 9.116151 1
7.877815 4.830266 19.228512 1
1.058946 9.548751 5.021130 1
10.022012 12.222380 23.347706 1
1.122243 12.103404 19.215603 1
10.072059 9.558935 9.003458 1
16.923988 4.934283 23.337295 1
8.007232 2.729320 3.664738 1
17.111537 2.627388 10.677250 1
7.999880 4.486727 17.826612 1
0.832287 9.994161 3.644199 1
10.020493 11.740558 24.719498 1
0.845375 11.857499 17.871490 1
9.871617 9.833254 10.631378 1
17.097199 4.543945 24.759985 1
7.452099 4.882897 4.932723 6
16.535142 5.034001 9.280732 6
7.508205 2.279189 19.107320 6
1.564203 12.228614 4.857772 6
10.556529 9.426948 23.541615 6
1.586555 9.571843 19.169320 6
10.579760 12.137179 9.218662 6
16.469019 2.304486 23.590485 6
8.121808 5.106945 4.125946 1
16.986229 5.242245 10.114738 1
8.104417 2.010493 18.415610 1
1.025277 12.327032 4.196829 1
9.875133 9.328303 24.260942 1
0.997536 9.393145 18.290266 1
9.967227 12.413924 10.034106 1
16.969574 1.977896 24.226523 1
7.952269 4.771038 5.730112 1
16.980720 4.707468 8.493130 1
7.942130 2.413839 19.894256 1
0.996596 12.054880 5.659163 1
10.124099 9.736622 22.762049 1
0.993799 9.703303 19.957825 1
9.990256 11.871687 8.489864 1
16.918436 2.559034 22.748031 1
6.873242 5.657170 5.077393 1
15.799018 5.633105 9.046021 1
6.942369 1.446314 19.203849 1
2.149425 13.036672 5.134315 1
11.099384 8.770032 23.325068 1
2.219110 8.804848 19.372239 1
11.174333 12.971075 9.160623 1
15.908586 1.571274 23.390931 1
5.555722 3.498430 7.095738 6
14.647427 3.623550 7.199458 6
5.599019 3.687927 21.188600 6
3.373869 10.701806 6.939502 6
12.366729 10.890793 21.287840 6
3.368130 11.014040 21.289753 6
12.411996 10.681066 7.104477 6
14.700359 3.682721 21.283726 6
4.748250 3.156821 7.330541 1
13.773116 3.119181 6.816429 1
4.796112 3.991724 21.536320 1
4.174546 10.479294 7.454895 1
13.239957 11.285887 21.006638 1
4.240011 11.244106 21.483574 1
13.293167 10.462550 6.740502 1
13.763139 3.967327 21.007378 1
6.596054 3.447235 6.857412 1
15.664728 3.490643 7.262676 1
6.513074 3.852342 21.167152 1
2.356117 10.635762 7.008082 1
11.380389 11.000029 21.393248 1
2.381361 11.064572 21.082897 1
11.357989 10.754832 7.363396 1
15.675522 3.724649 21.524161 1
5.636978 4.871065 7.533258 6
14.639145 4.882245 6.664517 6
5.753661 2.371561 21.768180 6
3.352376 12.104430 7.581369 6
12.380225 9.431983 20.771593 6
3.256792 9.606188 21.795866 6
12.206069 12.241994 6.574400 6
14.666374 2.261325 20.750361 6
4.918976 5.375049 7.509237 1
13.938264 5.476933 6.827784 1
4.967874 1.786125 21.715839 1
4.047670 12.644632 7.435106 1
13.212193 9.000846 20.919986 1
4.139846 9.100695 21.570644 1
13.118256 12.628568 6.683266 1
13.883526 1.804468 20.912809 1
6.458078 5.498911 7.222929 1
15.436084 5.447962 7.028239 1
6.438727 1.709520 21.455391 1
2.510679 12.575316 7.198986 1
11.568364 9.026336 21.216532 1
2.516717 8.952188 21.398780 1
11.547197 12.587220 7.064268 1
15.513535 1.862450 21.089109 1
5.946954 4.851249 8.498876 1
14.862371 4.940529 5.598659 1
5.767081 2.269812 22.677890 1
3.216543 12.158147 8.499359 1
12.066519 9.680121 19.759942 1
3.110759 9.598677 22.799171 1
12.194290 12.192413 5.621815 1
14.897988 2.432062 19.735447 1
6.690036 2.509193 7.523012 6
15.691903 2.482956 6.580562 6
6.690447 4.604771 21.688328 6
2.445524 9.801041 7.581839 6
11.419505 11.882777 20.891073 6
2.424423 11.861167 21.687605 6
11.458499 9.719516 6.590664 6
15.639473 4.606121 20.873834 6
6.650803 2.388573 8.475764 1
15.589063 2.480637 5.669629 1
6.564344 4.672173 22.674177 1
2.435124 9.770072 8.547133 1
11.459446 11.983966 19.860663 1
2.520822 12.028672 22.703466 1
11.447983 9.670673 5.675838 1
15.474519 4.691259 19.915406 1
7.538305 2.764829 7.267403 1
16.536544 2.753021 6.801730 1
7.563249 4.476056 21.591549 1
1.393145 10.125497 7.381216 1
10.485582 11.563446 21.147237 1
1.562790 11.626586 21.427194 1
10.554349 10.129802 6.912658 1
16.463654 4.437867 20.979156 1
6.475802 1.733719 7.051611 1
15.405383 1.662713 7.075922 1
6.408049 5.620354 21.396097 1
2.579836 8.882450 7.168398 1
11.498182 12.782860 21.180168 1
2.527001 12.853588 21.320015 1
11.491456 8.913583 7.041919 1
15.434105 5.639699 21.142242 1
5.522804 2.570051 7.820955 6
14.647892 2.681237 6.349433 6
5.611172 4.667259 21.994160 6
3.399629 9.846332 7.817135 6
12.414515 11.868043 20.684118 6
3.523610 11.844536 21.958088 6
12.427459 9.740300 6.343175 6
14.663155 4.679271 20.589249 6
5.965437 1.875810 7.396498 1
15.002756 1.863733 6.770737 1
6.055560 5.347371 21.492160 1
3.090707 9.020832 7.361579 1
12.105163 12.603235 20.980251 1
3.100935 12.623102 21.556292 1
11.924513 8.970507 6.809356 1
15.003452 5.483516 20.959926 1
4.627823 2.449475 8.043612 1
13.582207 2.345672 6.138362 1
4.700585 4.928193 22.196014 1
4.266811 9.701157 7.896276 1
13.259537 12.008380 20.483555 1
4.283492 12.192377 22.111032 1
13.263771 9.567599 6.264740 1
13.556876 4.895864 20.300241 1
6.079309 2.774211 8.576331 1
15.064098 2.866187 5.576135 1
6.115857 4.341809 22.797684 1
2.990809 10.093579 8.547309 1
12.002650 11.706131 19.866986 1
2.883272 11.717228 22.886735 1
12.042055 10.065165 5.550752 1
14.957362 4.440925 19.823398 1
2.503645 3.869986 6.102692 6
11.501991 3.918664 8.072825 6
2.509277 3.375286 20.290335 6
6.493993 11.084771 6.027269 6
15.587159 10.639911 22.406571 6
6.413804 10.595715 20.231880 6
15.544931 11.069966 8.138482 6
11.444415 3.279947 22.239740 6
2.967067 3.980798 6.934961 1
11.823632 4.131659 7.155991 1
2.960855 3.195649 21.209949 1
6.110002 11.387301 6.997538 1
15.183151 10.342746 21.428843 1
6.093842 10.324838 21.175931 1
15.015910 11.296495 7.220382 1
11.936048 3.231852 21.375789 1
2.200520 2.243634 6.074327 6
11.318820 2.240563 8.115987 6
2.254326 4.806123 20.261891 6
6.752074 9.630420 6.033000 6
15.773584 12.046119 22.349927 6
6.813643 12.207700 20.226396 6
15.859931 9.635630 7.971590 6
11.162286 4.865435 22.193253 6
3.002984 1.914580 5.847279 1
12.114305 1.975244 8.226580 1
3.004801 5.382059 20.018477 1
5.877603 9.162123 5.829796 1
14.942684 12.642834 22.414295 1
5.987719 12.610585 20.112657 1
14.898998 9.148660 8.217308 1
12.065582 5.267991 22.419812 1
1.812782 1.831226 7.471504 6
10.921487 2.000698 6.722029 6
1.797027 5.316274 21.777416 6
7.190690 9.084333 7.528250 6
16.122789 12.469529 20.915589 6
7.133388 12.544484 21.853763 6
16.046003 9.078483 6.685054 6
10.825991 5.280478 20.876757 6
1.810411 0.975104 7.675579 1
10.706918 0.926031 6.589011 1
1.642655 6.351810 21.729141 1
7.259107 8.146268 7.532639 1
16.238831 13.539388 20.717775 1
7.268930 13.571162 21.865886 1
16.218055 8.146335 6.539209 1
10.776512 6.331312 20.786910 1
1.181169 2.425707 7.884156 1
10.029849 2.403938 6.259245 1
1.155441 4.830647 22.072238 1
7.943974 9.706836 7.865143 1
16.997648 12.086133 20.445062 1
7.818357 11.991119 22.093786 1
16.830273 9.622556 6.327373 1
10.069999 4.921583 20.596935 1
2.682375 2.101465 8.181192 1
11.605505 2.152904 6.094886 1
2.535637 4.999053 22.409231 1
6.337808 9.370499 8.076660 1
15.338528 12.370930 20.187207 1
6.434621 12.282148 22.389218 1
15.434851 9.453799 6.007646 1
11.563106 5.036535 20.204120 1
1.140296 1.858911 5.163942 6
10.139549 1.848269 9.101539 6
1.114350 5.476711 19.426552 6
7.889842 9.017143 5.111245 6
16.817348 12.558970 23.232086 6
7.796463 12.590121 19.413295 6
16.767360 9.052380 8.950072 6
10.068937 5.439153 23.242282 6
1.038263 0.903355 5.210612 1
10.080906 0.939554 8.975092 1
1.173378 6.454616 19.432015 1
7.965267 8.061392 5.213148 1
16.896048 13.656967 23.190298 1
7.881081 13.526379 19.448737 1
16.937762 8.093363 8.925780 1
10.028352 6.402008 23.145284 1
1.371964 2.081127 4.316260 1
10.323901 2.181668 9.853467 1
1.340045 5.177381 18.429597 1
7.578747 9.442042 4.242210 1
16.637634 12.297105 24.035674 1
7.577995 12.422790 18.463082 1
16.620490 9.379033 9.930309 1
10.346490 5.176532 24.187617 1
0.248788 2.263774 5.490768 1
9.271081 2.119755 8.720535 1
0.250218 5.083485 19.711656 1
8.782947 9.470546 5.382370 1
17.623111 12.276317 23.000686 1
8.715247 12.275375 19.620674 1
17.755911 9.432602 8.798639 1
9.198305 5.095321 23.033553 1
1.114830 4.664642 6.139190 6
10.201020 4.726385 8.115236 6
1.171556 2.544526 20.226595 6
7.886440 11.986946 6.117219 6
16.721678 9.792964 22.338954 6
7.709778 9.836552 20.220951 6
16.835942 11.880132 8.100413 6
10.141061 2.426492 22.331535 6
0.541665 4.177747 6.577525 1
9.481412 4.293816 7.686334 1
0.571562 3.105205 20.691525 1
8.443028 11.424276 6.503304 1
17.504248 10.206935 21.853610 1
8.463595 10.347480 20.841495 1
17.559896 11.416096 7.734993 1
9.616124 3.114700 21.774068 1
0.563393 5.107965 4.581589 6
9.658816 5.097396 9.548048 6
0.671900 2.132521 18.937214 6
8.456334 12.365124 4.685004 6
17.365764 9.392857 23.675579 6
8.374360 9.419015 18.847667 6
17.350580 12.290713 9.431164 6
9.629020 2.213366 23.699817 6
17.669739 5.443370 4.902022 1
8.800375 5.428138 9.427849 1
17.710778 1.755521 19.083464 1
9.189811 12.645425 4.862764 1
0.174865 9.028810 23.662709 1
9.184361 8.998176 18.906867 1
0.184005 12.750282 9.409995 1
8.686995 1.662249 23.662780 1
0.469298 4.114956 4.209870 1
9.415059 4.095470 9.959601 1
0.465683 3.136827 18.439870 1
8.646465 11.374179 4.135945 1
17.620594 10.283620 24.087408 1
8.526214 10.328797 18.354484 1
17.484948 11.418511 9.963384 1
9.421567 3.059066 24.094629 1
1.102463 5.635987 4.218086 1
10.094449 5.644288 10.075639 1
1.158090 1.656949 18.288327 1
7.805545 12.732951 4.130775 1
16.909418 8.825874 24.206985 1
7.808812 8.788304 18.367674 1
16.828260 12.744459 9.943174 1
10.131295 1.660301 24.231628 1
1.302970 5.980842 6.846033 6
10.323480 5.987302 7.301476 6
1.468552 1.203736 21.083208 6
7.699195 13.297075 6.802619 6
16.593209 8.374649 21.633285 6
7.683757 8.378808 20.895906 6
16.533593 13.315620 7.423788 6
10.330241 1.211062 21.524837 6
0.618385 6.564117 6.919922 1
9.545583 6.579087 7.315286 1
0.585244 0.783511 21.132656 1
8.505998 13.771505 6.857718 1
17.489066 7.955004 21.625438 1
8.542210 8.022866 21.117152 1
17.562517 13.739272 7.304650 1
9.586451 0.790569 21.631009 1
2.010940 6.661288 6.326068 1
11.107568 6.705654 7.783628 1
2.100609 0.668757 20.538645 1
6.904710 13.813655 6.371492 1
15.916603 7.822082 21.992685 1
6.898711 7.896683 20.521287 1
15.962065 13.884604 7.935295 1
11.099716 0.695227 22.091836 1
1.693396 5.934029 7.778224 1
10.711901 5.904791 6.507823 1
1.634892 1.334288 21.929583 1
7.250928 13.155991 7.719719 1
16.386672 8.585205 20.710051 1
7.224915 8.565163 21.934876 1
16.374986 13.151748 6.413630 1
10.774969 1.395162 20.710863 1
5.982515 0.518333 27.159726 6
14.954016 0.547810 15.392159 6
5.883633 6.818934 13.062922 6
3.197583 7.687769 27.102273 6
12.055513 14.044688 1.180613 6
3.098873 14.052509 13.106843 6
12.198838 7.679423 15.329099 6
14.975379 6.686703 1.086556 6
5.816388 0.541317 26.150435 1
14.807977 0.537523 16.276632 1
5.935421 6.833847 12.103389 1
3.178945 7.641497 26.272731 1
12.106530 14.004064 2.200449 1
3.096150 13.942884 11.957283 1
12.166714 7.678619 16.445246 1
14.790939 6.743151 2.203894 1
6.981155 13.891965 27.534296 6
16.087797 13.881439 15.064408 6
6.953127 7.726632 13.447739 6
2.066460 6.787897 27.646028 6
10.888653 0.592447 0.904740 6
2.066495 0.484045 13.406079 6
10.989488 6.784970 15.078669 6
16.121334 7.813997 0.920425 6
7.933937 14.385581 27.462468 1
16.911605 14.385769 15.010978 1
7.854469 7.333470 13.315965 1
1.203588 7.180785 27.537450 1
10.226811 0.032661 0.942503 1
1.112204 14.421290 13.202769 1
10.091072 7.331319 15.156105 1
16.888518 7.188168 0.832508 1
7.182869 12.909395 26.550979 6
16.147273 12.845053 16.097715 6
7.183700 8.781842 12.419644 6
1.905375 5.695895 26.480112 6
10.909929 1.700194 1.950059 6
1.807287 1.606976 12.323571 6
10.824530 5.709895 15.961359 6
16.059467 8.844362 1.926254 6
7.814007 12.262949 26.682976 1
16.999874 12.381169 15.935220 1
7.815618 9.345720 12.502320 1
1.021966 5.114128 26.651627 1
10.134612 2.244763 1.708135 1
1.108580 2.101306 12.583053 1
10.177519 4.989679 15.917339 1
17.000686 9.338932 1.673525 1
7.196083 13.284144 25.667206 1
16.214786 13.185874 16.853651 1
7.243443 8.413135 11.524576 1
1.838676 6.013811 25.615535 1
10.856171 1.144591 2.661440 1
1.864505 1.160236 11.417707 1
10.801845 5.979981 16.875706 1
16.215758 8.479931 2.737322 1
6.253186 12.339472 26.632107 1
15.240082 12.324312 15.952044 1
6.377468 9.315850 12.380169 1
2.624876 5.072018 26.613716 1
11.636648 2.150426 1.866045 1
2.720256 2.149619 12.423793 1
11.765713 5.055559 16.006690 1
15.312449 9.433935 1.808215 1
7.041327 13.355164 0.582171 6
16.000197 13.284964 13.558171 6
6.969182 8.277654 14.854594 6
1.987362 6.055162 0.609745 6
10.875534 1.139373 27.729889 6
1.962332 1.038961 14.708230 6
10.955124 6.181011 13.550985 6
16.120664 8.334795 27.864364 6
7.886218 12.856730 0.723483 1
16.906599 12.882862 13.430296 1
7.832011 8.964816 14.936422 1
1.148259 5.538703 0.789442 1
10.218009 1.618120 27.668773 1
1.153561 1.557598 14.982591 1
10.140715 5.612869 13.549172 1
16.797321 8.847907 27.683671 1
6.289625 12.875969 0.665737 1
15.327271 12.816982 13.526806 1
6.152949 8.894963 14.845021 1
2.813675 5.694998 0.787732 1
11.730635 1.589337 27.591282 1
2.783296 1.532629 14.961484 1
11.722297 5.659081 13.556243 1
15.205198 8.948865 27.733857 1
7.078315 14.041471 1.284493 1
16.128149 14.026348 12.966221 1
7.092217 7.573055 15.357380 1
1.973866 6.807406 1.257240 1
10.942925 0.413350 27.197139 1
2.009138 0.462266 15.402118 1
10.999420 6.771979 12.953350 1
16.033491 7.614299 27.123245 1
6.353859 1.894021 27.459546 6
15.243261 1.891857 15.185701 6
6.365640 5.247916 13.281174 6
2.797738 9.191305 27.464745 6
11.639017 12.554932 0.923319 6
2.644462 12.536945 13.237680 6
11.794889 9.163126 15.130022 6
15.190973 5.311437 0.868321 6
5.438502 2.459440 27.499927 1
14.375338 2.540731 15.148106 1
5.401883 4.832280 13.242702 1
3.618004 9.760063 27.493883 1
12.640420 12.046110 0.910253 1
3.576434 12.024619 13.152902 1
12.524464 9.808003 15.183191 1
14.545015 4.819329 0.917248 1
7.278204 2.421003 26.297825 6
16.153712 2.462712 16.138090 6
7.193680 4.808367 12.247897 6
1.823094 9.765181 26.441989 6
10.820708 11.956041 2.009899 6
1.858873 11.998546 12.228328 6
10.828286 9.672074 16.109827 6
16.130590 4.799501 1.930397 6
7.563477 3.379146 26.582997 1
16.409108 3.325754 16.071219 1
7.475331 3.837414 12.411282 1
1.455320 10.535029 26.649879 1
10.486189 11.136947 1.841874 1
1.626520 11.021395 12.273461 1
10.529532 10.617308 15.958903 1
16.531049 3.925672 1.878088 1
6.855068 2.463521 25.466177 1
15.748624 2.342367 17.078983 1
6.686975 4.860511 11.373386 1
2.188516 9.603428 25.481313 1
11.174170 12.028465 2.847667 1
2.158681 12.017871 11.282510 1
11.176184 9.719099 17.071554 1
15.779032 4.882583 2.901882 1
7.938359 1.985614 26.420453 1
16.935962 1.984287 16.144896 1
7.938264 5.328643 12.207471 1
0.944318 9.072497 26.443552 1
9.996300 12.561690 2.063060 1
0.982934 12.481326 12.258866 1
9.935697 9.193957 16.155894 1
16.946275 5.325510 2.057635 1
6.943245 2.243686 0.546537 6
15.889999 2.141655 13.664069 6
6.918037 5.051082 14.638412 6
2.056422 9.515926 0.420852 6
11.119106 12.270338 27.903100 6
2.044140 12.238878 14.596105 6
11.000123 9.398518 13.800081 6
15.926858 5.072538 27.917462 6
6.377478 1.884229 1.079219 1
15.394388 1.953162 13.002802 1
6.278081 5.302511 15.430047 1
2.598358 9.180761 1.093904 1
11.704332 12.690936 27.191364 1
2.614760 12.692994 15.342295 1
11.706249 9.010483 12.952837 1
15.287596 5.466698 27.232572 1
7.012284 3.115703 0.515055 1
16.004032 3.125092 13.638960 1
7.117986 4.064505 14.763135 1
1.981124 10.390589 0.605718 1
10.869652 11.331700 27.702961 1
1.978977 11.209318 14.845104 1
10.974359 10.397592 13.552063 1
16.130219 4.160316 27.731731 1
7.764827 1.723869 0.581760 1
16.817612 1.783050 13.771239 1
7.740990 5.541771 14.634319 1
1.158344 8.956282 0.457419 1
10.237957 12.696169 27.918045 1
1.191534 12.695295 14.650015 1
10.191746 9.033925 13.755201 1
16.853121 5.423270 27.835393 1
3.000846 1.187623 26.788984 6
12.059423 1.156947 15.729181 6
3.038429 6.080224 12.565487 6
6.040038 8.368001 26.665099 6
14.905775 13.337635 1.563632 6
5.958667 13.282833 12.528197 6
14.997748 8.388118 15.841172 6
12.001740 6.039943 1.548957 6
3.220878 2.025381 27.120912 1
12.239955 2.085492 15.471490 1
3.200181 5.129941 13.023957 1
5.756119 9.173430 27.183773 1
14.771745 12.377095 1.135666 1
5.896731 12.351626 12.912916 1
14.788114 9.163082 15.379454 1
12.151415 5.155165 1.256815 1
3.369944 1.343054 25.330043 6
12.446932 1.354856 17.299812 6
3.365296 5.907874 11.109362 6
5.636993 8.477984 25.239189 6
14.651606 13.073821 3.140166 6
5.543645 13.102320 10.987993 6
14.568318 8.502336 17.278917 6
12.518034 5.814774 3.170305 6
4.448554 1.660198 25.263217 1
13.389067 1.632903 17.236618 1
4.400919 5.549075 11.135009 1
4.569788 8.864255 25.324401 1
13.593570 12.798898 3.071170 1
4.710732 12.755507 11.211540 1
13.616679 9.014419 17.233748 1
13.401617 5.529585 2.981578 1
2.724527 2.372080 24.581037 6
11.649747 2.313390 18.078718 6
2.575781 4.844936 10.384918 6
6.466552 9.620187 24.574101 6
15.401832 12.030203 3.865256 6
6.334879 12.050828 10.423857 6
15.446038 9.638134 17.994428 6
11.719087 4.848872 3.896053 6
2.568729 3.107609 25.136181 1
11.486442 3.266828 17.420965 1
2.564830 4.078281 11.030387 1
6.354712 10.363825 25.130481 1
15.447673 11.353072 3.340415 1
6.473840 11.334738 10.959384 1
15.332775 10.508386 17.497414 1
11.606160 4.014210 3.307840 1
1.796500 2.104845 24.344068 1
10.780678 2.121295 18.211452 1
1.763214 5.168744 10.124251 1
7.322925 9.262321 24.500904 1
16.248541 12.347685 3.965896 1
7.361683 12.462966 10.214348 1
16.306065 9.235169 18.264235 1
10.648557 5.139624 3.927387 1
3.073347 2.636900 23.811293 1
11.981496 2.543264 18.830704 1
3.067294 4.671114 9.463446 1
5.856670 9.802989 23.820559 1
14.895252 11.915200 4.623274 1
6.035879 11.863462 9.555143 1
14.885848 9.852070 18.760048 1
12.085152 4.519867 4.651742 1
3.473579 0.006523 24.488421 6
12.505796 0.117095 18.222724 6
3.472470 7.107576 10.173950 6
5.484658 7.354389 24.486372 6
14.457801 14.332061 3.947569 6
5.351020 0.002119 10.273638 6
14.352615 7.264178 18.066769 6
12.609609 7.263226 4.041004 6
4.013027 13.956884 24.911280 1
13.048863 13.769092 17.600792 1
4.106269 7.806895 10.810272 1
5.029285 6.646655 24.857303 1
13.927616 0.589033 3.419267 1
4.967110 0.610590 10.651582 1
14.047637 6.561416 17.736472 1
13.132174 7.839985 3.576467 1
3.947718 0.378183 23.566635 1
12.993168 0.314391 19.070706 1
3.978612 7.006741 9.478499 1
5.028688 7.504808 23.544851 1
13.905401 14.258122 4.791794 1
4.938093 14.152797 9.379842 1
13.984718 7.514270 19.051257 1
13.108545 6.935030 4.756815 1
2.635200 14.262701 24.270072 1
11.574078 14.197657 18.340843 1
2.742855 7.530932 10.082160 1
6.286850 6.897466 24.208269 1
15.259113 0.205290 4.261736 1
6.411804 0.268545 9.998617 1
15.398222 6.981595 18.359765 1
11.698006 7.443358 4.145416 1
1.485545 0.864465 27.191579 6
10.527057 0.811062 15.419599 6
1.516980 6.393668 12.905888 6
7.512532 7.968669 27.024180 6
16.423123 13.641818 1.316870 6
7.438228 13.794066 13.008065 6
16.547557 8.005961 15.390235 6
10.491173 6.391328 1.271633 6
1.467422 0.370024 28.087506 1
10.591751 0.249836 14.580189 1
1.646004 6.960053 13.902173 1
7.410134 7.618964 27.946668 1
16.380958 14.053043 0.447801 1
7.466044 14.176331 13.838915 1
16.457314 7.507082 14.513197 1
10.629021 6.991341 0.322416 1
0.604843 2.024615 27.209608 6
9.690232 1.920640 15.356241 6
0.697589 5.287147 13.143441 6
8.376250 9.213213 27.301682 6
17.421418 12.446710 1.136855 6
8.317959 12.486787 13.123860 6
17.398426 9.272595 15.277900 6
9.652565 5.166179 1.126631 6
1.139602 2.577364 27.905708 1
10.040107 2.514629 14.744691 1
1.121105 4.697746 13.757683 1
7.999762 9.757427 27.851046 1
16.973561 11.871171 0.477215 1
8.057728 11.855063 13.779410 1
16.968368 9.779712 14.746792 1
9.960410 4.561489 0.427808 1
17.674225 1.764030 27.547247 1
8.808344 1.681261 15.085172 1
17.698478 5.404992 13.376799 1
9.139712 8.966991 27.573411 1
0.258421 12.716152 0.748183 1
9.234562 12.834447 13.451053 1
0.312481 9.053488 15.012435 1
8.727456 5.471717 0.881143 1
0.605927 2.544161 26.367152 1
9.645867 2.430829 16.158628 1
0.636310 4.757174 12.292488 1
8.473129 9.764510 26.416528 1
17.461595 12.080016 1.942194 1
8.415704 12.083863 12.255672 1
17.329216 9.759980 16.173078 1
9.614027 4.835751 1.968846 1
0.956024 14.231053 26.157229 6
9.860811 14.232857 16.406408 6
0.836975 7.434107 12.011020 6
8.187213 6.896817 26.253885 6
17.126902 0.228549 2.136334 6
8.049158 0.185131 12.039323 6
17.178728 6.900765 16.325354 6
9.830247 7.522104 2.313063 6
0.005068 13.905248 26.611608 1
9.068110 14.039255 15.956544 1
17.917012 7.743194 12.296117 1
9.096823 6.842903 26.448348 1
0.033043 0.400391 1.764206 1
9.052002 0.589110 12.299298 1
17.977114 6.756127 16.032887 1
9.032482 7.723978 1.870911 1
1.340495 13.400089 26.100489 1
10.330710 13.443690 16.543839 1
1.358383 8.354738 11.918256 1
7.589626 6.149555 26.133822 1
16.680381 1.047413 2.357795 1
7.510827 1.013402 11.804818 1
16.615350 6.189032 16.540170 1
10.361944 8.214416 2.367341 1
0.835465 0.122664 25.364412 1
9.768190 0.090974 17.364543 1
0.682158 7.168301 11.143066 1
8.244488 7.419504 25.370153 1
17.213326 14.357303 3.098845 1
8.205337 14.311181 11.188579 1
17.190209 7.362580 17.183367 1
9.665447 7.068178 3.029375 1
4.278007 7.112750 5.901269 1
13.287378 7.113425 8.468992 1
4.304024 0.134325 20.050027 1
4.604100 14.360322 5.860631 1
13.648602 7.499113 22.572835 1
4.749680 7.424020 19.937663 1
13.674763 14.315169 8.324019 1
13.262189 0.117533 22.509971 1
4.861207 6.297957 3.996847 1
13.954552 6.186722 10.170762 1
4.938027 1.051758 18.078384 1
3.954092 13.552121 3.944317 1
13.012589 8.108103 24.357790 1
4.119845 8.211300 18.113115 1
12.991914 13.547435 10.358772 1
13.893244 1.030659 24.372537 1
3.110655 6.667969 4.069016 1
12.284481 6.648614 10.146067 1
3.199173 0.678174 18.283374 1
5.833889 13.843639 4.125843 1
14.763674 7.947949 24.221817 1
5.775670 7.763547 18.243542 1
14.739862 13.774936 10.057938 1
12.238300 0.603226 24.247290 1
3.794652 11.945080 26.157606 1
12.929208 11.986474 16.336704 1
3.803015 9.645721 12.031808 1
5.134700 4.708429 26.239938 1
14.207054 2.435238 2.161371 1
5.178553 2.418345 12.135512 1
14.092840 4.688955 16.367626 1
12.777139 9.656427 2.228747 1
2.711158 12.613422 27.957063 1
11.668523 12.622737 14.702067 1
2.733352 9.139557 13.671308 1
6.372280 5.430173 27.884600 1
15.247378 1.948842 0.478077 1
6.408438 1.879204 13.780612 1
15.269709 5.421770 14.595008 1
11.729913 9.121067 0.416673 1
4.350396 12.149934 0.068482 1
13.408393 12.181573 14.210646 1
4.270865 9.483891 14.245444 1
4.568551 4.910761 0.074199 1
13.604269 2.196227 0.098714 1
4.640767 2.350674 14.093667 1
13.621584 5.019398 14.286297 1
13.448272 9.569491 28.317572 1
