12.033889 5.181386 9.035905 46
5.128881 14.226187 0.012557 46
29.094990 3.834686 9.029419 46
22.389973 12.765971 17.977288 46
4.066060 3.992912 6.856840 8
12.956878 12.908097 15.870088 8
21.241186 5.066747 6.827355 8
30.086350 13.986225 15.809714 8
4.653080 4.081949 12.299803 8
12.432712 13.054636 3.333824 8
21.915657 4.972713 12.408306 8
29.665982 14.030328 3.321444 8
6.618448 9.583446 12.637288 8
10.470309 0.569450 3.530221 8
23.783706 17.496600 12.616993 8
27.686000 8.390480 3.571082 8
5.327693 8.978321 14.193176 8
11.899233 17.975838 5.276481 8
22.515724 0.187220 14.233344 8
28.965280 9.096122 5.251177 8
6.070508 4.415482 16.073793 8
11.154013 13.409007 7.079337 8
23.227329 4.581150 15.967634 8
28.410509 13.487607 6.949115 8
7.915513 3.268361 15.720029 8
9.290484 12.426985 6.641943 8
25.079456 5.698297 15.758276 8
26.560276 14.732573 6.666238 8
9.968326 8.931664 15.985301 8
7.338906 17.998852 6.969001 8
27.063933 0.050012 16.068580 8
24.431371 9.066469 6.987537 8
15.367174 8.347115 15.651705 8
1.847513 17.345436 6.669974 8
32.548264 0.559901 15.764912 8
19.023749 9.626376 6.602524 8
16.491515 3.423260 15.458392 8
0.720085 12.575694 6.514361 8
33.581139 5.571581 15.566440 8
17.867494 14.506262 6.529486 8
17.987725 4.863336 16.143298 8
33.531764 13.928802 7.149223 8
0.901591 4.088151 16.150340 8
16.342412 13.146319 7.256593 8
19.405802 8.488030 13.192444 8
32.135495 17.610918 4.159253 8
2.138174 0.428504 13.185794 8
15.059979 9.505802 4.276914 8
18.328904 8.734350 11.264832 8
33.172368 17.757667 2.239939 8
1.316394 0.190338 11.269248 8
16.004164 9.230698 2.248310 8
19.077168 2.625711 11.744747 8
32.239461 11.705689 2.728583 8
2.107902 6.363938 11.904219 8
15.056852 15.372839 2.786242 8
19.156786 2.091669 6.395611 8
32.451108 11.203427 15.385771 8
1.842850 6.781460 6.477631 8
15.259424 15.911932 15.448558 8
17.257162 1.658669 2.282070 8
34.168119 10.671755 11.275331 8
0.215994 7.317504 2.273141 8
17.062514 16.374127 11.208274 8
15.413173 0.831116 3.193327 8
1.651366 9.927685 12.263411 8
32.600422 8.036131 3.310444 8
18.739419 17.221502 12.148958 8
18.642964 6.230789 2.832885 8
32.727214 15.377929 11.841118 8
1.541372 2.785194 2.836511 8
15.668513 11.735985 11.896239 8
17.856590 7.563262 4.353395 8
33.709810 16.562066 13.527230 8
0.579246 1.479642 4.447169 8
16.558207 10.461540 13.516579 8
14.499272 5.613266 1.350804 8
2.589764 14.574773 10.220635 8
31.757879 3.353124 1.345648 8
19.841682 12.504009 10.319729 8
9.029050 6.180743 1.495310 8
8.096121 15.212566 10.399829 8
26.245078 2.864625 1.405085 8
25.265874 11.766181 10.479689 8
7.114620 2.272608 3.354816 8
9.957063 11.227324 12.445831 8
24.363879 6.913854 3.443869 8
27.090155 15.825356 12.376070 8
5.543055 3.312787 2.526190 8
11.711445 12.375220 11.565695 8
22.768843 5.648465 2.437813 8
28.787776 14.760413 11.440071 8
6.660918 8.933431 5.051163 8
10.485394 0.002284 14.107802 8
23.841451 0.011665 5.039592 8
27.574312 9.135361 14.141174 8
5.278534 8.203775 3.706258 8
11.968638 17.302230 12.687335 8
22.506757 0.830819 3.586840 8
29.102397 9.879548 12.594957 8
10.003341 5.239677 9.192228 7
7.283763 14.290482 0.179374 7
27.040054 3.676776 9.129801 7
24.294143 12.653939 0.130748 7
12.160173 5.736190 11.018616 7
5.033445 14.572738 1.944823 7
29.182872 3.328678 10.862794 7
22.179637 12.359038 1.991594 7
14.004552 4.939266 8.943691 7
3.164458 13.795764 18.002866 7
31.115512 4.245458 8.859307 7
20.275597 13.080342 17.906142 7
11.783558 4.909270 7.012133 7
5.242005 13.994975 16.075868 7
29.053130 3.963301 7.054746 7
22.487330 13.036634 16.098360 7
9.052093 5.132431 8.133819 6
8.007358 14.093247 17.132343 6
26.223047 3.897590 8.027944 6
25.193207 12.986766 17.139209 6
7.781702 4.962302 8.623208 6
9.331960 13.939904 17.557508 6
24.931374 4.027397 8.520170 6
26.523569 13.114440 17.590763 6
7.782344 4.852096 9.913841 6
9.301960 13.865579 0.922621 6
25.058644 4.001242 9.889624 6
26.522986 13.201189 0.913998 6
9.192819 5.354514 10.399867 6
7.886795 14.420646 1.321834 6
26.484721 3.723284 10.380764 6
25.152195 12.666009 1.346315 6
9.610227 5.771681 11.581859 6
7.567962 14.701296 2.411907 6
26.910072 3.262447 11.541981 6
24.567642 12.209251 2.384041 6
11.066754 6.102552 11.891554 6
6.092258 15.111302 2.705522 6
28.141558 2.983595 11.773975 6
23.330037 11.909111 2.805723 6
11.550320 6.628883 12.888934 6
5.636057 15.719034 3.969643 6
28.671641 2.428677 12.915757 6
22.841082 11.336536 3.827787 6
12.943941 6.711538 12.787249 6
4.146870 15.745433 3.804813 6
30.153011 2.380640 12.832784 6
21.332115 11.436042 3.863375 6
13.313160 5.993997 11.616052 6
3.961752 14.979321 2.624505 6
30.518576 3.084150 11.691352 6
21.044197 12.045866 2.577790 6
14.416780 5.466634 11.188713 6
2.684788 14.503051 2.247816 6
31.643239 3.561222 11.317764 6
19.776829 12.573581 2.264633 6
14.740176 4.902057 9.984228 6
2.307058 13.853977 1.100645 6
32.034309 4.211003 10.086508 6
19.620250 13.176950 1.121563 6
16.092070 4.088313 9.691018 6
1.125588 13.250196 0.592586 6
33.181268 4.764214 9.657138 6
18.277185 13.920650 0.720019 6
15.985309 3.844907 8.303933 6
1.260268 12.916821 17.304997 6
33.150433 5.147622 8.304829 6
18.388311 14.061323 17.308686 6
14.634179 4.400285 7.839918 6
2.608146 13.463169 16.819967 6
31.787271 4.529311 7.821200 6
19.674565 13.585993 16.821330 6
14.299090 4.637257 6.543650 6
2.842397 13.657038 15.657365 6
31.350647 4.486685 6.584245 6
20.015190 13.415230 15.639527 6
12.960272 4.909717 6.195205 6
4.199114 13.845201 15.254012 6
30.115112 4.173354 6.195558 6
21.371923 13.221755 15.275268 6
12.575739 5.269359 4.862653 6
4.570105 14.234231 13.820494 6
29.595733 3.829048 4.821059 6
21.874508 12.848681 13.806723 6
11.150683 5.410730 4.907963 6
5.931795 14.493245 13.968912 6
28.380317 3.539523 4.853125 6
23.161045 12.593109 13.865767 6
10.791418 5.127725 6.242412 6
6.403329 14.198064 15.179656 6
27.837887 3.866822 6.194735 6
23.643005 12.751155 15.352144 6
9.428627 5.096695 6.853863 6
7.617491 14.122694 15.784600 6
26.622905 3.883494 6.801372 6
24.935115 12.794287 15.788815 6
6.483971 4.451634 7.946377 6
10.672670 13.509531 17.035024 6
23.774361 4.552394 7.941665 6
27.714874 13.428004 17.025987 6
6.509350 4.508495 7.054861 1
10.644151 13.525885 16.006474 1
23.688280 4.597278 7.001329 1
27.768714 13.535661 16.163539 1
5.455212 4.313437 8.771317 6
11.654010 13.192631 17.779222 6
22.621670 4.770202 8.803380 6
28.812262 13.746754 17.770380 6
4.229362 3.914672 8.208549 6
13.056006 12.969131 17.163391 6
21.300065 5.203162 8.308536 6
30.154112 14.073104 17.160774 6
3.103217 3.544379 9.070330 6
13.923860 12.537318 0.058776 6
20.436705 5.596488 9.006289 6
31.227720 14.546694 17.979946 6
2.397481 3.267288 8.619045 1
14.748973 12.237140 17.583884 1
19.444222 5.693411 8.594627 1
31.862274 14.703904 17.583507 1
3.364650 3.515118 10.405968 6
13.798004 12.523950 1.292803 6
20.532258 5.427594 10.393880 6
31.019221 14.584171 1.356402 6
2.629917 3.318931 11.014286 1
14.529980 12.178049 1.962794 1
19.696796 5.860769 10.987408 1
31.767513 14.786614 1.944356 1
4.447527 4.003508 10.955058 6
12.761285 13.034732 1.936000 6
21.727994 5.147195 10.920169 6
29.813695 14.057022 1.951214 6
5.496882 4.245116 10.138705 6
11.554848 13.290836 1.231640 6
22.805055 4.825623 10.205661 6
28.792858 13.746090 1.161339 6
6.753896 4.721750 10.852524 6
10.318139 13.695950 1.804406 6
24.011259 4.306252 10.714517 6
27.477701 13.295071 1.717500 6
6.898817 4.828849 11.748778 1
10.351553 13.834995 2.729650 1
23.934038 4.229476 11.602797 1
27.499216 13.262055 2.704919 1
2.966318 3.516008 6.195112 6
14.164156 12.595609 15.235089 6
20.271888 5.372454 6.135308 6
31.177691 14.384578 15.211051 6
3.278943 3.674119 5.251331 1
13.921588 12.762061 14.340566 1
20.462466 5.292336 5.206116 1
31.091094 14.409679 14.184668 1
2.231379 4.111414 6.331246 1
14.767081 13.150246 15.485344 1
19.564503 4.902593 6.339775 1
31.927635 13.977668 15.400447 1
2.847464 2.643242 6.416995 1
14.316379 11.573712 15.345111 1
20.129355 6.305581 6.424733 1
31.431739 15.411473 15.370435 1
3.660151 3.756118 13.172757 6
13.592673 12.779498 4.161297 6
20.674024 5.394325 13.123286 6
30.644222 14.239206 4.126781 6
3.797084 3.722313 14.100069 1
13.278779 12.706513 5.128948 1
20.984811 5.162874 14.174595 1
30.454631 14.302029 4.993229 1
3.339775 2.842187 13.040728 1
13.882815 11.847161 4.064110 1
20.506773 6.187059 13.139324 1
30.997516 15.319905 4.095416 1
2.901402 4.227897 12.961963 1
14.213631 13.302970 4.028776 1
20.030699 4.787326 13.103157 1
31.450178 13.745024 4.029173 1
8.721712 5.974660 12.552637 6
8.527939 15.105729 3.585711 6
25.893378 3.076415 12.635637 6
25.647562 12.009619 3.469196 6
7.931579 7.133932 12.416725 6
9.202544 16.100696 3.492428 6
25.103117 1.856088 12.420492 6
26.282678 10.845717 3.390762 6
8.006653 7.699355 11.696507 1
9.071415 16.881463 2.850732 1
25.152436 1.284946 11.720881 1
26.180461 10.206523 2.732261 1
7.038365 7.368431 13.478128 6
10.209256 16.514931 4.381817 6
24.205171 1.644590 13.550779 6
27.343162 10.555301 4.457680 6
6.731075 6.450087 14.454387 6
10.376078 15.385718 5.341081 6
23.780270 2.484871 14.446751 6
27.710850 11.655648 5.423081 6
5.919953 6.697755 15.051479 1
11.134534 15.613414 5.959670 1
23.146567 2.393759 14.955623 1
28.323698 11.368607 5.969308 1
7.490312 5.325199 14.389521 6
9.774848 14.298674 5.534092 6
24.553149 3.571298 14.485402 6
26.956973 12.676275 5.495670 6
8.548586 5.152503 13.602036 6
8.717957 14.181268 4.530690 6
25.673372 3.952697 13.671721 6
25.816538 12.852520 4.595492 6
9.019540 4.228078 13.578745 1
8.167533 13.375464 4.654492 1
26.195370 4.736503 13.696380 1
25.360763 13.704418 4.731916 1
6.130326 8.737794 13.553720 6
11.025049 17.776955 4.384426 6
23.392689 0.322788 13.510644 6
28.034344 9.355281 4.460622 6
5.811694 11.002818 12.614195 6
11.237576 1.865121 3.638255 6
23.109187 16.112275 12.661193 6
28.474118 7.177522 3.602819 6
5.429618 11.106535 13.562098 1
11.725428 2.177594 4.483822 1
22.619186 15.950382 13.445324 1
28.883538 7.004401 4.428716 1
6.454377 11.684440 12.379947 1
10.630493 2.665746 3.370855 1
23.705813 15.385456 12.409777 1
27.765607 6.375381 3.299251 1
5.013917 10.781072 11.798729 6
12.311308 1.886079 2.793676 6
22.035273 16.256161 11.868974 6
29.451393 7.262545 2.818847 6
4.445295 11.573522 11.916537 1
12.785676 2.619850 2.813051 1
21.626167 15.478188 11.882585 1
29.990757 6.405892 2.860251 1
4.382881 10.028614 12.144880 1
12.813306 1.013358 3.083328 1
21.521327 16.841696 11.999727 1
30.043776 7.986108 3.085147 1
5.198119 10.582119 10.364959 6
12.008656 1.649443 1.377834 6
22.343364 16.370510 10.306426 6
29.227008 7.429685 1.235830 6
5.525635 9.768054 10.227684 1
11.672027 0.777678 1.117995 1
22.721283 17.215142 10.227714 1
28.785456 8.247526 1.136212 1
5.878590 11.341154 9.977588 1
11.403385 2.321405 1.028156 1
22.888947 15.786346 10.099299 1
28.601492 6.808430 1.079440 1
3.810741 10.767968 9.582978 6
13.335001 1.697006 0.575082 6
20.936240 16.161595 9.608902 6
30.431646 7.222122 0.410446 6
3.920393 10.705955 8.658449 1
13.127867 1.709702 17.530853 1
21.112365 16.396654 8.630754 1
30.407037 7.286746 17.596999 1
3.444104 11.634345 9.631677 1
13.689661 2.676044 0.600944 1
20.589396 15.363732 9.641048 1
30.745118 6.375319 0.537139 1
3.221425 10.086510 9.871858 1
14.015517 1.227713 0.773287 1
20.288159 16.958241 9.861062 1
31.168676 7.818624 0.729545 1
7.128085 4.327743 15.572218 6
10.096532 13.320270 6.479394 6
24.292261 4.763226 15.560099 6
27.183118 13.796714 6.448325 6
5.444338 3.549589 16.927482 6
11.537421 12.407592 8.018210 6
22.718852 5.616792 17.013950 6
28.841984 14.497198 7.910282 6
6.173339 3.336396 17.693087 1
10.977153 12.409257 8.604655 1
23.426588 5.553340 17.674986 1
28.210106 14.650267 8.658125 1
5.505830 2.533844 16.594946 1
11.671585 11.564152 7.649459 1
22.550316 6.341518 16.620705 1
28.825801 15.449093 7.551193 1
4.267291 3.860364 17.632615 6
12.842687 12.986423 8.540106 6
21.388801 5.059106 17.666192 6
30.124190 14.067794 8.544301 6
3.950632 3.321676 0.238229 1
13.091558 12.311712 9.260711 1
21.144445 5.744042 0.152755 1
30.348655 14.740074 9.202278 1
3.589361 3.935430 16.953651 1
13.563092 12.946010 7.818288 1
20.691571 5.117046 16.927569 1
30.672127 14.087982 7.957374 1
4.323679 5.293612 0.247985 6
12.905493 14.316166 9.333013 6
21.380181 3.749306 0.162046 6
30.010580 12.682505 9.275526 6
5.067284 5.346540 0.789602 1
12.049100 14.450914 9.819265 1
22.204239 3.559758 0.708204 1
29.236337 12.684824 9.903827 1
4.399917 5.923603 17.577147 1
12.876883 14.952111 8.474231 1
21.527565 3.089240 17.491272 1
30.019283 12.104269 8.592084 1
3.025442 5.551392 1.008138 6
14.096387 14.531015 9.931880 6
20.259823 3.441920 1.085105 6
31.234876 12.566568 10.095434 6
3.153493 6.495641 1.500584 1
14.172200 15.480877 10.419525 1
20.248234 2.657609 1.372038 1
31.353607 11.543884 10.364348 1
2.917232 4.874904 1.576974 1
14.163556 13.811583 10.616213 1
20.185225 4.113149 1.759350 1
31.305082 13.106586 10.790675 1
2.247228 5.476503 0.438627 1
14.940519 14.504126 9.472340 1
19.363501 3.501874 0.383006 1
32.030188 12.520152 9.402881 1
10.947612 7.350082 14.013450 6
6.273326 16.378896 5.018721 6
28.217095 1.571619 13.945064 6
23.421135 10.682745 4.861280 6
10.003069 7.374831 14.011100 1
7.042119 16.382978 4.987915 1
27.194161 1.538635 14.094743 1
24.311946 10.627074 4.955883 1
11.710159 8.155023 14.948734 6
5.500442 17.135566 5.968223 6
28.874657 0.938082 14.993850 6
22.508675 9.998514 5.821598 6
11.270382 8.778182 15.888370 6
5.937581 17.808850 6.942338 6
28.311152 0.197773 16.067747 6
23.122658 9.119188 6.911223 6
12.049505 9.387247 16.900176 6
5.112695 0.457840 7.817778 6
29.200894 17.601979 16.937696 6
22.262697 8.483037 7.876267 6
11.720422 9.905519 17.577113 1
5.587623 0.951900 8.620015 1
28.836420 17.027101 17.448633 1
22.782131 8.001376 8.445395 1
13.407572 9.375646 16.740962 6
3.744312 0.318183 7.840137 6
30.608087 17.807928 16.717046 6
21.009173 8.614374 7.859894 6
13.851253 9.738359 17.397018 1
3.252412 0.636277 8.478636 1
31.154255 17.235609 17.534082 1
20.437693 8.378458 8.442231 1
13.839195 8.679991 15.797126 6
3.292899 17.594438 6.869330 6
31.031755 0.448567 15.912006 6
20.356732 9.439873 6.717629 6
13.099665 8.069071 14.738495 6
3.951129 17.060905 5.862359 6
30.415505 1.006046 14.816715 6
21.227522 10.042723 5.714817 6
13.813277 7.316561 13.838995 6
3.471962 16.268619 4.668950 6
30.931895 1.610363 13.730854 6
20.653774 10.718003 4.778007 6
14.659563 7.325962 13.763417 1
2.504175 16.248306 4.726755 1
31.902685 1.650642 13.661028 1
19.581564 10.765323 4.628259 1
9.226244 10.079230 16.448521 6
7.956661 1.022959 7.401685 6
26.307239 17.038173 16.428369 6
25.186317 7.954358 7.370004 6
8.346972 9.888929 16.369704 1
8.831201 0.934780 7.200674 1
25.427247 17.137215 16.283972 1
25.975435 8.204675 7.250553 1
9.514144 10.736382 15.828941 1
7.667448 1.623986 6.668740 1
26.645559 16.227270 15.681673 1
24.899612 7.269250 6.720329 1
9.527547 10.210822 17.156908 1
7.676579 1.261320 8.314281 1
26.743015 16.772034 17.326890 1
24.909080 7.820037 8.272744 1
16.140182 9.233200 16.486523 6
0.933953 0.137184 7.421224 6
33.448428 17.891621 16.424864 6
18.125477 8.811277 7.466193 6
17.232292 8.932320 16.201296 1
0.059017 17.885217 7.177412 1
0.033327 0.046772 16.264939 1
17.249227 9.167468 7.363565 1
16.053755 8.911482 17.393385 1
1.148484 17.999247 8.494777 1
33.189511 18.013031 17.351915 1
18.266784 8.984642 8.328094 1
16.159577 10.152149 16.454835 1
1.119088 1.092081 7.234985 1
33.252321 17.016694 16.299214 1
18.181500 7.834516 7.265373 1
15.580079 5.790650 12.118911 6
1.589563 14.620547 3.084081 6
32.809968 3.291513 12.149859 6
18.761471 12.405357 3.186734 6
15.788686 4.980091 13.355008 6
1.406716 14.034103 4.293473 6
32.931037 4.010297 13.219555 6
18.493355 13.002610 4.296138 6
15.252833 4.350894 13.464310 1
1.777248 13.338049 4.519648 1
32.364270 4.703089 13.533024 1
19.024902 13.674000 4.502372 1
16.910326 5.466033 14.171698 6
0.310252 14.342479 5.076240 6
34.094896 3.594693 14.245890 6
17.412687 12.588582 5.199405 6
17.832299 6.506725 13.921593 6
33.834484 15.367891 4.872652 6
0.535545 2.605470 13.825310 6
16.503548 11.683045 4.819431 6
18.428153 6.607437 14.498027 1
33.156591 15.640405 5.422202 1
1.298026 2.404504 14.387847 1
15.988723 11.389737 5.429510 1
17.570579 7.105565 12.636658 6
33.874031 16.063800 3.565142 6
0.355535 1.935796 12.734434 6
16.830302 10.968592 3.566104 6
16.646207 6.749181 11.878487 6
0.555512 15.779082 2.792405 6
33.818843 2.246332 11.721593 6
17.797824 11.335457 2.730693 6
16.452687 7.295169 11.090186 1
0.621389 16.273288 1.893691 1
33.687436 1.851157 11.038045 1
17.830055 10.867723 2.075034 1
17.168673 4.519000 15.465756 6
0.049284 13.532748 6.384805 6
0.065031 4.450855 15.462584 6
17.109573 13.435673 6.438609 6
16.580023 2.526332 16.580146 6
0.594179 11.485969 7.617232 6
33.756188 6.476483 16.628553 6
17.713420 15.494407 7.561581 6
15.986616 2.563825 17.334785 1
1.266807 11.749965 8.188301 1
33.021663 6.269939 17.164248 1
18.289481 15.348335 8.152224 1
17.511786 2.621345 16.949072 1
34.060838 11.559031 8.008005 1
0.358343 6.449595 17.002803 1
16.785978 15.515333 7.828411 1
16.505621 1.176799 16.041720 6
0.654860 10.177181 6.906554 6
33.486797 7.866425 15.926041 6
17.815981 16.785304 7.032643 6
15.530723 1.178336 15.577746 1
1.525328 10.107034 6.480006 1
32.824622 7.826939 15.518854 1
18.803674 16.869438 6.461167 1
16.365146 0.552075 16.833249 1
0.770354 9.586800 7.817201 1
33.517761 8.488708 16.670019 1
17.957266 17.587266 7.702021 1
17.508656 0.743816 15.028002 6
33.949162 9.632550 6.105716 6
0.341111 8.466227 15.021907 6
16.846045 17.409747 6.094214 6
17.239961 17.856139 14.485893 1
34.193799 8.867017 5.603983 1
0.052620 9.250107 14.601096 1
17.140724 0.130885 5.480468 1
17.727394 1.426513 14.377762 1
33.716789 10.275524 5.422618 1
0.675961 7.683128 14.385464 1
16.629961 16.771989 5.395631 1
18.674294 0.344238 15.742912 6
32.749141 9.390161 6.542220 6
1.566440 8.618450 15.604705 6
15.627956 17.590677 6.545659 6
19.348361 0.000819 14.994148 1
32.226128 9.143393 6.032268 1
2.173772 9.027476 15.060078 1
14.989299 17.911446 6.067230 1
18.521652 17.695486 16.233721 1
32.878013 8.684991 7.200052 1
1.364085 9.412305 16.283434 1
15.814305 0.407483 7.247322 1
19.007193 1.188761 16.180152 1
32.364041 10.192710 7.029295 1
1.830155 7.828643 16.196459 1
15.190457 16.860406 7.068866 1
18.369332 8.282707 12.315615 6
33.135177 17.296780 3.171368 6
1.219829 0.794843 12.362434 6
15.800421 9.763257 3.177666 6
20.112946 9.607861 12.983962 6
31.224258 0.575684 3.868357 6
3.119852 17.348053 12.823334 6
14.141935 8.322966 3.796134 6
20.107394 10.258379 13.569725 1
31.262395 1.346906 4.476896 1
2.973851 16.637621 13.534895 1
14.169406 7.758562 4.586622 1
19.960808 10.137569 12.032419 1
31.668982 1.090841 3.065327 1
2.681597 17.024282 12.102030 1
14.379790 7.950448 2.995442 1
21.620147 9.196087 12.651732 6
29.949680 0.253356 3.766848 6
4.364818 17.908590 12.670708 6
12.720560 8.816164 3.706028 6
22.116451 9.857046 12.537760 1
29.383111 0.807669 3.532757 1
4.933661 17.220760 12.566819 1
12.150470 8.144924 3.392855 1
21.719670 8.560262 12.135625 1
29.774759 17.483607 3.015808 1
4.595179 0.547054 12.123300 1
12.580749 9.569346 3.012901 1
22.068390 8.551392 14.107566 6
29.460761 17.585270 4.971918 6
4.935172 0.341081 14.047015 6
12.223380 9.496341 5.102075 6
21.830320 9.189483 14.757597 1
29.534607 0.145141 5.758521 1
4.722653 17.778799 14.701442 1
12.431229 8.837088 5.675725 1
21.671451 7.698768 14.256321 1
29.847678 16.711927 5.099040 1
4.435718 1.273777 14.109461 1
12.710138 10.286890 5.173145 1
23.510024 8.279935 14.059925 6
27.889089 17.391602 5.078307 6
6.513229 0.786487 14.113980 6
10.658408 9.668180 5.005414 6
23.877554 7.945712 15.031794 1
27.695311 17.023945 5.922123 1
6.678101 1.029708 14.852853 1
10.404123 10.111157 5.936676 1
24.104433 9.208392 13.826315 1
27.454169 0.152696 4.969998 1
6.943006 17.987423 13.855672 1
10.326338 8.860080 4.949663 1
23.901046 7.644171 13.415936 1
27.710716 16.660302 4.327299 1
6.608697 1.318255 13.410176 1
10.508763 10.380367 4.289531 1
17.117011 3.616626 10.334337 6
0.000927 12.715293 1.426326 6
34.295269 5.344155 10.423839 6
17.201007 14.413846 1.461417 6
17.027343 3.739578 11.326082 1
34.300010 12.786344 2.288220 1
34.276322 5.342798 11.438968 1
17.200070 14.264777 2.255196 1
18.121076 3.148932 9.748920 6
33.307926 11.991794 0.744987 6
0.875893 5.876556 9.802886 6
16.245803 14.869834 0.772196 6
19.270398 2.433083 10.539858 6
32.211055 11.479700 1.521810 6
2.007439 6.512159 10.480802 6
15.117531 15.555328 1.367854 6
20.238661 1.785619 9.864781 6
31.248432 10.901258 0.762551 6
3.151057 7.219705 9.804612 6
14.102273 16.127569 0.900804 6
21.015932 1.556564 10.250616 1
30.523786 10.567822 1.280049 1
3.867212 7.446807 10.299936 1
13.285080 16.426372 1.193302 1
20.227865 1.694824 8.331938 6
31.382867 10.761360 17.532879 6
3.067711 7.323447 8.421327 6
14.198775 16.163428 17.372971 6
20.817716 1.432818 8.014354 1
30.602829 10.331011 16.938095 1
3.705853 7.713877 8.076248 1
13.490765 16.612685 16.926633 1
19.271376 2.114195 7.740665 6
32.304757 11.252591 16.710761 6
2.098359 6.778507 7.725464 6
15.198323 15.839444 16.753778 6
18.034537 2.702547 8.470860 6
33.383484 11.829417 17.359238 6
1.013319 6.267124 8.395214 6
16.216381 15.191865 17.516484 6
16.868862 3.217420 7.672948 6
0.175262 12.261807 16.722133 6
34.135638 5.779434 7.602857 6
17.403076 14.762098 16.692448 6
16.918215 3.186257 6.725078 1
0.250058 12.229796 15.729815 1
33.995529 5.905585 6.724098 1
17.443937 14.757907 15.665093 1
20.214119 2.080979 12.599236 6
31.352558 11.087051 3.500050 6
3.126428 6.978856 12.699252 6
14.067005 15.848973 3.601779 6
19.944197 2.235432 13.635536 1
31.390956 11.386849 4.443345 1
2.800351 6.718203 13.529108 1
14.224448 15.746014 4.514426 1
21.012311 2.533838 12.463203 1
30.472395 11.601624 3.322477 1
3.923585 6.479766 12.318540 1
13.289474 15.570089 3.281765 1
20.315267 1.084156 12.442802 1
31.239563 10.116408 3.424277 1
3.105028 7.842396 12.491424 1
14.142584 16.868875 3.395181 1
20.220581 1.693704 5.625291 6
31.263151 10.741422 14.573415 6
3.024601 7.341682 5.577706 6
14.178821 16.407797 14.684536 6
20.033918 1.716966 4.642680 1
31.539883 10.683207 13.680613 1
2.860168 7.191275 4.677741 1
14.347691 16.324224 13.739177 1
20.442982 0.847220 5.840610 1
31.033915 9.746900 14.758401 1
3.301363 8.115888 5.770516 1
13.898048 17.204062 14.922304 1
21.025184 2.195269 5.813057 1
30.505895 11.339144 14.771367 1
3.763662 6.784754 5.814987 1
13.299212 15.807751 14.696216 1
15.274790 4.350377 5.537251 6
1.877197 13.330347 14.541896 6
32.464333 4.643422 5.526537 6
19.121134 13.565449 14.573233 6
15.334308 3.289836 4.744030 6
1.873996 12.171422 13.817200 6
32.426476 5.819344 4.730704 6
19.071695 14.812964 13.738963 6
14.709962 2.530903 4.892045 1
2.373145 11.509036 13.934667 1
31.998960 6.604012 4.923161 1
19.534289 15.448723 14.101725 1
16.273285 3.147121 3.849733 6
0.945134 12.147078 12.874065 6
33.315570 5.912784 3.802933 6
18.132167 15.016505 12.815899 6
17.063672 4.037312 3.402554 6
0.135221 13.166655 12.415533 6
34.278830 4.961519 3.483700 6
17.145272 14.026353 12.429546 6
17.747614 3.964812 2.886618 1
33.835333 13.001086 11.784932 1
0.498224 4.988559 2.822561 1
16.622829 13.952061 11.878557 1
17.036269 5.303449 4.128433 6
0.203805 14.260382 13.178411 6
34.112107 3.767284 4.110659 6
17.231452 12.668052 13.104079 6
16.092832 5.447959 5.227497 6
0.996311 14.356814 14.129438 6
33.383999 3.711727 5.272823 6
18.164689 12.541866 14.235473 6
16.210257 6.075982 5.681942 1
0.981076 15.203875 14.841582 1
33.313494 2.844197 5.628550 1
18.254247 11.824584 14.662767 1
16.220502 1.873891 2.971976 6
0.782834 10.827094 12.003455 6
33.439619 7.166276 2.979261 6
18.059148 16.337333 12.006908 6
17.474101 0.402991 1.558748 6
34.125809 9.511892 10.441411 6
0.254484 8.683763 1.387714 6
16.869447 17.518822 10.543730 6
16.683328 17.983502 1.712531 1
0.531151 8.961500 10.866746 1
33.771883 9.221142 1.869775 1
17.717510 0.070052 10.809590 1
17.327295 0.576090 0.535995 1
34.141910 9.502881 9.616730 1
0.197224 8.337596 0.629855 1
16.968634 17.393348 9.556422 1
18.644894 17.690512 1.605743 6
32.867546 8.744543 10.779465 6
1.417774 9.347246 1.599566 6
15.703737 0.218212 10.794383 6
18.708759 16.835269 1.139016 1
32.772354 7.935680 10.106137 1
1.538121 10.215484 1.046785 1
15.554749 1.168729 10.185241 1
19.371573 0.181468 1.432479 1
32.031552 9.234343 10.515010 1
2.224452 8.777470 1.436145 1
14.989983 17.837038 10.449011 1
18.669251 17.377230 3.062174 6
32.735352 8.405980 11.920672 6
1.520540 9.638031 2.923399 6
15.745897 0.728394 11.906140 6
17.938707 16.961242 3.212954 1
33.618892 7.936130 12.235891 1
0.692566 10.242337 3.128999 1
16.448688 1.196490 12.149614 1
18.691844 0.068983 3.448046 1
32.826912 9.237566 12.492580 1
1.665749 8.863687 3.439510 1
15.639794 17.813619 12.612948 1
19.947460 16.404358 3.103592 6
31.616796 7.377190 12.284582 6
2.657910 10.603992 3.138463 6
14.508987 1.474176 12.104603 6
19.882062 16.169405 4.066270 1
31.625835 7.057503 13.208894 1
2.736165 10.935278 4.071809 1
14.493144 1.819915 13.109729 1
20.624708 16.978388 2.885803 1
30.730152 7.904509 11.929202 1
3.410855 10.045155 2.999472 1
13.720303 0.985529 11.989068 1
19.684427 15.629026 2.616210 1
31.689041 6.703148 11.599150 1
2.696724 11.332144 2.546184 1
14.562937 2.251447 11.554725 1
17.858681 6.407838 3.864693 6
33.634279 15.479419 12.733971 6
0.719237 2.565187 3.888913 6
16.455080 11.448784 12.822715 6
19.694817 7.396697 2.479935 6
31.941895 16.342065 11.616475 6
2.408713 1.680754 2.569923 6
14.700210 10.642600 11.571377 6
20.439861 6.918678 2.398657 1
30.956175 15.911195 11.418583 1
3.285251 1.965558 2.524745 1
13.895557 11.114142 11.372165 1
19.580203 8.016540 3.100076 1
31.962414 17.092301 12.281861 1
2.499268 1.064519 3.214286 1
14.724033 10.034065 12.103442 1
19.145660 7.997964 1.099274 6
32.302173 16.983038 10.156192 6
2.035524 0.990770 1.226977 6
15.130385 10.109644 10.122400 6
19.167128 7.248447 0.578875 1
32.388900 16.287450 9.438298 1
1.974196 1.883307 0.477354 1
15.213275 10.836260 9.631519 1
18.384295 8.308854 1.185209 1
33.135047 17.287554 10.228009 1
1.066844 0.626253 1.244583 1
16.105345 9.594911 10.268023 1
20.208707 9.014653 0.597145 6
31.365599 17.955882 9.598805 6
2.952523 0.171057 0.746692 6
14.235988 9.035515 9.787590 6
20.292830 9.592017 1.359162 1
31.180570 0.564183 10.329869 1
3.070988 17.352407 1.241576 1
14.097560 8.320829 10.277899 1
21.067307 8.568558 0.584855 1
30.470292 17.500427 9.692722 1
3.893862 0.445170 0.663287 1
13.342173 9.461429 9.607260 1
19.719325 9.611234 17.486398 6
31.735809 0.512706 8.341346 6
2.715828 17.423057 17.420513 6
14.430289 8.386801 8.394480 6
20.536036 10.093742 17.162270 1
31.090259 1.143716 8.101612 1
3.248306 16.774200 17.236749 1
13.763940 7.794308 8.271623 1
18.954410 9.987154 17.451204 1
32.557070 0.960920 8.550545 1
1.825281 17.052988 17.581742 1
15.302572 7.978003 8.569905 1
19.823698 8.935782 16.754464 1
31.680861 17.974865 7.795727 1
2.665025 0.108009 16.737475 1
14.632880 9.170927 7.779905 1
13.278098 5.372104 3.518713 6
4.049689 14.307008 12.591679 6
30.418232 3.779741 3.669439 6
21.108156 12.822544 12.624732 6
14.191848 5.201616 3.505122 1
2.932370 14.270092 12.550921 1
31.281391 3.871824 3.598478 1
20.276218 12.930851 12.675463 1
12.489151 5.584861 2.506235 6
4.751549 14.609910 11.458981 6
29.670753 3.508059 2.409425 6
21.798761 12.448678 11.403454 6
13.112089 5.635337 1.212375 6
3.990954 14.735766 10.265506 6
30.345534 3.206738 1.277172 6
21.098490 12.219403 10.296175 6
12.489628 6.120508 0.060668 6
4.762397 15.147258 9.153334 6
29.531238 2.875340 0.117683 6
21.960901 11.997727 9.133188 6
12.909069 6.126001 17.402701 1
4.388814 15.215355 8.251340 1
29.990566 2.808680 17.396116 1
21.475823 11.801006 8.402708 1
10.948491 6.254126 0.115753 6
6.137899 15.255654 9.142341 6
28.113708 2.807497 0.229665 6
23.199677 11.954213 9.254301 6
10.555135 6.391696 17.340791 1
6.558954 15.272494 8.390695 1
27.667193 2.624829 17.450027 1
23.679860 11.783768 8.303195 1
10.440625 5.990829 1.259196 6
6.711135 15.148485 10.374223 6
27.651670 2.980169 1.354397 6
23.900406 12.014465 10.332536 6
11.135523 5.808555 2.497062 6
6.170839 14.863892 11.512039 6
28.227536 3.336391 2.530655 6
23.335266 12.178608 11.507894 6
10.396230 5.779320 3.733754 6
6.785934 14.722472 12.708366 6
27.629459 3.364685 3.718234 6
23.897176 12.335906 12.798079 6
9.626840 5.864113 3.763199 1
7.646346 14.783689 12.882861 1
26.671843 3.100100 3.857185 1
24.747732 12.164723 12.744390 1
15.352666 5.924821 0.085168 6
1.781874 14.813106 9.084018 6
32.474790 3.236419 0.052400 6
19.038315 12.171241 9.100911 6
16.258348 5.635473 0.361641 1
0.996378 14.689464 9.292998 1
33.356960 3.340607 0.407419 1
18.101718 12.398852 9.369128 1
15.093688 6.788050 17.839949 1
2.033914 15.672284 8.855309 1
32.215251 2.347113 17.933910 1
19.110837 11.327988 8.929016 1
14.991454 5.181012 17.523193 1
2.196634 14.349519 8.529149 1
32.157848 3.697543 17.401474 1
19.284773 12.768449 8.509694 1
8.293598 6.465834 0.303460 6
8.937484 15.523862 9.383323 6
25.416073 2.581691 0.240308 6
25.980741 11.505879 9.282610 6
7.272707 6.522020 0.429438 1
9.714532 15.585750 9.411129 1
24.446992 2.460972 0.409044 1
26.987635 11.465117 9.591857 1
8.385714 5.753088 17.735836 1
8.697054 14.708422 8.595255 1
25.590556 3.296699 17.782381 1
25.879419 12.280322 8.783126 1
8.710512 7.272290 17.946891 1
8.535162 16.291764 8.936489 1
25.812602 1.793322 17.852459 1
25.703055 10.800491 8.788867 1
8.414623 5.334920 5.670792 6
8.847539 14.314293 14.791452 6
25.540073 3.635772 5.789298 6
26.047525 12.651440 14.784175 6
7.864425 4.252324 4.969305 6
9.309170 13.334151 14.073921 6
25.022495 4.785109 4.969946 6
26.464894 13.686916 14.049228 6
8.208125 3.340168 5.105603 1
8.945654 12.335982 14.059081 1
25.410494 5.685397 5.124381 1
25.952248 14.691048 14.152777 1
6.829381 4.479460 4.115114 6
10.168092 13.424943 13.123531 6
24.119321 4.610167 4.139624 6
27.389536 13.555681 13.088954 6
6.409156 5.609365 3.957633 6
10.850603 14.571571 12.975464 6
23.540143 3.470565 4.015691 6
27.956431 12.358898 12.971397 6
5.623326 5.644444 3.314348 1
11.574899 14.730057 12.248983 1
22.840336 3.342854 3.307044 1
28.682088 12.348778 12.430199 1
6.789252 6.630033 4.714280 6
10.434630 15.698502 13.627638 6
23.823736 2.311896 4.596090 6
27.570000 11.391237 13.705888 6
7.835735 6.597266 5.506784 6
9.453017 15.582764 14.505394 6
24.913580 2.427345 5.655584 6
26.577996 11.494301 14.502945 6
7.973012 7.182073 5.987925 1
9.154850 16.274928 15.170041 1
25.210110 1.742282 6.113886 1
26.365517 10.769104 15.085290 1
6.311582 3.184662 3.194438 6
10.822989 12.308087 12.189270 6
23.485373 5.766602 3.212994 6
27.855941 14.838085 12.200853 6
6.859132 0.998370 2.613731 6
10.362449 9.974146 11.629770 6
23.985966 8.011551 2.584168 6
27.443806 16.953899 11.689059 6
5.779402 1.043766 2.376060 1
11.336714 10.004481 11.477685 1
22.926789 8.076328 2.348677 1
28.414445 17.075319 11.497747 1
7.078234 0.245723 3.059902 1
10.072671 9.221479 12.212642 1
24.150483 8.803439 3.182168 1
27.295895 17.820137 12.178505 1
7.619792 0.946180 1.337640 6
9.614517 10.049361 10.366176 6
24.715623 8.020921 1.405036 6
26.755834 16.962235 10.346672 6
8.609847 1.026445 1.531734 1
8.710184 9.981274 10.556972 1
25.720103 7.976252 1.541135 1
25.748776 17.063062 10.545270 1
7.512977 1.773565 0.894226 1
9.632567 10.846072 9.930682 1
24.661861 7.232623 0.950789 1
26.825143 16.216589 9.879559 1
7.138114 17.810168 0.514626 6
9.967421 8.890250 9.439558 6
24.443742 9.216215 0.417998 6
27.153777 0.158664 9.442907 6
7.223215 17.055681 0.835342 1
9.885109 7.961368 9.853824 1
24.405171 9.915509 0.813510 1
26.990827 0.897583 10.026831 1
6.195794 18.004309 0.054802 1
10.980048 8.997276 9.105162 1
23.343760 9.022907 0.056024 1
28.111539 17.991178 9.231465 1
7.939771 17.790477 17.249113 6
9.182181 8.754348 8.243733 6
25.110826 9.245077 17.251609 6
26.304318 0.175182 8.319827 6
7.706533 17.083202 16.844222 1
9.373126 8.059543 7.679517 1
24.972337 9.857247 16.768533 1
26.614605 0.851810 7.659184 1
8.948962 17.669617 17.543374 1
8.146544 8.583359 8.521526 1
26.156954 9.295292 17.610232 1
25.310054 0.357993 8.530238 1
7.987159 0.557148 16.822866 1
9.182050 9.572306 7.793478 1
25.045477 8.306566 16.808474 1
26.418671 17.450552 7.744704 1
6.109961 8.079319 4.429959 6
11.013894 16.977431 13.382836 6
23.335606 1.006498 4.488994 6
28.164001 9.948060 13.447026 6
6.112401 10.332754 4.889697 6
11.054752 1.340592 13.882095 6
23.365531 16.827040 4.813525 6
28.136850 7.796921 13.886260 6
6.774156 10.705424 4.203259 1
10.475191 1.750468 13.290882 1
23.938166 16.209094 4.156972 1
27.502669 7.183475 13.276522 1
5.316160 10.191274 4.359729 1
11.780527 1.257385 13.400316 1
22.504343 16.742283 4.365535 1
28.979836 7.730540 13.358521 1
5.974516 11.056566 6.029523 6
11.023326 2.059453 15.089144 6
23.290606 15.970599 6.017808 6
28.296096 7.033452 15.006592 6
6.867817 11.043441 6.518240 1
10.225868 2.130735 15.446620 1
24.179138 15.832363 6.591843 1
27.448187 6.818323 15.507571 1
5.451244 10.566503 6.709312 1
11.763737 1.645719 15.641979 1
22.689020 16.519543 6.707688 1
28.774882 7.416236 15.793176 1
7.013559 10.875573 6.544081 1
10.223804 1.826834 15.614385 1
24.040164 16.257965 6.594308 1
27.413712 7.098961 15.606631 1
5.522329 10.441977 6.517321 1
11.694777 1.385745 15.563501 1
22.517529 16.602437 6.475629 1
28.906745 7.484548 15.642134 1
5.577893 12.178968 5.405473 6
11.747710 3.213806 14.554102 6
22.611906 14.827744 5.426470 6
28.876223 5.816389 14.579738 6
6.207415 12.881717 5.389368 1
11.025094 3.944601 14.410253 1
23.375820 14.177791 5.409114 1
28.067447 5.022403 14.454162 1
5.280938 12.114496 4.632324 1
11.927709 3.107095 13.548767 1
22.500261 14.865792 4.601354 1
29.144730 6.031198 13.558581 1
5.820553 12.348333 6.461938 6
11.511231 3.506760 15.562968 6
22.958522 14.575077 6.410506 6
28.536781 5.521679 15.470949 6
5.977494 12.642412 7.313219 1
11.283772 3.577391 16.396327 1
23.094003 14.550335 7.474982 1
28.449593 5.500514 16.435799 1
6.296059 13.045284 5.942624 1
10.945931 4.010190 14.965475 1
23.399430 13.954679 5.854176 1
28.122718 4.921618 14.885785 1
4.284728 12.676433 6.130058 6
12.852893 3.772547 15.256667 6
21.407178 14.255345 6.312407 6
29.987107 5.209820 15.229432 6
3.945663 13.593476 5.856132 1
13.236382 4.506304 14.762879 1
21.203273 13.424050 5.861343 1
30.311104 4.404590 14.920187 1
4.548704 12.901903 7.052886 1
12.559011 3.822151 16.128762 1
21.707043 14.077946 7.074915 1
29.820637 5.125846 16.178749 1
3.513313 12.098763 6.167505 1
13.508782 3.136160 15.229823 1
20.756304 14.985996 6.238812 1
30.717558 5.917488 15.215929 1
4.107041 13.731043 6.381295 1
13.061723 4.740284 15.586757 1
21.326264 13.291470 6.495871 1
30.290170 4.418843 15.532152 1
3.804649 12.151173 6.757683 1
13.499024 3.117389 15.735911 1
20.952698 14.815609 6.696341 1
30.521403 5.764241 15.827415 1
4.050847 12.722781 5.232885 1
13.175560 3.696290 14.221667 1
21.208724 14.308870 5.221280 1
30.356502 5.344157 14.230315 1
6.897027 9.855543 0.737952 8
10.298221 0.896301 9.704691 8
23.919322 17.032463 0.754848 8
27.411222 8.061728 9.767301 8
7.454442 10.798854 1.680753 6
9.604217 1.805114 10.683065 6
24.732148 16.248572 1.587242 6
26.872993 7.143248 10.588377 6
6.791830 11.005430 2.440614 1
10.334153 1.989260 11.460840 1
23.966429 16.117887 2.432244 1
27.390976 6.969190 11.508377 1
7.753154 11.663256 1.205529 1
9.491995 2.591817 10.261880 1
24.844140 15.457555 1.221855 1
26.694123 6.471897 10.218279 1
8.674149 10.020533 2.190485 6
8.355023 1.121097 11.223609 6
25.875084 17.008581 2.266741 6
25.566666 7.839193 11.228177 6
9.119384 10.711285 2.916497 1
7.934115 1.737288 11.792784 1
26.244163 16.397937 2.868309 1
25.102869 7.268437 11.768597 1
9.372155 9.852767 1.542218 1
7.804560 0.840387 10.412121 1
26.539202 17.190878 1.475489 1
25.045833 8.132188 10.491637 1
8.387460 9.228913 2.694248 1
8.672680 0.339211 11.650916 1
25.617826 17.843735 2.667901 1
25.812209 8.748538 11.739919 1
5.581002 10.515651 0.163543 6
11.508722 1.539726 9.332452 6
22.888502 16.546412 0.216053 6
28.717967 7.409088 9.353567 6
5.801706 11.400289 17.916003 1
11.328686 2.280762 8.926023 1
23.113884 15.638905 17.949115 1
28.397664 6.708916 8.854410 1
5.088750 10.691615 1.092102 1
12.007420 1.772509 9.957235 1
22.241369 16.276888 0.984852 1
29.141973 7.330791 10.101985 1
5.039833 9.502014 17.339434 6
12.257116 0.501953 8.400110 6
22.188857 17.526830 17.280155 6
29.304334 8.524425 8.312026 6
4.091361 9.934157 17.116265 1
12.975696 0.874230 7.962117 1
21.382516 16.958893 17.013489 1
30.237504 8.109431 7.983031 1
4.723102 8.750235 17.790338 1
12.414595 17.768072 8.771922 1
21.937172 0.336039 17.699689 1
29.600389 9.249174 8.859961 1
5.495639 9.375624 16.670427 1
11.584355 0.442412 7.658259 1
22.749453 17.651436 16.521739 1
28.839215 8.691552 7.603277 1
