0.208636 9.543320 8.028105 15
11.603730 13.444344 12.572499 15
11.669312 21.126064 2.296984 15
0.100963 1.849500 18.219418 15
0.953458 10.503296 9.045354 9
10.795982 12.669940 11.393316 9
10.819919 21.985168 1.218040 9
0.897714 1.027672 19.190598 9
11.300122 8.822853 6.870856 9
0.503792 14.369211 13.620531 9
0.556051 20.406064 3.411118 9
11.120954 2.707217 17.054205 9
1.263162 8.388616 8.118313 9
10.542968 14.692303 12.391779 9
10.654512 19.869668 2.194854 9
1.157355 3.160720 18.248041 9
11.317045 9.032024 9.172560 9
0.526591 14.200267 11.364266 9
0.632954 20.521018 1.063383 9
11.085911 2.605458 19.297796 9
0.995014 10.354575 6.877545 9
10.779059 12.730319 13.610095 9
10.873438 21.780487 3.371750 9
0.996963 1.290918 17.012898 9
11.067253 10.837263 7.805514 9
0.783786 12.384169 12.464372 9
0.843640 22.225332 2.383088 9
10.951931 0.665412 18.096409 9
10.989955 9.237829 1.914788 15
0.595153 13.650856 18.582818 15
0.692082 20.925461 8.478105 15
11.041434 2.137642 12.097115 15
11.149127 8.890023 3.307409 9
0.527671 14.304163 17.112335 9
0.613716 20.373749 6.953354 9
11.041647 2.661546 13.558850 9
9.933040 10.207461 2.237367 9
1.952960 12.908440 18.147903 9
2.002244 21.857093 8.102007 9
9.759059 1.279799 12.393741 9
9.954923 8.092707 1.702535 9
1.820961 14.923107 18.866711 9
1.921625 19.656409 8.631661 9
9.809193 3.348934 11.794018 9
0.290689 8.249919 1.419045 9
11.365234 14.939022 19.024713 9
11.591808 19.812784 8.661406 9
0.169298 3.289000 11.637951 9
10.972397 9.659839 0.377041 9
0.782363 13.507020 20.126060 9
0.876568 21.042702 9.886126 9
10.897407 1.980078 10.521770 9
0.370836 10.369944 2.154752 9
11.483110 12.701314 18.325111 9
11.537809 21.900662 8.190169 9
0.319196 1.268203 12.320052 9
7.362470 11.135515 5.199665 6
4.321420 11.775690 15.230364 6
4.396759 22.795712 5.134731 6
7.307114 0.371928 15.436319 6
6.170042 10.545708 4.934280 6
5.781365 12.414933 15.389744 6
5.687134 22.083371 5.181574 6
5.928211 0.997547 15.323303 6
4.828895 11.228839 5.183314 6
6.921053 11.707805 15.283349 6
6.950735 22.711494 5.041677 6
4.794261 0.284581 15.545266 6
3.641401 10.591013 5.008665 6
7.984389 12.496827 15.337599 6
8.171571 22.165360 5.215529 6
3.679149 0.918498 15.164839 6
3.598375 9.279502 4.514787 7
8.129050 13.640467 15.887280 7
8.272689 20.894915 5.676990 7
3.604345 2.185354 14.897422 7
4.677606 8.688695 4.450859 6
7.016402 14.413762 16.000463 6
7.169737 20.196042 5.731725 6
4.667269 2.878374 14.583785 6
5.913979 9.159626 4.576453 6
5.810069 13.779591 15.864911 6
5.782633 20.685223 5.625296 6
5.942404 2.351875 14.878744 6
2.288825 8.651631 4.409363 6
9.331733 14.269007 16.051419 6
9.392302 20.373919 5.942309 6
2.206175 2.779440 14.607839 6
7.492972 12.603468 5.134968 6
4.185876 10.374648 15.332167 6
4.232059 1.117994 5.166589 6
7.428097 21.907760 15.191849 6
8.828173 13.237736 5.010537 6
2.916070 9.890665 15.422127 6
3.027279 1.623412 5.159107 6
8.810279 21.379296 15.195461 6
9.813868 12.267925 5.099975 7
1.952417 10.660626 15.424147 7
1.891957 0.794786 5.148560 7
9.755309 22.325747 15.347744 7
9.807581 11.125849 5.120596 6
1.881773 12.101002 15.200613 6
1.941547 22.634689 5.106642 6
9.715042 0.553771 15.412281 6
8.514098 10.523800 5.259370 6
3.240060 12.616418 15.197561 6
3.334019 21.925330 4.995375 6
8.576206 1.070614 15.368694 6
11.328581 12.915681 5.028098 6
0.387258 10.077539 15.494991 6
0.496630 1.444247 5.176937 6
11.280621 21.592454 15.154826 6
4.103983 12.497254 8.753466 6
7.731871 10.429450 11.717900 6
7.638792 0.990995 1.604541 6
4.109587 21.985203 19.030112 6
4.083130 11.176112 8.441156 6
7.631424 11.801655 11.971018 6
7.654959 22.798150 1.655106 6
4.053452 0.328104 18.684883 6
5.330645 10.635924 8.404369 6
6.403266 12.584702 12.128592 6
6.354328 22.095293 1.795252 6
5.321063 1.028277 18.611274 6
6.660136 11.276729 8.500450 6
5.192031 11.755850 11.889833 6
5.284892 22.780072 1.806679 6
6.509070 0.307140 18.772339 6
6.423250 12.735337 8.570318 6
5.298948 10.454956 11.787026 6
5.316585 1.128811 1.675855 6
6.476900 21.869966 18.869522 6
5.246099 13.216812 8.728634 6
6.370308 9.746553 11.649401 6
6.428098 1.682265 1.429108 6
5.344239 21.235131 18.996240 6
7.718596 13.425088 8.689008 8
4.179083 9.571422 11.711344 8
4.252334 1.824861 1.439355 8
7.644260 21.169832 18.964823 8
8.827866 12.847210 8.608112 6
2.900513 10.269122 11.857008 6
2.890084 1.273802 1.687724 6
8.953563 21.791530 18.797082 6
9.952499 13.856574 8.753137 6
1.801415 9.232159 11.795719 6
1.931065 2.379339 1.465908 6
9.984062 20.653619 18.970308 6
9.955152 14.630016 7.454084 8
1.817465 8.409152 12.863541 8
1.910143 3.171631 2.772733 8
9.838614 19.851771 17.792514 8
10.849425 15.630182 7.597200 6
0.758270 7.373044 12.912798 6
0.887025 4.165443 2.648767 6
10.836723 18.957119 17.736213 6
10.749611 16.709748 6.398242 6
1.121620 6.317568 13.935466 6
1.132961 5.173193 3.701877 6
10.707582 17.868316 16.678000 6
10.734687 16.149833 5.127451 8
0.923309 6.923571 15.237198 8
1.028312 4.591989 4.992946 8
10.721536 18.488110 15.473388 8
10.557618 17.059116 4.146864 6
1.190908 6.039985 16.410548 6
1.258182 5.346739 6.159261 6
10.534858 17.575893 14.319740 6
10.566674 16.271566 2.771973 6
1.199527 6.819575 17.699561 6
1.200399 4.720748 7.413377 6
10.668382 18.358537 13.086638 6
9.634238 15.202225 2.743031 8
2.008411 7.971719 17.708435 8
2.165601 3.622213 7.445019 8
9.511624 19.315488 12.974758 8
9.415956 14.650988 1.398318 6
2.295954 8.452009 18.918817 6
2.237644 3.133497 8.714565 6
9.492549 20.012420 11.630856 6
8.598246 13.392710 1.666463 6
3.224776 9.656329 18.878068 6
3.296659 1.824221 8.614356 6
8.494447 21.208116 11.820305 6
7.208067 13.960927 1.964276 8
4.453493 9.214686 18.342184 8
4.620387 2.320117 8.221677 8
7.181225 20.619616 12.265873 8
6.216823 13.003889 2.064819 6
5.569968 10.068364 18.497008 6
5.644465 1.496490 8.297106 6
6.112159 21.557895 12.278658 6
5.064276 13.533055 2.395713 6
6.815351 9.466108 18.075513 6
6.777210 1.974263 7.925970 6
5.031184 21.051787 12.493496 6
3.929838 12.872974 2.317995 6
7.844806 10.302403 18.183034 6
7.886004 1.273406 8.058067 6
3.826104 21.693346 12.440807 6
4.018740 11.422308 1.967099 6
7.861090 11.581409 18.578915 6
7.894107 22.918473 8.403601 6
3.924601 0.155213 12.156560 6
5.157045 10.975797 1.579120 6
6.488335 12.169379 18.847452 6
6.498236 22.436735 8.634372 6
5.205918 0.685439 11.825168 6
6.422133 11.708856 1.691377 6
5.421558 11.309643 18.713237 6
5.450090 0.175188 8.496184 6
6.376033 22.865620 11.940385 6
5.198673 9.585223 1.389043 8
6.476566 13.561617 19.144292 8
6.511422 21.136110 8.871785 8
5.208725 1.973574 11.531214 8
6.523077 8.893787 1.266016 6
5.252175 14.060656 19.259859 6
5.246091 20.415327 9.121482 6
6.474258 2.611424 11.321600 6
6.265423 7.522191 0.881879 6
5.329077 15.450221 19.646100 6
5.430076 19.096984 9.257871 6
6.348439 4.023487 11.158772 6
5.655355 6.986212 1.970724 8
6.103428 16.183053 18.485543 8
6.150884 18.541034 8.202767 8
5.552660 4.657010 12.225320 8
5.790540 5.472616 2.048996 6
5.975667 17.543534 18.347630 6
6.124697 16.983645 8.278047 6
5.620037 5.946213 12.268825 6
4.665406 4.881145 2.792216 6
7.018006 18.177599 17.523788 6
7.149770 16.434333 7.399258 6
4.719370 6.715445 13.072432 6
4.690840 5.408244 4.148299 8
7.138849 17.604424 16.305623 8
7.209281 17.065229 6.036322 8
4.524826 6.104659 14.367879 8
5.650338 5.136081 5.065319 6
6.118151 17.935585 15.348524 6
6.189805 16.765680 5.177222 6
5.673458 6.366480 15.274284 6
5.425542 5.404982 6.522932 6
6.405660 17.694978 13.902598 6
6.531646 16.896934 3.736647 6
5.214800 6.048326 16.597945 6
5.012230 6.846349 6.651483 8
6.700830 16.227308 13.707806 8
6.781128 18.278559 3.454145 8
4.930555 4.864878 16.852061 8
4.540481 7.008766 8.132792 6
7.190465 16.151380 12.359958 6
7.257505 18.500510 2.211947 6
4.657141 4.582325 18.255947 6
4.213069 8.424154 8.239278 6
7.423738 14.714920 12.272492 6
7.547507 19.998529 1.969787 6
4.184929 3.040425 18.527796 6
5.574409 9.125782 8.305963 8
6.179254 13.882960 12.166918 8
6.335177 20.817991 2.018079 8
5.488485 2.392362 18.396419 8
2.456628 13.428227 2.536672 6
9.176169 9.710264 17.813140 6
9.284528 1.913290 7.547301 6
2.437429 21.270380 12.884632 6
2.324119 13.222050 4.093065 8
9.485604 9.869360 16.517363 8
9.634275 1.641002 6.114710 8
2.171655 21.268677 14.320934 8
2.394823 14.337282 4.848665 6
9.337724 8.742142 15.535244 6
9.342621 2.799049 5.357573 6
2.342365 20.322089 15.041253 6
2.569524 13.936058 6.297982 6
9.268733 9.163774 14.244983 6
9.341369 2.325063 3.947706 6
2.514100 20.698733 16.545862 6
2.635304 14.949294 7.256033 6
9.129169 8.175832 13.283605 6
9.204861 3.297190 3.104284 6
2.609909 19.769089 17.470730 6
2.709288 16.158958 6.762964 6
9.081759 6.759910 13.506963 6
9.123898 4.614837 3.443954 6
2.537810 18.358484 17.066643 6
2.518623 16.557325 5.506470 6
9.130614 6.485138 14.951189 6
9.338198 5.147041 4.703264 6
2.490676 17.956321 15.674562 6
2.432999 15.530288 4.452548 6
9.245196 7.513672 15.922959 6
9.285324 4.002859 5.623213 6
2.412444 19.043764 14.766253 6
2.608428 18.101845 5.185773 6
9.233486 5.062484 15.288218 6
9.251702 6.581864 5.041093 6
2.460792 16.497361 15.275877 6
3.089489 18.913476 6.014798 8
8.699282 4.140973 14.355750 8
8.716253 7.292390 4.036317 8
3.174456 15.693450 16.248241 8
2.817864 14.651802 8.531744 8
9.014985 8.512616 11.997087 8
9.146946 3.086939 1.657693 8
2.749087 20.058322 18.669470 8
2.736046 13.251147 9.000973 6
9.057006 9.790490 11.574216 6
9.098458 1.794923 1.238481 6
2.669926 21.383945 19.260835 6
8.892805 6.137339 8.962934 6
2.848709 16.931305 11.404762 6
3.073268 17.588632 1.203902 6
8.726700 5.388596 19.187951 6
8.267725 5.075783 8.555622 8
3.589921 17.908525 11.869817 8
3.576741 16.749112 1.590591 8
8.069051 6.357980 18.927287 8
8.301596 7.505578 8.722287 6
3.416439 15.525086 11.861884 6
3.525673 19.023874 1.594672 6
8.151625 4.112883 18.870583 6
10.181314 5.938055 9.721305 6
1.616747 17.039845 10.817812 6
1.765958 17.605330 0.490867 6
10.135415 5.553089 19.782405 6
4.856853 12.235422 5.604062 1
6.898297 10.740449 14.951393 1
6.887071 0.630815 4.705051 1
4.919648 22.369366 15.698309 1
2.927675 11.219584 5.130890 1
8.933748 11.980605 15.360645 1
8.967593 22.646094 5.060164 1
2.812804 0.328982 15.388848 1
4.640530 7.715191 4.052833 1
7.153004 15.382096 16.310422 1
7.180903 19.194075 6.076896 1
4.625819 3.768980 14.253257 1
6.754930 8.606884 4.545462 1
5.019189 14.329433 16.004451 1
5.079940 20.191641 5.755635 1
6.831146 2.841514 14.759438 1
2.540511 7.726257 4.030392 1
9.248466 15.210801 16.474555 1
9.250569 19.317069 6.197597 1
2.331544 3.803736 14.239071 1
1.771159 8.703397 5.217707 1
10.011535 14.401751 15.326779 1
10.064320 20.301572 5.032735 1
1.635886 2.793503 15.270637 1
1.777868 9.241503 3.523442 1
9.799769 13.859534 16.851056 1
9.998573 20.791933 6.692320 1
1.834400 2.194671 13.784844 1
6.730025 13.217816 4.899544 1
4.985470 9.772262 15.427333 1
5.089546 1.732461 5.183350 1
6.686847 21.407333 15.120296 1
8.861417 14.075096 4.982368 1
2.760431 8.961114 15.391929 1
2.797870 2.687511 5.314662 1
8.926546 20.516786 15.147158 1
10.555527 10.469305 5.328921 1
1.110911 12.598110 15.186085 1
1.248998 22.070473 4.964934 1
10.641472 0.998169 15.507777 1
8.418062 9.493628 5.366493 1
3.174821 13.584715 14.991189 1
3.356470 21.085421 4.818003 1
8.507026 2.076080 15.584728 1
0.088984 12.213469 4.990530 1
11.658160 10.962075 15.380486 1
11.733191 0.748658 5.105524 1
0.074911 22.299142 15.194380 1
11.485082 13.581324 5.632228 1
0.304968 9.558734 14.700022 1
0.392908 1.961170 4.584974 1
11.404183 21.067120 15.874322 1
11.369721 13.477293 4.046936 1
0.486399 9.674067 16.339572 1
0.428022 1.886183 6.084057 1
11.361908 21.097767 14.320960 1
3.370414 10.649431 8.539596 1
8.421983 12.384558 11.976275 1
8.445034 22.201435 1.780279 1
3.347391 0.918921 18.722184 1
7.418338 10.847893 8.335850 1
4.383072 12.380971 12.095096 1
4.342556 22.243802 1.913583 1
7.343031 0.677789 18.620175 1
5.184487 14.356560 8.830433 1
6.524920 8.796072 11.535652 1
6.521966 2.815388 1.402980 1
5.279914 20.273853 19.042364 1
9.040313 12.100215 9.344747 1
2.722088 10.820685 11.014576 1
2.704727 0.588671 0.968106 1
8.989468 22.501599 19.669374 1
8.951426 12.391282 7.756621 1
2.769814 10.719606 12.742887 1
2.752161 0.747134 2.478459 1
8.839833 22.214054 17.879027 1
9.854667 14.468108 9.553724 1
1.976512 8.584573 11.004332 1
1.893992 2.953404 0.689645 1
9.789357 20.226763 19.787550 1
10.804897 13.409235 8.718473 1
0.926641 9.696851 11.638265 1
1.001783 1.837533 1.466539 1
10.750428 21.126480 18.902686 1
10.878523 16.180780 8.412971 1
0.805004 6.862154 12.113127 1
0.906988 4.645513 1.735446 1
10.956504 18.342361 18.709443 1
11.790268 15.344533 7.419196 1
-0.020291 7.893389 13.148547 1
0.020111 3.804252 2.896965 1
11.757535 19.378116 17.542101 1
11.400638 17.367620 6.435657 1
0.485846 5.651554 13.884156 1
0.450704 5.902606 3.610280 1
11.350528 17.146139 16.662970 1
9.700922 17.113415 6.517623 1
2.075118 5.942994 13.944614 1
1.939427 5.559582 3.623544 1
9.780250 17.507169 16.677671 1
11.214663 17.651097 4.143840 1
0.675356 5.258277 16.416511 1
0.717384 6.184010 6.152209 1
11.003393 16.868863 14.261850 1
9.592239 17.215301 4.289948 1
2.269439 5.693671 16.187705 1
2.210922 5.805763 6.057504 1
9.593436 17.296200 14.513928 1
10.466938 16.839261 2.010960 1
1.307316 6.214348 18.461952 1
1.306519 5.271074 8.125594 1
10.342307 17.838885 12.321574 1
11.584681 15.832578 2.822556 1
0.306062 7.232751 17.645491 1
0.339846 4.266228 7.426896 1
11.458912 18.745095 12.920357 1
9.022082 15.337428 0.827266 1
2.768683 7.765470 19.486178 1
2.651580 3.861226 9.292283 1
9.127142 19.199085 11.042474 1
10.413629 14.299734 1.128321 1
1.410836 8.735740 19.268311 1
1.465303 2.755168 9.201690 1
10.347412 20.263698 11.420981 1
8.978155 12.806926 2.215937 1
2.724466 10.330275 18.227811 1
2.883192 1.272452 7.924114 1
8.807361 21.914369 12.527491 1
8.537861 13.034131 0.590685 1
3.296399 9.932922 19.712212 1
3.325405 1.565847 9.607075 1
8.413359 21.628231 10.805571 1
4.960793 14.572082 2.485509 1
6.862788 8.578319 17.922096 1
6.904690 3.038309 7.630571 1
4.825891 20.102753 12.842543 1
3.148668 10.961383 1.895307 1
8.550181 12.143880 18.726692 1
8.670295 22.401703 8.332067 1
3.074829 0.560425 12.008124 1
7.264004 11.253819 1.475120 1
4.401293 11.715006 19.002875 1
4.581015 22.891104 8.642223 1
7.314222 0.261591 11.723618 1
6.990411 9.409729 0.465639 1
4.739320 13.643242 19.997033 1
4.820440 20.973284 9.857531 1
7.005464 2.112847 10.686232 1
7.141643 9.080443 2.076719 1
4.636959 14.058569 18.431148 1
4.866410 20.682883 8.092331 1
7.090104 2.513367 12.259781 1
7.188311 7.097681 0.720960 1
4.445616 15.905897 19.537857 1
4.606847 18.581456 9.428331 1
7.164357 4.514411 11.053039 1
5.848717 7.499504 0.041804 1
6.016023 15.685315 0.022706 1
5.919908 19.022571 10.185447 1
5.872912 4.103341 10.262659 1
6.696248 5.355397 2.393600 1
5.169214 17.789771 18.159388 1
5.191940 16.922345 7.868160 1
6.546556 6.121660 12.638930 1
5.648420 5.110503 1.111436 1
6.124190 17.847443 19.309578 1
6.131313 16.797566 9.231641 1
5.553963 6.280977 11.390715 1
4.935281 3.867260 2.902242 1
6.826697 19.155581 17.544331 1
6.949042 15.426081 7.284126 1
4.765042 7.538556 13.187856 1
3.853997 4.957774 2.308033 1
8.027247 17.985886 18.105478 1
8.054094 16.462426 7.868664 1
3.802156 6.605966 12.695916 1
6.439487 5.989280 4.738254 1
5.429189 17.125870 15.715622 1
5.489767 17.413784 5.410706 1
6.413083 5.543056 15.079566 1
5.994317 4.323822 4.893842 1
5.662026 18.795940 15.573820 1
5.836369 15.848287 5.384971 1
5.985496 7.186571 15.163644 1
6.141012 5.064472 7.016041 1
5.555894 17.902067 13.346993 1
5.772332 16.652727 3.178837 1
5.999494 6.381381 17.324423 1
4.556488 4.792837 6.594658 1
7.160975 18.173757 13.772234 1
7.296666 16.398874 3.595772 1
4.555324 6.783659 16.968378 1
5.415346 6.656776 8.735312 1
6.351795 16.365781 11.823388 1
6.444730 18.286348 1.631574 1
5.345156 4.899975 18.849186 1
3.827560 6.463209 8.258389 1
7.838482 16.624065 12.160877 1
7.995095 17.898301 2.040215 1
3.768073 5.122446 18.462902 1
3.822521 8.570914 9.238044 1
8.003562 14.464004 11.210838 1
8.077153 20.066549 1.107163 1
3.721996 2.895846 19.451399 1
3.694379 8.729583 7.605988 1
8.068990 14.434751 12.986547 1
8.059773 20.254281 2.741578 1
3.535285 2.879670 17.668297 1
2.476396 14.260048 2.321185 1
9.377009 8.639413 18.072174 1
9.422324 2.764863 7.941639 1
2.522223 20.324560 12.637680 1
1.861740 12.958322 2.071594 1
9.924323 10.227425 18.375943 1
10.072857 1.310123 8.131227 1
1.721009 21.772554 12.377767 1
2.619933 13.000702 6.457877 1
9.220582 10.052908 14.058541 1
9.348709 1.479463 3.727550 1
2.498411 21.579348 16.774282 1
2.682588 16.914294 7.655643 1
9.087752 6.168600 12.790820 1
9.069414 5.421997 2.706195 1
2.615990 17.753946 17.858039 1
2.346449 15.807023 3.568458 1
9.429331 7.262073 16.905426 1
9.421019 4.382818 6.757218 1
2.426061 18.627672 13.740977 1
1.681371 18.306078 4.999484 1
10.248115 4.653772 15.481938 1
10.172712 6.892284 5.289172 1
1.468212 16.261290 15.278888 1
3.070246 18.097298 4.219006 1
8.620446 4.988620 16.243967 1
8.723765 6.601588 5.934688 1
3.055254 16.400380 14.535863 1
2.509658 13.162963 9.975842 1
9.087303 9.808787 10.567478 1
9.324927 1.701365 0.236761 1
2.623131 21.357720 20.140877 1
2.080244 12.770970 8.358694 1
9.734940 10.351490 12.014272 1
9.792804 1.251952 1.842844 1
2.124441 21.849088 18.767933 1
10.394609 6.869513 9.831716 1
1.304542 16.179819 10.514866 1
1.422605 18.542307 0.330082 1
10.452175 4.572363 19.992637 1
10.015329 5.417547 10.459492 1
1.720288 17.466214 9.866734 1
1.736080 16.968245 20.220057 1
10.105532 5.925923 0.313749 1
10.697573 5.643998 8.991863 1
0.946164 17.424454 11.410384 1
0.978495 17.079350 1.170089 1
10.815258 5.929737 19.180260 1
8.887360 8.159570 9.116601 1
2.829386 14.838073 11.490033 1
2.775306 19.699089 1.167074 1
8.911426 3.281545 19.272575 1
7.460874 7.719034 9.159964 1
4.382195 15.497211 11.435119 1
4.461992 19.258311 1.091168 1
7.312247 3.877468 19.346934 1
8.213581 7.700978 7.682426 1
3.633381 15.496836 12.828644 1
3.643340 19.141693 2.482436 1
8.234599 3.887477 17.935819 1
