2.553110 17.033587 4.158219 11
5.742224 6.946326 8.566500 11
4.386371 15.580848 3.900578 8
3.786377 5.546124 8.995703 8
5.484698 16.261503 2.139288 8
2.657398 6.256684 10.705636 8
3.900790 12.967443 3.178108 8
4.477066 2.748796 9.729381 8
1.884895 14.479754 4.266724 8
6.459110 4.365019 8.530877 8
2.515641 14.234519 4.204073 1
5.576058 4.122728 8.682457 1
-1.552307 15.413475 9.894125 8
9.777129 5.274914 2.819373 8
2.080446 17.854429 8.170998 8
6.139248 7.693626 4.640181 8
2.809016 16.558472 6.423261 8
5.402288 6.528926 6.313969 8
5.218589 15.313149 6.793205 8
3.039404 5.242660 6.107588 8
4.360552 15.990976 6.042657 1
3.905746 6.024767 6.725663 1
4.340527 18.360642 2.765888 8
3.938233 8.163011 10.053142 8
2.970253 19.336884 1.189929 8
5.186054 9.226805 11.806427 8
4.545317 0.841203 3.749166 8
3.752491 10.835902 9.012849 8
2.578143 19.239172 4.862437 8
5.662446 9.109935 7.847299 8
2.947734 19.611424 4.211285 1
5.199773 9.420166 8.491746 1
9.519591 18.121575 6.271389 8
-1.170443 7.987879 6.636565 8
-1.179766 15.547112 3.612165 8
9.506556 5.440714 9.115518 8
0.079057 17.184271 4.292034 8
8.151288 7.100247 8.501464 8
1.534468 17.433359 1.910618 8
6.794656 7.290305 10.773239 8
2.154610 17.830514 1.652308 1
6.256928 7.781018 11.164528 1
5.235214 15.367220 3.130774 6
3.027562 5.141959 9.709589 6
5.989736 13.908715 2.775559 6
2.322347 3.872416 9.885181 6
7.196647 14.082479 2.016330 6
1.095394 4.097005 10.928162 6
7.698647 14.948660 2.219490 1
0.543620 4.687471 10.546677 1
6.950743 14.372788 1.065567 1
1.345020 4.188537 11.695902 1
7.738212 13.362290 1.992053 1
0.614469 3.154217 10.884669 1
6.398365 13.498840 4.169643 6
1.785354 3.397532 8.541797 6
6.948373 12.660499 4.218097 1
1.280648 2.640716 8.678739 1
5.609600 13.176791 4.672912 1
2.692572 3.165882 8.066317 1
6.824980 14.302033 4.689862 1
1.321426 4.237989 8.060828 1
4.859124 13.021928 2.151462 6
3.300521 2.927928 10.647913 6
4.669183 13.421508 1.418013 1
3.615880 3.422344 11.405788 1
5.374287 11.683504 1.910205 6
2.863473 1.513250 10.949554 6
6.261401 11.814618 1.168012 1
2.028954 1.720074 11.672285 1
5.798018 11.134138 2.697138 1
2.313211 1.111431 10.239966 1
4.347417 10.680724 1.232446 6
3.759420 0.751024 11.484662 6
4.817365 9.909540 1.116344 1
3.575783 19.936369 11.629506 1
4.092878 11.090210 0.410683 1
4.037713 1.011235 12.490854 1
3.116549 10.782362 2.230914 6
4.995314 0.682646 10.638766 6
2.378219 10.318016 1.853676 1
5.786724 0.101242 11.028077 1
3.438317 10.339271 3.091321 1
4.830756 0.161463 9.694597 1
2.733507 12.154073 2.498320 6
5.573449 2.116957 10.372239 6
2.488309 12.660016 1.631053 1
5.759939 2.456095 11.056463 1
1.613933 12.241398 3.499529 6
6.594685 2.179578 9.336099 6
0.935579 11.661308 3.159997 1
7.367583 1.461340 9.502069 1
1.911758 11.857791 4.319375 1
6.397540 1.686808 8.435987 1
0.956200 13.598370 3.835449 6
7.288788 3.419827 9.009172 6
0.755956 13.895060 2.890146 1
7.570924 3.795827 10.048360 1
-0.206955 13.454676 4.680372 6
8.524099 3.423071 8.200858 6
-0.999651 12.943213 4.224170 1
9.265198 2.755693 8.548605 1
-0.110752 13.015633 5.497920 1
8.192103 2.932178 7.436242 1
-0.974318 14.825846 5.065040 6
9.070581 4.785303 7.802992 6
-0.197080 15.396933 5.529686 1
8.489281 5.198476 7.429626 1
-2.218304 14.816087 5.838651 6
10.434272 4.666255 6.983529 6
10.791501 15.626143 5.747445 1
-2.648259 5.695179 7.124905 1
10.202554 13.908407 5.217252 6
-1.933010 3.733489 7.596179 6
10.497172 12.932357 5.303579 1
-2.237709 2.929325 7.561747 1
10.019566 14.013768 4.320929 1
-1.814519 3.943012 8.573401 1
9.337543 13.929910 5.621788 1
-1.096496 3.861032 7.153635 1
-1.772431 14.500888 7.185414 6
10.155698 4.292088 5.602451 6
-1.675139 13.508900 7.391225 1
9.833056 3.452420 5.498776 1
-1.005522 15.038345 7.503502 1
9.345586 4.893350 5.290280 1
-3.055063 14.582008 8.098656 6
11.332260 4.609285 4.721737 6
10.066306 15.475329 7.986203 1
-1.852075 5.561341 4.731044 1
9.740442 14.023041 7.868788 1
-1.370574 3.863120 4.780005 1
-2.688547 14.435512 9.589775 6
10.963103 4.471482 3.120571 6
-2.324455 13.628739 9.819937 1
10.731207 3.526937 3.068046 1
-3.844453 14.806054 10.527628 6
12.112382 4.619259 2.155802 6
-4.207989 15.608562 10.425182 1
-0.837188 5.620097 2.510018 1
8.818439 14.096900 10.390817 1
-0.516411 4.038725 2.352978 1
-3.465763 14.749183 12.026889 6
11.702567 4.679745 0.811287 6
-3.275097 13.806657 12.301901 1
11.596789 3.551758 0.479978 1
-4.200874 15.026824 12.565680 1
12.508905 4.922202 0.208638 1
-2.220800 15.550109 12.192000 6
10.424625 5.516956 0.573784 6
3.141281 15.521244 0.355100 1
5.018091 5.278265 12.479269 1
-2.467550 16.467182 12.282144 1
10.804582 6.475780 0.682648 1
-1.104566 15.226440 11.352818 6
9.460317 5.184136 1.516014 6
-0.858148 14.314869 11.531422 1
9.030570 4.163585 1.437846 1
0.076202 16.221194 11.503003 6
8.190710 6.041260 1.394179 6
0.314875 16.186384 12.354895 1
8.010513 6.073356 0.469542 1
-0.280999 17.056879 11.239569 1
8.444807 6.915933 1.623510 1
1.213914 15.639435 10.624843 6
6.977831 5.705537 2.198178 6
0.953367 15.640609 9.671823 1
7.369292 5.700992 3.251619 1
1.431353 14.882213 10.861010 1
6.858603 4.715781 1.883448 1
2.424879 16.618316 10.801762 6
5.819735 6.434263 2.025561 6
2.274325 17.426125 10.394196 1
5.962804 7.453665 2.298218 1
2.651195 16.635945 11.840689 1
5.476842 6.518486 1.069705 1
3.641789 16.045953 10.047661 6
4.666793 6.051202 2.833728 6
4.558421 15.310879 10.736424 6
3.599718 5.249849 2.073618 6
4.547071 15.458736 11.665394 1
3.766199 5.238023 1.161099 1
5.810876 14.802868 10.131284 6
2.590832 4.720023 2.694806 6
6.361329 14.384360 10.814028 1
1.871988 4.311687 2.144685 1
5.882874 14.833798 8.793144 6
2.373115 4.704160 3.998559 6
6.600563 14.359191 8.388069 1
1.580254 4.335757 4.306517 1
4.930940 15.464768 8.054984 6
3.225274 5.274733 4.759551 6
3.873149 16.059924 8.651293 6
4.452738 6.020683 4.173626 6
2.989405 16.924607 7.735784 6
5.328669 6.787186 5.119345 6
4.124641 19.265337 1.905563 6
4.109663 9.253139 11.047650 6
5.139677 0.089817 1.570488 6
3.120369 10.251174 11.245066 6
6.312897 19.576154 0.791194 6
1.849870 9.403300 11.952002 6
7.159717 0.036450 0.837918 1
1.116384 10.120361 11.919494 1
0.803064 19.237204 12.714351 1
2.112335 9.226218 12.785220 1
6.595923 18.841545 1.372016 1
1.568327 8.598352 11.380953 1
4.700931 1.211427 0.676301 6
3.579173 11.300947 12.045271 6
3.952256 1.715671 1.332721 1
4.325678 11.896213 11.611455 1
4.386211 0.931046 0.010348 1
9.192921 11.045936 0.122774 1
5.452139 1.775913 0.501826 1
2.721505 11.983854 12.235271 1
5.767081 0.525825 2.992592 6
2.626211 10.630033 9.808237 6
6.135176 19.914669 3.382293 1
1.948344 9.826127 9.341276 1
6.517763 1.809470 3.086205 6
1.637893 11.998186 9.863169 6
7.452658 1.679838 2.451625 1
0.817228 11.721334 10.307182 1
6.017397 2.631401 2.515316 1
2.212030 12.637805 10.313240 1
6.946797 2.339544 4.474388 6
1.370138 12.351950 8.375411 6
7.490837 1.658401 4.899636 1
0.741614 11.698589 7.954410 1
7.356624 3.094818 4.410456 1
0.845087 13.219272 8.419152 1
5.582359 2.510056 5.331625 6
2.629110 12.582932 7.590802 6
5.905657 2.542714 6.211616 1
2.378181 12.664848 6.597572 1
5.059864 3.101981 4.967953 1
3.107948 13.220181 7.846093 1
4.800990 1.110992 5.187058 6
3.468332 11.190718 7.551281 6
5.361885 0.447924 5.585187 1
2.812663 10.406654 7.264080 1
3.671220 1.049072 5.978673 6
4.679400 11.132583 6.808394 6
2.945859 1.700591 5.548042 1
5.315953 11.682779 7.284165 1
3.778847 1.575707 6.814040 1
4.522963 11.582846 5.929263 1
2.955452 19.940466 6.079783 6
5.184720 9.848013 6.676915 6
3.623995 19.373895 6.541357 1
4.492245 9.219900 6.257635 1
1.774427 19.919600 7.101373 6
6.410327 9.756710 5.837019 6
2.015176 0.162950 7.848708 1
6.253499 10.268228 4.935743 1
1.104511 0.236334 6.594664 1
7.195403 10.356258 6.245153 1
1.077609 18.525620 7.358820 6
7.125411 8.506145 5.398807 6
1.059928 17.914891 6.632273 1
7.193830 7.814149 6.191391 1
-0.133318 18.603074 8.279685 6
8.256317 8.398509 4.541368 6
-0.216293 17.534486 8.632723 1
8.547476 7.457257 4.222899 1
0.091877 19.419588 9.440998 6
8.150641 9.424822 3.254724 6
0.956038 19.368986 9.943770 1
7.278910 9.258960 2.813732 1
-0.713050 19.377251 10.062895 1
8.979129 9.254256 2.711826 1
0.002947 0.209418 9.236730 1
8.332739 10.423209 3.704698 1
-1.426218 18.820300 7.414917 6
9.484390 8.737288 5.303018 6
-1.264073 18.438697 6.493130 1
9.662695 8.185061 6.150218 1
-1.298507 19.880094 7.148809 1
9.468114 9.829393 5.560918 1
-2.536605 18.599781 8.113907 6
10.854292 8.590289 4.642371 6
-2.646862 17.780722 8.415457 1
10.834734 7.606936 4.426070 1
-2.534492 19.267363 9.001401 1
10.941262 9.028951 3.856063 1
9.449712 18.826006 7.319283 6
-1.302493 8.854467 5.305837 6
9.449334 19.823606 7.122353 1
-1.336142 9.664117 5.682189 1
8.196801 18.641264 8.202838 6
-0.028802 8.523711 4.541325 6
8.334301 17.603219 8.692929 1
-0.006525 7.526745 4.074540 1
8.296592 19.130197 8.964498 1
-0.085169 9.227378 3.766043 1
6.990372 18.813097 7.565120 6
1.350782 8.705236 5.433991 6
6.842216 19.668435 7.269484 1
1.360565 9.686962 5.483182 1
6.201235 18.376519 8.097579 1
2.080093 8.353843 4.756918 1
7.013563 17.948119 6.150331 6
1.237554 7.918373 6.731516 6
7.099889 16.946357 6.376493 1
1.163968 6.921923 6.335227 1
6.384375 18.227822 5.577901 1
1.870182 8.105329 7.297263 1
8.350275 18.290520 5.451571 6
-0.120593 8.120366 7.365999 6
8.277553 19.298755 5.150696 1
-0.124095 9.109416 7.731023 1
8.551013 17.490539 4.201636 6
-0.375591 7.422653 8.531639 6
7.803227 17.449888 3.635519 1
0.417480 7.477323 9.122232 1
8.632410 16.490662 4.376724 1
-0.461754 6.402963 8.320510 1
9.714068 17.908686 3.346095 6
-1.507190 7.763182 9.487687 6
10.487645 17.876698 3.983028 1
-2.399971 7.708617 8.803850 1
9.725343 18.784477 3.112552 1
-1.491059 8.697713 9.868007 1
10.001521 16.974922 2.256699 6
-1.790784 6.802700 10.615915 6
10.154130 16.028956 2.527080 1
-1.801837 5.877756 10.197676 1
9.298925 16.922638 1.607407 1
-1.126561 6.882169 11.143815 1
11.354112 17.182060 1.355863 6
-3.083851 7.124751 11.345136 6
11.231163 17.757403 0.253226 6
-3.091697 7.576738 12.634801 6
5.192883 17.861367 12.605495 1
3.007537 7.664896 0.199984 1
7.199085 18.169987 12.254251 6
1.022830 8.086830 0.587633 6
7.209279 18.470916 11.391942 1
1.098495 8.232804 1.378812 1
0.248504 18.063035 0.150469 6
8.042603 7.978315 12.735739 6
-4.179191 18.240472 12.397147 1
12.425439 8.270759 0.506031 1
0.270119 17.613038 1.375260 6
8.003951 7.526939 11.548514 6
12.519306 17.143346 2.055123 6
-4.269775 6.990824 10.663162 6
-0.598601 16.694545 3.553278 6
8.850881 6.474767 9.306493 6
8.327721 10.464140 9.506848 6
-0.135281 0.305704 3.335837 6
7.944572 9.518896 9.148231 1
0.330996 19.669829 3.604274 1
8.644972 10.164026 10.538483 1
-0.548316 0.053508 2.442060 1
7.325089 11.526437 9.814198 17
0.951998 1.534328 3.150729 17
9.774523 10.894140 8.434654 17
-1.579391 0.732114 4.261414 17
8.647940 9.591008 9.121874 1
-0.410119 19.677147 3.770601 1
7.455555 10.284069 9.984744 1
0.682247 0.103560 2.885752 1
8.356903 11.638615 8.456935 17
-0.098802 1.609112 4.458238 17
-3.780083 10.689521 10.919097 17
12.071281 0.706563 2.037933 17
12.015362 11.615461 0.505552 6
-3.729447 1.691449 12.242271 6
6.361425 11.364497 12.555328 1
1.972688 1.333386 0.309087 1
13.080358 11.598336 0.321680 1
-4.849626 1.553861 12.528271 1
11.700441 13.433530 0.683367 17
-3.403840 3.389224 12.147009 17
11.661870 10.762073 2.007037 17
-3.487028 0.795101 10.928601 17
11.833305 10.791317 0.434695 1
-3.720757 0.586053 12.411060 1
6.476356 12.034949 12.622065 1
1.841610 2.071014 0.296462 1
10.912862 12.210384 1.962660 17
-2.627570 2.184266 10.989172 17
13.166130 11.883280 0.380098 17
-4.910491 1.783046 12.327613 17
