9.176112 0.955134 8.822259 16
4.378992 4.401018 5.162218 16
0.422187 6.439654 12.153241 16
5.110997 9.878987 1.831918 16
0.936194 1.766057 8.470385 8
5.549904 3.736026 5.630904 8
8.701611 7.207549 12.729349 8
3.966441 9.111167 1.416522 8
8.220694 0.708543 7.521515 8
3.473277 4.641150 6.447449 8
1.425452 6.294593 13.432737 8
6.181676 10.016585 0.565584 8
7.350274 1.917567 7.245442 6
2.587001 3.384932 6.654572 6
2.051797 7.330754 13.674355 6
7.026323 8.917890 0.238741 6
7.341432 2.750617 8.575762 6
2.475113 2.799077 5.364622 6
2.377708 8.178185 12.363541 6
7.060663 8.313958 1.658613 6
8.050012 2.079348 9.577017 6
3.345888 3.244728 4.373900 6
1.401256 7.567715 11.339886 6
6.134456 8.643450 2.628006 6
8.135830 2.650934 10.826123 6
3.403898 2.803973 3.138295 6
1.539545 8.153085 10.141903 6
6.182778 8.314840 3.900798 6
7.167935 3.571028 11.164274 6
2.288175 1.850803 2.881030 6
2.481747 9.043150 9.884610 6
7.249958 7.350920 4.110523 6
6.204538 4.176988 10.268165 6
1.585660 1.186359 3.740492 6
3.253837 9.571379 10.865534 6
7.983917 6.814099 3.226149 6
6.324611 3.637409 8.974600 6
1.517829 1.791615 5.084605 6
3.223465 9.156356 12.172269 6
7.965534 7.303151 1.995871 6
9.027371 2.100657 11.953281 6
4.171707 3.414527 1.891008 6
0.613577 7.601597 8.898190 6
5.378322 8.881651 5.102586 6
8.793934 2.690459 13.441373 6
3.916711 2.747728 0.642910 6
0.846837 8.102011 7.513171 6
5.664487 8.202997 6.488625 6
0.963180 2.360077 11.778415 6
5.705586 3.071353 2.251302 6
8.568392 7.861706 9.268980 6
3.802666 8.528210 4.706388 6
8.875876 0.549941 12.221577 6
3.985666 4.811805 1.809873 6
0.823028 6.100983 8.799897 6
5.587997 10.313938 5.192405 6
5.114855 5.090494 10.568979 6
0.325549 0.293377 3.370235 6
4.384846 10.555814 10.411697 6
9.067431 5.667794 3.576056 6
3.924490 4.515736 10.800792 6
8.652031 1.106391 3.156858 6
5.624885 9.846211 10.161303 6
0.888858 6.434903 3.737229 6
5.099945 6.244518 9.374441 6
0.157360 10.227377 4.514733 6
4.486439 0.759176 11.447832 6
9.348715 4.636171 2.473659 6
5.458926 5.968583 11.828506 6
0.714099 10.331003 2.052465 6
3.976879 0.471021 9.075083 6
8.744981 4.911413 4.791624 6
7.889261 2.493161 6.505148 1
3.005967 2.862472 7.361894 1
1.738071 7.937047 0.492604 1
6.467809 8.250576 13.576465 1
6.565254 1.662890 6.918568 1
1.685567 3.789138 7.092590 1
2.910251 7.171414 13.993552 1
7.740665 9.322584 13.869956 1
7.042310 3.943369 12.020949 1
2.343782 1.439043 1.964210 1
2.557592 9.362088 8.984793 1
7.299713 7.022334 5.039338 1
5.671236 3.897616 8.216604 1
0.973416 1.410966 5.735533 1
3.866051 9.357174 12.813792 1
8.592501 7.003989 1.316388 1
9.360025 2.370427 0.114834 1
4.542951 3.039156 13.976517 1
0.173326 7.804247 7.030383 1
4.928893 8.619244 7.032786 1
7.736443 2.483840 13.774208 1
2.971351 2.929376 0.325474 1
1.777375 7.882139 7.311759 1
6.482602 8.485800 6.718681 1
8.805872 3.729468 13.425608 1
4.035427 1.792150 0.692905 1
0.714520 9.220260 7.567988 1
5.587466 7.250669 6.477004 1
1.058659 3.298588 11.703179 1
5.896396 2.247638 2.426372 1
8.558290 8.815737 9.369878 1
3.743112 7.507854 4.614203 1
1.544018 2.088867 12.498988 1
6.299754 3.412204 1.599265 1
8.149209 7.515379 8.445991 1
3.332254 8.724766 5.372597 1
1.182463 2.075714 10.919121 1
5.938295 3.389831 3.148153 1
8.429670 7.509424 10.056272 1
3.526967 8.788632 3.814392 1
9.322390 0.269614 12.934216 1
4.709063 5.247257 0.992744 1
0.114660 5.538242 8.146903 1
5.007058 10.689718 5.887420 1
9.163691 0.129310 11.437605 1
4.453684 5.295902 2.612243 1
0.412389 5.597224 9.586434 1
5.287614 10.846899 4.442669 1
7.956739 0.301012 12.419632 1
3.130456 5.040171 1.539574 1
1.593739 5.754947 8.704719 1
6.440925 10.511215 5.441556 1
3.158882 5.153077 11.033209 1
7.847884 0.381754 2.951845 1
6.365027 10.537126 9.989769 1
1.732155 5.822904 3.916455 1
3.569120 3.902599 9.968727 1
8.353947 1.524462 4.081776 1
6.028052 9.389997 10.909292 1
1.197380 7.041033 2.926843 1
3.842710 3.858165 11.455970 1
8.746603 1.678943 2.422688 1
5.720836 9.311383 9.476132 1
0.914110 7.076978 4.600664 1
5.910044 6.702622 9.348286 1
1.086854 9.705775 4.768368 1
3.660208 1.272942 11.817734 1
8.472930 4.248023 2.282362 1
4.602177 5.880721 8.713554 1
9.547301 10.497241 5.373931 1
4.864638 0.290166 12.364926 1
0.098530 5.006304 1.703659 1
4.285407 6.913266 9.715150 1
9.184100 9.459995 4.310583 1
5.237927 1.368804 11.223472 1
0.516947 4.080325 2.844326 1
6.471037 6.422605 11.887347 1
1.593801 9.948407 2.215531 1
3.218449 0.986127 9.283346 1
7.845911 4.520169 4.817743 1
5.381737 5.312490 12.663981 1
0.760873 0.009201 1.400842 1
3.998342 0.014045 8.289383 1
8.828977 5.568123 5.603522 1
4.844249 6.606727 11.963286 1
0.151823 9.608638 2.070903 1
4.794695 1.175603 8.942861 1
0.039184 4.272929 5.041125 1
