3.343782 11.987424 2.341450 8
1.771888 10.725834 8.359402 8
1.193802 0.539262 2.511502 8
-0.343336 22.093324 8.310338 8
-1.707633 15.106530 11.615928 8
-0.245246 7.562333 5.851864 8
0.386455 3.751484 11.608015 8
1.883115 19.039162 5.824842 8
1.121271 7.337567 9.085273 8
2.660190 15.321406 3.070124 8
-1.111529 18.703549 9.103679 8
0.410392 4.050912 3.128493 8
3.357920 6.278267 3.513274 8
1.723440 16.322944 9.368505 8
1.139532 17.795847 3.534462 8
-0.406651 5.026761 9.408582 8
2.438851 11.387383 0.393122 7
0.955358 11.367281 6.235935 7
0.260075 22.652320 0.460858 7
-1.304309 0.117526 6.277150 7
2.372956 13.554492 1.232692 7
0.811676 9.322177 7.069519 7
0.108042 2.048921 1.116633 7
-1.439722 20.679288 7.047267 7
2.842273 12.341177 1.486827 6
1.137000 10.507504 7.221795 6
0.634128 0.959670 1.457941 6
-0.919607 21.766822 7.218487 6
1.643922 14.051743 0.027042 6
0.093705 8.749479 5.843264 6
3.822941 2.615847 0.014609 6
2.308856 20.187763 5.801229 6
-1.684253 13.004268 10.721745 6
-0.005421 9.826763 4.772952 6
0.505565 1.531179 10.657749 6
2.051459 21.117444 4.822694 6
-1.152183 11.663958 10.833275 6
0.390457 11.005975 4.985102 6
1.048471 0.318533 10.979637 6
2.546373 22.431804 4.999512 6
2.911634 10.022740 0.512293 6
1.310559 12.754779 6.295845 6
0.737390 21.358378 0.457645 6
-0.841650 1.343560 6.291871 6
0.520821 9.339733 11.263154 6
2.133429 13.332194 5.406691 6
-1.650698 20.741672 11.257634 6
0.005416 2.074533 5.347356 6
0.942295 8.011540 11.410748 6
2.496694 14.703502 5.539322 6
-1.165146 19.386240 11.395876 6
0.363579 3.302423 5.461504 6
3.622789 7.296650 0.709384 6
1.992978 15.504053 6.585105 6
1.494542 18.588361 0.686537 6
-0.213457 4.070320 6.563283 6
2.834631 7.788472 1.660242 6
1.298087 14.931435 7.483493 6
0.625784 19.190238 1.615446 6
-0.888417 3.599799 7.581624 6
2.513123 9.122997 1.633770 6
0.801793 13.583581 7.349851 6
0.333783 20.658096 1.603503 6
-1.299715 2.259408 7.351956 6
-2.563430 7.401806 10.231620 6
-1.107689 15.389765 4.429955 6
-0.332224 18.841505 10.142305 6
1.099602 3.871839 4.292242 6
2.377608 7.002633 2.885506 6
0.634043 15.653708 8.597702 6
0.184584 18.449588 2.887121 6
-1.351934 4.306461 8.667970 6
2.338857 14.133526 1.747851 1
0.769298 8.650574 7.760582 1
0.325677 2.879853 1.829119 1
-1.224513 19.952224 7.671541 1
-1.931129 13.126301 9.751790 1
-0.393560 9.530533 4.058581 1
0.173637 1.909533 9.767751 1
1.696091 21.012689 3.953722 1
-1.365172 11.043333 10.264940 1
0.144976 11.731318 4.413770 1
0.729542 22.370482 10.167605 1
2.325170 0.242701 4.293408 1
0.793281 9.824563 10.432334 1
2.491280 12.909928 4.711467 1
-1.317780 21.152534 10.615484 1
0.214567 1.432370 4.770499 1
3.797720 6.488935 0.738498 1
2.402524 16.397344 6.692761 1
1.680169 17.794648 0.848815 1
0.162916 4.974009 6.703490 1
1.938663 9.560115 2.224101 1
0.271828 13.081950 7.984346 1
-0.280109 20.878673 2.102823 1
-1.833876 1.881890 7.953410 1
-1.740813 8.106517 10.138572 1
-0.179735 14.643142 4.289379 1
0.429485 19.462298 10.066016 1
1.849416 3.304622 4.205518 1
-2.202794 6.611062 10.513633 1
-0.789944 16.284198 4.625077 1
-0.085184 17.969412 10.587340 1
1.443334 4.800755 4.710409 1
0.491593 6.686599 8.993773 1
2.075479 16.102664 3.191818 1
-1.670457 18.161329 8.998320 1
-0.062102 4.696077 3.295404 1
1.680551 6.294476 2.365135 1
0.224750 16.514759 8.371166 1
-0.456181 17.743687 2.530669 1
-2.038085 5.099241 8.329884 1
1.821468 7.456334 3.433347 1
0.210692 15.140091 9.314975 1
-0.325380 18.870459 3.434227 1
-1.840573 3.801497 9.349644 1
-0.722669 6.729046 4.347025 1
-2.334863 16.071544 10.014036 1
1.348841 18.083813 4.181981 1
-0.138459 4.657603 10.098452 1
