1.672455 13.529315 2.183297 7
1.770910 7.385669 13.133079 7
5.314361 3.084967 8.776551 7
5.056607 17.938672 19.734313 7
1.690737 14.172020 2.908188 1
1.771193 6.853219 13.898740 1
5.245545 3.633972 8.109963 1
5.127841 17.260130 18.964050 1
1.504078 13.230744 21.778062 7
1.980450 7.736048 10.832923 7
5.341238 2.813318 11.135973 7
5.063739 18.166785 21.923116 7
1.356905 9.935767 1.614047 7
2.061887 11.103471 12.584399 7
5.484954 20.406372 9.386223 7
4.830696 0.600341 20.429664 7
1.776572 15.312526 0.679079 7
1.646616 5.574697 11.672238 7
5.211432 4.833775 10.213998 7
5.148270 16.086207 21.141167 7
1.731513 15.616417 21.850991 1
1.619085 5.226891 10.915721 1
5.225663 5.256048 11.115319 1
5.196868 15.886007 0.186202 1
1.227683 11.163718 20.892674 7
2.169401 9.787473 9.932988 7
5.646559 0.633918 12.052147 7
4.761761 20.294712 1.072245 7
1.087001 10.296775 20.920596 1
2.463256 10.700149 10.065333 1
5.985670 20.821118 11.821646 1
4.493647 0.220201 0.946889 1
1.599554 11.921931 3.749103 8
1.892876 9.031645 14.763246 8
5.427213 1.398443 7.134889 8
5.055763 19.487668 18.259303 8
1.412005 9.404810 2.692715 8
1.974950 11.400698 13.660623 8
5.406350 19.927606 8.177333 8
5.005376 1.090213 19.160771 8
1.180087 9.119291 0.638645 8
2.257061 11.845541 11.504478 8
5.617904 19.733799 10.318765 8
4.666363 1.365529 21.261933 8
1.764928 16.060339 2.964864 8
1.562634 4.920086 13.953309 8
4.980632 5.619840 7.985819 8
5.372777 15.337368 19.048899 8
1.648321 17.878420 21.728754 8
1.821222 3.103858 10.751052 8
5.227101 7.336037 11.181825 8
5.123446 13.620930 0.105065 8
2.807177 11.377416 18.996709 8
0.667810 9.481700 8.037086 8
4.241464 0.946043 13.859721 8
6.247657 19.928944 2.786664 8
3.012054 11.374222 16.288865 8
0.457900 9.637312 5.252619 8
4.054175 0.858719 16.685797 8
6.324281 20.196800 5.579390 8
2.444666 10.927671 15.662689 1
0.954181 10.181809 4.625336 1
4.348333 0.469172 17.223846 1
6.041200 20.538064 6.249475 1
1.560856 12.152706 2.542660 6
1.866525 8.751136 13.459646 6
5.368661 1.633043 8.320013 6
4.971400 19.294836 19.308574 6
1.513498 11.298350 1.349834 6
2.038711 9.695980 12.321003 6
5.510109 0.782421 9.500934 6
4.886863 20.062175 20.573785 6
1.450648 11.844338 0.056852 6
2.138967 9.097304 11.090213 6
5.432352 1.350376 10.858043 6
4.803161 19.579551 21.865481 6
1.582580 14.055378 1.053974 6
1.812465 6.948516 11.876135 6
5.270382 3.442658 9.977777 6
5.184252 17.348502 20.948050 6
1.813730 16.341384 1.735055 6
1.679114 4.625173 12.673965 6
5.231071 5.893985 9.148185 6
5.188078 15.097059 20.273570 6
1.576456 17.743609 1.187675 6
1.824671 3.174144 12.303184 6
5.232174 7.369280 9.685636 6
5.169249 13.601099 20.635467 6
0.881979 18.172332 1.521051 1
2.643210 2.814364 12.533646 1
6.057759 7.594677 9.346512 1
4.263743 13.299218 20.372439 1
2.293147 18.390903 1.590179 1
1.051358 2.659904 12.604386 1
4.503137 7.745813 9.318254 1
5.827811 13.106167 20.366528 1
1.518767 19.149250 21.178772 6
1.986234 1.936056 10.295090 6
5.375993 8.561833 11.740985 6
5.031607 12.287200 0.729855 6
1.603473 19.078235 19.842158 6
1.863706 1.929381 8.886391 6
5.385674 8.709637 13.184319 6
5.050513 12.399574 2.076868 6
1.790607 18.406650 19.363165 1
1.670056 2.576460 8.428975 1
5.123865 7.726641 13.569464 1
5.232831 13.227648 2.728635 1
1.522510 20.283250 19.184609 6
2.074715 0.627296 8.110281 6
5.399861 9.879313 13.723956 6
4.880877 11.059988 2.744455 6
1.573712 20.394937 18.274691 1
1.824665 0.643548 7.255638 1
5.390791 9.845861 14.676838 1
4.983752 11.075991 3.782329 1
1.218704 0.460060 19.738889 6
2.292701 20.451861 8.812356 6
5.613622 11.014864 13.134324 6
4.582047 9.838600 2.180794 6
1.108947 0.499262 21.261341 6
2.419433 20.522457 10.322618 6
5.758084 10.899307 11.624734 6
4.586507 10.025749 0.698692 6
0.940014 1.315056 21.616917 1
2.503206 19.806879 10.767733 1
6.078455 11.641602 11.230081 1
4.279057 9.328588 0.194008 1
1.157174 20.314773 21.802532 6
2.249418 0.729364 10.913611 6
5.596309 9.725457 10.996649 6
4.669419 11.263295 0.059141 6
1.068651 20.290949 0.873098 1
2.304772 0.768743 11.851819 1
5.668614 9.742141 9.953998 1
4.681031 11.241415 21.016664 1
1.105296 1.942959 19.184172 6
2.364551 18.966881 8.217362 6
5.865238 12.365133 13.673755 6
4.496470 8.627745 2.813275 6
0.275281 2.344623 19.597575 1
3.272550 18.693298 8.651130 1
6.657260 12.801666 13.199443 1
3.785018 8.044427 2.285015 1
0.644948 1.781777 17.732758 6
2.738497 19.090650 6.761535 6
6.133792 12.319290 15.140276 6
4.097079 8.608821 4.344965 6
6.759081 1.285763 17.508620 1
3.532390 19.687559 6.500191 1
0.114369 11.681387 15.289232 1
3.330678 9.232946 4.345570 1
1.477983 1.441772 17.185859 1
1.950359 19.515879 6.221197 1
5.345450 11.926730 15.685242 1
5.016334 8.978090 4.658273 1
0.567318 2.678731 17.377368 1
3.005012 18.226201 6.379392 1
6.290002 13.287392 15.599277 1
4.068156 7.783983 4.648075 1
2.314619 2.847562 19.295330 6
1.127508 18.127880 8.362898 6
4.707775 13.235392 13.482382 6
5.774742 7.657538 2.478076 6
2.548164 2.770599 20.387531 1
0.958238 18.069112 9.396794 1
4.539198 13.231636 12.511439 1
5.885414 7.681907 1.622085 1
2.111469 3.659826 18.949543 1
1.308680 17.261025 8.151125 1
4.894186 14.260579 13.788719 1
5.596103 6.789700 2.971460 1
3.123882 2.500025 18.895377 1
0.509406 18.491479 7.913100 1
3.921748 12.946818 14.047593 1
6.391732 8.148353 3.121339 1
1.361728 11.796056 19.569154 6
2.084150 9.266182 8.668279 6
5.459492 1.199504 13.377600 6
4.927975 19.688977 2.287636 6
1.244757 12.830462 19.523488 1
2.185918 8.158951 8.657686 1
5.569417 2.246645 13.190810 1
4.669181 18.665420 2.324704 1
0.488616 11.039775 18.619149 6
2.883154 9.768906 7.609720 6
6.373574 0.592812 14.368684 6
4.011861 20.293939 3.320746 6
6.444601 10.875493 19.051594 1
3.799485 10.126246 7.914755 1
0.358023 0.423495 13.832404 1
3.075527 20.630108 3.032370 1
0.267906 11.610890 17.750294 1
3.208789 9.172171 6.831145 1
6.563832 1.120613 15.109802 1
3.806593 19.663282 4.077085 1
1.138122 9.927999 18.111913 6
2.309103 11.056137 7.139665 6
5.741834 20.269914 14.644189 6
4.702839 0.688360 3.789285 6
1.127251 9.597001 17.167454 1
2.479717 11.299492 6.293031 1
5.863840 20.233048 15.678692 1
4.441248 0.859614 4.764267 1
2.722180 10.203613 18.426741 6
0.681279 10.799703 7.349169 6
4.207991 20.615875 14.448924 6
6.092203 0.220178 3.603883 6
3.157154 9.437852 18.905238 1
0.440921 11.451916 8.071006 1
3.888636 19.982950 13.811484 1
6.496874 0.881222 2.849816 1
0.382678 7.333891 18.240986 14
3.138790 13.631188 7.278723 14
6.627609 17.768423 14.638962 14
3.853199 3.103779 3.572477 14
0.787077 8.806072 18.978509 8
2.773974 12.091281 7.971634 8
6.144217 19.359103 13.997807 8
4.113564 1.790216 3.021176 8
1.938485 6.371538 17.568192 6
1.648837 14.522664 6.691133 6
4.942992 16.851465 15.259792 6
5.323311 3.937690 4.307765 6
2.244833 6.998710 16.785077 1
1.104629 13.993732 5.948960 1
4.584936 17.542831 16.082111 1
5.801056 3.549622 5.100749 1
1.695511 5.604308 17.364881 1
1.725144 15.325479 6.281757 1
5.287165 15.996904 15.586126 1
5.106937 4.878934 4.574997 1
2.647798 6.435159 18.273066 1
0.807982 14.636160 7.310525 1
4.294253 16.867897 14.656366 1
5.957420 4.034709 3.548049 1
6.106057 7.464332 16.763125 6
4.202147 13.426161 5.905212 6
0.869471 17.987991 16.150340 6
2.581462 2.940823 5.069537 6
6.445311 8.121817 16.206097 1
3.869160 12.871679 5.117504 1
0.448088 18.553055 16.767154 1
3.169888 2.458974 5.811397 1
5.270912 7.971389 17.181281 1
5.050755 13.056690 6.246377 1
1.580820 18.413387 15.764821 1
1.905083 2.486370 4.728051 1
5.938167 6.507518 16.501332 1
4.511772 14.441323 5.527022 1
0.974713 17.167810 16.321834 1
2.436608 3.950699 5.500958 1
6.426300 6.351881 19.793291 6
3.835495 14.661629 8.714646 6
0.440816 16.795912 13.201932 6
3.038389 4.001324 2.179348 6
5.772442 5.029088 19.155061 6
4.610818 15.856299 8.365702 6
1.033670 15.666252 13.699368 6
2.399091 5.366503 2.592840 6
5.487531 4.572445 19.988599 1
4.861175 16.292434 9.066088 1
1.502545 15.018675 12.932816 1
2.089075 5.956252 1.844736 1
6.478088 4.495764 18.704460 1
3.849448 16.371331 7.895688 1
0.376403 15.062050 14.053454 1
2.953576 6.003131 3.061468 1
5.101909 5.403716 18.665692 1
5.229166 15.616846 7.730791 1
1.843935 15.728426 14.155267 1
1.651111 5.110310 3.197148 1
0.579985 6.020899 20.732033 6
2.920837 14.885638 9.817329 6
6.375829 16.612668 11.972761 6
3.999992 4.490158 1.034842 6
0.129900 5.631701 21.562686 1
3.212240 15.256619 10.564307 1
6.832877 16.139804 11.373313 1
3.533650 4.826775 0.443542 1
0.980418 6.846363 21.057309 1
2.425056 13.940863 10.222880 1
5.963079 17.345831 11.674066 1
4.362214 3.506892 0.721040 1
1.210339 5.524501 20.417575 1
2.165660 15.461553 9.435660 1
5.592644 16.049557 12.470348 1
4.692731 5.037334 1.406658 1
5.373915 7.234186 20.407341 6
4.892864 13.620389 9.400729 6
1.468909 17.797211 12.586117 6
1.936794 3.159499 1.661520 6
4.892751 6.727131 21.000244 1
5.331784 14.069870 10.183902 1
2.038162 17.314773 11.756141 1
1.502525 3.618783 0.842307 1
4.682185 7.410637 19.637257 1
5.598514 13.509433 8.601826 1
2.186898 18.054033 13.262444 1
1.274153 2.953985 2.267682 1
5.700518 8.094629 20.714307 1
4.520414 12.913082 9.718663 1
1.128424 18.529200 12.190237 1
2.358699 2.408035 1.306612 1
1.032085 7.165151 19.279644 14
2.494062 13.849075 8.345903 14
5.863638 17.576387 13.721798 14
4.376596 3.427559 2.614000 14
1.232943 8.657448 19.353392 8
2.237592 12.273230 8.469419 8
5.680274 19.240402 13.497484 8
4.506501 1.854320 2.517964 8
1.505823 6.378081 20.756599 6
1.979496 14.636306 9.804311 6
5.355410 16.959667 12.071969 6
4.921173 4.060469 1.133606 6
2.345212 6.589180 21.037357 1
1.076798 14.312179 10.020403 1
4.394277 17.157898 11.966587 1
5.828169 3.906969 1.000103 1
1.376459 5.381901 20.722011 1
2.173668 15.486600 9.775453 1
5.638259 15.983283 12.096814 1
4.763907 5.093500 1.139659 1
1.032388 6.849080 21.584358 1
2.525953 14.168899 10.663531 1
5.968715 17.382073 11.298739 1
4.371466 3.735080 0.469261 1
2.063704 6.575032 17.789616 6
1.386743 14.437874 6.930892 6
4.875057 16.930097 15.044074 6
5.523188 3.854045 4.009895 6
2.553617 7.264623 17.520975 1
0.896571 13.699928 6.524909 1
4.328128 17.749266 15.365916 1
5.924227 3.089237 4.363898 1
1.558447 6.194668 17.065763 1
1.904544 14.774020 6.140018 1
5.504168 16.702171 15.829031 1
4.865469 4.255974 4.816008 1
2.667025 5.791439 18.223394 1
0.747091 15.050863 7.285412 1
4.286816 16.264567 14.683779 1
6.209203 4.688597 3.682941 1
5.769085 7.164780 17.469592 6
4.577389 13.839200 6.409865 6
1.170577 17.595362 15.483491 6
2.220893 3.239095 4.523593 6
4.734488 7.110904 17.398107 1
5.689634 13.852413 6.384579 1
2.192440 17.576162 15.559184 1
1.250598 3.361830 4.622401 1
6.082146 6.488309 16.747687 1
4.193333 14.433094 5.738698 1
0.833682 17.163548 16.056590 1
2.621531 3.848993 5.073647 1
6.003058 8.025975 17.337874 1
4.395564 12.915733 6.264791 1
0.881627 18.480609 15.597833 1
2.506200 2.344289 4.727510 1
6.162137 6.751229 18.851825 6
4.315409 14.272873 7.902145 6
0.752697 17.242774 14.072662 6
2.543695 3.838678 3.099394 6
5.854091 5.111006 18.939464 6
4.483843 15.805616 8.017418 6
0.906689 15.648287 13.945282 6
2.381799 5.308677 2.986050 6
5.028832 4.869933 18.955829 1
5.491636 16.103732 7.942404 1
1.908544 15.284362 13.977446 1
1.589798 5.597375 2.883334 1
6.322868 4.709335 19.832290 1
4.047886 16.228639 8.810583 1
0.474719 15.350296 13.245010 1
2.963875 5.753171 2.241806 1
6.353132 4.613769 18.250392 1
4.064826 16.212502 7.130618 1
0.551380 15.242980 14.720943 1
2.760058 5.891630 3.856966 1
5.180293 7.342641 19.966588 6
5.307864 13.585452 8.853777 6
1.850003 17.906796 12.986288 6
1.709354 2.974773 2.021884 6
4.116716 7.275063 19.542045 1
6.105867 13.815205 8.679634 1
2.713865 17.676204 13.261280 1
0.694270 3.240575 2.262512 1
5.353096 8.424412 19.897855 1
4.997341 12.649167 8.886862 1
1.577525 18.794741 12.988326 1
1.829924 2.033078 1.945731 1
5.263208 7.119830 20.693052 1
5.099819 13.881856 9.816666 1
1.678711 17.568403 12.075488 1
1.855446 3.539808 1.216040 1
3.527478 10.341512 17.227022 6
6.880467 10.527778 6.158044 6
3.477687 20.746949 15.711718 6
6.881176 0.233343 4.786558 6
4.347044 10.543076 17.466921 1
6.001130 10.418853 6.402006 1
2.531400 0.167936 15.440779 1
0.978322 20.869886 4.599381 1
3.498862 9.511928 16.677746 1
6.762984 11.580758 5.729094 1
3.435312 19.944963 16.230391 1
0.188741 1.027395 5.222215 1
1.966790 15.494761 19.549953 7
1.427125 5.569173 8.502064 7
4.928069 5.093284 13.360862 7
5.483223 15.920910 2.422619 7
2.219669 14.962386 18.570317 6
1.150404 6.009196 7.521003 6
4.726247 4.493947 14.271667 6
5.770311 16.441967 3.397851 6
2.629374 14.404749 17.241178 6
0.902380 6.446378 6.205160 6
4.421529 3.995344 15.737618 6
6.091032 17.051894 4.749610 6
2.891321 13.550710 17.477052 1
0.468501 7.499996 6.495432 1
3.986694 3.011174 15.508345 1
6.373806 17.904149 4.609289 1
3.243229 14.904332 16.920210 1
0.055251 6.037977 5.874843 1
3.641145 4.542936 16.071810 1
6.839707 16.406545 5.140723 1
1.787458 14.445281 16.670495 1
1.707115 6.447692 5.603070 1
5.178284 3.893994 16.247673 1
5.239877 17.068827 5.279570 1
