5.161162 1.882150 8.416887 35
5.323506 4.752751 14.816792 35
1.768930 3.905232 6.947234 35
1.711081 1.021485 0.665369 35
0.802040 0.240519 13.562898 7
-1.955412 3.120723 9.696544 7
6.229970 5.550115 2.068771 7
8.911944 2.536603 5.737545 7
0.643324 4.744484 14.263263 6
-1.847229 1.836159 9.149525 6
6.321161 0.977354 1.402064 6
8.792234 3.754475 6.327582 6
-0.693548 4.412137 14.162643 6
-0.372609 1.423842 9.037205 6
7.724220 1.378696 1.327369 6
7.444761 4.196159 6.299122 6
-1.465677 5.349536 13.591621 6
0.273315 2.465669 9.667010 6
8.350296 0.398451 1.886628 6
6.779448 3.357570 5.780785 6
-0.408668 0.687952 13.085781 6
-0.662548 3.494323 10.193982 6
7.450468 5.057310 2.440405 6
7.630866 2.264888 5.436118 6
1.663167 4.217842 14.570807 8
8.702984 1.260807 8.667452 8
5.373030 1.531576 0.802162 8
-1.867498 4.528747 6.822752 8
-0.623524 1.789777 12.638459 8
-0.485808 4.623029 10.663159 8
7.715749 4.099453 2.840246 8
7.457366 1.124505 4.759425 8
1.863462 1.105566 13.562736 7
8.527437 3.881290 9.657791 7
4.981248 4.595886 2.013167 7
-1.597775 1.755323 5.857687 7
2.597764 1.293206 12.269815 6
7.935888 3.993909 10.819722 6
4.322809 4.618149 3.211128 6
-0.931979 1.606652 4.484361 6
3.412027 2.252915 12.103159 6
7.133678 5.286369 11.133156 6
3.580022 3.395224 3.333428 6
-0.129534 0.453797 4.325224 6
4.021578 2.527270 11.081621 6
6.267130 5.329202 12.272065 6
2.868448 3.189224 4.591114 6
0.588658 0.270091 3.247958 6
4.094006 1.619998 10.047086 6
6.268795 4.385219 13.296380 6
2.914292 4.216526 5.540193 6
0.538607 1.277889 2.247490 6
3.234197 0.363810 10.119537 6
7.183889 3.218219 12.989444 6
3.559484 5.221764 5.305644 6
-0.230419 2.353085 2.371139 6
2.587715 0.212154 11.327287 6
7.833413 3.150670 11.861838 6
4.419323 5.407159 4.087102 6
-0.974799 2.564739 3.605878 6
1.735417 1.674024 13.908026 1
8.633421 4.628911 9.253418 1
5.062465 3.911007 1.635945 1
-1.663111 1.081697 6.241590 1
3.342810 5.580417 9.546731 1
7.179464 2.676055 13.578355 1
3.661029 0.143238 5.889776 1
-0.221139 3.124983 1.903154 1
2.149487 5.267359 11.319932 1
-3.292189 2.309324 11.764134 1
4.906742 0.450811 4.143558 1
10.250369 3.433012 3.730058 1
3.280319 2.988196 12.753317 1
7.126639 0.090504 10.425467 1
3.646638 2.846785 2.692452 1
-0.194178 5.612546 5.095038 1
4.555921 3.284999 10.837277 1
5.865397 0.330717 12.380646 1
2.282552 2.430842 4.631509 1
1.070801 5.462891 3.234017 1
-0.985478 3.505866 14.564879 1
-0.254540 0.734632 8.718235 1
7.893822 2.151596 1.004618 1
7.136936 5.083513 6.829449 1
-2.260438 5.358281 13.336148 1
0.991680 2.430861 10.033317 1
9.202284 0.373756 2.109577 1
5.908502 3.177253 5.638326 1
