3.461068 1.477939 7.142292 8
5.710550 8.509692 22.526597 8
0.288530 3.663887 23.709749 8
2.747439 6.278209 8.186464 8
2.594198 5.042863 5.975695 8
0.465429 4.915621 21.401397 8
5.585829 0.079395 24.892673 8
3.422860 9.860398 9.358597 8
4.172073 8.334324 1.177976 8
4.944580 1.542951 16.512578 8
1.210884 6.597852 29.570916 8
1.930568 3.447593 14.286969 8
4.295255 2.333754 5.420266 7
4.959238 7.590304 20.649864 7
1.195709 2.493215 25.333594 7
1.929929 7.400935 9.956611 7
3.942939 1.306878 6.017774 6
5.292707 8.505317 21.437137 6
0.838759 3.636556 24.747901 6
2.166554 6.306184 9.365222 6
5.478598 2.896689 5.065642 6
3.543173 7.006790 20.382736 6
2.569234 2.044805 25.626026 6
0.550930 7.956608 10.343773 6
4.290250 9.822651 5.332455 6
4.835125 9.864450 20.758317 6
1.159127 4.870551 25.346051 6
1.861725 4.886027 9.990212 6
5.727548 3.293301 3.693849 6
3.390584 6.554916 19.008230 6
2.756851 1.691298 27.040302 6
0.320771 8.327460 11.744513 6
3.089124 9.309369 4.665327 6
6.026777 0.529519 20.130194 6
6.063750 5.431476 26.009659 6
2.983098 4.335517 10.531572 6
5.758061 7.902296 2.819252 6
3.379991 2.097453 18.229274 6
2.889217 6.862582 27.965105 6
0.296762 3.024398 12.582284 6
2.409632 8.242469 5.277564 6
0.461863 1.786934 20.553718 6
5.501795 6.648646 25.586558 6
3.702423 3.279649 10.091540 6
1.492067 7.740964 4.519825 6
1.584944 2.243349 19.915953 6
4.542411 7.165591 26.273325 6
4.574486 2.802126 10.729596 6
1.540217 9.661109 3.087916 6
1.609357 0.263624 18.383761 6
4.454121 5.358063 27.723971 6
4.695027 4.522684 12.235659 6
3.938892 4.930472 5.350309 6
5.240342 5.012348 20.773522 6
0.915767 9.897018 25.243523 6
2.165928 9.752079 9.942891 6
5.400809 8.533286 1.772584 6
3.841143 1.279283 17.288769 6
2.201376 6.166847 29.003576 6
0.797601 3.750257 13.532492 6
0.830362 0.324329 1.964845 6
2.233286 9.558728 17.414330 6
3.933666 4.653556 28.696365 6
5.136711 5.341528 13.353915 6
0.952337 8.408194 3.484456 6
2.264517 1.505503 18.791810 6
3.846940 6.586066 27.204319 6
5.275380 3.409067 11.942832 6
0.530958 2.335305 5.764538 6
2.526294 7.683782 21.093504 6
3.553861 2.622261 25.061403 6
5.554382 7.281810 9.538889 6
2.522948 0.064180 3.690041 6
0.437547 9.742400 19.107087 6
5.564147 4.923746 27.153735 6
3.610810 5.113648 11.786366 6
4.564713 3.702747 5.957683 6
4.489131 6.140244 21.368691 6
1.478026 1.217395 24.908416 6
1.459693 8.538371 9.519849 6
4.913455 9.069000 6.392152 6
4.291873 0.908410 21.731824 6
1.802145 5.842730 24.280607 6
1.245289 4.057496 9.031248 6
5.066569 3.468415 1.291353 6
4.124350 6.429549 16.687834 6
1.932357 1.472075 29.362874 6
1.105171 8.448160 13.909163 6
4.763157 3.211641 2.653443 6
4.357556 6.807153 18.120307 6
1.814183 1.844787 28.059910 6
1.306344 8.034746 12.680780 6
0.986284 4.383204 1.990647 6
1.965060 5.448815 17.337449 6
4.040951 0.453764 28.722610 6
5.019423 9.416126 13.383105 6
3.619911 7.208547 1.526605 6
5.564979 2.789473 16.997052 6
0.517853 7.742300 29.167078 6
2.601719 2.228087 13.945701 6
5.956294 9.806374 1.331350 6
3.178282 0.039625 16.710556 6
2.801632 4.989519 29.438526 6
0.094158 4.824265 14.047292 6
0.116130 4.179345 1.011937 6
2.952194 5.775944 16.360304 6
3.146964 0.823846 29.669746 6
6.038580 9.142063 14.351827 6
0.820196 4.022873 3.360279 6
2.366911 5.863695 18.670545 6
3.897587 0.958010 27.376664 6
5.339209 8.932821 12.122568 6
2.917973 7.634254 5.943562 1
0.175948 2.178169 21.401369 1
5.984585 7.178916 24.853591 1
3.267879 2.735218 9.516416 1
4.527726 3.449656 0.705179 1
4.721928 6.502909 16.016463 1
1.491050 1.607983 30.089553 1
1.631799 8.386613 14.724326 1
4.459812 5.597883 5.538479 1
4.796543 4.274380 21.055530 1
1.429157 9.193786 25.125799 1
1.743361 0.801982 9.675643 1
4.647582 3.710068 6.827427 1
4.500603 6.153951 22.202288 1
1.511122 1.354408 23.908731 1
1.591742 8.656155 8.489342 1
5.607808 0.565472 0.571135 1
3.611879 9.407358 15.934223 1
2.521730 4.393199 30.188972 1
0.609641 5.482249 14.845940 1
4.003319 6.399134 1.353607 1
5.046715 3.580553 16.744032 1
1.055932 8.606911 29.324714 1
1.962956 1.279672 14.079795 1
2.642365 7.186570 0.928936 1
0.281052 2.683884 16.300668 1
5.808938 7.796721 29.891174 1
3.443024 2.247590 14.332812 1
3.465990 7.134354 2.335579 1
5.771578 2.738958 17.723332 1
0.475167 7.865038 28.404832 1
2.570095 2.055141 12.928021 1
1.291217 3.987868 4.000535 1
1.717396 5.791169 19.202181 1
4.331483 0.806854 26.870708 1
4.867201 9.020419 11.473717 1
4.400785 8.766540 7.190426 1
4.843815 1.231866 22.599228 1
1.250248 6.088819 23.543964 1
1.718354 3.778207 8.196149 1
4.814289 0.174328 4.646063 1
4.300603 9.609782 19.897777 1
1.894043 4.717847 26.184998 1
1.153752 5.288028 10.806518 1
0.240486 2.196016 6.345744 1
2.761106 7.674368 21.662140 1
3.207576 2.851941 24.497712 1
5.866503 7.137124 9.086566 1
0.806327 1.479536 5.296167 1
2.295555 8.333470 20.610092 1
3.750795 3.491752 25.510560 1
5.326529 6.480734 10.233478 1
1.284174 3.006428 5.506903 1
1.940866 7.041647 20.855344 1
4.329577 1.989953 25.192818 1
4.859014 7.832309 9.909061 1
5.100162 8.212144 5.855351 1
4.070091 1.795159 21.102996 1
2.102716 6.636372 24.874599 1
1.030762 3.092696 9.468994 1
5.734691 9.480728 6.690240 1
3.372307 0.452876 22.111189 1
2.628508 5.539129 24.186863 1
0.429069 4.416053 8.658568 1
2.632848 5.482531 6.455410 1
0.545688 4.569566 21.981783 1
5.565977 9.464531 24.138157 1
3.598308 0.431311 8.869413 1
0.366831 4.440986 0.122030 1
2.738979 5.513565 15.580216 1
3.354702 0.428293 30.613983 1
5.709816 9.510854 15.234794 1
1.323871 1.256479 1.577639 1
1.670511 8.623262 17.021545 1
4.293042 3.741023 29.032433 1
4.855690 6.112135 13.827869 1
1.768989 4.836698 1.746112 1
1.381724 5.108766 17.143703 1
4.887451 0.217257 29.009328 1
4.459798 9.733426 13.596096 1
3.954161 2.664075 2.825970 1
5.307461 7.213233 18.185392 1
0.870902 2.298468 28.021650 1
2.162310 7.601996 12.679916 1
0.908599 6.913876 4.761189 1
1.999120 3.100063 20.192942 1
4.050063 8.048418 26.012550 1
5.154294 1.963742 10.535699 1
3.102528 0.916720 3.204511 1
6.099822 9.059108 18.497899 1
6.014072 4.014018 27.621134 1
3.039296 5.885253 12.229694 1
5.452818 7.127539 2.839917 1
3.724373 2.749615 18.357616 1
2.302329 7.690048 27.906007 1
0.784940 2.083870 12.529195 1
3.949208 4.674913 4.249198 1
5.136917 5.165409 19.654931 1
0.973644 0.254609 26.631789 1
2.234583 9.796417 11.232366 1
