11.899729 1.415784 3.697393 17
14.606744 9.507249 3.640865 17
6.114043 7.835683 3.568194 17
0.987791 7.621573 11.520215 17
3.680546 15.769567 11.527153 17
-4.694721 14.019388 11.493420 17
11.819065 13.866592 19.308607 17
3.712835 3.349535 19.207519 17
16.887613 1.587146 19.256166 17
-1.013534 17.469105 19.931442 17
-3.742469 9.109714 20.011131 17
4.763183 10.841207 19.938106 17
-1.091925 4.861587 4.294542 17
7.002831 15.470093 4.179851 17
-5.997914 17.227323 4.315232 17
9.917411 11.098445 12.144336 17
6.980660 2.896857 11.992188 17
15.661280 4.664275 12.004781 17
13.104088 1.388164 3.191109 8
13.784547 10.790710 3.281292 8
5.467537 6.623830 3.159207 8
2.320090 7.686479 11.060358 8
2.934106 17.013793 11.107110 8
-5.365278 12.886292 11.067800 8
13.097526 13.887448 18.862678 8
3.110555 4.464804 18.950510 8
16.260734 0.379673 18.963684 8
-2.363955 17.418331 20.369623 8
-3.048623 8.093871 20.316914 8
5.341316 12.146626 20.192790 8
-2.271117 4.883416 4.500765 8
7.726254 14.279375 4.638013 8
-5.441570 18.391629 4.574529 8
8.443932 11.177535 12.351452 8
7.833942 1.706351 12.388999 8
16.204870 5.859468 12.386797 8
11.269647 2.665775 3.537443 8
13.835866 8.500428 3.609848 8
7.466061 7.722020 3.568922 8
0.421205 8.785345 11.393482 8
3.072774 14.646418 11.392253 8
-3.425751 13.918628 11.351645 8
11.150603 15.181472 19.145947 8
2.929629 2.111694 19.257233 8
18.317867 1.407610 19.214617 8
-0.338096 16.252683 20.094028 8
-3.033101 10.329457 19.995609 8
3.375158 11.024079 20.068494 8
-0.332716 3.675711 4.308120 8
7.881850 16.638909 4.400316 8
-7.452576 17.300412 4.353443 8
10.520813 9.961371 12.229799 8
7.791875 4.022963 12.136432 8
14.291875 4.774345 12.108464 8
11.079297 0.435490 2.767630 8
15.707236 9.517847 2.753078 8
5.540290 8.917879 2.818589 8
0.224439 6.530598 10.641668 8
4.919847 15.623246 10.648435 8
-5.322084 15.244319 10.571394 8
11.169303 12.860956 18.412128 8
4.977415 3.142744 18.593401 8
16.393562 2.748245 18.514905 8
-0.218457 18.348167 20.804297 8
-4.977881 9.307552 20.649256 8
5.144061 9.851832 20.718169 8
-0.188041 5.803171 4.935341 8
5.880619 15.624312 4.986624 8
-5.611118 15.962085 5.102071 8
10.554856 12.043204 12.876857 8
5.855493 3.043059 12.830476 8
16.071383 3.456185 12.901267 8
11.836058 0.877522 4.929226 8
14.967555 9.709517 4.921992 8
5.783205 8.209867 4.977988 8
0.830273 7.150047 12.805813 8
4.130700 15.932509 12.849203 8
-5.118967 14.435899 12.853984 8
11.796364 13.406169 20.545633 8
4.127720 3.397685 20.557986 8
16.663991 1.976419 20.713267 8
-0.950112 17.901558 18.612700 8
-4.139690 9.006395 18.629813 8
5.030845 10.706973 18.598243 8
-0.862214 5.241330 2.861872 8
6.620872 15.226153 2.866530 8
-5.818043 16.906486 2.843658 8
9.848908 11.658772 10.716737 8
6.610467 2.715793 10.710713 8
15.838433 4.391913 10.660320 8
-0.548090 15.390321 2.034513 17
-2.289896 10.559142 2.172978 17
2.840578 11.641861 2.020477 17
-0.658332 2.924241 9.924370 17
8.614316 16.705319 9.831608 17
-7.933219 17.802547 9.835201 17
10.164492 9.204879 17.865872 17
8.624088 4.220259 17.819197 17
13.632915 5.223260 17.756702 17
11.323322 3.318044 21.401654 17
13.154208 8.312590 21.356980 17
8.022315 7.189538 21.520408 17
0.494896 9.656285 5.852443 17
2.219129 14.426957 5.731458 17
-2.850442 13.542187 5.692983 17
11.437988 15.910217 13.521783 17
2.251217 2.068107 13.629936 17
18.815438 0.973041 13.648861 17
-1.702576 16.246836 2.261096 8
-2.395751 9.026281 2.183002 8
4.049555 12.234445 2.223282 8
-1.826674 3.719598 9.999945 8
8.458263 15.434934 10.022508 8
-6.628079 18.403985 10.136804 8
9.051128 10.051436 17.993234 8
8.436053 2.909850 17.935438 8
14.990265 5.931004 17.906992 8
12.553389 2.465619 21.370069 8
13.177657 9.706066 21.239353 8
6.694041 6.657683 21.321265 8
1.693474 8.776246 5.592299 8
2.447919 15.866472 5.541843 8
-4.156432 12.792864 5.573128 8
12.673713 15.039853 13.444697 8
2.330129 3.439485 13.527474 8
17.611762 0.372502 13.504866 8
0.222356 15.899110 0.993218 8
-3.092660 10.977572 0.917327 8
2.842706 10.690850 0.838393 8
0.081343 3.427164 8.735105 8
7.894673 17.207803 8.724286 8
-7.972254 16.882871 8.772678 8
10.981166 9.678472 16.593707 8
7.893056 4.782226 16.540683 8
13.781800 4.401125 16.709092 8
10.708890 2.802909 22.511238 8
13.759736 7.835791 22.595397 8
8.064258 7.987875 22.691441 8
-0.078081 9.117604 6.845510 8
2.996159 14.053533 6.976357 8
-2.807278 14.255842 7.011842 8
10.766336 15.291867 14.719383 8
3.081316 1.618100 14.669687 8
18.890238 1.825169 14.807336 8
-1.081330 14.156122 1.781947 8
-0.853703 10.867709 1.908760 8
1.824792 12.624442 1.952599 8
20.660913 1.579772 9.781536 8
9.948869 17.116326 9.706214 8
1.929513 0.156751 9.755166 8
9.862308 7.877078 17.545456 8
9.924748 4.694411 17.504345 8
12.595568 6.428134 17.619405 8
11.877847 4.746320 21.580032 8
11.640888 7.897617 21.593984 8
8.994671 6.269572 21.590889 8
1.010342 10.977263 5.938546 8
0.842167 14.184193 6.018215 8
-1.860535 12.424473 5.986220 8
-9.896798 17.263168 13.749489 8
0.911888 1.679019 13.764255 8
8.974188 18.696524 13.887924 8
0.199827 15.488147 3.339458 8
-2.704444 11.198204 3.187420 8
2.481010 10.761679 3.285449 8
0.211795 2.940364 11.065537 8
8.054271 17.468446 11.023705 8
-8.429182 17.033934 11.130981 8
11.093586 9.321295 18.850874 8
8.104604 4.940133 18.980460 8
13.322108 4.535575 18.985694 8
10.668841 3.343401 20.235865 8
13.626373 7.527723 20.202000 8
8.440088 7.955848 20.332326 8
-0.314357 9.406746 4.545180 8
2.816786 13.874999 4.638178 8
-2.541569 14.272393 4.622328 8
10.598181 15.797858 12.367680 8
2.728127 1.390514 12.428391 8
19.185473 1.647856 12.518436 8
13.123902 5.334158 7.324851 8
10.609372 8.827341 7.321816 8
8.740578 4.785791 7.324570 8
2.292999 11.583572 15.152474 8
-0.169750 15.034763 15.150470 8
-1.919815 11.151809 15.110250 8
-8.608050 17.717104 22.923932 8
-0.245585 2.486325 23.018571 8
8.903308 17.264310 22.952198 8
-2.224214 13.500816 16.275656 8
0.278629 10.048687 16.183944 8
2.094787 13.889681 16.240119 8
19.397863 0.925185 0.611479 8
11.142978 16.240344 0.629860 8
1.918122 1.482963 0.588643 8
8.536952 7.203782 8.376495 8
11.021794 3.773955 8.296715 8
12.877162 7.708442 8.308255 8
14.709158 4.781580 6.515498 17
10.108866 10.225133 6.507301 17
7.781466 3.655121 6.457872 17
3.791834 11.196104 14.413102 17
-0.585678 16.404061 14.473024 17
-3.117502 9.923295 14.428179 17
-7.049563 17.383776 22.152696 17
-0.736531 4.072979 22.313382 17
7.708416 16.104713 22.163247 17
-3.765611 13.901931 17.029730 17
0.719053 8.565797 16.945655 17
3.205638 15.168074 16.901157 17
17.924837 1.510036 1.225991 17
11.447316 14.691003 1.363420 17
3.145076 2.534609 1.317445 17
6.999423 7.597642 9.164721 17
11.590061 2.277692 9.228227 17
13.893475 8.834179 9.183546 17
15.954669 4.560272 6.058632 8
9.719860 11.607709 5.948394 8
6.757584 2.633135 5.941768 8
5.226928 10.796350 13.931945 8
-1.178467 17.940218 13.897726 8
-4.098244 8.766675 13.801116 8
-5.543479 17.045332 21.660557 8
-1.070829 5.255853 21.728175 8
6.719873 15.022299 21.721737 8
-5.136550 14.072986 17.578387 8
1.142753 7.169079 17.422476 8
4.032060 16.216473 17.567832 8
16.405701 1.569570 1.804653 8
12.086531 13.428723 1.750556 8
3.971273 3.590571 1.757185 8
5.572399 7.850251 9.617152 8
12.034780 0.935673 9.737289 8
14.932307 9.934885 9.706024 8
14.417273 6.158950 5.867172 8
9.098344 9.378008 6.028054 8
8.831944 3.213260 5.976467 8
3.668912 12.376952 13.740734 8
-1.589807 15.784938 13.835317 8
-1.929810 9.468568 13.717320 8
-7.327161 18.554693 21.550715 8
-1.737378 3.261983 21.653326 8
8.810480 15.763720 21.654767 8
-3.616141 12.614830 17.525794 8
1.661517 9.419568 17.594309 8
1.865950 15.535353 17.541905 8
18.117660 0.265623 2.009223 8
12.438179 15.538938 1.959111 8
2.035959 2.983917 1.824100 8
7.158141 6.498511 9.701475 8
12.529399 3.100592 9.824488 8
12.776344 9.189527 9.755488 8
13.968380 3.740546 5.957267 8
11.423581 10.187109 5.884863 8
7.239666 4.733063 5.906087 8
3.047300 10.089961 13.751564 8
0.610817 16.439967 13.682537 8
-3.627975 11.052755 13.724494 8
-7.852574 16.355285 21.529911 8
0.634923 3.982052 21.631291 8
7.156094 17.276986 21.706604 8
-3.109013 15.026373 17.566712 8
-0.501048 8.620849 17.662814 8
3.650869 14.022082 17.590783 8
18.681019 2.526706 1.829798 8
10.184832 14.829463 1.819540 8
3.641587 1.415741 1.989890 8
7.778042 8.645955 9.656140 8
10.206452 2.431540 9.720940 8
14.505684 7.676785 9.691985 8
14.849128 4.793796 7.911544 8
10.045534 10.397978 7.779734 8
7.538156 3.406729 7.935311 8
4.116383 11.036788 15.692563 8
-0.801344 16.735762 15.796771 8
-3.238100 9.739225 15.648043 8
-6.713726 17.418788 0.047762 8
-0.725411 4.257028 23.525960 8
7.470410 16.014879 0.080257 8
-4.052897 13.919942 15.762360 8
0.728198 8.349829 15.714681 8
3.343065 15.388245 15.720960 8
17.683056 1.400807 23.526607 8
11.632029 14.604184 23.533825 8
3.300000 2.809612 0.019481 8
6.785037 7.721281 7.751102 8
11.572226 2.016808 7.814818 8
14.100180 8.960048 7.774330 8
10.772320 6.262529 4.941569 17
-0.076099 12.456724 12.920370 17
21.578686 0.054410 20.657702 17
-0.085000 12.421884 18.626297 17
10.794141 18.686082 2.946361 17
10.735538 6.157338 10.678805 17
0.044817 12.445183 3.947065 11
-0.007261 0.099730 11.755329 11
10.762643 6.235900 19.517206 11
11.304232 3.721385 5.991923 11
12.735071 7.996017 5.905620 11
8.365514 7.165026 6.078972 11
0.543702 10.023288 13.758611 11
1.855211 14.188308 13.832163 11
-2.349750 13.415462 13.902730 11
11.313029 16.312287 21.759536 11
1.855121 1.737298 21.636768 11
19.187170 0.742892 21.611763 11
-0.562015 15.040453 17.479882 11
-1.989821 10.875579 17.569576 11
2.462136 11.658043 17.589275 11
-0.489935 2.522284 1.923609 11
8.845222 17.174017 1.786758 11
-8.361423 17.981065 1.896890 11
10.423754 8.694333 9.783965 11
8.866213 4.666666 9.618585 11
13.209180 5.358280 9.644555 11
0.043006 12.431536 21.579118 7
-10.744584 18.743634 5.766736 7
10.883029 6.350310 13.586887 7
10.899758 6.200619 1.928700 7
-0.052775 12.553796 9.774827 7
0.083201 0.004866 17.700482 7
0.648617 13.645437 22.026321 6
-1.417045 12.542758 22.000555 6
0.657712 11.221767 22.119149 6
0.665470 1.256176 6.374559 6
9.472414 18.739608 6.306610 6
11.528170 17.481100 6.300270 6
11.507065 7.574436 14.135008 6
9.380851 6.282293 14.180942 6
11.452421 4.990353 14.128592 6
10.010289 5.104291 1.527221 6
12.244546 6.237384 1.415459 6
10.169064 7.447127 1.602220 6
-0.753204 11.303423 9.349187 6
1.332932 12.514948 9.340152 6
-0.749439 13.826074 9.331265 6
10.077130 17.481685 17.148474 6
1.446609 0.014220 17.166675 6
20.872832 1.189162 17.116933 6
0.945881 13.492027 22.924661 1
-1.408503 12.915014 22.929928 1
0.438219 11.009903 22.852867 1
1.079672 0.996673 7.161233 1
20.171741 0.425390 7.246684 1
11.230261 17.319590 7.310281 1
11.793943 7.248648 15.009808 1
9.453269 6.559322 15.176346 1
11.331853 4.896793 15.100903 1
9.895617 5.255473 0.690751 1
12.243033 5.829458 0.621357 1
10.474409 7.652473 0.684144 1
-1.071517 11.507532 8.508584 1
1.448086 12.180176 8.513013 1
-0.510128 14.017669 8.491909 1
9.744285 17.714029 16.342631 1
-9.332355 18.409527 16.302285 1
-0.332280 1.336692 16.190740 1
0.188589 14.525174 22.110539 1
-1.840648 11.678609 22.021891 1
1.652613 11.461187 22.034905 1
0.038631 2.032888 6.278713 1
9.054668 17.954661 6.359186 1
-9.183224 17.611793 6.306397 1
11.012693 8.273297 14.262937 1
9.105990 5.433381 14.169317 1
12.492603 5.172316 14.092968 1
10.620170 4.299606 1.472102 1
12.629911 7.105687 1.486289 1
9.140073 7.396266 1.510589 1
-0.170241 10.486836 9.329709 1
1.735678 13.387208 9.275154 1
-1.622153 13.515338 9.427096 1
10.661114 16.701011 17.211566 1
1.760448 0.976027 17.291635 1
19.973486 1.060807 17.117192 1
1.963368 14.049925 21.117673 6
-2.252294 13.336348 21.210700 6
0.427025 10.169815 21.210420 6
1.966039 1.585250 5.480837 6
19.301267 0.927745 5.460352 6
11.158058 16.269748 5.526665 6
12.705540 7.834679 13.367276 6
8.553325 7.094568 13.257610 6
11.310512 3.759831 13.363404 6
8.959031 4.663561 2.456488 6
13.188344 5.463064 2.331248 6
10.468080 8.682875 2.415125 6
-1.907336 11.042710 10.146709 6
2.257211 11.630784 10.179478 6
-0.436646 14.955657 10.255222 6
8.935953 17.203853 18.133418 6
-8.608431 17.775470 17.987470 6
-0.309000 2.466780 18.069965 6
2.453728 13.220072 20.911063 1
-1.872747 14.201168 20.854558 1
-0.466337 10.121296 20.818811 1
2.361812 0.664158 5.162285 1
19.772100 1.622274 5.224062 1
10.231440 16.286215 5.184096 1
13.139412 6.902641 13.097095 1
8.937143 8.012648 12.957170 1
10.354405 3.853030 12.985499 1
8.415718 5.624121 2.576345 1
12.643137 4.571677 2.690048 1
11.444848 8.705671 2.651938 1
-2.383061 11.806645 10.578136 1
1.711072 10.859565 10.432746 1
0.601725 14.940303 10.510052 1
8.558292 17.993646 18.428535 1
-9.019890 17.061907 18.278980 1
0.635750 2.377849 18.355000 1
1.552426 14.535474 20.367478 1
-2.458241 12.819534 20.396551 1
0.983006 10.047400 20.259495 1
1.719253 1.947539 4.637102 1
19.075322 0.340704 4.750106 1
11.837781 16.383172 4.629364 1
12.461660 8.341342 12.537910 1
8.305240 6.736089 12.419460 1
11.762950 3.884047 12.405958 1
9.242646 4.329643 3.275111 1
13.385677 5.888271 3.183845 1
9.836558 8.571555 3.252822 1
-1.596457 10.517729 10.989296 1
2.627680 12.189969 11.104767 1
-0.901970 15.006166 10.957636 1
9.112649 16.679384 18.819875 1
-8.232054 18.379173 18.829294 1
-0.904560 2.471535 18.784066 1
2.789674 14.857201 21.803069 7
-3.541863 13.847303 21.914110 7
0.635559 8.789783 21.940223 7
2.806702 2.393135 6.163891 7
18.254385 1.299761 6.140321 7
11.433051 15.160814 6.269169 7
13.667478 8.636995 14.137397 7
7.307927 7.544885 14.008102 7
11.412669 2.646768 14.061839 7
7.966280 3.835655 1.683738 7
14.400111 5.039026 1.664125 7
10.237624 9.935065 1.685139 7
-2.949244 10.202927 9.503641 7
3.541989 11.302366 9.514876 7
-0.731299 16.228969 9.446734 7
7.895254 16.274723 17.298785 7
-7.295662 17.423071 17.332306 7
-0.729980 3.740962 17.385437 7
3.645029 15.735980 20.910669 6
-4.672772 14.175333 21.059774 6
0.923410 7.762508 21.010577 6
3.668738 3.141642 5.356106 6
17.088849 1.610044 5.247093 6
11.749159 13.890006 5.191798 6
14.568673 9.468105 13.074697 6
6.231701 7.860391 13.193042 6
11.649363 1.438213 13.114002 6
7.149311 3.132898 2.461986 6
15.390005 4.559243 2.460549 6
9.838741 11.146074 2.572363 6
-3.639891 9.414486 10.368964 6
4.688195 10.868589 10.407769 6
-0.855984 17.328486 10.381649 6
7.171265 15.638342 18.173017 6
-6.187397 17.243964 18.303914 6
-0.992934 4.739640 18.311522 6
3.990118 15.116280 20.155317 1
-4.352472 14.660830 20.160015 1
0.338681 7.796094 20.255441 1
4.013737 2.687982 4.572167 1
17.419393 2.043132 4.585754 1
11.173031 14.082851 4.468783 1
14.834398 8.896537 12.395794 1
6.645668 8.332554 12.417368 1
11.036202 1.452384 12.424962 1
6.836158 3.585411 3.207084 1
15.089051 4.072544 3.348942 1
10.574289 11.021468 3.396738 1
-3.995281 9.979939 11.230749 1
4.285136 10.286172 11.162133 1
-0.212873 17.256760 11.066235 1
6.858896 16.047061 19.045142 1
-6.620446 16.607012 18.914317 1
-0.183859 4.738038 18.953642 1
4.498439 16.033292 21.386001 1
-5.214572 14.685200 21.345103 1
0.839659 6.770951 21.532574 1
4.513976 3.482942 5.747651 1
16.465438 2.178452 5.837105 1
11.557688 13.047617 5.714486 1
15.315887 9.777730 13.658579 1
5.539956 8.512096 13.696350 1
11.547054 0.712639 13.560048 1
6.395540 2.868521 2.179461 1
16.191436 4.011230 2.126068 1
10.074928 11.901556 2.132297 1
-4.579070 9.054584 9.842939 1
5.172755 10.424620 9.968647 1
-0.807788 18.234568 10.034478 1
6.247205 15.288294 17.747482 1
-5.492849 16.518675 17.750082 1
-0.824026 5.639505 17.807310 1
3.025454 16.983981 20.468167 6
-5.240594 12.852047 20.504123 6
2.227726 7.714018 20.480996 6
2.879386 4.471479 4.703246 6
16.411604 0.299942 4.807737 6
13.206678 13.962574 4.843664 6
13.786635 10.686721 12.538447 6
5.474234 6.722552 12.693762 6
13.138393 1.434458 12.700829 6
7.887031 1.768277 3.075821 6
16.083448 5.841038 3.103277 6
8.505156 11.020342 3.049458 6
-2.953877 8.169705 10.914477 6
5.308718 12.206955 10.954556 6
-2.357653 17.225398 10.844037 6
7.899883 14.356596 18.759492 6
-5.651006 18.341923 18.695996 6
-2.275326 4.672121 18.818637 6
3.515156 17.398159 19.979376 1
-5.970559 13.136022 19.952231 1
2.580393 6.895893 19.843719 1
3.490887 4.902377 4.232594 1
15.575723 0.575187 4.215034 1
13.237037 13.144817 4.227845 1
14.437066 11.134928 12.118534 1
4.791777 6.793414 12.162530 1
13.414892 0.721836 12.076081 1
7.293197 1.417074 3.721236 1
16.959087 5.706265 3.612028 1
8.248336 11.903326 3.684777 1
-3.534264 7.661381 11.392875 1
6.084691 11.832725 11.446111 1
-2.403335 18.015755 11.387035 1
7.298647 13.829527 19.214144 1
-4.772564 18.185073 19.216571 1
-2.505755 5.468265 19.378436 1
2.274720 16.645335 19.912618 1
-4.755348 12.325919 19.886040 1
2.441414 8.498412 19.868325 1
2.304879 4.103272 4.254901 1
6.125494 18.744079 4.125379 1
-8.466278 14.779616 4.123642 1
13.035643 10.415799 11.950178 1
6.169289 6.230061 12.038202 1
13.299390 2.286677 11.973811 1
8.652962 2.195733 3.695803 1
15.445910 6.314707 3.629742 1
8.326583 10.236297 3.642202 1
-2.145758 8.508911 11.415856 1
4.741617 12.691858 11.410558 1
-2.521817 16.434922 11.559270 1
8.686323 14.742043 19.315762 1
4.685403 0.076479 19.303524 1
19.237460 4.060702 19.310998 1
2.431294 17.641403 21.661333 7
-5.647248 11.982955 21.628674 7
3.275765 7.772275 21.673510 7
2.446608 5.110832 5.910779 7
5.212282 18.252304 5.916551 7
-7.475991 14.125458 6.003306 7
13.218098 11.529039 13.784087 7
5.149983 5.752159 13.760217 7
14.029628 1.522759 13.723610 7
8.412216 1.038137 1.957730 7
16.570900 6.787148 1.933151 7
7.517504 11.045112 1.839911 7
-2.437824 7.389962 9.787589 7
5.774580 13.089133 9.854691 7
-3.320941 17.211653 9.782214 7
8.502021 13.539201 17.649378 7
5.771304 0.535509 17.722367 7
18.388277 4.643522 17.595971 7
3.512185 18.562842 22.151308 6
-7.090916 12.512969 22.252931 6
3.595857 6.497378 22.282167 6
3.371317 6.172621 6.511401 6
3.869131 18.636709 6.444092 6
14.352674 12.646317 6.472032 6
14.181286 12.400489 14.284113 6
3.900256 6.127327 14.461373 6
14.409239 0.261579 14.447461 6
7.423331 0.217356 1.362355 6
17.790150 6.322130 1.354472 6
7.247272 12.191255 1.320973 6
-3.471249 6.364907 9.227058 6
6.924000 12.700658 9.155111 6
-3.639268 18.444408 9.076096 6
7.393051 12.595359 17.056479 6
7.067757 0.150220 17.024454 6
18.060065 6.057273 17.093779 6
4.312738 18.091911 22.318617 1
-7.131211 13.409356 22.443140 1
2.753964 6.001375 22.253960 1
4.319249 5.684965 6.727820 1
14.608872 0.903567 6.660993 1
13.522522 12.150701 6.703559 1
-6.602138 11.951540 14.455253 1
3.697946 7.203140 14.496113 1
2.678941 18.571797 14.469172 1
6.473954 0.551329 1.134151 1
17.936986 5.463730 1.090663 1
8.071768 12.848847 1.160416 1
17.377782 6.938857 8.971581 1
7.031519 11.628907 8.966794 1
8.066411 0.192306 9.087817 1
6.531290 13.160159 16.849614 1
-3.722841 17.882214 16.913706 1
-2.714953 6.583671 16.856380 1
14.379870 0.685955 21.570436 1
13.878788 12.224324 21.682900 1
4.235351 5.963362 21.742283 1
3.582877 6.863097 6.037885 1
3.123987 18.415420 5.940937 1
-6.687211 12.213723 5.918310 1
-7.227882 13.053316 13.730476 1
3.031698 5.844616 13.842199 1
4.171317 18.501068 13.883513 1
-3.565979 18.075250 1.788912 1
-3.111005 6.589212 1.790239 1
6.570594 12.846793 1.846934 1
18.061614 5.585022 9.659933 1
7.703335 12.820368 9.804861 1
6.674951 0.281854 9.743273 1
7.184989 11.865772 17.630913 1
7.820575 0.439186 17.566052 1
17.541468 6.461191 17.538514 1
13.649239 0.253291 0.031601 6
14.636238 11.706705 23.493002 6
4.335848 6.741028 0.021067 6
2.865257 6.624159 7.918747 6
3.716946 18.001911 7.920019 6
-6.680362 12.983213 7.932956 6
13.756324 12.876742 15.795425 6
3.672044 5.521907 15.801212 6
15.115270 0.473231 15.753093 6
-2.948034 18.436575 0.055253 6
-3.783630 6.981102 23.510296 6
6.676476 12.075764 23.523787 6
-2.897880 5.895559 7.800325 6
7.104145 13.245800 7.885043 6
-4.245989 18.283791 7.847044 6
8.024597 12.237411 15.708265 6
7.040301 0.862118 15.576143 6
17.347030 5.797386 15.735571 6
14.407896 0.919386 0.535548 1
13.730816 12.054319 0.370285 1
4.465111 5.926313 0.494171 1
3.558310 7.179513 8.392967 1
2.989662 18.202301 8.246171 1
-6.418495 12.163748 8.273517 1
-7.308649 13.482220 16.169090 1
2.828461 5.812348 16.151542 1
4.360966 18.481370 16.245382 1
-3.517512 17.801927 23.029039 1
-2.984105 6.768992 22.971729 1
6.404948 12.939979 23.084925 1
18.214633 5.476307 7.282046 1
7.948784 13.023700 7.423000 1
6.477951 0.416014 7.319768 1
7.409242 11.603595 15.322406 1
7.993148 0.522711 15.266809 1
17.326009 6.599564 15.270345 1
12.821900 0.786462 23.436237 1
14.440452 10.676237 23.488123 1
5.080574 7.145223 23.331947 1
2.083616 7.111447 7.757952 1
3.674591 17.117892 7.637764 1
-5.673294 13.514938 7.755958 1
12.924438 13.381623 15.635750 1
3.618910 4.557974 15.580225 1
15.964585 1.014733 15.488599 1
-2.004560 18.056958 0.146655 1
-3.631499 8.053051 0.144421 1
5.686802 11.536772 0.164016 1
-2.146172 5.501273 7.924508 1
7.194007 14.307248 7.974830 1
-5.143671 17.816006 8.054832 1
8.774210 11.646853 15.738662 1
7.199901 1.691390 15.897139 1
16.497118 5.355587 15.875848 1
2.511969 17.873064 0.918723 7
-6.044915 12.008322 0.903139 7
3.285386 7.494154 0.890344 7
2.495209 5.409101 8.797839 7
4.932962 18.269056 8.656109 7
-7.565630 13.830440 8.642007 7
13.347634 11.598256 16.638828 7
4.911991 5.775880 16.591031 7
14.113029 1.416643 16.563545 7
8.147194 0.835316 22.665996 7
16.811530 6.629652 22.761544 7
7.460871 11.256915 22.750131 7
-2.659015 7.061531 7.056707 7
5.861942 12.888971 6.957905 7
-3.367056 17.460727 6.892937 7
8.260367 13.431492 14.857954 7
5.982641 0.361009 14.893268 7
18.330678 4.928193 14.766733 7
3.622196 17.441835 1.827251 6
-6.223067 13.140732 1.830193 6
2.573451 6.877046 1.805984 6
3.704840 4.929255 9.604085 6
15.529514 0.773646 9.627411 6
13.357477 13.000340 9.525626 6
14.626203 11.218677 17.454262 6
4.596692 7.013153 17.446770 6
13.405496 0.617012 17.474596 6
7.154059 1.297340 21.685507 6
17.126620 5.489735 21.784859 6
8.416034 11.928762 21.869844 6
-3.707369 7.449080 6.012580 6
6.115590 11.798517 6.021961 6
-2.594274 18.144601 6.081364 6
7.199756 13.721414 13.934067 6
-4.593046 18.127027 13.908436 6
-2.592499 5.813493 13.972083 6
3.736218 18.287181 2.503176 1
-6.944271 12.956560 2.510949 1
2.972045 6.275551 2.430486 1
3.881357 5.733297 10.338251 1
14.882177 0.353682 10.360030 1
13.803523 12.539716 10.272446 1
-6.946357 12.042387 18.214805 1
3.931881 6.692679 18.030391 1
13.918446 0.168968 18.133577 1
7.117840 0.524872 21.158922 1
17.670625 5.873979 21.023077 1
7.752214 12.466409 21.032046 1
-3.709005 6.880209 5.326380 1
6.857456 12.120146 5.314212 1
-3.127018 18.575601 5.323962 1
7.094608 13.111683 13.277576 1
-3.898513 18.324338 13.272476 1
-2.976041 6.083665 13.237516 1
4.571220 17.513629 1.229502 1
-6.489366 13.842831 1.153082 1
2.002203 6.121254 1.199507 1
4.577436 4.960439 9.047481 1
15.026517 1.388488 9.099333 1
12.983091 12.451254 9.073802 1
-6.219550 11.322161 16.925497 1
4.212769 7.621686 16.954631 1
2.126035 18.523191 17.017082 1
6.218329 1.172800 22.318152 1
17.498720 4.812014 22.387117 1
8.727911 12.603564 22.284303 1
17.184154 7.549310 6.644778 1
6.626660 11.131051 6.641555 1
8.765521 0.144068 6.583341 1
6.389126 13.827599 14.460106 1
-4.266529 17.375350 14.383674 1
-1.953405 6.396247 14.445244 1
3.340877 16.308927 2.447757 6
-4.908519 13.618850 2.489417 6
1.503668 7.618274 2.497077 6
3.506027 3.608648 10.178221 6
16.723114 1.154298 10.177998 6
12.367074 13.937890 10.211213 6
14.317753 9.957564 18.066166 6
5.998901 7.453686 18.147520 6
12.319653 1.353715 18.066424 6
7.306638 2.632219 21.088680 6
15.728188 5.210987 21.046175 6
9.346039 11.182739 21.112206 6
-3.487050 8.870777 5.458523 6
4.836764 11.388962 5.516789 6
-1.475966 17.404035 5.354356 6
7.427636 15.123944 13.270108 6
-5.846945 17.552757 13.336077 6
-1.456741 4.820014 13.293845 6
2.717860 16.322839 3.077284 1
-4.700613 12.914174 3.070107 1
1.852248 8.203680 3.123366 1
2.754795 3.798117 10.921548 1
17.095300 0.509750 10.936301 1
12.768451 14.481943 10.960975 1
13.444016 10.028117 18.785961 1
6.286676 6.729346 18.640563 1
12.816594 2.074366 18.641900 1
8.042663 2.457489 20.600422 1
15.455160 5.850284 20.514710 1
8.854701 10.545645 20.583096 1
-2.719774 8.670496 4.883985 1
4.698393 12.128768 4.909788 1
-1.879766 16.828785 4.727004 1
8.172187 14.931556 12.591455 1
-6.258935 18.234835 12.737941 1
-1.855229 4.174339 12.607945 1
4.197401 15.837550 2.900430 1
-4.985804 14.470752 2.946231 1
0.821136 7.215854 2.976936 1
4.145643 3.427131 10.817272 1
16.695190 2.056342 10.810176 1
11.690185 13.379993 10.756920 1
15.032212 9.588909 18.593205 1
5.799803 8.308054 18.584315 1
11.653653 0.838073 18.503241 1
6.686114 2.892978 20.699974 1
15.825177 4.291235 20.609129 1
10.049496 11.534859 20.626364 1
-4.208463 9.134233 5.024859 1
4.976167 10.467981 5.044895 1
-0.937478 17.790291 4.955850 1
6.690286 15.445699 12.908642 1
-5.753114 16.724378 12.768111 1
-0.753722 5.351744 12.836834 1
3.116275 15.208745 1.375426 7
-3.808610 13.876291 1.370034 7
0.739166 8.489504 1.369512 7
2.990123 2.587792 9.272606 7
17.855845 1.336722 9.143618 7
11.598652 14.813695 9.237218 7
13.893944 8.878159 16.970418 7
6.907474 7.628942 16.949520 7
11.549091 2.316625 17.096181 7
7.760871 3.525429 22.188726 7
14.628561 4.946777 22.171022 7
10.066938 10.199695 22.224320 7
-3.121189 9.896927 6.569886 7
3.871022 11.250708 6.476723 7
-0.706297 16.461274 6.474733 7
7.691213 16.021853 14.380022 7
-6.943724 17.446644 14.372291 7
-0.862290 4.012413 14.268319 7
4.280606 14.821995 0.427455 6
-4.102402 15.029158 0.352155 6
-0.112951 7.707197 0.440952 6
4.290346 2.302496 8.285836 6
17.603237 2.479498 8.284241 6
10.768843 13.860396 8.178206 6
15.155463 8.623622 16.105570 6
6.702298 8.665797 16.037477 6
10.730969 1.484380 16.142946 6
6.617814 3.852161 23.114284 6
14.988810 3.737557 23.080058 6
11.016228 11.035291 23.098740 6
-4.244779 10.262044 7.440455 6
4.033553 10.000442 7.414457 6
0.035544 17.325600 7.479189 6
6.571675 16.522073 15.248561 6
-6.608935 16.330275 15.204806 6
0.100358 4.826715 15.178642 6
4.804318 14.251376 0.993135 1
-3.889188 15.853439 0.830854 1
-0.871871 7.469416 0.972709 1
4.934991 1.794168 8.830138 1
17.690286 3.379340 8.717055 1
10.032859 13.579209 8.825737 1
15.713733 8.098099 16.583465 1
6.818928 9.621954 16.588169 1
9.982243 1.100589 16.627361 1
6.003791 4.389568 22.711386 1
14.854564 2.991246 22.579413 1
11.819230 11.319718 22.657473 1
-4.867977 10.772661 6.948772 1
3.898453 9.241175 6.870513 1
0.965381 17.587491 6.872782 1
6.059017 17.046772 14.686251 1
-6.809599 15.377893 14.744643 1
0.855742 5.024244 14.739190 1
4.768882 15.673695 0.131646 1
-5.109212 14.993906 0.148377 1
0.427593 6.902657 0.194135 1
4.722442 3.176917 8.080888 1
16.593278 2.566931 7.892008 1
11.171869 13.130296 7.970531 1
15.482154 9.461596 15.874824 1
5.797696 8.738058 15.930046 1
11.214016 0.735963 15.821926 1
6.068507 3.141543 23.371358 1
15.956842 3.709277 23.419134 1
10.377407 11.839716 23.307157 1
-4.653667 9.376020 7.713250 1
4.964961 10.010147 7.671439 1
-0.287614 18.038802 7.802275 1
6.196431 15.553482 15.549993 1
-5.792966 16.213105 15.518948 1
-0.393950 5.650005 15.625190 1
3.647944 14.159238 22.682541 6
-3.297093 14.983384 22.728235 6
-0.438470 8.423638 22.678506 6
3.711903 1.562380 7.139812 6
18.380852 2.490843 7.178366 6
10.411782 14.694297 7.157561 6
14.626177 7.777543 14.915298 6
7.657792 8.584977 14.866189 6
10.435183 2.213425 14.847955 6
7.134042 4.743262 0.804922 6
14.065546 3.815456 0.805328 6
11.234124 10.296368 0.663488 6
-3.790417 10.855062 8.684394 6
3.305331 10.092806 8.636772 6
0.415464 16.474180 8.582709 6
7.027316 17.268328 16.402006 6
-7.659697 16.308603 16.413159 6
0.524762 3.959009 16.484327 6
4.567011 13.706686 22.215986 1
-3.273258 15.850861 22.324952 1
-1.165450 8.057342 22.282233 1
4.386445 1.248110 6.662718 1
18.350816 3.171981 6.577682 1
9.657892 14.281038 6.547418 1
15.209212 7.462899 14.385740 1
7.433598 9.405247 14.443564 1
9.637985 1.768316 14.421422 1
6.316565 4.943283 1.285323 1
14.120923 2.997219 1.192591 1
11.929960 10.756575 1.251272 1
-4.474872 11.313182 9.143967 1
3.380317 9.356920 9.069583 1
1.064417 16.914630 9.144196 1
6.413873 17.460392 16.873511 1
-7.592350 15.498239 16.969158 1
1.069536 4.435693 17.007772 1
3.187360 13.267888 22.981179 1
-2.371994 14.934166 23.142159 1
-0.828757 9.310995 23.071275 1
3.182019 0.854683 7.428478 1
19.399709 2.291534 7.458153 1
9.877542 15.657613 7.468079 1
14.091637 6.967400 15.285826 1
8.470542 8.525154 15.255651 1
9.997853 3.138943 15.274964 1
7.647654 5.428094 0.390115 1
13.089740 3.797134 0.536807 1
11.657276 9.518420 0.456520 1
-3.299119 11.657550 8.325536 1
2.253704 10.133846 8.297587 1
0.932989 15.738488 8.238154 1
7.683969 17.950023 16.139837 1
-8.437149 16.392473 16.106691 1
0.992290 3.124815 16.223173 1
