1.655151 7.432736 10.724922 8
13.820968 0.842604 2.616327 8
9.254315 4.993223 10.730353 8
6.154825 3.242358 2.593049 8
1.311702 4.718885 5.974424 8
14.163614 3.653022 13.925334 8
8.865839 7.647373 5.962992 8
6.516759 0.601464 14.039780 8
0.771147 3.339190 8.640714 8
14.704066 5.057072 0.676711 8
8.449212 0.765517 8.749174 8
7.073791 7.424498 0.667337 8
14.243941 2.871094 7.503067 8
1.013826 5.437582 15.391470 8
6.717014 1.326489 7.466247 8
8.782496 6.911492 15.518679 8
2.300453 2.801672 6.672263 7
13.062367 5.406638 14.543859 7
10.047908 1.221135 6.700417 7
5.333931 7.098747 14.688626 7
0.816253 0.083180 8.437048 6
14.534652 8.187566 0.633593 6
8.555131 4.170902 8.548545 6
6.805508 4.215232 0.527862 6
1.699433 8.144305 9.679218 6
13.615197 0.161616 1.743157 6
9.507188 4.282138 9.616839 6
5.913258 4.053978 1.666532 6
3.036881 0.621251 9.447520 6
12.466868 7.609968 1.427746 6
10.701217 3.387284 9.394261 6
4.673040 4.826103 1.288959 6
3.778462 0.734020 9.946815 1
11.758996 7.527535 2.043284 1
11.384678 3.321012 9.964548 1
3.907908 5.008610 1.951304 1
2.937619 1.160112 8.086629 6
12.612002 7.090235 0.265131 6
10.552195 2.963863 8.209597 6
4.899192 5.334338 0.263447 6
3.599686 2.312477 7.294507 6
11.961438 6.025594 15.330312 6
11.272776 1.953941 7.427952 6
4.118722 6.302365 15.324297 6
4.075387 1.939802 6.657433 1
11.190560 6.455448 14.645572 1
11.803875 2.159264 6.705970 1
3.560354 5.990726 14.633958 1
3.956632 2.846306 7.979955 1
11.469599 5.287029 15.856576 1
11.677458 1.323453 7.868874 1
3.751162 7.082079 15.884834 1
1.090883 1.980437 6.662847 6
14.367665 6.266694 14.744622 6
8.749988 2.009230 6.651245 6
6.665176 6.225247 14.773847 6
1.563599 0.843688 7.534709 6
13.723666 7.533509 15.525190 6
9.307042 3.261505 7.395405 6
6.006667 4.939269 15.392459 6
1.810938 0.132733 6.695348 1
13.437742 8.173818 14.804206 1
9.631668 3.915369 6.771431 1
5.891483 4.292950 14.733260 1
15.005275 8.002751 8.553750 6
0.345338 0.328277 0.638033 6
7.331478 4.457551 8.562276 6
8.079612 3.851194 0.681592 6
14.670010 7.552437 9.372188 1
0.742061 0.656092 1.295263 1
6.944543 4.849900 9.420720 1
8.451279 3.466042 1.270509 1
14.529473 8.001688 7.795144 1
0.979621 0.246054 15.769790 1
6.699968 4.279005 7.737344 1
8.689849 3.846214 15.845974 1
2.242708 4.232177 6.224320 6
13.155161 4.157512 14.287524 6
10.056818 8.217318 6.244972 6
5.342690 8.214748 14.217632 6
3.478342 4.949462 6.209952 6
11.738162 3.354147 14.083790 6
11.196079 7.492064 6.163400 6
4.146470 0.738377 14.124448 6
3.724204 6.008135 6.878808 6
11.690185 2.282562 14.860736 6
11.329602 6.235409 6.995115 6
4.025004 2.012593 14.850582 6
3.005318 6.331887 7.646138 1
12.286273 2.018372 15.521166 1
10.714382 6.090666 7.574500 1
4.547592 2.131455 15.594548 1
4.934131 6.917910 6.858918 6
10.560044 1.327474 14.709357 6
12.558591 5.563818 6.805285 6
2.784076 2.645621 14.722981 6
5.033507 7.584832 7.349239 1
10.431200 0.669048 15.386001 1
12.634822 4.743198 7.420377 1
2.771991 3.550720 15.361927 1
5.808120 6.652505 5.931153 6
9.609235 1.784638 13.956570 6
13.587458 5.840253 5.920754 6
1.921330 2.334605 13.899697 6
6.610970 7.120551 5.786755 1
8.908321 1.182009 13.694304 1
14.292164 5.389072 5.754319 1
1.105586 3.017976 13.830892 1
5.743452 5.499358 5.046186 6
9.813934 2.927517 13.028008 6
13.291898 6.886382 5.057026 6
2.015538 1.222168 13.117996 6
6.343167 5.118343 4.484071 1
9.036926 3.033748 12.549285 1
13.977989 7.271572 4.539634 1
1.405293 1.137702 12.552038 1
4.474853 4.539956 5.387832 6
10.746085 3.664950 13.269424 6
12.170553 7.826281 5.300737 6
3.211149 0.491017 13.245013 6
4.533005 3.723471 4.764942 1
10.959726 4.451582 12.775240 1
12.142064 0.272688 4.871339 1
3.200624 7.917738 12.830102 1
0.470032 1.833731 5.362818 6
14.871850 6.458383 13.395200 6
8.247000 2.332496 5.312334 6
7.188452 5.822811 13.373428 6
15.145919 1.108913 5.528880 1
0.249095 7.167273 13.414235 1
7.482989 2.929080 5.555757 1
7.994901 5.424122 13.471636 1
0.260877 2.668426 5.047312 1
15.297552 5.670403 12.859055 1
7.837626 1.507197 4.959328 1
7.495780 6.783696 12.860541 1
1.467292 1.189247 4.390372 6
13.867811 7.139128 12.347980 6
9.226879 3.089112 4.392838 6
6.230331 5.295707 12.317215 6
1.540620 8.086968 4.409462 6
13.761748 0.287936 12.397133 6
9.370552 4.467664 4.320614 6
6.083323 3.798067 12.261013 6
1.101439 7.451638 4.769874 1
14.343875 0.741685 12.776974 1
8.807052 4.915609 4.722264 1
6.656249 3.364941 12.712958 1
2.533147 7.410417 3.507624 6
12.768896 0.749819 11.483093 6
10.356157 4.932537 3.481365 6
5.169807 3.217531 11.555504 6
2.601285 6.539390 3.513140 1
12.708923 1.733077 11.580215 1
10.330704 5.887889 3.617498 1
5.137802 2.455391 11.450297 1
3.345496 8.191343 2.910012 6
11.899860 8.222202 10.904601 6
11.226530 4.135126 2.907457 6
4.238622 4.039185 10.884779 6
4.129849 7.809720 2.327582 1
11.197673 0.465958 10.308750 1
11.856694 4.501151 2.314876 1
3.638782 3.611531 10.285859 1
3.220580 1.287137 2.798464 6
12.056349 6.927732 10.860631 6
10.918673 2.887420 2.877999 6
4.380616 5.563367 10.899314 6
3.877886 1.890985 2.305820 1
11.628477 6.303419 10.274566 1
11.659460 2.174522 2.381883 1
3.805909 5.926679 10.264121 1
2.355837 1.992432 3.618454 6
13.098663 6.455990 11.538640 6
10.011303 2.321107 3.700552 6
5.409941 6.111445 11.631648 6
2.192952 2.876553 3.709435 1
13.170180 5.477898 11.558629 1
9.987217 1.313337 3.739740 1
5.495038 7.022463 11.679469 1
0.172206 2.691200 7.618070 6
15.289612 5.573464 15.617054 6
7.712898 1.299567 7.641715 6
7.636094 6.842282 15.649294 6
15.354609 3.914590 9.711159 6
0.033033 4.219033 1.774510 6
7.615234 0.173975 9.679452 6
7.722804 8.084183 1.747680 6
0.530632 4.396053 10.463036 1
15.055594 3.967783 2.366567 1
8.212438 8.109436 10.491254 1
7.209757 0.249854 2.330755 1
14.684422 3.296711 10.004066 1
0.737031 4.906576 2.153701 1
6.920449 0.809915 9.963867 1
8.371651 7.401858 2.079902 1
14.802647 4.735714 9.329636 1
0.577786 3.642265 1.210721 1
7.138934 7.668242 9.175865 1
8.361614 0.534165 1.299079 1
