2.410682 11.253172 9.973888 33
5.183080 1.605844 8.222488 33
2.619301 8.360162 2.105025 33
-0.156929 18.146883 3.922203 33
1.089328 12.179935 9.250869 9
-1.206834 2.472217 8.977275 9
3.918623 7.278545 2.789979 9
6.281056 17.196766 3.237862 9
1.258246 9.874966 10.140652 9
-1.484131 0.260929 8.007924 9
3.694633 9.588598 1.961135 9
6.510926 19.412131 4.164826 9
3.642502 12.629254 9.930809 9
3.915361 2.761759 8.222320 9
1.575979 6.946452 2.162733 9
1.009221 16.847364 3.824000 9
2.988393 10.630791 8.582428 9
4.648329 0.895312 9.811599 9
2.176892 8.852781 3.608361 9
0.488428 18.596538 2.434925 9
1.972975 11.898350 11.639896 9
5.584463 2.157064 6.688750 9
3.011017 7.807335 0.594995 9
-0.550491 17.554534 5.425347 9
3.644920 10.302884 10.824492 9
3.901956 0.427987 7.478396 9
1.413537 9.248106 1.427023 9
1.179965 19.041844 4.613997 9
4.132056 17.966982 5.424169 8
6.083487 8.184953 0.675033 8
0.927197 1.635626 6.769187 8
-1.089389 11.350056 11.456267 8
4.681295 17.316733 7.346845 8
2.829621 7.397191 10.873587 8
0.384299 2.385504 4.732027 8
2.159172 12.115140 1.308810 8
4.820347 18.177803 7.491928 1
2.641010 8.318221 10.691005 1
0.141261 1.479572 4.659924 1
2.340751 11.235350 1.332067 1
3.719617 12.826359 5.284194 6
6.491804 3.124551 0.826855 6
1.399479 6.650921 6.907550 6
-1.544082 16.566262 11.381506 6
3.602646 13.961785 4.308923 6
6.556575 3.980937 1.805040 6
1.483455 5.798041 7.862479 6
-1.599433 15.567453 10.401985 6
3.437191 13.518913 3.400173 1
6.840427 3.772011 2.710846 1
1.673820 6.069688 8.832478 1
-1.816641 15.747709 9.407629 1
3.810706 15.217341 4.614390 6
6.373939 5.336119 1.434450 6
1.182102 4.433807 7.596110 6
-1.400823 14.196715 10.619553 6
3.734032 15.866509 3.788458 1
6.384438 6.121150 2.259573 1
1.314483 3.803457 8.291298 1
-1.399409 13.549226 9.946221 1
3.997973 15.511728 5.854620 6
5.988059 5.873599 0.230518 6
0.863695 4.049695 6.271734 6
-1.113444 13.795237 11.864722 6
4.266951 14.648574 6.781436 6
3.311475 4.945120 11.361300 6
0.779850 5.003079 5.280923 6
1.649067 14.676247 0.717255 6
4.418744 14.882134 7.821952 1
3.144284 5.193129 10.542529 1
0.645835 4.731460 4.441332 1
1.847401 14.512080 1.737957 1
3.957112 13.392252 6.523554 6
3.453231 3.500254 11.618071 6
1.020839 6.334734 5.616462 6
1.547717 16.166175 0.442724 6
4.008917 12.710445 7.268899 1
3.462312 2.879526 10.908951 1
0.869403 6.942885 4.956863 1
1.539797 16.796136 1.224428 1
3.441708 11.538776 4.981181 6
6.647067 1.607113 1.193712 6
1.504724 8.212409 7.222640 6
-1.613342 18.006575 11.028079 6
4.332905 10.924234 4.869576 1
5.754383 1.130952 1.188362 1
0.637696 8.584878 7.374302 1
-0.827606 18.422116 10.958463 1
2.828755 11.389421 4.110219 1
7.191489 1.653845 2.024041 1
2.019297 8.219536 8.085745 1
-2.191229 18.073656 10.186589 1
2.889861 11.015345 5.755582 1
7.241798 1.145028 0.368998 1
2.136051 8.625183 6.373676 1
-2.172172 18.321786 11.760590 1
4.204582 17.055390 6.178850 6
3.330533 7.325011 12.010501 6
0.753366 2.506140 6.062950 6
1.664880 12.257472 0.118594 6
6.480496 10.634909 1.545209 8
3.768019 0.866032 4.571058 8
-1.525837 8.811915 10.654816 8
1.354530 18.760784 7.473742 8
6.353300 10.039674 1.028887 1
3.788008 0.157737 5.001394 1
-1.280002 9.461065 11.041137 1
1.130379 19.341723 7.091627 1
6.485469 9.066113 3.152637 8
3.680108 18.928367 2.982318 8
-1.477233 10.418117 9.003718 8
1.515317 0.667283 9.113255 8
6.379306 8.559331 2.350207 1
3.793911 18.350654 3.668610 1
-1.361640 10.885648 9.701277 1
1.263940 1.224635 8.525836 1
-0.667646 11.286458 3.707248 6
3.253487 1.567941 2.333695 6
5.612688 8.256884 8.456182 6
1.941341 17.979565 9.744627 6
-0.733242 12.779330 3.409843 6
3.140334 2.896431 2.785544 6
5.661235 6.850663 8.872516 6
1.771172 16.776969 9.451256 6
6.704226 13.015560 2.512448 1
3.477028 3.212366 3.675213 1
-1.768898 6.549885 9.602440 1
1.590141 16.354811 8.493289 1
-0.256937 13.664151 4.198882 6
2.918022 3.827305 1.752253 6
5.403734 6.005928 7.894143 6
2.209978 15.839629 10.338264 6
-0.384087 14.534188 3.968390 1
2.877441 4.772640 1.933991 1
5.323994 4.946750 8.080883 1
2.174394 14.859034 10.201129 1
-0.028288 13.342444 5.668742 6
2.517459 3.430534 0.567470 6
5.061849 6.395353 6.455170 6
2.460896 16.058222 11.735724 6
-0.089566 11.853882 5.956713 6
2.532996 2.206549 0.104996 6
5.039844 7.763294 6.185179 6
2.551208 17.479355 12.086192 6
0.209602 11.621850 6.805391 1
-0.195108 1.872327 11.392286 1
4.826223 7.865136 5.394484 1
5.302085 17.812083 0.698698 1
-0.339020 10.893465 5.063603 6
2.739811 1.080597 1.047746 6
5.264695 8.732831 7.233680 6
2.168730 18.503820 11.058261 6
-0.298710 10.011343 5.277545 1
2.782230 0.189273 0.835752 1
5.278089 9.462440 6.998729 1
2.293095 19.363198 11.365469 1
0.353346 14.237471 6.615357 6
-0.455336 4.558681 11.488723 6
4.749026 5.265344 5.576143 6
5.385798 15.120105 0.555703 6
1.134834 14.773177 6.333514 1
-1.209022 5.044937 11.936341 1
3.909189 4.738145 5.920687 1
6.319224 14.583926 0.318607 1
0.456228 13.804346 7.439561 1
-0.595058 4.154428 10.787959 1
4.413988 5.713072 4.696976 1
5.641853 15.533891 1.451417 1
-0.522927 14.855815 6.804667 1
0.262503 5.186574 11.406888 1
5.403030 4.674080 5.494001 1
4.633124 14.404253 0.632161 1
6.637378 10.244301 2.602593 6
3.506876 0.509641 3.412344 6
-1.725677 9.341505 9.417046 6
1.473330 19.113507 8.690564 6
