14.851209 1.852391 2.587975 8
0.810112 6.467839 8.931667 8
7.043121 6.467076 2.476255 8
8.419491 1.758058 8.989656 8
0.575919 3.207328 3.616052 8
14.939693 5.084931 10.017259 8
8.323340 4.972804 3.543360 8
7.096175 3.130382 9.957339 8
0.542153 5.739115 0.274386 8
14.914054 2.299633 6.846186 8
8.293733 2.474373 0.408747 8
7.095977 5.835912 6.712971 8
2.212634 7.215361 0.807316 8
13.353313 0.953731 7.323268 8
10.014420 1.006188 0.867269 8
5.593919 7.148457 7.189785 8
14.688642 0.321225 2.362852 6
0.747003 7.940936 8.872430 6
6.829464 7.904372 2.388590 6
8.601464 0.252183 8.871995 6
14.985697 0.024866 1.715450 1
0.324316 0.095042 8.143138 1
7.429909 0.088345 1.631768 1
8.220051 8.217949 8.107708 1
13.680129 8.163218 2.508445 1
1.753010 8.186844 8.900741 1
6.007734 8.156549 2.475998 1
9.424279 0.033924 8.780428 1
15.389487 8.022493 3.766351 6
0.192981 0.262909 10.100430 6
7.684467 0.175493 3.645739 6
7.909065 7.971579 10.159040 6
14.779913 8.185824 4.450234 1
0.798383 8.143024 10.963635 1
6.936273 8.102365 4.442729 1
8.519013 0.132735 10.852730 1
0.329178 6.686646 3.953999 6
15.029043 1.489966 10.287106 6
8.200339 1.464273 3.779035 6
7.359033 6.572031 10.348664 6
15.357207 6.018777 3.584218 1
0.173498 2.361747 9.997587 1
7.597075 2.263325 3.488714 1
7.818040 5.903355 9.865356 1
1.529135 6.393613 4.514560 6
13.945701 1.796401 10.856431 6
9.283408 1.780857 4.428464 6
6.297548 6.359483 10.819989 6
1.819563 5.483710 4.535832 1
13.641853 2.710051 10.976132 1
9.419602 2.734668 4.473274 1
5.906740 5.606341 11.098054 1
2.524991 7.439130 4.975656 6
12.979821 0.829100 11.433639 6
10.157720 0.734936 5.002330 6
5.274720 7.522829 11.535317 6
2.565276 7.190264 6.026616 1
12.847099 0.870021 12.446296 1
10.291587 0.885479 6.014540 1
5.164326 7.278892 12.388989 1
1.874633 0.768421 4.988072 6
13.706115 7.636065 11.400725 6
9.640672 7.588335 4.971060 6
5.865498 0.612864 11.453700 6
1.275182 0.793909 5.676899 1
14.311407 7.401390 12.151446 1
9.050001 7.302807 5.763868 1
6.501969 0.743993 12.247307 1
2.576991 1.289964 4.916672 1
12.871502 6.799090 11.376015 1
10.363441 6.852665 5.062521 1
5.152138 1.347511 11.509894 1
0.984085 0.767452 3.725232 6
14.426547 7.316713 10.089141 6
8.707406 7.374181 3.633450 6
6.691111 0.820773 10.165171 6
1.587128 0.641693 2.975419 1
13.884572 7.761414 9.468263 1
9.432710 7.582076 3.037772 1
6.176306 0.622358 9.465385 1
0.420295 2.096417 3.408064 6
15.141327 6.123392 9.653503 6
8.122049 6.070945 3.268580 6
7.352453 2.027597 9.746634 6
3.866823 7.376359 4.186349 6
11.718387 0.781491 10.765727 6
11.556318 0.834018 4.277293 6
4.071179 7.369560 10.661019 6
4.160618 6.551246 4.208223 1
11.398021 1.691113 10.832260 1
11.839760 1.680831 4.304223 1
3.734311 6.547067 10.830228 1
4.350943 7.966671 4.633725 1
11.161966 0.124234 11.208440 1
12.122473 0.219978 4.793274 1
3.442183 8.063032 11.074427 1
3.723116 7.754801 3.385527 1
11.811092 0.522921 9.739138 1
11.321035 0.548199 3.282951 1
4.195859 7.732673 9.744083 1
0.442934 4.409012 0.338937 6
15.107930 3.829285 6.622869 6
8.181046 3.817096 0.177297 6
7.327641 4.429160 6.754631 6
15.292644 4.062003 12.473239 1
0.274717 4.136040 5.897865 1
7.529820 4.121244 12.394884 1
7.943523 4.198181 5.983944 1
0.054075 3.946656 1.171527 1
0.112762 4.250266 7.571139 1
7.733349 4.260702 1.031335 1
7.751555 4.036010 7.425893 1
1.873533 3.941112 0.097342 6
13.726194 4.397996 6.537047 6
9.554604 4.434831 0.093654 6
5.872974 3.845602 6.532628 6
2.025293 4.113961 11.982637 1
13.514789 4.221774 5.593014 1
9.748789 4.110867 11.980546 1
5.652492 4.106880 5.585632 1
2.253115 2.385167 0.287345 6
13.331859 5.766613 6.717453 6
9.995609 5.734213 0.416976 6
5.521355 2.404222 6.832863 6
1.602624 1.851249 0.077883 1
13.874792 6.527883 6.663333 1
9.331542 6.437199 0.099661 1
6.186933 1.711332 6.542831 1
3.393394 2.169502 0.959832 6
12.148299 6.049552 7.433029 6
11.069497 5.952802 0.871717 6
4.423260 2.156817 7.313181 6
3.588859 1.292088 1.042014 1
12.020521 6.924291 7.558066 1
11.340032 6.897313 1.100446 1
4.285784 1.289579 7.547969 1
4.303659 3.191731 1.429419 6
11.200866 5.001580 7.736107 6
12.199031 4.934099 1.264101 6
3.381001 3.241195 7.777831 6
5.215593 2.956498 1.018320 1
10.252349 5.353832 7.380254 1
12.994482 5.349417 0.856845 1
2.513777 2.948106 7.407135 1
4.012423 4.571476 0.775514 6
11.452893 3.528386 7.316156 6
11.828737 3.667578 0.886075 6
3.772963 4.727118 7.352069 6
4.523370 5.243494 1.450160 1
10.959224 2.990550 7.847641 1
12.194438 2.840583 1.451972 1
3.195206 5.251135 7.787320 1
4.305913 4.797579 12.717444 1
11.226036 3.465939 6.388294 1
12.102846 3.396212 0.002064 1
3.446534 4.792545 6.343910 1
2.437955 4.821913 0.923427 6
12.982368 3.390258 7.346997 6
10.219576 3.348928 1.040336 6
5.167361 4.898933 7.394208 6
2.373078 4.505323 1.882915 1
13.155557 3.626273 8.397934 1
10.081485 3.573009 1.868663 1
5.453801 4.587683 8.402698 1
1.799106 6.190500 0.717725 6
13.667114 2.006342 7.240591 6
9.656422 2.088844 0.661144 6
5.861107 6.206480 7.134119 6
4.620293 3.223032 2.898602 6
10.812433 5.056197 9.339774 6
12.384349 5.146625 2.852154 6
3.142613 3.086375 9.320310 6
3.760158 3.397354 3.281334 1
11.741524 4.681756 9.666589 1
11.437479 4.706123 3.342967 1
4.009206 3.474110 9.737667 1
5.321331 3.831485 3.169285 1
10.155929 4.483877 9.598850 1
13.091715 4.561707 3.102275 1
2.334702 3.788981 9.549864 1
4.843322 2.296715 3.033849 1
10.754603 6.002567 9.641216 1
12.489601 5.972137 3.091832 1
3.015827 2.295611 9.623124 1
