7.275195 5.953509 5.574886 29
10.645759 5.911774 5.686195 29
19.225350 12.371618 5.670087 29
-1.100809 12.379531 5.600934 29
5.099253 7.030577 16.999727 29
1.801403 7.081895 16.852948 29
-6.786293 0.627565 17.025184 29
13.577312 0.546184 16.829998 29
7.130852 3.406656 5.688171 17
10.758755 3.381139 5.719896 17
18.990453 9.843399 5.736756 17
-0.937448 9.966967 5.729448 17
5.198488 9.597071 16.951743 17
1.665058 9.484229 16.861566 17
-6.538051 2.989990 16.914677 17
13.288601 3.112315 16.869434 17
5.579000 7.241207 5.738135 15
12.356507 7.224897 5.632804 15
17.366974 0.678685 5.778514 15
0.533779 0.731471 5.658802 15
6.803005 5.859719 16.923764 15
-0.034185 5.774717 16.953424 15
-5.078981 12.254095 16.880354 15
11.737898 12.291994 17.000666 15
3.601834 12.117328 0.644673 8
14.317047 12.114302 10.625086 8
15.430006 5.651311 0.738497 8
2.531791 5.672997 10.463195 8
8.779043 0.812711 21.852590 8
-1.911178 0.821854 12.035691 8
-2.997419 7.377101 21.768310 8
9.824943 7.452289 12.027739 8
4.543917 7.010686 4.120612 6
13.383335 6.952777 7.075061 6
16.341908 0.525932 4.069144 6
1.752022 0.495753 7.152694 6
7.816389 6.023701 18.333252 6
-1.040130 6.031415 15.415274 6
-3.887876 12.547580 18.482559 6
10.692362 12.532465 15.492457 6
3.558672 12.180090 0.409143 8
14.360521 12.048973 10.953711 8
15.426099 5.710887 0.300903 8
2.502893 5.600526 10.887576 8
8.722156 0.941868 22.220797 8
-1.968274 0.854365 11.654300 8
-2.970898 7.268736 22.342022 8
9.841147 7.310257 11.572284 8
8.963869 3.453391 4.033956 29
8.981475 3.503843 7.264389 29
20.719726 10.043105 4.058078 29
-2.851568 9.873998 7.204941 29
3.306720 9.535506 18.604142 29
3.473770 9.530362 15.236969 29
-8.351511 2.961018 18.477296 29
15.190251 3.122635 15.189362 29
9.028558 5.833451 3.834193 17
8.947671 5.949233 7.540790 17
20.668912 12.475018 3.846305 17
-2.689982 12.299315 7.498584 17
3.463936 7.097512 18.710734 17
3.448819 7.176515 15.113688 17
-8.314825 0.604938 18.788678 17
15.226661 0.502707 15.077162 17
9.083331 2.103515 2.322280 15
8.920802 1.989313 9.045142 15
20.697271 8.624197 2.201990 15
-2.879089 8.533961 9.058239 15
3.420753 10.993042 20.247213 15
3.455718 10.837203 13.509514 15
-8.396989 4.315121 20.244744 15
15.243896 4.400603 13.670988 15
5.441377 6.756369 2.936957 6
12.503884 6.812837 8.274483 6
17.242603 0.293670 2.923775 6
0.823577 0.296565 8.366970 6
7.072701 6.081748 19.562128 6
-0.096485 6.049606 14.230067 6
-4.687010 12.583500 19.644620 6
11.507815 12.604032 14.259792 6
4.841576 6.595183 2.211355 1
13.223206 6.577454 9.142409 1
16.582703 12.973386 2.241224 1
1.462135 0.046259 9.111913 1
7.629918 6.400924 20.443054 1
-0.832210 6.476882 13.459013 1
-4.267980 12.965828 20.364767 1
10.954140 12.907829 13.538621 1
6.097096 6.314355 2.958936 1
11.806871 6.362271 8.278062 1
18.018919 12.685303 2.924438 1
-0.053453 12.874906 8.342225 1
6.301141 6.672447 19.507902 1
0.542681 6.688306 14.178859 1
-5.499105 0.279315 19.672996 1
12.390419 0.268473 14.158558 1
5.585053 7.762715 2.857955 1
12.368107 7.816280 8.482098 1
17.537174 1.371744 2.749445 1
0.531630 1.236365 8.469808 1
6.655085 5.251133 19.737851 1
0.101980 5.283915 14.011643 1
-5.098063 11.683941 19.760122 1
11.792740 11.651069 14.060078 1
3.772107 5.558703 4.271934 6
14.138717 5.567906 6.938539 6
15.626719 12.146455 4.415927 6
2.429260 12.090826 6.905427 6
8.541441 7.471963 18.245218 6
-1.731792 7.346555 15.684142 6
-3.117019 0.956268 18.230954 6
9.991775 0.976903 15.536721 6
3.116815 5.454884 3.582289 1
14.943280 5.575116 7.590596 1
14.840966 11.969852 3.602811 1
3.198838 11.904615 7.536251 1
9.446054 7.439907 18.895667 1
-2.430400 7.492728 14.921720 1
-2.338426 1.067982 18.835357 1
9.218702 0.937324 15.052164 1
3.810401 4.948245 4.919345 1
14.280529 4.830957 6.395006 1
15.554522 11.368949 5.004687 1
2.470074 11.266816 6.334518 1
8.652060 8.040680 17.535778 1
-1.902901 8.137985 16.305365 1
-3.175261 1.601468 17.613257 1
9.937414 1.554560 16.243784 1
4.680944 5.470750 3.793581 1
13.418673 5.426716 7.462497 1
16.462359 12.011456 3.803609 1
1.648753 11.956254 7.534400 1
7.807975 7.591808 18.709827 1
-0.896285 7.476818 15.007255 1
-4.021796 0.966117 18.731079 1
10.799246 0.987733 15.172231 1
3.510664 8.023853 3.958135 6
14.465535 8.076693 7.268896 6
15.181737 1.506721 3.936681 6
2.739388 1.525889 7.264954 6
8.954946 5.008848 18.721916 6
-2.185293 5.066640 15.129801 6
-2.823593 11.393115 18.637411 6
9.686886 11.477468 15.151328 6
3.712505 8.881620 3.687798 1
14.219939 8.886487 7.528132 1
15.465337 2.391635 3.730750 1
2.415374 2.391896 7.556074 1
8.742626 4.001866 18.913810 1
-1.755356 4.173960 15.056946 1
-3.033311 10.565394 18.914894 1
9.944469 10.649326 14.972570 1
2.857760 8.015389 4.735080 1
15.211092 8.117665 6.562807 1
14.684785 1.661483 4.799876 1
3.358473 1.619854 6.675136 1
9.650325 4.945817 17.921872 1
-2.705189 4.967106 15.950456 1
-2.109667 11.424395 17.819049 1
9.050915 11.441080 16.056760 1
2.913195 7.752469 3.167085 1
15.075054 7.685250 8.211436 1
14.630561 1.266093 3.078951 1
3.253242 1.110505 8.132044 1
9.593221 5.262210 19.336177 1
-2.636020 5.400686 14.397823 1
-2.176798 11.828904 19.460117 1
9.174635 11.909503 14.489117 1
6.274048 8.979871 5.651505 6
11.740454 8.961577 5.571753 6
18.049155 2.595497 5.808986 6
0.034360 2.519465 5.512554 6
6.145090 4.035597 16.823238 6
0.644399 3.872857 17.027890 6
-5.537345 10.444113 16.775043 6
12.425571 10.488133 16.975437 6
5.172070 9.966967 6.117483 6
12.788065 10.087249 5.076166 6
16.999469 3.579260 6.125371 6
1.011633 3.597310 4.993773 6
7.217000 2.998822 16.398553 6
-0.358871 2.953001 17.421506 6
-4.472124 9.330651 16.305141 6
11.411469 9.435806 17.468616 6
4.874485 9.935243 7.063472 1
13.130304 10.064150 4.125342 1
16.534961 3.522166 7.043346 1
1.491468 3.475356 4.121961 1
7.685784 3.080572 15.545101 1
-0.772335 3.067668 18.340998 1
-4.117342 9.433959 15.371025 1
10.929399 9.534819 18.435343 1
5.571807 11.054211 6.023591 1
12.554888 11.008494 5.134448 1
17.186992 4.536210 6.117899 1
0.601953 4.405115 5.210924 1
6.839106 2.064344 16.387981 1
-0.004179 1.981728 17.308487 1
-4.799773 8.475619 16.496843 1
11.751150 8.438875 17.329829 1
4.376225 10.043799 5.512198 1
13.716372 9.996395 5.784594 1
16.136892 3.559327 5.582757 1
1.898561 3.550708 5.644636 1
8.103815 3.039948 17.047594 1
-1.283641 2.915264 16.806856 1
-3.706231 9.562271 17.046497 1
10.486677 9.561459 16.826970 1
5.076480 10.205157 5.295858 6
12.826955 10.128078 5.884741 6
16.996274 3.582697 5.449440 6
1.008531 3.644050 5.892471 6
7.343543 2.883520 17.140045 6
-0.386872 2.791761 16.705229 6
-4.433201 9.252289 17.122845 6
11.389826 9.299986 16.672872 6
5.519855 11.012857 5.263526 1
12.348690 11.075610 5.893672 1
17.421442 4.424544 5.384492 1
0.665411 4.487644 5.978516 1
6.838811 2.068853 17.224786 1
0.131308 1.883134 16.709269 1
-5.068099 8.407742 17.241523 1
11.778433 8.405139 16.519638 1
4.529222 10.117921 6.095302 1
13.557874 10.113458 5.186103 1
16.248240 3.651066 6.162000 1
1.701853 3.767904 5.124664 1
7.850553 2.800740 16.541302 1
-1.104820 2.727498 17.361856 1
-3.878662 9.373099 16.546285 1
10.753322 9.238489 17.276736 1
4.736129 9.874959 4.603333 1
13.136644 9.836621 6.719331 1
16.488577 3.419915 4.458714 1
1.412447 3.428361 6.863250 1
7.700075 3.005119 18.104208 1
-0.886841 3.098604 15.871325 1
-4.047414 9.607518 18.052595 1
10.968637 9.449826 15.750440 1
7.486968 9.214980 6.753251 6
10.536289 9.178044 4.548907 6
19.135990 2.712646 6.677723 6
-1.202904 2.634258 4.593906 6
4.978460 3.870097 15.919737 6
1.918350 3.763220 17.957242 6
-6.735833 10.374106 15.861855 6
13.661872 10.365005 18.047479 6
7.782399 9.953253 6.606512 1
10.133349 9.978702 4.819685 1
19.534694 3.531950 6.582711 1
-1.497602 3.455362 4.676837 1
4.641906 3.006186 16.021339 1
2.156987 2.995436 17.841762 1
-7.169584 9.532041 16.041069 1
13.909159 9.553107 17.726513 1
8.089451 8.540045 6.408594 1
9.983085 8.517392 4.788252 1
19.834182 2.055560 6.509079 1
-1.895026 2.041531 4.757738 1
4.419079 4.554107 16.075578 1
2.589452 4.475282 17.758169 1
-7.491965 10.956330 16.058651 1
14.230910 10.924212 17.719239 1
7.284190 9.032945 7.714295 1
10.679159 8.980361 3.656108 1
18.961685 2.608400 7.732817 1
-1.076697 2.604748 3.579132 1
5.157209 3.869799 14.811241 1
1.554214 3.943636 19.016201 1
-6.585931 10.489031 14.866021 1
13.503985 10.330028 18.917831 1
6.835739 9.189481 7.102032 6
11.080573 9.311117 4.213195 6
18.689683 2.823344 7.046898 6
-0.648254 2.716197 4.080308 6
5.532131 3.685472 15.526829 6
1.249206 3.801742 18.328498 6
-6.163079 10.252983 15.401490 6
13.116844 10.180913 18.400478 6
7.336335 10.239375 7.127373 1
10.744451 10.183127 4.119487 1
19.033807 3.704087 7.151938 1
-0.951977 3.730015 4.180764 1
5.094981 2.832771 15.416566 1
1.581645 2.832446 18.459520 1
-6.579282 9.225679 15.436219 1
13.397427 9.318296 18.515089 1
7.510674 8.512993 7.327459 1
10.420282 8.675956 3.935400 1
19.235779 2.124108 7.233746 1
-1.182731 2.097120 4.040087 1
4.952149 4.372417 15.212331 1
1.962031 4.476201 18.524031 1
-6.875677 10.825158 15.295022 1
13.680146 10.860392 18.650430 1
6.163732 9.336490 7.713366 1
11.919791 9.188304 3.534631 1
17.963932 2.844267 7.849020 1
0.064857 2.679822 3.444256 1
6.270180 3.708938 14.720685 1
0.535870 3.656171 19.167540 1
-5.501252 10.246269 14.829569 1
12.369776 10.258161 19.109096 1
6.793571 9.468871 4.389473 6
11.265695 9.480520 6.884726 6
18.414797 2.899729 4.387607 6
-0.475088 3.015058 6.883137 6
5.763068 3.537873 18.248656 6
1.101792 3.557203 15.708552 6
-5.995764 10.056425 18.111317 6
12.958832 10.121733 15.572539 6
7.107037 10.326690 4.528672 1
10.835241 10.328415 6.781630 1
18.919365 3.781212 4.389188 1
-0.854918 3.764498 6.798524 1
5.214597 2.676936 18.091880 1
1.648214 2.647761 15.808057 1
-6.401868 9.150642 18.193625 1
13.299779 9.170841 15.630337 1
5.989095 9.490980 3.615988 1
11.970107 9.582112 7.634867 1
17.745198 3.023531 3.748994 1
0.143529 3.063485 7.681957 1
6.420751 3.538151 18.913359 1
0.494811 3.405249 14.967230 1
-5.404846 10.045259 18.834674 1
12.210084 9.880527 15.071687 1
7.366227 8.835709 3.931688 1
10.560120 8.811159 7.199871 1
19.106586 2.377044 4.084587 1
-1.178346 2.373140 7.331256 1
5.012142 4.273700 18.541230 1
1.877946 4.126318 15.182433 1
-6.744016 10.691337 18.525790 1
13.642177 10.721034 15.246242 1
7.277513 9.300570 4.617911 6
10.730274 9.332587 6.643102 6
19.052781 2.852529 4.649663 6
-1.105000 2.675236 6.579885 6
5.068583 3.734434 17.958634 6
1.741043 3.797704 15.982827 6
-6.659592 10.262442 17.949869 6
13.508346 10.190806 16.046991 6
6.971019 9.310743 3.872767 1
11.152878 9.314772 7.497444 1
18.674970 2.829255 3.827524 1
-0.769631 2.716268 7.471779 1
5.562190 3.749581 18.778680 1
1.279341 3.772636 15.135863 1
-6.284828 10.160955 18.731934 1
13.056754 10.307973 15.048357 1
8.003844 8.544484 4.728179 1
10.108049 8.438901 6.420370 1
19.734903 2.133063 4.802123 1
-1.833516 2.019019 6.510896 1
4.503264 4.439273 17.881302 1
2.377758 4.364431 16.064913 1
-7.301518 10.961914 17.846614 1
14.193497 10.936641 15.980686 1
7.816094 10.106796 4.776472 1
10.160757 10.030894 6.477507 1
19.484186 3.553317 4.881662 1
-1.565549 3.582295 6.384919 1
4.778332 2.869337 17.733905 1
2.178432 2.779690 16.140304 1
-7.182883 9.434451 17.669428 1
14.019674 9.289376 16.240140 1
4.648250 6.829399 7.284988 6
13.350895 6.817771 4.101903 6
16.280362 0.289815 7.183815 6
1.704157 0.441399 4.091903 6
7.731077 6.131185 15.361027 6
-1.012236 6.063011 18.544713 6
-4.028259 12.711451 15.370691 6
10.748613 12.692757 18.527368 6
4.553969 5.265556 7.368918 6
13.467396 5.300504 3.847302 6
16.357002 11.718661 7.401389 6
1.717953 11.858149 3.741202 6
7.880834 7.625012 15.106873 6
-1.078851 7.620545 18.746901 6
-3.886020 1.260253 15.037584 6
10.790444 1.209603 18.717920 6
4.043054 4.975145 8.389929 1
13.947280 4.992202 3.066786 1
15.957306 11.532919 8.285927 1
2.067687 11.541238 2.971879 1
8.263113 7.916876 14.261395 1
-1.390590 7.900633 19.638859 1
-3.379060 1.392437 14.205410 1
10.374185 1.401172 19.528203 1
5.212594 4.650995 7.149584 1
12.851450 4.650424 4.099050 1
16.909362 11.214797 7.121018 1
1.018518 11.063567 4.226274 1
7.383041 8.399214 15.335790 1
-0.375211 8.336397 18.412873 1
-4.451844 1.841163 15.346525 1
11.278525 1.940756 18.439260 1
3.780882 5.370971 6.908781 1
14.274223 5.371299 4.392389 1
15.553184 11.862338 6.837340 1
2.506736 11.961399 4.456317 1
8.684015 7.584642 15.667729 1
-1.683929 7.456652 18.103804 1
-3.136155 1.133879 15.724790 1
10.002355 1.051438 18.138880 1
3.136885 7.436438 7.376427 6
14.691127 7.503696 3.853581 6
15.026971 1.053064 7.281197 6
3.034411 0.924195 3.957355 6
9.104797 5.482696 15.286303 6
-2.366402 5.432570 18.577582 6
-2.557141 11.940985 15.133620 6
9.370540 11.917234 18.657942 6
2.883250 7.190366 8.309578 1
15.282760 7.210019 3.098542 1
14.520457 0.728288 8.296642 1
3.430682 0.835420 3.004337 1
9.630278 5.648607 14.289803 1
-2.736970 5.727545 19.505621 1
-2.101345 12.095926 14.388848 1
8.918014 12.291967 19.436107 1
2.648898 7.110589 6.633738 1
15.304758 7.283740 4.669582 1
14.436696 0.809266 6.563310 1
3.601069 0.745664 4.601084 1
9.773109 5.741577 15.884738 1
-2.893228 5.874418 17.962886 1
-1.982676 12.349548 15.992249 1
8.833373 12.199254 17.931072 1
3.239380 8.569476 7.303143 1
14.736256 8.448311 3.963686 1
15.064038 1.945925 7.344721 1
2.923185 2.086011 4.052131 1
9.061173 4.474016 15.269966 1
-2.226150 4.535548 18.550692 1
-2.574033 11.037360 15.329913 1
9.506426 11.057583 18.661158 1
5.453953 7.375257 8.548376 6
12.509963 7.193492 2.770254 6
17.263925 0.754809 8.456449 6
0.882726 0.875208 2.758605 6
7.110742 5.736515 14.102227 6
-0.199412 5.766400 19.805801 6
-4.813113 12.276388 14.011382 6
11.666991 12.110428 19.794222 6
5.493986 8.355447 8.637728 1
12.541023 8.240194 2.702057 1
17.167360 1.692256 8.570789 1
0.794048 1.804319 2.743385 1
6.961770 4.818208 13.949116 1
-0.249753 4.688769 19.816473 1
-4.757628 11.289097 14.089473 1
11.519094 11.185186 19.851554 1
6.247681 6.992597 8.470026 1
11.695897 6.946705 2.810080 1
18.172163 0.443838 8.488731 1
-0.065707 0.488288 2.834259 1
6.037387 5.953102 14.184127 1
0.819335 6.055753 19.736490 1
-5.771853 12.450115 14.163838 1
12.616379 12.517103 19.743447 1
5.064887 6.834749 9.205669 1
13.042880 6.855117 1.907584 1
16.771762 0.381909 9.301480 1
1.313153 0.441243 1.979336 1
7.400635 6.093782 13.303166 1
-0.521470 6.017952 20.635636 1
-4.253338 12.474934 13.372041 1
11.227399 12.489851 20.578439 1
9.740747 2.911431 0.691494 6
8.386939 2.872792 10.612126 6
21.478149 9.470197 0.808951 6
-3.385193 9.468679 10.564395 6
2.738147 9.975158 21.888459 6
4.055807 10.042538 11.952543 6
-9.109957 3.531891 21.845608 6
15.938867 3.617789 12.003611 6
10.752688 3.759567 1.161961 6
7.058183 3.793531 10.074565 6
22.598579 10.351867 1.121976 6
-4.566699 10.442949 10.159527 6
1.622537 9.063808 21.506131 6
5.354183 9.036104 12.377253 6
-10.152203 2.703473 21.507208 6
16.959982 2.621231 12.494036 6
11.067311 4.374005 0.286009 1
6.891502 4.395384 10.850111 1
22.852736 10.781907 0.278870 1
-4.856846 10.796432 11.000197 1
1.301277 8.627909 22.281387 1
5.646537 8.665918 11.640246 1
-10.527198 2.051949 22.230792 1
17.343177 2.056112 11.592547 1
11.708475 3.256980 1.495000 1
6.343529 3.234654 9.946057 1
-0.086435 9.820652 1.469967 1
18.225580 9.787294 9.772419 1
0.747627 9.700183 21.236944 1
6.102180 9.625913 12.662392 1
12.589712 3.192735 21.103990 1
-5.803209 3.127453 12.599648 1
10.662885 4.528343 1.838514 1
7.444143 4.508760 9.454672 1
22.436046 11.001219 1.756937 1
-4.486786 10.912408 9.359983 1
1.745468 8.482804 20.670239 1
5.067549 8.568339 13.060058 1
-9.976384 1.999046 20.733321 1
16.868240 1.981357 13.061570 1
8.549845 3.877764 0.218532 6
9.433536 3.992934 11.010763 6
20.364368 10.523103 0.206200 6
-2.295544 10.372780 10.970690 6
3.919208 8.972637 22.270287 6
3.016048 9.053028 11.620643 6
-7.900378 2.552529 22.359111 6
14.715575 2.564536 11.540989 6
8.339220 4.462351 0.858749 1
9.788152 4.586149 10.427708 1
20.096655 10.958156 0.905829 1
-1.996601 11.088206 10.411487 1
4.145109 8.520553 21.567049 1
2.805434 8.450278 12.274863 1
-7.678884 1.950806 21.699657 1
14.433212 1.929612 12.305727 1
-3.302366 3.481183 22.446954 1
10.152001 3.435123 11.439354 1
8.415338 10.001094 22.382050 1
-1.601247 10.106155 11.502569 1
15.704564 9.390338 0.203355 1
2.114302 9.415655 11.087129 1
3.895500 2.951822 0.235126 1
13.938060 2.966873 11.182291 1
-2.186730 4.551993 22.203798 1
9.063685 4.480010 11.775115 1
9.696083 10.904719 22.205912 1
-2.887411 10.963133 11.779613 1
14.516720 8.592785 0.461709 1
3.464007 8.434781 10.865458 1
2.736479 1.944420 0.454841 1
15.255785 1.984887 10.781798 1
-1.074395 2.150402 22.149796 6
7.850582 2.098618 11.784678 6
10.695369 8.525297 22.123681 6
-3.923010 8.610465 11.642152 6
13.552074 11.001960 0.405426 6
4.576509 10.984321 10.766656 6
1.766118 4.525070 0.513906 6
16.214602 4.354850 10.897297 6
-1.885712 1.553401 21.858987 1
8.703646 1.467126 12.140729 1
9.921103 7.970574 21.721119 1
-3.138140 8.027011 12.050557 1
14.220471 11.384911 0.818100 1
3.778885 11.412601 10.522710 1
2.411813 5.041747 0.872028 1
15.499081 4.976300 10.420258 1
-0.240867 1.581387 22.434958 1
7.207872 1.589433 11.441368 1
11.368698 7.889949 22.334128 1
-4.606411 8.010038 11.405047 1
12.772738 11.469746 0.265765 1
5.318824 11.501714 10.977739 1
0.872090 5.033781 0.232625 1
17.053527 4.976877 10.994150 1
-0.831822 2.674923 21.454927 1
7.529157 2.734547 12.454608 1
11.086433 9.160643 21.468230 1
-4.133756 9.229112 12.499238 1
13.143399 10.390001 1.244831 1
4.784826 10.339073 10.138304 1
1.490948 3.830084 1.175879 1
16.637647 3.893553 10.179368 1
7.221850 1.477662 2.033385 6
10.634459 1.384186 9.273545 6
18.992322 8.025844 1.878624 6
-1.062752 7.873321 9.299663 6
5.108661 11.600307 20.625456 6
1.707984 11.603445 13.314740 6
-6.543224 5.033767 20.663818 6
13.402831 5.054642 13.140904 6
6.774056 0.423755 3.059342 6
11.110068 0.332456 8.343210 6
18.546238 6.878594 3.008668 6
-0.569970 6.968578 8.167230 6
5.615449 12.495565 19.481483 6
1.256342 12.656147 14.272597 6
-6.239331 6.032475 19.556678 6
13.036709 6.004095 14.336656 6
5.858950 0.256327 2.948249 1
11.992689 0.185597 8.259527 1
17.736832 6.658055 2.887858 1
0.222104 6.683207 8.270419 1
6.423624 12.686649 19.540636 1
0.230747 12.841818 14.182663 1
-5.322718 6.264209 19.703681 1
12.128789 6.166424 14.124180 1
6.944889 0.817011 3.946620 1
11.022058 0.771998 7.353800 1
18.817287 7.308550 3.975258 1
-0.709489 7.337548 7.377758 1
5.363298 12.281999 18.559012 1
1.488897 12.110946 15.136146 1
-6.305531 5.611649 18.661218 1
13.149442 5.781345 15.131180 1
7.427264 12.559345 3.032061 1
10.700051 12.617780 8.286690 1
19.174753 6.119548 2.999954 1
-1.223532 5.968464 8.265785 1
5.110074 0.346660 19.577521 1
1.824960 0.431694 14.314335 1
-6.780493 6.870056 19.585559 1
13.517085 6.920376 14.180950 1
6.264555 2.719829 2.055468 6
11.695173 2.611638 9.192683 6
18.032268 9.114790 2.100268 6
0.025905 9.107286 9.087867 6
6.139294 10.431017 20.489647 6
0.663052 10.374392 13.490045 6
-5.642623 3.822233 20.482793 6
12.576876 3.875052 13.412610 6
5.391603 2.245237 2.157496 1
12.596002 2.321725 9.209409 1
17.196077 8.775353 2.086745 1
0.799580 8.844915 9.152405 1
7.101636 10.647245 20.586150 1
-0.175532 10.733887 13.263112 1
-4.772413 4.169404 20.446428 1
11.625600 4.161601 13.388964 1
6.325253 3.260229 1.542656 1
11.560751 3.408233 9.811647 1
18.168485 9.921268 1.472546 1
-0.100232 9.893990 9.842943 1
6.050114 9.665149 21.081882 1
0.839215 9.587138 12.715529 1
-5.717572 3.136748 21.063661 1
12.598821 3.162720 12.787758 1
6.305603 3.120531 3.016224 1
11.648672 3.093631 8.362801 1
18.173251 9.539787 2.935624 1
-0.231756 9.447276 8.221291 1
6.036151 9.837837 19.493483 1
0.740822 9.922746 14.306050 1
-5.651030 3.357780 19.472085 1
12.611431 3.430159 14.369981 1
7.016921 0.719451 0.675085 6
10.907330 0.834127 10.714163 6
18.738943 7.276632 0.514170 6
-0.883353 7.201300 10.737744 6
5.325947 12.230820 22.075770 6
1.529303 12.279437 11.895629 6
-6.374288 5.773682 21.889640 6
13.299966 5.603022 11.846753 6
7.567739 12.928036 0.311562 1
10.413285 0.109380 10.933799 1
19.255561 6.546706 0.324409 1
-1.432999 6.592096 10.924501 1
4.901992 12.929570 22.226989 1
2.076075 0.057557 11.733510 1
-6.960396 6.555828 22.169779 1
13.737815 6.361715 11.734058 1
-4.004658 1.476114 22.365608 1
10.885228 1.376998 11.436518 1
7.748980 8.018629 22.362198 1
-0.960033 7.926107 11.460260 1
16.522985 11.575365 0.153610 1
1.561299 11.506373 11.202054 1
4.682393 5.064441 0.182768 1
13.326301 5.071073 11.161549 1
6.154820 0.520612 0.684895 1
11.938975 0.470238 10.757987 1
17.753286 7.000578 0.560519 1
0.181106 7.059677 10.682604 1
6.298493 12.562994 22.021212 1
0.588608 12.546793 11.877259 1
-5.413799 5.982157 21.979858 1
12.264425 6.041181 11.812879 1
10.173567 0.524596 2.646552 6
7.828736 0.656204 8.545288 6
22.011758 7.148377 2.651065 6
-3.868267 7.035324 8.705914 6
2.328452 12.338210 19.891072 6
4.618014 12.444885 13.843180 6
-9.459718 5.929823 19.838597 6
16.402335 5.902976 13.935801 6
9.830287 0.246884 4.117321 6
8.122260 0.251188 7.144044 6
-1.840321 6.660635 4.023398 6
19.860974 6.570690 7.243805 6
2.408822 12.844705 18.449732 6
4.288449 12.860186 15.322880 6
14.325629 6.241861 18.401584 6
-7.468982 6.300446 15.316767 6
10.592727 12.483909 4.336320 1
7.407067 12.380763 7.041903 1
-1.089373 5.916495 4.272812 1
19.247213 5.912179 6.983955 1
1.778804 0.445748 18.287550 1
5.132875 0.413441 15.611868 1
13.631890 6.902618 18.216456 1
-6.654867 6.968804 15.675339 1
9.091516 12.715540 4.383221 1
8.902995 12.797693 6.880277 1
20.812211 6.141040 4.373375 1
-2.783722 6.146350 7.018607 1
3.355131 0.349835 18.287722 1
3.432620 0.274315 15.607185 1
-8.368065 6.656213 18.165411 1
15.159765 6.659763 15.513713 1
10.084696 0.912285 4.748618 1
7.972885 0.965289 6.485700 1
-1.646137 7.490514 4.708742 1
19.819558 7.393373 6.606654 1
2.308583 12.059550 17.935702 1
4.419417 11.988951 15.919388 1
14.194720 5.539462 17.752332 1
-7.371530 5.551094 15.990155 1
9.887712 12.392829 1.817331 6
8.064246 12.320187 9.654969 6
21.717494 5.785549 1.792893 6
-3.711730 5.832647 9.513615 6
2.397838 0.556028 20.891251 6
4.341690 0.731255 12.966704 6
-9.308857 7.142473 20.828710 6
16.130750 7.157808 13.031687 6
10.129040 12.511230 0.709161 1
7.787330 12.665099 10.556080 1
21.961217 6.122150 0.816143 1
-3.864632 6.039927 10.537838 1
2.239972 0.435089 21.822347 1
4.517813 0.432831 12.062477 1
-9.542378 6.976548 21.758989 1
16.273248 6.808180 11.972035 1
9.088461 12.020521 1.875419 1
8.894090 11.871585 9.507527 1
20.910735 5.514840 1.778026 1
-2.881426 5.375691 9.403396 1
3.279082 1.067935 20.870411 1
3.535089 1.101509 13.155499 1
-8.346594 7.560274 20.687131 1
15.293783 7.556687 13.102172 1
10.574567 11.766816 1.896743 1
7.417751 11.738142 9.387046 1
22.352522 5.243194 1.884080 1
-4.474791 5.181964 9.307913 1
1.829872 1.345428 20.616586 1
4.990206 1.251286 13.362705 1
-10.018120 7.840373 20.529273 1
16.845054 7.743778 13.193532 1
11.590203 0.958141 2.605154 6
6.289688 1.030589 8.683602 6
-0.101248 7.583148 2.554445 6
18.235879 7.505309 8.747170 6
0.748604 11.889834 19.914131 6
5.999672 12.027015 13.815584 6
12.577608 5.466410 20.031087 6
-5.716442 5.545967 13.893289 6
11.846783 1.777611 3.084275 1
6.187302 1.906033 8.226910 1
0.087932 8.355274 3.074037 1
17.907774 8.273021 8.149761 1
0.705928 11.195372 19.448346 1
6.300577 11.209724 14.441767 1
12.389630 4.710580 19.363501 1
-5.481474 4.635572 14.488677 1
11.906043 1.274581 1.601447 1
6.145695 1.246510 9.623553 1
0.139977 7.759344 1.725094 1
17.950190 7.740365 9.661978 1
0.531326 11.811476 20.925114 1
6.412241 11.735671 12.865733 1
12.286968 5.287135 20.984991 1
-5.354627 5.249111 13.009077 1
12.094509 0.224667 2.921278 1
5.712168 0.293570 8.471807 1
0.458607 6.810429 2.797830 1
17.641868 6.762651 8.409606 1
0.286220 12.657435 19.691831 1
6.579402 12.592083 14.143155 1
11.911912 6.111126 19.766242 1
-5.165752 6.260764 14.276428 1
4.282024 10.812938 1.063453 6
13.682410 10.913608 10.201818 6
15.964832 4.353252 1.074250 6
1.954084 4.449170 10.334942 6
8.047874 2.179492 21.608552 6
-1.239520 2.054896 12.209708 6
-3.592239 8.651466 21.616500 6
10.433664 8.540922 12.285093 6
4.434388 10.661448 1.897846 1
13.596788 10.647005 9.280877 1
16.180407 4.307322 1.914370 1
1.877796 4.175898 9.396333 1
7.983829 2.352742 20.587730 1
-1.245663 2.364029 13.230100 1
-3.821549 8.803879 20.529561 1
10.544604 8.772741 13.262429 1
5.115005 10.876967 0.577330 1
12.817998 10.862481 10.644059 1
17.002002 4.265021 0.588861 1
1.020493 4.278811 10.706123 1
7.246664 2.176401 21.947645 1
-0.490105 2.081727 11.898400 1
-4.450931 8.584454 21.862960 1
11.470237 8.739522 11.803623 1
4.406608 11.070656 0.365563 6
13.549414 11.057228 10.768753 6
16.230800 4.578784 0.528609 6
1.777788 4.608291 10.823724 6
7.996328 1.994982 22.185608 6
-1.093433 1.919266 11.667496 6
-3.884554 8.454704 22.030421 6
10.655578 8.482088 11.771876 6
4.577324 10.726381 1.331885 1
13.469079 10.642348 9.893202 1
16.310732 4.213940 1.476601 1
1.754266 4.102768 9.824819 1
7.850178 2.205328 21.163298 1
-0.963860 2.317823 12.672773 1
-3.974172 8.754256 21.167757 1
10.716559 8.709131 12.730330 1
5.510641 11.259453 0.182816 1
12.501881 11.300825 11.184089 1
17.186376 4.712439 0.204491 1
0.851433 4.796166 11.126709 1
7.014330 1.775827 22.308806 1
-0.156944 1.779541 11.400730 1
-4.843264 8.173670 22.434258 1
11.639544 8.231043 11.484046 1
3.462143 9.908127 0.531971 6
14.649604 9.723310 10.906774 6
15.163386 3.325549 0.357979 6
2.690701 3.396798 10.751253 6
9.028307 3.265125 22.141263 6
-2.103011 3.198774 11.638983 6
-2.715745 9.675177 22.082286 6
9.701421 9.672075 11.794406 6
2.711980 9.532247 1.049799 1
15.311595 9.474106 10.209079 1
14.546171 3.049979 1.026739 1
3.480511 3.051627 10.296115 1
9.644304 3.481866 21.537994 1
-2.833369 3.452453 12.273502 1
-2.149537 9.836245 21.580008 1
9.004970 9.929729 12.305558 1
3.925221 8.964742 0.159671 1
14.115090 9.011651 11.050025 1
15.638450 2.505421 0.253634 1
2.206861 2.432742 11.167751 1
8.467377 3.923299 22.433956 1
-1.611523 3.921751 11.375264 1
-3.219627 10.420006 22.331184 1
10.096062 10.507709 11.481799 1
-7.180978 9.913894 22.125012 6
13.964193 10.014261 11.800185 6
4.595500 3.405916 22.121394 6
2.102936 3.521971 11.663139 6
19.606300 2.994357 0.443898 6
-1.587724 2.980725 10.853315 6
7.830339 9.564736 0.501690 6
10.302649 9.505779 10.780251 6
3.994893 9.032634 0.148977 1
13.968842 9.049514 11.287881 1
4.720920 2.687374 22.561580 1
2.149333 2.663401 11.312963 1
8.496844 3.973447 22.533287 1
-1.678660 3.791610 11.250247 1
7.773179 10.391255 0.015731 1
10.271308 10.369440 11.356451 1
-6.438565 9.872996 21.339070 1
13.354087 9.871750 12.495039 1
5.267941 3.296254 21.403964 1
1.590553 3.436792 12.589520 1
18.938056 3.217221 1.135248 1
-0.943697 3.158853 10.162310 1
7.227656 9.707764 1.224477 1
10.916899 9.627671 10.083497 1
-8.350814 10.614156 21.691139 6
15.098536 10.472180 11.962738 6
3.400323 4.079748 21.878325 6
3.466371 3.981273 12.110949 6
20.769582 2.552144 0.677833 6
-2.701984 2.415477 10.511193 6
9.027520 9.024898 0.723031 6
9.040587 8.995307 10.441768 6
-7.750788 10.220852 20.970058 1
14.671740 10.299938 12.918997 1
3.912528 3.844356 20.887426 1
2.845019 3.792792 12.939258 1
20.183143 2.642355 1.535991 1
-2.227137 2.622520 9.670235 1
8.482120 9.101498 1.676128 1
9.597298 9.257632 9.648019 1
-9.309902 10.290812 21.626281 1
16.163057 10.254434 12.174834 1
2.538675 3.698551 21.655495 1
4.320812 3.776478 12.165685 1
21.567547 2.743331 0.850823 1
-3.697347 2.771132 10.423612 1
9.790084 9.190118 0.855483 1
8.034111 9.187420 10.391131 1
-8.421814 10.282099 21.651211 6
15.317686 10.472167 12.117426 6
3.221265 3.883289 21.726618 6
3.469708 3.841131 12.277317 6
20.823209 2.559550 0.885886 6
-2.856568 2.704411 10.398402 6
9.080165 9.117678 0.945479 6
8.820407 9.135559 10.398311 6
-8.607976 10.366363 20.739048 1
15.340680 10.317828 13.209684 1
3.234420 3.743548 20.698891 1
3.714664 3.913257 13.246344 1
20.911563 2.597790 1.933450 1
-3.004172 2.592804 9.364061 1
9.121959 9.204081 1.932259 1
8.701392 9.108015 9.478022 1
-9.142896 9.880954 22.101274 1
15.976078 9.751506 11.873831 1
2.624401 3.245222 22.165993 1
4.261880 3.369486 11.838545 1
21.594502 3.090084 0.442348 1
-3.638726 3.139409 10.765824 1
9.822557 9.609408 0.537832 1
8.165659 9.753910 10.717442 1
-8.223338 12.026021 22.028587 6
15.163405 11.897026 11.806715 6
3.636981 5.433104 22.019580 6
3.211732 5.353555 11.787237 6
20.727747 1.034839 0.414951 6
-2.618899 1.062832 10.912244 6
8.827725 7.448700 0.466789 6
9.094640 7.479747 10.916023 6
-7.724065 12.359807 21.454090 1
14.578901 12.341227 12.563756 1
4.033551 5.837749 21.372976 1
2.781925 6.019156 12.539849 1
20.200741 0.618792 1.220294 1
-2.226590 0.548058 10.014980 1
8.387184 6.977962 1.134702 1
9.448418 7.061016 9.989926 1
-9.206888 12.309294 22.178828 1
16.014145 12.319763 11.587259 1
2.715064 5.861251 22.314574 1
4.123190 5.744287 11.708218 1
21.634647 0.783811 0.241422 1
-3.552966 0.683100 10.853855 1
9.831165 7.224382 0.232369 1
8.152823 7.120795 10.903870 1
-8.601138 11.749401 22.090808 6
15.512661 11.784470 11.814943 6
3.035928 5.193682 22.053125 6
3.662827 5.188756 11.715568 6
21.024580 1.268537 0.462018 6
-3.057543 1.181050 10.788718 6
9.312642 7.759150 0.401434 6
8.684666 7.680585 10.766996 6
-8.790331 12.285957 21.354790 1
15.547659 12.284218 12.613272 1
3.063428 5.861759 21.422533 1
3.768688 5.890737 12.570622 1
21.101457 0.723056 1.184615 1
-3.150269 0.653505 10.028121 1
9.467262 7.049858 1.225113 1
8.511974 7.065846 9.996179 1
1.586898 11.831146 0.024718 1
16.361158 11.915693 11.240538 1
13.455280 5.329805 0.090925 1
4.571253 5.412355 11.243536 1
10.754666 1.075972 22.419178 1
-3.886591 1.225208 11.295968 1
-1.014174 7.666819 22.458555 1
7.816249 7.633543 11.321697 1
