6.482534 3.371793 10.045052 40
2.650136 8.117779 1.787836 40
5.581644 5.332495 11.049176 17
3.533695 6.120939 0.798546 17
2.157229 3.596481 11.395072 17
7.126500 7.918281 0.253486 17
4.515359 2.656524 8.946598 17
4.561403 8.734352 2.981850 17
1.220779 4.395077 8.307444 17
8.109131 7.147819 3.527119 17
3.028179 10.040371 9.593005 8
6.223477 1.429434 2.325397 8
8.372421 7.835940 10.044736 17
0.894827 3.693798 1.798649 17
3.052212 8.844257 9.538577 6
6.127793 2.560491 2.287643 6
4.455949 8.333564 9.077814 6
4.929908 3.267617 2.805631 6
4.600997 7.394297 9.572329 1
4.711432 4.039006 2.298218 1
5.034422 8.752571 9.249583 1
4.070585 2.620665 2.529003 1
4.277962 8.037640 7.404463 6
4.922579 3.500635 4.311056 6
3.447236 6.943693 7.086705 6
5.792485 4.590763 4.763829 6
3.566161 6.656141 6.179680 1
5.594602 4.709067 5.766239 1
2.530148 7.174532 7.410960 1
6.735699 4.419338 4.545451 1
3.684856 6.094663 7.675836 1
5.528567 5.329857 4.193084 1
3.859751 9.331346 6.837567 6
5.281951 2.137140 5.103906 6
4.129112 9.225385 5.718064 1
5.077344 2.252661 6.019325 1
4.352492 10.134477 7.132069 1
4.779658 1.334952 4.755784 1
2.922925 9.430976 6.875124 1
6.326393 2.052273 4.962183 1
5.835166 7.646445 7.098037 6
3.504215 3.815301 4.754377 6
5.944444 7.508345 6.225044 1
3.308947 3.984794 5.775969 1
6.125613 6.836467 7.519511 1
3.171032 4.487776 4.297568 1
6.454337 8.533388 7.334333 1
2.927075 3.035277 4.443657 1
