13.152094 5.606165 15.004058 35
-0.283846 5.600964 10.739115 35
5.663444 11.923522 15.169154 35
7.263619 11.896524 10.815736 35
12.548075 3.583916 18.566899 6
0.222692 3.452478 7.144111 6
5.014937 9.902117 18.632151 6
7.878114 9.715711 7.203386 6
12.191329 2.751291 19.038794 1
0.665788 2.863617 6.901764 1
4.499793 8.976853 18.969582 1
8.224549 9.086298 6.817755 1
12.611921 3.994844 17.339626 6
0.372455 3.987509 8.378009 6
5.046282 10.282519 17.278617 6
7.900534 10.109442 8.505882 6
12.004766 3.418148 16.766303 1
0.893627 3.412955 8.989201 1
4.434602 9.675771 16.686582 1
8.433866 9.621839 9.086545 1
13.312021 5.017993 16.972716 6
-0.308531 4.977617 8.991978 6
5.674343 11.286464 16.951127 6
7.113077 11.348585 8.824721 6
-1.033125 5.789675 17.697049 6
13.863042 5.729575 8.102946 6
6.455446 12.001865 17.729086 6
6.353802 11.897203 7.996019 6
-0.611014 6.431330 17.513511 1
13.422517 6.437832 8.257272 1
7.023526 0.096782 17.500762 1
5.940405 0.078182 8.257453 1
-0.888030 5.277283 19.144637 6
13.747332 5.351343 6.768913 6
6.676533 11.667728 19.086524 6
6.214197 11.540401 6.640072 6
-0.332109 5.708726 19.777676 1
13.367552 5.802106 6.126995 1
7.052816 12.029276 19.761209 1
5.778610 12.113481 6.058161 1
-1.661553 4.253699 19.640935 6
14.540606 4.278442 6.306895 6
5.871834 10.435311 19.598919 6
6.918069 10.513388 6.342687 6
-1.668104 3.678436 20.937112 6
14.383860 3.821364 4.780097 6
6.010411 9.977566 20.929988 6
6.972129 10.092725 4.785768 6
-0.675396 4.280828 21.457390 1
13.734477 4.103440 4.320689 1
6.827323 10.446938 21.431356 1
6.040164 10.515727 4.490079 1
-1.364585 2.696690 21.115639 1
14.400180 2.703017 4.718288 1
6.065982 9.071058 20.984519 1
6.787158 9.023777 4.758937 1
12.269351 4.093817 21.863142 6
0.608022 4.200176 3.864010 6
4.751537 10.449761 21.852280 6
8.116427 10.371537 3.980599 6
11.581542 3.677042 21.498096 1
1.413510 3.662750 4.337716 1
4.029291 9.841621 21.534027 1
8.831544 9.966280 4.281848 1
12.589278 3.724069 23.358080 6
0.229980 3.703037 2.503243 6
5.106244 10.131081 23.261460 6
7.933406 9.997457 2.513208 6
12.975461 2.880562 23.343665 1
-0.026580 2.886558 2.456717 1
5.371094 9.235761 23.342397 1
7.487815 9.247952 2.400894 1
11.802656 3.793023 23.791473 1
1.144311 3.823165 1.972685 1
4.166081 10.051341 23.786355 1
8.672983 10.050470 1.888960 1
-1.587271 4.749245 23.937369 6
14.407771 4.748119 1.721579 6
5.978385 11.074167 23.980332 6
6.757638 11.098349 1.815758 6
-1.529155 4.420748 24.881711 1
14.356290 4.436448 0.882572 1
6.164143 10.800691 24.978907 1
6.789258 10.753363 0.914166 1
-0.657335 4.648904 23.476098 1
13.426090 4.683672 2.183506 1
6.871388 10.896714 23.555524 1
6.045134 10.803336 2.284032 1
-1.976743 6.092543 23.925644 6
14.819876 6.221131 2.024700 6
5.533548 12.466206 23.903435 6
7.185562 12.512482 1.908275 6
-1.199660 6.779550 24.269256 1
14.159755 6.852114 1.591595 1
6.275076 0.401878 24.215781 1
6.564703 0.422555 1.643525 1
12.276152 6.406403 24.472696 1
0.536111 6.248494 1.353519 1
4.767387 0.138193 24.426250 1
8.131055 0.099951 1.320305 1
12.958542 6.578682 22.389312 6
-0.032268 6.477841 3.325975 6
5.322400 0.169082 22.340969 6
7.585054 0.354039 3.429914 6
12.496939 7.501930 22.378501 1
0.343539 7.393504 3.545459 1
5.071052 1.259246 22.313848 1
7.988157 1.203385 3.395528 1
-1.331223 6.594942 21.847594 1
14.182812 6.515132 3.938701 1
6.245271 0.243597 21.906286 1
6.720653 0.251370 3.970601 1
12.004155 5.542889 21.765419 6
1.027817 5.587590 4.020463 6
4.431139 11.853916 21.684992 6
8.420886 11.900015 4.048778 6
10.750393 5.956360 21.333175 6
2.175114 5.981321 4.531861 6
3.158004 12.279722 21.342528 6
9.574206 12.168657 4.447572 6
10.110332 5.312379 20.813520 1
2.629353 5.341661 4.887048 1
2.671128 11.512065 20.857043 1
10.281251 11.484352 4.867896 1
10.299395 7.888517 19.959810 6
2.624026 7.952041 5.927758 6
2.700491 1.554517 19.932154 6
10.175685 1.558557 5.987787 6
11.201625 7.452177 18.952623 6
1.647935 7.531458 6.923793 6
3.551205 1.209070 18.960961 6
9.261349 1.152181 6.886616 6
11.802391 6.908337 19.119222 1
1.032375 6.732658 6.686818 1
4.141667 0.502462 19.067530 1
8.674553 0.444960 6.573867 1
11.039448 8.067818 17.725618 6
1.721312 7.985974 8.168486 6
3.600716 1.605025 17.579859 6
9.382466 1.658792 8.219634 6
11.764747 7.622039 17.010917 1
1.232565 7.762560 8.821181 1
4.128045 1.274918 17.011264 1
8.662855 1.369872 8.847370 1
10.254489 8.947473 17.242220 6
2.618313 8.954011 8.472325 6
2.522842 2.537342 17.387965 6
10.197270 2.654378 8.421058 6
9.278827 9.468156 18.180902 6
3.546821 9.449255 7.454557 6
1.702481 3.034534 18.279620 6
11.089315 3.161139 7.461938 6
8.682759 10.025361 18.094447 1
4.336948 9.971405 7.698753 1
1.133836 3.768812 18.043885 1
11.783207 3.818794 7.834504 1
9.329030 8.821863 19.471756 6
3.619390 8.784158 6.315270 6
1.844592 2.585289 19.485080 6
11.150169 2.590986 6.229349 6
8.648642 9.203945 20.128246 1
4.246824 9.273706 5.558763 1
1.073704 2.985503 20.291549 1
11.832717 2.857103 5.691236 1
9.170786 10.398075 15.603746 6
3.560464 10.491486 10.098291 6
1.781629 4.091746 15.606220 6
11.219216 4.165319 10.209351 6
8.437963 10.173280 15.811679 1
4.596520 10.055174 10.009601 1
0.691029 3.812583 15.800032 1
12.041700 3.873613 9.968892 1
9.290204 10.519698 14.770750 1
3.526698 10.602547 11.066643 1
1.879246 4.314823 14.687761 1
10.979981 4.365347 11.151993 1
9.517648 11.124130 16.188955 1
3.381137 11.239981 9.691868 1
1.857841 4.903480 16.219829 1
10.976310 4.988194 9.582660 1
9.725835 7.865657 22.336474 6
3.117794 7.914879 3.489661 6
2.298806 1.596596 22.273707 6
10.712970 1.582906 3.490140 6
9.335979 7.552711 24.742823 6
3.613588 7.437968 1.205844 6
1.692263 1.195924 24.722978 6
11.221455 1.200990 1.021577 6
10.198916 8.610533 25.283651 6
2.632063 8.582677 0.609853 6
2.559187 2.331650 25.155108 6
10.237599 2.267938 0.521485 6
11.060309 8.262496 25.113007 1
1.664083 8.376829 0.738660 1
3.635795 1.974558 25.146164 1
9.295542 2.001786 0.720581 1
12.223130 8.818262 0.430498 1
0.627235 8.821150 25.510763 1
4.595005 2.518698 0.281363 1
8.295869 2.423128 25.494035 1
10.066223 9.486463 24.598505 1
2.781493 9.462646 1.140760 1
2.495378 3.051323 24.578159 1
10.296897 3.145929 1.149448 1
9.419941 6.161983 25.536700 6
3.376494 6.285875 0.316106 6
1.889546 12.515593 25.486789 6
10.934336 12.491120 0.319431 6
8.819648 5.660631 25.074204 1
4.176599 5.466096 0.667201 1
1.133666 11.889899 25.124767 1
11.687449 11.864245 0.615208 1
11.427549 6.478060 0.627691 1
1.496183 6.390160 25.143184 1
3.966305 0.025396 0.663257 1
8.931656 0.170227 25.176660 1
10.295915 5.942617 25.319383 1
2.509783 5.994220 0.304676 1
2.695840 12.112188 25.494310 1
10.015021 12.277058 0.457724 1
7.756822 7.974756 24.686921 6
5.023025 8.025883 1.211580 6
0.257807 1.713947 24.674388 6
12.506823 1.577976 1.231444 6
7.726608 8.778100 24.136053 1
5.025074 8.803292 1.821908 1
0.101166 2.420710 24.012520 1
12.733915 2.409929 1.783355 1
7.516530 8.123879 25.459720 1
5.320401 8.195281 0.336938 1
-0.069495 1.928247 25.488669 1
12.920314 1.812519 0.176325 1
7.202740 7.151537 24.204011 1
5.629555 7.190716 1.517564 1
-0.295945 0.873458 24.317870 1
13.188180 0.878181 1.447069 1
10.226591 7.352005 21.128685 7
2.668172 7.292948 4.550752 7
2.815224 1.102292 21.194081 7
10.209337 1.016166 4.587974 7
10.281840 9.288637 15.945024 8
2.682256 9.435677 9.826850 8
2.574078 3.111864 15.918181 8
10.287248 3.054588 9.842477 8
9.647631 7.152382 23.295442 8
3.152433 7.107207 2.522365 8
2.195276 0.729102 23.366532 8
10.709515 0.732976 2.510155 8
9.564604 9.029039 22.358001 8
3.331608 9.027317 3.348135 8
1.841450 2.916654 22.424772 8
11.054097 2.883955 3.457839 8
6.123151 4.075981 23.611365 35
6.704902 3.981479 2.119360 35
-1.500544 10.319238 23.651961 35
14.296465 10.326287 2.232050 35
5.047763 4.695454 19.676281 6
7.761609 4.692792 6.201690 6
12.704275 10.903214 19.680763 6
0.329383 10.973716 6.225878 6
4.490334 4.339482 19.057985 1
8.460282 4.157334 6.713015 1
11.972804 10.589371 18.980612 1
0.796597 10.589852 6.694931 1
5.152139 4.197471 21.004588 6
7.683916 4.046156 4.920058 6
12.616516 10.371234 20.861017 6
0.188735 10.414812 4.878656 6
4.675342 3.423302 21.222435 1
8.379937 3.424131 4.688725 1
12.171507 9.735501 21.189791 1
0.728600 9.694796 4.538616 1
5.975249 4.658305 21.712658 6
6.860738 4.611750 4.050559 6
-1.581473 10.953963 21.707226 6
14.457902 10.942503 3.994971 6
6.977921 5.674016 21.462264 6
6.011833 5.722527 4.443371 6
-0.746346 11.881823 21.465639 6
13.637512 11.907588 4.398097 6
7.523096 5.959027 22.013280 1
5.429598 6.124898 3.786538 1
-0.010935 12.301209 22.119090 1
12.972377 12.360358 3.722565 1
6.886390 6.187549 20.113644 6
5.988503 6.055483 5.618742 6
-0.707806 12.503883 20.095590 6
13.679539 12.497016 5.641326 6
7.401902 6.776493 19.852097 1
5.421091 6.884932 5.953246 1
-0.263467 0.622598 19.857886 1
13.038846 0.522689 6.014944 1
5.965908 5.630958 19.281825 6
7.062892 5.663966 6.586326 6
-1.657478 11.971541 19.138836 6
14.484349 11.993951 6.645265 6
5.805123 6.244429 17.858069 6
7.078118 6.139178 8.061516 6
13.307480 12.457637 17.846880 6
-0.383926 0.033227 7.933435 6
6.499129 7.051129 17.800025 1
6.440728 7.068448 8.051609 1
-1.226856 0.663666 17.662333 1
13.944537 0.609540 7.955102 1
4.920368 6.602749 17.735076 1
8.009255 6.536288 8.005756 1
12.420798 0.400477 17.604877 1
0.359534 0.217995 8.144543 1
6.086570 5.227505 16.648182 6
6.807288 5.321244 9.035521 6
13.639261 11.536039 16.601571 6
14.313014 11.592719 9.005561 6
5.421086 4.473644 16.629169 1
7.480716 4.609152 9.129277 1
12.871073 10.853941 16.657239 1
0.026266 10.751807 9.069704 1
6.181282 5.834638 15.332786 6
6.770144 5.898870 10.500673 6
13.727886 12.174076 15.242340 6
-0.765974 12.235270 10.430397 6
6.020693 5.268266 14.558250 1
6.676990 5.193063 11.160713 1
13.581515 11.609993 14.539329 1
-0.764369 11.618317 11.111359 1
5.324517 6.414517 15.192578 1
7.655617 6.414592 10.630063 1
12.776876 0.236900 15.228211 1
-0.039709 0.097500 10.649644 1
7.254431 6.755149 15.089204 6
5.506450 6.864421 10.713992 6
-0.318307 0.494891 15.116830 6
13.239171 0.609995 10.620200 6
7.160933 7.513371 15.836764 1
5.722134 7.575581 10.021388 1
-0.312924 1.249372 15.801541 1
13.224604 1.402491 10.108499 1
7.285621 7.264014 14.161722 1
5.617422 7.194774 11.513105 1
-0.365660 0.899038 14.286068 1
13.103052 0.923819 11.499242 1
8.547817 6.121289 15.315855 6
4.192474 6.050055 10.387674 6
1.115113 12.374380 15.316492 6
11.888264 12.459291 10.361179 6
8.810681 5.499157 14.760584 1
4.142042 5.441510 11.183235 1
1.180944 11.775760 14.646334 1
11.789771 11.711458 11.135046 1
9.368281 6.612079 15.275751 1
3.486255 6.703837 10.503266 1
1.750022 0.394785 15.337626 1
11.097790 0.422515 10.420102 1
8.653180 5.285255 16.799927 6
4.197632 5.443547 9.129206 6
0.981682 11.739908 16.649048 6
11.846539 11.649873 9.128156 6
9.415767 4.766828 16.883511 1
3.380801 4.787080 8.947762 1
1.835802 11.028237 16.739459 1
10.998795 11.084934 8.940176 1
8.541946 6.095250 17.454519 1
4.316721 6.030221 8.308354 1
1.154438 12.349288 17.405105 1
11.710249 12.259532 8.397082 1
7.398475 4.443151 16.887576 6
5.514488 4.524617 8.980771 6
-0.140054 10.833960 16.811140 6
13.037040 10.816238 8.923861 6
7.494124 3.188990 17.228032 6
5.396604 3.194017 8.582943 6
-0.149125 9.548292 17.188998 6
12.967154 9.491824 8.557125 6
6.512830 2.751361 17.266691 1
6.279024 2.825176 8.481398 1
-0.921731 9.148353 17.267379 1
13.827752 9.021196 8.514842 1
8.910603 2.083310 18.662210 6
3.985835 2.111028 7.161065 6
1.463959 8.315082 18.658408 6
11.483745 8.287151 7.177055 6
8.535025 2.744688 19.621200 6
4.261744 2.882662 6.051879 6
1.015500 9.056247 19.757679 6
11.831589 9.215793 6.175928 6
8.114212 3.576137 19.462725 1
4.740842 3.679555 6.304826 1
0.588242 9.938386 19.454211 1
12.360186 9.836696 6.303388 1
8.893723 2.480437 20.959432 6
4.112511 2.489500 4.697570 6
1.255331 8.730718 21.036784 6
11.671524 8.803026 4.772076 6
8.517717 3.001623 21.653098 1
4.238134 3.149453 4.149021 1
0.939417 9.357387 21.674259 1
11.919645 9.413093 4.070808 1
9.523165 1.285023 21.327482 6
3.365772 1.354617 4.475187 6
1.970137 7.592484 21.402827 6
10.973414 7.586316 4.553108 6
9.939683 0.573799 20.179048 6
2.960838 0.580172 5.515872 6
2.380462 6.795723 20.283866 6
10.482261 6.773304 5.527776 6
10.373656 12.279295 20.536703 1
2.487036 12.239333 5.388255 1
2.797399 6.044988 20.479522 1
10.031877 6.072319 5.350652 1
9.537844 0.955923 18.958295 6
3.292347 0.947506 6.760918 6
2.135321 7.081980 18.928237 6
10.709840 7.213669 6.928369 6
9.890389 0.254470 18.193033 1
2.929895 0.238761 7.515688 1
2.387492 6.671528 18.208944 1
10.617087 6.539803 7.541988 1
10.684984 0.116591 22.829218 6
2.208877 0.000205 2.827194 6
3.268506 6.290085 22.873215 6
9.576671 6.386868 2.976914 6
10.479289 11.762003 22.697851 1
2.428429 11.837513 3.187676 1
2.793468 5.513525 22.706155 1
10.137321 5.428257 3.182397 1
11.001558 0.105119 23.752631 1
1.793906 12.586103 1.972380 1
3.444370 6.426434 23.950700 1
9.510094 6.249655 1.904772 1
11.507060 0.167070 22.355108 1
1.277124 0.153243 3.466964 1
4.006900 6.478657 22.384190 1
8.947286 6.494804 3.496268 1
9.309789 2.031356 16.206495 6
3.403716 2.083169 9.543821 6
1.895598 8.321820 16.215503 6
11.005687 8.417914 9.614802 6
9.517260 2.102082 13.836489 6
3.461325 2.202626 11.953299 6
1.822232 8.479568 13.710425 6
11.016380 8.473916 11.959603 6
9.407320 0.699238 13.665492 6
3.377110 0.665231 12.088876 6
1.882080 6.910250 13.662810 6
10.974898 6.878000 12.236618 6
10.176424 0.317039 14.114008 1
2.673509 0.349797 11.542291 1
2.579032 6.554969 14.274458 1
10.180370 6.471331 11.593353 1
9.628164 0.350161 12.646590 1
3.152910 0.467728 13.208619 1
2.230181 6.672658 12.591942 1
10.633853 6.754668 13.123228 1
8.559190 0.352777 13.830297 1
4.294901 0.259294 11.903260 1
1.128492 6.556122 13.733978 1
11.771827 6.632540 11.919937 1
10.724365 2.771154 13.588528 6
1.983723 2.834722 12.032714 6
3.173772 9.146738 13.636272 6
9.576250 9.159249 12.145321 6
10.675198 3.768197 13.819726 1
2.093822 3.755037 12.020738 1
3.256075 10.062086 13.894812 1
9.639000 10.009539 11.886289 1
11.089869 2.689748 12.718490 1
1.751186 2.570619 12.936434 1
3.608155 8.971287 12.696351 1
9.239004 8.913742 13.063394 1
11.328944 2.293413 14.359774 1
1.424931 2.358037 11.443379 1
3.877932 8.620840 14.253279 1
9.050415 8.684418 11.541467 1
8.523187 2.749292 12.906548 6
4.451429 2.761872 13.020670 6
0.987801 9.039210 12.784962 6
11.880808 8.993017 12.908778 6
7.497843 2.330015 12.809543 1
5.276863 2.342146 12.949301 1
0.008543 8.747403 12.885520 1
12.848954 8.719944 12.824874 1
8.842121 2.623162 11.945653 1
4.036758 2.623615 13.951475 1
1.246683 8.950735 11.805971 1
11.675148 8.849163 13.836739 1
8.457647 3.844012 12.891769 1
4.381440 3.743681 12.748435 1
0.874587 9.961796 12.998583 1
11.954393 10.065206 12.780976 1
8.607695 2.450648 17.399246 7
4.338740 2.504389 8.489425 7
1.042314 8.793044 17.393764 7
11.848934 8.765175 8.537724 7
9.763894 1.184004 22.623548 8
3.004201 1.188265 3.146440 8
2.325152 7.367224 22.693022 8
10.601920 7.328937 3.136158 8
8.798864 2.517196 15.159658 8
4.060658 2.519607 10.792440 8
1.296967 8.850965 15.133392 8
11.682848 8.745919 10.654070 8
10.462171 1.414313 16.260296 8
2.523661 1.532526 9.542757 8
2.925766 7.725112 16.332236 8
9.990999 7.706232 9.497180 8
