-1.280876 6.145782 5.155022 8
1.529800 -1.244126 8.633765 8
1.221602 3.871057 6.514676 8
-0.982383 1.094152 7.444680 8
-0.483732 4.341215 2.046226 8
0.917047 0.657767 11.760870 8
-1.670767 6.078199 1.286566 8
2.004673 -1.030772 12.527710 8
1.307710 -0.137971 4.036139 7
-0.893609 5.053773 9.800926 7
-1.038803 3.754567 6.129425 7
1.372802 1.347421 7.771078 7
-1.609790 4.003645 5.913233 1
1.941839 0.973655 7.909454 1
-1.065394 2.781577 6.454684 1
1.341536 2.028721 7.250820 1
-0.039572 6.417254 3.039304 6
0.441846 -1.431223 10.805816 6
2.989300 0.458871 2.421629 6
-2.532917 4.489730 11.452719 6
3.921561 0.416912 2.392654 1
-3.505578 4.371647 11.340873 1
2.615037 0.356867 1.291877 1
-2.345410 4.555811 12.434813 1
2.127043 1.767470 2.974586 6
-1.978670 3.200272 10.856531 6
3.072110 1.492414 3.500969 1
-2.812988 3.606706 10.362658 1
2.806514 2.521208 2.991893 1
-2.629380 2.274268 10.807509 1
1.652984 1.260227 4.271626 6
-1.446840 3.769141 9.610906 6
1.065616 1.566204 4.711566 1
-0.731432 3.365844 9.128324 1
2.528842 1.115471 4.891330 1
-2.116430 3.783361 8.929456 1
0.122101 5.651915 5.415135 6
0.219284 -0.686965 8.486298 6
2.934774 -0.765228 5.904880 1
-2.746290 5.817226 7.892521 1
0.225695 4.339682 6.018088 6
0.212050 0.607374 7.861354 6
0.799477 5.741110 3.967615 6
-0.630970 -0.781986 9.869060 6
0.888505 4.594116 3.745575 1
-0.619211 0.164126 10.077698 1
1.753996 6.052681 4.053174 1
-1.376758 -1.117738 9.733840 1
-0.893733 5.446268 2.052249 6
1.003604 -0.428607 11.779397 6
2.757671 5.082625 0.358334 6
-2.408175 -0.214831 13.389143 6
-0.368626 3.505205 13.842090 1
-1.788853 -0.717319 13.849740 1
2.334171 4.515929 0.976613 1
-1.951646 0.447810 12.845972 1
0.971164 2.511979 13.587725 1
-0.607240 2.348414 0.120739 1
