2.137216 2.201750 0.459355 8
13.523600 8.309374 4.813895 8
12.217580 10.119034 10.036574 8
0.586116 3.902332 5.471302 8
4.848295 6.108703 7.278548 8
7.954382 0.152669 8.239330 8
9.462687 6.049325 2.995270 8
6.340229 12.204700 2.171654 8
15.397717 11.437340 2.992970 8
0.278097 5.352055 2.127506 8
-1.211378 0.741202 7.272122 8
13.998810 7.025140 8.165838 8
9.005462 9.045597 5.050977 8
6.651402 2.816746 0.232262 8
5.199769 3.275156 5.268678 8
7.714938 9.294050 10.147726 8
2.836007 9.338922 1.028026 8
12.910089 3.154338 4.158825 8
11.496628 2.937963 9.285581 8
1.318687 9.189498 6.082012 8
4.582992 10.750954 5.810388 8
8.162554 4.555484 9.691819 8
9.587369 1.552778 4.551464 8
6.111357 7.619758 0.690567 8
3.400397 11.169077 4.137780 7
12.245560 5.120905 1.015180 7
10.879349 1.115028 6.185814 7
1.894595 7.207277 9.159269 7
4.290040 8.881922 2.627879 7
11.391153 2.842673 2.530592 7
10.017158 3.374897 7.663022 7
2.879738 9.493707 7.857458 7
4.122869 7.984524 2.100932 1
11.615063 1.844896 2.953304 1
10.246095 4.216076 8.050892 1
2.536758 10.291056 7.440879 1
1.101683 1.606086 0.994383 6
14.568497 7.770302 4.248805 6
13.184734 10.666461 9.355123 6
-0.391392 4.623796 6.255121 6
8.029510 8.293476 5.597592 6
4.734063 2.217181 9.864394 6
6.256371 3.992414 4.731183 6
9.442273 10.029350 0.557799 6
6.740415 8.373173 5.213804 6
8.794120 2.194749 0.087844 6
7.513331 3.920056 5.097999 6
5.267713 10.036358 10.312929 6
5.835806 7.686911 5.684257 6
7.115190 1.640609 9.791550 6
8.434870 4.535699 4.688070 6
7.220822 10.680382 0.612581 6
8.316378 7.433071 6.844385 6
4.495899 1.327344 8.733462 6
5.963688 4.755168 3.532897 6
9.699072 10.926172 1.547312 6
9.228706 7.296471 7.025599 1
3.629348 1.342812 8.451952 1
4.996291 4.907096 3.170955 1
10.506597 11.035053 1.930517 1
4.387747 7.989323 4.910441 6
11.233104 1.698619 0.149156 6
9.778112 4.274651 5.433005 6
2.941238 10.398065 10.119092 6
3.710665 8.023129 5.477212 1
9.168971 2.088620 9.860843 1
10.535247 4.081113 4.685201 1
5.231163 10.298639 0.438241 1
4.218428 7.089435 4.497320 1
11.412680 1.028588 0.839960 1
9.937830 5.195986 5.850635 1
2.747805 11.217692 9.650595 1
7.209532 6.755307 7.430060 6
5.470260 0.659806 8.219172 6
7.031795 5.458516 2.967304 6
8.695025 11.664467 2.148784 6
7.329591 6.279640 8.111424 1
5.491056 0.130163 7.330113 1
6.841050 6.044636 2.292422 1
8.864732 12.201703 3.023296 1
1.544071 0.393720 1.683643 6
14.306949 6.613792 3.353006 6
12.786225 11.750486 8.481515 6
0.029627 5.745706 6.930427 6
5.895640 6.798129 6.768287 6
6.800680 0.768759 8.638142 6
8.310636 5.480353 3.588308 6
7.476996 11.606083 1.569611 6
16.264403 12.200865 2.422488 6
-0.572496 6.100159 2.716472 6
-2.123445 0.036180 7.932764 6
14.934570 6.156017 7.447675 6
-0.240879 1.946794 0.883363 6
15.894772 8.033348 4.308074 6
-2.552142 10.421016 9.421687 6
15.353294 4.351416 6.127060 6
16.591877 2.508157 0.449628 1
-0.831679 8.730413 4.777149 1
-2.382901 9.684914 9.985881 1
15.143569 3.480485 5.612925 1
3.226451 9.572188 2.042841 6
12.547006 3.531736 3.064178 6
11.098525 2.551496 8.129742 6
1.762958 8.719080 7.293187 6
2.596940 10.839297 2.876079 6
12.887183 4.725843 2.300613 6
11.640465 1.415048 7.452918 6
1.304999 7.509034 7.903695 6
4.345055 10.371522 4.796372 6
11.425620 4.195961 0.445793 6
10.037162 1.839437 5.535094 6
2.759856 8.038077 9.944780 6
6.268265 9.144020 4.059113 6
9.285301 3.029466 1.128601 6
7.953156 3.090399 6.334792 6
4.872776 9.199293 9.026771 6
6.691489 8.859175 3.034383 1
8.949254 2.701273 2.017683 1
7.634438 3.408032 7.184235 1
5.239608 9.628787 8.270294 1
6.721056 10.152912 3.940258 1
9.015070 4.001898 1.038355 1
7.556926 2.144257 6.267520 1
5.235348 8.332820 9.262365 1
1.236393 10.674773 3.131261 6
14.551653 4.641467 2.120189 6
12.991124 1.527257 7.252976 6
-0.369678 7.605525 8.231346 6
0.782753 9.910009 2.607318 1
14.823250 3.754771 2.585419 1
13.450018 2.446363 7.712372 1
-0.591962 8.560315 7.855279 1
0.994285 10.764166 4.045281 1
14.808761 4.517037 1.157158 1
13.329273 1.674612 6.219904 1
-0.529584 7.732196 9.238064 1
4.729109 9.214821 4.105432 6
10.960858 2.941431 1.052985 6
9.486373 3.083761 6.196602 6
3.418430 9.271424 9.232914 6
15.825472 1.186707 1.690160 6
-0.179930 7.229164 3.522676 6
-1.681650 11.239779 8.648412 6
14.444060 4.986253 6.711984 6
15.022035 1.435516 1.597183 1
0.628539 7.394001 3.516612 1
-0.726132 10.844123 8.667041 1
13.580505 4.779700 6.823836 1
0.489037 11.969882 2.475546 6
15.102201 5.789475 2.642205 6
13.681500 0.393461 7.983191 6
-0.867112 6.492493 7.498175 6
2.741097 12.081371 1.901301 6
12.880710 5.874716 3.273112 6
11.446487 0.189031 8.490497 6
1.475510 6.209425 6.999938 6
3.523923 0.514058 2.139889 1
12.232786 6.596031 3.009906 1
10.767193 11.692628 8.103803 1
2.091580 5.554242 7.222532 1
3.030563 11.716650 0.914858 1
12.638318 5.717127 4.240612 1
11.023708 0.522731 9.406097 1
1.772253 6.581670 6.009353 1
-1.314812 3.212388 9.742147 6
14.109711 9.237513 5.874271 6
15.380287 9.043480 0.644845 6
0.178228 2.913570 4.595775 6
-0.506226 3.670890 9.265457 1
13.275378 9.822133 6.227534 1
14.657964 8.636585 1.039170 1
0.961719 2.545454 4.111964 1
-1.697317 3.851331 10.055451 1
14.569125 10.039797 5.376496 1
15.933923 8.422325 0.241805 1
-0.284834 2.288437 4.977263 1
-1.654044 2.774938 8.939505 1
14.548756 8.809353 6.519769 1
15.959257 9.554623 1.364355 1
-0.303114 3.285565 3.808593 1
13.993866 11.677417 2.779112 6
1.711008 5.489839 2.235822 6
0.139059 0.676828 7.484569 6
12.535136 6.813333 8.039947 6
13.458034 11.048613 3.369513 1
2.123804 4.932243 1.741031 1
0.786510 1.290854 6.873565 1
12.036126 7.327845 8.486390 1
13.883974 11.575180 1.883487 1
1.900644 5.382005 3.210793 1
0.404586 0.832294 8.359234 1
12.407725 6.900126 7.129230 1
13.711855 0.266093 3.037266 1
1.916185 6.359875 2.027628 1
0.388827 11.939770 7.279173 1
12.287771 5.735061 8.294228 1
2.881442 0.147812 4.891762 6
12.793107 6.141379 0.257556 6
11.215455 12.184535 5.448376 6
1.593183 5.976446 9.912182 6
2.241051 0.561335 4.318754 1
13.405519 6.769860 0.824129 1
11.941339 11.590886 6.100422 1
0.849907 5.547425 9.398349 1
3.702644 0.736665 5.060224 1
11.962193 6.814022 0.226524 1
10.447481 11.545889 5.244799 1
2.373959 5.552674 10.138882 1
2.633691 12.092370 5.771295 1
10.253735 5.844706 9.723210 1
11.790848 0.124136 4.649638 1
3.964680 6.374247 0.474351 1
3.493980 0.042389 5.699264 1
9.358618 6.181814 9.791474 1
10.803152 12.190604 4.727316 1
4.753042 6.077361 0.583965 1
2.002174 0.133792 5.066873 1
13.696673 6.200974 0.174490 1
12.360091 12.248574 5.276308 1
0.622710 6.080016 10.079621 1
3.135023 0.889795 4.315424 1
12.450831 7.108432 0.803002 1
10.981579 11.282935 5.934797 1
1.781287 5.236939 9.418197 1
5.088432 5.324860 8.290950 6
7.811483 11.442627 7.074752 6
9.108993 7.102659 2.057236 6
6.442732 0.807096 3.199329 6
4.182557 4.849987 8.490809 1
8.712788 10.975679 6.880258 1
10.145545 7.337590 1.732741 1
5.585496 1.344971 3.415207 1
5.435370 5.683709 9.124297 1
7.352320 11.827334 6.401810 1
8.837305 6.540843 1.169776 1
6.959167 0.349077 3.861795 1
5.730920 4.470611 8.052204 1
7.179774 10.713197 7.550627 1
8.687149 7.760853 2.333968 1
7.112614 1.601798 2.825134 1
10.449825 8.655757 5.328778 6
2.396508 2.524287 10.284725 6
3.922888 3.587143 5.096031 6
11.913870 9.688574 0.041050 6
11.058838 9.235765 4.828753 1
4.604293 3.156325 0.501845 1
3.311009 2.954216 5.625882 1
9.631089 9.101582 9.840074 1
10.562980 7.765976 4.984568 1
5.200094 1.643221 0.212244 1
3.712856 4.529523 5.351287 1
9.153904 10.728775 10.138773 1
10.509507 8.747333 6.148875 1
2.105952 2.593616 9.256290 1
3.580314 3.548244 4.136977 1
12.115401 9.638285 1.019379 1
