12.777312 5.534420 5.619914 9
-0.238981 2.355209 3.229632 9
12.263251 0.660571 11.832116 9
12.080138 3.819604 14.296091 9
11.855566 5.633403 7.408313 9
0.667413 2.426981 1.229448 9
-0.040044 0.600243 9.959541 9
11.066018 3.749234 16.178452 9
11.375927 3.977046 5.945129 9
1.184042 0.914539 2.708581 9
0.467120 2.189619 11.470266 9
10.553959 5.335565 14.662324 9
8.039121 0.725997 14.033306 9
2.949380 3.715411 12.002406 9
3.658872 5.612226 3.340861 9
8.830880 2.540326 5.337276 9
9.492601 0.786795 12.485990 9
1.543971 3.772120 13.534321 9
2.249168 5.402986 4.980762 9
10.183005 2.436483 3.747335 9
9.502686 2.236388 14.277482 9
1.478306 5.261960 12.029278 9
2.297440 4.084194 3.234290 9
10.385614 1.056055 5.424046 9
0.198190 3.741528 6.977435 6
12.393472 0.760786 1.572129 6
11.754887 2.309818 10.319066 6
-0.638587 5.509402 15.739795 6
0.409710 2.629616 6.394629 6
12.128251 5.753935 2.248356 6
11.477844 3.622599 10.890969 6
-0.281237 0.496596 15.270202 6
-0.145603 2.292550 5.715047 1
12.735639 5.409645 2.937109 1
11.917930 3.849049 11.660949 1
-0.976215 0.869772 14.448281 1
1.382532 1.780290 6.949445 6
11.239965 4.796385 1.658861 6
10.452293 4.428720 10.389821 6
0.628881 1.291822 15.697710 6
1.431844 0.842872 6.474395 1
10.969947 4.058421 2.115722 1
10.397435 5.390949 10.902369 1
0.747635 2.286737 15.217241 1
2.090802 2.219089 8.022547 6
10.324153 5.195558 0.630556 6
9.764703 3.979049 9.395845 6
1.396614 0.946126 16.839366 6
1.955420 3.451586 8.617773 6
10.562922 0.205819 0.121261 6
9.971469 2.802878 8.818738 6
2.614928 5.866122 0.020000 6
2.520544 3.765089 9.318925 1
8.674121 0.516825 16.710490 1
9.356450 2.453773 8.015042 1
3.173580 5.737742 0.564269 1
0.929055 4.335282 8.101906 6
11.651447 1.054224 0.598836 6
10.848728 2.039044 9.262042 6
0.272268 4.990390 16.831217 6
0.725359 5.070064 8.502590 1
11.788731 1.966211 0.188473 1
11.053746 1.102857 8.927425 1
0.138135 4.236529 17.318849 1
3.070216 1.154625 8.698951 6
9.465340 4.316619 0.156588 6
8.729332 4.926848 8.852525 6
2.454827 1.798380 17.350931 6
3.843173 0.381960 9.245722 6
7.207136 3.617860 16.961398 6
7.962068 5.751623 8.180785 6
4.448606 2.750357 0.542092 6
4.681259 5.778519 9.893198 6
6.450693 2.743520 16.338281 6
7.245274 0.452090 7.706435 6
5.291249 3.505190 1.009349 6
5.351949 5.049046 10.395800 6
5.870591 1.915182 15.712623 6
6.435526 1.292193 7.088572 6
6.015478 4.327292 1.739097 6
6.102062 4.040484 11.241318 6
4.880963 0.903956 15.078857 6
5.675557 2.225353 6.347653 6
6.882052 5.323234 2.385908 6
6.463800 2.708755 10.750818 6
4.643664 5.856415 15.596886 6
5.442239 3.493979 6.786183 6
7.236773 0.249991 1.960158 6
6.142904 2.572459 9.811192 1
5.012302 5.611449 16.320127 1
5.748446 3.685264 7.642828 1
6.772060 0.626259 1.110917 1
7.298454 1.892039 11.394198 6
3.762758 5.106990 14.788780 6
4.554988 4.331173 6.085408 6
8.078246 1.059656 2.701899 6
7.622446 1.154598 10.917885 1
3.609188 4.218046 15.176185 1
4.183205 5.125224 6.484478 1
8.292642 2.017135 2.343494 1
7.942850 2.319180 12.645164 6
3.214345 5.469711 13.536037 6
4.004798 3.725253 4.798668 6
8.651165 0.645504 3.848592 6
7.550454 3.580569 13.097488 6
3.644458 0.666015 13.149006 6
4.311444 2.512838 4.406325 6
8.214561 5.637201 4.383621 6
7.950968 3.944957 13.891051 1
3.245984 0.975910 12.306450 1
3.939167 2.158010 3.567849 1
8.635686 5.292382 5.160236 1
6.789486 4.548613 12.266768 6
4.458447 1.403263 13.867527 6
5.106538 1.686725 4.997143 6
7.378231 4.802215 3.697835 6
6.495134 5.328662 12.803667 1
4.695744 2.230425 13.488757 1
5.464106 0.751114 4.753801 1
7.172048 3.973349 4.029118 1
12.336748 4.639739 6.479070 6
0.267539 1.611185 2.121964 6
-0.544126 1.525047 10.960903 6
11.633113 4.515968 15.196373 6
8.684983 1.455165 13.278128 6
2.278113 4.597168 12.736260 6
3.100548 4.754229 4.013807 6
9.456134 1.527034 4.538195 6
