2.143211 3.094389 1.135952 8
1.350713 6.571902 10.669979 8
2.240256 2.395150 1.130285 1
1.271889 5.856009 10.623515 1
2.298820 0.456839 0.830199 8
1.315960 3.771820 10.966337 8
2.904566 0.176053 0.118469 1
0.777167 3.639041 11.599779 1
2.244136 3.830624 2.324308 6
1.313169 0.451374 9.425862 6
1.364111 3.671819 2.855221 1
2.141843 0.292353 8.857595 1
2.721856 5.159711 2.193325 6
0.978444 1.903654 9.701999 6
3.618088 5.224845 1.550147 1
0.017595 1.769714 10.211522 1
1.616333 6.032311 1.042291 6
1.840009 2.452212 10.612419 6
1.556614 5.385121 0.310498 1
1.877051 1.827619 11.532191 1
0.287304 6.163179 1.636120 6
3.171647 2.659460 10.203778 6
6.107513 6.534383 0.929982 1
-2.601609 3.053125 10.810521 1
0.274123 6.724758 2.343511 1
3.238470 3.348030 9.290261 1
-0.048445 5.239597 1.837452 1
3.706151 1.887260 9.884360 1
3.134612 3.195731 3.249450 6
0.298204 6.458908 8.369686 6
4.516115 2.761730 2.866410 6
-0.874380 6.293691 8.915324 6
4.807989 3.012061 1.999802 1
-1.214152 6.385990 9.646589 1
5.459491 2.179602 3.856683 6
-1.888106 5.686426 8.008449 6
-0.242787 1.893935 3.420657 1
3.772322 5.366571 8.209300 1
5.039351 1.922044 5.095623 6
-1.338634 5.324126 6.785341 6
-0.959350 1.472004 5.711421 1
4.393934 4.782819 6.092878 1
3.696859 2.031502 5.407348 6
-0.200826 5.449088 6.345511 6
3.392892 1.864200 6.294001 1
0.221483 5.320167 5.511412 1
2.850843 2.717106 4.660483 6
0.836609 6.126949 7.254815 6
1.851238 2.889870 4.782388 1
1.608599 6.429500 6.922423 1
2.762308 5.958875 3.411213 6
0.708433 2.696948 8.286072 6
3.345465 5.500648 4.086199 1
0.081635 2.091769 7.697608 1
1.923498 6.131762 3.903646 1
1.665680 2.643070 8.040713 1
3.219383 0.114181 3.108921 1
0.342807 3.531673 8.555710 1
