6.539646 2.577147 4.505723 27
33.264085 2.717356 2.942778 27
26.492966 8.820562 4.401778 27
13.222989 8.842599 2.874705 27
32.863526 9.849462 10.273320 27
6.048312 9.736640 11.706655 27
12.921809 3.596331 10.345303 27
26.192755 3.615160 11.808278 27
4.033715 2.600541 4.246668 27
35.794610 2.635773 3.061791 27
24.020246 8.848988 4.315652 27
15.689519 8.861187 3.058172 27
35.403135 9.839670 10.395513 27
3.614962 9.777671 11.640673 27
15.419437 3.520697 10.373985 27
23.613364 3.597690 11.724662 27
6.702460 1.525880 6.307209 15
33.070219 1.680857 1.048794 15
26.753220 7.803758 6.384849 15
13.046586 7.888638 0.972138 15
32.767030 10.909746 8.301346 15
6.368947 10.890901 13.822684 15
12.619505 4.708677 8.355132 15
26.332326 4.703938 13.636396 15
3.594639 1.347218 6.184684 15
36.186160 1.393507 1.167412 15
23.733025 7.563344 6.238883 15
16.061972 7.582735 1.208337 15
35.757172 11.093170 8.569041 15
3.374298 11.098725 13.448246 15
15.744645 4.773517 8.444609 15
23.321135 4.880752 13.516596 15
9.121123 2.013252 3.323783 8
30.813999 1.933396 4.180321 8
29.114803 8.168286 3.242953 8
10.721582 8.101483 4.036379 8
30.301424 10.511481 11.417356 8
8.685289 10.463605 10.621133 8
10.351453 4.279376 11.473225 8
28.665227 4.138003 10.541167 8
6.914416 5.518697 4.847071 8
32.847406 5.433262 2.577158 8
26.892825 11.804446 4.728949 8
12.875486 11.803941 2.629342 8
32.388981 7.018591 9.831679 8
6.514482 6.949811 12.136554 8
12.408515 0.643730 9.894801 8
26.514767 0.620205 12.148088 8
3.499497 5.401832 4.644766 8
36.211208 5.430732 2.747242 8
23.625011 11.585198 4.608112 8
16.192922 11.701860 2.766705 8
35.822280 6.984401 9.972190 8
3.103287 7.012461 12.010044 8
15.876825 0.854368 10.022648 8
23.136827 0.742612 12.114502 8
1.665085 1.862090 2.759114 8
38.072044 1.951734 4.630578 8
21.651805 8.253070 2.742899 8
17.962020 8.159906 4.563239 8
37.695582 10.523767 11.999351 8
1.218658 10.565159 10.073825 8
17.716068 4.334458 12.004800 8
21.377001 4.305655 10.150118 8
5.139438 0.561137 6.573337 6
34.569218 0.468009 0.776443 6
25.194896 6.732505 6.657896 6
14.588770 6.657549 0.717771 6
34.114240 11.910800 8.111734 6
4.839897 11.862941 14.012645 6
14.086933 5.624545 8.043559 6
24.833317 5.714030 13.954649 6
6.751181 2.449167 7.914478 6
32.311118 2.418905 14.196893 6
26.832176 8.636446 7.907759 6
12.096992 8.803087 14.106310 6
32.655673 9.999425 6.792874 6
7.218009 9.839754 0.552908 6
12.556034 3.759479 6.697864 6
27.292825 3.646974 0.532130 6
6.189551 1.978346 9.043954 6
32.734998 2.061377 12.895473 6
26.240381 8.297659 9.081351 6
12.601081 8.195801 12.972308 6
33.134150 10.298443 5.548469 6
6.621199 10.432765 1.819774 6
13.054615 4.063783 5.637061 6
26.630058 4.173592 1.722316 6
6.349649 2.746181 10.336986 6
32.722111 2.699946 11.751614 6
26.379995 8.946357 10.194364 6
12.651158 8.918418 11.817941 6
32.948453 9.598308 4.337350 6
6.862239 9.568872 2.967148 6
12.889294 3.423763 4.389427 6
26.777558 3.338012 2.985493 6
7.010657 4.020249 10.365337 6
31.928199 3.855856 11.835396 6
27.102109 10.074846 10.316758 6
11.792134 10.243403 11.703634 6
32.338286 8.550077 4.470451 6
7.468337 8.464962 2.840062 6
12.197387 2.172362 4.507404 6
27.629953 2.176252 2.943423 6
7.666586 4.324131 9.206277 6
31.301156 4.396034 12.882908 6
27.693821 10.651706 9.195296 6
11.268183 10.578637 12.956336 6
31.610507 8.031912 5.522023 6
8.080203 8.129023 1.697861 6
11.609289 1.851649 5.664734 6
28.162880 1.778971 1.735214 6
7.582188 3.744501 7.991644 6
31.500541 3.740610 14.055963 6
27.637585 9.827676 7.977817 6
11.482950 9.806353 14.047334 6
31.824273 8.832339 6.833958 6
7.861851 8.791817 0.512743 6
11.776328 2.551104 6.764106 6
27.966145 2.465062 0.691640 6
7.984683 0.402040 6.377883 6
31.822398 0.339982 0.954578 6
28.119210 6.535650 6.433593 6
11.697505 6.486528 0.786567 6
31.357138 12.109474 8.132464 6
7.632394 12.148414 13.750413 6
11.285618 5.895587 8.182261 6
27.700781 5.820232 13.848840 6
8.935557 0.118819 7.665997 6
30.266716 0.132355 14.541739 6
28.821430 6.482167 7.598747 6
10.069147 6.358448 14.379232 6
30.638844 12.196612 7.107854 6
9.311474 12.266331 0.273049 6
10.396371 6.003472 7.058155 6
29.204656 6.103459 0.176032 6
9.924487 11.712778 7.468410 6
29.153122 11.660271 14.422935 6
29.902278 5.410098 7.509016 6
9.012176 5.398909 14.541630 6
29.552937 0.781013 7.213231 6
10.331152 0.864231 0.257403 6
9.527985 7.040036 7.210430 6
30.299305 6.994984 0.298861 6
10.004076 10.902615 6.558221 6
29.771112 10.879740 0.836973 6
30.157153 4.752455 6.547652 6
9.730184 4.727189 0.829630 6
29.369905 1.497026 8.146739 6
9.673921 1.542072 13.777895 6
9.278513 7.684596 8.257766 6
29.713306 7.683616 13.804229 6
9.263763 11.041809 5.374406 6
30.540195 11.118154 2.049434 6
29.379118 4.726383 5.315543 6
10.558081 4.904769 1.963917 6
30.198901 1.405487 9.324790 6
8.889040 1.433444 12.732906 6
10.013249 7.670862 9.303111 6
28.919282 7.654020 12.755036 6
8.200604 12.020048 5.457817 6
31.459072 12.050273 2.025576 6
28.232485 5.775526 5.414001 6
11.412043 5.780709 1.912434 6
31.081924 0.544339 9.275578 6
7.912328 0.524431 12.644174 6
11.093752 6.637517 9.216053 6
27.999855 6.672869 12.644403 6
3.303108 2.169339 7.779996 6
35.678323 2.175861 14.347881 6
23.347071 8.461839 7.784124 6
15.665671 8.368557 14.242190 6
36.129342 10.197710 6.952479 6
3.682208 10.136486 0.508412 6
16.007458 3.916935 6.958670 6
23.673845 4.057769 0.479434 6
2.819240 1.460247 8.754199 6
36.337809 1.402631 13.215210 6
22.739415 7.696712 8.898359 6
16.136480 7.708123 13.254560 6
36.592398 10.899634 5.764832 6
3.070936 10.991401 1.465141 6
16.539450 4.675532 5.928955 6
23.181984 4.761232 1.440704 6
2.435199 2.065394 10.140919 6
36.492911 2.108464 11.989881 6
22.527434 8.393531 10.024642 6
16.437622 8.359543 11.922420 6
36.787727 10.428199 4.719892 6
2.834916 10.349376 2.604983 6
16.871119 4.149311 4.620729 6
23.030142 4.173281 2.631778 6
2.635259 3.512224 10.184561 6
36.263881 3.509191 11.847173 6
22.763077 9.697830 10.177572 6
16.188239 9.715562 11.820470 6
36.658592 9.033372 4.415988 6
3.028514 8.972044 2.896062 6
16.581735 2.763528 4.484994 6
23.218976 2.692469 2.897431 6
3.290696 4.156015 9.175146 6
35.727379 4.245218 12.868633 6
23.201764 10.499930 9.192350 6
15.758393 10.427023 12.824450 6
36.242380 8.204908 5.450634 6
3.549995 8.329852 1.820138 6
16.104474 2.111534 5.462119 6
23.722144 2.013917 1.905482 6
3.393749 3.555961 8.013921 6
35.626516 3.496014 14.024683 6
23.540532 9.868088 7.891270 6
15.380900 9.722162 14.042608 6
35.884221 8.801273 6.795798 6
3.900575 8.895856 0.659656 6
15.861489 2.582824 6.757464 6
23.853105 2.673833 0.612391 6
2.381197 0.196990 6.011669 6
37.409583 0.066661 1.353790 6
22.391857 6.341776 6.122033 6
17.258152 6.222227 1.331533 6
36.940297 12.275117 8.614240 6
2.049072 12.249121 13.499752 6
16.896514 6.126546 8.523488 6
22.175708 6.064037 13.353746 6
1.163949 0.546656 5.627649 6
38.646111 0.457073 1.621104 6
21.205934 6.736438 5.665891 6
18.635358 6.670087 1.644663 6
38.254548 11.899927 9.003179 6
0.783011 12.026574 13.153309 6
18.167323 5.696811 9.048086 6
20.830289 5.718098 13.141583 6
0.078304 11.921086 5.559435 6
39.733772 12.067253 1.603077 6
20.123439 5.842279 5.577829 6
19.661279 5.855076 1.747014 6
39.254675 0.528594 9.122532 6
-0.297663 0.546986 12.947910 6
19.157941 6.752994 9.095759 6
19.755976 6.722170 13.099237 6
0.435975 10.681932 5.962702 6
39.285625 10.624067 1.446659 6
20.468503 4.519138 5.943403 6
19.278208 4.417718 1.415582 6
39.014475 1.794189 8.695134 6
0.031337 1.796531 13.348538 6
18.950094 7.974214 8.803630 6
20.044714 8.010134 13.294665 6
1.709122 10.190094 6.336726 6
38.062908 10.177830 0.976005 6
21.773744 4.002823 6.187563 6
18.007333 4.099122 1.140589 6
37.792282 2.093648 8.340040 6
1.350400 2.139104 13.567197 6
17.704131 8.421047 8.438008 6
21.354776 8.384355 13.534997 6
2.633375 11.177745 6.286840 6
37.186781 11.208202 1.041394 6
22.797507 4.928556 6.267053 6
17.074930 4.940580 0.924200 6
36.763228 1.204841 8.263313 6
2.302507 1.139977 13.694438 6
16.759575 7.414994 8.370076 6
22.314728 7.354599 13.811636 6
5.310310 1.474352 3.492400 6
34.534996 1.445358 3.839285 6
25.358492 7.692750 3.589665 6
14.411457 7.714632 3.875400 6
34.042841 11.068960 11.196126 6
4.962142 11.018892 10.824807 6
14.080476 4.790546 11.153563 6
24.948107 4.838807 10.878032 6
5.208530 2.488272 2.825269 6
34.393781 2.596064 4.566190 6
25.327596 8.854318 2.949454 6
14.367899 8.708768 4.577593 6
34.078496 9.803185 11.917565 6
4.839573 9.889475 10.303713 6
14.007747 3.704131 11.776310 6
25.031197 3.603314 10.237390 6
5.387435 3.135990 1.616878 6
34.314684 3.107952 5.905530 6
25.523144 9.472856 1.558197 6
14.234501 9.357336 5.800756 6
33.931243 9.289518 13.200871 6
5.077276 9.182911 8.978351 6
13.830843 2.981631 13.114964 6
25.018364 3.002457 8.939102 6
6.416184 2.636956 0.688455 6
33.458948 2.755488 6.624838 6
26.354358 9.026416 0.656278 6
13.239448 8.915307 6.762257 6
33.028630 9.634146 13.973122 6
6.063823 9.623658 8.028080 6
13.022953 3.435284 13.995097 6
25.975756 3.555180 7.910128 6
5.700844 3.257795 13.989582 6
33.343130 3.234398 7.898919 6
25.734033 9.558482 14.142214 6
13.267218 9.464597 7.912856 6
33.625009 9.136982 0.583728 6
6.122519 9.155853 6.712393 6
13.512565 2.884582 0.678807 6
26.068848 3.028078 6.748878 6
4.966479 4.310963 13.765844 6
34.124216 4.270200 8.386889 6
24.886482 10.427655 13.705590 6
14.087496 10.595189 8.307492 6
34.597201 8.204521 0.968342 6
5.237025 8.230851 6.400889 6
14.427297 1.917823 0.920833 6
25.359532 1.832884 6.365009 6
4.045915 4.799136 14.591265 6
35.171660 4.720136 7.558372 6
23.976395 10.906101 14.649809 6
14.992484 11.034056 7.406792 6
35.483183 7.766076 0.085550 6
4.323728 7.599366 7.220955 6
15.333466 1.355585 0.050104 6
24.399379 1.475786 7.160118 6
4.635544 4.122274 1.114294 6
35.240802 4.181772 6.237493 6
24.624745 10.446073 1.113631 6
15.163641 10.414626 6.127458 6
34.882130 8.311671 13.521353 6
4.191502 8.197855 8.400675 6
14.667134 2.037749 13.627494 6
24.199050 2.000087 8.435093 6
8.094185 2.193451 3.632245 6
31.805668 2.232734 3.561448 6
28.124414 8.414430 3.749334 6
11.729576 8.540656 3.518030 6
31.390106 10.246629 10.973503 6
7.601671 10.086589 11.024691 6
11.243487 4.060178 10.961166 6
27.653295 4.045378 11.007112 6
6.794591 4.405019 4.626549 6
32.963755 4.336151 2.613229 6
26.763918 10.703725 4.646521 6
12.921369 10.687037 2.731788 6
32.575463 8.030985 9.906819 6
6.281729 7.947635 12.023967 6
12.565378 1.862129 10.028129 6
26.505657 1.876490 12.040586 6
3.766918 4.343531 4.550532 6
36.071777 4.286976 2.785330 6
23.721290 10.574434 4.570097 6
15.920579 10.635606 2.655527 6
35.719948 8.052388 10.059094 6
3.331778 8.115931 12.017071 6
15.682524 1.785504 10.188683 6
23.454120 1.937711 11.878346 6
2.589759 2.120191 3.351089 6
37.196001 2.254849 3.919344 6
22.553125 8.409170 3.413139 6
17.072210 8.369896 4.004146 6
36.819244 10.311805 11.362216 6
2.182579 10.216347 10.753646 6
16.718706 4.113551 11.376358 6
22.314081 3.914065 10.656304 6
5.101512 0.223472 7.514581 1
33.881303 0.187216 14.542675 1
25.209701 6.427870 7.367408 1
13.759708 6.428108 14.639670 1
34.300888 12.171199 7.198190 1
5.488307 12.301155 0.017153 1
14.181430 5.981275 7.166240 1
25.517094 6.046411 0.073785 1
5.166280 12.302780 6.034818 1
34.558719 12.308430 1.457690 1
25.294273 5.949267 5.955058 1
14.409243 6.049825 1.316662 1
34.250390 0.232802 8.728959 1
4.761164 0.220193 13.196256 1
14.199446 6.458523 8.808071 1
24.931863 6.533847 13.349413 1
5.724186 1.208376 9.061817 1
33.244224 1.237519 12.937990 1
25.814355 7.312736 9.111163 1
13.303857 7.420189 12.815974 1
33.616053 11.294654 5.520787 1
6.066394 11.237075 1.891230 1
13.663753 5.000112 5.641556 1
26.106486 5.120502 1.742430 1
6.201359 2.526110 11.192248 1
32.860239 2.375864 10.882543 1
26.238515 8.600244 11.091247 1
12.800753 8.612251 10.843616 1
33.350931 9.973766 3.538817 1
6.578450 9.983410 3.902105 1
13.278513 3.853940 3.552494 1
26.611707 3.813062 3.826281 1
7.311021 4.405821 11.212549 1
31.763620 4.269223 10.759847 1
27.376366 10.629281 11.203479 1
11.707327 10.615998 10.792183 1
32.036546 8.201295 3.431537 1
7.603459 8.021390 3.781761 1
12.138081 1.948018 3.519116 1
27.653746 1.839021 3.855050 1
8.277300 5.261844 9.059622 1
30.875022 5.088538 12.958527 1
28.310735 11.356275 9.113100 1
10.801071 11.389843 13.033504 1
31.103812 7.305756 5.665025 1
8.565382 7.287924 1.688320 1
11.170703 1.086407 5.667351 1
28.598445 1.029715 1.673000 1
7.833103 3.857310 7.046570 1
31.877848 3.890984 0.255666 1
28.001155 10.214422 7.077693 1
11.777212 10.160429 0.281132 1
31.466271 8.533599 7.618389 1
7.466913 8.503288 14.407827 1
11.337267 2.265874 7.495894 1
27.602174 2.307846 14.573704 1
8.593927 0.887835 8.310805 1
30.404293 0.746975 13.818967 1
28.788382 7.136777 8.330137 1
10.231174 7.121932 13.842348 1
30.788900 11.531263 6.447035 1
9.156843 11.670219 0.929911 1
10.598024 5.351009 6.376332 1
29.029957 5.349345 1.010630 1
10.341689 11.615658 8.478490 1
28.761518 11.473977 13.556374 1
30.255791 5.275662 8.320662 1
8.674863 5.253013 13.630275 1
29.041253 0.928025 6.284107 1
10.649144 0.931444 1.029015 1
8.945925 7.086472 6.404907 1
30.647663 7.051781 0.971892 1
10.742646 10.180311 6.448874 1
28.928430 10.299256 0.954452 1
30.919584 4.010163 6.501291 1
8.845731 4.068809 0.822571 1
28.543817 2.212294 8.332839 1
10.497863 2.269904 13.836342 1
8.430004 8.371767 8.321269 1
30.513698 8.453504 13.890609 1
9.383935 10.603596 4.405398 1
30.423776 10.613686 2.826026 1
29.322475 4.404075 4.458394 1
10.381974 4.442419 2.829277 1
30.014595 1.926216 10.306110 1
9.014998 1.868191 11.850260 1
10.054517 8.149906 10.119020 1
29.048346 8.000740 11.783427 1
7.606744 12.006843 4.588536 1
32.232303 12.060624 2.673933 1
27.755589 5.874767 4.550922 1
12.187150 5.871060 2.849737 1
31.872367 0.356031 10.185317 1
7.176169 0.448898 11.844909 1
11.667980 6.713129 10.155744 1
27.326799 6.595223 11.895786 1
2.305132 0.708523 8.669327 1
36.535109 0.671876 13.267129 1
22.556973 6.772899 8.726891 1
16.558603 6.749364 13.320912 1
36.985420 11.829398 6.053688 1
2.783309 11.881025 1.271786 1
17.004345 5.540581 5.959280 1
22.884344 5.522341 1.410775 1
2.116828 1.777169 10.734244 1
36.804864 1.754472 11.223662 1
22.279185 7.844863 10.689114 1
16.758307 7.920103 11.398256 1
37.287773 10.820065 3.995308 1
2.409944 10.691203 3.334037 1
17.216208 4.554967 3.988981 1
22.576370 4.606092 3.447073 1
2.770826 3.783408 11.043155 1
36.368338 3.832390 11.031500 1
22.703055 9.966899 11.166885 1
16.159904 9.964982 10.895442 1
36.639595 8.570179 3.602151 1
3.083168 8.566694 3.711714 1
16.611140 2.389846 3.546606 1
23.228808 2.341586 3.678891 1
3.429435 5.208475 9.118766 1
35.454890 5.272892 12.877738 1
23.476820 11.417300 9.158938 1
15.566130 11.471273 12.771239 1
35.856920 7.153989 5.424530 1
3.855194 7.124024 1.862933 1
15.901740 0.880054 5.583360 1
23.895316 0.924061 1.849731 1
3.852897 4.165890 7.314902 1
35.069509 4.045176 14.625310 1
24.009478 10.194227 7.420647 1
15.136167 10.211642 14.657129 1
35.477930 8.374351 7.295787 1
3.533988 8.342935 14.615331 1
15.470896 2.202041 7.412200 1
24.373282 2.061765 0.004244 1
0.884511 1.436534 5.700938 1
38.861465 1.461091 1.760196 1
20.910945 7.728299 5.559590 1
18.886553 7.693463 1.660626 1
38.461925 10.989158 9.127641 1
0.402362 11.035852 13.049307 1
18.592270 4.739830 9.043069 1
20.472426 4.694768 12.900311 1
39.505702 12.054963 5.322557 1
0.267656 12.037598 2.004870 1
19.297206 5.784446 5.341282 1
20.440907 5.872502 1.984198 1
-0.152007 0.457535 9.310834 1
39.009085 0.345837 12.752308 1
20.058068 6.607150 9.316252 1
18.984606 6.708767 12.806465 1
39.771172 10.074919 5.861737 1
40.039465 10.116165 1.494761 1
19.699164 3.813560 5.788188 1
20.032755 3.768543 1.482330 1
-0.370930 2.396875 8.794893 1
39.297509 2.323660 13.215250 1
19.684630 8.581077 8.919144 1
19.415721 8.545120 13.130071 1
1.877188 9.493585 6.321773 1
37.823568 9.442449 1.040522 1
22.019175 3.377854 6.467448 1
17.695681 3.214735 0.877509 1
37.459548 2.979266 8.310626 1
1.475360 2.902340 13.763435 1
17.381286 9.122152 8.285589 1
21.655536 9.208825 13.791660 1
3.536040 11.036202 6.517062 1
36.220873 10.960421 0.831318 1
23.532525 4.788098 6.643704 1
16.165464 4.838444 0.730618 1
35.907082 1.442210 8.170170 1
3.197589 1.424917 13.990336 1
15.771603 7.749175 8.093325 1
23.191762 7.681308 13.875887 1
5.320975 0.357090 3.307344 1
34.292112 0.380554 4.109879 1
25.352747 6.610517 3.267492 1
14.259522 6.717093 4.115598 1
34.034999 11.888894 11.327520 1
5.075626 11.976658 10.661084 1
14.002314 5.751177 11.417336 1
25.017521 5.849158 10.603138 1
7.026263 1.951083 0.801919 1
32.669388 1.973396 6.540167 1
27.115988 8.190314 0.900797 1
12.603025 8.141755 6.469614 1
32.354001 10.367297 13.834731 1
6.660847 10.475659 8.147427 1
12.377712 4.182010 13.856391 1
26.812902 4.264483 8.189875 1
6.499933 2.980163 13.455473 1
32.440069 2.807256 8.630262 1
26.566602 9.136257 13.427830 1
12.492206 9.144990 8.689541 1
32.848798 9.549928 1.206412 1
6.953062 9.595487 6.116715 1
12.719966 3.357783 1.268042 1
26.954558 3.418804 6.119668 1
4.870664 4.618956 12.814973 1
34.178062 4.650250 9.251329 1
24.821313 10.783473 12.882819 1
14.030733 10.845959 9.217555 1
34.555524 7.827928 1.883847 1
5.297084 7.792948 5.536588 1
14.479512 1.507606 1.720186 1
25.266219 1.601836 5.590344 1
3.227379 5.523104 14.308336 1
35.825866 5.456311 7.830337 1
23.285129 11.849123 14.279669 1
15.793101 11.687777 7.746977 1
36.247610 6.892365 0.484085 1
3.659835 6.910200 6.947525 1
16.159559 0.724452 0.375383 1
23.558535 0.625186 6.899742 1
3.843532 4.611214 1.691918 1
36.062021 4.655266 5.652036 1
23.909191 10.921555 1.753278 1
15.929645 10.816538 5.644785 1
35.586599 7.723532 12.918382 1
3.483681 7.830727 9.060989 1
15.560051 1.530017 12.917028 1
23.487785 1.632893 9.070532 1
