9.704241 7.740889 3.642354 16
11.227003 8.362091 1.243906 16
11.108452 7.619869 2.756617 6
4.206178 6.719819 3.247664 7
4.008174 6.645944 4.777824 6
4.503022 5.841040 4.996875 1
10.266782 6.485643 4.949873 6
10.124904 6.770363 5.862031 1
10.084446 5.671580 4.806048 1
4.667200 7.735201 5.414344 6
4.127872 8.634696 5.305243 1
4.733820 7.509404 6.973582 6
4.940985 8.266708 7.470411 1
5.296654 6.654798 7.120111 1
3.868974 7.170703 7.373230 1
6.044687 8.267345 4.972585 6
6.481609 8.997042 5.548864 1
6.060041 8.490667 4.050569 1
6.766881 7.469256 5.103626 1
6.177813 5.590322 3.276558 8
5.264839 6.024734 2.686172 6
5.267241 5.737009 1.138493 6
4.401513 6.189389 0.808055 1
6.472944 6.364077 0.436936 6
6.407996 7.447254 0.786024 1
8.314637 8.561441 9.688890 7
7.805772 5.935875 0.711745 6
8.414857 6.509828 1.038225 1
7.763110 5.164858 1.435288 1
10.214871 7.469428 10.220609 6
11.080842 7.700865 10.045856 1
10.292980 6.399621 10.177108 1
9.325471 7.715893 7.824441 8
9.315495 7.937018 9.187574 6
7.437597 9.343488 8.954155 6
6.417595 9.501909 9.329425 1
7.220089 8.963297 8.079457 1
7.820993 10.753169 8.439083 6
4.664841 1.810866 7.853950 1
3.399134 2.919355 8.847305 6
2.572259 2.829144 9.350178 1
3.852947 4.189782 8.328985 6
3.040982 4.669401 7.995916 1
4.497318 4.031149 7.697467 1
4.206701 4.706758 9.234970 1
6.994561 5.921487 10.268147 6
6.530978 6.422935 9.531676 1
7.764242 4.895222 9.966328 6
8.288081 4.492660 10.693377 1
7.640490 4.129002 8.670069 6
7.526275 4.824615 7.482834 6
7.724898 5.839294 7.403828 1
5.030630 4.214881 1.059750 6
5.794220 3.861044 1.450529 1
7.531985 4.169970 6.238553 6
7.531043 4.550251 5.379426 1
7.387968 2.768821 6.330719 6
7.256326 2.266788 5.484549 1
7.478191 2.016119 7.437745 6
11.087449 10.088701 7.487579 1
7.534471 2.850051 8.561683 6
7.526089 2.219674 9.391941 1
3.658595 3.922346 1.664944 8
3.420406 2.565179 2.409818 14
3.616187 1.101306 1.509182 6
4.464877 0.879492 1.302194 1
3.117968 1.118597 0.628626 1
6.858110 9.238448 1.923870 1
1.576077 2.939328 2.871426 6
8.868225 2.740940 1.972351 1
9.260175 3.657946 3.255964 1
1.252435 2.094586 3.333101 1
4.381320 2.462662 3.921478 6
5.263876 2.284334 3.739707 1
4.013182 1.777495 4.539446 1
4.314911 3.455731 4.339779 1
