7.683731 6.556758 18.558814 35
4.429886 3.234398 9.283102 35
0.373032 1.667499 9.365557 35
3.655893 8.026413 0.096820 35
8.015167 8.439379 15.761802 8
4.176690 1.250800 6.465008 8
0.010248 3.661792 12.140669 8
3.946074 6.200116 2.769164 8
0.955019 7.088694 14.341904 8
3.037781 2.523806 4.955335 8
7.042453 2.222263 13.653003 8
4.953564 7.558447 4.370944 8
0.316493 5.512408 17.190255 6
3.659838 4.198471 7.920445 6
7.809281 0.641921 10.817818 6
4.259910 9.085820 1.448113 6
0.480669 6.052695 16.158040 6
3.595423 3.559800 6.714483 6
7.553547 1.154453 11.868637 6
4.629742 8.450270 2.610663 6
0.310219 7.519102 15.541278 6
3.591452 2.229951 6.103227 6
7.687959 2.537876 12.407233 6
4.386821 7.233807 3.198674 6
1.219314 5.742221 14.888541 6
2.779735 4.029287 5.453807 6
6.920634 0.769851 13.266269 6
5.169660 8.830458 3.893634 6
0.662243 5.110276 14.261111 1
3.375680 4.559192 5.002912 1
7.419912 0.350315 13.725876 1
4.724210 9.475496 4.298399 1
2.658707 5.408505 14.680340 6
1.375880 4.415455 5.482195 6
5.515334 0.442379 13.237410 6
6.650328 9.267104 3.896961 6
2.580437 4.272361 14.830964 1
1.321177 5.328720 5.649113 1
5.514441 9.330832 13.003439 1
6.743938 0.427643 3.690711 1
3.083573 5.498383 13.286743 6
0.943094 4.194681 4.032445 6
5.021127 0.564747 14.754909 6
7.290166 9.041203 5.330077 6
3.024121 6.375661 13.124484 1
1.005366 3.395092 3.818710 1
4.944707 1.648463 14.966428 1
7.206295 8.131198 5.674658 1
2.697560 5.090337 12.816681 1
1.308211 4.839101 3.363541 1
5.391772 0.207472 15.245156 1
6.721535 9.560262 5.866382 1
4.576982 5.162474 13.333860 6
7.521357 4.647963 3.911895 6
3.442001 0.310290 14.738536 6
0.516717 9.589648 5.508535 6
4.827186 4.180889 13.476118 1
7.478061 5.567553 3.986794 1
3.408118 9.117617 14.576786 1
0.718831 0.701870 5.349424 1
5.009064 5.254060 12.438403 1
7.249625 4.442702 3.104553 1
3.043048 0.419897 15.652787 1
0.946886 9.345200 6.249723 1
5.390084 5.773946 14.216612 6
6.685931 3.921635 4.847216 6
2.620917 0.998598 13.741809 6
1.365544 8.864833 4.461875 6
5.479472 6.695458 14.084028 1
6.758857 3.073727 4.772014 1
2.669114 1.832133 14.053032 1
1.495763 7.911646 4.638102 1
6.481253 5.602556 14.246027 1
5.703850 4.176727 4.784166 1
1.616093 0.731682 13.758384 1
2.337070 9.217670 4.552886 1
4.885242 5.490271 15.647229 6
7.252910 4.186561 6.378490 6
3.121455 0.698927 12.348300 6
0.967886 9.097503 2.962402 6
5.433961 6.135208 16.278881 1
6.710558 3.625482 6.852759 1
2.666451 1.136877 11.704553 1
1.461337 8.618369 2.427488 1
5.070830 4.657395 15.847283 1
7.057919 5.058049 6.589683 1
3.109984 9.579735 12.095168 1
1.047805 0.244690 2.769721 1
3.568995 6.046653 15.853572 6
0.555047 3.828066 6.456091 6
4.622107 1.179085 12.197445 6
7.525560 8.726814 2.939163 6
3.100753 5.698501 16.666275 1
0.774877 3.960355 7.309067 1
4.954401 0.759672 11.381967 1
7.282242 8.844581 1.977858 1
3.517557 6.912441 15.627976 1
0.661893 2.905707 6.373898 1
4.673166 1.999683 12.364828 1
7.371345 7.611172 2.943217 1
0.588449 4.240983 17.573921 6
3.555367 5.542699 8.283043 6
7.653046 9.130534 10.425313 6
4.530019 0.724480 1.158857 6
0.328495 3.133561 16.552927 6
3.738650 6.489690 7.280154 6
7.878982 8.067342 11.319168 6
4.302692 1.661308 2.129524 6
8.026938 3.510053 15.825938 1
4.148123 6.323377 6.533053 1
8.073440 8.392280 12.286561 1
4.111619 1.444748 2.964034 1
0.525154 1.839582 16.911928 6
3.600596 7.944163 7.526195 6
7.710785 6.824516 11.118823 6
4.503488 2.981212 1.871092 6
0.331659 1.239034 16.296236 1
3.767499 8.447560 6.965641 1
7.823970 6.113104 11.851991 1
4.385070 3.565416 2.395204 1
0.847508 1.387197 18.198345 6
3.135969 8.346069 8.796552 6
7.127021 6.435504 9.797715 6
4.881564 3.345087 0.496342 6
0.934517 0.620768 18.271295 1
2.962352 9.124116 9.008488 1
7.033299 5.554956 9.741245 1
5.123755 4.323153 0.355958 1
1.151115 2.419404 0.494087 6
2.972016 7.384159 9.777208 6
6.870856 7.277816 8.915203 6
5.238719 2.379146 18.193306 6
1.513465 2.142816 1.309094 1
2.443483 7.662260 10.579028 1
6.562129 7.068303 8.205397 1
5.520355 2.642201 17.415330 1
1.005303 3.774846 0.067191 6
3.063371 6.068866 9.407519 6
7.160501 8.596170 9.184443 6
4.911815 1.119331 18.428565 6
1.157258 4.381256 0.917600 1
2.979504 5.319705 10.249771 1
7.128546 9.236394 8.546611 1
5.084620 0.492313 17.816769 1
