-1.181847 0.783077 8.144142 8
6.064855 11.143980 3.245246 8
-1.181765 1.705597 5.975055 8
6.056429 12.051870 5.272285 8
1.295183 1.235947 4.101360 8
3.544858 11.425250 7.141314 8
0.835492 19.620296 1.205661 8
4.048813 9.292255 10.199483 8
-1.657840 18.756026 10.557221 8
6.622120 8.263163 0.864894 8
0.930576 16.760167 9.302629 8
4.023852 6.358367 1.996677 8
5.720662 17.227309 4.004094 7
-0.923717 6.961034 7.139682 7
0.558004 13.334046 0.546581 7
4.356330 3.128353 10.661213 7
3.087486 4.013180 4.878421 6
1.691810 14.487124 6.382534 6
4.210033 3.061796 4.669543 6
0.529262 13.530560 6.605507 6
4.434912 2.472533 3.223177 6
0.590602 12.909132 7.986798 6
5.516702 1.569972 3.137629 6
-0.572295 11.844272 8.161371 6
5.451721 0.473081 4.288716 6
-0.584308 10.823991 7.175547 6
5.279060 1.002906 5.689153 6
-0.448077 11.255929 5.609948 6
4.109090 1.938911 5.696217 6
0.751892 12.248642 5.502135 6
-0.654375 1.367475 7.299960 6
5.610027 11.775764 3.949392 6
0.549248 2.124340 7.564788 6
4.274673 12.439574 3.770738 6
6.922039 2.196157 3.104164 6
-2.032644 12.531922 8.160826 6
0.168445 1.120251 3.733118 6
4.786128 11.476570 7.424155 6
-0.682739 20.438670 4.047022 6
5.612106 10.088291 7.270794 6
-0.199582 19.546381 5.174584 6
5.126906 9.262256 6.196131 6
0.324851 18.305278 4.414786 6
4.478622 7.888900 6.760107 6
-0.590606 17.462089 3.578710 6
5.350224 7.305169 7.814961 6
4.676998 17.600066 3.178629 6
0.164445 7.265792 8.040036 6
4.447143 19.157257 2.748288 6
0.420123 8.748716 8.514602 6
4.472246 19.996254 4.099111 6
0.579625 9.587076 7.262104 6
5.660774 15.956034 4.595323 6
-0.711199 5.620774 6.565361 6
2.651765 19.736831 7.840062 6
2.204019 9.272883 3.341017 6
3.797012 18.916420 8.455143 6
1.132844 8.616833 2.882571 6
3.584387 18.541293 10.020742 6
1.325576 8.191182 1.355004 6
4.789408 17.877777 10.528160 6
0.057477 7.410572 0.676232 6
5.163175 16.598594 9.967807 6
-0.178727 6.109801 1.459329 6
5.215709 16.656399 8.382653 6
-0.213163 6.281148 2.863527 6
4.070246 17.668828 7.694850 6
0.912776 7.160524 3.532627 6
1.412586 19.548654 0.111160 6
3.449042 9.298949 11.145238 6
-0.194637 20.391500 11.108309 6
5.110705 10.060414 0.056532 6
-1.166862 17.147364 8.081178 6
5.889571 6.792375 3.134663 6
-0.290969 16.604012 9.313997 6
5.266691 6.234210 2.050174 6
-1.256054 15.943315 10.397476 6
6.062810 5.570602 1.086133 6
2.156836 16.030221 0.522990 6
2.726802 5.814298 10.824793 6
2.554571 14.719428 1.220519 6
2.426232 4.366835 10.043969 6
1.282905 14.122479 1.588771 6
3.683114 3.653050 9.550378 6
6.855574 13.767673 0.775453 6
-1.816638 3.388389 10.675987 6
6.459007 15.230571 0.300261 6
-1.535800 4.709547 10.948584 6
3.930621 15.542991 10.129897 6
0.876820 5.223287 1.163166 6
0.811160 11.898971 0.562929 6
4.072254 1.598573 10.698599 6
3.186678 4.949825 4.385960 1
1.790018 15.304069 6.992658 1
3.064809 4.657294 5.704652 1
1.847003 14.904221 5.577057 1
2.396109 3.866172 4.710485 1
2.559097 14.151070 6.621724 1
4.977926 3.658352 5.112070 1
-0.076904 13.949217 6.173085 1
4.563882 3.129180 2.635275 1
0.490417 13.605209 8.663894 1
3.555599 2.253031 3.015675 1
1.489004 12.508950 8.234970 1
5.540362 1.004261 2.338055 1
-0.518527 11.367366 8.849080 1
5.034177 0.296561 6.303762 1
-0.300027 10.561497 5.108951 1
4.292562 2.320213 6.648856 1
0.733203 12.699928 4.711804 1
3.235784 1.545612 5.678351 1
1.540348 11.950205 5.594680 1
0.577414 3.083648 7.374618 1
4.346895 13.514410 4.021650 1
1.064186 1.884059 8.329921 1
3.971742 12.264163 2.901170 1
1.314368 1.744412 6.874189 1
3.559429 12.190102 4.463475 1
7.068068 2.393758 2.258249 1
-2.232821 12.623187 9.017257 1
-0.608258 2.904236 3.776304 1
5.663319 13.220687 7.468060 1
-0.763118 20.139274 3.320398 1
5.679089 9.616442 8.043832 1
-1.072064 19.327772 5.747295 1
5.986880 9.036636 5.529928 1
0.412947 19.990615 5.736011 1
4.492124 9.572498 5.490131 1
0.849936 17.872427 5.396915 1
4.179280 7.423662 6.067569 1
1.133707 18.442951 3.990207 1
3.760876 8.140793 7.165455 1
7.021750 18.010174 2.707049 1
-2.119192 7.664897 8.557416 1
0.016446 16.550340 3.063857 1
5.001626 6.391323 8.324792 1
4.798438 17.158116 2.264616 1
-0.039857 6.780775 8.984891 1
3.922268 17.409674 3.471478 1
1.062631 7.103257 7.728725 1
5.086652 19.322057 2.215314 1
-0.182700 8.920468 9.207476 1
3.790155 18.994371 2.209198 1
1.152532 8.642564 9.076139 1
4.557731 19.673066 4.724782 1
0.328374 9.306528 6.468995 1
3.430784 0.053353 4.163872 1
1.487166 10.269299 7.127048 1
6.126525 15.947587 4.616485 1
-1.219905 5.672253 6.542349 1
5.865246 15.322310 3.756921 1
-0.961255 4.984349 7.451010 1
4.996837 15.930246 4.982176 1
0.036965 5.530396 6.245156 1
0.539797 11.888196 0.183693 1
4.444441 1.547929 11.047226 1
0.650721 11.665523 1.316703 1
4.221136 1.235277 10.097135 1
1.536332 11.895405 0.399048 1
3.337754 1.542463 10.897149 1
0.600465 14.608344 2.317522 1
4.244567 4.133278 9.068482 1
1.803704 13.242496 2.362346 1
3.152253 2.950592 8.993389 1
2.802455 14.435656 0.787820 1
2.123513 4.112564 10.596653 1
2.977583 14.898848 1.915575 1
1.843374 4.648527 9.459020 1
1.724333 16.529456 0.881984 1
3.207893 6.188973 10.290432 1
3.111303 16.568187 0.407135 1
1.807399 6.267878 11.012866 1
-1.326807 14.986728 10.005205 1
6.096227 4.554957 1.263171 1
3.127482 15.815725 9.913250 1
1.754451 5.568636 1.529093 1
4.164194 14.686708 9.662314 1
0.716747 4.303508 1.643197 1
6.935031 16.125402 1.041003 1
-2.025649 5.680445 10.374811 1
5.629226 15.235607 0.810643 1
-0.599300 4.980088 10.327326 1
6.512148 13.567821 1.635445 1
-1.562243 3.253600 9.743194 1
6.215689 13.167471 0.180215 1
-1.455338 2.772073 11.064471 1
5.051349 15.849821 7.960321 1
-0.275836 5.565360 3.502208 1
-0.882912 18.113369 7.836849 1
5.801390 7.789800 3.488536 1
-0.586725 16.806912 7.149318 1
5.413983 6.588064 4.129924 1
7.553734 17.534204 0.135390 1
-2.682316 7.206078 11.172286 1
2.815193 18.078932 9.993607 1
2.243207 7.733816 1.200722 1
3.572490 19.455863 10.527201 1
1.445872 9.135355 0.700777 1
4.598378 19.458826 8.191008 1
0.233942 9.006228 3.000531 1
2.604620 20.051153 8.317874 1
2.310144 9.681254 2.891313 1
1.831770 19.489071 8.186904 1
2.990067 9.047201 3.176517 1
2.713761 19.782038 7.098988 1
2.186213 9.392989 4.244353 1
3.117802 17.153253 7.827064 1
1.580114 6.722334 3.459275 1
4.184166 17.753430 6.652956 1
0.701421 7.386934 4.518801 1
2.991742 0.206158 0.633577 1
1.988960 10.512300 10.737452 1
-0.240292 0.260475 10.408805 1
5.220446 10.477711 0.942149 1
0.213054 19.856922 10.825162 1
4.590034 9.673108 0.389651 1
