7.579396 1.806240 1.811937 8
-4.615627 8.073383 15.667184 8
9.111017 1.408061 3.329432 8
-6.221272 8.680930 14.019662 8
3.035369 8.932652 9.580630 8
0.084182 1.001426 7.896602 8
1.867629 7.374345 8.286477 8
0.990860 2.614056 9.176176 8
-1.962006 3.806798 10.118331 8
4.933399 6.132582 7.350054 8
-3.271951 3.090258 11.614818 8
6.283404 6.834156 5.946340 8
-0.985899 11.088586 8.780002 8
-0.132743 -0.779780 10.461639 8
3.255669 10.572102 7.104556 8
2.683871 0.368211 11.702120 8
0.181032 9.549937 5.736665 8
8.245631 -1.023199 11.531021 8
-5.358266 10.972027 6.081838 8
-0.052258 3.715827 12.119411 8
3.126409 6.262727 5.379681 8
5.952910 5.341567 3.650874 8
-3.034924 4.525541 13.863436 8
8.012992 4.324090 2.390304 8
-5.061149 5.527639 15.242380 8
0.368375 1.263325 0.192665 6
2.673568 8.704553 17.278356 6
0.592234 2.685704 0.695844 6
2.394637 7.247237 16.857890 6
1.673098 3.246166 0.219819 6
1.336691 6.560230 17.374457 6
2.006509 4.756726 0.583470 6
1.001872 5.259203 17.034421 6
1.132166 5.485133 1.265401 6
1.765085 4.577595 16.301988 6
-0.031789 4.819949 1.779400 6
2.848765 5.220213 15.703161 6
-0.224394 3.486681 1.378563 6
3.272875 6.452198 16.118293 6
1.580306 6.892127 1.511202 6
1.552798 3.067323 15.823477 6
1.825668 7.997667 1.912695 6
1.197830 1.931670 15.618278 6
2.163624 9.221148 2.140629 6
0.759513 0.641361 15.360317 6
1.552896 10.365875 1.382962 6
1.428721 -0.437233 16.136413 6
2.059724 11.552177 1.482363 6
0.945834 -1.783633 15.920951 6
2.979835 11.970737 2.511090 6
-4.855745 10.240722 15.144911 6
3.499555 10.918753 3.139539 6
-0.459754 -0.970433 14.338445 6
3.100177 9.731102 3.118603 6
-0.100498 0.321215 14.433309 6
8.238106 0.934350 2.727306 6
-5.289017 8.945365 14.861777 6
7.347933 -1.488580 16.721032 6
-4.263653 11.304116 0.663673 6
6.599624 -0.296833 15.869266 6
-3.628770 10.174140 1.556695 6
6.837117 1.254047 14.197950 6
-3.836173 8.683621 3.278606 6
7.472233 0.233212 15.060046 6
7.149742 9.597154 2.550498 6
5.554993 1.721642 14.336595 6
-2.603516 8.195486 3.185836 6
4.833904 1.113750 15.272232 6
-1.798744 8.844643 2.313808 6
5.304644 0.165252 16.089809 6
-2.403048 9.786628 1.469483 6
5.145933 2.686816 13.488074 6
-2.115993 7.262381 3.956862 6
4.714047 3.709070 12.848766 6
-1.667258 6.328505 4.671711 6
4.143171 4.710837 11.871743 6
-1.179249 5.282431 5.505974 6
4.255131 5.984841 12.276639 6
-1.322781 3.831337 5.182490 6
3.708646 6.984884 11.539959 6
-0.827300 2.929697 6.084019 6
3.117600 6.777936 10.366401 6
-0.200992 3.299715 7.208637 6
3.006614 5.320366 9.858720 6
-0.023478 4.694881 7.695858 6
3.621375 4.313115 10.717694 6
-0.448496 5.667140 6.773115 6
2.688277 7.761781 9.294800 6
0.418657 2.192074 8.256989 6
0.803084 0.279044 0.978412 6
2.150663 9.676709 16.483036 6
1.746601 0.651614 2.286212 6
1.334827 9.382096 15.284981 6
3.129850 0.933714 2.000999 6
-0.115757 9.102952 15.484668 6
3.994015 1.273157 3.120197 6
-0.992130 8.607540 14.434461 6
3.326989 1.307114 4.215683 6
-0.340946 8.480964 13.186389 6
2.097235 1.118802 4.569167 6
0.999818 8.775162 13.039671 6
1.372632 0.801193 3.401613 6
1.786751 9.121001 13.984178 6
4.314580 1.849142 5.504017 6
-1.286225 8.094692 12.057704 6
5.100261 2.042170 6.259453 6
-2.084816 7.911805 11.181746 6
5.959330 2.457459 7.372995 6
-2.900595 7.372436 10.126889 6
7.176404 3.133960 7.041484 6
-4.156569 6.815139 10.461442 6
7.983170 3.490067 8.051250 6
-5.020107 6.570841 9.329541 6
7.658913 3.119522 9.406704 6
-4.691233 6.776569 8.150764 6
6.492309 2.545891 9.669853 6
-3.386227 7.426406 7.844191 6
5.540067 2.114913 8.622492 6
-2.625356 7.648189 8.754883 6
-3.043440 3.261702 10.477850 6
6.032648 6.553876 7.021285 6
8.111385 5.245361 1.094836 6
-5.180505 4.848625 16.540352 6
5.009866 5.869665 2.686934 6
-1.945542 4.033725 14.812899 6
2.875736 -0.675606 8.163027 6
0.272446 10.614977 9.389679 6
-4.945166 10.280423 10.443766 6
8.042129 -0.369091 6.960307 6
-2.440621 0.095597 11.724413 6
5.543691 9.933168 5.882870 6
1.388521 1.271049 11.345112 6
1.636535 8.728408 6.275121 6
0.393220 5.101689 12.595734 6
2.484897 4.838939 4.891880 6
-1.447621 0.391835 17.085491 1
4.440084 9.477885 0.538452 1
2.862832 5.126160 0.127403 1
0.251515 4.817554 17.352641 1
-0.494457 5.432050 2.313092 1
3.432632 4.627371 15.141099 1
-1.017455 3.028292 1.764689 1
4.032648 6.910864 15.628892 1
1.052152 10.257795 0.555593 1
1.980554 -0.270278 16.969849 1
6.397025 -0.130854 0.974350 1
-3.483033 9.951035 16.427831 1
4.312859 11.146080 4.017150 1
-1.394290 -1.371666 13.521836 1
3.379188 8.870502 3.819545 1
-0.548776 1.053390 13.792556 1
7.793215 2.703039 2.226610 1
-4.827000 7.086491 15.291894 1
-3.493960 -0.018724 15.072075 1
6.506341 9.877806 2.492045 1
-4.152110 1.682147 13.606111 1
7.165009 8.334461 4.023418 1
3.963142 1.294093 15.303812 1
-0.890440 8.726728 2.183053 1
4.920951 -0.486666 16.703255 1
-1.928867 10.457168 0.872145 1
4.677736 6.342788 13.026585 1
-1.680532 3.590059 4.485999 1
4.037959 8.130799 11.910082 1
-0.861349 1.955108 5.739729 1
2.768201 5.187806 9.149743 1
0.333527 4.797440 8.329048 1
3.432887 3.414611 10.422915 1
-0.506884 6.589792 7.149412 1
3.625741 0.646102 0.991392 1
-0.622637 9.248146 16.614642 1
1.560559 1.053878 5.587193 1
1.254225 8.984078 11.876694 1
0.269329 0.585134 3.692626 1
2.563094 9.437924 13.919231 1
7.401779 3.547807 5.972440 1
-4.251430 6.371264 11.462708 1
4.914974 1.356180 2.855328 1
-1.909522 8.638658 14.621732 1
6.353095 2.340224 10.474250 1
-3.177434 7.619754 6.999731 1
4.679986 1.568641 8.915304 1
-1.651611 8.232616 8.690265 1
-2.713514 3.702997 7.866455 1
5.718925 6.079083 9.796090 1
