6.255704 2.440668 14.663971 9
5.609154 9.148026 5.221837 9
1.733549 8.025845 13.977326 9
2.352239 3.406731 4.457437 9
7.331218 3.953773 16.001808 9
4.388585 7.534645 6.429583 9
0.554466 9.571796 12.868048 9
3.461426 1.722982 3.141144 9
6.757791 1.882382 16.797375 9
4.969417 9.547311 7.304166 9
0.908586 7.695183 11.887274 9
2.989687 3.864531 2.211616 9
0.618979 1.895681 15.178659 7
3.215027 9.390612 5.581029 7
7.087138 7.679380 13.517117 7
4.566268 3.760177 3.920487 7
1.931236 2.127196 15.664051 6
1.990126 9.427209 6.205343 6
5.964627 7.825327 12.993746 6
5.763446 3.638059 3.402554 6
3.012426 1.455650 15.256265 6
0.867889 10.104031 5.731858 6
4.697878 7.059928 13.497275 6
7.101631 4.393795 3.843763 6
2.947374 1.021772 14.326736 1
0.831919 10.423242 4.721887 1
4.886418 6.746299 14.392198 1
7.000094 4.737525 4.664374 1
3.782349 2.176891 15.229288 1
0.139279 9.257933 5.598447 1
3.977466 7.740572 13.432493 1
7.682289 3.599773 3.846426 1
3.556978 0.331165 16.354951 6
0.342787 11.110582 6.688555 6
4.253630 5.982093 12.428542 6
7.548067 5.413843 2.903644 6
4.462638 11.419136 16.008102 1
7.167764 0.020446 6.384389 1
3.378465 5.870935 12.668363 1
0.481522 5.562992 3.183266 1
3.656216 0.962389 17.768194 6
0.168192 10.438282 8.200196 6
4.250986 6.632518 11.052960 6
7.545875 4.714763 1.533818 6
3.719596 0.240726 18.270750 1
0.100835 11.219227 8.681676 1
4.107666 5.940505 10.309491 1
7.648126 5.516647 0.909876 1
4.415501 1.610899 17.737425 1
7.356035 9.964597 8.192943 1
3.432083 7.285137 11.026592 1
0.450018 4.231171 1.392096 1
2.401689 1.640521 18.033125 6
1.404308 9.714869 8.620306 6
5.424847 7.379993 10.702993 6
6.329096 4.075752 1.107607 6
1.707400 1.024689 18.205893 1
2.182399 10.456799 8.621319 1
6.169842 6.794607 10.554917 1
5.650923 4.586620 0.928434 1
2.479174 2.032241 19.011685 1
1.371956 9.297766 9.353234 1
5.298825 7.731646 9.798423 1
6.428937 3.722327 0.155121 1
2.075793 2.668467 17.098623 6
1.834247 8.634810 7.420745 6
5.896561 8.559695 11.665901 6
5.791193 2.920222 2.136296 6
1.186005 3.094453 17.379185 1
2.753135 8.270202 7.860583 1
6.656749 8.904805 11.308237 1
4.988982 2.553899 1.894934 1
3.038536 3.880060 16.903626 6
0.856715 7.545760 7.340708 6
4.932429 9.635641 11.816997 6
6.879779 1.708479 2.234412 6
3.840580 3.592094 16.828002 1
0.101917 7.904717 7.298112 1
3.943248 9.346323 11.804509 1
7.669121 2.155132 2.156750 1
2.915836 4.820737 18.150904 6
1.114256 6.593805 8.620097 6
4.938390 10.459593 10.523704 6
6.745583 0.926495 0.995655 6
3.650640 5.540639 18.286776 1
0.390887 5.835449 8.610255 1
4.310549 11.254108 10.403026 1
7.461541 0.129075 0.826591 1
2.069257 5.133325 18.279116 1
1.844327 6.145625 8.819023 1
5.869483 10.868989 10.430019 1
5.952063 0.457924 0.827016 1
3.018038 4.282134 19.085694 1
0.712621 7.227448 9.517912 1
4.706749 9.970125 9.761382 1
7.092944 1.451955 0.127180 1
2.599095 4.717489 15.837367 6
1.259078 6.537286 6.271765 6
5.062952 10.514076 13.006926 6
6.553555 0.861044 3.295659 6
1.751125 5.170988 15.728350 1
2.027994 6.315027 6.252597 1
6.005767 10.838570 12.939965 1
5.743608 0.679442 3.250897 1
3.258601 5.678360 15.808466 1
0.613172 5.800527 6.070218 1
4.566910 11.428570 13.011724 1
7.239657 11.407025 3.500722 1
2.941570 4.286689 14.781526 1
1.112609 7.078802 5.260660 1
5.055706 10.129890 13.930952 1
6.783602 1.309739 4.233439 1
2.675035 10.578609 16.341081 6
1.198959 0.929780 6.733129 6
5.226290 4.915699 12.506424 6
6.642479 6.630940 2.899019 6
1.699599 10.740089 16.665429 1
2.187753 0.611879 6.917825 1
6.032595 5.192653 12.229009 1
5.679148 6.341770 2.617068 1
2.589587 10.104282 15.350735 1
1.342334 1.371849 5.802057 1
5.205923 4.307365 13.251355 1
6.535716 7.103179 3.722652 1
3.037896 9.926486 16.836034 1
0.884863 1.661662 7.251302 1
4.781210 4.072414 11.903968 1
6.921165 7.383983 2.229610 1
0.550556 1.286277 13.815227 6
3.285508 10.304005 4.347293 6
7.224972 6.932806 14.930452 6
4.550037 4.564858 5.358431 6
7.410608 0.884425 13.730695 1
4.299335 10.483645 4.072935 1
0.258726 6.791046 15.026081 1
3.650455 4.664441 5.424491 1
0.966990 0.437418 14.055224 1
2.811253 11.100287 4.351596 1
6.821438 6.127437 14.817584 1
4.933238 5.348339 5.170921 1
1.125050 1.945059 12.592937 6
2.816036 9.426098 3.173538 6
6.741472 7.726674 16.019039 6
5.062126 3.738744 6.489676 6
0.824224 3.324649 12.455424 6
3.019680 8.021842 3.002084 6
6.986422 9.043421 16.248858 6
4.903393 2.426946 6.601001 6
0.471867 3.861837 13.242851 1
3.414061 7.610366 3.745801 1
7.376479 9.493683 15.386560 1
4.437622 1.935346 5.877653 1
1.419485 4.094092 11.351864 6
2.548395 7.391835 1.777444 6
6.543235 9.671380 17.394380 6
5.242490 1.652579 7.824321 6
1.141671 4.922271 11.375966 1
2.724893 6.402372 1.844767 1
6.694992 10.680587 17.349030 1
5.132926 0.666123 7.745085 1
1.868768 3.221849 10.422855 6
1.987754 8.202133 0.827379 6
5.918727 8.996051 18.460398 6
5.848311 2.413119 8.713077 6
2.062179 3.796879 9.591958 1
1.817123 7.600468 19.070347 1
5.751852 9.457107 19.097399 1
6.025695 1.932047 9.688651 1
1.970423 2.018617 10.449417 6
1.921279 9.465574 0.871921 6
5.685417 7.720898 18.325223 6
5.945766 3.781477 8.651721 6
2.459903 1.523454 9.879017 1
1.425345 10.015965 0.143483 1
5.217690 7.186062 18.904522 1
6.394431 4.358900 9.414342 1
1.657418 1.337346 11.688480 6
2.274611 10.163450 2.094720 6
6.228992 6.910925 17.168666 6
5.475915 4.455522 7.478594 6
1.741899 0.463756 11.741662 1
2.085803 11.031780 2.117658 1
5.959337 6.061758 17.145648 1
5.714861 5.391166 7.561771 1
7.172528 2.579732 15.621187 5
4.516095 8.764236 6.107397 5
0.719536 8.306297 13.033824 5
3.224670 3.055123 3.442964 5
