10.630644 12.157131 0.993081 6
4.023620 5.171041 4.296974 6
3.647340 1.522600 9.404997 6
10.380830 8.364034 6.061641 6
11.716672 12.551827 1.809130 7
2.836116 5.829648 3.462155 7
2.491508 1.091039 8.678934 7
11.427709 7.821722 6.971474 7
11.668838 12.908678 3.109137 6
2.988447 5.906807 1.957845 6
2.612956 0.915758 7.101257 6
11.285070 7.790363 8.350563 6
12.752128 12.102653 3.866566 6
1.861275 5.115575 1.151067 6
1.464326 1.650451 6.455148 6
12.426495 8.522898 9.064037 6
13.087142 10.864356 3.535302 6
1.496990 3.915014 1.518976 6
1.008561 2.962287 6.735856 6
12.813967 9.773708 8.665094 6
14.051138 10.089726 4.346501 6
0.563123 3.223369 0.786151 6
0.226029 3.702839 5.890922 6
13.703961 10.567714 9.566336 6
14.490687 10.607224 5.609086 6
-0.690370 3.821233 9.819723 6
-0.316029 3.019836 4.725010 6
14.917279 9.968354 0.518510 6
14.084079 11.985166 6.007000 6
-0.260143 5.047517 9.492797 6
0.078617 1.788698 4.415621 6
14.582265 8.583091 0.848532 6
13.248534 12.622126 5.158285 6
0.612258 5.783774 10.286068 6
0.956562 1.140152 5.177200 6
12.854956 7.974940 10.327354 6
12.613108 13.274280 1.043600 6
2.058910 6.399419 4.114484 6
1.602900 0.320457 9.349326 6
12.326916 7.172736 6.100133 6
13.577209 0.184672 1.436701 8
1.049328 7.120332 3.865483 8
0.620661 13.447367 9.006038 8
13.181623 6.683485 6.479357 8
11.456180 13.211335 9.938527 7
2.232935 6.298719 5.517781 7
2.826960 0.590296 0.405803 7
11.961097 7.417638 4.868015 7
12.227116 0.061102 8.908373 6
1.655135 6.931549 6.674902 6
1.947217 13.635854 1.435909 6
12.637504 6.711131 3.646094 6
11.733880 1.507807 8.337464 6
2.233475 8.194369 7.124471 6
2.500515 12.322557 1.854544 6
12.178247 5.388357 3.211431 6
12.445408 2.110690 7.304001 6
1.431470 8.898087 8.002688 6
1.831056 11.532563 2.899430 6
12.861247 4.691094 2.218100 6
11.992151 3.339267 6.969770 6
1.917863 10.122737 8.531186 6
2.380107 10.381497 3.356587 6
12.264960 3.521237 1.765040 6
10.674858 3.894642 7.480159 6
3.140633 10.797907 7.966451 6
3.572258 9.880366 2.904518 6
11.168507 2.920535 2.306511 6
10.040097 3.126555 8.461957 6
3.755349 10.080097 7.054168 6
4.146275 10.589411 1.835764 6
10.408247 3.637389 3.360698 6
10.518976 1.958158 8.900146 6
3.369733 8.789287 6.599253 6
3.667634 11.690698 1.413497 6
10.883620 4.971024 3.718384 6
10.295139 12.449058 9.899581 6
3.441299 5.628703 5.712953 6
3.840892 1.146316 0.436972 6
10.731693 8.160180 4.624212 6
9.767508 12.308576 8.795388 8
3.964807 5.425815 6.834169 8
4.422194 1.404619 1.617057 8
10.176994 8.319894 3.566812 8
10.325396 10.632908 0.994801 6
4.178946 3.740906 4.047399 6
3.810672 3.112823 9.223016 6
10.087835 9.863351 6.287876 6
8.824798 10.369184 0.981008 6
5.707279 3.643603 4.294524 6
5.290541 3.298118 9.310463 6
8.455671 10.219117 6.117023 6
7.724494 9.343695 10.129402 6
6.234343 2.477691 5.287967 6
6.610656 4.192795 0.138564 6
8.167544 11.202316 4.959636 6
8.313578 9.066913 9.218691 8
5.446588 2.270873 6.194405 8
5.932810 4.555756 1.070726 8
8.756400 11.503605 4.037843 8
7.150326 8.900316 0.000031 8
7.483008 2.157715 5.152011 8
7.049201 4.706585 10.177123 8
6.848612 11.538846 5.159266 8
5.781636 8.083962 9.310578 6
8.055235 1.234944 6.208252 6
8.299509 5.557182 1.036086 6
6.208497 12.479286 4.112021 6
4.436080 7.730982 9.881973 6
9.316730 0.781591 5.716331 6
9.814045 5.998603 0.582620 6
4.922734 12.914627 4.646101 6
8.322835 11.797849 0.650056 6
6.358282 5.005698 4.483636 6
6.020047 1.893941 9.776441 6
7.840024 8.772927 5.745399 6
7.172987 11.995192 9.508664 8
6.614136 5.108555 5.965231 8
6.979563 1.744386 0.843065 8
7.662022 8.597261 4.295061 8
9.278425 12.820065 1.165561 6
5.394913 5.970351 4.057407 6
4.906437 0.989286 9.174756 6
8.979354 7.719871 6.280010 6
9.411337 0.332249 0.712498 8
5.244782 7.280285 4.437613 8
4.929255 13.377929 9.591617 8
8.917472 6.399909 5.813347 8
10.785272 12.533257 3.426367 1
3.865079 5.674492 1.783086 1
3.442594 1.160438 6.784433 1
10.423398 8.113713 8.599073 1
11.788755 13.703330 3.425471 1
2.899848 6.862921 1.773001 1
2.453819 13.655840 6.981721 1
11.518543 6.741900 8.573583 1
12.880730 10.465595 2.737315 1
1.701525 3.493242 2.328278 1
1.389015 3.269374 7.608174 1
12.502658 10.115921 7.928182 1
14.401508 9.134640 4.125221 1
0.199614 2.451114 1.050027 1
-0.090220 4.411521 6.182947 1
14.058593 11.289166 9.390456 1
0.126911 10.175640 6.230932 1
13.683763 3.298607 9.389368 1
14.183657 3.610779 4.212589 1
0.511318 10.343725 0.922607 1
14.495812 12.253834 6.770601 1
14.370721 5.379262 8.636797 1
-0.198574 1.426074 3.582731 1
-0.114371 8.258491 1.689914 1
12.825123 13.454440 5.415821 1
0.963496 6.562296 10.189364 1
1.309061 0.158670 4.990440 1
13.345430 7.075534 0.327077 1
12.150015 13.129124 8.168623 1
1.715476 6.235804 7.352067 1
2.024182 0.542377 2.138121 1
12.657334 7.382806 2.889960 1
13.072504 0.092540 9.048025 1
0.745919 7.038062 6.443318 1
1.147911 13.654818 1.122611 1
13.544250 6.715196 4.032832 1
13.213892 1.656776 7.005333 1
0.722170 8.614982 8.406081 1
1.080810 12.071814 3.251339 1
13.538313 5.146661 1.900337 1
12.314933 3.869246 6.299866 1
1.505750 10.560821 9.320152 1
1.877033 9.933507 4.192936 1
12.840760 3.030290 1.000033 1
10.290764 4.648340 7.076061 1
3.447963 11.596238 8.311025 1
3.933613 9.011423 3.225489 1
10.766807 2.210610 1.884920 1
9.288937 3.455689 8.957032 1
4.671582 10.472340 6.522813 1
5.093512 10.108933 1.485749 1
9.556716 3.326700 3.794675 1
9.998577 1.568673 9.693168 1
3.701001 8.346813 5.857038 1
4.148864 12.173427 0.690977 1
10.446452 5.251218 4.484169 1
10.801082 10.360827 2.053602 1
3.988767 3.565486 3.301222 1
3.523335 3.315299 8.347995 1
10.283465 10.184713 7.038269 1
10.864688 10.105153 0.396752 1
3.846591 3.203659 4.734380 1
3.319265 3.566144 9.845985 1
10.415955 10.459769 5.658479 1
8.450549 10.158156 1.820241 1
6.084032 3.338895 3.376531 1
5.659414 3.607215 8.542550 1
8.078112 10.382060 6.952676 1
6.493630 7.312653 9.087915 1
7.296968 0.569582 6.281931 1
7.721593 6.334399 1.083759 1
6.849795 13.276624 3.927329 1
5.836378 8.734184 8.611269 1
7.926381 1.787858 6.929963 1
8.456148 5.052206 1.752649 1
6.330327 11.971689 3.324733 1
4.104671 6.999029 9.050764 1
9.632053 0.091363 6.302444 1
10.160186 6.743373 1.251247 1
4.597434 13.610951 3.890248 1
3.848421 8.273597 9.972908 1
9.896423 1.537217 5.554286 1
10.300959 5.319260 0.406918 1
4.326888 12.095660 4.715784 1
5.449185 7.259922 0.418926 1
9.213564 0.264837 4.866372 1
8.910785 6.408752 10.002084 1
5.059482 13.291533 5.429101 1
7.334923 11.900651 1.110800 1
7.155598 5.040996 4.095705 1
6.819539 1.810134 9.330864 1
7.104954 8.584523 6.253648 1
8.084013 11.975302 9.172881 1
5.793291 5.164318 6.345178 1
6.158563 1.726632 1.217969 1
8.456561 8.549620 3.998724 1
9.213507 12.846828 2.247899 1
5.485560 5.810766 2.916595 1
5.051799 0.938267 8.135578 1
8.886527 7.725538 7.296032 1
8.470076 0.861633 0.868567 1
6.097277 7.651925 4.377585 1
5.653262 12.891221 9.556910 1
8.254030 6.000934 6.025585 1
