3.644361 1.320243 5.580683 7
4.245645 6.802525 6.244373 7
6.906733 2.114474 3.042490 7
0.920476 6.149677 8.879724 7
6.099121 2.858785 4.925086 8
1.568417 5.259554 6.868685 8
7.266268 0.617757 1.172756 8
0.550522 7.477347 10.797177 8
1.860579 2.376625 2.062609 8
5.921807 5.716811 9.698861 8
4.721034 -0.135140 6.971273 8
3.213017 8.279985 4.738155 8
3.588686 1.780266 7.898345 8
4.249042 6.445931 3.915711 8
8.926837 0.532940 5.848259 8
-1.073912 7.542052 5.909121 8
4.081554 0.520076 4.424478 6
3.751607 7.540763 7.358148 6
5.587039 0.477340 4.336548 6
2.178277 7.552215 7.531177 6
6.174960 1.826173 4.200319 6
1.630444 6.239197 7.596134 6
6.853279 0.777379 2.245832 6
0.960349 7.335737 9.532824 6
6.088953 -0.128788 2.997785 6
1.751584 8.396093 8.765528 6
2.388977 10.333210 2.278986 6
5.467754 -2.272293 9.656056 6
3.812460 0.252132 2.038898 6
4.006413 7.769876 9.736986 6
3.524048 1.065572 3.135478 6
4.317288 7.071778 8.686007 6
2.443849 2.224788 3.030779 6
5.354503 6.078831 8.879437 6
2.626229 3.109543 4.289066 6
5.206536 5.099349 7.666378 6
2.433937 2.396282 5.602068 6
5.278277 5.710752 6.352847 6
3.944015 0.922563 6.842804 6
3.781860 7.280545 4.986890 6
3.977898 1.350217 9.109777 6
3.841487 6.880745 2.622940 6
4.966800 1.727587 9.883799 6
2.837819 6.403903 2.099266 6
5.278457 1.429906 11.177467 6
2.654564 6.585047 0.785192 6
4.355026 0.639920 11.833158 6
3.323261 4.560590 11.794882 6
3.272847 0.232633 11.071503 6
4.676131 7.860359 0.657328 6
3.014335 0.533398 9.868021 6
4.848145 7.596589 2.018767 6
7.752702 3.235893 2.486963 6
0.189911 5.049360 9.187739 6
7.089641 4.370592 2.524414 6
0.827815 3.698099 9.333056 6
7.729143 5.510672 2.142679 6
-0.028949 2.625539 9.797566 6
9.031260 5.421896 1.661914 6
-1.251635 2.805436 10.168063 6
-0.821204 4.061785 1.788157 6
8.587182 4.087475 10.223989 6
9.058717 2.910370 2.121313 6
-1.203542 5.069663 9.700309 6
1.146036 1.508854 5.714591 6
6.615790 6.495307 6.006452 6
-0.065015 2.501292 5.759389 6
7.918592 5.632731 6.065544 6
9.292861 1.922040 6.534572 6
-1.514982 6.345912 5.394080 6
8.253830 -0.329857 6.754483 6
-0.381966 8.427149 5.045312 6
8.896140 -0.702669 8.023717 6
-1.141854 8.811899 3.752178 6
8.307035 -0.381172 9.348409 6
-0.505448 8.573632 2.688794 6
9.005778 -0.959931 10.370323 6
-1.096258 9.019942 1.530231 6
-0.289949 -1.675974 10.379595 6
8.146636 9.729292 1.436526 6
0.194536 -1.767546 9.008366 6
7.539823 10.025819 2.717656 6
10.151063 -1.444738 8.011232 6
-2.189610 9.650795 3.932465 6
3.909522 -0.456361 4.608620 1
4.108390 8.536548 7.188822 1
5.937713 0.169532 5.110680 1
1.778324 7.996124 6.836744 1
4.241985 10.181103 3.325546 1
3.572948 -2.015940 8.688789 1
2.079314 9.475269 2.558142 1
5.755485 -1.282248 9.152527 1
2.783290 10.150224 1.387863 1
4.996811 -1.986518 10.580110 1
3.399831 0.468245 1.302304 1
4.483802 7.666361 10.687370 1
3.461109 3.662839 4.063591 1
4.446508 4.476749 7.633614 1
1.892618 3.758624 4.170021 1
6.017064 4.350717 7.704542 1
2.703626 3.009009 6.345123 1
5.159995 5.177716 5.620329 1
5.660922 2.352673 9.385214 1
2.219491 5.769630 2.610593 1
5.963617 1.858790 11.620793 1
1.803028 6.349211 0.298053 1
4.709861 3.426024 0.940338 1
3.194734 4.690622 10.995541 1
2.530615 -0.215858 11.629456 1
5.220283 8.468672 0.219042 1
2.283631 0.244513 9.248751 1
5.624417 7.899869 2.480717 1
6.154000 4.618178 2.874021 1
1.639545 3.548572 9.038395 1
7.505709 6.356713 2.115153 1
0.336986 1.691243 9.737428 1
-0.888781 6.164169 1.368607 1
8.599569 2.028735 10.546627 1
0.193080 3.893493 1.473387 1
7.713323 4.170215 10.427158 1
9.345330 2.036741 2.231487 1
-1.573356 6.048968 9.680627 1
1.156010 0.861322 5.115440 1
6.607665 7.254464 6.757246 1
1.200387 1.189689 6.592715 1
6.544408 7.018799 5.164324 1
-0.341366 2.612925 4.793427 1
8.221193 5.401559 7.154091 1
0.121463 3.385084 6.096941 1
7.723113 4.852060 5.790493 1
8.376026 2.502669 6.346053 1
-0.624421 5.785920 5.431874 1
9.549178 1.682161 7.353906 1
-1.667630 6.375868 4.386782 1
7.234586 0.330172 6.963736 1
0.405069 7.985655 4.864426 1
7.845775 -0.967926 6.264002 1
-0.016727 9.223416 5.621049 1
7.417538 0.025550 9.354678 1
0.390937 8.160340 2.483779 1
8.602543 -0.760204 11.171354 1
-0.806777 8.948916 0.527325 1
0.077676 -1.975782 11.076280 1
7.683952 10.021059 0.749961 1
-1.304661 8.678764 8.909618 1
9.096771 -0.486437 2.767301 1
-0.094862 -1.628303 7.054147 1
7.780261 9.831385 4.876927 1
