2.232418 5.635299 3.030791 8
5.659041 0.171898 11.339497 8
-0.828786 0.577501 6.268429 8
2.534679 5.225714 14.486050 8
1.596360 1.538507 5.316022 8
5.033707 4.298671 13.558044 8
1.024394 3.811535 7.093597 8
4.453372 1.874055 15.380243 8
0.912542 0.147622 9.734008 8
8.073993 5.581427 1.595996 8
2.618305 1.639123 8.103272 8
5.962185 4.081271 16.397025 8
0.968610 0.407710 4.859943 7
4.366413 5.372185 13.169835 7
1.252383 1.939345 8.289298 7
8.370977 3.875517 0.064589 7
1.203250 5.331806 3.640677 6
4.701784 0.320154 11.956228 6
0.295587 4.331907 3.517002 6
3.573618 1.446176 11.820094 6
0.061725 3.322954 2.656460 6
3.566313 2.323374 10.888074 6
0.829956 3.244478 1.893887 1
4.177265 2.465631 10.301922 1
9.715132 2.378722 2.829541 6
2.493467 3.307989 11.047387 6
9.559329 1.734188 2.095278 1
2.269007 4.013447 10.508495 1
8.779001 2.691438 3.612085 6
1.480147 3.118926 12.055728 6
8.039777 2.159896 3.758698 1
0.690653 3.555992 12.112129 1
8.951042 3.748645 4.587043 6
1.652260 2.061920 12.948403 6
8.148844 3.936421 5.341854 1
1.002442 1.767379 13.674829 1
-0.688076 4.492047 4.487990 6
2.608556 1.212598 12.724451 6
-0.305815 0.052384 5.405153 6
3.207488 5.653311 13.710516 6
2.992625 1.039222 5.744096 6
6.454242 4.663839 14.121219 6
3.242128 0.263796 5.187767 1
6.774243 5.470671 13.501604 1
3.818292 2.303172 5.544037 6
7.347434 3.525489 13.788162 6
3.973954 2.621930 6.414884 1
-3.294171 3.104374 14.593173 1
3.418583 2.967507 4.905766 1
6.811001 2.815897 13.195777 1
5.301051 1.937637 4.808147 6
-2.010651 3.874353 13.132129 6
5.093719 1.815426 3.963609 1
-2.244062 3.921909 12.232224 1
5.788733 2.643603 5.009779 1
-1.309922 3.010476 13.189525 1
5.927063 0.530751 5.445451 6
-1.373943 5.155141 13.668033 6
5.185581 5.502556 5.260148 1
-1.961351 0.057914 13.657379 1
6.676750 0.490222 4.888305 1
-0.665449 5.357609 13.092661 1
6.357436 0.572096 6.821016 6
-0.778758 5.136855 15.117454 6
6.990639 1.274234 6.996570 1
-0.125382 4.396360 15.236853 1
6.923869 5.393210 6.936236 1
-0.322643 0.136254 15.376714 1
5.310698 0.814526 7.989936 6
-2.016030 4.971119 16.250884 6
5.088415 1.727955 7.811876 1
-2.293799 3.941436 16.254558 1
5.649461 0.537098 8.758681 1
2.380925 5.033930 0.475672 1
3.975388 5.688283 7.838780 6
-3.145147 0.079421 16.001472 6
4.319778 4.920894 7.206493 1
-2.986937 0.816455 15.476497 1
3.909064 5.215352 8.681310 1
0.318356 0.348373 0.323821 1
2.765510 0.621076 7.184009 6
6.161482 5.070395 15.388044 6
2.119780 5.552491 7.322917 1
5.581550 0.008227 15.490759 1
0.502481 2.935835 7.804248 6
3.891093 2.715482 16.116647 6
-0.811276 2.877884 8.493111 6
6.402567 2.715716 0.152689 6
-1.904889 3.892509 8.461259 6
5.390606 1.819058 0.237937 6
-1.762042 4.519962 7.956807 1
1.707985 1.127472 16.164083 1
7.724896 3.479690 9.321053 6
4.237348 2.237264 0.996754 6
7.058360 4.193820 9.353367 1
3.478426 1.651448 0.973935 1
7.616507 2.349548 10.111331 6
4.188182 3.248963 1.678338 6
6.849551 2.177867 10.678026 1
3.405343 3.535307 2.236305 1
-1.933221 1.554762 10.086372 6
5.301751 4.250686 1.897632 6
-2.016869 0.724484 10.715380 1
5.274783 4.902288 2.349117 1
-0.908893 1.857128 9.318657 6
6.470796 4.008375 1.101976 6
0.464325 1.121633 9.313032 6
7.697309 4.657597 0.926548 6
