6.120385 4.342187 15.938039 14
9.565146 10.352726 3.967436 14
4.403478 11.567090 20.183661 14
0.934769 3.106088 8.074957 14
0.672887 7.971823 13.828113 14
4.612663 6.598090 1.774371 14
9.818443 0.618154 22.300251 14
5.903290 14.055014 10.131951 14
1.376501 8.307345 18.176892 8
3.912389 6.393585 6.170521 8
9.054094 1.022777 17.743682 8
6.561376 13.631303 5.716613 8
2.285942 3.917339 18.708137 8
2.980295 10.884810 6.585761 8
8.332696 11.264580 17.515976 8
7.448529 3.426148 5.425289 8
6.831598 7.914951 19.592661 8
8.946050 6.703413 7.464969 8
3.657444 0.660168 16.602436 8
1.508708 13.989346 4.523036 8
8.928569 7.802759 19.682985 8
6.693225 6.836264 7.760786 8
1.476164 0.419705 16.401624 8
3.697109 14.148466 4.405512 8
6.829555 5.870632 16.006755 8
8.933514 8.903894 3.833243 8
3.731665 13.118062 20.130724 8
1.625657 1.439117 8.053492 8
10.159539 8.663138 14.911186 8
5.676829 6.136315 3.009167 8
0.368696 1.215194 21.144256 8
4.781064 13.308118 9.074486 8
0.869238 8.339401 7.679301 8
4.365984 6.333729 19.753859 8
9.617558 0.954179 4.268520 8
6.110391 13.596496 16.261948 8
8.086030 7.796407 17.662861 7
7.705626 6.915020 5.788713 7
2.413474 0.473593 18.356337 7
2.815290 14.309194 6.269766 7
10.322886 6.912738 17.613010 7
5.552160 7.881729 5.443902 7
0.247750 14.217113 18.588562 7
5.067246 0.556074 6.477680 7
1.833107 6.093048 18.402475 7
3.416407 8.601102 6.442230 7
8.830158 13.442291 17.657148 7
6.967997 1.318648 5.540764 7
9.101579 7.898244 15.732139 6
6.751022 6.658265 3.644234 6
1.444215 0.646766 20.528994 6
3.902977 14.150803 8.495064 6
7.826047 8.691342 15.555543 6
8.063562 5.991950 3.472386 6
2.660007 1.378198 20.538733 6
2.561092 13.285790 8.574007 6
7.028331 8.160370 16.732011 6
8.660297 6.588027 4.851177 6
3.540637 0.683305 19.291589 6
1.785261 13.848470 7.359642 6
9.466756 7.941621 17.121301 6
6.447914 6.786379 5.173969 6
1.024051 0.492858 19.047793 6
4.079710 14.057043 6.906368 6
9.733845 8.689842 17.373821 1
5.953807 5.795877 5.332412 1
0.647448 1.541062 18.765961 1
4.552047 13.312696 6.636006 1
0.943317 7.198751 18.173407 6
4.301908 7.437781 6.110350 6
9.447004 14.407791 18.057749 6
6.325246 0.145993 5.975470 6
1.399535 4.800753 18.221592 6
3.862587 10.048033 6.205461 6
9.064336 12.070984 17.706860 6
6.767106 2.611686 5.694310 6
0.104698 4.490458 17.798742 6
5.059713 10.179379 5.722458 6
10.392568 11.905415 18.396523 6
5.367052 2.814049 6.351944 6
10.368425 3.698074 17.633472 1
5.533938 11.093503 5.726724 1
0.279812 11.049194 18.319446 1
5.121607 3.631247 6.366571 1
9.992781 5.632241 17.398110 6
5.920128 9.173675 5.379193 6
0.586132 12.784337 18.714661 6
4.734144 1.768653 6.550636 6
9.115326 5.314199 17.092563 1
6.615734 9.348686 5.053447 1
1.368978 12.729253 18.948075 1
3.805450 1.892951 6.979331 1
7.788498 7.819574 18.994211 6
7.926615 6.797236 7.087610 6
2.710425 0.464697 17.079207 6
2.552337 14.217875 4.942769 6
9.067033 7.636178 21.260878 6
6.650364 6.933455 9.127017 6
1.440976 0.278052 14.876434 6
3.717319 14.292266 2.857129 6
10.453604 7.379547 21.538547 6
5.324868 7.149054 9.366968 6
0.027073 0.022634 14.689338 6
5.216542 14.484777 2.545259 6
0.243971 6.504407 21.088709 1
4.946649 8.016282 9.143735 1
10.355139 13.928498 15.074370 1
5.469935 0.696059 2.942769 1
0.154093 7.450790 22.315042 1
5.160941 7.304142 10.315101 1
10.455735 0.224568 13.664637 1
5.314948 14.626551 1.659034 1
0.450314 8.234607 20.962911 1
4.871313 6.437818 9.017512 1
9.970971 0.882082 14.948733 1
5.843980 13.946584 3.081983 1
8.589799 8.957697 21.854870 6
7.132564 5.818568 9.869333 6
1.974627 1.513018 14.272665 6
3.227521 13.144829 2.332933 6
9.252461 9.591834 21.617934 1
6.717044 5.005930 9.600485 1
1.344065 2.247390 14.492319 1
3.971706 12.317499 2.456600 1
8.605369 8.889635 22.673225 1
7.238897 5.850307 10.755597 1
2.027668 1.541858 13.260991 1
3.325642 13.187168 1.238114 1
7.758603 9.007937 21.456326 1
8.162226 5.593730 9.508269 1
2.870874 1.832786 14.639476 1
2.409133 12.911560 2.592439 1
8.128157 6.370519 21.666898 6
7.464521 8.188720 9.531821 6
2.237393 13.812509 14.423172 6
2.877435 0.873928 2.321308 6
7.222006 6.577834 21.503376 1
8.528186 8.079630 9.472804 1
3.137298 13.945186 14.496309 1
2.082216 0.660421 2.443808 1
8.481102 6.306576 22.563828 1
7.495338 8.394862 10.626943 1
2.158856 13.545673 13.519781 1
3.188888 1.090468 1.535645 1
8.411703 5.715194 21.058528 1
7.364588 9.099623 9.161621 1
2.126715 13.023036 14.945283 1
3.285770 1.609440 2.954399 1
6.184825 6.874856 16.503965 6
9.620880 7.694028 4.457931 6
4.359213 14.265202 19.445401 6
0.969423 0.513701 7.472240 6
5.711741 6.527919 17.353728 1
10.111133 8.133714 5.308144 1
4.779458 14.043695 18.733989 1
0.431945 0.802765 6.570584 1
5.334921 7.286207 15.960770 1
10.302035 7.515869 3.893924 1
5.153751 14.564195 20.196604 1
0.129174 0.062753 8.052743 1
6.665721 3.420442 17.416687 6
9.140298 11.196032 5.554572 6
3.876220 10.756948 18.561343 6
1.273631 3.783855 6.651925 6
7.509155 3.143866 17.573741 1
8.290159 11.443754 5.352782 1
2.964963 10.514588 18.675838 1
2.364069 4.157119 6.493179 1
6.067882 2.649063 17.529014 1
9.797449 12.007891 5.556725 1
4.386500 10.000158 18.441246 1
0.829494 4.642700 6.523600 1
6.421379 4.075284 18.162595 1
9.265578 10.511258 6.284324 1
3.969274 11.444474 17.916252 1
1.257506 3.334949 5.819372 1
4.334870 4.400602 15.733236 6
0.971952 10.280219 3.879408 6
6.233105 11.701248 20.284212 6
9.562094 3.061114 8.196800 6
4.089871 4.579134 16.674597 1
1.200259 10.117728 4.718123 1
6.451691 11.941641 19.387408 1
9.165334 2.761744 7.395441 1
4.041627 3.472590 15.403006 1
1.108239 11.195773 3.571853 1
6.377787 10.736879 20.683961 1
9.390623 3.839957 8.499448 1
4.181137 4.981173 15.168699 1
1.160759 9.578133 3.192872 1
6.448901 12.378387 20.858658 1
9.288170 2.303810 8.784871 1
6.961689 3.547084 14.474993 6
8.811693 11.264752 2.524176 6
3.525664 10.895732 21.545731 6
1.650543 3.805419 9.581514 6
8.457604 3.579563 14.516087 6
7.350048 11.021857 2.430946 6
2.023126 11.081922 21.682591 6
3.154472 3.655698 9.528439 6
8.764390 3.233802 13.651218 1
6.900996 11.389345 1.663945 1
1.601333 10.702913 22.391854 1
3.663400 4.003585 10.311290 1
8.929697 3.127908 15.195187 1
6.911239 11.545485 3.268597 1
1.673658 10.569164 20.866845 1
3.573106 4.163452 8.768940 1
8.631518 4.540868 14.470639 1
7.033633 10.155346 2.528768 1
1.940352 11.874956 21.471126 1
3.348773 2.814703 9.478453 1
6.295270 4.065648 13.249937 6
9.463578 10.669819 1.150578 6
4.249915 11.257152 22.931538 6
1.116735 3.316937 10.847762 6
6.246767 4.939553 13.280191 1
9.659635 9.726150 1.319508 1
4.364615 12.217143 22.901622 1
0.928766 2.381368 10.848053 1
5.524691 3.688755 13.098418 1
10.355146 11.129130 1.070482 1
5.158856 10.931076 22.968173 1
0.127073 3.683006 11.026037 1
6.931557 3.810302 12.486836 1
8.916161 10.799840 0.439530 1
3.611410 11.088116 23.628531 1
1.544782 3.452016 11.612914 1
6.669962 1.909495 14.661059 6
8.996620 12.658640 2.562031 6
3.759518 9.209359 21.604099 6
1.546399 5.490305 9.538298 6
5.785162 1.717519 14.550029 1
9.985028 12.903959 2.560692 1
4.801700 9.025275 21.525353 1
0.502616 5.539258 9.458254 1
7.057909 1.629390 15.344021 1
8.665304 13.180217 3.281896 1
3.414276 9.011954 20.701279 1
1.834374 5.770626 8.737676 1
7.175692 1.589759 13.733552 1
8.624277 13.190829 1.892889 1
3.344818 8.862575 22.336815 1
1.945286 5.757982 10.138064 1
7.161659 8.521840 14.297598 6
8.692346 6.145426 2.230908 6
3.442209 1.199501 21.840969 6
1.755629 13.407690 9.762119 6
1.502122 6.558145 14.570615 6
3.805031 8.178218 2.522430 6
8.976972 13.916707 21.646622 6
6.758312 0.782432 9.439462 6
2.158854 6.755637 15.206769 1
3.071656 7.828798 3.169749 1
8.407996 14.164635 20.851425 1
7.469147 0.560319 8.928105 1
1.913018 5.939745 13.923206 1
3.265225 8.699720 1.891427 1
8.519938 13.460706 22.195778 1
7.250427 1.324507 10.319180 1
0.873947 5.832567 14.825893 1
4.409664 8.726397 2.809732 1
9.635979 13.265712 21.097706 1
6.042909 1.498407 9.208273 1
10.178808 7.385909 12.327081 6
5.577768 7.315008 0.342593 6
0.355102 0.001990 23.717037 6
4.800897 0.041424 11.549645 6
10.463709 6.390901 12.348033 1
5.494187 8.207360 0.191483 1
0.161787 13.794199 23.829722 1
5.082443 0.969085 11.846716 1
10.268822 7.775954 11.711000 1
5.404359 6.913096 23.577125 1
0.233022 0.526273 0.384777 1
5.064471 14.243625 12.441455 1
9.277784 7.347162 12.709466 1
6.644061 7.342826 0.590364 1
1.202879 0.010858 23.530866 1
4.015631 14.654417 11.447301 1
1.772051 9.432650 13.159950 6
3.480394 5.234570 1.257843 6
8.721048 2.157244 22.808831 6
6.972469 12.704505 10.713490 6
0.807609 10.400313 12.660927 6
4.460609 4.241005 0.677382 6
9.726484 3.147209 23.518077 6
6.146657 11.590258 11.374005 6
1.244492 10.838373 11.798026 1
4.179682 3.910644 23.919242 1
9.411998 3.382527 0.250709 1
6.389642 11.240630 12.114710 1
0.731489 11.201243 13.213375 1
4.695335 3.467772 1.178638 1
9.827782 3.768991 22.840384 1
5.984070 10.945728 10.748581 1
10.455148 9.936882 12.438421 1
5.264156 4.588730 0.426057 1
10.504340 2.754580 23.713895 1
5.241585 11.945526 11.600118 1
2.751354 8.775341 12.178269 6
2.585295 5.760797 0.205426 6
7.742751 1.547233 23.948846 6
7.943647 13.206296 11.824450 6
2.379721 8.606174 11.434728 1
2.995370 6.039574 23.528978 1
8.165488 1.274174 0.600140 1
7.444963 13.413363 12.564966 1
3.197919 8.058423 12.594301 1
2.140329 6.654724 0.515019 1
7.352110 0.796615 23.471403 1
8.437562 13.848237 11.511600 1
3.310147 9.637187 12.089250 1
1.960543 5.176106 23.965369 1
7.151068 2.175550 0.006357 1
8.555318 12.530383 12.039528 1
2.496684 9.718241 14.581049 6
2.841931 5.024452 2.561258 6
8.094947 2.328181 21.401497 6
7.748856 12.311626 9.383371 6
2.685189 8.923821 15.139125 1
2.428158 5.698863 3.001649 1
7.809726 1.569027 21.001640 1
8.010808 13.041031 8.936517 1
1.925021 10.207130 15.220648 1
3.487087 4.457104 3.141739 1
8.698836 2.711871 20.760685 1
7.119140 11.915516 8.813207 1
3.122667 10.396165 14.454034 1
2.133394 4.329683 2.459977 1
7.403001 2.996437 21.647605 1
8.447681 11.800177 9.461286 1
0.759107 9.707877 8.230337 6
4.333537 4.878752 20.261865 6
9.723424 2.357313 3.785976 6
6.169616 12.333630 15.769829 6
1.750771 10.047127 8.595366 1
3.480828 4.647855 20.621556 1
8.732626 2.738371 3.452017 1
6.926630 12.088061 15.521186 1
0.305532 9.716893 9.062694 1
4.940576 4.959940 21.071350 1
10.183270 2.324815 3.011247 1
5.511689 12.299348 15.029251 1
0.536790 10.368247 7.639147 1
4.835979 4.438129 19.673117 1
10.110211 2.963355 4.454409 1
5.622255 11.683609 16.365177 1
5.918995 9.167991 14.426210 9
9.840388 5.548775 2.280254 9
4.696019 1.869592 21.837348 9
0.561359 12.777430 9.697347 9
7.690936 9.080625 13.383991 9
8.190172 5.701098 1.323009 9
2.752815 1.664320 22.729480 9
2.440561 12.957321 10.786218 9
6.814278 7.706493 13.676644 9
8.938576 6.928574 1.703431 9
3.623172 0.417745 22.373905 9
1.726613 14.319374 10.224856 9
8.895595 7.223086 15.370034 1
7.051373 7.477028 3.240048 1
1.702088 14.612601 20.764720 1
3.461293 0.186574 8.647944 1
7.855395 9.652346 15.634008 1
7.794110 5.042137 3.749825 1
2.486147 2.322567 20.266066 1
2.647685 12.462518 8.315831 1
6.623260 8.654381 17.044802 1
9.077613 5.937346 5.135496 1
3.830399 1.404569 18.927333 1
1.384427 13.198549 6.930960 1
2.429166 6.337578 18.931965 1
2.970586 8.304972 6.784451 1
8.148417 13.734215 17.233293 1
7.640209 0.936031 5.170465 1
1.429515 7.722739 7.609505 1
3.776599 7.004331 19.466106 1
8.899839 0.433932 4.559302 1
6.736784 14.230376 16.601295 1
