5.400110 0.179013 2.934537 7
1.755578 11.444611 8.335001 7
9.030372 6.093653 7.655236 7
12.635578 5.680566 2.289471 7
8.997612 11.531591 7.639555 7
12.725050 0.179625 2.213344 7
5.405347 5.625989 3.004141 7
1.764184 6.033153 8.258105 7
4.167470 2.958824 7.399507 15
3.123257 8.816432 2.199329 15
10.436125 8.783408 3.272233 15
11.365630 2.930578 8.550658 15
1.317885 3.005383 1.714812 15
5.906939 8.812030 7.041458 15
13.268669 8.798956 8.973225 15
8.619063 2.982046 3.666605 15
4.615675 2.876779 8.848800 9
2.508393 8.851213 3.593314 9
9.657691 8.789127 1.708771 9
12.030431 2.881615 7.085762 9
3.491743 2.819415 5.965261 9
3.726502 8.756766 0.571555 9
10.973221 8.664960 4.641588 9
10.699754 2.876438 9.898121 9
5.625515 2.892474 6.833023 9
1.576182 8.779682 1.651615 9
8.780817 8.681656 3.793878 9
12.746963 3.004979 9.064012 9
2.673693 2.963767 8.075724 9
4.607509 8.824510 2.637199 9
11.808356 8.812148 2.604159 9
9.968191 2.930604 7.859522 9
4.172291 1.315714 7.521334 9
3.013961 10.282377 2.125651 9
10.350197 7.224716 3.263919 9
11.368086 4.475074 8.596072 9
10.384635 10.354204 3.182162 9
11.327972 1.364159 8.602558 9
4.107628 4.498892 7.401346 9
3.154516 7.236148 2.068708 9
2.638938 2.875779 0.888320 9
4.630385 8.854658 6.189910 9
11.828139 8.811966 9.898845 9
9.881206 2.908186 4.500307 9
14.426314 2.875931 2.498992 9
7.280262 8.774564 7.783185 9
0.017182 8.811261 8.088233 9
7.294109 2.867728 2.705224 9
0.602957 1.830447 0.829847 9
6.518982 9.803036 6.111052 9
13.697080 7.679771 9.859508 9
7.993114 4.014108 4.552675 9
13.742807 9.855849 9.940773 9
7.928607 1.723963 4.655592 9
0.685650 4.109881 0.826509 9
6.531549 7.562528 6.143458 9
1.836138 1.806154 2.621130 9
5.277074 9.930704 7.883158 9
12.636817 7.565425 8.114527 9
9.156297 3.952768 2.799288 9
12.528300 9.839308 8.015135 9
9.120274 1.791286 2.632553 9
1.991575 4.129487 2.612010 9
5.256060 7.686839 7.886328 9
6.584127 11.123831 2.986522 6
0.776071 0.607774 8.270258 6
7.981110 5.257450 7.674007 6
13.694980 6.347163 2.323338 6
7.934195 0.627290 7.793094 6
13.677447 11.081720 2.446951 6
6.511177 6.320459 2.853975 6
0.644006 5.335096 8.168174 6
6.779368 10.724540 3.776473 1
0.309458 1.117802 8.912652 1
7.639026 4.908978 6.904847 1
14.110090 6.943378 1.560011 1
7.703360 1.020684 6.862883 1
14.084731 10.578546 1.538418 1
6.821936 6.932602 3.670787 1
0.385449 4.824310 9.002300 1
7.264845 11.023004 1.839319 6
14.436828 0.618785 7.016200 6
7.303516 5.269572 8.930205 6
0.039544 6.540761 3.506329 6
7.190248 0.605984 8.798738 6
14.408026 11.007979 3.470240 6
7.287593 6.431803 1.831052 6
0.019634 5.169998 6.990116 6
7.980568 10.433685 1.753687 1
13.702028 1.159938 7.086964 1
6.476223 4.636122 8.892228 1
0.786515 7.043872 3.612540 1
6.426949 1.231915 8.929040 1
0.844115 10.543422 3.600018 1
8.041653 7.103865 1.696407 1
13.676629 4.678841 7.024225 1
6.823193 11.654641 0.545980 6
0.389440 11.595643 5.916231 6
7.547228 5.884414 9.930952 6
14.152979 5.854211 4.635150 6
7.641015 11.539504 10.066206 6
14.146772 0.106873 4.670162 6
6.900255 5.777597 0.730579 6
0.341367 5.797483 5.952009 6
5.751810 0.858753 0.765026 6
1.529869 10.941266 6.115516 6
8.767058 6.725529 9.781030 6
12.862041 5.060450 4.658408 6
8.757550 10.786649 9.849032 6
12.958966 0.752553 4.472668 6
5.605553 5.082727 0.744138 6
1.478630 6.561541 6.064186 6
5.476135 1.386143 10.603115 1
1.783747 10.320469 5.243180 1
9.081147 7.208504 10.526314 1
12.684478 4.450622 5.400025 1
9.051848 10.330808 10.597414 1
12.660887 1.383819 5.209395 1
5.359842 4.467803 0.097774 1
1.772448 7.238052 5.360479 1
5.024982 0.867632 1.877895 6
2.121467 10.884260 7.225991 6
9.440246 6.768406 8.721143 6
12.199477 4.932863 3.297981 6
9.475496 10.725605 8.636170 6
12.201715 0.914970 3.311487 6
5.092602 5.022564 1.835422 6
2.223974 6.820521 7.199421 6
4.265614 1.441880 2.026157 1
3.051041 10.191997 7.389153 1
10.133747 7.267836 8.733402 1
11.565096 4.368161 3.283105 1
10.173920 10.248595 8.713463 1
11.460259 1.394704 3.320446 1
4.242247 4.393930 1.937579 1
2.878071 7.288261 7.322391 1
4.810038 0.424632 4.371031 6
2.529500 11.316348 9.540590 6
9.639669 6.098955 6.255990 6
12.047434 5.540473 1.053044 6
9.694996 11.310284 6.378984 6
12.057536 0.273280 1.119915 6
4.728040 5.570438 4.233383 6
2.390297 6.187496 9.670864 6
5.098537 11.389232 5.028764 1
2.128239 0.132866 10.236258 1
9.316420 5.580024 5.742135 1
12.403678 6.007678 0.390305 1
9.309761 0.209437 5.672429 1
12.436859 11.385632 0.378580 1
5.239028 6.075293 4.977271 1
2.102054 5.722599 10.221444 1
3.864062 0.061869 4.184532 1
3.458058 11.652530 9.488871 1
10.735250 5.913821 6.365605 1
11.124592 5.736225 1.230872 1
10.574554 11.626593 6.481103 1
11.040273 0.017956 1.213197 1
3.794840 5.878016 4.132583 1
3.438965 5.920918 9.500736 1
4.651549 1.301838 4.538560 1
2.404539 10.349875 9.939987 1
9.692302 7.020669 5.973586 1
12.068860 4.566665 0.668608 1
9.775385 10.303300 5.988761 1
11.962280 1.275308 0.797395 1
4.740541 4.507676 4.636323 1
2.573207 7.149452 9.851118 1
