4.010564 1.319033 9.831865 8
-0.303178 8.214992 11.326452 8
13.199947 12.482745 4.244450 8
17.439027 5.714106 2.851599 8
7.413031 13.040855 12.047541 8
18.447182 6.076573 9.016716 8
9.944116 0.838037 1.982576 8
-1.248716 7.765069 5.030079 8
2.666564 7.910842 8.448069 8
0.988698 1.094969 12.640925 8
14.374127 5.863990 5.755737 8
16.231013 12.648081 1.432699 8
3.236441 9.532793 4.315601 8
5.235623 2.575629 2.836513 8
13.894571 4.257767 9.917140 8
11.915953 11.209770 11.365981 8
5.699917 0.215995 10.797319 7
-1.955007 7.152175 10.315553 7
11.327337 13.513394 3.171963 7
19.168403 6.593170 3.756950 7
3.183247 8.670024 6.343407 7
5.439568 1.890328 0.702337 7
14.064775 5.100632 7.780142 7
11.893253 12.035616 13.479228 7
4.187418 12.717335 9.366760 6
-0.434295 5.722265 11.766204 6
12.988860 1.000669 4.633966 6
17.522356 8.057716 2.445741 6
2.864045 12.189059 9.676084 6
0.872566 5.319497 11.448601 6
14.375839 1.532146 4.388894 6
16.321516 8.452559 2.602526 6
1.961493 12.945250 10.528804 6
1.889247 6.052146 10.692196 6
15.286439 0.872813 3.690644 6
15.223317 7.756673 3.367994 6
0.736179 12.364045 10.784142 6
3.138694 5.402220 10.444955 6
16.531933 1.451368 3.341649 6
14.146363 8.428183 3.679311 6
0.294178 11.137379 10.291267 6
3.379396 4.126520 10.771436 6
16.776539 2.636750 3.772954 6
13.802394 9.601526 3.341717 6
1.179880 10.310706 9.556645 6
2.541423 3.436831 11.652604 6
15.921583 3.420405 4.606345 6
14.554177 10.263798 2.405404 6
2.413425 10.917239 9.138343 6
1.329948 4.011028 12.021165 6
14.708834 2.794962 4.853452 6
15.870232 9.825664 2.183322 6
3.295193 10.201496 8.315744 6
0.329031 3.327224 12.951470 6
13.780244 3.466687 5.784883 6
16.895543 10.354808 1.186418 6
4.576711 10.758954 8.000532 6
-0.804754 3.852455 13.209748 6
12.638698 2.949019 6.165486 6
17.988066 9.946890 0.991941 6
5.015177 11.994901 8.666159 6
-1.248695 5.105403 12.570502 6
12.083882 1.842922 5.354322 6
18.495993 8.739351 1.638743 6
4.671837 0.249125 10.041813 6
-0.807778 7.045262 11.043515 6
12.612741 13.605200 3.988691 6
17.989285 6.592614 2.920170 6
6.212611 12.973598 11.686272 6
-2.515516 5.954224 9.517725 6
10.889499 0.873176 2.514859 6
19.568757 7.713761 4.496913 6
5.307604 11.890050 11.894920 6
-1.610381 4.958908 9.278903 6
11.840863 1.961640 2.186101 6
18.668959 8.928375 4.823317 6
5.722480 10.549291 11.461300 6
-1.921085 3.528912 9.592970 6
11.573392 3.278454 2.627641 6
19.157939 10.116121 4.446229 6
6.890167 10.247519 10.940067 6
-3.195647 3.199905 10.369194 6
10.238827 3.719753 3.315192 6
20.423949 10.511897 3.869359 6
7.110592 8.797144 10.646343 6
-3.416003 2.016131 10.590954 6
9.981278 4.917396 3.471472 6
20.599823 11.759899 3.507096 6
6.348204 7.849919 10.939942 6
-2.530578 0.859506 10.224247 6
10.874290 5.894120 3.143497 6
19.757183 12.882014 3.816107 6
5.069492 8.117152 11.417472 6
-1.457475 1.158878 9.684724 6
12.044055 5.755777 2.672688 6
18.526948 12.504370 4.367335 6
4.823928 9.349110 11.762744 6
-1.035277 2.604498 9.314246 6
12.356163 4.361228 2.349532 6
18.153444 11.233839 4.731917 6
3.468796 9.742728 12.394723 6
0.284684 2.916289 8.608332 6
13.698034 4.060683 1.615994 6
16.990398 10.991394 5.507002 6
3.300859 11.081518 12.949233 6
0.509241 4.112472 8.390957 6
13.859259 2.815673 1.356426 6
16.604058 9.678942 5.742197 6
4.113066 11.989516 12.486714 6
-0.448168 5.070076 8.607766 6
12.954593 1.686648 1.467439 6
17.523448 8.694946 5.502797 6
6.408186 1.557154 11.145342 6
-2.559107 8.500743 9.963810 6
10.775993 12.241472 2.996200 6
19.651289 5.412959 4.065588 6
5.877759 1.969776 12.397191 6
-2.127558 8.982184 8.763668 6
11.299314 11.859808 1.642653 6
19.343043 4.917604 5.472144 6
6.346926 3.204096 12.910208 6
-2.579976 10.118879 8.287976 6
10.877899 10.472493 1.122357 6
19.839343 3.641814 5.866367 6
7.226251 4.048279 12.065847 6
18.649275 10.888926 9.031550 6
10.004611 9.872812 2.140200 6
-1.449411 2.921669 4.950545 6
7.626995 3.618497 10.767975 6
18.318553 10.370574 10.257825 6
9.679637 10.274186 3.340786 6
-1.116302 3.386432 3.804401 6
7.139951 2.177721 10.405172 6
-3.491514 9.231046 10.921838 6
9.935800 11.603615 3.860350 6
20.600039 4.640690 3.325333 6
7.701024 1.881438 9.023480 6
-3.948179 8.693255 12.137561 6
9.407817 12.055907 5.151737 6
21.036416 5.091009 1.962320 6
8.368167 0.459777 9.181793 6
17.483498 7.211203 11.981993 6
8.873323 13.391099 5.082330 6
-0.195721 6.579375 2.105012 6
6.548011 1.760078 8.003174 6
-2.756501 8.701705 13.228237 6
10.700926 12.001452 6.288063 6
19.979615 5.203262 0.929593 6
8.784857 2.675194 8.529245 6
17.036784 9.578564 12.660730 6
8.323621 11.142735 5.671431 6
0.256362 4.256951 1.463895 6
3.141619 8.910976 7.687969 6
0.660961 2.137264 13.466670 6
14.178848 4.944683 6.377052 6
16.484582 11.752452 0.718304 6
2.980008 9.713857 5.266392 6
5.593451 2.760915 1.733952 6
14.250635 4.036932 8.697819 6
11.530397 10.988602 12.330305 6
2.196355 10.958575 5.752477 6
6.302792 4.099657 1.311189 6
14.838389 2.773953 8.227677 6
10.821859 9.679469 12.753419 6
2.977681 12.332341 5.691541 6
5.782563 5.400433 1.493148 6
14.342497 1.495560 8.558625 6
11.477177 8.311011 12.637206 6
4.276888 12.560423 5.158133 6
4.321211 5.531896 1.885957 6
12.885996 1.413886 8.882702 6
12.779126 8.268237 12.128921 6
4.679009 13.730739 4.982848 6
3.811417 6.884323 1.968843 6
12.539717 0.114916 9.154153 6
13.355445 6.942310 12.060769 6
3.963234 0.955218 5.426451 6
4.562970 7.880197 1.615303 6
13.059682 12.749419 8.547391 6
12.625018 5.826711 12.511552 6
2.723294 0.953383 5.924217 6
5.920102 7.890871 1.013934 6
14.463294 12.966567 8.167622 6
11.359329 6.064248 13.092222 6
2.116317 13.395121 5.983409 6
6.352854 6.453075 0.981287 6
15.001098 0.347005 8.039914 6
10.774558 7.188316 12.996882 6
0.826683 13.189908 6.554599 6
7.674650 6.289019 0.465906 6
16.338638 0.494564 7.572810 6
9.472052 7.413238 13.535650 6
0.281922 12.090906 6.625957 6
8.285194 5.207234 0.478093 6
16.962847 1.697485 7.488025 6
8.766326 8.639291 13.723711 6
1.009912 10.985920 6.297022 6
7.530196 3.936919 0.787745 6
16.194363 2.810868 7.869233 6
9.584574 9.836799 13.274036 6
3.112909 7.448297 5.804132 6
5.539564 0.410700 1.194647 6
14.137514 6.412612 8.303535 6
11.616688 13.290001 13.002327 6
1.779031 6.947140 5.664480 6
6.696620 0.078086 1.377402 6
15.322615 6.886433 8.436189 6
10.382151 13.748928 12.590901 6
1.580920 5.612640 5.235148 6
6.997779 12.563653 1.790384 6
15.571832 8.223234 8.931603 6
10.080044 1.265709 12.369155 6
2.618029 4.711904 5.036139 6
5.961541 11.749526 2.063746 6
14.476715 9.079073 9.132851 6
11.136107 2.153307 12.071143 6
3.891816 5.200063 5.389848 6
4.659224 12.035555 1.859544 6
13.263194 8.593257 8.834347 6
12.541660 1.716547 12.369438 6
4.248078 6.472189 5.704968 6
4.340014 13.378008 1.313425 6
13.034032 7.308575 8.504063 6
12.763712 0.312661 12.825478 6
5.654067 6.923521 6.054047 6
2.821644 13.744089 1.193358 6
11.458977 6.930156 8.082764 6
14.253237 0.034970 13.058976 6
6.072887 8.157750 5.099892 6
2.445561 1.199020 1.766839 6
11.046398 5.646372 8.844192 6
14.562744 12.570866 12.287054 6
6.608114 5.896045 5.538737 6
2.064154 12.645635 1.600453 6
10.570672 8.023598 8.730904 6
15.126458 1.168742 12.595455 6
5.913692 7.130052 7.411795 6
-2.231519 0.162631 13.825098 6
11.266094 6.668182 6.749923 6
19.414805 13.600782 0.277802 6
2.059365 0.086904 10.717402 1
1.680366 6.862636 10.327372 1
15.158278 0.010701 3.299761 1
15.605806 6.918702 3.789773 1
0.140827 12.864002 11.418696 1
3.578895 6.010504 9.887489 1
17.051948 1.039994 2.778332 1
13.417247 7.884680 4.362536 1
-0.498931 10.774240 10.658006 1
4.196934 3.846421 10.557327 1
17.731327 3.083902 3.452976 1
13.005758 9.940801 3.606235 1
0.921079 9.426017 9.214653 1
2.793984 2.708059 11.923014 1
16.275015 4.206267 4.850945 1
14.415838 11.129373 2.030444 1
5.132811 10.397002 7.342958 1
-1.508624 3.491127 13.662107 1
12.072529 3.386821 6.679626 1
18.567663 10.268827 0.433516 1
5.847900 12.425815 8.552824 1
-2.249655 5.429099 12.585150 1
11.190875 1.347899 5.657231 1
19.242732 8.312491 1.570590 1
7.454768 10.791510 10.640635 1
18.328455 3.968997 10.431099 1
9.555962 2.934208 3.375303 1
-1.069342 9.732090 3.646455 1
8.090806 8.639905 10.194456 1
17.647486 1.829927 11.137560 1
9.248392 5.104978 4.018290 1
-0.488584 12.035852 3.090783 1
6.574166 6.877276 10.747758 1
-2.702256 13.757187 10.441308 1
10.632167 6.770862 3.372578 1
19.956786 13.728873 3.578169 1
4.586006 7.334396 11.650010 1
-0.769658 0.492755 9.475429 1
12.741252 6.345078 2.429379 1
17.882153 13.384164 4.746280 1
2.991768 9.027098 12.657837 1
0.749553 2.100863 8.604372 1
14.187319 4.717532 1.422702 1
16.453943 11.740392 5.692571 1
2.463443 11.194141 13.258294 1
1.398313 4.243095 7.838048 1
14.669549 2.677634 0.880636 1
15.864413 9.489070 6.197912 1
3.876730 12.892001 12.791117 1
-0.111827 6.121426 8.344272 1
13.212234 0.812407 1.236655 1
17.417976 7.653071 5.661861 1
5.289290 1.496410 12.949626 1
-1.690195 8.320644 8.169746 1
11.799677 12.405860 1.176210 1
18.818915 5.377426 5.950678 1
6.252142 3.457441 13.709708 1
-2.399276 10.365015 7.362578 1
11.066451 10.241649 0.280122 1
19.495449 3.427859 6.773982 1
7.480927 4.816533 12.356010 1
18.310326 11.639304 8.724458 1
9.769401 8.861113 1.685496 1
-1.175141 2.132422 5.207924 1
8.128767 4.039084 10.173239 1
17.606453 11.084607 10.874721 1
9.139208 9.746193 3.848040 1
-0.548001 2.858449 3.192112 1
7.726478 13.518703 9.343653 1
-3.853616 6.591785 11.693836 1
9.472324 0.198553 4.705450 1
21.134952 7.154105 2.297228 1
8.528203 13.759829 8.253535 1
17.202052 6.931087 12.829507 1
8.651055 13.773067 5.940150 1
0.070359 6.785756 1.218115 1
9.088875 0.318773 9.653672 1
16.750595 7.233664 11.434611 1
8.096581 13.357600 4.299629 1
0.454012 6.599793 2.648571 1
6.171295 2.643918 7.687338 1
-2.399682 9.487028 13.409684 1
10.891525 11.234289 6.269754 1
19.539253 4.245563 0.632753 1
6.784667 1.343210 7.000620 1
-3.184338 8.287466 13.979493 1
10.211440 12.327412 7.014714 1
20.273876 5.456366 0.105248 1
5.815289 1.186520 8.308850 1
-2.066125 8.060728 12.985132 1
11.341824 12.612061 5.800216 1
19.231815 5.631623 1.161768 1
9.502992 2.787216 9.059316 1
16.286931 9.544259 12.119930 1
7.599852 11.036263 5.044034 1
1.024253 4.081829 1.891175 1
9.200444 2.346274 7.525535 1
16.594800 9.213285 13.646282 1
7.971110 11.352497 6.557191 1
0.616196 4.514066 0.489986 1
8.421647 3.562463 8.397738 1
17.331401 10.577280 12.852635 1
8.703366 10.157863 5.866499 1
-0.021697 3.349858 1.287440 1
4.616393 11.690278 4.801131 1
3.941796 4.797189 2.130628 1
12.477251 2.133479 9.265045 1
13.238928 9.030273 11.854364 1
5.580258 0.045588 4.723110 1
2.905514 7.009010 2.429179 1
11.427663 13.777803 9.328929 1
14.146142 6.911864 11.808403 1
4.483727 1.810663 5.407812 1
4.205157 8.876744 1.703086 1
12.657111 11.865244 8.785852 1
13.034264 4.974204 12.456599 1
2.172885 1.677144 6.302667 1
6.313368 8.613623 0.802950 1
14.961295 12.161539 7.988571 1
10.912886 5.227079 13.256735 1
0.387343 0.217872 6.720383 1
8.170555 7.191937 0.266065 1
16.782534 13.523699 7.245799 1
8.890620 6.717495 13.847580 1
-0.647410 11.979998 6.881361 1
9.200429 5.018624 0.148414 1
17.875126 1.845059 7.249214 1
8.025639 8.740095 13.998757 1
0.485895 9.954395 6.239384 1
8.073558 3.044836 0.796582 1
16.618206 3.846582 7.732917 1
9.234790 10.563379 13.445270 1
1.144078 7.642445 5.695728 1
7.405898 0.577765 1.208938 1
16.140010 6.218382 8.376727 1
9.642897 13.057540 12.899331 1
0.542953 5.284521 5.098472 1
7.958523 12.249472 1.899227 1
16.477364 8.490321 9.021100 1
9.168845 1.570868 12.067493 1
2.452996 3.860514 4.820387 1
6.234160 10.849964 2.228423 1
14.714528 9.947449 9.452394 1
11.025583 3.057583 11.810114 1
4.616409 4.658023 5.163226 1
4.054280 11.460057 1.937035 1
12.512842 9.177741 9.044069 1
13.252788 2.247215 12.140230 1
6.950831 8.317804 5.230562 1
1.565756 1.416554 1.706138 1
10.150847 5.439301 8.843110 1
15.555430 12.369060 12.360629 1
5.930467 8.017925 4.181848 1
2.621937 1.068300 2.894150 1
11.293803 5.767485 9.785749 1
14.428803 12.600536 11.274863 1
5.408474 8.827481 5.495631 1
3.173689 1.939145 1.592420 1
11.774273 4.830030 8.626001 1
14.053354 11.790992 12.460850 1
6.527563 5.008523 5.984038 1
2.193745 11.818876 1.049411 1
10.676476 8.725922 8.167483 1
15.006522 1.901489 13.058354 1
6.580582 5.588795 4.620993 1
2.163442 12.463276 2.485654 1
10.744173 8.051295 9.606313 1
15.068778 1.200116 11.527692 1
7.538409 5.986616 5.673417 1
0.993802 12.890587 1.354108 1
9.609259 7.667732 8.566063 1
16.144379 0.905719 12.674180 1
5.647096 6.389030 7.890015 1
-1.906842 13.201343 13.266180 1
11.416163 7.563963 6.215261 1
19.147409 0.587692 0.926294 1
6.748214 7.401670 7.690017 1
-3.096650 0.390721 13.608702 1
10.363791 6.323318 6.470910 1
20.244701 13.322973 0.590738 1
5.384428 7.848898 7.828329 1
-1.601968 0.976524 13.480472 1
11.789463 6.046703 6.330315 1
18.716435 12.838749 0.779207 1
