0.689789 6.594001 5.645335 6
12.016594 15.552690 5.296055 6
12.127421 11.260109 1.700984 6
0.847395 2.382616 2.060334 6
0.851427 7.890318 5.287587 7
11.974955 16.691242 5.698571 7
12.127252 10.072692 1.951051 7
1.117506 1.122955 1.581823 7
12.968883 8.629314 5.631542 6
-0.195327 17.516966 5.566388 6
0.006883 9.280553 1.839163 6
13.161117 0.293334 1.885896 6
11.826842 8.033420 6.011247 6
1.087547 17.031328 5.014463 6
1.094383 9.866384 1.407398 6
11.856456 0.924712 2.274052 6
11.788071 6.888005 6.307558 7
1.025855 15.798100 4.614652 7
1.273480 11.112843 0.949239 7
11.810099 2.029149 2.800310 7
12.941585 6.159499 6.160773 7
-0.136592 15.034930 4.859271 7
0.126886 11.734854 1.063422 7
12.947555 2.812173 2.512215 7
12.876207 5.188851 6.624093 1
-0.034552 14.188833 4.553593 1
0.078310 12.653771 0.907519 1
12.975329 3.568926 2.901078 1
-0.066238 9.874552 5.235743 7
13.017408 0.916625 5.704596 7
13.025495 8.024366 2.007469 7
0.090257 16.908348 1.583564 7
1.197150 10.199581 4.930393 8
11.644809 1.384536 6.071008 8
11.721127 7.654447 2.569898 8
1.334975 16.501518 1.136706 8
1.367071 11.460500 4.489784 6
11.531113 2.483987 6.535289 6
11.624271 6.439308 2.894207 6
1.468651 15.311430 0.683482 6
0.584309 12.362087 4.342249 8
12.272725 3.267907 6.660317 8
12.572842 5.636798 2.884191 8
0.724495 14.413534 0.742179 8
2.848119 11.630015 3.990967 6
10.014690 2.802995 7.074863 6
10.229515 6.185156 3.321372 6
2.850237 15.137036 0.374006 6
3.187498 12.949938 3.620162 6
9.980991 3.909889 0.161275 6
9.868638 5.016223 3.793264 6
3.018974 13.936315 7.148609 6
2.542869 13.707400 3.482830 1
10.538230 4.599661 0.191783 1
10.502081 4.295839 3.865164 1
2.364566 13.166754 7.288606 1
4.454309 13.132050 2.955794 6
8.754855 4.293098 0.718812 6
8.650432 4.765860 4.361280 6
4.307661 13.653522 6.721420 6
4.677774 14.091458 2.783747 1
8.415099 4.995549 0.990762 1
8.252931 3.832584 4.603348 1
4.456656 12.740885 6.332927 1
5.401915 12.145178 3.001814 6
7.885593 3.277275 0.687343 6
7.621033 5.693308 4.224112 6
5.252251 14.548322 6.709017 6
6.980630 12.467732 2.285451 35
6.031517 3.463838 1.354090 35
5.945265 5.358572 5.101535 35
6.862095 14.322535 6.112565 35
5.097426 10.903008 3.545767 6
8.216003 2.034645 0.156503 6
7.912223 6.925781 3.838079 6
4.863178 15.930640 7.171102 6
5.550778 10.155730 3.604338 1
7.464869 1.361435 0.121822 1
7.393680 7.707937 3.787471 1
5.413276 16.464564 7.323349 1
3.763424 10.776514 4.117689 6
9.130640 1.691701 7.088517 6
9.275125 7.103296 3.348170 6
3.905214 16.128246 0.390763 6
3.504239 9.873145 4.404572 1
9.399835 0.865402 6.647656 1
9.461686 8.031594 2.999599 1
3.608950 16.864499 0.741372 1
1.941801 5.599927 5.630072 6
10.875283 14.482049 5.443693 6
11.169898 12.186200 1.772916 6
2.107967 3.272074 1.829482 6
2.577553 5.894647 4.506653 9
10.308453 14.862071 6.508398 9
10.376465 11.995939 2.943255 9
2.685085 2.927016 0.882842 9
1.573860 4.317980 5.528508 9
11.255830 13.246960 5.516872 9
11.541075 13.534522 1.976085 9
1.763570 4.549356 1.805305 9
2.831327 5.734688 6.571861 9
10.057805 14.654283 4.533917 9
10.206110 12.083357 0.783045 9
2.952989 3.302579 2.930691 9
10.575021 8.745670 6.173393 6
2.352055 17.817030 4.801299 6
2.526535 9.097783 1.285956 6
10.590078 0.100679 2.554011 6
10.201001 9.973668 5.437247 6
2.636171 1.059977 5.738004 6
2.821434 7.852824 2.077726 6
10.324596 16.855132 1.751854 6
10.777084 10.326412 4.860606 1
1.914398 1.338799 6.209889 1
2.082528 7.552512 2.626309 1
10.993603 16.559743 1.186682 1
9.048983 10.497683 5.423468 6
3.814584 1.523224 5.502329 6
3.904412 7.284847 1.795155 6
9.131153 16.258587 1.760935 6
8.850093 11.273440 4.984005 1
3.996948 2.224248 6.153497 1
4.138933 6.685707 2.422771 1
8.998549 15.560254 1.219926 1
8.151786 9.985037 6.333962 6
4.860445 1.096549 4.718742 6
4.979506 7.819931 0.911436 6
8.175550 16.696380 2.640044 6
7.270897 10.398230 6.458612 1
5.715249 1.481732 4.588663 1
5.792297 7.296958 0.872841 1
7.331003 16.299814 2.767367 1
8.398611 8.918798 7.079860 6
4.513370 0.008467 3.841326 6
4.703053 8.869582 0.277675 6
8.466343 17.780160 3.441760 6
8.028979 8.792085 0.349461 1
5.169946 17.701281 3.159579 1
4.875134 9.117387 6.971372 1
7.917262 0.144924 4.211376 1
9.641077 8.372663 7.061830 6
3.198802 17.229737 3.994846 6
3.472672 9.400773 0.391473 6
9.726006 0.599598 3.428672 6
10.088862 7.679672 0.282519 1
3.150128 16.541624 3.409947 1
3.002858 10.236488 7.152903 1
9.805020 1.350544 3.891085 1
