-0.373132 7.088039 41.705017 44
6.292674 17.183095 41.766455 44
-5.834509 17.831265 41.628082 44
11.756532 14.086828 4.548129 44
6.347002 3.124296 4.539866 44
18.361185 3.795222 4.410273 44
-0.335297 21.005745 23.109421 44
-5.833250 10.175353 22.996360 44
6.167416 10.749306 23.022479 44
5.605539 9.852746 50.900746 44
0.777957 20.964290 50.972275 44
17.827264 11.188834 50.969853 44
-6.489776 16.968142 13.766284 44
0.783947 6.954377 13.711477 44
5.668447 18.211567 13.833205 44
17.900518 2.944094 32.413799 44
12.897091 13.970424 32.306837 44
5.726717 4.122013 32.290222 44
-0.660315 7.737387 43.967064 17
5.716283 16.531417 43.892143 17
-5.071113 17.825344 43.841487 17
11.390128 14.804010 6.757248 17
5.710445 2.437876 6.672288 17
19.226942 3.766988 6.734482 17
11.389724 0.711768 25.296630 17
17.999746 9.478114 25.329769 17
7.083844 10.755400 25.410808 17
4.798046 9.844802 53.156769 17
1.091428 20.389892 53.291343 17
-6.058732 11.798360 53.152196 17
-7.316660 16.882893 15.955120 17
1.064315 6.312935 16.095925 17
6.111875 18.961728 16.107615 17
16.972888 2.978938 34.668887 17
13.241114 13.292376 34.697666 17
6.119171 4.939639 34.700161 17
-0.636707 6.254786 39.531883 17
7.030533 17.281656 39.483956 17
-6.363467 18.476740 39.380607 17
11.518893 13.204314 2.178554 17
7.152005 3.236444 2.279227 17
17.937138 4.540028 2.169733 17
-0.771082 20.382798 20.900522 17
-5.159344 10.323206 20.784923 17
5.703168 11.564499 20.737540 17
6.242908 9.137283 48.673371 17
13.390047 0.783930 48.770273 17
16.993388 11.173177 48.805375 17
-6.071383 16.183205 11.571558 17
1.230266 7.841998 11.534896 17
4.803313 18.086483 11.606829 17
18.352068 2.070184 30.085397 17
13.200044 14.863179 30.136563 17
4.818279 4.026099 30.188277 17
1.209893 8.495174 41.177218 15
4.179412 17.808725 41.140212 15
-5.359996 15.684042 41.157570 15
13.372286 15.524171 3.957241 15
4.164252 3.817369 4.111084 15
19.038466 1.679886 4.117331 15
13.359853 1.475214 22.674336 15
16.246671 10.845538 22.720592 15
6.764540 8.699058 22.681409 15
1.082521 5.403161 42.176971 15
6.823256 19.257718 42.150675 15
-8.024047 17.306067 42.194894 15
13.347698 12.499857 4.890508 15
6.884110 5.391759 4.846452 15
16.312748 3.252768 4.970903 15
1.104095 19.585399 23.571236 15
-5.368891 12.412948 23.556266 15
4.222141 10.337232 23.551161 15
7.846944 10.451665 51.358399 15
11.434717 1.481538 51.404943 15
17.270096 9.066705 51.466482 15
-4.371843 17.468809 14.216627 15
-0.818872 8.587629 14.140923 15
5.125930 16.183230 14.117298 15
20.011393 3.396274 32.807503 15
11.381764 15.585392 32.840226 15
5.191367 2.049118 32.872425 15
5.145140 12.041325 50.555167 15
-0.812047 19.450690 50.559793 15
-4.435562 10.631307 50.645040 15
-6.952665 19.039566 13.394388 15
-0.783240 5.426271 13.330288 15
7.870452 17.611056 13.370414 15
17.397446 5.015241 32.016074 15
11.347033 12.419245 32.012786 15
7.776690 3.662433 32.008040 15
-2.060733 5.693730 42.092520 7
8.212430 16.515787 42.121500 7
-6.082994 19.870515 42.059680 7
10.214077 12.847780 4.911914 7
8.143874 2.496688 4.852566 7
18.216392 5.946451 4.874640 7
-2.039411 19.892544 23.446001 7
-4.091035 9.453751 23.563024 7
6.001394 12.893800 23.623773 7
-2.163374 5.177032 41.432887 1
8.832407 16.608389 41.446237 1
-6.675029 20.270228 41.524898 1
10.060158 12.196365 4.182358 1
8.826522 2.731552 4.322662 1
17.743531 6.229620 4.187218 1
-2.087647 19.080357 22.865993 1
-3.425858 9.632588 22.791755 1
5.467221 13.367126 22.807765 1
-1.878548 5.338096 42.951398 1
8.381917 16.794305 42.938348 1
-6.582267 20.018084 43.017002 1
10.436247 12.429992 5.763903 1
8.518052 2.850704 5.644442 1
17.755115 5.873007 5.675949 1
-1.855039 19.441245 24.250754 1
-3.775153 9.800817 24.375826 1
5.564850 12.886340 24.361662 1
-1.932275 8.367491 41.163680 7
5.944772 15.150702 41.153470 7
-4.011402 18.604402 41.258915 7
10.230827 15.287951 4.015087 7
5.985783 1.188545 3.991582 7
20.261941 4.667303 3.992668 7
10.128310 1.341321 22.632784 7
18.113744 8.099331 22.717335 7
8.156479 11.602538 22.620724 7
-2.073233 8.975386 41.855634 1
5.446505 14.774711 41.910026 1
-3.458080 18.443454 41.808661 1
10.030986 15.953720 4.651102 1
5.383128 0.738937 4.735715 1
20.998209 4.435104 4.658463 1
10.036935 1.991295 23.387369 1
17.641774 7.806836 23.226042 1
8.837195 11.403062 23.287825 1
-1.855840 8.627932 40.434578 1
5.502212 15.185135 40.414391 1
-3.749548 18.276788 40.348140 1
10.240757 15.790281 3.263155 1
5.447102 1.026536 3.184953 1
20.531021 4.206002 3.201016 1
10.247552 1.770193 21.741310 1
17.616040 8.015719 21.797609 1
8.535345 11.255152 21.853712 1
5.916259 7.823042 51.453579 7
14.523908 1.193907 51.418169 7
15.962175 12.002340 51.463557 7
-6.176065 14.896294 14.095415 7
2.445119 8.234686 14.115683 7
3.795037 18.913415 14.126262 7
18.113891 0.860660 32.805045 7
14.545092 15.229957 32.793622 7
3.832386 5.050129 32.673625 7
6.492855 7.406301 50.659288 1
14.634200 1.938416 50.747609 1
15.441590 11.643580 50.800149 1
-5.613138 14.495324 13.499953 1
2.448816 8.916803 13.568047 1
3.213087 18.655962 13.527019 1
18.683413 0.437382 32.117637 1
14.525734 15.950556 32.095336 1
3.237210 4.629084 32.205196 1
6.363206 7.827067 52.276162 1
14.352490 1.670161 52.143723 1
15.697118 11.664266 52.260071 1
-5.705231 14.849402 14.911988 1
2.275425 8.731059 15.065835 1
3.480059 18.747455 14.881327 1
18.474835 0.667281 33.635011 1
14.369141 15.685482 33.576416 1
3.440274 4.711136 33.508723 1
3.756792 9.119379 50.608908 7
2.484185 19.747415 50.628486 7
-6.101074 13.239358 50.477139 7
-8.305449 16.219607 13.357325 7
2.315793 5.659950 13.449556 7
5.969235 20.162522 13.360880 7
15.909735 2.058666 32.006067 7
14.565348 12.718053 32.064851 7
6.046554 6.224695 31.889248 7
3.224954 9.385160 51.189911 1
2.326193 19.207660 51.193786 1
-5.571157 13.659094 51.134396 1
-8.932199 16.483435 13.952152 1
2.435129 5.115624 13.967326 1
6.556674 20.547126 14.083413 1
15.316623 2.402180 32.543974 1
14.496401 12.101872 32.572823 1
6.546541 6.568164 32.699199 1
3.427092 9.531217 49.706661 1
2.164465 19.357995 49.707033 1
-5.642956 13.308979 49.816501 1
-8.597392 16.368958 12.471067 1
2.332922 5.398189 12.620032 1
6.457996 20.344448 12.473165 1
15.658218 2.387071 31.137144 1
14.410977 12.293936 31.203431 1
6.336501 6.365600 31.079287 1
-0.061070 10.672108 40.153714 6
2.892227 15.627191 40.212557 6
-2.771912 15.691908 40.198498 6
12.130874 17.839766 3.015099 6
2.865996 1.578921 2.922540 6
21.530364 1.760711 3.081406 6
12.137257 3.737504 21.638289 6
15.027903 8.611358 21.496817 6
9.295054 8.735874 21.564520 6
0.130465 10.448991 39.386932 1
3.006030 16.079020 39.305336 1
-3.293900 15.626743 39.291166 1
12.273244 17.435724 2.111582 1
3.155663 1.975764 2.106145 1
21.028210 1.694511 2.205887 1
12.272187 3.365949 20.850919 1
15.198532 9.019322 20.829109 1
8.941641 8.624183 20.794076 1
0.379991 10.195818 41.340316 6
3.192821 16.187126 41.435658 6
-3.462508 15.583844 41.314386 6
12.490353 17.261072 4.264311 6
3.113910 2.296954 4.231006 6
20.883182 1.683607 4.245621 6
12.466945 3.132501 22.731090 6
15.409295 9.234555 22.794283 6
8.660704 8.643223 22.874745 6
-0.171457 10.686725 42.523559 6
2.915245 15.589964 42.594450 6
-2.772125 15.905032 42.515382 6
11.925962 17.753043 5.419815 6
2.964252 1.647744 5.286616 6
21.507356 1.841265 5.345495 6
11.988836 3.550426 23.950769 6
15.221802 8.511759 24.057723 6
9.320845 8.816935 23.964429 6
0.105123 10.274886 43.453911 1
3.280119 15.946209 43.357110 1
-3.358053 15.869528 43.293146 1
12.310733 17.255821 6.182106 1
3.290760 2.037316 6.133993 1
20.999574 1.857576 6.201973 1
12.229129 3.141443 24.886815 1
15.473714 8.986598 24.780490 1
8.808374 8.822526 24.797963 1
-1.094563 11.831965 42.644663 6
2.411471 14.289655 42.612647 6
-1.538771 16.130417 42.639746 6
11.227492 18.689267 5.514171 6
2.430036 0.377730 5.408418 6
22.855981 1.930021 5.482089 6
11.202963 4.803171 24.024817 6
14.627877 7.234179 23.936231 6
10.606734 9.103544 24.116938 6
-1.285292 12.188712 41.321143 6
2.216514 13.720566 41.447040 6
-0.747898 16.067047 41.357634 6
10.768624 19.216650 4.284899 6
-9.957044 20.792143 4.215589 6
-0.889884 2.011396 4.290807 6
10.774383 5.278598 22.899871 6
14.375829 6.790952 22.759882 6
11.385378 9.173983 22.783431 6
-2.090163 13.089752 41.487997 1
1.970912 12.873917 41.332728 1
0.123822 16.272633 41.513897 1
10.185870 19.973033 4.198493 1
-10.353646 19.795341 4.161418 1
0.127377 2.278964 4.199285 1
10.198090 6.012980 22.886869 1
14.089417 5.726599 22.832776 1
12.335079 9.276747 22.915135 1
-0.950034 11.722477 40.206122 6
2.378650 14.394387 40.278447 6
-1.565074 16.034938 40.205877 6
11.288281 18.809165 3.029250 6
2.462585 0.333574 3.097197 6
22.785227 1.959138 2.917076 6
11.170494 4.804713 21.676250 6
14.516222 7.327789 21.560143 6
10.782960 8.970256 21.656003 6
0.273300 3.913519 42.001903 6
8.616049 19.367164 42.029821 6
-9.078485 18.760144 41.883313 6
12.493803 10.900296 4.723161 6
8.672306 5.441212 4.812740 6
15.274186 4.869613 4.708749 6
0.351874 17.905214 23.380773 6
-3.592326 12.471162 23.391973 6
3.213749 11.718321 23.393047 6
-0.065426 3.360606 40.782414 6
9.224372 19.296613 40.773304 6
-9.196344 19.494519 40.843103 6
12.092642 10.350912 3.470397 6
9.320550 5.131384 3.472763 6
15.154037 5.365252 3.552691 6
-0.068002 17.405868 22.239693 6
-2.867090 12.196243 22.199182 6
3.008441 12.479310 22.242077 6
0.191389 3.733693 39.906974 1
8.747509 19.215998 40.005767 1
-8.888201 18.963723 39.993492 1
12.215790 10.904067 2.821860 1
8.762390 5.235614 2.699968 1
15.304645 4.926901 2.755318 1
0.078827 17.903704 21.267869 1
-3.267038 12.270986 21.332909 1
3.174389 11.947631 21.450143 1
-1.074016 2.257564 40.662311 6
10.588647 18.956067 40.638517 6
-9.684422 20.698273 40.693705 6
11.134245 9.257524 3.447882 6
10.573826 4.926824 3.492202 6
14.747929 6.647482 3.574898 6
-1.050507 16.277171 22.137049 6
-1.496794 11.933221 22.017326 6
2.419292 13.747968 22.128407 6
22.868045 1.729912 42.030761 6
11.324577 18.901283 42.015749 6
2.174561 0.352211 42.033185 6
10.751959 8.761436 4.777025 6
11.266134 4.954086 4.656739 6
14.394555 7.412959 4.780587 6
-1.475074 15.770779 23.279687 6
-0.889473 11.928561 23.350891 6
2.271510 14.333739 23.327821 6
22.295621 1.057251 41.846647 1
12.358051 18.906799 42.003733 1
1.787832 1.106160 41.894692 1
10.208992 7.998107 4.733159 1
12.315272 4.878622 4.802175 1
13.918986 8.226712 4.826508 1
-1.955750 14.995347 23.245067 1
0.211662 11.886048 23.390520 1
1.874011 15.212142 23.248696 1
-1.004347 2.191817 43.244969 6
10.700795 19.137572 43.070512 6
-9.867604 20.852667 43.085929 6
11.154644 9.183176 6.017347 6
10.738085 5.044849 5.990068 6
14.450299 6.742922 5.870474 6
-0.890515 16.173991 24.603874 6
-1.427687 12.122524 24.570392 6
2.439111 13.799836 24.540440 6
-0.086865 3.160635 43.155088 6
9.437440 19.450207 43.214795 6
-9.395983 19.420886 43.186766 6
12.144958 10.278033 5.997827 6
9.362544 5.421514 5.893416 6
14.997610 5.439934 6.029644 6
0.002176 17.354774 24.604816 6
-2.763846 12.249063 24.546898 6
2.898933 12.432409 24.488868 6
0.227530 3.660389 43.995933 1
8.965740 19.518400 44.038620 1
-9.278069 19.149659 43.962948 1
12.309335 10.567022 6.882490 1
8.883855 5.395332 6.879115 1
15.040618 5.008573 6.767891 1
0.302629 17.684762 25.330476 1
-3.243024 12.364105 25.425629 1
3.008468 11.998435 25.445531 1
8.819123 8.951180 51.276663 6
12.127989 3.154411 51.382300 6
15.515888 8.965314 51.283311 6
-3.328561 16.005903 14.220286 6
-0.066379 10.245150 14.052456 6
3.235034 15.918064 14.226110 6
20.982259 1.848074 32.798038 6
12.257377 17.248025 32.828956 6
3.400686 1.977819 32.724904 6
9.252853 8.469636 52.441848 6
12.429227 3.663679 52.447819 6
14.811207 8.940080 52.444805 6
-3.073505 15.458025 15.314522 6
0.231404 10.708521 15.385268 6
2.758918 16.003000 15.362954 6
21.326242 1.433903 33.825253 6
12.513349 17.857706 33.990941 6
2.594090 1.856136 33.990005 6
8.877989 8.865271 53.235561 1
12.143334 3.305988 53.329006 1
15.284093 8.863262 53.267744 1
-3.163319 15.938579 16.019561 1
0.018148 10.293663 16.095487 1
3.157706 15.787458 16.080765 1
21.183029 1.916154 34.808918 1
12.167488 17.347059 34.735691 1
3.160577 1.907887 34.621323 1
9.968886 6.473788 53.879368 6
13.668280 5.463150 54.004953 6
12.803112 9.016078 53.855513 6
-2.063862 13.525436 16.702770 6
1.437724 12.504013 16.718582 6
0.680683 16.198385 16.778361 6
10.035868 20.642643 35.424144 6
-10.661842 19.382666 35.399271 6
0.665412 2.062771 35.332487 6
10.449671 5.717620 53.813185 1
14.201199 6.176531 53.762945 1
11.773547 9.223776 53.861066 1
-1.659192 12.622283 16.543241 1
1.931716 13.151330 16.659848 1
-0.393068 16.092758 16.519735 1
10.547171 19.749216 35.125201 1
-10.082883 20.223544 35.256401 1
-0.281574 2.183579 35.109439 1
9.299916 6.376200 54.363693 1
14.053830 4.839805 54.428747 1
13.113231 9.933423 54.426410 1
-2.974892 13.554250 17.321232 1
1.877833 11.692485 17.235403 1
0.898475 16.882120 17.256460 1
9.199201 20.459792 35.855614 1
-10.202452 18.835943 35.945166 1
0.931784 2.812303 35.828289 1
10.604747 7.208599 54.421110 1
12.863361 5.745130 54.434690 1
13.046655 8.218222 54.382914 1
-1.559878 14.215616 17.243477 1
0.642347 12.583892 17.307642 1
0.880850 15.242845 17.292167 1
22.806808 0.225456 35.741811 1
12.742637 19.691047 35.819900 1
0.886581 1.296118 35.869958 1
9.954858 6.457748 51.360432 6
13.755628 5.445659 51.405685 6
12.718822 9.074718 51.400056 6
-2.104167 13.545249 14.220088 6
1.547950 12.407240 14.190286 6
0.593113 16.142213 14.219778 6
9.955544 20.564298 32.821786 6
-10.697850 19.422600 32.932022 6
0.633359 2.187434 32.832937 6
10.393681 5.629555 51.596797 1
14.140872 6.262839 51.603819 1
11.911985 9.191573 51.526727 1
-1.691237 12.596611 14.405535 1
1.984209 13.342767 14.377969 1
-0.346623 16.146979 14.295643 1
10.486899 19.787074 32.897037 1
-10.067018 20.225803 33.005950 1
-0.413624 2.094208 32.842437 1
9.647632 6.905288 50.112185 6
13.412223 4.856211 50.109639 6
13.334716 9.223924 50.124358 6
-2.580666 14.107374 13.090614 6
1.242405 11.895197 13.012077 6
1.226321 16.290955 12.953236 6
21.911860 0.046221 31.634384 6
13.327276 18.863146 31.558135 6
1.304147 2.169680 31.600771 6
9.127867 8.289454 50.183867 6
12.601005 3.651659 50.191567 6
14.709679 9.069016 50.125997 6
-3.166293 15.226764 12.958554 6
0.495322 10.695702 13.009532 6
2.652769 16.116540 12.962407 6
21.156605 1.170954 31.520998 6
12.577314 17.818568 31.482909 6
2.683858 2.000733 31.543019 6
8.791469 8.598420 49.288330 1
12.429404 3.299553 49.283686 1
15.163975 9.254722 49.275663 1
-3.347321 15.662288 12.172977 1
0.266421 10.212035 12.156492 1
3.147289 16.271679 12.105046 1
20.919562 1.678012 30.708599 1
12.387724 17.251376 30.795567 1
3.080091 2.088652 30.694728 1
2.602005 8.507133 42.498477 6
3.504979 19.069438 42.351945 6
-6.126670 14.680068 42.428172 6
14.799761 15.487208 5.152737 6
3.451187 5.022002 5.286944 6
18.291937 0.547006 5.239993 6
14.658381 1.497138 23.879772 6
15.623950 12.102376 23.723153 6
6.121341 7.627660 23.900190 6
2.606406 9.329040 43.508094 6
2.759334 18.696366 43.403321 6
-5.308728 14.068394 43.491900 6
14.821707 16.372203 6.158878 6
2.727336 4.617697 6.302434 6
18.990127 0.074251 6.194008 6
14.845494 2.348298 24.841422 6
14.810514 11.655376 24.939379 6
6.852226 7.064867 24.780540 6
2.085431 10.167229 43.476845 1
2.272676 17.738524 43.453303 1
-4.427336 14.186076 43.524553 1
14.204595 17.222951 6.346637 1
2.284617 3.798919 6.360045 1
19.900700 0.106504 6.292258 1
14.200920 3.103163 24.874713 1
14.538750 10.841991 24.835434 1
7.728685 7.117844 24.864259 1
3.508794 7.439437 42.294614 6
3.922911 20.355746 42.168392 6
-7.366403 14.300583 42.191528 6
15.702888 14.610514 5.128400 6
4.011281 6.259241 5.052869 6
16.975579 0.182119 4.965208 6
15.610851 0.552035 23.637550 6
16.164450 13.243627 23.673687 6
4.702560 7.352759 23.728481 6
3.681309 9.384095 44.488907 6
2.259674 19.541660 44.494146 6
-5.937991 13.263149 44.491343 6
-8.546068 16.257697 7.293897 6
2.294463 5.584885 7.227326 6
6.148653 20.330673 7.193982 6
15.849688 2.338715 25.822111 6
14.424201 12.540227 25.777833 6
6.251059 6.172202 25.824725 6
4.476062 7.438110 43.200697 6
15.601866 0.153789 43.274169 6
16.394673 13.554175 43.321159 6
-7.742053 14.374028 5.957407 6
3.479278 7.162209 6.114558 6
4.146587 20.450954 6.144846 6
16.719301 0.375846 24.585518 6
15.748226 14.268613 24.693004 6
4.237799 6.497770 24.587311 6
3.567146 6.582175 41.089369 6
4.758343 20.775749 41.110333 6
-8.174605 14.780619 41.171306 6
15.682620 13.616271 3.802529 6
4.727263 6.672628 3.881848 6
16.096285 0.711600 3.865376 6
3.427959 20.670073 22.457506 6
-7.329376 13.726657 22.409576 6
3.928830 7.829170 22.449125 6
2.531912 5.612648 40.911577 6
6.052800 20.466585 40.922283 6
-8.663285 16.116802 41.061260 6
14.794154 12.561992 3.707390 6
6.042354 6.492848 3.791552 6
15.675273 2.075264 3.815160 6
2.526926 19.487069 22.338806 6
-6.051371 13.525989 22.464234 6
3.559777 9.044543 22.379988 6
2.659355 4.589718 39.853079 6
6.861564 21.050574 40.009895 6
14.836507 16.332921 39.823825 6
14.888085 11.674846 2.627922 6
6.852743 7.013688 2.730339 6
14.901787 2.268069 2.629156 6
2.621605 18.585800 21.259554 6
-5.337513 14.000562 21.381380 6
2.664294 9.294235 21.241372 6
2.081187 3.979129 39.920386 1
7.707353 20.941450 39.877162 1
-9.828292 17.366269 39.946496 1
14.263516 10.997464 2.613224 1
7.663886 6.831535 2.704312 1
14.459531 3.229450 2.559567 1
2.046052 17.861205 21.169748 1
-4.427559 13.972195 21.222951 1
2.431755 10.204152 21.259993 1
3.556894 4.694054 38.866479 6
18.443565 0.832127 38.970680 6
14.515097 15.534928 38.930800 6
15.868652 11.739730 1.704711 6
6.189979 7.888962 1.857790 6
14.347309 1.513568 1.818045 6
3.604869 18.749035 20.419188 6
-5.948211 14.851177 20.320941 6
2.315416 8.567607 20.438908 6
4.575069 6.666926 40.137734 6
16.281318 0.503000 40.208420 6
15.684577 13.819382 40.089050 6
-7.769226 13.630562 2.902734 6
4.189173 7.544126 2.935350 6
3.626786 20.850678 2.831455 6
4.510025 20.781644 21.572993 6
-8.001069 14.635467 21.580505 6
3.622258 6.832564 21.597522 6
2.050725 5.315579 43.613125 6
6.579812 20.297873 43.732120 6
-8.672668 16.709984 43.615004 6
14.273871 12.213911 6.517976 6
6.634370 6.302932 6.469669 6
15.733507 2.622680 6.447752 6
2.028243 19.323928 25.080263 6
-5.531988 13.323594 24.979839 6
3.454342 9.668797 25.053415 6
3.087184 4.296696 43.836538 6
19.253382 0.503717 43.784155 6
14.338247 16.443798 43.740446 6
15.092046 11.275739 6.509899 6
7.052765 7.446997 6.594636 6
14.337885 2.309627 6.631908 6
3.087136 18.323659 25.143684 6
-5.107151 14.522449 25.243947 6
2.085948 9.305494 25.137583 6
3.117775 3.504972 43.048076 1
19.765750 0.909499 43.094186 1
13.724125 16.674922 43.139988 1
15.226235 10.526356 5.759920 1
7.589213 7.847177 5.841932 1
13.746914 2.510696 5.833558 1
3.151577 17.571853 24.375626 1
-4.641665 14.890074 24.407739 1
1.644245 9.590194 24.519167 1
3.882614 4.133022 44.816185 6
18.928454 1.221992 44.857196 6
13.785240 15.677293 44.913778 6
16.050297 11.115482 7.662167 6
6.774371 8.207730 7.729903 6
13.672631 1.689626 7.676606 6
3.774010 18.146630 26.220032 6
-5.462842 15.296390 26.253983 6
1.640666 8.811284 26.148612 6
3.674436 4.935156 45.873877 6
18.357780 0.704763 45.846641 6
14.513884 15.387880 45.814694 6
15.845542 11.903908 8.704593 6
6.090503 7.864179 8.673079 6
14.487770 1.325562 8.756180 6
3.656710 18.854650 27.342829 6
-6.037229 14.817965 27.332412 6
2.331730 8.387951 27.248598 6
4.291332 4.718732 46.714356 1
18.069776 1.217963 46.614534 1
14.113584 15.116067 46.609026 1
16.438874 11.731169 9.503482 1
6.039329 8.235138 9.450634 1
14.131552 0.923002 9.339950 1
4.282969 18.772915 28.013778 1
-6.145519 15.245065 28.129321 1
1.930876 8.093521 28.012570 1
2.797343 5.885464 45.845196 6
5.595145 20.561667 45.828249 6
-8.433373 15.682772 45.862541 6
14.899552 12.833160 8.704387 6
5.645714 6.551975 8.659970 6
15.877617 1.632230 8.590932 6
2.805850 20.007439 27.284666 6
-6.583875 13.527543 27.264490 6
3.750284 8.666853 27.208124 6
3.753103 10.301090 45.609867 6
1.496694 19.111267 45.553649 6
-5.023393 12.809702 45.536761 6
-8.513827 17.352431 8.386474 6
1.448447 5.140543 8.370208 6
7.008265 19.811049 8.313982 6
15.907403 3.317403 26.900243 6
13.558472 12.153482 26.980175 6
6.995050 5.645030 26.989355 6
2.832355 10.949849 45.479188 1
1.406381 18.105474 45.583859 1
-4.243026 13.031910 45.468542 1
-9.177688 17.799668 8.217379 1
1.229756 4.160042 8.329764 1
7.912291 20.047608 8.286548 1
14.978146 3.791713 26.821901 1
13.409934 11.029021 26.854874 1
7.980679 6.186028 26.841937 1
4.437624 10.809175 45.573799 1
0.574707 19.549233 45.484132 1
-5.041730 11.851611 45.504476 1
-7.730274 17.771394 8.237200 1
0.450310 5.546898 8.254206 1
7.188008 18.804004 8.371898 1
16.636972 3.835306 26.914707 1
12.744567 12.442579 26.854734 1
7.050620 4.686291 26.892060 1
3.759789 9.874256 46.376351 1
1.879355 19.429413 46.359177 1
-5.489171 12.963574 46.440303 1
-8.437185 16.856225 9.221731 1
1.912122 5.359893 9.245620 1
6.541432 19.936108 9.131981 1
15.933721 2.764619 27.816104 1
13.932499 12.402832 27.728032 1
6.687285 6.050257 27.827847 1
5.407093 7.671121 40.239493 6
14.993438 0.774413 40.076012 6
16.186568 12.564903 40.230021 6
-6.805793 14.717928 2.886122 6
2.712991 7.785279 2.862472 6
3.969150 19.523287 2.869842 6
17.629580 0.664301 21.656644 6
15.026369 14.868327 21.574969 6
4.037953 5.579641 21.547630 6
5.343996 8.342974 40.830853 1
14.505739 0.548349 40.902404 1
16.603669 12.270365 40.914045 1
-6.701234 15.380038 3.757795 1
2.316059 7.572212 3.677813 1
4.440232 19.265001 3.622911 1
17.557697 1.359119 22.247526 1
14.476610 14.630075 22.194681 1
4.393515 5.297428 22.241810 1
6.245271 7.902250 39.229012 6
14.351158 1.592765 39.201389 6
15.828387 11.676758 39.151647 6
-5.759210 14.796994 2.008522 6
2.235505 8.645560 2.040451 6
3.695395 18.641647 2.005414 6
18.410093 0.732791 20.558717 6
14.354645 15.664695 20.698602 6
3.534263 4.612922 20.610367 6
6.897463 8.549980 39.219095 1
13.457929 1.688721 39.301728 1
16.156953 10.708017 39.268867 1
-5.254671 15.517710 2.057664 1
1.280814 8.752271 2.039053 1
3.999557 17.835222 2.024161 1
19.116583 1.555513 20.618561 1
13.375929 15.777761 20.742397 1
3.893952 3.664141 20.576408 1
6.490080 6.886729 38.228522 6
15.020321 2.001962 38.117540 6
15.079529 12.088423 38.152363 6
-5.734463 14.088851 0.943742 6
2.896529 9.081742 1.000621 6
2.925555 19.038187 0.853251 6
18.628855 0.027326 19.634605 6
-9.293406 16.109449 19.547578 6
2.876433 5.005409 19.564067 6
3.759370 3.822342 37.923235 6
19.305388 1.258667 37.756211 6
13.568520 15.995062 37.859175 6
15.942183 10.750993 0.708775 6
7.131357 8.427282 0.725948 6
13.629950 1.920913 0.669097 6
3.614235 17.742127 19.245102 6
-5.028787 15.410186 19.245682 6
1.423478 8.934259 19.318710 6
2.940687 3.188796 37.799405 1
20.198577 1.032464 37.833129 1
13.342973 16.860016 37.820310 1
15.046356 10.083080 0.727188 1
8.033268 7.932004 0.714352 1
13.378421 2.981202 0.648364 1
2.978320 17.206248 19.272404 1
-4.123686 15.064830 19.280437 1
1.171883 9.842382 19.288560 1
4.440117 3.152848 37.816669 1
19.228844 2.380715 37.814226 1
12.662069 15.429611 37.803901 1
16.617879 10.252854 0.710763 1
7.057918 9.356004 0.758929 1
12.664021 1.524704 0.744811 1
4.546806 17.211180 19.275994 1
-5.057113 16.338797 19.264085 1
0.562437 8.429054 19.298740 1
3.726075 4.289252 36.893272 1
18.875657 0.995204 37.060194 1
14.098455 15.735728 36.981832 1
15.809220 11.328375 55.648809 1
6.558795 8.018755 55.528256 1
14.009170 1.828331 55.614291 1
3.582047 18.350201 18.375439 1
-5.445649 15.141793 18.393930 1
1.884019 8.764712 18.295483 1
7.488334 7.219413 37.083866 6
14.369033 2.840427 36.971787 6
14.596400 11.016655 37.015681 6
-4.804335 14.132124 55.568073 6
2.142897 9.826621 55.563838 6
2.514462 18.101049 55.607954 6
19.541706 0.236207 18.492548 6
14.267432 16.944617 18.382519 6
2.620890 3.921313 18.355775 6
7.235012 6.601089 36.275638 1
15.011540 2.988876 36.270134 1
14.170354 11.504745 36.278216 1
-4.930990 13.528731 55.038355 1
2.804456 10.126805 54.913438 1
1.957135 18.476757 54.972293 1
7.220371 20.515359 17.745850 1
-9.340217 17.035377 17.731598 1
1.934889 4.385048 17.800374 1
8.338482 7.080135 37.327129 1
13.972220 3.699218 37.407952 1
14.215673 10.173381 37.354079 1
-3.786070 14.223666 0.136415 1
1.860194 10.611621 0.174399 1
2.120736 17.303223 0.190361 1
20.552708 0.098750 18.727755 1
13.865863 17.694608 18.881049 1
2.080195 3.271182 18.835206 1
7.302999 8.153439 36.614623 1
13.599309 2.164399 36.620527 1
15.503730 10.682478 36.604505 1
-4.904310 15.154817 55.280438 1
1.538868 9.318215 55.315619 1
3.293371 17.757940 55.198320 1
19.460222 1.012201 18.078933 1
13.588368 16.314631 17.987755 1
3.367929 3.621481 17.947769 1
4.491474 8.319745 44.393828 6
2.719349 20.836285 44.314082 6
-7.254455 12.901740 44.237313 6
-7.548910 15.259768 7.104641 6
2.718246 6.808046 7.061494 6
4.880438 20.032362 7.032712 6
16.766476 1.192265 25.719089 6
14.917952 13.912210 25.772876 6
4.947641 5.995989 25.652255 6
1.215398 11.972248 51.801915 6
1.242612 16.246401 51.660886 6
-2.503009 14.068540 51.628665 6
13.358981 18.899154 14.544640 6
1.203394 2.210412 14.581538 6
9.621326 21.024043 14.446610 6
13.420310 4.894938 33.159375 6
13.318303 9.146460 33.145278 6
9.593495 6.929323 33.143952 6
2.653022 12.043228 51.678134 6
0.511355 17.256255 51.870591 6
-3.049989 12.924126 51.767580 6
-9.589770 18.921928 14.475674 6
0.566211 3.303262 14.524256 6
9.011136 19.783798 14.555717 6
14.766368 4.978739 33.194852 6
12.595748 10.263412 33.177877 6
8.966232 5.723081 33.148679 6
2.992255 11.845821 52.640744 1
0.409761 17.777785 52.533989 1
-3.444655 12.404619 52.590129 1
-9.156732 18.811118 15.378443 1
0.363491 3.704942 15.491039 1
8.843050 19.412722 15.345366 1
15.282148 4.772003 33.999520 1
12.428304 10.701899 34.030306 1
8.665409 5.427995 34.083670 1
3.369257 12.090288 50.684233 6
-0.040819 17.941284 50.551237 6
-3.328731 12.082603 50.713472 6
-8.915397 19.138013 13.521434 6
-0.060090 3.813879 13.406139 6
8.833768 19.132976 13.354506 6
15.406720 5.065757 32.140156 6
12.224996 10.902528 32.147510 6
8.827476 5.056314 31.990813 6
2.618107 12.178480 49.449517 6
0.393447 17.386973 49.408527 6
-2.994883 12.614330 49.516197 6
-9.479664 19.083822 12.152009 6
0.325930 3.342587 12.153787 6
9.119437 19.613746 12.164832 6
14.749207 5.101153 30.914369 6
12.434432 10.344534 30.760275 6
9.215994 5.670611 30.762621 6
3.236651 12.222770 48.605041 1
-0.072660 17.830063 48.681376 1
-3.271674 12.279998 48.648954 1
-8.883573 19.113962 11.418087 1
0.086697 3.803249 11.458365 1
8.963177 19.218646 11.376539 1
15.314783 5.070526 30.059000 1
12.272520 10.746350 30.048892 1
8.960461 5.118748 30.096436 1
1.269372 11.905272 49.338065 6
1.145755 16.199052 49.469291 6
-2.397388 13.921789 49.325526 6
-10.842177 19.118327 12.147277 6
1.071942 2.238920 12.266515 6
9.706269 20.972301 12.128028 6
13.547929 5.053560 30.859021 6
13.279889 9.288926 30.789185 6
9.782941 6.975813 30.865007 6
0.640616 11.867206 50.424564 6
1.497564 15.595731 50.498647 6
-2.064791 14.527167 50.423158 6
12.877516 18.936117 13.365410 6
1.538852 1.634902 13.341965 6
22.110491 0.460744 13.392135 6
12.822888 4.814304 31.994007 6
13.624574 8.610665 31.995856 6
10.064090 7.599065 31.899240 6
-0.396179 11.852097 50.434427 1
1.947505 14.886573 50.400825 1
-1.769648 15.467665 50.560705 1
11.891447 18.880105 13.288770 1
2.095801 0.878335 13.195865 1
22.546421 1.293171 13.179754 1
11.823898 4.924834 31.873310 1
14.183186 7.782046 31.810725 1
10.458392 8.337646 31.874078 1
0.651278 11.938304 47.936985 6
1.446916 15.772448 47.967239 6
-2.229933 14.471090 48.010907 6
12.791425 18.918203 10.823406 6
1.423357 1.603185 10.881945 6
22.106421 0.400630 10.770795 6
12.899271 4.952089 29.301145 6
13.680893 8.672510 29.473973 6
10.065864 7.487832 29.399203 6
-0.204437 11.999657 48.113942 1
1.926501 14.939009 48.156524 1
-1.619662 15.418337 48.116888 1
11.891635 18.995023 10.956966 1
1.980614 0.812346 10.930269 1
22.678751 1.214588 10.928275 1
11.834010 4.893950 29.457780 1
14.134988 7.823128 29.439394 1
10.443360 8.409173 29.432642 1
1.011284 11.149497 47.468693 1
1.973232 16.304413 47.448119 1
-3.003849 14.602306 47.586628 1
13.237042 18.241495 10.276516 1
1.887154 2.375951 10.378777 1
21.330105 0.544713 10.347793 1
13.252660 4.125942 28.882906 1
14.002531 9.359112 28.924513 1
9.128321 7.524888 28.904140 1
0.998344 12.904876 47.509111 1
0.661994 15.411012 47.474028 1
-1.614517 13.797960 47.505255 1
-11.166893 19.791941 10.329337 1
0.683327 1.314164 10.233014 1
10.581370 20.953687 10.277661 1
13.134424 5.799004 28.957456 1
12.786123 8.455784 28.998966 1
10.652309 6.877912 28.980429 1
4.576613 5.771249 39.085570 6
17.029679 1.105230 39.050237 6
14.898872 14.293321 39.150323 6
16.684111 12.793720 1.830422 6
4.978951 8.013620 1.939041 6
14.776724 0.157262 1.781604 6
4.603603 19.709907 20.381743 6
-7.289565 15.193885 20.421539 6
2.616587 7.164952 20.381185 6
5.593035 5.850297 38.015598 6
16.502539 1.771889 38.115534 6
14.551562 13.360130 37.994003 6
-6.512751 12.906923 0.890967 6
4.334249 8.859288 0.882976 6
2.416898 20.368221 0.893259 6
5.571862 20.067431 19.384176 6
-7.867491 15.872251 19.474320 6
2.384868 6.330904 19.377026 6
5.633147 5.233589 37.399617 1
17.002483 2.156868 37.423704 1
14.038806 13.443159 37.311077 1
-6.619218 12.248937 0.134807 1
4.745220 9.156682 0.091075 1
1.793812 20.657701 0.089390 1
5.574154 19.306784 18.785682 1
-7.429389 16.146173 18.723413 1
1.731225 6.573104 18.710556 1
2.921423 9.782514 39.623094 6
2.160891 18.776844 39.664167 6
-5.120131 13.582688 39.606268 6
-9.098982 16.819180 2.478896 6
2.198155 4.751706 2.460819 6
7.042621 20.552605 2.472671 6
15.213162 2.773628 21.092762 6
14.259828 11.733707 21.132524 6
6.964863 6.542230 21.089423 6
3.034207 10.438839 40.396955 1
1.528931 18.604722 40.332506 1
-4.690862 13.108482 40.410772 1
-9.056308 17.414280 3.167475 1
1.539342 4.545287 3.121670 1
7.560605 20.233545 3.284440 1
15.290195 3.435897 21.709614 1
13.725598 11.532285 21.777920 1
7.522795 6.208737 21.831280 1
3.707331 10.081199 38.481763 6
1.618275 19.242774 38.563690 6
-5.319720 12.824329 38.623886 6
-8.460082 17.124350 1.317809 6
1.535972 5.299084 1.248645 6
6.852824 19.796427 1.397269 6
15.837011 2.963592 20.028068 6
13.776275 12.360137 20.009775 6
6.730293 5.765532 19.846834 6
3.725687 9.284350 37.518601 6
2.452034 19.572485 37.575381 6
-5.944930 13.187699 37.439610 6
-8.459362 16.219186 0.278593 6
2.445418 5.525339 0.306374 6
6.136415 20.236205 0.257266 6
15.788022 2.151527 18.875043 6
14.622155 12.594704 18.980963 6
6.106673 6.198405 18.951828 6
4.182011 9.278283 36.736110 1
2.071882 20.133116 36.785473 1
-6.287880 12.825098 36.788909 1
-7.914925 16.373799 55.418283 1
2.055740 6.098161 55.400800 1
5.989996 19.845839 55.413585 1
16.463676 2.280136 18.171786 1
14.080099 13.124584 18.214358 1
5.957196 5.659955 18.209483 1
2.673427 8.118263 37.596393 6
3.654895 19.445912 37.582240 6
-6.505391 14.518624 37.559664 6
15.016513 15.149967 0.356131 6
3.750483 5.402107 0.229222 6
17.880785 0.486265 0.304211 6
14.885813 1.229395 18.970451 6
15.840728 12.395389 18.974508 6
5.766274 7.612685 18.862639 6
1.948794 7.947065 38.578334 6
4.154127 18.783076 38.641041 6
-6.300063 15.246284 38.700565 6
14.218446 15.036730 1.378110 6
4.228149 4.773989 1.373221 6
18.090001 1.273104 1.357682 6
14.181470 1.003388 20.008057 6
16.428062 11.710609 20.000007 6
5.982878 8.354930 20.018519 6
1.334497 7.253009 38.597492 1
5.160903 18.556448 38.646208 1
-6.451292 16.320247 38.604951 1
13.584380 14.222898 1.548354 1
5.083606 4.491357 1.442978 1
17.846605 2.164337 1.468063 1
13.626237 0.189131 20.048400 1
17.242288 11.670544 20.146128 1
5.658644 9.308962 20.014721 1
2.193428 8.827657 39.642232 6
3.440875 18.529457 39.763253 6
-5.623775 14.769700 39.762851 6
14.268165 15.897923 2.420492 6
3.450279 4.439136 2.494125 6
18.702421 0.753412 2.570989 6
14.217276 1.767850 21.124386 6
15.532030 11.530583 20.990020 6
6.585933 7.767989 20.992531 6
6.480714 7.173638 45.286485 6
15.036947 1.936373 45.266030 6
15.159250 11.948431 45.120096 6
-5.685936 14.150297 8.073059 6
2.728044 9.071105 7.940867 6
2.970471 18.983217 7.927573 6
18.575962 0.093577 26.560206 6
-9.271691 16.059715 26.658931 6
2.993396 4.997623 26.555789 6
6.276008 6.208342 44.101289 6
15.749436 2.337779 44.165757 6
14.405925 12.380705 44.128027 6
-5.805243 13.175776 6.840922 6
3.518778 9.442808 6.937872 6
2.155508 19.467901 6.888817 6
6.378729 20.196489 25.481753 6
-8.576334 16.339140 25.426779 6
2.258912 5.495225 25.577437 6
6.857587 5.409540 44.051331 1
16.167560 3.306269 43.977612 1
13.478649 12.279793 43.992222 1
-5.197933 12.570524 6.823876 1
3.937446 10.341503 6.808099 1
1.197552 19.232493 6.845204 1
6.925131 19.512032 25.519464 1
-8.208187 17.309311 25.495825 1
1.223305 5.172213 25.456015 1
5.356849 6.360510 43.211501 6
16.049677 1.486634 43.131232 6
15.005899 13.228143 43.124576 6
-6.731767 13.369700 5.967117 6
4.018849 8.575375 6.033555 6
2.873264 20.224459 6.014144 6
5.367111 20.465613 24.679445 6
-8.229196 15.457419 24.610299 6
2.847978 6.194109 24.651176 6
5.333316 5.676675 42.491554 1
16.593474 1.873073 42.488626 1
14.446469 13.467549 42.513692 1
-6.683883 12.852510 5.277044 1
4.545165 8.804566 5.249751 1
2.255571 20.433464 5.220441 1
5.320940 19.714127 23.812095 1
-7.734501 15.934947 23.841290 1
2.338206 6.479301 23.790117 1
-1.458301 12.201684 44.017000 6
2.435496 13.714494 43.849112 6
-0.795213 16.227006 43.917498 6
10.671173 19.279077 6.714498 6
-9.851276 20.652212 6.710489 6
-0.853119 2.145942 6.794119 6
10.676342 5.103182 25.377049 6
14.587516 6.691413 25.419514 6
11.275680 9.241935 25.365619 6
-2.160563 12.909888 43.772673 1
2.005798 12.828635 43.818604 1
0.073354 16.461820 43.713577 1
9.961917 19.942470 6.503832 1
-10.222207 19.713867 6.663726 1
0.233339 2.361179 6.628444 1
10.013534 5.984785 25.186734 1
14.216137 5.707840 25.129622 1
12.376254 9.441557 25.193194 1
-0.766003 12.532368 44.426392 1
1.785737 14.231177 44.563713 1
-0.867955 15.532586 44.559665 1
11.309444 19.438608 7.263354 1
1.625432 0.000110 7.249856 1
23.447741 1.397983 7.299058 1
11.410829 5.402503 25.823857 1
13.885619 7.095165 25.821010 1
11.152324 8.437291 25.877781 1
-1.921493 11.438525 44.289663 1
3.310691 13.520077 44.360140 1
-1.167763 17.103010 44.441445 1
10.165946 18.502111 7.133216 1
-8.897688 20.689051 7.261331 1
-1.116226 3.043687 7.167577 1
10.181734 4.508448 25.792223 1
15.339046 6.567554 25.696709 1
10.895067 10.126753 25.806333 1
23.007475 1.555559 44.411857 6
11.444138 19.086897 44.353307 6
2.178337 0.341148 44.348350 6
10.771869 8.605118 7.271570 6
11.498742 5.092142 7.208202 6
14.269163 7.408569 7.163872 6
-1.278040 15.752962 25.922859 6
-0.635485 12.049362 25.846613 6
2.120268 14.376857 25.819327 6
22.350958 0.874680 44.361036 1
12.305288 18.874917 44.304878 1
1.720219 1.230433 44.258179 1
10.153078 7.952723 7.130527 1
12.365985 4.906953 7.116758 1
13.907443 8.335927 7.107258 1
-1.943029 14.833895 25.776012 1
0.252458 11.838683 25.722967 1
1.655820 15.255792 25.759573 1
22.409595 2.363499 44.867913 1
11.023581 18.392877 45.026737 1
3.030141 0.484900 44.910331 1
10.214245 9.376315 7.846821 1
11.140469 4.188847 7.661871 1
15.156602 7.405970 7.737848 1
-1.877598 16.453402 26.293749 1
-1.023503 11.359607 26.396822 1
2.940496 14.525036 26.282422 1
-0.495326 1.379642 45.057335 1
11.293036 19.946189 45.046392 1
-10.634113 20.799846 45.010398 1
11.516682 8.378900 7.744511 1
11.192687 5.859573 7.695230 1
13.587555 6.866518 7.683964 1
-0.615984 15.308722 26.321194 1
-0.817471 12.783540 26.298367 1
1.540072 13.955693 26.370759 1
8.302173 11.891103 55.206028 6
9.855457 1.286379 55.280678 6
18.149976 8.014813 55.247515 6
-3.913427 18.950381 17.988350 6
-2.233121 8.345918 18.081566 6
6.029117 15.006180 17.973646 6
20.513750 4.847228 36.647024 6
9.997491 15.269047 36.509123 6
6.041100 0.987917 36.679422 6
7.785024 11.274331 54.130410 6
10.640367 1.003700 54.143248 6
18.137498 8.787329 54.063203 6
-4.355362 18.408729 16.805587 6
-1.546959 8.105113 16.905854 6
5.877532 15.805917 16.853347 6
19.957894 4.349580 35.394254 6
10.587548 15.121620 35.473150 6
6.003941 1.723158 35.426831 6
6.779423 11.018850 54.065719 1
11.276141 0.347103 54.029656 1
18.310193 9.612833 53.972416 1
-5.317050 18.073097 16.909844 1
-0.763793 7.316614 16.836330 1
6.124870 16.651872 16.905780 1
19.005455 4.003267 35.365855 1
11.295894 14.332815 35.520566 1
6.113232 2.635600 35.361652 1
8.437885 11.041251 52.980535 6
10.479554 1.801198 52.968665 6
17.484863 8.171146 52.836067 6
-3.621314 18.096865 15.684288 6
-1.650146 8.835521 15.634575 6
5.503466 15.152851 15.717356 6
20.668564 4.118260 34.346903 6
10.349170 15.820086 34.351401 6
5.338141 1.202101 34.343614 6
9.783076 11.427053 52.855855 6
9.454539 2.826466 52.969944 6
17.245528 6.781948 52.910365 6
-2.339129 18.398549 15.720029 6
-2.707750 9.816720 15.768979 6
4.944164 13.840831 15.645086 6
-2.317613 4.429243 34.268121 6
9.547777 16.837682 34.257876 6
-7.230658 20.799228 34.297454 6
10.273321 11.379330 52.070465 1
9.295660 3.329669 52.179166 1
16.737277 6.495214 52.186073 1
-1.896882 18.327632 14.915634 1
-2.826475 10.320065 14.959535 1
4.745403 13.437238 14.812102 1
-1.781768 4.299534 33.533729 1
9.312443 17.270989 33.502555 1
-7.534691 20.462537 33.455964 1
10.427247 12.063702 54.125842 6
8.651457 2.975858 54.014042 6
17.390528 6.136530 54.109190 6
-1.753709 19.044290 16.820681 6
-3.394571 10.037288 16.887975 6
5.216282 13.087694 16.816393 6
-1.828983 4.977671 35.458225 6
8.685985 17.083124 35.397806 6
-7.029631 20.081198 35.512936 6
9.618321 12.222663 55.228767 6
9.029105 2.315105 55.093139 6
17.911906 6.696560 55.085882 6
-2.532952 19.245489 17.891220 6
-3.230073 9.215099 17.977428 6
5.696553 13.726828 18.077096 6
-2.521438 5.089204 36.521786 6
9.038622 16.313724 36.509750 6
-6.364816 20.713583 36.632278 6
10.122774 12.450693 0.167599 1
8.514225 2.424085 0.170441 1
17.916817 6.170111 0.109852 1
-2.102508 19.546053 18.849065 1
-3.643832 9.573954 18.708756 1
5.800984 13.123046 18.823763 1
-2.169187 5.422129 37.388595 1
8.390354 16.493145 37.375424 1
-6.403292 20.044597 37.353943 1
6.014901 13.044283 51.692069 6
-2.126538 19.632018 51.825514 6
-3.721781 9.319183 51.741920 6
-6.186958 20.110561 14.572011 6
-2.130398 5.588268 14.486304 6
8.424455 16.298330 14.552208 6
18.018161 6.139859 33.255883 6
10.027020 12.604677 33.187321 6
8.373583 2.336307 33.064495 6
5.236579 13.647735 52.860624 6
-2.293426 18.898936 52.846135 6
-3.050367 9.752708 52.814154 6
-6.858293 20.660789 15.576679 6
-2.256704 4.764868 15.581575 6
9.202427 16.792022 15.650202 6
17.475244 6.554961 34.281857 6
9.912291 11.834728 34.351530 6
9.199472 2.676599 34.258662 6
4.375172 13.343709 52.925593 1
-1.706557 18.095071 52.879345 1
-2.725571 10.645608 53.039841 1
-7.846472 20.491894 15.705464 1
-1.678146 4.059769 15.761891 1
9.549330 17.638264 15.656052 1
16.530599 6.388783 34.303563 1
10.484844 10.978131 34.329567 1
9.440332 3.594982 34.272892 1
5.777133 14.346249 53.832779 6
-3.254255 18.916306 53.954942 6
-2.693661 8.822670 53.951700 6
5.853926 0.312026 16.595115 6
21.214378 4.953830 16.678863 6
9.413865 15.821445 16.649671 6
17.909021 7.263625 35.312658 6
8.984335 11.852278 35.220375 6
9.519578 1.855634 35.201363 6
7.255483 14.632137 53.738910 6
-4.056798 19.962946 53.790824 6
-3.065262 7.487978 53.712117 6
7.104986 0.566796 16.591838 6
20.303447 5.978733 16.478839 6
9.006928 14.470572 16.467521 6
19.409985 7.618467 35.117350 6
8.085402 12.898595 35.160316 6
9.017080 0.507879 35.070884 6
7.855689 15.392271 54.674149 6
-5.093088 20.191682 54.693870 6
-2.845441 6.622017 54.791094 6
7.804130 1.217293 17.422958 6
19.197062 6.113964 17.465671 6
9.323278 13.668724 17.539857 6
-4.333122 8.387860 36.098615 6
7.071828 13.271162 36.015639 6
-2.805059 20.573812 36.109218 6
7.463448 15.543395 55.523809 1
-4.989569 19.707113 55.557490 1
-2.422471 6.731147 55.490030 1
7.443833 1.539843 18.327335 1
19.179728 5.725360 18.192788 1
9.765952 13.901782 18.272555 1
-4.813371 8.637521 36.854196 1
6.973843 12.573681 36.924803 1
-2.287002 20.956279 36.882320 1
9.150187 15.509479 54.596000 6
6.153334 0.260345 54.668554 6
20.978698 5.343177 54.625714 6
9.215482 1.493088 17.390963 6
18.464421 7.293034 17.450260 6
8.920719 12.252882 17.496410 6
-3.042408 8.526546 35.976318 6
6.252656 14.303312 36.045478 6
-3.325040 19.269963 35.981608 6
3.643428 7.628159 50.568076 6
3.580018 20.457064 50.501944 6
-7.417816 14.122811 50.619113 6
-8.471700 14.754742 13.378460 6
3.573070 6.300141 13.441906 6
17.003375 0.001985 13.244198 6
15.780256 0.662849 31.999499 6
15.835288 13.436708 31.959796 6
4.842894 6.989434 31.999880 6
3.808325 7.451406 49.647698 1
3.887005 20.626824 49.502129 1
-7.708694 14.115313 49.552665 1
-8.299028 14.443556 12.364001 1
3.892116 6.611239 12.443592 1
16.641176 0.016059 12.316011 1
15.991761 0.456536 30.981136 1
15.909807 13.623275 31.043864 1
4.388367 7.006063 30.933266 1
9.913800 15.224732 53.357749 6
6.159382 0.948371 53.365321 6
20.495008 4.936988 53.412756 6
9.833995 1.157329 16.250301 6
18.460450 7.873720 16.176500 6
8.195495 11.930742 16.297842 6
-2.364483 8.322283 34.764955 6
6.155533 14.867356 34.765823 6
-3.951633 19.031694 34.823267 6
10.706006 15.436254 53.267170 1
5.545729 1.619323 53.332101 1
20.276839 4.053489 53.316687 1
10.680460 1.412213 16.047704 1
17.654672 8.507212 16.175929 1
8.007308 11.115996 16.187389 1
-1.364898 8.573251 34.726759 1
5.465348 15.628906 34.796369 1
-4.085746 18.001235 34.705506 1
9.109601 14.492008 52.566842 6
7.097494 0.610066 52.459953 6
20.194317 5.754040 52.441175 6
9.125483 0.440334 15.238594 6
19.186307 7.700065 15.322023 6
7.973109 12.813648 15.297913 6
-2.977333 7.458705 33.931919 6
7.038875 14.738076 33.836549 6
-4.132888 19.930880 33.888906 6
9.742301 14.224715 51.618830 1
7.071881 1.304498 51.788950 1
19.611187 5.444647 51.651864 1
9.747409 0.160103 14.486935 1
19.239803 8.250774 14.581186 1
7.493628 12.550065 14.527771 1
-2.370094 7.211059 33.098632 1
7.188338 15.192404 33.111553 1
-4.647215 19.640319 33.131057 1
7.786544 14.144159 52.465771 6
-4.172323 20.796270 52.646701 6
-3.797609 7.134023 52.596062 6
7.829200 0.090232 15.359999 6
20.251725 6.799580 15.377654 6
8.364536 14.243966 15.407565 6
19.955103 7.186355 33.966608 6
8.153454 13.713766 33.855775 6
8.375312 0.008765 33.950804 6
7.187248 13.400051 51.635258 6
-3.150173 20.701914 51.644393 6
-4.146297 8.019002 51.597827 6
-4.961326 20.498457 14.323033 6
-3.128685 6.530993 14.441559 6
7.941335 14.997978 14.444060 6
19.348756 6.418955 33.069970 6
9.018920 13.539875 33.063738 6
7.957335 1.034549 33.077740 6
8.302583 11.779031 50.161163 6
9.894759 1.496343 50.217840 6
18.027112 7.850985 50.223194 6
-3.685649 18.724558 12.964697 6
-2.088517 8.412097 12.993310 6
5.891369 14.953438 12.987716 6
20.651291 4.736705 31.534561 6
9.900053 15.530874 31.628825 6
6.019573 0.840616 31.694026 6
8.032522 12.902333 50.429556 6
9.083438 0.513187 50.320189 6
19.509202 7.609948 50.451525 6
-4.102227 19.933762 13.250634 6
-3.065319 7.481689 13.097888 6
7.268097 14.675304 13.178630 6
20.190636 6.018364 31.791012 6
8.962993 14.470371 31.680235 6
7.192056 0.575528 31.740757 6
5.569904 8.013892 45.190375 6
14.440117 0.750110 45.265502 6
16.456027 12.090267 45.209840 6
-6.534186 15.074975 8.136199 6
2.295172 7.729782 8.121030 6
4.334112 19.220875 8.043054 6
17.766460 1.104797 26.589769 6
14.497565 14.867506 26.628469 6
4.197373 5.118187 26.595209 6
5.694518 8.670382 45.949087 1
13.859540 0.511838 45.986182 1
16.925511 11.832859 46.008860 1
-6.498252 15.762531 8.867094 1
1.794816 7.579034 8.795799 1
4.786509 18.825899 8.831272 1
17.896490 1.694859 27.313667 1
13.851815 14.483382 27.318299 1
4.725449 4.811420 27.327415 1
8.355625 14.010504 49.407215 6
8.124550 0.320472 49.429967 6
20.134051 6.816524 49.416251 6
-3.859602 20.934524 12.155813 6
-4.095039 7.363243 12.285267 6
7.939013 13.817261 12.152689 6
-3.821143 6.938173 30.789722 6
7.999079 14.261841 30.896739 6
-4.247802 20.854701 30.795677 6
7.888914 15.232069 49.455289 6
-4.940425 20.417172 49.401187 6
-3.031869 6.617769 49.463840 6
8.052845 1.233452 12.350594 6
19.276930 6.254791 12.225966 6
9.133856 13.644046 12.364541 6
-4.110102 8.127449 30.923800 6
7.131098 13.302088 30.871407 6
-2.966404 20.472435 30.815804 6
7.444890 15.535458 50.335243 1
-5.106311 19.801470 50.181640 1
-2.488037 6.887109 50.229404 1
7.398155 1.580689 13.107133 1
19.336604 5.839551 12.988825 1
9.640956 13.746573 13.058959 1
-4.630244 8.516232 31.544786 1
7.192071 12.665350 31.716099 1
-2.362350 20.920191 31.650614 1
5.202790 14.951004 47.972409 6
-3.376608 18.117768 47.924288 6
-1.823443 9.042757 47.963977 6
5.131087 0.969002 10.762653 6
20.874948 3.934142 10.697967 6
10.342706 16.167050 10.699974 6
17.407616 8.009997 29.238088 6
8.763286 11.109759 29.418192 6
10.465595 2.066964 29.394651 6
5.075335 14.122214 48.977313 6
-2.735185 18.323128 48.968434 6
-2.418832 9.649678 49.077191 6
5.056066 0.156878 11.903639 6
21.739014 4.355396 11.843873 6
9.787029 16.665042 11.774808 6
17.184932 7.161102 30.451465 6
9.430303 11.191763 30.476282 6
9.839864 2.560302 30.522293 6
4.694079 14.503852 49.735143 1
-2.754017 17.796522 49.913555 1
-1.762009 9.664082 49.846590 1
4.608985 0.575925 12.544830 1
21.582477 3.765195 12.679466 1
10.258086 16.836258 12.537693 1
16.895730 7.584824 31.197427 1
9.355103 10.717996 31.162046 1
10.321358 2.628538 31.269545 1
5.464241 12.828550 49.060601 6
-1.714648 19.256788 48.980326 6
-3.603451 10.014553 49.083439 6
-6.760710 19.846749 11.814359 6
-1.787526 5.137617 11.799502 6
8.577419 16.970930 11.835896 6
17.597447 5.964228 30.493093 6
10.433890 12.189924 30.432472 6
8.511457 2.898745 30.358569 6
5.977552 12.333048 47.931087 6
-1.472812 20.102906 47.953146 6
-4.343271 9.824669 47.917612 6
-6.223509 19.475220 10.796356 6
-1.481555 5.898010 10.771861 6
7.846320 16.794665 10.706678 6
18.181396 5.354328 29.351846 6
10.672497 12.962471 29.355355 6
7.678181 2.654361 29.283684 6
6.179278 11.443469 47.874956 1
-0.831838 20.784079 47.970412 1
-5.322766 9.946519 47.855356 1
-6.019616 18.406795 10.702897 1
-0.902856 6.723762 10.608660 1
6.909921 16.975987 10.680114 1
18.339086 4.423577 29.272219 1
11.187581 13.767781 29.392480 1
6.771723 3.032131 29.274662 1
6.032256 13.160376 46.736136 6
-2.168158 19.715194 46.755216 6
-3.752799 9.133879 46.695137 6
-6.112502 20.174424 9.594077 6
-2.232785 5.618561 9.666642 6
8.307187 16.167406 9.640376 6
18.187745 6.229876 28.203970 6
9.908341 12.744847 28.113586 6
8.282531 2.130569 28.151761 6
5.595982 14.409023 46.841678 6
-3.239747 18.841853 46.881176 6
-2.560039 8.810394 46.917568 6
5.704238 0.321928 9.700892 6
21.173539 4.712721 9.574183 6
9.598710 15.852854 9.611179 6
17.865917 7.331743 28.127727 6
8.863996 11.806868 28.296193 6
9.642048 1.937774 28.292797 6
5.723353 15.028832 46.072917 1
-3.812550 18.591060 46.130280 1
-2.120551 8.580345 45.955236 1
5.894019 0.912091 8.878440 1
20.639837 4.590879 8.884380 1
10.162327 15.491082 8.920476 1
17.870171 8.040581 27.391644 1
8.489215 11.557002 27.377422 1
10.063479 1.554149 27.364476 1
4.639882 3.342321 51.141303 6
19.100346 2.264435 51.028839 6
12.652025 15.359457 51.045296 6
16.788929 10.255035 13.924365 6
6.949223 9.284299 13.764791 6
12.609611 1.354684 13.888252 6
4.716833 17.339925 32.547345 6
-5.085113 16.330172 32.414048 6
0.609078 8.296539 32.524604 6
4.180666 2.514236 51.533267 1
20.097150 2.308609 51.373315 1
12.388757 16.168895 51.550880 1
16.346625 9.606895 14.208103 1
7.911336 9.289633 14.165666 1
12.254913 2.115748 14.167741 1
4.110064 16.704862 32.796099 1
-4.233983 16.283518 32.838843 1
0.175440 9.215071 32.884252 1
5.374230 3.023804 50.032129 6
18.943637 3.139578 50.119895 6
12.060573 14.739019 49.980046 6
17.561082 10.017795 12.862222 6
6.784827 10.187386 12.929728 6
12.000813 0.857530 12.823295 6
5.532196 17.123450 31.471621 6
-5.433582 17.204137 31.482482 6
-0.010304 7.824934 31.379444 6
5.566753 2.227155 49.663285 1
19.639880 3.878306 49.721845 1
11.185755 15.034625 49.816282 1
17.745636 9.243508 12.580812 1
7.569823 10.751752 12.554465 1
11.308748 1.111092 12.561658 1
5.572976 16.293026 31.171076 1
-4.727248 17.723055 31.067350 1
-0.834108 8.108452 31.155080 1
5.979992 3.991289 49.387630 6
17.737380 3.084820 49.511519 6
12.647760 13.714757 49.405508 6
-6.037707 11.125605 12.338812 6
5.633519 10.118727 12.209142 6
0.572530 20.918647 12.206771 6
5.940982 18.105606 30.916024 6
-6.450597 17.131980 30.854749 6
0.436472 6.823841 30.862470 6
6.631630 3.867487 48.797796 1
17.632941 3.816574 48.631828 1
12.309783 13.380820 48.762217 1
-5.474081 10.850092 11.563916 1
5.452915 10.689125 11.459406 1
0.113532 20.359653 11.491888 1
6.588396 18.029850 30.060380 1
-6.618251 17.753836 30.018530 1
0.179178 6.390205 30.180476 1
5.826210 5.392586 49.925440 6
16.816992 2.360048 49.816243 6
13.809537 13.385373 49.944663 6
-6.392780 12.361370 12.608162 6
4.706268 9.263492 12.779183 6
1.782752 20.402666 12.665764 6
5.838605 19.354159 31.237114 6
-7.483575 16.433278 31.332777 6
1.763239 6.363831 31.340829 6
6.150172 6.131710 49.360836 1
15.998584 2.392504 49.467955 1
14.248070 12.661840 49.321055 1
-5.873010 13.081642 12.223436 1
3.805468 9.412296 12.139187 1
2.281702 19.737627 12.140096 1
6.222441 20.103203 30.742221 1
-8.385474 16.303918 30.859748 1
2.170168 5.579494 30.797290 1
5.094239 5.571815 51.018601 6
16.884960 1.594156 50.978863 6
14.555438 13.924003 50.984884 6
-7.057948 12.588274 13.844300 6
4.848876 8.627876 13.750393 6
2.338792 20.930744 13.765990 6
4.999103 19.745232 32.412537 6
-7.324167 15.600057 32.382484 6
2.248838 6.857759 32.306005 6
4.370258 4.619399 51.560804 6
18.094538 1.572138 51.467117 6
14.023200 14.862023 51.623718 6
16.471755 11.590320 14.315674 6
6.060455 8.480363 14.298188 6
13.978654 0.838313 14.310469 6
4.428586 18.543106 32.843756 6
-6.220082 15.624825 33.022818 6
1.803397 7.980071 32.928246 6
3.803551 4.666741 52.364204 1
18.263125 0.894415 52.276464 1
14.386953 15.393703 52.262512 1
15.973371 11.747564 15.135323 1
6.114870 7.992326 15.017946 1
14.329934 1.264088 15.135755 1
3.911217 18.791399 33.717313 1
-5.931376 15.062499 33.664661 1
2.082134 8.457032 33.772425 1
11.843517 12.340803 53.952319 6
7.671085 4.076845 53.940077 6
17.008127 4.616775 54.000643 6
-0.424313 19.449288 16.801049 6
-4.490374 11.155953 16.855604 6
4.927380 11.635548 16.787378 6
-0.393497 5.328063 35.325155 6
7.743299 18.153674 35.435525 6
-7.318292 18.710246 35.434015 6
12.149389 12.822672 54.878576 1
7.221161 4.147618 54.843064 1
17.125911 4.202474 54.836041 1
-0.157545 19.791453 17.647504 1
-4.953971 11.194331 17.559898 1
4.921393 11.314038 17.635095 1
-0.026528 5.729363 36.213680 1
7.171007 18.123976 36.333423 1
-7.199338 18.257606 36.296727 1
12.006902 13.107027 53.236568 1
7.027149 3.863414 53.366459 1
17.487353 4.144527 53.244416 1
-0.142467 20.127022 16.193477 1
-5.168693 10.757329 16.096508 1
5.415685 11.167612 16.185917 1
-0.158971 6.112884 34.613680 1
7.042286 17.911439 34.639223 1
-6.747884 18.201524 34.703375 1
12.426474 11.720988 53.829538 1
8.090262 4.897175 53.810978 1
16.066973 4.559654 53.651043 1
0.299998 18.641053 16.525874 1
-4.135422 11.972339 16.583133 1
3.805619 11.637385 16.568129 1
0.270791 4.606867 35.090234 1
8.083002 18.992682 35.151304 1
-8.362717 18.594548 35.191766 1
4.696855 6.972176 51.446172 6
15.838293 0.619326 51.332742 6
15.928225 13.387527 51.370006 6
-7.423400 14.073535 14.127443 6
3.579094 7.603867 14.149175 6
3.733995 20.387324 14.240652 6
16.945298 0.017709 32.806914 6
-8.400255 14.671057 32.903959 6
3.750196 6.445627 32.806274 6
4.413513 6.994428 52.421127 1
16.055383 0.339091 52.271977 1
16.088286 13.620808 52.367170 1
-7.606010 14.056048 15.109809 1
3.890996 7.390073 15.159280 1
3.739459 20.780766 15.125774 1
4.415544 21.030392 33.672311 1
-8.242367 14.312827 33.768261 1
3.905694 6.698029 33.759781 1
8.197344 16.033347 48.524467 6
-6.041287 20.122144 48.551158 6
-2.347851 5.922600 48.569764 6
8.181912 2.182172 11.342070 6
18.369903 6.078851 11.285765 6
9.815723 12.889728 11.341730 6
-3.827470 9.187421 29.831517 6
6.173549 13.201298 29.841168 6
-2.320338 19.825042 29.980731 6
7.948676 17.125501 48.548523 1
-6.590891 19.530427 48.707008 1
-1.398174 5.569867 48.628764 1
8.001555 2.997267 11.369340 1
17.607809 5.394518 11.443594 1
10.662956 12.675263 11.468186 1
-4.130791 10.114192 29.988402 1
5.538583 12.411707 30.012695 1
-1.384799 19.662494 30.016035 1
8.877631 15.662403 47.278628 6
-5.954718 20.811612 47.290736 6
-2.879427 5.580202 47.261968 6
8.908766 1.692634 10.204787 6
18.371578 6.869862 10.061755 6
9.179806 12.570957 10.062048 6
-3.191813 8.751628 28.710742 6
6.253874 13.831775 28.815780 6
-3.012462 19.548710 28.746443 6
9.106149 13.594918 48.251204 6
7.991129 1.084265 48.302777 6
19.344995 6.335703 48.244880 6
-3.082227 20.582038 11.018084 6
-4.111736 8.191351 11.007340 6
7.109559 13.374137 11.087048 6
-3.092636 6.506194 29.729185 6
8.120366 15.200342 29.691013 6
-5.057554 20.433902 29.638931 6
9.481354 12.161559 48.129638 6
8.927019 2.198339 48.059257 6
18.064774 6.627752 48.100178 6
-2.656489 19.317290 10.956076 6
-3.127216 9.206994 10.886547 6
5.931244 13.830072 10.955288 6
-2.718962 5.221502 29.551383 6
9.050775 16.144262 29.573221 6
-6.292909 20.848058 29.538882 6
-1.393770 12.365533 39.005405 6
2.035095 13.769583 38.904845 6
-0.649354 16.130903 38.946768 6
10.713153 19.377103 1.688902 6
-10.098998 20.626818 1.802017 6
-0.700282 2.071177 1.793785 6
10.812726 5.434709 20.299537 6
14.332730 6.575131 20.347099 6
11.373239 8.987782 20.382039 6
-1.994580 13.206219 39.118054 1
1.773375 12.740905 39.209115 1
0.242092 16.226195 39.139903 1
10.187163 20.149703 1.822402 1
-10.332920 19.877587 1.973534 1
0.185968 2.120836 1.992751 1
10.258357 6.174747 20.460034 1
13.880582 5.655521 20.443255 1
12.396273 9.225771 20.532078 1
-1.882686 11.668978 38.462557 1
2.996455 13.616713 38.332111 1
-1.168050 16.795557 38.369668 1
10.348606 18.731451 1.299684 1
-9.132742 20.721602 1.117607 1
-1.196547 2.673411 1.135056 1
10.282261 4.726711 19.745720 1
15.068213 6.572683 19.720779 1
11.132276 9.856757 19.745972 1
-0.578572 12.668290 38.470932 1
1.436103 14.177296 38.481239 1
-0.872337 15.273726 38.395666 1
11.596004 19.751148 1.147755 1
1.475096 0.212643 1.137106 1
23.457021 1.274083 1.229594 1
11.525676 5.602445 19.864385 1
13.531552 7.172308 19.818089 1
11.349551 8.160661 19.776214 1
4.794949 11.114736 38.451679 6
0.115008 19.667117 38.585803 6
-4.864589 11.327848 38.429263 6
-7.441521 18.052585 1.356822 6
0.061637 5.567030 1.348957 6
7.324396 18.282222 1.308972 6
16.875264 4.076698 19.869446 6
12.299244 12.709500 19.918186 6
7.172944 4.302445 19.916671 6
4.743084 11.601877 39.460048 1
-0.201788 19.364173 39.390019 1
-4.433643 11.068423 39.411719 1
-7.436307 18.627750 2.093491 1
-0.265299 5.305031 2.229076 1
7.706954 18.110652 2.254263 1
16.920422 4.630687 20.826822 1
11.873182 12.475175 20.760973 1
7.628375 4.035877 20.851472 1
4.601468 11.826762 37.841095 1
-0.311738 19.215718 37.821348 1
-4.297560 11.194352 37.899972 1
-7.629591 18.701686 0.636762 1
-0.259388 5.021415 0.602199 1
7.841031 18.210945 0.559598 1
16.732306 4.645638 19.273003 1
11.847014 12.046030 19.187366 1
7.813525 4.244154 19.189552 1
5.600616 10.757996 38.280062 1
-0.010162 20.599034 38.398680 1
-5.683409 10.809384 38.399523 1
-6.408000 17.729358 1.149897 1
-0.084368 6.505155 1.176432 1
6.409572 17.733679 1.170023 1
17.936137 3.705545 19.753513 1
12.148485 13.545985 19.674017 1
6.419630 3.782882 19.729886 1
9.097771 11.455856 49.096667 6
9.875391 2.221022 49.018459 6
17.465265 7.504324 49.077897 6
-2.896884 18.355521 11.977430 6
-2.245090 9.251677 11.891064 6
5.348277 14.522615 11.995003 6
21.425914 4.331492 30.519665 6
9.860709 16.234150 30.557891 6
5.321092 0.453562 30.557751 6
9.397740 10.368476 48.991607 1
10.449668 3.009176 48.954851 1
16.518851 7.510422 49.055615 1
-2.740181 17.516001 11.739345 1
-1.742182 9.965810 11.930892 1
4.334929 14.579100 11.867518 1
21.672076 3.426591 30.391865 1
10.591367 17.040919 30.408999 1
4.401814 0.496210 30.395391 1
2.728278 7.114382 36.462648 6
4.564172 19.869507 36.407463 6
-7.200444 15.068148 36.464172 6
14.785963 14.235821 54.974988 6
4.651466 5.768793 54.989324 6
17.030236 0.996830 54.913802 6
14.877111 0.155770 17.789800 6
16.818171 12.704927 17.796827 6
4.862773 8.177002 17.802865 6
3.283606 7.523525 35.790132 1
4.076703 20.228161 35.606449 1
-7.396716 14.534214 35.681841 1
15.502705 14.556675 54.333474 1
4.096120 6.080355 54.363644 1
17.048245 0.492689 54.309732 1
15.424288 0.472062 17.134699 1
16.268360 13.159316 17.030678 1
4.907776 7.450872 17.129628 1
1.803525 7.124374 36.089346 1
4.970706 19.098527 35.975017 1
-6.884356 15.990057 36.073244 1
13.908894 14.217118 54.707767 1
5.147210 5.050741 54.715719 1
17.523718 1.932457 54.643991 1
14.035303 0.158077 17.531018 1
17.225891 12.089177 17.455607 1
5.275932 8.979956 17.364109 1
2.969723 6.357343 36.712898 1
5.139448 20.515652 36.675196 1
-8.203309 15.291554 36.824811 1
15.188360 13.230065 55.292167 1
5.196728 6.442388 55.234896 1
16.180577 1.215712 55.325013 1
3.021017 20.410744 18.212678 1
-6.860982 13.446308 18.149171 1
3.890510 8.407060 18.163404 1
7.523718 6.896154 46.382508 6
14.661844 3.051792 46.333138 6
14.315035 11.280124 46.294915 6
-4.679616 13.794909 9.125003 6
2.472891 10.079805 9.073508 6
2.273373 18.165708 9.026260 6
7.389134 20.808481 27.708624 6
-9.630682 17.096866 27.741131 6
2.180046 4.217351 27.695219 6
7.350864 7.598038 47.038343 1
14.032129 2.613177 46.916149 1
15.061301 10.984129 47.053932 1
-4.867721 14.596480 9.766486 1
1.901426 9.728424 9.787125 1
2.910301 17.919093 9.743167 1
19.508103 0.419311 28.313146 1
14.163865 16.574626 28.369739 1
2.810490 3.967113 28.443168 1
8.317606 6.860679 45.837097 1
14.296411 3.846055 45.867969 1
13.975089 10.501283 45.916218 1
-3.905644 13.833070 8.648643 1
2.118873 10.793172 8.726750 1
1.720342 17.504332 8.702427 1
8.245600 20.936025 27.217046 1
-10.006815 17.790650 27.385837 1
1.762635 3.387474 27.252802 1
7.211796 5.875506 46.740811 1
15.558700 3.367701 46.745049 1
13.710197 11.766965 46.732162 1
-4.941039 12.945557 9.528160 1
3.292784 10.243783 9.571828 1
1.635793 18.743410 9.424459 1
7.145746 20.044054 28.062759 1
-8.834175 17.284171 28.079741 1
1.566601 4.762674 28.092086 1
4.878481 2.978623 44.808453 6
19.310574 2.747990 44.817009 6
12.253512 15.522936 44.798498 6
17.039083 9.939555 7.710002 6
7.242632 9.776202 7.716781 6
12.288388 1.458474 7.588701 6
4.884673 17.040414 26.270588 6
-4.847343 16.669312 26.316583 6
0.215523 8.400665 26.193355 6
4.790775 2.501586 43.990031 1
19.705572 2.896295 44.064146 1
11.907934 15.682933 44.012107 1
16.994643 9.430183 6.716927 1
7.729331 9.849478 6.829414 1
11.974974 1.719212 6.751892 1
4.809508 16.561358 25.311683 1
-4.539012 16.882957 25.361690 1
-0.308223 8.760420 25.421938 1
4.556930 2.384897 45.519606 1
19.970885 2.869314 45.573975 1
11.781456 16.020197 45.630801 1
16.713028 9.385976 8.392117 1
7.954282 9.747105 8.413042 1
11.874683 1.821673 8.472967 1
4.653611 16.242779 26.976875 1
-4.297991 16.911011 26.893226 1
-0.371858 8.999569 26.897034 1
5.768744 3.194968 45.012872 1
18.709669 3.368639 44.969370 1
12.256563 14.556802 44.962590 1
17.949096 10.361047 7.769518 1
6.436346 10.291491 7.877801 1
12.179943 0.520756 7.898387 1
5.604811 17.330158 26.456451 1
-5.637048 17.403440 26.366779 1
-0.044893 7.411189 26.502596 1
1.986936 6.084377 44.686153 6
5.980380 19.724359 44.668330 6
-7.819030 16.254472 44.687797 6
14.071906 13.011261 7.506818 6
5.907825 5.693000 7.577812 6
16.431692 2.197765 7.587619 6
2.004547 20.104512 26.089466 6
-6.187077 12.818366 26.158428 6
4.184630 9.304712 26.081569 6
1.301658 6.889362 44.579678 1
5.676982 18.791043 44.612449 1
-6.955073 16.392675 44.751778 1
13.465361 13.859775 7.565957 1
5.622593 4.837743 7.504792 1
17.451979 2.362888 7.555554 1
1.373890 20.916847 26.178015 1
-6.585611 11.861310 26.074762 1
5.141166 9.406913 26.099569 1
2.778795 6.824970 46.948226 6
4.756154 19.993571 46.859502 6
-7.608532 15.290373 46.883281 6
14.914222 13.865004 9.688694 6
4.879713 5.874057 9.785617 6
16.876658 1.175983 9.722926 6
2.643520 20.977446 28.326808 6
-7.266061 12.982981 28.259428 6
4.682024 8.179084 28.323334 6
3.392182 6.760109 47.747282 1
4.606400 20.649431 47.654400 1
-8.034382 14.931443 47.588624 1
15.467235 13.743833 10.556769 1
4.727930 6.485841 10.469258 1
16.316366 0.798359 10.457052 1
3.238551 20.761360 29.039977 1
-7.490695 13.666372 29.094100 1
4.085740 7.734159 29.091556 1
1.823572 6.910780 47.281198 1
5.324416 19.216057 47.392794 1
-7.028858 16.057181 47.366373 1
13.964476 13.827167 10.096397 1
5.334217 5.216088 10.040074 1
17.216038 2.098094 10.092283 1
1.757026 20.901889 28.789579 1
-6.909445 12.180038 28.665816 1
5.133788 9.110810 28.793651 1
2.916696 7.709140 46.537581 1
3.990873 19.555357 46.626003 1
-6.919572 14.646088 46.518198 1
15.044294 14.716292 9.424602 1
4.053205 5.620437 9.362944 1
17.503548 0.627068 9.407767 1
15.114325 0.857310 28.048039 1
16.074678 12.586536 27.986346 1
5.238244 7.685469 27.927388 1
22.878903 1.883445 39.404130 6
11.262884 18.821570 39.381877 6
2.291365 0.354735 39.392171 6
10.755327 8.892036 2.237750 6
11.359761 4.831151 2.326789 6
14.516349 7.432212 2.268571 6
-1.594372 15.850857 20.862267 6
-0.881343 11.834611 20.830880 6
2.391691 14.405627 20.849459 6
22.276261 0.987231 39.608527 1
12.379620 18.764217 39.589915 1
1.843409 1.199302 39.707883 1
9.987592 8.122264 2.494689 1
12.358537 4.740754 2.392000 1
14.023046 8.343286 2.456995 1
-2.034768 15.024487 21.039748 1
0.233859 11.786895 20.929162 1
1.841977 15.265985 20.936257 1
-0.642136 1.611333 38.908599 1
11.187533 19.676569 38.843877 1
-10.547492 20.879984 38.888183 1
11.519856 8.600817 1.662933 1
11.286845 5.615195 1.717163 1
13.883150 6.825455 1.783886 1
-0.762034 15.565596 20.278946 1
-0.866056 12.634714 20.199770 1
1.725904 13.937608 20.209016 1
22.213706 2.529327 39.045553 1
10.968682 18.087928 39.028351 1
3.240495 0.513700 38.969221 1
10.236425 9.483174 1.863246 1
10.998020 3.933755 1.861536 1
15.373908 7.582476 1.858756 1
-1.915704 16.579150 20.312222 1
-1.070556 10.949598 20.443782 1
3.141766 14.574696 20.354254 1
-3.292087 6.437541 42.240658 6
8.063642 14.981529 42.340953 6
-4.947883 20.616531 42.228295 6
8.991988 13.571071 5.151951 6
8.155649 0.944761 5.048844 6
19.449138 6.475297 5.090708 6
-3.229685 20.479062 23.744344 6
-4.113096 8.069560 23.633922 6
7.234769 13.510629 23.689145 6
-3.189775 7.014546 43.188526 1
7.687336 14.757095 43.056095 1
-4.574345 20.325204 43.112727 1
8.969466 14.054740 5.857938 1
7.743039 0.819939 5.857959 1
19.739534 6.286217 5.978185 1
-3.234049 20.936209 24.572611 1
-4.357370 7.857785 24.545287 1
7.744195 13.364497 24.543754 1
-3.280010 7.509327 41.138160 6
7.277914 14.485602 41.105294 6
-3.939219 20.088619 41.107795 6
8.951129 14.543006 3.869463 6
7.281904 0.412682 3.874690 6
20.325824 5.968324 3.998483 6
8.879370 0.488770 22.453771 6
19.417639 7.575730 22.631775 6
8.140861 12.981122 22.512708 6
-3.196447 7.066270 40.301226 1
7.688138 14.782747 40.188085 1
-4.419442 20.246405 40.316957 1
8.907542 13.980333 2.996781 1
7.676694 0.733751 3.057271 1
19.860978 6.264713 3.103649 1
8.945533 0.065171 21.759400 1
19.893475 7.632920 21.645232 1
7.791136 13.407070 21.757321 1
-4.318540 8.469735 41.163251 6
7.005071 13.064940 41.124330 6
-2.601752 20.743379 41.180348 6
7.657417 15.513374 4.001673 6
-5.017618 20.080312 3.868670 6
-2.709890 6.586264 4.041667 6
7.784505 1.302017 22.546446 6
19.240449 5.996033 22.499514 6
9.440585 13.701841 22.654558 6
18.867756 8.043243 40.367322 6
7.962859 12.208781 40.420364 6
9.713285 0.653641 40.384386 6
6.721388 15.104720 3.292642 6
-4.258097 19.295226 3.331105 6
-2.353952 7.697288 3.174013 6
6.574617 0.965036 21.781014 6
20.044872 5.203793 21.912724 6
9.758948 14.863816 21.829614 6
18.794058 7.255644 39.876615 1
8.481099 12.635421 39.789357 1
9.154644 1.065752 39.896500 1
6.771674 14.389797 2.519378 1
-3.720018 19.766614 2.575846 1
-3.097881 8.059743 2.593089 1
6.699428 0.388592 21.302310 1
20.670762 5.573874 21.129799 1
9.160504 14.997941 21.124406 1
17.633365 8.737555 40.551093 6
8.050285 10.891547 40.698089 6
10.925598 1.436107 40.723572 6
5.491223 15.750116 3.441585 6
-4.078822 17.871195 3.427110 6
-1.237117 8.547638 3.350658 6
5.370889 1.748121 22.099453 6
20.149366 3.903942 22.081511 6
10.907542 15.514168 22.096850 6
16.902329 8.309399 40.210739 1
8.705325 10.296541 40.261377 1
10.984317 2.354908 40.089392 1
4.741554 15.447193 2.925169 1
-3.483237 17.435669 2.913232 1
-1.244252 9.319729 2.969246 1
4.670752 1.275046 21.482718 1
20.757323 3.287480 21.509131 1
10.962020 16.403567 21.636920 1
17.521038 9.747215 41.491438 6
7.158889 10.351591 41.581045 6
11.790169 1.104600 41.588287 6
5.368823 16.659699 4.230297 6
-4.982479 17.388802 4.297331 6
-0.271470 8.128877 4.315406 6
5.423611 2.655616 22.834308 6
19.326157 3.296431 22.925411 6
11.733587 15.076616 22.822269 6
16.778472 10.076346 41.656700 1
7.192114 9.451467 41.582775 1
12.504837 1.450779 41.630012 1
4.588487 17.169721 4.458882 1
-4.901511 16.392435 4.461873 1
0.452689 8.576394 4.397407 1
4.483355 3.224402 23.108316 1
19.242981 2.313800 22.963923 1
12.672927 15.590327 22.955170 1
-5.659268 10.219358 42.060386 6
6.123337 11.164390 42.059114 6
-0.463505 20.931897 42.109872 6
6.510053 17.260607 4.919108 6
-5.973866 18.047018 5.008334 6
-0.455228 6.842747 5.049509 6
6.483545 3.187134 23.609298 6
18.411631 3.999982 23.547903 6
11.669432 13.879627 23.572162 6
-5.626117 10.893413 42.784169 1
5.560622 10.755135 42.748635 1
0.071010 20.550252 42.717785 1
6.455117 17.941447 5.420690 1
-6.625743 17.784071 5.420672 1
0.123018 6.388204 5.541454 1
6.450037 3.875642 24.092617 1
17.738201 3.594701 24.197986 1
12.298552 13.532406 24.113406 1
-4.566027 9.478329 42.047899 6
6.284484 12.390042 42.017381 6
-1.709039 20.319075 42.062037 6
7.667103 16.517686 4.758018 6
-5.876088 19.363169 4.816596 6
-1.615637 6.255620 4.742276 6
7.549666 2.512861 23.342985 6
18.369816 5.447535 23.408181 6
10.406331 13.209569 23.377726 6
-3.719118 9.744892 42.502638 1
5.710095 13.022149 42.529607 1
-1.865162 19.525619 42.416059 1
8.403858 16.802894 5.286619 1
-6.539663 19.929664 5.173048 1
-1.861444 5.404579 5.164131 1
8.396360 2.611413 23.868358 1
17.675570 5.990943 23.806013 1
10.309748 12.340160 23.828211 1
19.996541 5.553446 42.267370 6
9.564369 14.414335 42.280827 6
7.167050 1.094754 42.252963 6
7.838138 12.627404 4.958163 6
9.573176 0.283890 4.996904 6
19.304526 8.089225 4.978342 6
-4.477348 19.611584 23.619322 6
-2.761076 7.381650 23.632865 6
7.076909 15.011643 23.549529 6
19.887005 4.529035 41.431014 6
10.487277 14.811641 41.331292 6
6.279775 1.631221 41.419819 6
7.712239 11.508904 4.260232 6
10.365272 0.857589 4.138995 6
18.455866 8.582955 4.152650 6
-4.580150 18.639783 22.831247 6
-1.615829 7.745850 22.737191 6
6.312011 15.579224 22.766236 6
20.665840 4.243980 40.808407 1
10.279318 15.664229 40.842971 1
5.498956 1.196816 40.901872 1
8.385417 11.279625 3.793805 1
10.254168 1.721227 3.740061 1
17.676733 8.053914 3.747737 1
-3.780877 18.380987 22.380519 1
-1.827960 8.676173 22.388919 1
5.518542 15.112392 22.352783 1
18.600815 3.924680 41.170702 6
11.704168 14.117749 41.285127 6
6.275112 3.032286 41.252428 6
6.455201 10.832425 4.083387 6
11.636859 0.200174 4.041247 6
18.426004 10.065489 4.088008 6
-5.602485 17.929286 22.695959 6
-0.602104 7.234126 22.547693 6
6.168376 16.922873 22.708907 6
18.642599 3.136132 40.699941 1
12.215743 14.613161 40.668182 1
5.485496 3.322360 40.671581 1
6.363058 10.141999 3.370827 1
12.238863 0.482217 3.514657 1
17.684006 10.325450 3.366678 1
-5.629375 17.123621 22.077613 1
0.076290 7.438559 22.116976 1
5.495582 17.494441 22.064653 1
17.503830 4.306427 41.899547 6
11.717964 13.108435 41.907592 6
7.073315 3.651800 41.787247 6
5.429124 11.330899 4.733637 6
-0.323624 19.966467 4.639382 6
-5.038647 10.820963 4.680940 6
-6.846321 18.299279 23.316552 6
-0.365653 6.031066 23.312211 6
7.130849 17.801999 23.294370 6
16.761020 3.874658 41.681842 1
12.634582 12.419923 41.584132 1
7.283706 4.684934 41.714670 1
4.476347 10.854779 4.477249 1
0.386838 19.623585 4.459377 1
-4.884619 11.708302 4.422419 1
-7.536831 18.014497 23.158349 1
0.329589 5.457952 23.010910 1
7.148413 18.710821 23.027100 1
17.514682 5.444535 42.631149 6
10.790557 12.659698 42.644699 6
8.090164 3.159937 42.775181 6
5.349372 12.284482 5.568241 6
-1.328546 19.669957 5.597986 6
-4.245261 10.221986 5.489445 6
-6.716199 19.453913 24.154616 6
-1.197943 5.459378 24.170395 6
7.997352 17.089405 24.084574 6
16.727100 5.581794 43.264366 1
11.071041 11.752949 43.278166 1
8.646141 3.677934 43.254156 1
4.646819 12.579453 5.974917 1
-1.191102 18.816220 6.075095 1
-3.581707 10.670593 6.092217 1
-7.431761 19.591226 24.537991 1
-1.136245 4.782799 24.617695 1
8.534506 17.664787 24.543033 1
18.843599 6.087516 42.916095 6
9.714405 13.223977 42.888524 6
7.888512 1.776088 42.990559 6
6.720672 13.116974 5.685364 6
-2.400152 20.243858 5.773685 6
-4.232153 8.754049 5.703796 6
-5.457608 20.107846 24.238449 6
-2.371431 6.331717 24.323783 6
7.878953 15.846524 24.363614 6
18.948314 6.730219 43.572577 1
8.992846 12.883400 43.536683 1
8.533047 1.385931 43.461982 1
6.694382 13.690727 6.423124 1
-3.142662 19.959345 6.340779 1
-3.692435 8.397006 6.429138 1
-5.550226 20.721598 24.901581 1
-3.106635 5.995982 24.985946 1
8.477126 15.448730 24.998226 1
10.254420 11.823598 46.974557 6
9.031138 3.129946 46.900829 6
17.100552 6.267351 46.890280 6
-1.910399 18.797364 9.664330 6
-3.284017 10.050400 9.689576 6
4.970651 13.337264 9.813114 6
-1.761227 4.729075 28.296575 6
8.954978 17.020861 28.408805 6
-7.101158 20.308659 28.388848 6
10.436228 10.888813 47.103952 1
9.781342 3.722698 47.116066 1
16.306440 6.636283 47.052611 1
-1.648521 17.897229 9.932072 1
-2.513917 10.706310 9.871650 1
4.079275 13.511957 9.914587 1
-1.539446 3.704013 28.525844 1
9.693736 17.823968 28.528285 1
-8.082593 20.532235 28.486683 1
11.152291 12.304535 46.990375 1
8.090403 3.505113 46.951321 1
17.226519 5.212958 46.947400 1
-0.908177 19.364821 9.670088 1
-4.122402 10.556125 9.792359 1
5.148422 12.346541 9.788642 1
-1.071996 5.168194 28.245008 1
8.175366 17.657119 28.401964 1
-7.108265 19.245392 28.260941 1
9.858637 11.923804 46.061506 1
8.978579 2.534227 46.137976 1
17.502416 6.546510 46.223090 1
-2.347562 18.848047 8.884564 1
-3.102009 9.594679 8.846908 1
5.456651 13.506078 8.979565 1
-2.348506 4.870426 27.428586 1
8.993619 16.609796 27.524459 1
-6.753084 20.578829 27.443715 1
9.400100 14.551015 47.277491 6
7.203709 0.813852 47.331120 6
20.140125 5.727023 47.223839 6
9.241953 0.525890 10.061936 6
19.266777 7.890415 10.106301 6
7.898488 12.856494 10.074550 6
-2.895018 7.404289 28.663819 6
7.046522 14.932808 28.675645 6
-4.177293 19.724165 28.740436 6
9.706143 14.241848 46.426266 1
7.025315 1.313471 46.498084 1
19.581927 5.494017 46.490909 1
9.794774 0.203731 9.271083 1
19.224974 8.401984 9.273829 1
7.428316 12.480908 9.344063 1
-2.401061 7.262485 27.843999 1
7.209947 15.394108 27.922058 1
-4.772923 19.518823 27.790115 1
9.066718 16.645034 46.286462 6
-6.825873 20.570802 46.218298 6
-2.218941 4.949438 46.159924 6
9.069224 2.617423 9.064119 6
17.559776 6.439079 8.985914 6
9.943572 12.020242 9.026374 6
-3.090135 9.710423 27.617367 6
5.408310 13.506330 27.662719 6
-2.298013 19.039239 27.560239 6
9.401726 16.163595 45.395052 1
5.451398 0.074504 45.513731 1
-2.703910 4.799624 45.529504 1
9.432524 2.168731 8.304144 1
17.753235 7.124953 8.298278 1
9.426919 11.690018 8.270439 1
-2.759474 9.225082 26.767560 1
5.489554 14.069916 26.777331 1
-2.702217 18.849678 26.783081 1
9.550410 17.502439 46.466171 1
-7.782544 20.599209 46.415019 1
-1.840313 4.089753 46.454959 1
9.564240 3.430906 9.202162 1
16.586332 6.542561 9.264014 1
10.295621 11.095599 9.311709 1
-2.647056 10.480647 27.876714 1
4.335486 13.544658 27.937297 1
-1.768361 18.043769 27.832552 1
8.133523 16.980590 45.975334 1
-6.538742 19.558457 45.986794 1
-1.420014 5.546083 46.018754 1
8.094104 2.958950 8.714264 1
17.666131 5.460223 8.842064 1
10.721341 12.518298 8.743331 1
-4.030157 10.066618 27.378481 1
5.607792 12.489350 27.282311 1
-1.439972 19.502754 27.458303 1
4.924922 14.768857 55.002382 6
-3.086005 18.091648 55.086688 6
-1.894826 9.418136 55.046519 6
4.917594 0.834369 17.851701 6
21.151822 3.869635 17.777354 6
10.311677 16.331272 17.769144 6
17.128687 7.867794 36.328970 6
9.038530 11.018507 36.396720 6
10.300356 2.308844 36.414656 6
5.627401 15.237943 55.672512 1
-3.907616 18.187711 55.676146 1
-1.764873 8.589739 55.699269 1
5.638529 1.191827 18.387477 1
20.348507 4.187261 18.518657 1
10.394538 15.613953 18.432329 1
17.666884 8.245780 37.051420 1
8.257213 11.183447 37.019182 1
10.469808 1.551309 36.938787 1
4.535101 14.062488 55.439916 1
-2.338528 18.021109 55.434108 1
-2.375441 9.960526 55.523196 1
-7.580830 21.007935 18.204306 1
-2.259784 4.061217 18.314398 1
9.851079 17.057537 18.245896 1
16.812169 6.920687 36.839545 1
9.905880 11.071860 36.876125 1
9.906744 2.947897 36.853306 1
4.204007 15.338411 54.644857 1
-3.361166 16.982044 54.755395 1
-0.963957 9.749664 54.741278 1
4.320683 1.300576 17.521486 1
21.016173 2.982016 17.404019 1
11.273600 16.674804 17.455960 1
16.473463 8.350534 36.156697 1
8.882585 10.026182 36.007600 1
11.174213 2.698617 36.058670 1
9.907980 16.222889 0.046982 6
5.326970 0.642941 0.028526 6
21.238413 4.394819 55.661279 6
9.978466 2.054439 18.494078 6
17.465490 7.558107 18.598316 6
9.027138 11.322142 18.536936 6
-2.154356 9.217154 37.228649 6
5.361367 14.574306 37.114680 6
-3.145127 18.421044 37.209766 6
10.819177 16.254476 55.494283 1
4.805832 1.331877 55.427707 1
20.743887 3.488589 55.431910 1
10.808543 2.223180 18.403843 1
16.955560 8.379623 18.244117 1
8.716907 10.571612 18.371283 1
-1.243314 9.239598 36.924256 1
4.808258 15.336346 36.885172 1
-3.465041 17.454227 36.858744 1
9.857475 15.612337 0.780341 1
5.855873 0.792812 0.727127 1
20.778438 4.704707 0.727543 1
9.923596 1.615968 19.304363 1
17.959998 7.909634 19.345418 1
8.599685 11.794006 19.368172 1
-2.343912 8.638495 37.875901 1
5.898403 14.756401 37.955485 1
-3.722472 18.672764 37.903955 1
9.528206 16.989710 0.255030 1
-7.422921 20.849881 0.222191 1
-2.266677 4.213245 0.171920 1
9.674899 2.941241 18.731797 1
17.005437 6.800066 18.686899 1
9.920747 11.303536 18.856898 1
-2.541536 10.035100 37.367936 1
4.846133 13.768760 37.435460 1
-2.161028 18.295839 37.432040 1
9.872799 6.270134 48.989258 6
14.067340 5.483696 48.921400 6
12.643556 9.339606 48.952465 6
-2.334121 13.156481 11.711468 6
1.735279 12.433741 11.746273 6
0.537128 16.432434 11.843457 6
9.891134 20.285329 30.380338 6
-10.415957 19.558149 30.431863 6
0.377825 2.401949 30.419978 6
10.225328 5.296888 49.090252 1
14.615899 6.319678 49.215070 1
11.697993 9.521799 49.151111 1
-1.881606 12.434382 11.916017 1
2.458289 13.285487 11.977309 1
-0.470621 16.388462 11.950604 1
10.260487 19.346268 30.599046 1
-9.689212 20.318470 30.523436 1
-0.540913 2.494340 30.662794 1
10.439703 6.741120 48.385949 1
13.326594 5.824029 48.376857 1
12.653356 8.580532 48.455896 1
-1.657283 13.670955 11.238813 1
1.108038 12.684058 11.157430 1
0.497590 15.582735 11.139404 1
10.437418 20.791049 29.715004 1
-11.076072 19.786954 29.727524 1
0.584765 1.541936 29.809246 1
9.102535 6.092105 48.411510 1
14.472717 4.764197 48.492718 1
12.875973 10.183933 48.597637 1
-3.205655 13.039299 11.286047 1
2.338129 11.859069 11.238251 1
0.645946 17.190842 11.351457 1
8.988792 20.159092 29.921272 1
-9.678260 18.793891 29.852431 1
0.754093 3.086150 29.865654 1
0.472084 11.661546 53.006173 6
1.707274 15.688181 52.964348 6
-2.295544 14.813593 52.911596 6
12.587153 18.710846 15.810711 6
1.860111 1.560750 15.746911 6
22.135072 0.685390 15.701996 6
12.550078 4.619226 34.328176 6
14.036120 8.554240 34.379775 6
9.867718 7.876915 34.303198 6
1.047811 11.625042 53.725453 1
1.429065 16.212967 53.836015 1
-2.555283 14.200658 53.682918 1
13.295057 18.839009 16.483540 1
1.436392 2.069079 16.638524 1
21.827817 0.318330 16.508596 1
13.158195 4.764461 35.119766 1
13.578719 9.143126 35.121934 1
9.567901 7.249597 35.168912 1
-0.042666 10.886004 52.891595 1
2.813933 15.731900 52.948843 1
-2.785328 15.620276 52.918024 1
12.161704 17.897684 15.757654 1
2.772835 1.640197 15.853150 1
21.621084 1.524439 15.770278 1
12.255027 3.747314 34.470855 1
14.915041 8.709169 34.422830 1
9.405859 8.586069 34.318490 1
-0.150143 12.404361 53.132240 1
1.464086 14.593086 53.132161 1
-1.354784 15.121723 53.120616 1
12.044111 19.455992 15.786139 1
1.517814 0.657911 15.977114 1
22.993717 1.096592 15.861797 1
11.934367 5.299894 34.566974 1
13.696567 7.706920 34.524784 1
10.840558 8.040546 34.504219 1
6.730631 12.495250 45.610097 6
-2.024906 20.725226 45.567160 6
-4.614773 8.921520 45.593227 6
-5.498732 19.523120 8.430506 6
-2.120616 6.539123 8.321513 6
7.556229 16.008100 8.423508 6
18.992305 5.473380 26.960380 6
10.132111 13.601791 26.858780 6
7.516110 2.018345 26.925584 6
6.872543 11.649110 45.687268 1
10.854400 0.132502 45.671979 1
18.696985 9.237011 45.754008 1
-5.148230 18.613466 8.578639 1
-1.371043 7.308093 8.439926 1
6.563413 16.369407 8.524622 1
19.019559 4.595069 27.018326 1
10.745417 14.213416 27.080979 1
6.618224 2.203943 27.022546 1
7.590521 13.093628 45.362666 1
9.317289 0.170571 45.381863 1
19.636510 7.951651 45.332985 1
-4.475436 19.945992 8.187920 1
-2.936844 7.086338 8.235359 1
7.499428 15.059716 8.252930 1
19.662844 6.067114 26.854626 1
9.166096 14.179125 26.858417 1
7.500537 0.904054 26.752791 1
6.227836 12.581217 44.795133 1
-1.865296 20.062297 44.720372 1
-4.265984 9.327594 44.847908 1
-6.017458 19.673809 7.561619 1
-1.831528 5.960803 7.547545 1
7.931380 16.519198 7.654490 1
18.274496 5.605609 26.213220 1
10.344877 12.984460 26.250461 1
7.864533 2.468353 26.253284 1
9.735387 7.204725 52.707695 6
13.261000 4.898346 52.715031 6
13.554302 9.005660 52.655114 6
-2.464688 14.114659 15.356220 6
1.022730 11.761235 15.333335 6
1.439407 16.149885 15.389830 6
21.795796 0.087126 33.925806 6
13.323333 18.805422 34.067875 6
1.380742 2.055387 34.031834 6
7.448858 12.197467 0.615391 6
10.013741 0.530883 0.522085 6
18.881940 8.490121 0.507381 6
-4.583113 19.043940 19.134624 6
-2.044375 7.491357 19.292237 6
6.799599 15.469420 19.174291 6
19.623087 4.999755 37.875950 6
10.189001 14.379973 37.750459 6
6.682154 1.476744 37.871680 6
6.583723 11.840541 0.494873 1
-1.337674 20.836968 0.511181 1
-5.184515 9.411066 0.373255 1
-5.513276 18.917675 18.985316 1
-1.336746 6.901310 19.104773 1
6.882546 16.543960 18.976372 1
18.648868 4.856258 37.708465 1
10.735339 13.833354 37.742237 1
6.905007 2.357474 37.681480 1
7.535418 12.968156 0.878767 1
-2.827893 20.999522 0.703279 1
-4.550768 8.049579 0.733520 1
-4.619046 20.001088 19.469373 1
-2.869368 7.061317 19.416600 1
7.567028 15.145008 19.423704 1
19.657529 6.109323 38.041370 1
9.288872 13.914371 37.947042 1
7.606509 0.945654 38.059646 1
7.890261 11.676476 1.333055 1
10.422646 0.983475 1.442457 1
18.241471 8.512065 1.352633 1
-4.215051 18.564893 19.988171 1
-1.814830 8.028532 19.992396 1
6.069091 15.460432 19.977392 1
20.050261 4.589689 38.630888 1
10.333724 15.047957 38.543419 1
6.167650 1.467875 38.540563 1
4.837043 16.340627 47.998432 6
-4.590908 17.111959 47.992662 6
-0.393571 8.607954 48.032663 6
4.897821 2.323831 10.694637 6
19.728436 3.037893 10.693314 6
11.733292 15.691119 10.773299 6
17.008787 9.417189 29.433379 6
7.659473 9.930683 29.403109 6
11.900654 1.730969 29.283343 6
4.435545 16.590217 48.879537 1
-4.443223 16.694744 48.781952 1
0.079352 8.760414 48.825745 1
4.537033 2.651627 11.691384 1
19.741924 2.646587 11.696080 1
12.106101 15.779807 11.646382 1
16.674362 9.589869 30.317647 1
7.704764 9.609293 30.151127 1
12.158057 1.714050 30.174547 1
4.216738 16.582297 47.257401 1
-4.246015 16.292808 47.234177 1
0.215330 9.162652 47.269961 1
4.213524 2.548451 10.090291 1
20.023512 2.323130 10.062042 1
12.321233 16.254277 10.003469 1
16.321038 9.497895 28.618195 1
7.948342 9.240654 28.611637 1
12.236513 2.123531 28.713820 1
5.607101 16.998089 47.806982 1
-5.349053 17.542227 47.683536 1
-0.199291 7.681123 47.762638 1
5.738663 2.950668 10.543946 1
18.992389 3.491264 10.655030 1
11.912844 14.716747 10.644400 1
17.739026 9.877018 29.189737 1
6.715696 10.509161 29.176563 1
11.833394 0.631027 29.246958 1
1.683199 7.729670 52.116779 6
4.583135 18.731469 52.033764 6
-6.272860 15.664322 52.156323 6
13.858564 14.798047 14.784220 6
4.614695 4.676526 14.820987 6
17.966038 1.580936 14.907562 6
13.818297 0.759386 33.569915 6
16.715175 11.726244 33.419399 6
5.777847 8.781071 33.461415 6
2.081454 8.338122 52.471890 1
3.892560 18.698264 52.447170 1
-5.892468 14.951581 52.630734 1
14.245028 15.392193 15.325745 1
3.873306 4.628973 15.263850 1
18.289903 1.006267 15.350291 1
14.307380 1.389022 33.964036 1
15.957342 11.748478 33.954201 1
6.193978 7.885190 34.026653 1
0.433525 7.313358 52.522956 6
5.672898 17.945297 52.525447 6
-6.178501 17.073492 52.438081 6
12.769557 14.362299 15.337614 6
5.569170 3.930388 15.283704 6
18.133015 2.962436 15.252417 6
12.582959 0.259403 33.908516 6
17.726866 10.785350 33.936615 6
6.098254 9.943216 33.996352 6
0.125234 7.686266 53.164941 1
5.364025 17.207489 53.152248 1
-5.592834 17.180738 53.333028 1
12.167894 14.660192 16.003239 1
5.409205 3.299673 16.046098 1
18.781980 3.154808 16.018823 1
12.339123 0.614851 34.727920 1
17.681337 10.257229 34.669232 1
6.642227 10.184242 34.548179 1
-0.059103 6.258463 51.983348 6
6.730123 17.888190 51.958789 6
-6.716992 17.981440 51.973328 6
12.126525 13.375513 14.703976 6
6.714733 3.869733 14.771075 6
17.679762 4.045106 14.697913 6
-0.156043 20.284231 33.404771 6
-5.363076 10.769287 33.455113 6
5.391973 10.902079 33.435330 6
-0.838836 5.890219 52.310323 1
7.530928 17.392017 52.294656 1
-6.527889 18.793297 52.371651 1
11.162489 12.887650 14.990299 1
7.513537 3.249955 15.005031 1
17.824675 4.893095 15.063526 1
-1.007544 20.025479 33.681921 1
-4.654102 10.364661 33.765871 1
5.687885 11.878235 33.734853 1
0.584004 5.708378 50.955700 6
6.883863 18.705803 50.917520 6
-7.573971 17.838593 50.937258 6
12.742018 12.776987 13.786364 6
6.927931 4.645603 13.694390 6
16.865217 3.787151 13.809334 6
0.632147 19.638035 32.323104 6
-5.219697 11.608510 32.322583 6
4.563823 10.644881 32.383815 6
0.019127 4.919341 50.512158 1
7.827782 18.696363 50.403849 1
-7.997567 18.569312 50.546176 1
12.188325 11.951349 13.223005 1
7.753608 4.657344 13.262343 1
16.406929 4.386372 13.244071 1
0.175752 19.078469 31.801015 1
-4.361752 11.585936 31.909222 1
4.244582 11.403785 31.865133 1
1.683134 6.078909 50.307607 6
6.014122 19.503298 50.471000 6
-7.728174 16.505677 50.343989 6
13.980843 13.064702 13.167992 6
6.088773 5.545846 13.209875 6
16.456262 2.486355 13.178465 6
1.750639 20.153450 31.832009 6
-6.260221 12.494183 31.878194 6
4.418378 9.557364 31.900503 6
2.274101 5.636070 49.754706 1
6.194417 20.073237 49.709764 1
-8.404947 16.322158 49.589612 1
14.242575 12.576479 12.441859 1
6.256339 6.101707 12.442552 1
15.944070 2.229405 12.397133 1
2.213816 19.638884 31.117879 1
-5.886505 13.072989 31.160176 1
3.783338 9.396087 31.008925 1
2.419975 7.055166 50.953860 6
4.792325 19.491149 51.058367 6
-7.202670 15.529990 50.922429 6
14.586064 14.241804 13.795614 6
4.827767 5.443554 13.868848 6
17.181696 1.326153 13.889394 6
14.515183 0.070955 32.404187 6
16.898258 12.570138 32.506453 6
5.105065 8.451375 32.504465 6
-9.499085 19.430402 53.705918 8
0.018666 3.190550 53.763951 8
9.459717 19.404242 53.685912 8
14.851764 5.426320 16.589004 8
12.177947 10.187744 16.557171 8
9.502337 5.502879 16.448203 8
2.611449 12.448191 35.135251 8
0.000345 17.128579 35.172163 8
-2.729853 12.545782 35.019064 8
1.814299 2.412290 48.728579 6
21.345768 0.287566 48.721689 6
13.430778 18.332058 48.789064 6
13.928979 9.333663 11.425152 6
9.221541 7.323236 11.488088 6
13.253014 4.282376 11.498355 6
1.652467 16.371554 30.180283 6
-2.984590 14.383158 30.015199 6
1.115448 11.408849 30.119479 6
2.790567 1.457102 48.272234 6
21.533616 1.567819 48.146196 6
12.168561 17.944571 48.147895 6
14.936656 8.625537 11.103499 6
9.518817 8.634325 11.069926 6
12.070080 3.823918 11.122480 6
2.744485 15.583312 29.548902 6
-2.628308 15.617665 29.568918 6
-0.100725 10.815348 29.658026 6
13.240391 17.916222 54.220826 6
2.161410 2.373345 54.221983 6
21.209694 0.657340 54.188843 6
13.203336 3.960095 16.978092 6
14.361506 9.435924 17.102964 6
8.958614 7.756697 17.034336 6
1.071639 10.910025 35.586071 6
2.202683 16.556671 35.569440 6
-3.213306 14.733436 35.618401 6
1.110397 1.749721 49.561363 8
22.372709 0.220903 49.506017 8
13.042985 19.245669 49.509501 8
13.460913 8.755973 12.346970 8
10.072587 7.188221 12.209441 8
12.985746 5.241236 12.244859 8
1.277304 15.699135 30.853459 8
-2.089715 14.244080 30.968774 8
0.821863 12.251991 30.905152 8
-10.427409 18.671147 53.313444 6
1.222767 2.678224 53.325314 6
9.331169 20.788336 53.183624 6
13.910342 4.632970 16.064226 6
13.332594 9.780591 16.118527 6
9.193094 6.633389 16.058283 6
1.669849 11.699418 34.587684 6
1.192429 16.753381 34.694170 6
-2.832830 13.673116 34.552834 6
1.081207 3.155431 47.772540 6
8.946275 20.389343 47.801257 6
-9.903197 18.648146 47.726005 6
13.083718 10.079706 10.586878 6
8.935249 6.304329 10.529508 6
14.290955 4.560434 10.585953 6
1.083327 17.055620 29.200241 6
-3.217884 13.325088 29.147014 6
2.081725 11.708568 29.189602 6
-10.948815 19.532177 52.578478 6
0.678821 1.955978 52.519042 6
10.258460 20.672308 52.459229 6
13.489414 5.414456 15.418771 6
12.886079 8.820212 15.398774 6
10.143457 6.687944 15.308411 6
1.234598 12.410478 34.034024 6
0.675862 15.995555 33.975505 6
-2.017135 13.689625 33.926463 6
15.284774 8.368651 44.082428 8
9.378434 9.089666 44.124184 8
11.702731 3.496205 44.017264 8
3.269099 15.429674 6.840554 8
-2.768835 16.121924 6.742439 8
-0.494086 10.616672 6.810565 8
3.217383 1.371344 25.441012 8
21.614441 2.059717 25.444724 8
11.646784 17.648266 25.355114 8
2.600789 13.176818 1.909667 8
-0.674840 16.662165 1.818074 8
-1.955487 12.177437 1.874001 8
-9.628477 20.175240 20.433221 8
-0.682169 2.699055 20.475260 8
10.153518 19.144693 20.409936 8
14.853012 6.203295 39.179970 8
11.556257 9.678463 39.152487 8
10.100882 5.081045 39.180734 8
3.315839 12.774746 2.183747 6
-0.601262 17.693987 2.228525 6
-2.932773 11.887070 2.209688 6
-8.756430 19.685409 20.722130 6
-0.586469 3.587492 20.792885 6
9.361267 18.790404 20.777152 6
15.481349 5.738288 39.330515 6
11.715725 10.530803 39.307110 6
9.251388 4.869736 39.448838 6
14.580785 8.158150 43.080808 6
10.027841 8.638254 43.049516 6
11.900740 4.214286 42.906257 6
2.485119 15.086235 5.813814 6
-2.238819 15.566914 5.801599 6
-0.353193 11.304994 5.776878 6
2.477338 1.194460 24.440053 6
22.193051 1.703220 24.483549 6
11.914455 18.240893 24.337048 6
14.619069 7.494687 44.397765 6
10.462429 8.899629 44.375152 6
11.355781 4.674805 44.306237 6
2.394505 14.422629 7.134493 6
-1.681257 15.918923 7.022920 6
-0.880525 11.735433 7.096492 6
2.579938 0.432193 25.755317 6
22.664291 1.905938 25.707201 6
11.399711 18.614506 25.704820 6
13.996860 7.412808 45.744576 6
10.981625 8.363910 45.812917 6
11.618306 5.350031 45.806455 6
1.820032 14.507467 8.693185 6
-1.308182 15.345448 8.627316 6
-0.554450 12.319139 8.721424 6
1.883676 0.455214 27.326637 6
23.108006 1.394335 27.169628 6
11.534517 19.314423 27.163774 6
2.484696 13.454204 3.280301 6
-0.724378 16.475454 3.291112 6
-1.773136 12.313975 3.153584 6
-9.746620 20.482279 21.781359 6
-0.736011 2.367134 21.901051 6
10.480215 19.316293 21.818584 6
14.552522 6.454078 40.350060 6
11.534405 9.456543 40.416644 6
10.381013 5.265303 40.514220 6
1.926309 11.790843 3.711104 6
0.946033 16.837698 3.654465 6
-3.034905 13.372438 3.705444 6
-10.231696 18.874346 22.276056 6
0.926573 2.871227 22.256748 6
9.161582 20.432362 22.352404 6
14.203297 4.837556 40.899262 6
13.193917 9.805865 40.916886 6
9.208728 6.487174 40.862355 6
