4.246255 4.826321 3.182839 7
9.150352 5.929435 9.155833 7
2.840127 3.312300 2.368628 8
10.607507 7.584906 10.007210 8
4.497539 8.294985 0.272040 6
8.826838 2.543578 12.287549 6
5.044730 8.658552 0.863329 1
8.325936 2.293518 11.589981 1
5.623057 6.083918 4.755407 8
7.884971 4.857071 7.711790 8
4.095958 4.450608 5.479616 7
9.291198 6.522636 7.027447 7
7.176361 8.732240 11.447761 6
6.075139 2.169662 0.977918 6
7.843014 9.462315 11.402112 1
5.686165 1.499299 1.138812 1
6.168655 10.496800 7.407020 8
7.138436 0.484282 5.024842 8
6.519394 8.197849 10.263845 6
6.783537 2.673496 2.158320 6
6.748493 8.666214 9.607692 1
6.643242 2.197199 3.023585 1
5.833767 7.249156 10.509902 6
7.596689 3.625176 1.984453 6
5.394828 6.975915 9.710475 1
8.089708 4.066896 2.757503 1
5.638186 6.517439 11.801260 6
7.786993 4.266131 0.798994 6
4.960374 5.857449 11.721622 1
8.419778 5.003040 0.778628 1
3.775995 7.323721 0.406205 6
9.698586 3.595043 12.110920 6
3.411623 6.712891 1.644826 6
10.003658 4.259463 10.697967 6
2.613187 6.189249 1.717148 1
10.790582 4.696606 10.822667 1
3.471326 7.333492 2.429726 1
9.836539 3.502724 9.999762 1
4.577797 5.650555 2.062492 6
8.971448 5.222556 10.479040 6
4.569808 4.976646 1.226264 1
8.837746 5.868372 11.120876 1
5.363421 6.049152 2.040654 1
7.986622 4.947273 10.292269 1
3.328359 3.729890 3.254550 6
9.937731 7.070183 9.079347 6
3.300016 3.260048 4.726385 6
10.114707 7.635117 7.724727 6
4.213939 2.139365 5.261998 6
9.225856 8.799367 7.288253 6
4.881303 2.109700 4.571639 1
8.449135 8.883872 7.802059 1
3.576908 0.698799 5.411514 6
9.768834 10.140067 7.055676 6
3.765663 0.294290 6.781161 6
9.751134 10.489347 5.561378 6
4.382806 1.660782 7.474052 6
9.134210 9.340631 4.966958 6
4.601979 2.586556 6.604058 6
8.846558 8.451042 5.872433 6
4.867979 3.998160 6.540364 6
8.717709 6.932729 5.897247 6
4.337700 4.272269 7.370705 1
9.028753 6.558413 5.133218 1
5.787078 4.224245 6.537357 1
7.757408 6.602462 5.774446 1
4.707606 5.147351 4.538370 6
8.713075 5.641835 7.904100 6
9.961249 3.241899 5.213119 6
11.466743 7.569735 7.145262 6
9.658908 4.039262 4.943842 1
3.773607 6.839295 7.489419 1
9.935334 3.228984 6.166257 1
3.390701 7.682565 6.280855 1
9.669321 2.522637 4.799516 1
3.868809 8.377100 7.500700 1
2.996518 -0.072718 4.502207 6
7.690912 -0.132845 8.078939 6
3.043055 0.220924 2.898050 6
10.345437 10.563961 9.559073 6
3.423444 1.062288 2.840253 1
9.959494 9.801820 9.677221 1
2.102358 0.252202 2.692690 1
11.237438 10.511114 9.868382 1
6.309828 10.654294 2.587759 1
7.188623 0.212925 9.901872 1
5.128852 9.744555 4.847053 6
8.270778 1.176098 7.785759 6
5.229252 9.531889 5.650088 1
8.182198 1.316178 6.751926 1
5.751377 8.931277 4.243311 1
7.772280 1.788693 8.054100 1
4.326360 9.673594 4.527104 1
9.193724 1.129805 8.063163 1
3.754245 0.938294 9.786831 6
9.727243 9.984292 2.706456 6
3.173158 0.290687 9.498396 1
10.332896 10.579820 3.039317 1
3.926410 1.182679 11.283070 6
9.605848 9.808551 1.228498 6
3.362609 0.558491 11.731631 1
10.069908 10.395910 0.716875 1
4.753527 2.057633 11.774483 6
8.608382 8.969004 0.838529 6
2.197483 2.412969 0.192695 1
11.197447 8.522706 12.204836 1
5.415013 2.732841 10.803944 6
7.875966 8.122848 1.581884 6
6.056400 3.426989 11.295869 1
7.434279 7.520894 1.227507 1
5.443932 2.659584 9.592783 6
8.125738 8.181897 2.869263 6
5.945034 3.190546 8.897786 1
7.553907 7.667108 3.459570 1
4.565989 1.755200 9.048517 6
8.971830 9.250866 3.587298 6
