1.994279 6.970486 1.437477 6
9.248995 3.195842 5.031120 6
5.920717 0.363635 11.553028 6
-1.245667 4.148557 7.775656 6
2.016019 5.592328 0.971399 6
9.374153 1.883826 5.541528 6
6.133334 1.874363 11.872013 6
-1.264916 5.531705 7.391268 6
-3.841997 5.350321 12.896508 6
8.521663 1.605684 6.538152 6
11.794568 2.197784 0.007695 6
-0.520429 5.880510 6.368012 6
-2.899861 6.185627 12.215513 6
7.733333 2.354747 7.083331 6
11.003991 1.278287 0.743125 6
0.389286 4.975293 5.787708 6
-2.912123 0.013057 12.626633 6
7.525103 3.737361 6.649633 6
10.895355 7.394011 0.281268 6
0.556887 3.712579 6.126035 6
2.915596 0.417249 0.840429 6
8.459056 4.145370 5.766763 6
5.111787 6.965976 12.035294 6
-0.400459 3.264384 7.292378 6
1.395072 3.608743 2.308923 6
9.846157 7.366368 4.262469 6
6.531520 3.839365 10.642971 6
-1.870124 0.020210 8.712748 6
1.056040 4.639754 1.526927 6
10.381601 0.982336 4.804229 6
7.081548 2.664925 11.392521 6
-2.304206 6.552955 8.148266 6
-0.489171 4.961845 1.489307 6
11.847979 1.351009 4.946646 6
8.458836 2.369398 11.360445 6
-3.671028 6.162425 7.864723 6
-0.895604 6.259879 2.331541 6
12.266932 2.480043 4.080443 6
8.936494 1.311697 10.627124 6
-4.201838 4.952050 8.751659 6
-0.138445 0.005797 2.098880 6
11.684060 3.800245 4.349408 6
8.390248 0.054310 10.880076 6
-3.575187 3.776566 8.545592 6
1.517676 0.452709 3.731265 6
9.657964 4.065970 2.770088 6
6.405538 7.138909 9.332716 6
-1.633013 3.387759 10.081035 6
3.044899 0.100429 4.030109 6
8.236484 3.961769 2.373160 6
5.082383 7.316301 8.787952 6
-0.208261 3.545371 10.489073 6
3.682247 6.370365 3.834501 6
7.595867 2.769685 2.483720 6
4.434097 1.119138 9.017824 6
0.436388 4.685186 10.424337 6
4.887202 6.162564 4.331727 6
6.327280 2.435500 2.053359 6
3.083745 1.308264 8.453062 6
1.677243 4.980798 10.807998 6
5.519607 7.342698 5.026706 6
5.694482 3.531646 1.412793 6
2.469038 0.216977 7.895868 6
2.260787 3.853826 11.382088 6
5.018224 1.030942 5.063992 6
6.274978 4.753637 1.272309 6
3.101860 6.391880 7.712603 6
1.714036 2.662811 11.688658 6
3.793496 1.249289 4.700247 6
7.632426 5.035332 1.765478 6
4.458528 6.189214 8.165461 6
0.487711 2.526371 11.122958 6
1.218229 7.417150 2.395231 7
10.212317 3.661245 4.080893 7
6.841155 0.018153 10.452871 7
-2.080010 3.710786 8.950836 7
0.764438 0.912172 4.405629 8
10.556286 4.578327 2.016883 8
7.273434 6.509112 8.398632 8
-2.486380 2.810879 10.871705 8
-3.822661 4.384561 12.499874 1
8.575305 0.702670 6.735431 1
11.920324 3.078702 0.366207 1
-0.462504 6.795909 6.141831 1
-2.312497 5.729601 11.475492 1
7.060185 2.028541 7.859041 1
10.421385 1.708387 1.397793 1
1.032951 5.316926 5.150936 1
-2.139547 0.613567 12.282656 1
7.020198 4.405844 7.093517 1
10.389628 6.921637 0.775792 1
1.142333 3.065034 5.794895 1
2.887485 1.329698 1.139969 1
8.486446 5.088210 5.330112 1
5.023375 6.034628 11.848035 1
-0.275599 2.482423 7.542503 1
2.453119 3.391549 2.279456 1
8.897428 7.084404 4.155449 1
5.649255 3.946582 10.661971 1
-0.886539 0.218603 8.854469 1
0.891238 3.072827 2.761805 1
10.580610 6.777238 3.808192 1
7.126317 4.379929 10.216250 1
-2.436973 0.649410 9.174756 1
13.993673 5.163451 0.608605 1
-2.612652 1.596152 5.883064 1
-5.959769 2.232705 12.350229 1
10.682343 5.868674 6.973481 1
13.654763 4.130572 1.729157 1
-2.404943 0.466067 4.740265 1
-5.538073 3.312240 11.193459 1
10.397800 7.025768 8.276971 1
12.782910 6.235649 2.169278 1
-1.398087 2.561845 4.233283 1
-4.722910 1.087304 10.694499 1
9.533816 4.846035 8.608729 1
-0.885480 5.868620 3.314903 1
12.238010 2.251138 3.168021 1
8.801398 1.476107 9.539408 1
-4.181571 5.246418 9.872205 1
-0.290546 0.206175 1.079095 1
11.651915 3.931980 5.255742 1
8.462597 7.188175 11.820159 1
-3.689405 3.340933 7.665875 1
-0.751507 0.672866 2.670379 1
12.074702 4.415268 3.792142 1
8.632763 6.608035 10.208783 1
-4.014170 2.902216 9.207142 1
3.136653 5.643508 3.390765 1
8.094988 2.065397 2.947251 1
4.806706 1.692065 9.438748 1
0.001523 5.493855 10.010169 1
5.396460 5.308853 4.304020 1
5.918747 1.642142 2.181152 1
2.713934 2.059728 8.569910 1
2.181145 5.764452 10.769052 1
6.488950 7.126041 5.382819 1
4.934132 3.463674 1.105310 1
1.515259 0.316304 7.570923 1
3.202725 4.122253 11.957358 1
5.457030 1.791404 5.580555 1
5.980955 5.505383 0.851420 1
2.584393 5.601195 7.411102 1
2.153878 2.042125 11.969591 1
3.132036 2.062308 4.669477 1
8.091330 5.829512 1.733876 1
4.833725 5.311208 8.141381 1
0.041011 1.589824 11.154333 1
