0.592581 3.112030 3.353132 34
2.821014 7.541401 8.962862 34
8.020122 5.865503 8.954315 34
5.720092 1.373803 3.409579 34
1.889038 5.394790 5.777564 34
1.475931 0.801227 6.607721 34
6.582717 3.663923 6.683748 34
6.967161 8.073056 5.777691 34
2.330408 6.468362 2.480506 34
1.090549 1.960052 9.984600 34
6.198679 2.451867 9.875849 34
7.401901 6.951210 2.423151 34
-0.552093 6.763175 11.659208 34
3.983746 2.124756 0.718187 34
9.161607 2.298557 0.638132 34
4.585989 6.646949 11.713070 34
2.345815 3.004784 4.131384 6
1.017965 7.509826 8.350156 6
6.173967 5.895176 8.247951 6
7.466507 1.389872 4.186096 6
2.899909 3.813713 4.914394 6
0.569624 8.241153 7.406517 6
5.608903 5.042414 7.480211 6
8.001139 0.670024 4.864740 6
3.087760 6.713018 5.159393 6
0.296728 2.168715 7.144029 6
5.499157 2.166316 7.181092 6
8.337013 6.671143 5.258075 6
3.302074 7.058119 3.954320 6
0.242142 2.703686 8.463715 6
5.292966 1.750255 8.473726 6
8.346010 6.162442 3.916023 6
3.019413 7.565254 1.239986 6
0.337800 3.271980 11.273595 6
5.566705 1.195440 11.258341 6
8.143265 5.616208 1.268030 6
0.896601 7.713684 12.321429 6
2.548282 3.253712 0.012133 6
7.733917 1.241569 0.078936 6
7.760808 5.657801 0.021458 6
-1.451522 7.898709 10.771578 6
4.996420 3.485330 1.673741 6
-0.153197 0.986703 1.574966 6
3.658856 5.337054 10.741974 6
7.964823 7.546873 9.668496 6
5.712966 3.260990 2.621736 6
0.563946 1.173929 2.665315 6
2.894266 5.783353 9.768388 6
2.899835 2.196220 3.827485 1
0.625956 6.687315 8.422284 1
5.654680 6.662471 8.540337 1
8.131014 2.240842 3.806252 1
3.759439 3.712993 5.209694 1
-0.331610 8.335245 7.278474 1
4.769203 5.110741 7.298707 1
8.881832 0.600259 5.114483 1
3.562120 7.020499 5.991847 1
-0.244018 2.679192 6.426348 1
4.882698 1.813796 6.500849 1
8.683116 6.167805 5.835006 1
3.971234 7.853624 3.848576 1
-0.433346 3.373388 8.667548 1
4.621171 1.126111 8.699622 1
9.024085 5.557156 3.811216 1
3.864444 8.252620 1.396630 1
-0.447466 3.656851 10.971311 1
4.839209 0.819890 10.870474 1
8.984350 5.206343 1.415048 1
1.261578 8.335334 11.690426 1
2.167723 3.908059 0.663641 1
7.265772 0.555964 0.526089 1
6.428101 4.940611 11.723567 1
-1.388464 0.022061 10.891757 1
4.854853 4.455781 1.317038 1
-0.141608 8.838659 1.493750 1
3.642568 4.442573 10.956031 1
7.412038 8.292863 8.950345 1
6.213208 3.755037 3.488430 1
1.102305 0.516575 3.350914 1
2.320289 5.011415 9.075671 1
