11.612577 3.483482 1.802854 8
5.033687 9.947490 12.187283 8
10.335637 5.082249 1.121939 8
6.641421 8.474335 12.922804 8
13.625677 11.294876 2.192723 8
3.128043 2.331630 11.908516 8
9.198363 2.153533 1.051204 8
7.748708 11.429437 13.082753 8
3.684087 6.780975 6.692304 8
13.156733 6.716893 7.398906 8
9.555085 2.341282 3.161368 7
7.085684 11.259687 10.767146 7
13.549749 9.833020 14.002364 7
5.460560 6.145410 13.924062 7
9.685794 3.751071 2.952363 6
7.126300 9.845883 11.094910 6
9.913109 4.443387 4.206192 6
6.829859 9.157099 9.712215 6
9.182710 3.878214 5.373523 6
7.606927 9.531143 8.550565 6
8.552861 4.773736 6.328690 6
8.201451 8.637883 7.637303 6
7.638257 4.290038 7.393244 6
9.167294 9.212059 6.668814 6
7.573414 2.950199 7.394880 6
9.357192 10.556509 6.622043 6
8.098594 2.063890 6.605517 6
8.791273 11.440498 7.554106 6
8.867771 2.662357 5.463005 6
7.834819 10.953527 8.521649 6
9.514330 1.632075 4.526819 6
7.123162 11.933745 9.491008 6
10.855777 1.307530 5.000822 6
5.805915 12.180480 8.887568 6
1.753904 1.521174 4.631276 6
15.074579 12.085523 9.556858 6
9.354420 1.515813 2.076027 6
7.471055 12.104703 11.827835 6
10.558349 4.109511 1.920404 6
6.186250 9.380244 12.216246 6
11.287827 3.819201 13.869158 6
5.588398 9.713120 0.123584 6
10.671479 4.771424 12.812035 6
6.128975 8.944150 1.245011 6
10.466683 3.986127 11.572704 6
6.359827 9.458298 2.597690 6
9.899005 4.772946 10.455077 6
6.980331 8.847668 3.471781 6
9.305146 6.139573 10.647108 6
7.361753 7.571638 3.443890 6
9.655801 6.598084 11.783702 6
7.182427 6.962235 2.138056 6
10.073557 5.973584 12.935673 6
6.573051 7.469358 1.027583 6
11.927016 8.052991 1.168784 6
4.955885 5.549090 12.893499 6
10.687855 8.402409 2.153824 6
6.010721 5.240700 11.813318 6
11.316253 9.079630 3.497526 6
5.564766 4.453571 10.518851 6
12.339630 8.160114 4.031671 6
4.412714 5.438328 9.968080 6
13.547140 7.942204 3.088982 6
3.223044 5.551596 10.842747 6
12.964418 7.217804 1.923068 6
3.818028 6.366892 12.223501 6
12.466070 10.525580 13.206799 6
4.321904 3.065321 0.764610 6
12.158537 9.619532 12.008211 6
4.724129 3.994226 1.886069 6
10.910510 10.189872 11.259841 6
5.805458 3.421608 2.834339 6
11.171902 11.667290 10.791951 6
5.648973 2.057050 3.242377 6
11.537843 12.542689 12.087310 6
5.137610 1.089233 1.946748 6
12.749659 11.811525 12.854662 6
4.020474 1.714561 1.119342 6
3.570632 4.603135 6.064565 6
13.228264 8.969523 8.140355 6
4.475194 5.939836 6.055281 6
12.220468 7.589018 7.817174 6
4.123061 8.152693 7.042012 6
12.776417 5.284711 7.007576 6
8.760686 4.046446 2.763511 1
8.074311 9.545792 11.363158 1
10.911376 4.106311 4.473525 1
5.929090 9.304656 9.474674 1
10.016860 5.421607 4.159699 1
6.785058 8.251181 9.933599 1
8.821188 5.897834 6.281922 1
8.106609 7.598090 7.779375 1
7.343657 4.961460 8.006763 1
9.597385 8.568605 6.132479 1
6.898088 2.778250 8.106208 1
9.876595 10.794529 5.941683 1
12.247227 12.200542 6.711684 1
4.544219 1.439963 7.367457 1
10.672698 3.146883 11.463643 1
6.025395 10.376214 2.527390 1
9.700703 4.333798 9.738463 1
7.049350 9.246846 4.267049 1
9.045354 6.539857 9.931194 1
7.779756 6.994352 4.151249 1
9.314676 7.519475 12.121842 1
7.602065 5.902986 1.929737 1
10.326033 6.389824 13.735899 1
6.386834 7.136688 0.221119 1
13.215990 11.778622 4.620426 1
3.510008 1.752119 9.538308 1
15.037354 11.688245 5.963980 1
1.702649 1.876316 7.988452 1
2.497686 0.958630 5.129884 1
14.199224 12.468409 9.042052 1
1.678526 2.114205 3.627597 1
15.016962 11.382528 10.424483 1
12.239400 3.691396 13.666185 1
4.611250 9.905405 0.380705 1
10.882952 3.137068 13.871521 1
8.219598 13.123066 14.023183 1
12.168050 8.881955 0.900866 1
4.508894 4.606690 13.123441 1
11.696720 10.567615 13.875389 1
5.253393 3.003065 0.111417 1
10.385288 7.522720 2.329055 1
6.307650 6.076326 11.542772 1
10.159343 8.866065 1.791220 1
6.774201 4.643861 12.337010 1
10.567140 9.134863 4.096838 1
6.198972 4.472595 9.881373 1
11.716853 9.871686 3.217819 1
5.047662 3.557808 10.845460 1
11.942403 7.217650 4.406209 1
4.693854 6.268517 9.638154 1
12.816597 8.702340 4.973079 1
4.089260 4.893586 9.057229 1
3.719648 7.397885 3.600926 1
13.053972 6.215630 10.431450 1
13.979188 8.674144 3.019312 1
13.141035 4.864033 11.101415 1
3.238393 7.034016 1.175248 1
13.520899 6.448053 12.852714 1
12.571248 6.393926 2.160709 1
4.271435 7.147637 12.006936 1
11.832737 8.664564 12.499831 1
4.901645 4.891867 1.679111 1
12.966260 9.465537 11.640326 1
3.865111 3.990778 2.517471 1
9.967900 10.195812 11.785603 1
6.682516 3.289315 2.200756 1
10.752960 9.522271 10.557394 1
6.147703 4.013944 3.362628 1
10.356997 11.913249 10.242748 1
6.425258 1.485837 3.822125 1
12.081509 11.522678 10.339125 1
4.755495 2.015155 3.860292 1
10.683251 12.577260 12.508763 1
5.956884 0.879938 1.408143 1
7.627252 2.373868 11.629439 1
9.257358 11.200807 2.324538 1
13.458684 11.849827 12.366662 1
3.314468 1.543765 1.611682 1
12.894918 12.533015 13.619142 1
3.822876 1.108624 0.404157 1
14.194021 9.881372 13.576003 1
2.555491 3.750136 0.592437 1
11.090716 6.524860 0.340098 1
5.680731 7.058014 13.704003 1
