5.660809 -0.336750 1.676454 7
1.596730 8.439306 9.919348 7
1.604784 3.012567 1.307836 7
5.671832 5.193012 10.128123 7
5.433169 0.734143 0.905523 8
1.782429 7.386388 10.460650 8
6.715561 10.214887 2.041922 8
0.406174 8.511711 9.355442 8
3.972742 -0.021549 3.849024 8
3.203883 8.125480 7.674740 8
2.552451 7.960243 3.359966 8
4.488622 0.113034 8.121613 8
1.879028 7.629449 1.012040 8
5.367591 0.362619 10.322620 8
2.685362 3.091221 1.917797 8
4.554368 4.957700 9.599617 8
1.140713 1.904386 0.708497 8
5.894050 6.012913 10.817477 8
0.017147 2.770473 3.614306 8
7.136212 5.301588 7.714709 8
6.753504 5.375541 3.297512 8
0.322062 2.543550 8.117724 8
6.067288 5.853801 0.804480 8
1.074518 2.357401 10.609694 8
4.463827 9.581519 1.859530 6
2.592055 -1.453810 9.662508 6
3.492831 -0.541517 2.681490 6
3.796296 8.552743 8.934628 6
2.315059 9.303236 2.888069 6
4.963254 -1.164214 8.612294 6
1.488419 8.860825 1.749185 6
5.641392 -0.833161 9.785938 6
0.722935 7.569001 2.051952 6
6.265512 0.420431 9.306393 6
1.215007 7.495370 3.396035 6
5.810291 0.603705 8.034941 6
0.578121 8.423829 4.402117 6
6.489008 -0.510555 7.207847 6
1.189678 -0.840512 3.980638 6
5.837496 -1.700907 7.477902 6
1.924144 -0.304308 5.167226 6
5.085563 8.466545 6.389194 6
2.993197 0.586231 4.504853 6
3.995004 7.480106 6.909160 6
0.374245 3.863874 1.648373 6
6.731293 4.091968 9.866071 6
7.585260 3.319489 2.381361 6
-0.508234 4.802256 8.910672 6
6.318905 4.277561 2.725057 6
0.707287 3.872021 8.750728 6
5.638900 4.501046 1.444216 6
1.580447 3.528704 10.073055 6
4.897767 5.929585 1.824675 6
2.114568 2.287072 9.598557 6
5.411344 6.022534 3.260851 6
1.788438 2.167449 8.080352 6
4.601084 5.039090 4.035868 6
2.454142 3.039232 7.318343 6
5.285960 3.738817 3.780222 6
1.741903 4.429228 7.759917 6
6.050235 3.060450 4.938879 6
1.114625 5.117115 6.486055 6
7.195370 2.183968 4.549477 6
-0.114300 5.865612 6.975751 6
0.675386 -0.378579 3.519930 1
6.400094 8.441473 8.052848 1
0.989667 9.557576 1.042545 1
6.036369 -1.495137 10.321435 1
3.181738 0.143419 2.029763 1
3.937531 7.936252 9.415151 1
2.481336 -0.916668 5.692822 1
4.671430 9.084000 5.823751 1
7.202794 2.440478 1.914235 1
-0.035315 5.520978 9.449011 1
5.354930 6.995532 3.696830 1
1.594014 1.201214 7.782530 1
6.866561 1.289605 4.036842 1
0.306464 6.674195 7.468978 1
3.488866 1.066725 5.434894 1
3.440727 7.053416 6.171210 1
0.898406 4.677338 2.158297 1
6.332679 3.428860 9.379035 1
5.257632 3.972605 0.810890 1
1.912725 4.132146 10.479196 1
4.911348 8.815611 2.316679 1
2.133064 -0.743778 9.092846 1
7.682867 1.783607 5.184840 1
7.514481 6.311988 6.194126 1
4.857945 2.907412 3.306747 1
2.417964 5.045564 8.078483 1
1.291035 0.218918 5.727830 1
5.794329 7.798473 5.813132 1
5.394275 2.489633 5.588473 1
1.622743 5.534570 5.989183 1
4.122344 9.258212 0.970452 1
2.972656 -1.159054 10.492565 1
2.600468 1.465376 3.980441 1
4.611202 6.668300 7.312505 1
0.116616 4.289038 0.733702 1
6.946506 3.878157 10.724230 1
3.731622 4.917491 3.782968 1
3.495399 3.073004 7.690054 1
1.296857 6.666861 3.754318 1
5.695851 1.435570 7.731569 1
-0.139007 7.410501 1.778749 1
7.154810 0.687435 9.694708 1
3.984143 6.193523 1.649209 1
3.169372 1.965833 9.810638 1
6.484082 3.712403 5.417806 1
0.565712 4.416183 6.078633 1
0.567807 8.378116 5.295340 1
6.491267 -0.241021 6.116888 1
4.581401 5.167664 5.000935 1
2.381221 2.954575 6.363744 1
7.768736 8.538647 3.999817 1
7.452350 -0.386284 7.418919 1
