9.274260 6.094677 8.460924 8
4.696585 3.588287 2.549046 8
7.848561 5.349072 7.146057 8
6.285799 4.277942 3.921656 8
6.268272 4.635814 9.751108 8
7.754517 5.049010 1.303096 8
4.655467 6.030169 8.714907 8
9.319493 3.730763 2.253897 8
4.155904 1.226313 6.024296 8
9.898116 8.463162 4.930890 8
2.518990 2.617379 6.578980 8
11.516811 7.214272 4.457247 8
7.543262 7.581437 10.086608 6
6.550854 2.177670 0.807401 6
6.988984 6.788339 8.743298 6
7.132088 2.986387 2.208268 6
6.414146 7.912742 7.985455 6
7.570261 1.886780 3.108202 6
7.415899 8.955763 8.083816 6
6.490663 0.852408 2.874610 6
8.074519 8.893394 9.494185 6
5.946886 0.925187 1.403339 6
4.981486 1.437386 10.436088 6
9.154726 8.430306 0.467178 6
2.219447 0.155088 0.723464 6
11.763013 9.542458 10.262556 6
4.587250 7.646411 1.205024 6
9.312441 2.207245 9.677291 6
4.110260 6.545683 0.108160 6
9.761795 3.154241 10.783374 6
8.088552 6.116670 8.044886 6
5.788765 3.784275 2.810864 6
8.704006 4.590873 6.329660 6
5.259481 5.123911 4.524937 6
6.066935 5.640633 9.161784 6
8.134177 4.142412 1.764890 6
3.775985 5.081078 9.167057 6
10.258552 4.671336 1.931040 6
4.831954 1.187516 7.199949 6
9.213725 8.391292 3.707923 6
5.957457 2.203036 7.363887 6
8.072857 7.547422 3.764541 6
3.071551 1.893862 5.752871 6
10.921738 7.866892 5.255090 6
2.488439 1.769578 4.357531 6
11.539719 8.064964 6.659497 6
8.153618 6.930938 10.474209 1
5.793654 2.704343 0.388321 1
6.442255 7.627234 6.991154 1
7.693496 2.196925 3.924110 1
5.681215 8.254033 8.320865 1
8.432013 1.586005 2.714818 1
9.027995 8.574788 9.464323 1
4.930177 1.046359 1.546606 1
5.289403 2.171668 10.003820 1
8.700079 7.554856 0.780551 1
2.114294 1.054063 1.208742 1
11.852546 8.772201 9.757388 1
5.427758 7.088566 1.678587 1
8.750844 2.557096 9.099977 1
3.932167 7.849405 1.667309 1
10.138244 1.953024 9.208535 1
3.912941 5.811356 0.541677 1
10.274823 3.940574 10.476443 1
5.616889 8.215259 10.659606 1
8.442811 1.501671 0.290774 1
9.447859 5.173501 5.960226 1
4.517736 4.463976 4.998538 1
8.247796 4.255861 5.522332 1
5.718081 5.485578 5.279734 1
9.188300 4.135708 6.961068 1
4.746024 5.681537 4.036269 1
3.750930 4.344959 8.367123 1
10.463878 5.380323 2.601741 1
4.004261 4.447297 9.880434 1
10.154753 5.227328 1.109426 1
11.793572 5.586495 9.197052 1
2.286753 4.226350 1.752705 1
6.442052 2.289293 6.397758 1
7.595956 7.462204 4.468369 1
5.482504 3.305007 7.301786 1
8.452468 6.568473 3.645889 1
6.535892 2.163085 8.116910 1
7.647480 7.507460 2.921843 1
2.239659 0.927018 4.298479 1
11.947145 8.874827 6.730930 1
3.068107 1.702309 3.738017 1
10.965831 7.945503 7.262879 1
1.800178 2.242820 4.258394 1
12.189838 7.497754 6.700053 1
