9.142996 7.172735 4.395474 7
6.210252 2.361020 5.869655 7
5.058950 8.607110 0.273445 7
10.440497 0.994616 9.959181 7
9.560327 6.169327 3.554587 6
5.822364 3.361200 6.650730 6
10.920281 5.957030 3.380541 6
4.373533 3.515013 6.896190 6
11.563563 6.691731 3.651640 1
3.857968 2.870594 6.495665 1
11.372102 5.082603 2.590053 6
3.830013 4.513786 7.634332 6
3.036770 5.076988 2.361623 1
12.210095 4.480666 7.826774 1
10.533510 4.135477 1.911680 6
4.697510 5.303149 8.336917 6
1.653678 3.499562 1.419414 1
13.644200 6.060667 8.997575 1
9.148973 4.236318 2.158288 6
6.057310 5.257064 8.031821 6
8.650265 3.537531 1.737135 1
6.740463 5.998846 8.447059 1
8.769977 5.164892 3.012115 6
6.762556 4.445791 7.172751 6
7.413049 5.247334 3.216562 6
7.981199 4.319413 7.021217 6
6.892169 6.236114 4.096673 6
8.415437 3.342259 6.041144 6
5.580595 6.303729 4.557114 6
9.896753 3.156120 5.680853 6
4.791803 5.843498 4.220590 1
10.499164 3.735267 5.960663 1
5.047669 7.396753 5.343402 6
10.242952 2.120926 4.810803 6
4.253863 7.422797 5.652769 1
11.232233 2.075920 4.601551 1
6.125542 8.203397 5.850197 6
9.374737 1.331151 4.415345 6
5.815192 8.991230 6.450840 1
9.661902 0.633609 3.761110 1
7.315710 8.110361 5.600293 6
7.971720 1.411032 4.698665 6
8.016598 8.851370 5.823153 1
7.457459 0.645753 4.283233 1
7.906486 7.248047 4.688454 6
7.496218 2.276140 5.445488 6
6.479763 4.269931 2.733015 6
8.890506 5.265996 7.446903 6
5.661500 3.464451 2.281902 6
9.703920 6.071108 7.892585 6
4.625310 2.482809 1.853650 6
10.604565 7.063929 8.544628 6
4.241196 2.591906 0.355276 6
11.078231 7.033302 9.853447 6
7.736926 3.783782 10.117572 1
7.485165 5.698876 0.112566 1
6.556322 2.156488 10.111033 6
8.673838 7.431827 0.060342 6
6.300116 2.279821 9.214289 1
8.976215 7.268251 0.962278 1
2.961522 0.647303 0.740789 6
12.524244 8.865392 9.470434 6
3.307111 0.619717 2.174981 6
12.079627 9.002492 8.139758 6
5.879628 8.866048 2.612308 1
9.486771 0.697164 7.672151 1
4.146482 1.501924 2.645852 6
11.087853 8.036485 7.580928 6
4.421854 1.533495 3.567107 1
10.925465 8.066174 6.731432 1
7.630467 9.094553 9.148409 6
7.615394 0.371431 1.168354 6
7.112178 8.453483 8.987969 1
8.313324 1.106544 1.187592 1
8.585506 9.078157 8.492356 1
6.872129 0.380989 1.629487 1
4.433313 1.176907 8.874004 1
11.059954 8.419055 1.288047 1
4.591393 7.316275 1.134760 6
10.637505 2.141614 9.258038 6
4.022163 6.968548 0.595046 1
11.346117 2.670545 9.795908 1
4.266077 7.629520 1.783115 1
11.120756 1.760701 8.332177 1
5.407690 6.825306 1.152991 1
9.998445 2.584882 9.074834 1
