2.980506 0.384030 13.037103 14
4.250121 9.001107 0.871605 14
5.147794 5.264534 6.978919 14
2.035634 13.767803 6.866435 14
2.044987 3.413593 1.308103 8
5.103384 11.905213 12.668869 8
1.567666 2.775172 1.373675 1
5.641589 11.264553 12.508555 1
-2.155094 5.294210 12.399213 8
9.458102 13.704054 1.525413 8
-3.354267 3.473962 11.594374 8
10.647240 12.108191 2.343015 8
-2.182074 7.712778 10.868138 8
9.264010 16.190579 3.073496 8
-2.056723 7.039499 11.379815 1
9.456383 15.585148 2.380718 1
6.894833 9.839987 11.935998 8
0.456269 1.292897 1.901390 8
6.321703 8.084048 13.513983 8
0.947542 16.631335 0.419690 8
-1.363720 2.951891 12.623664 7
8.675269 11.571563 1.240895 7
6.719033 7.648631 11.353869 7
0.425052 16.042059 2.511011 7
2.734619 2.606347 4.161501 6
4.472000 10.983885 9.769813 6
2.120551 3.219066 3.945693 1
5.144011 11.707211 10.079856 1
2.388149 1.809632 5.406000 6
4.761070 10.362693 8.620834 6
1.654867 1.884759 5.646971 1
5.584005 10.441505 8.156621 1
3.413165 1.022750 5.856088 6
3.866146 9.431070 7.990724 6
3.090269 0.375929 6.622433 1
4.101417 8.958969 7.270566 1
4.642522 0.780178 5.202725 6
2.614165 9.305558 8.652488 6
5.115925 0.216976 5.571020 1
2.073579 8.751031 8.316230 1
4.935828 1.424025 4.142117 6
2.363179 9.938626 9.873993 6
5.601583 1.426470 3.711155 1
1.508551 9.873063 10.192368 1
4.014150 2.341260 3.548015 6
3.388703 10.865504 10.383524 6
4.293271 3.091034 2.326248 6
3.059013 11.808209 11.562042 6
5.280345 2.942274 2.079971 1
2.122433 11.412934 11.842698 1
4.139323 4.658100 2.501375 6
2.986595 13.225612 11.313370 6
3.406846 4.889377 2.769219 1
3.904991 13.425764 11.198757 1
4.589738 5.146100 1.781014 1
2.769387 13.740512 12.092459 1
4.760728 5.004365 3.343351 1
2.387289 13.476844 10.675151 1
3.390502 2.798615 1.056053 6
3.978686 11.339708 12.797524 6
3.347800 1.732076 1.091708 1
4.027291 10.338323 12.683806 1
-0.433424 3.260518 13.640047 6
7.664155 11.671968 0.250017 6
-0.244707 4.140515 13.763208 1
7.484860 12.580450 0.157843 1
0.697750 2.433953 13.405911 6
6.504554 10.910857 0.590572 6
1.609189 1.554553 13.228440 6
5.551330 10.118273 0.727134 6
7.015061 15.952141 0.224874 6
0.247553 7.447174 13.725879 6
7.041513 16.339288 1.166356 1
0.228784 7.797125 12.656916 1
7.885114 15.356225 0.196262 1
-0.525571 6.780828 13.797510 1
1.689002 15.657206 13.711382 1
5.363126 7.053927 0.000081 1
4.604606 1.186119 13.631224 6
2.507958 9.670503 0.288406 6
8.989712 1.417174 0.619058 1
-1.806920 9.821689 13.189345 1
4.871257 1.972852 13.205879 1
2.478339 10.578012 0.655246 1
5.448125 0.521898 13.402620 1
1.827820 8.967402 0.348812 1
3.145066 17.005497 11.299172 6
4.080126 8.430157 2.685287 6
3.827676 16.403245 11.112168 1
3.414307 7.830669 2.790206 1
3.318733 0.724271 10.653169 1
3.780867 9.380375 3.064898 1
2.193577 16.645407 10.912041 1
5.012506 8.276519 2.987290 1
-2.287699 4.141032 12.291408 6
9.501335 12.558733 1.748917 6
-3.345715 2.176060 11.795812 6
10.712539 10.621137 2.120244 6
-3.810288 1.864857 12.522516 1
11.042617 10.468005 1.257817 1
7.563073 1.434113 10.754464 6
-0.363585 9.845955 3.150542 6
7.431052 1.902185 9.372845 6
-0.157753 10.484119 4.392975 6
7.641336 2.798444 9.182739 1
-0.361159 11.419539 4.676682 1
6.818417 1.296267 8.378466 6
0.337129 9.821529 5.452518 6
6.569154 1.587792 7.609324 1
0.686096 10.046470 6.383977 1
6.488336 17.010156 8.552180 6
0.743740 8.383574 5.182469 6
6.144248 16.491357 8.046112 1
1.137739 7.873893 6.018870 1
6.663431 16.377639 9.890540 6
0.519069 7.920120 4.014335 6
6.412524 15.557422 10.120666 1
0.805168 7.031195 3.765786 1
7.179590 17.038522 10.878256 6
0.072876 8.588854 2.965544 6
7.287870 16.773309 11.809586 1
-0.065137 8.300911 2.029137 1
-1.983308 1.760186 11.957909 6
9.067933 10.309618 1.966105 6
-1.867050 0.984062 12.611229 1
9.050512 9.532275 1.205834 1
-1.100210 1.373369 10.814417 6
8.327949 9.812005 3.175922 6
-0.438413 2.378476 9.901563 6
7.659308 10.800625 3.983364 6
-0.475588 3.184628 10.230955 1
7.690068 11.696718 3.725312 1
0.175596 1.943320 8.757086 6
7.070534 10.498564 5.094748 6
0.659350 2.491395 8.184203 1
6.703440 11.090652 5.725564 1
0.244589 0.573534 8.512723 6
6.949874 9.023024 5.352267 6
0.642890 0.188940 7.755737 1
6.479633 8.768986 6.217486 1
-0.301297 16.615767 9.184965 6
7.577964 8.223796 4.692908 6
-0.234808 15.708169 9.023561 1
7.547779 7.322169 4.724342 1
-1.016580 0.043326 10.499244 6
8.225414 8.652095 3.466311 6
-1.428930 16.332949 10.956874 1
8.728330 7.997237 2.960971 1
-0.176911 6.691260 8.557581 6
7.266319 15.045513 5.368987 6
0.096446 7.007334 9.300822 1
7.126118 15.619388 4.527423 1
0.752744 5.711707 8.060369 6
6.429248 14.197380 5.905038 6
1.605704 5.614135 8.549637 1
5.542194 14.174463 5.489690 1
0.538130 5.107237 6.766691 6
6.596965 13.572848 7.033744 6
1.237581 4.542434 6.443716 1
6.009280 12.963497 7.383562 1
-0.713782 5.252735 6.139378 6
7.772391 13.854948 7.675345 6
-0.878145 4.687478 5.360226 1
7.981504 13.383435 8.544263 1
-1.555778 6.136429 6.742454 6
8.699639 14.733227 7.197220 6
9.306730 6.238582 6.364959 1
-2.174323 14.904748 7.641369 1
-1.248465 6.943926 7.977357 6
8.532868 15.459963 5.981201 6
-2.387324 7.712459 8.463610 6
9.513636 16.404844 5.453793 6
8.572852 7.808607 7.869845 1
-1.417994 16.269832 6.126964 1
-1.805614 9.219273 8.613115 6
9.096986 0.763928 5.177278 6
-1.051340 9.179847 9.091381 1
8.260540 0.658541 4.719221 1
-2.495503 9.751395 9.040469 1
9.653620 1.288754 4.782754 1
-1.577377 9.513396 7.757263 1
8.822414 1.079871 6.116553 1
-2.957280 7.175196 9.891948 6
10.193900 15.841635 4.068822 6
-2.832774 6.329119 9.745434 1
10.169325 14.757979 4.176768 1
7.376486 7.740894 9.888555 6
-0.160758 16.367992 3.986397 6
7.276607 8.745365 9.689254 1
-0.147629 0.305207 4.108053 1
6.416944 7.081162 8.960052 6
0.819499 15.517049 4.841906 6
5.916476 6.402435 8.142687 6
1.180126 14.824996 5.805805 6
6.542149 4.404206 6.009360 6
0.655482 12.851132 7.821195 6
6.932459 5.055063 5.428930 1
0.278333 13.527331 8.502034 1
6.220327 3.645749 5.409739 1
1.200817 12.161801 8.372895 1
7.226832 4.035072 6.564027 1
0.011738 12.439241 7.345244 1
4.283930 3.940993 8.009114 6
3.069067 12.415043 5.882690 6
4.850241 3.391202 8.687414 1
2.303377 11.920589 5.185695 1
3.931585 3.168653 7.473665 1
3.416347 11.825998 6.525613 1
3.481836 4.277622 8.522607 1
3.752350 12.862456 5.302104 1
3.988921 6.241720 5.935124 6
3.154728 14.750864 8.010706 6
3.466731 6.659996 6.419774 1
3.868533 15.206064 7.386668 1
3.529257 5.530461 5.308851 1
3.805878 14.125366 8.556026 1
4.562814 6.742799 5.475452 1
2.650274 15.314928 8.521432 1
6.743903 8.631330 12.187383 6
0.629214 0.113921 1.739833 6
6.547413 6.694682 13.480796 6
0.604452 15.262000 0.523943 6
-4.189246 6.500007 13.562450 1
11.432928 14.994916 0.169853 1
10.261151 5.976385 0.440386 6
-2.946963 14.427142 13.290593 6
8.877391 6.273339 0.730274 6
-1.581335 14.655975 13.215051 6
8.501784 6.998608 0.366213 1
-1.192633 15.423553 13.672887 1
8.194566 5.423958 1.616927 6
-0.972225 13.905924 12.269574 6
7.125378 5.700770 1.830946 1
0.129080 14.140243 12.193758 1
8.815170 4.302284 2.261563 6
-1.403319 12.825763 11.511461 6
8.129810 3.944849 2.904394 1
-1.063590 12.302404 10.961949 1
10.154715 4.076984 2.101157 6
-2.793662 12.641966 11.763033 6
10.383573 3.491910 2.491615 1
-3.163163 11.923988 11.343781 1
10.898977 4.848237 1.112605 6
-3.537508 13.330364 12.738064 6
0.023420 4.634635 1.081400 1
7.129489 13.246687 12.741689 1
6.326097 6.377674 11.807675 6
0.819777 14.943889 2.023422 6
7.058310 5.590682 11.588476 1
0.217771 14.051195 2.325626 1
4.963628 5.906875 11.483103 6
2.204430 14.405629 2.298996 6
3.978495 6.960637 11.181588 6
3.312962 15.351043 2.559894 6
4.335547 7.905642 11.240178 1
2.977166 16.419453 2.718083 1
2.716276 6.579192 11.047220 6
4.595217 15.149926 2.732991 6
2.106571 7.143760 10.967133 1
5.229919 15.783109 2.938627 1
2.183655 5.208909 11.205886 6
4.972601 13.697147 2.628637 6
1.268029 4.877322 11.139490 1
5.951771 13.543077 2.637897 1
3.253498 4.331437 11.509687 6
3.984578 12.839488 2.432873 6
3.002340 3.303905 11.569446 1
4.262587 11.826988 2.235828 1
4.660213 4.626055 11.674387 6
2.560752 13.126790 2.278574 6
5.181658 3.888871 11.826388 1
2.022056 12.418032 2.089484 1
