1.748070 3.800531 11.587190 6
11.001143 8.256122 0.780625 6
7.237114 5.367469 13.260533 6
-1.934439 0.862918 24.000898 6
2.320522 4.088871 10.913358 1
10.341372 8.605937 1.378717 1
6.702418 5.013572 13.742759 1
-1.441499 0.519266 23.363098 1
2.012092 2.512871 12.215953 6
10.770057 7.159240 0.257035 6
6.931572 6.717197 12.522123 6
-1.725051 2.145377 24.649703 6
2.901412 2.022634 12.007171 1
9.905607 6.712977 0.421467 1
6.090355 7.021992 12.750938 1
-1.016019 2.468905 24.488762 1
1.083097 1.927557 13.203007 6
4.220250 6.558745 24.042478 6
7.880520 7.098686 11.727630 6
4.788131 2.654741 0.678930 6
1.343983 1.241614 13.462582 1
3.896498 5.726061 23.710229 1
7.759617 8.061936 11.216902 1
5.004838 3.412207 1.195009 1
-0.085388 2.685746 13.359611 6
5.217817 7.197849 23.854849 6
9.122357 6.455101 11.349088 6
3.675071 1.992388 1.032608 6
-0.755041 2.198538 13.949721 1
5.947889 6.776979 23.154841 1
9.575403 6.867804 10.712588 1
3.096120 2.235064 1.662171 1
-0.428081 3.877402 12.786970 6
5.626791 8.515027 24.421741 6
9.277501 5.165504 12.081785 6
3.356981 0.622270 0.356797 6
-3.128202 6.453471 12.553363 6
8.276963 1.842388 24.494455 6
12.144661 2.679932 12.138688 6
0.557632 7.265339 0.182524 6
-3.715022 5.984246 13.185925 1
8.862583 1.474458 23.876105 1
12.775228 3.160138 11.553962 1
0.089287 7.617035 0.931072 1
-3.572643 7.522075 11.934893 6
16.215285 2.975262 0.513654 6
12.439188 1.643240 12.813489 6
-7.183057 6.304115 24.417741 6
12.121670 7.862068 12.115826 1
0.490191 3.350909 0.408363 1
-3.154862 1.233065 12.696395 1
8.364877 5.787253 24.399465 1
-2.515293 8.173988 11.066297 6
15.202138 3.489164 1.358784 6
11.636162 1.149462 13.833814 6
-6.314014 5.640940 23.435573 6
-2.724057 8.914891 10.575001 1
15.492465 4.361914 1.810014 1
11.810991 0.216570 14.141418 1
-6.624140 4.913082 22.881015 1
-1.427476 7.433233 10.725237 6
14.022530 2.959277 1.703842 6
10.356601 1.708615 13.958148 6
-5.104783 6.163681 23.206472 6
-0.768658 7.946585 10.153505 1
13.580563 3.322881 2.210288 1
9.697871 1.298885 14.658256 1
-4.485924 5.857037 22.638496 1
-1.000271 6.182897 11.452142 6
13.685540 1.774796 0.886305 6
10.049941 2.908748 13.454505 6
-4.751152 7.427537 23.891743 6
-1.627620 4.606142 12.956903 6
6.713496 9.078702 24.068357 6
10.590029 4.494745 11.746433 6
2.259978 0.024867 0.663822 6
-2.139724 4.239978 13.709183 1
7.473734 8.704341 23.472703 1
11.152102 5.035191 11.110206 1
1.668808 0.272489 1.230096 1
-1.946626 5.717249 12.359501 6
7.139736 1.136787 24.753627 6
10.921988 3.326134 12.312441 6
1.831643 7.914033 0.060310 6
0.192265 5.632226 11.037889 6
12.503553 1.042635 1.370128 6
8.798636 3.465065 13.679993 6
-3.549631 8.036323 23.589917 6
0.497492 4.400103 11.883650 6
12.253902 9.071350 0.500654 6
8.364953 4.789618 12.879000 6
-3.197541 0.257390 24.301957 6
0.926192 6.054189 9.955596 6
11.703630 1.364498 2.467452 6
7.889802 3.177301 14.930272 6
-2.777373 7.783404 22.298137 6
2.030809 6.742755 9.954156 6
10.651982 2.287135 2.504686 6
6.858645 2.339475 14.899286 6
-1.693410 6.956311 22.291510 6
2.826153 7.723724 10.837914 6
9.888581 3.172461 1.485780 6
6.232473 1.526427 13.969272 6
-0.917957 6.031333 23.348288 6
3.130572 7.075511 11.593322 1
9.599421 2.521094 0.744729 1
5.679212 2.011681 13.183721 1
-0.630164 6.585518 24.002749 1
2.279539 8.478618 11.224426 1
10.487150 3.923423 1.175348 1
6.740005 0.679265 13.527178 1
-1.469675 5.370898 23.715919 1
3.853732 8.219280 10.056059 6
8.744882 3.648925 2.394986 6
5.098856 0.933204 14.864507 6
0.120968 5.370748 22.387980 6
4.917152 9.032068 10.269158 6
7.816264 4.464652 2.005044 6
4.098965 0.002193 14.565583 6
1.209963 4.599742 22.634008 6
4.969709 0.358081 11.162568 1
7.647949 4.898512 1.167083 1
4.068827 8.966309 13.569186 1
1.300717 4.253646 23.597230 1
5.907541 0.374247 9.383122 6
6.887264 4.937075 3.063445 6
3.130379 8.703198 15.318950 6
2.142858 4.224711 21.758517 6
5.809539 9.039887 8.117751 6
6.979539 4.499103 4.339509 6
3.246928 0.192202 16.665480 6
2.114993 4.746351 20.440952 6
4.661462 8.094991 7.702235 6
8.061606 3.687137 4.750175 6
4.304201 0.978949 16.988214 6
0.925307 5.526442 20.101239 6
4.602074 7.795255 6.734074 1
8.070030 3.274548 5.555794 1
4.226184 1.230791 17.944114 1
0.869457 5.807598 19.281374 1
3.783989 7.805216 8.574130 6
8.934663 3.344337 3.802612 6
5.148161 1.345069 16.113947 6
-0.015515 5.887300 20.990953 6
2.557626 6.975422 8.469574 6
10.138672 2.398140 3.817122 6
6.355450 2.234266 16.209868 6
-1.156365 6.790086 20.953203 6
1.907666 6.137069 7.762749 6
10.810763 1.708846 4.664562 6
7.199839 2.817546 17.076835 6
-1.867734 7.588023 20.136184 6
1.833646 6.118535 6.228305 6
10.944658 1.578924 6.120319 6
7.156981 2.988648 18.609503 6
-1.843728 7.486045 18.598481 6
1.377052 5.176770 5.570232 6
11.452262 0.527454 6.856734 6
7.614214 4.116832 19.213128 6
-2.355289 8.688433 17.987668 6
0.921391 4.403851 5.921191 1
11.649811 8.903504 6.499633 1
7.951119 4.683735 18.879688 1
-2.768711 0.259694 18.300021 1
1.264934 5.060168 4.119779 6
11.324163 0.598190 8.197288 6
7.566625 4.151084 20.599695 6
-2.312928 8.549372 16.576604 6
0.980910 4.336862 3.638292 1
11.664141 8.965509 8.661197 1
7.867807 4.874313 21.115336 1
-2.750995 0.248788 16.165922 1
1.781727 6.097673 3.347712 6
10.907941 1.656474 8.875739 6
7.016836 2.949655 21.383178 6
-1.981303 7.544101 15.738216 6
1.894055 6.146688 2.542479 1
10.909164 1.610065 9.956496 1
7.199389 3.072024 22.406048 1
-1.852368 7.669077 14.836786 1
2.426630 7.269739 4.071871 6
10.462552 2.731893 8.230736 6
6.558929 2.007376 20.660678 6
-1.484613 6.553887 16.548674 6
2.723755 7.889052 3.591703 1
10.111927 3.321856 8.847613 1
6.310047 1.086612 21.234993 1
-1.089107 5.833488 15.952455 1
2.314998 7.318905 5.466171 6
10.424349 2.774063 6.997119 6
6.601265 1.786969 19.404016 6
-1.349583 6.490162 17.911586 6
2.612986 8.002532 6.015243 1
10.125582 3.495380 6.556783 1
6.243334 1.041608 18.823888 1
-1.053003 5.708662 18.354304 1
6.937208 1.222509 9.932988 6
5.756678 5.884703 2.595600 6
2.048928 7.825123 15.038329 6
3.274666 3.361063 22.202054 6
7.892651 1.008106 9.507056 1
4.923618 5.569861 2.930554 1
1.040166 8.215245 15.413640 1
4.187878 3.580531 21.767647 1
7.004503 1.302465 10.894899 1
5.572457 5.721954 1.553855 1
1.793853 7.810964 13.891148 1
3.383944 3.274636 23.297744 1
7.566208 1.432094 9.005256 1
5.126091 6.040378 3.211047 1
1.326566 7.685142 15.774137 1
3.802028 3.148794 21.507829 1
7.420256 0.783991 10.625712 1
5.220903 5.510404 1.814078 1
1.396090 8.359280 14.278584 1
3.677598 3.606104 22.998663 1
6.867026 2.810027 9.344740 6
5.882401 7.247081 2.970650 6
2.137350 6.361912 15.447067 6
3.053999 1.879956 21.832136 6
7.587685 3.344902 9.556947 1
5.103376 7.774083 2.817158 1
1.444552 5.839146 15.263042 1
3.788630 1.275415 21.998281 1
6.607198 2.716537 8.508803 1
6.175143 7.390278 3.837551 1
2.252922 6.382952 16.425495 1
2.878054 1.830595 20.806201 1
5.681171 3.477032 10.177953 6
7.042968 7.940965 2.278710 6
3.398532 5.794541 14.653601 6
1.795813 1.164600 22.558962 6
5.747647 3.359643 11.201572 1
6.994038 8.020997 1.324086 1
3.128298 5.693312 13.704548 1
2.072298 1.085023 23.581333 1
4.905128 2.980535 10.049394 1
7.874424 7.556745 2.416216 1
4.246770 6.208681 14.863745 1
1.122181 1.606218 22.444732 1
5.367040 4.953701 9.684346 6
7.214673 0.294118 2.676997 6
3.585366 4.219850 15.032606 6
1.739111 8.887333 22.126526 6
6.140536 5.445615 9.846565 1
6.586176 0.886916 2.498692 1
2.840251 3.665935 14.926630 1
2.376434 8.408081 22.250189 1
4.686642 5.236352 10.176582 1
8.141717 0.584147 2.283719 1
4.373111 3.920105 14.614784 1
0.808245 8.577222 22.466897 1
5.202709 4.927478 8.690627 1
7.533110 0.258811 3.732556 1
3.610433 4.158420 15.973179 1
1.595139 8.738373 21.112787 1
6.453284 2.756332 10.294851 6
6.183028 7.335795 2.197638 6
2.478092 6.384713 14.552422 6
2.795519 1.784698 22.668603 6
5.784192 2.575133 10.876307 1
7.032149 7.218867 1.598498 1
3.332039 6.533685 13.925497 1
1.964995 2.043979 23.293836 1
7.144411 3.104054 10.867016 1
5.539018 7.756597 1.672866 1
1.819627 5.956403 13.929820 1
3.526764 1.409030 23.277583 1
6.246157 3.675832 9.056048 6
6.604255 8.244385 3.259465 6
2.841937 5.627581 15.723047 6
2.495265 1.065193 21.539048 6
5.248964 3.394813 8.659721 1
7.370009 7.832060 3.642209 1
3.632865 5.738174 16.118443 1
1.495752 1.281837 21.133008 1
6.855301 3.378494 8.428062 1
5.935656 8.127788 4.097790 1
2.144059 5.756452 16.445843 1
3.055259 1.163345 20.840749 1
6.052605 5.104893 9.640735 6
6.660465 0.466613 2.753388 6
2.823414 4.013275 15.210840 6
2.299406 8.658808 21.978137 6
5.590395 5.475203 9.036506 1
7.244378 1.016353 3.434359 1
3.473930 3.500891 15.855386 1
1.907404 8.170687 21.431476 1
7.089721 5.337602 9.519112 1
5.672076 0.848863 2.844853 1
2.041138 3.748283 15.140446 1
3.197000 8.246025 21.920053 1
5.685564 5.075361 10.425332 1
6.942335 0.617013 1.952458 1
3.186016 4.028181 14.372589 1
1.928375 8.541596 22.843868 1
6.955600 0.135579 7.099880 6
5.767420 4.643448 5.388411 6
1.988426 8.941099 17.787711 6
3.209792 4.465727 19.497797 6
7.483725 0.808661 7.364743 1
5.322087 5.326847 5.112583 1
1.427897 8.384358 17.437722 1
3.674727 3.798564 19.654581 1
6.412259 0.463437 6.154913 1
6.160598 5.055834 6.237993 1
2.602999 8.636014 18.539958 1
2.795498 4.158253 18.689169 1
7.204818 1.015371 6.922152 1
5.572041 5.715855 5.387235 1
1.876227 8.121865 17.835703 1
3.408097 3.458074 19.334655 1
6.524552 8.930454 6.074124 1
6.079423 4.427538 6.274031 1
2.474585 0.156528 18.582900 1
2.803987 4.634549 18.476423 1
7.780665 7.915901 6.836504 6
4.920910 3.419613 5.570363 6
1.294575 1.161196 18.148723 6
3.864521 5.634159 19.237703 6
7.081516 7.341122 6.434549 1
5.698840 2.808968 6.054455 1
1.826145 1.861926 18.353074 1
3.272553 6.383543 18.748010 1
8.288598 8.294263 6.088437 1
4.385529 3.635018 6.423194 1
0.618353 0.977527 18.749027 1
4.638784 5.602903 18.510125 1
8.462881 7.411917 8.025938 6
4.419809 2.751581 4.401988 6
0.646114 1.793022 16.785222 6
4.640704 6.253067 20.247115 6
7.623388 7.255558 8.686205 1
5.092367 2.717258 3.686660 1
1.243326 1.845011 16.119278 1
3.948123 6.447194 21.113959 1
9.066431 7.996466 8.226981 1
3.713111 3.520645 4.155309 1
0.008632 1.144637 16.411876 1
5.336123 5.631254 20.774038 1
9.181010 6.228618 7.630974 6
3.556011 1.561065 4.756241 6
-0.270501 2.913283 17.199693 6
5.489977 7.533766 20.011230 6
8.463696 5.455484 7.364016 1
4.214198 1.001589 5.032437 1
0.404873 3.573279 17.514321 1
4.781675 8.202752 19.596192 1
9.547828 5.837028 8.395253 1
3.083594 1.324769 4.003586 1
-0.592920 3.381366 16.290512 1
5.805736 7.926045 20.817385 1
9.796806 6.323396 6.916006 1
2.925965 1.747534 5.453331 1
-0.857805 2.785298 17.904516 1
6.114123 7.460512 19.310330 1
8.183573 8.367219 7.521480 6
4.676607 3.738813 5.064375 6
0.782546 0.765287 17.456317 6
4.289788 5.376858 19.897849 6
8.930322 8.702178 6.960676 1
3.889889 4.126488 5.439722 1
0.048430 0.381679 17.990584 1
5.182421 5.004446 19.301726 1
8.214810 8.557349 8.348317 1
4.360952 3.985708 3.936877 1
0.664054 0.541872 16.344264 1
4.612004 5.237945 20.729057 1
7.899053 6.973281 7.096198 6
4.904436 2.367316 5.227943 6
1.141900 2.218361 17.729861 6
4.060223 6.697101 19.630646 6
7.680162 6.811642 6.139996 1
5.218568 2.185992 6.191947 1
1.353174 2.324283 18.557998 1
3.870351 6.932095 18.700202 1
7.024432 6.703420 7.622599 1
5.630791 2.138466 4.774283 1
1.965039 2.513669 17.109646 1
3.363249 7.061663 20.045165 1
9.110709 6.171781 7.488216 6
3.689578 1.518863 4.949132 6
-0.153973 2.927277 17.340185 6
5.364922 7.457835 19.911271 6
9.297529 5.656067 6.739374 1
3.345961 1.119826 5.572912 1
-0.383820 3.482887 18.019810 1
5.605699 8.123820 19.227556 1
8.947641 5.529732 8.223660 1
3.795426 0.961227 4.230094 1
0.081176 3.581448 16.548965 1
5.184590 8.241000 20.683554 1
9.866948 6.796726 7.847017 1
3.012992 2.240827 4.530101 1
-0.749082 2.303782 16.996391 1
5.948324 6.980724 20.228741 1
2.092999 3.439114 8.308559 6
10.637068 7.962529 4.074977 6
6.727304 5.712614 16.548489 6
-1.688715 1.260994 20.769241 6
2.853772 3.894555 8.095990 1
9.861482 8.441551 4.174034 1
5.990181 5.137902 16.596728 1
-0.799164 0.628072 20.645575 1
2.409107 1.960864 8.334088 6
10.357060 6.624855 4.074810 6
6.549194 7.179521 16.434327 6
-1.486022 2.633723 20.841341 6
3.210549 1.683961 8.290070 1
9.444593 6.314530 4.059791 1
5.752225 7.417278 16.493565 1
-0.638276 2.850458 20.619154 1
1.341400 1.149625 8.672281 6
11.492201 5.834114 3.724639 6
7.679717 7.899039 16.215214 6
-2.552879 3.418806 21.045974 6
1.310176 0.184750 8.687286 1
11.401640 4.868485 3.673626 1
7.598504 8.966732 16.236278 1
-2.310114 4.294780 21.021074 1
0.040935 1.757962 8.806917 6
12.776906 6.254220 3.685426 6
8.910044 7.306692 16.065838 6
-3.638823 2.925066 21.164443 6
-0.697828 1.211876 9.023227 1
13.454033 5.818138 3.517358 1
9.682162 8.047845 15.925665 1
-4.500847 3.313220 21.332926 1
-0.168680 3.146049 8.681386 6
12.862324 7.647976 3.544921 6
9.209349 5.924534 16.115366 6
-3.887440 1.457865 21.194774 6
-1.457918 3.637349 9.022256 6
14.245072 8.203267 3.412353 6
10.610095 5.375743 15.886174 6
-5.274990 0.896479 21.420502 6
-1.716072 3.880337 10.028713 1
14.417714 8.371499 2.449811 1
10.669333 5.390836 14.899818 1
-5.544319 0.825945 22.260930 1
-2.285166 3.094760 8.616036 1
14.890351 7.596989 3.758111 1
11.196568 6.087876 16.188499 1
-5.870486 1.424973 21.141043 1
-1.672169 4.967059 8.398365 6
14.494928 0.376140 4.130015 6
10.758492 4.151189 16.568307 6
-5.535176 8.681778 20.769726 6
13.473489 5.367731 7.937551 6
-0.794221 0.891240 4.534467 6
-4.443388 3.803779 16.843282 6
9.725605 8.290999 20.195159 6
12.709101 4.797664 8.029601 1
-0.008663 0.317913 4.284122 1
-3.710483 4.287700 16.841939 1
8.914572 8.846391 20.443310 1
13.213502 6.518513 7.194603 6
-0.498495 1.929049 5.082487 6
-4.170820 2.475122 17.543643 6
9.462582 7.123378 19.694757 6
12.320627 6.825539 6.923744 1
0.312298 2.296705 5.468156 1
-3.362846 2.357170 17.766295 1
8.492354 6.811122 19.476671 1
14.255395 7.412278 7.125712 6
14.865838 2.800625 5.269664 6
-5.322956 1.665802 17.740486 6
10.573315 6.307140 19.364381 6
14.055858 8.231807 6.601519 1
-1.444824 3.716180 5.808842 1
-5.231107 0.831110 18.113389 1
10.457941 5.423200 19.006303 1
-0.885766 7.023844 7.434042 6
13.684380 2.497770 4.911402 6
9.955346 1.972103 17.272211 6
-4.779781 6.680963 19.801587 6
-0.168873 7.740418 7.312666 1
12.898979 3.147031 5.211537 1
9.271943 1.509599 17.478902 1
-3.991060 5.993096 19.733962 1
-0.680101 5.799441 8.058478 6
13.360244 1.371423 4.375216 6
9.736831 3.220710 16.837685 6
-4.535577 7.809087 20.409409 6
0.638914 5.442380 8.417267 6
11.914335 0.956498 3.950170 6
8.149022 3.676627 16.262868 6
-2.993501 8.256925 20.941370 6
0.873699 3.994441 8.577523 6
11.760951 8.544066 3.912708 6
7.996139 5.224453 16.278172 6
-2.758289 0.588539 20.826595 6
