4.479886 5.797227 3.895312 53
3.601974 0.587388 2.418961 53
3.644712 4.698454 8.496051 53
4.357343 9.860204 10.074346 53
5.051913 3.373860 11.972477 35
2.832200 8.506768 6.566880 35
2.931501 7.166823 0.315916 35
5.072126 1.981790 5.787167 35
1.441455 2.666647 1.850038 8
6.698888 7.972486 4.431647 8
6.596689 7.766762 10.675444 8
1.276525 2.538283 8.010365 8
1.412587 3.208723 1.292183 1
6.623194 8.638554 5.036405 1
6.607585 7.169772 11.054851 1
1.325103 1.969857 7.450079 1
7.740089 5.090372 2.317083 8
0.433281 10.362754 3.993797 8
0.361410 5.442327 10.243251 8
7.662453 0.110904 8.323115 8
6.770995 6.090620 0.476304 8
1.213815 0.876560 5.806104 8
1.157355 4.512569 11.862207 8
6.773488 9.600400 6.722692 8
2.999784 4.389410 2.988034 6
5.028063 9.764025 3.054170 6
5.090896 5.969454 9.354657 6
2.905696 0.670501 9.188985 6
3.194901 4.123176 2.316979 1
4.985395 9.398981 4.015908 1
4.892106 6.245768 10.115652 1
3.140799 1.137011 8.378482 1
1.966113 4.174218 3.671048 6
6.100690 9.332389 2.500422 6
6.088248 6.290877 8.669765 6
1.902109 1.081185 9.805032 6
1.403205 4.413415 5.049316 6
6.592122 9.814127 1.100097 6
6.575691 5.958892 7.343022 6
1.488797 0.715683 11.280120 6
2.194737 4.715730 5.516975 1
5.812596 10.124718 0.586499 1
5.647846 5.727086 6.750961 1
2.171247 0.428458 11.693541 1
1.196006 3.778510 5.562179 1
6.979570 9.013763 0.716996 1
6.791002 6.663830 6.807217 1
1.125028 1.467842 11.794300 1
0.848961 5.303832 5.140847 1
7.236071 10.417217 1.209573 1
7.197142 5.165795 7.246700 1
0.834642 0.048745 11.231121 1
0.968764 3.188379 2.978982 6
7.206826 8.364719 3.196245 6
7.022711 7.230731 9.455989 6
0.863900 2.125949 9.143096 6
0.860777 2.429284 3.679264 1
7.220562 7.602973 2.578721 1
7.094208 8.026327 8.847585 1
0.791632 2.892946 9.689531 1
7.620850 3.865057 2.914868 6
0.329971 8.985384 3.343708 6
0.416548 6.646362 9.418182 6
7.511671 1.504317 9.170475 6
7.287896 3.818812 3.686426 1
0.737816 9.114080 2.463067 1
0.675315 6.640569 8.662896 1
7.139229 1.288527 9.922467 1
6.942248 5.132926 1.177640 6
1.127509 10.213138 5.019485 6
1.094367 5.398172 11.288598 6
6.755384 0.106740 7.253738 6
6.196588 3.649172 1.076765 6
1.812348 9.032135 5.066358 6
1.611737 6.812498 11.382515 6
6.298224 1.491552 7.132415 6
6.643885 2.922365 2.090175 6
1.393716 8.315881 4.041322 6
1.338380 7.564762 10.340260 6
6.613653 2.259783 8.249511 6
6.370115 2.153824 2.294918 1
1.625198 7.278109 3.958941 1
1.647227 8.264244 10.138738 1
6.417513 3.146962 8.496721 1
