6.225618 7.019996 2.681691 8
9.160647 4.266352 12.516302 8
4.145964 1.331126 7.231098 8
0.966712 9.900102 17.167819 8
7.413239 4.430838 0.824846 8
7.895425 6.931147 10.610103 8
2.692896 9.957188 9.047508 8
2.411520 1.331142 19.008270 8
5.522895 2.655509 3.358242 8
9.669827 8.752632 13.186821 8
4.613295 8.182879 6.397698 8
0.404763 3.107219 16.372703 8
0.142561 1.814784 3.592622 8
4.998553 9.570699 13.560566 8
10.198798 7.466464 6.198956 8
5.243321 3.874115 16.097982 8
0.232845 4.227363 1.687433 8
4.832995 6.975366 11.603312 8
9.934998 9.861834 8.108117 8
5.517315 1.310947 18.107514 8
4.550140 4.404790 4.403154 8
0.554839 6.746719 14.092070 8
5.697692 10.193033 5.461194 8
9.807592 1.087214 15.315335 8
2.868710 4.218534 0.193105 8
2.310962 7.111025 9.975068 8
7.303890 9.851817 9.803597 8
7.904506 1.465639 19.533101 8
6.164675 5.858244 2.131567 6
9.221701 5.340661 11.941428 6
4.111096 0.172688 7.685652 6
1.082275 10.955781 17.661294 6
7.324703 5.000141 2.118988 6
7.979865 6.289987 11.975049 6
2.818672 10.706783 7.837415 6
2.206137 0.563567 17.617948 6
8.227979 5.491047 2.321569 1
7.226106 5.809908 12.173417 1
2.123832 11.116102 7.567677 1
3.078614 0.156288 17.422036 1
7.199394 3.630204 1.926373 6
8.117437 7.664489 11.763510 6
3.050900 9.218900 7.880314 6
2.033492 2.012256 17.825445 6
7.919515 3.001687 2.363340 1
7.425306 8.238887 12.087064 1
2.358553 8.772394 7.476577 1
2.741589 2.485775 17.366427 1
5.745838 3.055874 2.079775 6
9.610289 8.336050 11.946708 6
4.507125 8.624175 7.905980 6
0.658950 2.710947 17.693570 6
5.915250 2.128634 1.427241 1
9.495470 9.206954 11.329657 1
4.403434 7.910303 8.413772 1
0.771100 3.493217 18.156974 1
4.848236 3.862714 1.438750 6
0.331436 7.411417 11.401620 6
5.521139 9.600217 8.252796 6
9.958125 1.651610 18.179212 6
3.361397 3.502647 1.078704 6
1.719078 7.851711 10.923566 6
6.857727 9.046000 8.738404 6
8.502760 2.225513 18.651478 6
3.360724 2.434987 0.880094 1
1.854176 8.843896 10.629094 1
6.921736 8.183017 9.069805 1
8.341667 3.089799 18.866085 1
2.532877 3.610666 2.550781 6
2.626735 7.573972 12.397600 6
7.631358 9.318799 7.351261 6
7.647962 1.974223 17.325018 6
1.010663 3.377277 2.042817 6
4.115126 7.921791 11.886772 6
9.150555 9.006798 7.731480 6
6.215584 2.322085 17.517663 6
0.462726 1.940250 2.295104 6
4.637684 9.217841 12.123738 6
9.590772 7.612043 7.583415 6
5.589639 3.545892 17.325727 6
10.134120 1.726515 1.732244 1
5.172729 9.610208 11.427100 1
0.118073 7.358420 8.200691 1
4.961998 4.013020 18.141949 1
1.223207 1.080019 3.086959 6
3.808009 10.257703 12.938779 6
8.974328 6.667725 6.768868 6
6.300691 4.557751 16.591815 6
1.130134 0.180831 3.080964 1
3.903714 10.977791 13.008810 1
9.172691 5.939791 6.738251 1
6.306570 5.439803 16.553313 1
2.589789 1.515400 3.753348 6
2.486039 9.722186 13.714901 6
7.661190 7.127293 6.137771 6
7.616046 4.180963 15.961462 6
2.962216 1.115886 4.328413 1
2.185495 10.249033 14.218438 1
7.217418 6.648979 5.469832 1
8.062254 4.542052 15.348760 1
3.077735 2.726069 3.470350 6
1.914174 8.667569 13.303389 6
7.114811 8.369725 6.320266 6
8.297836 2.891799 16.137231 6
4.482108 3.000403 4.015481 6
0.709318 8.171972 14.030907 6
5.821026 8.690727 5.726499 6
9.515974 2.514572 15.607310 6
4.455473 2.633513 4.888727 1
0.647822 8.719710 14.909852 1
5.628581 8.337280 4.909614 1
9.748132 2.931531 14.692229 1
3.408633 5.404497 4.183938 6
1.602934 5.982228 14.018455 6
6.799016 10.910289 5.528204 6
8.458828 0.386204 15.543805 6
3.877660 6.156329 4.274937 1
1.408172 5.104956 14.094713 1
6.340306 0.500286 5.533925 1
8.927616 10.629709 15.412397 1
2.721253 5.263831 2.879643 6
2.405186 6.034486 12.649687 6
7.583615 10.922526 7.013976 6
7.893816 0.375379 16.810569 6
1.873987 5.624880 2.881497 1
3.201410 5.677539 12.812965 1
8.388932 11.246479 6.926810 1
6.895669 0.021003 16.741115 1
3.597652 5.912396 1.723054 6
1.624200 5.352101 11.632588 6
6.741782 0.351935 8.136451 6
8.684613 10.950673 17.999043 6
3.482429 6.873990 1.933435 1
1.541543 4.336745 11.722580 1
6.760019 1.282901 7.979243 1
8.636336 9.990735 17.814656 1
4.911317 5.328098 1.682994 6
0.180891 6.031446 11.545722 6
5.377741 10.901057 8.085207 6
9.976390 0.323334 18.029787 6
2.801189 5.716565 0.429698 6
2.379404 5.662735 10.356729 6
7.497846 11.254438 9.519916 6
7.823659 11.233927 19.268356 6
1.870736 5.990960 0.598135 1
3.188040 5.307859 10.405287 1
8.419705 0.202629 9.307240 1
6.927013 11.082888 19.124608 1
3.491133 6.515724 19.033421 6
1.686865 4.964459 9.068325 6
6.872495 0.873728 10.657599 6
8.496885 10.452040 0.783792 6
3.119209 7.305320 19.034525 1
1.936938 3.899072 9.110926 1
6.953812 1.810387 10.450384 1
8.411663 9.582679 0.613351 1
4.370943 6.301110 18.852623 1
0.763671 4.978529 9.146076 1
5.906929 0.505932 10.576754 1
9.405613 10.719184 0.885648 1
3.113331 6.083827 18.139346 1
2.057337 5.220644 8.283073 1
7.269209 0.534820 11.364698 1
8.215278 10.775499 1.438895 1
2.418606 5.048072 5.404230 6
2.695215 6.219676 15.168674 6
7.627717 10.723876 4.350870 6
7.664772 0.487561 14.315761 6
2.136009 4.096154 5.304897 1
3.041537 7.091941 15.255065 1
8.100999 9.745819 4.438909 1
7.200206 1.485883 14.366093 1
3.080299 5.074963 6.204307 1
2.022199 6.119628 16.059741 1
7.218143 10.784026 3.618222 1
8.211413 0.572501 13.530601 1
1.896766 5.834438 5.499762 1
3.347327 5.473770 15.275602 1
8.445079 0.050627 4.459950 1
6.956546 11.151369 14.305924 1
3.032463 9.499010 3.378513 6
1.947137 1.905515 13.177239 6
7.085943 3.786380 6.549472 6
8.312599 7.540267 16.317883 6
3.768680 9.670656 3.939306 1
1.292139 1.627972 13.874109 1
6.347183 3.889804 5.925997 1
8.938648 7.321879 15.788243 1
1.945776 8.820365 3.644008 6
3.092349 2.508328 13.592457 6
8.189368 3.045895 6.138535 6
7.099593 8.160066 16.010377 6
1.828520 8.593116 4.606401 1
3.292606 2.683767 14.468879 1
8.378298 2.881456 5.276704 1
6.922420 8.403357 15.161495 1
1.067682 8.386862 2.768526 6
4.150122 2.854504 12.593135 6
9.105176 2.895578 7.161074 6
6.093833 8.467533 16.985382 6
0.229426 8.029294 3.138436 1
4.862487 3.259478 12.834844 1
10.032118 2.412946 6.814047 1
5.304783 8.987844 16.681278 1
1.116535 8.791548 1.496008 6
3.819242 2.456729 11.451220 6
8.964603 3.102007 8.253681 6
6.203724 8.205458 18.200214 6
0.522659 8.619977 0.877918 1
4.667643 2.683701 10.720207 1
9.768810 2.848141 8.932864 1
5.531536 8.440564 18.807654 1
2.300699 9.428465 1.173114 6
2.765921 1.917525 10.900099 6
8.037054 3.727072 8.659404 6
7.335034 7.452495 18.501618 6
2.415190 9.537930 0.133100 1
2.863389 1.647428 10.160288 1
7.848776 3.985953 9.667931 1
7.356874 7.266920 19.587610 1
3.305103 9.777627 2.070642 6
1.809642 1.578837 11.841993 6
6.863571 4.136178 7.842292 6
8.391022 7.284430 17.703333 6
4.577047 10.544624 1.533913 6
0.498719 0.894673 11.321224 6
5.789999 4.781171 8.355833 6
9.548379 6.561523 18.143188 6
5.074041 10.646708 2.315219 1
0.078791 0.747718 12.064611 1
5.042661 4.995372 7.610623 1
10.168276 6.370049 17.534942 1
4.378217 11.284743 1.032333 1
0.804130 0.052506 11.042537 1
5.889764 5.659177 8.656953 1
9.356146 5.680690 18.518556 1
4.885638 9.975433 0.798041 1
0.175850 1.488642 10.673126 1
5.273096 4.261549 9.089637 1
10.004714 7.028317 18.824418 1
