1.895221 3.971568 10.111592 8
8.733534 8.392135 1.444558 8
1.226402 2.973754 8.221918 8
9.435149 7.382589 3.378042 8
10.096928 2.609101 11.252963 8
0.553089 7.097249 0.324403 8
9.698886 2.401520 0.077377 1
1.076313 6.979690 11.401264 1
8.236103 3.743525 0.580645 7
2.456544 8.329509 10.933555 7
0.932985 3.629730 9.258332 6
9.767896 8.155188 2.176667 6
10.435937 4.030625 9.281052 6
0.218725 8.443631 2.135169 6
10.350566 4.981634 9.089704 1
0.357036 0.404186 2.491625 1
9.867775 3.057697 8.372662 6
0.896010 7.518806 3.086691 6
9.544922 2.238430 8.928130 1
1.146669 6.750363 2.728525 1
9.071112 3.363503 7.944578 1
1.701335 7.902007 3.613561 1
-0.093852 2.743346 7.363210 6
10.805625 7.285557 4.050162 6
-0.072741 1.884940 7.030465 1
10.804570 6.246907 4.494334 1
-0.055693 3.422206 6.563598 1
10.776861 7.848148 4.786844 1
10.024005 3.908805 10.706418 6
0.832409 8.523007 0.772606 6
10.570457 4.629258 11.306978 1
0.138934 0.148188 0.180213 1
8.548045 4.386558 10.892298 6
2.280309 8.903960 0.707436 6
8.088408 4.073846 10.118483 1
2.652296 8.512895 1.519416 1
8.139653 5.888448 10.833190 6
2.400806 1.312019 0.760159 6
7.397778 6.227874 11.222546 1
3.352087 1.584538 0.309480 1
9.002329 6.426371 11.359482 1
1.730793 1.913811 0.191634 1
8.178351 6.470255 9.391805 6
2.579107 1.951801 2.148773 6
9.294239 7.223619 8.842290 6
1.487514 2.713705 2.659291 6
9.940694 7.448694 9.399124 1
0.669230 2.959306 2.071314 1
9.150690 7.734145 7.512574 6
1.563553 3.264265 3.857630 6
9.935505 8.219457 7.155150 1
0.723534 3.725735 4.320667 1
8.051590 7.438602 6.641600 6
2.552393 2.842662 4.757336 6
8.048290 7.752258 5.895275 1
2.662313 3.322233 5.560352 1
7.001616 6.729997 7.306920 6
3.591843 2.253932 4.365958 6
6.397120 6.483552 6.705776 1
4.364884 1.964218 4.818406 1
7.185209 6.212433 8.481244 6
3.514723 1.723777 2.945011 6
6.447062 5.727974 8.819751 1
4.312739 1.070599 2.681940 1
8.502502 4.511126 1.803057 6
2.200432 8.929509 9.720869 6
7.952397 5.270454 1.870220 1
2.733918 0.835630 9.676755 1
9.435837 4.724568 1.688693 1
1.163159 0.257780 9.767925 1
8.162183 3.693082 3.040219 6
2.494964 8.184606 8.381408 6
8.237532 2.328643 3.013690 6
2.445640 6.672449 8.557277 6
8.288288 1.702886 2.149516 1
2.296400 6.296658 9.210427 1
7.983111 1.511302 4.138313 6
2.637049 6.074303 7.411735 6
8.072314 0.452917 4.119092 1
2.769388 5.124354 7.416032 1
7.836948 2.225344 5.429408 6
2.820392 6.571659 6.127707 6
7.683157 1.713457 6.142796 1
3.137530 6.196030 5.376513 1
7.775069 3.587138 5.446080 6
2.917248 7.963901 5.995914 6
7.663331 3.956174 6.322446 1
2.941175 8.488719 5.220507 1
7.957646 4.252845 4.239262 6
2.724205 8.796610 7.237333 6
8.038219 5.116902 4.358285 1
2.588130 0.636870 7.283344 1
6.718748 3.490192 0.448515 6
4.055081 8.017319 11.057851 6
6.188958 4.351063 0.402679 1
4.360548 9.023684 11.073343 1
6.274123 3.028169 1.340191 1
4.342496 7.644601 10.216550 1
5.999909 2.665585 10.627832 6
4.642718 7.146027 0.800770 6
6.753909 1.535883 10.484851 6
3.893895 5.978067 0.930408 6
7.313263 1.167331 11.023498 1
3.291214 5.638019 0.488623 1
6.512407 0.872651 9.203969 6
4.110390 5.245765 2.228619 6
7.035005 0.046200 9.109369 1
3.702479 4.402419 2.347022 1
5.519163 1.272193 8.299053 6
5.146905 5.684410 3.007405 6
5.450762 0.812616 7.633333 1
5.215222 5.297463 3.891709 1
4.861666 2.318812 8.566676 6
5.768764 6.895846 2.849998 6
4.106837 2.645373 8.127277 1
6.427896 7.121551 3.403734 1
5.084272 3.193852 9.841431 6
5.563356 7.633409 1.601983 6
4.673765 3.971315 9.936305 1
6.071525 8.487829 1.574161 1
