2.274111 14.092967 15.983334 8
3.774434 0.902800 5.419964 8
9.714075 6.543416 15.953387 8
8.335184 8.524093 5.148279 8
4.160356 0.240700 18.251096 8
1.834497 14.917761 7.604379 8
7.860280 7.777491 13.743058 8
10.188174 7.331741 2.993932 8
0.692082 0.783848 18.015636 8
5.442304 14.246744 7.209863 8
11.302954 8.313610 14.102927 8
6.595616 6.635112 3.350259 8
0.010048 1.611492 15.798761 8
6.006078 13.579339 5.200378 8
11.943731 9.102514 16.152243 8
6.147523 5.924188 5.524177 8
1.937926 3.437144 17.865383 8
3.978113 11.517379 7.206406 8
10.140310 10.984015 14.037626 8
7.983574 3.990413 3.443469 8
0.192051 3.750550 19.112972 8
5.792661 11.315073 8.317228 8
11.866395 11.418766 12.952760 8
6.177416 3.656392 2.204696 8
3.966713 3.424755 19.943190 8
2.035328 11.605663 9.288272 8
8.065344 10.917845 12.055001 8
9.934102 4.099595 1.374355 8
5.068090 4.941623 18.706756 8
0.843147 10.109312 8.036973 8
6.866302 12.386905 13.157901 8
11.134285 2.691703 2.554051 8
5.273404 10.032703 3.257972 8
0.797433 5.027180 13.764659 8
6.744056 2.384999 7.466544 8
11.230514 12.708206 18.126324 8
4.997876 12.930805 1.864549 8
0.922325 1.988628 12.364428 8
6.982530 5.485356 8.966948 8
11.003399 9.559052 19.493246 8
2.388792 11.407296 3.771425 8
3.557318 3.532224 14.378943 8
9.620296 3.892865 6.774688 8
8.443765 11.161540 17.602134 8
2.029494 9.766821 2.436364 8
3.965210 5.360800 13.174066 8
10.047725 2.172277 8.251103 8
7.950701 12.976125 18.831922 8
1.114263 13.677396 2.682962 8
4.838539 1.339293 13.278020 8
10.834951 6.313978 7.941321 8
7.037987 8.786061 18.580813 8
0.617734 14.102413 4.891475 8
5.220416 0.815886 15.522408 8
11.332189 6.588836 5.896024 8
6.698650 8.412615 16.512081 8
2.924070 0.839178 2.220508 8
3.101452 14.259649 12.996624 8
9.118684 8.357186 8.410883 8
8.874690 6.663002 19.088379 8
1.868862 1.205531 0.222023 8
4.075931 13.912962 10.974775 8
10.066867 8.742421 10.400247 8
7.986808 6.404465 21.093510 8
2.840265 12.562837 17.525938 7
3.170052 2.388228 7.045887 7
9.258550 5.136487 14.430496 7
8.784320 9.987081 3.671660 7
5.932569 1.256437 19.393025 7
0.116505 13.764218 8.730498 7
6.120086 8.866111 12.508058 7
11.802858 6.179927 1.936061 7
6.534919 1.578301 18.537909 7
11.406950 13.421909 7.819416 7
5.517408 8.999606 13.534176 7
0.516095 5.977882 2.754316 7
7.102894 1.867489 17.511796 7
10.740220 13.158593 6.929597 7
4.883048 9.244010 14.374230 7
1.106508 5.721130 3.678489 7
4.928341 10.400949 1.078205 7
1.098007 4.760294 11.726149 7
7.086393 2.812382 9.746119 7
10.997359 12.173711 20.355360 7
5.341076 0.099079 1.076697 7
0.627651 14.899594 11.826968 7
6.787133 7.757053 9.628798 7
11.239036 7.328854 20.215569 7
6.380444 0.082973 1.074339 7
11.400608 14.905843 11.686207 7
5.539205 7.637446 9.577622 7
0.449792 7.425811 20.325425 7
7.697614 0.161833 1.114677 7
10.398151 14.867921 11.661729 7
4.345084 7.581933 9.583205 7
1.544152 7.385904 20.372193 7
3.268787 12.131412 18.990443 6
2.724443 2.818908 8.183250 6
8.733324 4.627954 13.100992 6
9.384597 10.375123 2.401023 6
2.600475 11.306426 19.678943 6
3.351832 3.821175 8.967509 6
9.367058 3.785751 12.271843 6
8.468913 11.373335 1.730254 6
1.755198 11.188288 19.411372 1
4.314234 4.047559 8.654058 1
10.273500 3.582008 12.563854 1
7.620069 11.556462 1.873048 1
3.122415 10.752689 20.837993 6
2.917564 4.302986 10.153493 6
8.807334 3.201592 11.100757 6
9.131416 11.765002 0.424858 6
2.472378 10.238141 21.316683 1
3.443630 4.798170 10.698444 1
9.419014 2.589014 10.627922 1
8.444361 12.388836 0.042524 1
4.411952 10.909932 21.187083 6
1.700528 4.024320 10.511538 6
7.589996 3.570306 10.803064 6
10.392154 11.591465 0.091143 6
5.168314 11.835089 20.494719 6
0.829826 3.254757 9.801294 6
6.820226 4.229009 11.470871 6
11.199853 10.668715 0.896845 6
6.038351 12.029301 20.685866 1
0.043790 2.950582 10.053267 1
5.901827 4.477416 11.242845 1
0.017041 10.449088 0.580291 1
4.638311 12.495141 19.258181 6
1.454455 2.648217 8.483742 6
7.328445 4.851083 12.672491 6
10.656698 10.086885 2.004796 6
5.209579 13.020587 18.699040 1
0.863060 2.001091 8.108380 1
6.766310 5.489544 13.200184 1
11.013434 9.668403 2.556929 1
2.682590 11.464808 16.619862 6
3.439260 3.506144 5.842332 6
9.311072 3.894380 15.397905 6
8.611548 11.148373 4.694415 6
2.766185 10.623816 17.108633 1
3.195423 4.426611 6.352959 1
9.254297 3.134558 14.951223 1
8.669210 12.019244 4.369919 1
3.236633 11.641149 15.972594 1
2.745718 3.447109 5.288880 1
8.700308 4.040871 16.121549 1
9.248166 11.049271 5.482650 1
1.745106 11.478127 16.212252 1
4.360689 3.398544 5.559184 1
10.360826 3.959462 15.693697 1
7.701987 10.932329 5.064300 1
2.744465 13.913954 17.356468 6
3.406722 1.297559 6.569253 6
9.263392 6.221651 14.746061 6
8.675253 8.662508 4.009348 6
2.825645 14.973017 18.175159 6
3.264855 0.096568 7.608636 6
9.142301 7.437360 13.707519 6
8.712604 7.631662 3.087457 6
2.458108 14.748860 19.142185 1
3.459260 0.339316 8.420325 1
9.469192 7.190047 12.841067 1
8.495074 7.808298 2.296687 1
1.992382 1.227281 17.720440 6
3.952936 13.966002 7.041466 6
10.021187 8.734475 14.122560 6
8.036125 6.392235 3.495842 6
2.242153 1.360572 16.758713 1
3.817090 13.708439 6.274374 1
9.782592 8.874138 15.071048 1
8.238471 6.132452 4.503318 1
2.378846 2.423887 18.548830 6
3.617653 12.626922 8.019629 6
9.632689 9.834793 13.418422 6
8.410208 5.241713 2.661503 6
1.773875 2.213800 19.353587 1
4.230704 12.765595 8.774507 1
10.034328 9.836608 12.554754 1
7.937975 5.310665 1.864407 1
3.864304 2.582090 18.817119 6
2.207336 12.590424 8.240271 6
8.254948 10.103710 13.207633 6
9.817477 4.975433 2.514293 6
4.332651 2.956429 18.020233 1
1.774957 12.188462 7.427069 1
7.722279 10.400435 14.012962 1
10.182080 4.706073 3.306010 1
4.525304 1.187318 19.301719 6
1.573428 13.699423 8.546748 6
7.609133 8.761450 12.666226 6
10.525746 6.287544 2.097097 6
4.062882 1.043595 20.052302 1
1.934294 14.128135 9.414827 1
7.946186 8.545662 11.831542 1
9.999896 6.495210 1.208623 1
11.697262 0.982085 17.012267 6
6.225447 13.956107 6.266307 6
0.345171 8.491945 14.993624 6
5.756090 6.496091 4.442266 6
10.413055 0.676659 17.298488 6
7.662373 14.248592 6.623658 6
1.598922 8.146984 14.626976 6
4.256652 6.833423 4.018714 6
10.290840 0.415726 18.238799 1
7.680437 14.711557 7.635489 1
1.686141 7.769072 13.776873 1
4.326192 7.151751 3.058367 1
9.997690 0.124553 16.665148 1
7.923326 0.007278 6.158167 1
1.941706 7.648679 15.341874 1
4.023883 7.389614 4.662006 1
9.786499 1.479688 17.364482 1
8.081886 13.545788 6.671122 1
2.085593 9.099826 14.692891 1
3.795266 5.904958 3.956629 1
0.766596 4.144397 18.128637 6
5.115447 10.794872 7.526725 6
11.189324 11.641808 13.764188 6
6.798125 3.461225 3.170822 6
0.585218 5.440888 17.394051 6
5.459163 9.569378 6.693612 6
11.382001 12.956531 14.682373 6
6.534801 2.158683 3.966396 6
1.383009 5.504527 16.750468 1
4.778942 9.441817 6.112222 1
10.588429 12.973738 15.344714 1
7.185970 2.086842 4.571878 1
0.503285 6.166511 17.920377 1
5.440204 8.917161 7.170642 1
11.496359 13.695353 14.058653 1
6.594102 1.327211 3.352902 1
11.741977 5.174909 16.839853 1
6.218896 9.728562 6.204643 1
0.272617 12.846781 15.159805 1
5.816172 2.308264 4.418490 1
4.542451 4.635399 19.757327 6
1.461611 10.404699 8.999439 6
7.441127 12.194762 12.239739 6
10.529084 2.938620 1.515827 6
4.633125 5.336898 21.040701 6
1.285926 9.610670 10.304071 6
7.391574 13.001023 10.898921 6
10.565107 2.038216 0.379211 6
4.184356 4.959907 0.472097 1
1.830168 9.994905 10.981767 1
7.903388 12.635395 10.253998 1
10.038440 2.484903 20.885888 1
4.443037 6.273815 20.821822 1
1.588067 8.630211 10.160077 1
7.611338 13.828022 11.184001 1
10.408726 1.294569 0.386173 1
5.634998 5.453899 21.270147 1
0.305858 9.573727 10.581248 1
6.475894 13.014377 10.616586 1
11.673961 1.983864 21.295992 1
4.819437 10.671757 2.305171 6
1.116990 4.384656 12.911148 6
7.031112 3.209518 8.373596 6
10.937545 11.746407 18.947122 6
4.320925 12.043534 2.749648 6
1.560677 2.948400 13.424533 6
7.610257 4.500709 8.019191 6
10.394899 10.444339 18.692348 6
4.662549 12.166228 3.558825 1
1.165865 2.718648 14.231982 1
7.200036 4.712734 7.096885 1
10.816608 10.376393 17.655647 1
2.858322 12.291155 2.716110 6
3.009186 2.762367 13.409114 6
9.162131 4.645677 7.999738 6
8.871466 10.343448 18.652812 6
2.449337 11.866832 1.941831 1
3.550707 3.121702 12.581867 1
9.540323 4.371948 8.794219 1
8.507453 10.745907 19.522831 1
2.426959 13.613355 3.017331 6
3.423767 1.319579 13.528133 6
9.468222 6.083369 7.804798 6
8.375888 8.839534 18.343852 6
2.626386 13.954841 3.848964 1
3.338257 1.202826 14.546833 1
9.242283 6.442208 6.805857 1
8.598521 8.737301 17.549862 1
3.203681 14.645264 2.087305 6
2.873425 0.571098 12.584564 6
8.749532 7.027456 8.664840 6
9.174549 8.005243 19.340452 6
2.939463 14.434474 1.065794 1
3.060339 0.629346 11.792705 1
9.030685 6.844055 9.563046 1
8.864244 8.276418 20.196611 1
4.723532 14.413035 2.156856 6
1.323237 0.653599 12.858225 6
7.415362 6.791642 8.551465 6
10.722030 8.208331 19.124548 6
4.907259 14.630033 3.053751 1
0.923364 0.537146 13.724410 1
6.993054 7.030871 7.567744 1
10.955054 7.938265 18.218720 1
1.894185 10.231930 3.537965 6
4.074807 4.787779 14.221582 6
10.101865 2.653239 7.218195 6
7.937357 12.306060 17.835997 6
1.488634 9.484226 4.755487 6
4.472906 5.418322 15.465154 6
10.486321 2.009960 5.813007 6
7.347050 13.068986 16.510539 6
1.611888 10.187573 5.610542 1
4.430761 4.844105 16.151269 1
10.519445 2.695843 5.059085 1
7.429568 12.487547 15.864197 1
1.867553 8.848502 4.962893 1
3.943747 6.341076 15.563029 1
10.125495 1.284853 5.640027 1
7.917536 13.864977 16.226767 1
0.477339 9.314885 4.625188 1
5.382619 5.642115 15.322209 1
11.511625 1.878187 6.035150 1
6.442238 13.263754 16.581260 1
0.106611 14.064777 3.607387 6
5.810708 1.063864 14.378806 6
11.757055 6.440351 7.042042 6
6.259589 8.424782 17.659141 6
10.684243 14.123352 3.358432 6
7.211905 0.836561 13.990592 6
1.303592 6.659936 7.391978 6
4.791163 8.318049 17.996415 6
10.623736 13.921027 2.443100 1
7.192635 1.137979 13.048119 1
1.186014 6.371376 8.349751 1
4.800204 8.689625 18.979735 1
10.429574 14.985634 3.509499 1
7.575324 0.043288 14.173513 1
1.576285 7.516340 7.122593 1
4.453073 7.456446 17.857569 1
10.287174 13.447745 3.769726 1
7.626522 1.521566 14.420325 1
1.655521 5.987410 6.925562 1
4.317333 9.009020 17.603287 1
2.282247 1.632735 1.427526 6
3.569089 13.376447 11.961879 6
9.654646 9.120509 9.264564 6
8.338337 5.756322 19.959323 6
2.292726 3.151267 1.846635 6
3.755452 12.083869 12.477768 6
9.588784 10.514247 8.808762 6
8.332623 4.458130 19.437876 6
2.667360 3.138891 2.778368 1
3.279047 11.939971 13.407807 1
9.318429 10.545415 8.003654 1
8.757724 4.461060 18.690382 1
1.446779 3.309501 1.807240 1
4.575995 11.587179 12.487946 1
10.520866 10.830358 8.871964 1
7.357159 4.140461 19.454274 1
2.809409 3.581991 1.230401 1
3.085003 11.428763 11.979654 1
9.065133 11.104169 9.512660 1
8.783101 3.945366 20.189282 1
5.439110 9.025478 0.727058 6
0.496446 6.008547 11.413000 6
6.537350 1.528348 9.981667 6
11.529220 13.659335 20.612531 6
5.531523 8.912234 21.002787 1
0.490464 6.226904 10.420189 1
6.418736 1.319591 11.008534 1
11.459313 13.655013 0.171389 1
4.845556 8.361064 1.130967 1
1.090307 6.791804 11.727793 1
7.079111 0.752544 9.475545 1
10.805142 14.260915 20.153648 1
6.305548 8.850953 1.043782 1
11.606721 6.109838 11.652150 1
5.593420 1.389796 9.695895 1
0.282144 13.777736 20.249691 1
