1.674319 10.009364 6.061259 8
5.582103 3.452419 6.620910 8
5.381316 3.198494 19.502215 8
1.333483 9.970248 18.894644 8
1.453019 10.278798 4.808261 6
5.978354 3.527111 7.930590 6
5.596743 3.089898 20.680881 6
1.077559 9.742328 17.604717 6
0.356153 10.957772 4.596493 7
7.033998 4.259528 8.251443 7
6.666587 2.367265 20.977181 7
-0.047343 8.939452 17.296362 7
2.166171 9.747880 3.746604 6
5.041068 3.152852 8.938990 6
4.811695 3.558433 21.766768 6
1.818244 10.223544 16.461154 6
3.242660 9.006149 4.067720 6
3.943602 2.242935 8.719332 6
3.717473 4.371686 21.508390 6
3.078089 10.979541 16.799578 6
3.494076 8.696661 4.783955 1
3.994724 2.057419 7.986726 1
3.627919 4.713829 20.776138 1
3.016198 11.294540 17.714373 1
4.210484 8.733274 3.069964 6
3.143387 1.936274 9.684766 6
2.855736 4.586314 22.481238 6
3.844658 11.283679 15.860195 6
5.076709 8.245571 3.254045 1
2.252397 1.548028 9.540678 1
1.883472 5.163139 22.414967 1
4.747924 11.910492 15.863260 1
4.073477 9.138522 1.634145 6
3.426328 2.603863 10.984043 6
3.071482 4.138401 23.831209 6
3.677392 10.720211 14.553544 6
4.713832 9.036756 1.020702 1
2.699683 2.333164 11.799589 1
2.374008 4.320112 24.575304 1
4.245759 10.996818 13.799889 1
2.963643 9.968391 1.506211 6
4.457927 3.224176 11.346182 6
4.059072 3.432500 24.058195 6
2.648272 10.029196 14.194742 6
2.777638 10.352748 0.564594 1
4.650294 3.537328 12.181886 1
4.307309 3.045967 25.017331 1
2.488437 9.784998 13.454312 1
1.927337 10.228189 2.393441 6
5.369411 3.597698 10.281632 6
5.026657 3.044767 23.107222 6
1.699778 9.763019 15.217181 6
0.623128 11.050356 1.451934 1
6.615920 4.500273 11.276553 1
6.423913 2.116406 24.188590 1
0.290596 8.936966 14.107243 1
0.851150 11.148261 2.273231 7
6.438552 4.342059 10.577322 7
6.227797 2.175502 23.226468 7
0.582231 8.979415 14.976925 7
7.369771 10.922462 3.226781 6
-0.190482 4.180040 9.706291 6
-0.461114 2.386005 22.426128 6
7.133751 9.178564 15.929084 6
7.102248 10.008181 3.099649 1
0.263776 3.263235 9.744582 1
-0.005421 3.289311 22.554807 1
6.716414 10.026819 15.811845 1
6.770641 11.620605 3.018059 1
0.534215 4.926525 9.692747 1
0.247309 1.730242 22.453809 1
6.466917 8.371960 15.897426 1
7.063999 11.543561 5.456510 6
0.238778 4.839687 7.262831 6
-0.028727 1.823875 19.936366 6
6.793202 8.589485 18.293504 6
7.404648 12.619942 6.459795 6
-0.110325 5.823690 6.458337 6
-0.433920 0.790916 19.189632 6
-0.488856 7.363072 19.235884 6
6.490231 13.072065 7.277717 6
0.878101 6.383072 5.515640 6
0.596807 0.405998 18.216607 6
6.115391 6.975878 20.060914 6
6.632807 0.370225 7.858994 1
0.562464 7.149068 4.791400 1
0.288918 12.833212 17.558618 1
6.357217 6.335080 20.720362 1
5.275376 12.389094 7.466379 6
2.128327 5.769033 5.360661 6
1.754813 0.795292 18.121220 6
4.910288 7.478544 20.095749 6
4.577731 12.671272 8.005044 1
2.772737 6.083241 4.761431 1
2.449046 0.685854 17.515233 1
4.153375 7.168268 20.895979 1
4.934084 11.327541 6.454940 6
2.550138 4.716394 6.289237 6
2.189425 1.870448 19.140107 6
4.527135 8.507969 19.354773 6
3.928951 11.025175 6.587769 1
3.380574 4.370670 6.294487 1
3.012271 2.237456 18.941401 1
3.718356 8.841380 19.315478 1
5.824648 10.905666 5.651132 6
1.458980 4.351518 7.142234 6
1.251797 2.426452 20.007001 6
5.458904 8.938579 18.448116 6
5.529524 10.298365 4.878875 1
1.785431 3.483487 7.734900 1
1.519516 3.032964 20.527745 1
5.185254 9.741898 17.740458 1
1.182774 13.214182 6.394831 6
6.147331 6.447669 6.270147 6
5.977560 0.213952 19.089490 6
0.747039 6.866696 19.287291 6
1.764366 13.194395 5.386356 9
5.548354 6.528522 7.382168 9
5.317035 0.174431 20.232051 9
1.361584 6.948032 18.097905 9
0.923772 1.215072 6.819487 9
6.361659 7.794045 5.909121 9
5.941280 12.119887 18.810034 9
0.617365 5.501511 19.516224 9
1.970096 12.610027 7.465389 9
5.523900 6.003859 5.439295 9
5.123498 0.712328 18.098843 9
1.487154 7.349729 20.134653 9
7.217755 8.886680 12.459163 8
0.167991 2.128715 0.433611 8
-0.165551 4.527120 13.269494 8
6.835884 11.056578 25.043108 8
6.989433 9.792591 10.287590 7
0.205311 3.041597 2.580295 7
-0.088294 3.651784 15.336760 7
6.742671 10.285110 23.030577 7
-0.205029 8.777844 11.228539 6
7.565431 2.158319 1.657828 6
7.090606 4.500527 14.331023 6
-0.399981 11.185546 23.892761 6
0.899920 8.011155 10.689536 6
6.458970 1.283565 1.941153 6
6.102779 5.328280 14.735373 6
0.676676 12.102706 23.521778 6
1.406812 6.933463 11.672833 6
5.945246 0.366382 1.246248 6
5.517696 6.300272 14.029162 6
1.110885 13.012160 24.469157 6
1.093587 6.949515 12.457316 1
6.155321 0.175685 0.365848 1
5.998568 6.376967 13.108247 1
0.722705 13.077682 25.254153 1
2.605228 6.280077 11.204205 6
4.848081 12.823653 1.453398 6
4.380943 7.093962 14.216848 6
2.144950 0.471621 23.957089 6
2.846947 5.607795 11.824026 1
4.378431 12.304863 0.975483 1
4.150451 7.715962 13.637996 1
2.516388 0.992693 24.589699 1
3.134443 6.360551 10.069231 6
4.187485 13.155265 2.743846 6
3.843052 6.910417 15.544403 6
2.724788 0.180509 22.726717 6
3.981309 5.952954 9.630617 1
3.404234 12.581609 3.042834 1
2.972250 7.381875 15.848238 1
3.657493 0.829095 22.515040 1
2.609455 7.388274 9.022830 6
4.758285 0.750593 3.660775 6
4.327935 6.061011 16.472044 6
2.197333 12.613218 21.936652 6
2.941282 7.456012 8.242474 1
4.292588 0.872907 4.500809 1
4.027776 5.929837 17.415053 1
2.596115 12.529809 20.987012 1
1.445315 8.008998 9.485797 6
5.793365 1.350689 3.327744 6
5.450534 5.283955 16.112912 6
1.146045 11.800440 22.240320 6
1.229126 9.252535 7.927051 1
5.943027 2.483057 4.902272 1
5.689315 4.073971 17.738851 1
1.051460 10.701347 20.687763 1
1.047035 9.044449 8.627876 7
6.424586 2.475362 4.141603 7
5.970345 4.351925 16.833879 7
0.552383 10.854609 21.495907 7
7.316373 9.379099 8.812814 6
0.000812 2.698955 3.848870 6
-0.199393 3.936520 16.679653 6
6.869966 10.635760 21.510303 6
6.524032 8.720137 8.599762 1
0.667785 1.978370 4.184067 1
0.469040 4.626071 17.056820 1
6.256985 11.258902 21.315934 1
7.114932 10.321895 8.379972 1
0.385655 3.588972 4.473059 1
0.005606 3.082706 17.236475 1
6.629786 9.807847 21.107160 1
5.964709 10.565023 10.526924 6
1.400140 3.860347 2.268058 6
1.089781 2.668885 15.064380 6
5.658854 9.426294 23.266565 6
6.211487 11.926350 10.923628 6
1.238838 5.178167 1.815164 6
0.893476 1.378942 14.721739 6
5.767739 8.176731 23.611929 6
5.065342 12.637838 11.176965 6
2.261428 6.099614 1.573244 6
1.961000 0.529107 14.403036 6
4.771372 7.179209 23.962066 6
5.331083 0.340715 11.304618 1
2.106500 7.103152 1.387323 1
1.644824 12.894550 14.223570 1
4.934291 6.356432 24.220807 1
3.707207 12.312408 11.098221 6
3.547351 5.606099 1.768888 6
3.281403 1.151819 14.481131 6
3.402936 7.829256 23.928334 6
2.974607 12.891203 11.294609 1
4.235565 6.204576 1.586957 1
4.012113 0.599942 14.259925 1
2.633160 7.158995 24.106104 1
3.482652 10.991633 10.749379 6
3.787289 4.176533 2.017642 6
3.505081 2.308942 14.808904 6
3.182268 9.094441 23.481002 6
2.601919 10.434255 10.692176 1
4.592719 3.812576 2.130794 1
4.230138 2.908453 14.855331 1
2.408396 9.598442 23.377199 1
4.651065 9.974205 10.495022 6
2.761171 3.357937 2.308513 6
2.358276 3.312180 15.108496 6
4.294792 9.866031 23.354851 6
4.604896 9.034477 10.269044 1
2.789223 2.344853 2.599734 1
2.577143 4.202380 15.317581 1
4.133849 10.934849 23.037158 1
-0.033841 12.493014 11.076114 6
7.388708 5.720816 1.761434 6
7.073361 0.850715 14.640748 6
-0.495480 7.589663 23.673368 6
0.648010 11.714909 11.958380 9
6.764452 5.125743 0.928419 9
6.300782 1.611804 13.513296 9
0.394709 8.150732 24.653660 9
0.599727 12.203423 9.787796 9
6.862106 5.694088 2.844484 9
6.351804 1.128128 15.695025 9
0.187499 7.810528 22.558151 9
-0.108214 0.455914 11.331052 9
7.368420 7.002801 1.492521 9
7.101845 12.944884 14.294041 9
-0.363241 6.259730 24.109356 9
