2.796969 4.750239 11.834464 7
5.388033 7.735441 2.909934 7
11.016258 1.473772 6.068610 7
13.747419 10.790282 14.971291 7
13.687139 7.602696 5.982073 7
11.056344 4.658197 14.893444 7
5.355004 10.857463 11.712151 7
2.811394 1.551541 2.906013 7
2.018878 2.778209 9.930145 7
6.226993 9.493445 0.991497 7
10.123169 3.402563 7.935415 7
14.484352 9.022615 16.859872 7
14.649824 9.450807 8.027010 7
10.176695 2.777532 16.823910 7
6.406898 8.902428 9.825688 7
1.921664 3.309638 0.909019 7
16.297579 2.608982 10.750672 7
8.493055 9.648477 1.808887 7
7.971200 3.437746 7.181480 7
0.248824 8.886165 16.131879 7
0.220273 9.660364 7.112179 7
8.013556 2.549822 16.100796 7
8.535091 8.813807 10.687084 7
16.343013 3.504270 1.695592 7
0.715862 5.469279 10.800786 7
7.423289 7.001582 1.766584 7
9.010106 0.734181 7.046017 7
15.725910 11.528869 16.011585 7
15.778960 6.913214 7.092739 7
8.970188 5.343977 16.062659 7
7.563365 11.675207 10.665313 7
0.795885 0.827942 1.767325 7
3.626653 4.492641 10.538077 6
4.639485 7.938109 1.673827 6
11.757024 1.646715 7.304444 6
12.871767 10.666077 16.137346 6
12.942247 7.813584 7.361988 6
11.861587 4.482728 16.147409 6
4.595762 10.565831 10.476422 6
3.561416 1.647614 1.561063 6
4.422575 4.559259 10.676845 1
3.638883 7.790049 1.798463 1
12.657361 1.488211 7.162631 1
11.876216 10.836036 16.051700 1
11.938396 7.758096 7.173762 1
12.776132 4.672079 16.125256 1
3.685549 10.790502 10.716019 1
4.523595 1.561765 1.832642 1
3.251707 5.144587 9.892230 1
4.956956 7.286410 0.973460 1
11.416965 0.995144 7.915787 1
13.154470 11.280570 16.809111 1
13.253687 7.137228 7.926752 1
11.433649 5.133702 16.855720 1
4.931772 11.187624 9.909048 1
3.212642 0.987975 1.036355 1
3.275942 3.142098 10.028772 6
4.885036 9.245997 0.988843 6
11.665410 3.042972 7.937950 6
13.207550 9.235148 16.704107 6
13.178832 9.194615 7.858700 6
11.684967 3.072486 16.751447 6
4.964724 9.274091 9.965578 6
3.303403 3.058515 1.050002 6
3.812199 3.002715 9.129894 1
4.508596 9.359539 0.147522 1
12.002423 3.230783 8.816862 1
12.766015 9.154494 17.568965 1
12.802945 9.400759 8.662571 1
11.973107 2.984506 17.682146 1
4.542532 9.044670 9.154956 1
3.856050 3.223535 0.121299 1
3.843488 2.437023 10.614608 1
4.493282 9.907156 1.615341 1
11.951856 3.813554 7.270303 1
12.703741 8.559435 16.194578 1
12.741151 9.928314 7.265508 1
12.025389 2.372242 16.275641 1
4.481208 8.493804 10.603034 1
3.663960 3.767008 1.691018 1
1.471328 1.539376 9.445439 6
6.721431 10.797478 0.470300 6
9.671644 4.660595 8.382227 6
14.970968 7.751484 17.443645 6
14.965168 10.785125 8.513479 6
9.714699 1.462481 17.450395 6
6.667314 7.772973 9.306576 6
1.480829 4.643817 0.472855 6
2.119275 0.892078 9.786967 1
6.252445 11.608882 0.796829 1
10.321439 5.267188 8.129468 1
14.500327 6.966933 17.111714 1
14.505471 11.633496 8.208742 1
10.227791 0.869639 17.055839 1
6.224504 6.965583 9.699841 1
2.100761 5.293539 0.803718 1
1.606289 1.431906 8.481467 1
6.702654 10.924175 17.403666 1
9.745514 4.688853 9.408626 1
15.016538 7.606569 0.604612 1
14.883375 10.727892 9.357094 1
9.723294 1.429683 0.490457 1
6.725976 7.663078 8.334506 1
1.548392 4.672540 17.330272 1
0.013319 1.437057 9.864901 6
8.135648 10.935182 0.816214 6
8.346174 4.670355 7.952976 6
0.058196 7.542613 16.999525 6
16.429469 10.883448 7.988158 6
8.197437 1.395619 16.950232 6
8.173115 7.604347 9.834461 6
0.113384 4.703193 0.940440 6
15.826746 1.366555 8.993427 1
8.783694 10.831688 0.097122 1
7.763222 4.754703 8.785724 1
0.482433 7.666453 17.765719 1
0.540284 10.830551 8.830004 1
7.626994 1.347117 17.614886 1
8.900225 7.577011 9.066996 1
15.915101 4.792188 0.148503 1
16.359960 0.566462 10.326559 1
8.268511 11.756845 1.484552 1
8.236388 5.556446 7.505877 1
0.092956 6.839494 16.493843 1
0.005704 11.830329 7.582255 1
8.056472 0.615059 16.413175 1
8.298416 6.708970 10.346941 1
16.467825 5.590431 1.458196 1
15.714993 3.794042 9.760768 6
8.876574 8.569581 0.918096 6
7.485507 2.479498 7.968233 6
0.643722 9.927399 17.019315 6
0.765723 8.529180 8.091681 6
7.577002 3.793014 16.924080 6
9.034962 9.925364 9.801903 6
15.795480 2.439000 1.009061 6
16.314148 3.695801 8.950855 1
8.435916 8.540823 0.041465 1
8.016994 2.301210 8.857491 1
0.157346 9.907452 17.834621 1
0.201899 8.520158 8.860360 1
7.975577 3.823433 17.834801 1
8.565000 9.942321 9.029492 1
16.170716 2.303466 0.185457 1
14.868107 3.614285 9.580769 1
9.947279 8.835250 0.739003 1
6.663148 2.600442 8.164905 1
1.667194 9.746302 17.202084 1
1.613431 8.828977 8.167825 1
6.681369 3.617326 17.155406 1
9.976955 9.807063 9.572875 1
14.920028 2.498700 0.630201 1
15.906346 5.001313 10.587066 6
8.867179 7.156932 1.508757 6
7.561559 1.141788 7.364443 6
0.597429 11.243593 16.281881 6
0.639704 7.148578 7.302376 6
7.685463 5.048502 16.200463 6
8.818828 11.307185 10.561909 6
15.809756 1.109998 1.622754 6
15.397568 5.824543 9.937089 1
9.208296 6.470335 1.047218 1
7.303642 0.299244 7.891258 1
1.013184 12.017127 16.925332 1
1.069595 6.552333 7.998024 1
7.208564 5.732994 16.881094 1
9.233088 11.931014 9.844111 1
15.349439 0.407406 0.973798 1
15.283277 4.986482 11.256888 1
9.348953 7.243627 2.350535 1
7.157000 1.084118 6.600668 1
1.159990 11.314946 15.409277 1
1.175108 7.319055 6.462981 1
7.198914 5.027264 15.402793 1
9.298281 11.332038 11.381349 1
15.380391 1.078165 2.460311 1
0.896983 6.727222 11.319454 6
7.330061 5.497944 2.453488 6
9.191590 11.830305 6.537678 6
15.680557 0.667108 15.370562 6
15.573892 5.675155 6.379433 6
9.113870 6.741269 15.405402 6
7.436157 0.626997 11.500230 6
0.939693 11.763137 2.422429 6
0.404962 6.655823 12.199726 1
7.825349 5.605561 3.430332 1
8.726308 11.705761 5.647446 1
16.063671 0.596330 14.456481 1
16.147919 5.674279 5.527997 1
8.640827 6.628754 14.546606 1
7.741130 0.455975 12.194861 1
0.432965 11.819786 3.429717 1
0.439763 7.408497 10.841359 1
7.908885 5.007628 1.938646 1
8.576028 11.002002 7.059683 1
16.069191 1.223204 15.981350 1
16.025880 4.864909 6.963864 1
8.599405 7.319082 15.847091 1
7.810404 1.341853 10.863164 1
0.389577 11.170674 1.948077 1
2.255625 7.002332 11.660180 6
5.902609 5.183339 2.752931 6
10.513960 11.330429 6.165830 6
14.170188 0.907763 15.265365 6
14.189132 5.238392 6.320209 6
10.508675 7.001349 15.231616 6
5.952908 0.987206 11.681066 6
2.311650 11.490841 2.651963 6
2.387214 8.013147 12.014340 1
5.811456 4.456329 3.216191 1
10.631914 10.621710 5.789653 1
14.173485 1.792170 14.795942 1
13.995893 4.476976 5.841993 1
10.579981 7.858419 14.612686 1
5.755502 1.711670 12.015090 1
2.456676 10.645765 3.136960 1
2.723127 7.258144 10.805364 1
5.539466 5.160274 1.881130 1
10.981907 11.244638 7.161583 1
13.820499 0.964104 16.099912 1
13.653496 5.175564 7.054152 1
10.901575 7.264198 16.008637 1
5.466846 1.113974 10.795903 1
2.778649 11.273472 1.799171 1
2.946342 6.014021 12.423134 6
5.156394 6.253353 3.517248 6
11.251723 0.256506 5.470898 6
13.352822 12.148584 14.348519 6
13.425563 6.248561 5.508538 6
11.177202 6.005126 14.337984 6
5.206659 12.261705 12.285323 6
2.937005 0.125183 3.415780 6
3.959283 6.178151 12.402477 1
4.189372 6.243057 3.422309 1
12.202327 12.291719 5.375452 1
12.556747 0.097192 14.463379 1
12.492377 6.136706 5.552966 1
12.245625 6.248755 14.383620 1
4.235860 0.020103 12.355210 1
3.913769 12.282221 3.401458 1
2.628808 6.035816 13.233672 1
5.567125 6.410552 4.333830 1
10.878015 0.138780 4.605051 1
13.699227 12.227658 13.513200 1
13.804999 6.303974 4.645053 1
11.018589 6.063743 13.572073 1
5.618766 12.256586 13.217237 1
2.733537 0.265268 4.295557 1
1.446048 4.449016 11.660643 6
6.853744 7.872253 2.831402 6
9.532040 1.666193 6.290957 6
15.105286 10.610869 15.147879 6
15.065366 7.839965 6.218914 6
9.601593 4.488531 15.176311 6
6.781164 10.547125 11.697186 6
1.398517 1.668316 2.716652 6
1.032525 4.497147 12.595525 1
7.246029 7.819498 3.560988 1
9.304267 1.596343 5.218954 1
15.463240 10.685753 14.318615 1
15.433911 7.855041 5.386542 1
9.226574 4.452216 14.212515 1
7.264364 10.658500 12.620809 1
0.950616 1.748146 3.681582 1
1.298232 3.038354 11.103682 6
7.058965 9.311330 2.183494 6
9.406104 3.177859 6.698408 6
15.313114 9.056630 15.550741 6
15.320157 9.266566 6.602607 6
9.432688 3.001695 15.541484 6
7.058508 9.087641 11.193918 6
1.282981 3.261624 2.230754 6
1.619339 2.112471 12.201835 6
6.653605 10.297299 3.372560 6
9.956773 4.178441 5.550413 6
14.794045 8.222124 14.580146 6
14.736439 10.221434 5.587736 6
9.985164 1.949132 14.526572 6
6.638588 8.200636 12.391840 6
1.673907 4.222448 3.297775 6
1.491632 1.154664 12.036968 1
6.875460 11.123421 3.056236 1
9.678086 5.015560 5.802589 1
15.070985 7.308970 14.803350 1
15.005693 11.281431 5.849794 1
9.747632 1.045433 14.797110 1
6.742109 7.215535 12.038079 1
1.501779 5.134287 3.048154 1
1.099526 2.232488 13.164187 1
7.063757 10.056501 4.190459 1
9.331199 3.906017 4.853156 1
15.392915 8.493767 13.720638 1
15.202131 10.163262 4.773965 1
9.464200 2.302870 13.662057 1
7.124423 8.408706 13.001181 1
1.220686 3.957865 4.080278 1
2.582257 2.060037 12.519950 1
5.702219 10.271008 3.456890 1
10.771956 3.991085 5.353637 1
13.800940 8.181055 14.341303 1
13.841274 10.174431 5.363726 1
10.897380 2.164451 14.295834 1
5.718575 8.276499 12.418269 1
2.678745 4.036757 3.435355 1
15.324758 2.265189 11.899055 6
9.438983 10.080599 2.969710 6
7.109874 3.732926 5.980400 6
1.169018 8.492183 14.906405 6
1.141225 10.022964 6.038333 6
7.088041 2.353171 14.918365 6
9.321540 8.525838 11.843975 6
15.310342 3.815998 2.902045 6
15.730163 1.529041 12.403983 1
9.017037 10.886337 3.365213 1
7.513603 4.616549 5.550016 1
0.883471 7.748220 14.554460 1
0.772469 10.841170 5.502360 1
7.426205 1.541134 14.560171 1
9.080853 7.618419 12.402188 1
15.582479 4.670882 3.421311 1
15.458998 3.132602 12.460984 1
9.297162 9.263598 3.596012 1
7.323238 3.148694 5.313870 1
0.985657 9.301478 14.316343 1
0.909494 9.212326 5.278311 1
7.219506 2.965567 14.297681 1
9.197683 9.261405 12.571461 1
15.503976 3.029211 3.537167 1
13.960984 2.212882 11.556849 6
10.921376 10.107962 2.656927 6
5.603072 3.979480 6.353729 6
2.559546 8.320783 15.265458 6
2.642515 10.073536 6.294927 6
5.656231 2.267376 15.273485 6
10.734185 8.460058 11.589151 6
13.939409 3.876227 2.658545 6
13.117761 3.214628 11.965779 6
11.766779 9.055799 3.047039 6
4.805704 2.829325 6.017511 6
3.491085 9.437115 14.836568 6
3.451589 9.076416 6.007204 6
4.796860 3.165083 14.871934 6
11.760406 9.391703 11.866493 6
12.959092 2.876899 3.067365 6
13.384744 4.069756 12.271472 1
11.325228 8.267422 3.376493 1
5.104525 2.097968 5.467104 1
3.225950 10.242884 14.507925 1
3.112195 8.406806 5.461326 1
5.111060 4.101395 14.458678 1
11.354172 10.202767 12.277985 1
13.359991 2.110135 3.451774 1
11.748462 3.136025 11.614202 6
12.998296 9.179282 2.843056 6
3.381038 3.121916 6.191709 6
4.884104 9.352036 15.052144 6
4.770468 9.162489 6.161433 6
3.383686 3.208555 15.059474 6
13.070438 9.225686 11.678784 6
11.690975 3.057944 2.818548 6
11.153958 3.871805 11.956159 1
13.579399 8.453217 2.986963 1
2.750650 2.363135 5.929026 1
5.354018 10.026139 14.811412 1
5.466272 8.463916 5.888403 1
2.902000 3.902000 14.742818 1
13.537126 10.067592 11.984173 1
11.092902 2.265409 3.098744 1
11.262999 1.944197 11.076516 6
13.544381 10.366479 2.156068 6
2.840585 4.124498 6.657765 6
5.376864 8.191370 15.579373 6
5.262969 10.371946 6.656835 6
2.924589 1.953614 15.626464 6
13.628953 8.092144 11.024850 6
11.170827 4.097432 2.182892 6
10.179386 1.870022 10.917377 1
14.533047 10.365922 2.046120 1
2.012598 4.190881 6.879506 1
6.287161 8.066229 15.818306 1
6.308888 10.477103 6.950699 1
1.996353 1.890853 15.747210 1
14.429178 8.108457 10.853546 1
10.233778 4.184277 2.050739 1
12.109411 0.847648 10.739812 6
12.718381 11.450879 1.912778 6
3.715812 5.252637 7.099390 6
4.553846 7.121970 16.025388 6
4.388666 11.440327 7.053743 6
3.858432 0.889616 16.094673 6
12.768886 7.073791 10.776599 6
11.993024 5.222771 1.904622 6
11.749976 0.215474 10.384525 1
13.085384 12.225939 1.517751 1
3.357558 6.071192 7.395030 1
4.843212 6.348102 16.310591 1
4.854076 12.166651 7.495927 1
3.462966 0.162521 16.308391 1
13.070293 6.369874 10.378504 1
11.636543 5.952493 1.369113 1
13.295424 1.036662 10.969718 6
11.318923 11.228225 2.131614 6
5.061745 5.060931 6.845819 6
3.169025 7.229102 15.726729 6
3.134921 11.268748 6.953162 6
5.142611 1.135738 15.821834 6
11.391181 7.209491 11.028681 6
13.349058 5.101355 1.979483 6
13.994134 0.400384 10.704662 1
10.689775 11.908626 1.763317 1
5.712134 5.787450 7.036982 1
2.497392 6.581404 16.086186 1
2.435801 11.940764 7.068642 1
5.728553 0.428998 16.095635 1
10.679298 6.531504 10.832458 1
13.851420 5.860452 1.901362 1
16.032154 4.358288 14.960389 35
8.689858 7.985398 6.219877 35
7.704639 1.667214 2.851977 35
0.501201 10.634980 11.654821 35
0.452478 7.849117 2.762985 35
7.729526 4.459411 11.694772 35
8.638761 10.545190 14.997409 35
16.007678 1.801603 6.207174 35
