0.760865 6.780697 4.167652 6
8.026811 6.760029 7.501047 6
6.289193 0.878935 4.225357 6
2.310261 0.842975 7.549286 6
5.434266 5.108368 19.307148 6
-1.707845 5.035612 16.049868 6
-0.006627 10.952838 19.203056 6
3.782143 11.034840 16.050387 6
0.523507 5.659696 3.410587 6
8.178096 5.742230 8.291657 6
5.995073 11.574198 3.406166 6
2.660465 11.628284 8.345649 6
5.751696 6.131970 20.135361 6
-1.906984 6.226965 15.118871 6
0.048512 0.286789 20.071860 6
3.544916 0.238676 15.142232 6
0.455348 4.398393 4.108041 6
8.297484 4.489481 7.595480 6
6.031147 10.384966 4.146363 6
2.633971 10.510409 7.695300 6
5.787976 7.446010 19.503887 6
-2.003548 7.454591 15.837726 6
0.238298 1.506037 19.482257 6
3.433153 1.492418 15.836101 6
0.315477 3.674677 3.627862 1
8.318062 3.754239 8.133909 1
5.846626 9.726753 3.627424 1
2.861717 9.578508 8.256183 1
5.808185 8.170739 19.910955 1
-2.174470 8.116388 15.330013 1
0.322826 2.300768 19.861229 1
3.279909 2.340152 15.362730 1
0.442266 4.254949 5.380449 6
8.237655 4.423166 6.336027 6
6.073870 10.244260 5.529056 6
2.721211 10.344162 6.229019 6
5.707129 7.565427 18.041856 6
-1.997789 7.553482 17.186931 6
0.203857 1.569986 17.969272 6
3.480588 1.567143 17.239824 6
0.307460 3.438055 5.867013 1
8.280258 3.436303 5.787456 1
5.929718 9.499142 5.881098 1
2.714094 9.443699 5.882757 1
5.823391 8.303718 17.570923 1
-2.155833 8.384229 17.614413 1
0.327499 2.380475 17.627284 1
3.462770 2.352764 17.710625 1
0.573692 5.429383 6.176117 6
8.076917 5.394911 5.526049 6
6.190875 11.483631 6.237820 6
2.385704 11.506396 5.424824 6
5.562854 6.358930 17.351671 6
-1.805926 6.331319 17.899906 6
-0.072195 0.553408 17.249380 6
3.737973 0.485734 18.004858 6
0.640924 5.347648 7.203680 1
7.989937 5.381476 4.498806 1
6.152101 11.409209 7.110078 1
2.504885 11.336631 4.540236 1
5.548698 6.428583 16.389936 1
-1.875514 6.423241 18.871600 1
0.001308 0.496793 16.401732 1
3.625727 0.591078 18.857352 1
0.692271 6.729954 5.670033 6
7.929920 6.653727 6.063168 6
6.261915 0.860468 5.547212 6
2.307610 0.814385 6.126926 6
5.369018 5.182719 17.802706 6
-1.741851 5.135451 17.422804 6
-0.128787 11.115531 17.829435 6
3.859924 11.230423 17.417043 6
0.950209 7.504925 6.150183 1
7.842383 7.589969 5.525012 1
6.435691 1.580582 6.136841 1
2.211118 1.621435 5.634879 1
5.327704 4.341974 17.361621 1
-1.681828 4.482121 17.999478 1
-0.209676 10.292909 17.385215 1
3.927447 10.403428 17.934399 1
0.368790 5.809263 1.858303 6
8.209097 5.850988 9.798915 6
5.810400 11.673168 1.929342 6
2.702238 11.741841 9.750349 6
5.832663 6.026446 21.582308 6
-2.086047 6.141555 13.607241 6
0.206266 0.141700 21.554270 6
3.480888 0.173348 13.723539 6
0.772523 6.517483 1.681638 1
7.767173 6.661526 10.200281 1
6.322559 0.721805 1.511588 1
2.246456 0.715593 10.198804 1
5.444762 5.406636 21.944950 1
-1.763184 5.231867 13.393894 1
-0.121648 11.172710 21.921465 1
3.934236 11.194033 13.344031 1
0.650967 4.902618 1.589492 1
7.955753 4.984490 10.257680 1
6.219059 10.860148 1.619123 1
2.429314 10.843394 10.160715 1
5.352168 6.866549 22.012111 1
-1.703673 7.003420 13.238455 1
-0.089676 0.864909 22.039298 1
3.808042 1.036547 13.370970 1
9.883570 5.876539 1.549058 6
-1.316427 5.858792 10.210513 6
4.330348 11.759697 1.509299 6
4.209009 11.720878 10.178685 6
-3.769780 6.046285 21.986111 6
7.446628 6.014998 13.243741 6
1.714175 0.169163 22.023538 6
1.945322 0.138976 13.381990 6
9.455770 5.020834 1.643330 1
-0.779693 4.952780 10.079787 1
3.979708 10.933238 1.692365 1
4.783175 11.025949 10.045162 1
-3.314191 6.927858 21.916282 1
7.055187 6.952146 13.420831 1
2.143143 0.908980 21.880769 1
1.357728 0.875788 13.444922 1
9.241917 6.847197 1.210676 6
-0.700579 6.894642 10.568825 6
3.751839 0.969251 1.161766 6
4.853345 0.894725 10.657216 6
-3.123390 5.063441 22.433109 6
6.899689 5.097141 12.983374 6
2.430122 11.018406 22.267950 6
1.293613 11.056139 12.894059 6
8.383808 6.785075 0.952070 1
0.221056 6.678129 10.790837 1
2.764917 0.750824 0.852384 1
5.713420 0.890633 10.806793 1
-2.238789 5.192749 22.628402 1
6.000514 5.147391 12.740881 1
3.283517 11.144952 22.523146 1
0.315785 11.027595 12.721239 1
9.891481 8.298481 1.002177 6
-1.217750 8.214809 10.669012 6
4.158673 2.242336 0.952955 6
4.330666 2.280086 10.671723 6
-3.689607 3.632191 22.416647 6
7.405550 3.701463 12.807280 6
1.967293 9.466031 22.540640 6
1.770135 9.583320 12.702245 6
9.505267 8.651052 0.216989 1
-1.052140 8.647396 11.578524 1
4.112891 2.621295 0.032365 1
4.611360 2.768991 11.694418 1
-3.477222 3.270113 23.315177 1
7.118673 3.186645 11.906248 1
2.111574 9.282520 23.426897 1
1.617613 9.201083 11.906099 1
10.695721 8.342852 1.227026 1
-2.195962 8.240903 10.695808 1
5.283876 2.352340 1.070393 1
3.334962 2.403630 10.684703 1
-4.593489 3.598401 22.352796 1
8.300631 3.592797 12.803125 1
0.989834 9.576540 22.295579 1
2.717711 9.565648 12.953186 1
9.250391 9.150889 2.085912 6
-0.634048 9.276864 9.679012 6
3.641701 3.229694 2.079965 6
4.957221 3.198641 9.709415 6
-3.092425 2.660675 21.387949 6
6.694336 2.780024 13.912046 6
2.465967 8.660776 21.517839 6
1.229667 8.727356 13.852541 6
9.533235 10.104543 1.937718 1
-0.880956 10.063114 9.888867 1
3.916217 4.220239 2.020860 1
4.602609 4.194031 9.781173 1
-3.439758 1.796148 21.531601 1
7.041990 1.760235 13.753910 1
2.181496 7.699469 21.618136 1
1.592831 7.748575 13.746667 1
8.161325 9.311663 1.873385 1
0.442296 9.335054 9.797464 1
2.718945 3.361405 2.016521 1
5.946447 3.290379 9.875887 1
-2.138106 2.636291 21.530454 1
5.665460 2.575572 13.679835 1
3.486007 8.529540 21.659760 1
0.160279 8.518070 13.723221 1
9.404653 8.899609 3.440672 6
-0.737662 8.903923 8.225230 6
3.874543 2.851716 3.501307 6
4.707093 2.970534 8.232057 6
-3.353121 2.996012 20.072370 6
6.899375 2.975573 15.241807 6
2.324531 9.040481 19.969721 6
1.338855 8.922868 15.340919 6
8.846015 9.385496 4.019414 1
-0.104893 9.222842 7.555166 1
3.290775 3.289833 4.162281 1
5.477730 3.333046 7.644790 1
-2.666596 2.644500 19.477675 1
6.323302 2.669207 15.852186 1
2.853754 8.565588 19.476276 1
0.703739 8.564179 15.919942 1
9.229432 7.779118 3.528466 1
-0.551022 7.953010 8.106002 1
3.788378 1.884929 3.625972 1
4.959107 1.891397 8.161177 1
-3.151652 3.998199 19.869413 1
6.751731 4.115915 15.423469 1
2.442474 10.024377 19.844564 1
1.147597 10.023096 15.420594 1
-0.277571 9.095643 3.962466 6
8.847272 9.045620 7.607630 6
5.344828 3.135204 4.059803 6
3.302121 3.100234 7.625843 6
6.455861 2.848597 19.419972 6
-2.812085 2.876275 15.847954 6
0.965869 8.726605 19.492203 6
2.710753 8.757257 15.879574 6
-0.007484 10.083372 3.729968 1
8.568871 9.980519 7.943511 1
5.598035 4.109514 3.832189 1
3.032163 4.012606 7.949150 1
6.179252 1.856244 19.667032 1
-2.379569 1.864974 15.450334 1
0.561586 7.743657 19.744081 1
3.001195 7.821314 15.455152 1
-0.244710 9.250529 5.124489 1
9.008166 9.247232 6.730401 1
5.296399 3.247873 4.995681 1
3.378229 3.212140 6.669286 1
6.384336 2.685726 18.458786 1
-2.835797 2.799001 16.843348 1
0.884945 8.698111 18.416184 1
2.837181 8.722026 16.880049 1
1.776722 8.516105 2.808178 6
6.875999 8.596437 8.966349 6
7.396003 2.661873 2.889626 6
1.364769 2.720883 8.898470 6
4.356768 3.317608 20.726659 6
-0.686929 3.408871 14.598037 6
-1.240864 9.245318 20.650253 6
4.841869 9.212187 14.528391 6
3.045683 7.788416 2.694630 6
5.518678 7.720868 9.001437 6
8.585848 1.740981 2.669833 6
-0.033441 1.772831 8.960957 6
3.131292 4.048141 20.740627 6
0.643714 4.159439 14.487682 6
-2.433705 10.122251 20.843664 6
6.087342 9.979157 14.390586 6
3.596333 7.797570 1.508361 6
4.862444 7.689134 10.239338 6
9.251510 1.827294 1.465316 6
-0.637132 1.867005 10.327706 6
2.563841 4.109453 22.085322 6
1.125855 4.118608 13.164190 6
-3.127522 10.040960 21.947493 6
6.755987 10.137012 13.261393 6
3.204214 8.072018 0.766836 1
5.355671 8.109878 10.951235 1
8.764270 2.203320 0.636503 1
-0.090118 2.058371 10.934940 1
2.931301 3.896278 22.699709 1
0.665607 3.819509 12.428547 1
-2.705906 9.873933 22.794438 1
6.367522 9.863412 12.521214 1
4.885302 7.155311 1.321528 6
3.605068 7.237163 10.475489 6
10.436963 1.227154 1.397073 6
-1.790879 1.299306 10.369456 6
1.316291 4.674030 22.170241 6
2.504613 4.776673 13.141239 6
-4.373677 10.733232 22.044970 6
7.941314 10.672000 13.025795 6
5.337408 7.182109 0.461889 1
3.187269 7.180589 11.308493 1
10.842549 1.102830 0.520766 1
-2.254024 1.222287 11.262254 1
0.844946 4.764514 23.059192 1
2.934680 4.756547 12.183963 1
-4.777518 10.748455 22.921164 1
8.435721 10.679190 12.214034 1
5.610689 6.637311 2.523480 6
3.140761 6.650176 9.320196 6
-0.015993 0.808192 2.510146 6
8.684025 0.643167 9.286892 6
0.535235 5.181961 20.990928 6
3.068350 5.292368 14.233733 6
6.048347 11.098100 20.936507 6
-2.358963 11.198684 14.264081 6
6.480873 6.274683 2.395723 1
2.118639 6.242345 9.410658 1
0.888346 0.338048 2.464446 1
7.795937 0.424595 9.394341 1
-0.301797 5.552758 21.142137 1
3.909740 5.670926 14.126648 1
5.320597 11.510426 21.021030 1
-1.635162 11.480809 14.106360 1
4.934480 6.706868 3.751683 6
3.592327 6.643386 8.064642 6
-0.579709 0.740776 3.621770 6
9.172668 0.702452 8.055599 6
1.163302 5.242755 19.828433 6
2.473934 5.080045 15.392376 6
6.675036 11.063387 19.686160 6
-3.050784 11.160852 15.499643 6
5.423871 6.368735 4.464437 1
3.279881 6.341826 7.290266 1
-0.144911 0.460796 4.444509 1
8.862632 0.435957 7.290807 1
0.837683 5.461306 18.970007 1
3.040109 5.485882 16.191336 1
6.236144 11.404055 18.984362 1
-2.689216 11.417083 16.307093 1
3.761560 7.361112 3.866880 6
5.009880 7.256640 7.888617 6
9.180845 1.264635 3.827089 6
-0.686815 1.398241 7.897452 6
2.512805 4.654374 19.716535 6
1.224162 4.550312 15.690969 6
-3.055890 10.577436 19.740774 6
6.859899 10.662257 15.563362 6
3.252267 7.271540 4.678586 1
5.373981 7.334832 7.133280 1
8.849389 1.374879 4.778514 1
-0.227671 1.408216 7.125444 1
2.922084 4.565762 18.821515 1
0.838261 4.566329 16.434170 1
-2.705053 10.494546 18.866359 1
6.277136 10.528702 16.460579 1
0.776018 8.148655 3.732271 7
7.844252 8.145961 8.023912 7
6.379026 2.249794 3.768245 7
2.356453 2.267351 7.988503 7
5.309535 3.669104 19.787076 7
-1.619437 3.766449 15.404927 7
-0.146859 9.791923 19.890151 7
3.874256 9.670192 15.523979 7
1.755310 9.594554 2.288565 8
6.968812 9.593810 9.484203 8
7.303371 3.760316 2.265268 8
1.490016 3.600046 9.463211 8
4.494463 2.323433 21.358932 8
-0.884684 2.328430 13.904445 8
-1.060520 8.174167 21.309911 8
4.809559 8.258464 13.943001 8
