1.424520 3.820002 2.635959 8
3.656087 6.782798 10.710285 8
0.869417 -0.045856 5.306627 8
4.073194 10.528689 7.893481 8
-1.086438 -1.469017 13.246942 8
6.003634 12.089810 0.084216 8
-1.640586 7.395905 13.117881 8
6.637215 3.050670 0.194045 8
-0.008797 6.822275 11.563740 8
5.040328 3.615774 1.880261 8
2.020911 -0.141265 3.384281 7
2.991304 10.664365 10.012120 7
2.355648 1.845521 2.028484 7
2.726503 8.738278 11.294655 7
3.246841 -0.201101 1.502328 7
1.939125 10.785133 11.808364 7
-2.653364 9.860582 12.897127 7
7.586734 0.545163 0.300819 7
2.560173 0.516211 2.324809 6
2.493984 10.093951 11.112589 6
1.449353 2.699468 2.937909 6
3.555680 7.828500 10.350564 6
0.819131 2.063721 4.045027 6
4.100123 8.620129 9.206650 6
1.177495 0.538211 4.421371 6
3.692583 10.027981 9.005713 6
1.084408 2.772092 5.366996 6
3.899710 7.639811 7.976952 6
0.901651 3.666403 5.349463 1
4.206849 6.805605 8.087947 1
0.660778 2.392482 6.126810 1
4.313192 8.123846 7.137994 1
2.552459 2.843160 5.549864 6
2.387555 7.693617 7.671487 6
3.194593 2.257689 5.986634 1
1.870238 8.365172 7.440377 1
3.238951 4.020802 5.539306 6
1.680094 6.385931 7.748810 6
2.784066 4.889245 5.225496 1
2.248303 5.721227 8.144126 1
4.173116 4.169181 5.675108 1
0.803420 6.510111 7.603701 1
-0.596589 1.911701 3.856843 6
5.687046 8.633527 9.531826 6
-1.135518 1.569952 4.698637 1
6.231285 8.984706 8.697204 1
-0.939037 2.821327 3.744747 1
6.039629 7.575890 9.679987 1
-1.164178 1.078998 2.734375 6
6.135367 9.325874 10.627632 6
10.871849 0.184672 2.846889 1
-5.752467 10.354892 10.627690 1
10.855095 1.522333 1.523588 6
-5.771433 8.949463 11.729321 6
10.905486 2.406546 1.309917 1
-5.782419 8.093064 11.906247 1
10.599283 0.975940 0.795896 1
-5.486547 9.520263 12.530717 1
3.751142 0.347993 0.294193 6
1.286922 10.285842 13.100679 6
-1.965327 10.113232 11.650011 6
7.040662 0.480907 1.654169 6
0.459660 -2.347801 10.924453 6
4.601800 12.963801 2.411038 6
0.059902 -1.621765 11.241262 1
5.104471 12.168535 2.056596 1
-1.388058 11.312939 9.687264 6
6.359727 -0.686348 3.756735 6
0.871514 -1.459290 9.240916 1
4.139774 12.120224 4.289919 1
-0.713859 10.105463 9.274793 6
5.792777 0.340889 4.227524 6
-0.350484 10.255741 8.434741 1
5.408487 0.360192 5.074306 1
-0.616350 9.028526 10.007213 6
5.601510 1.431521 3.437943 6
-0.051179 8.234645 9.722796 1
5.131626 2.300611 3.733474 1
-1.178836 9.033429 11.254454 6
6.247952 1.513021 2.070425 6
-0.908961 7.730993 12.083802 6
5.998032 2.768141 1.401543 6
0.160002 5.525039 12.276826 6
4.937681 4.897811 1.075659 6
-0.717552 5.211176 12.637868 1
5.639937 5.218389 0.686669 1
1.260577 5.787222 13.148809 6
3.767332 4.884639 0.160516 6
1.976272 6.036794 12.874172 1
3.062437 4.553289 0.529142 1
5.948324 7.882390 0.348265 1
-0.791536 2.620490 12.950814 1
5.485431 9.500459 0.505858 1
-0.366128 1.145630 12.771722 1
0.521730 4.742236 11.147383 6
4.429996 5.849826 2.353330 6
-0.054470 4.601246 10.471464 1
5.274625 6.017452 3.008993 1
0.820305 3.802113 11.510292 1
4.359123 6.695893 1.884332 1
1.340054 5.003756 10.579551 1
3.702236 5.668531 2.678387 1
-0.361881 12.706727 3.377235 1
5.302694 -1.978751 9.828642 1
2.626493 2.169941 1.413877 1
2.416490 8.263533 12.035277 1
2.229902 12.050333 0.132974 1
7.512019 1.412440 0.048366 1
-0.496047 10.457869 3.973758 8
5.527663 0.022062 9.338850 8
1.408981 7.063419 1.286099 8
3.640791 3.568059 12.092930 8
-1.864959 7.573684 6.628671 8
6.882522 2.955127 6.758199 8
-1.846051 2.563219 7.019344 8
6.740617 7.900457 6.264034 8
-2.896911 1.491884 8.635632 8
7.986454 9.043838 4.624420 8
0.304175 6.577915 3.265625 7
4.796817 3.918226 10.086047 7
-0.623630 8.257598 4.534296 7
5.775705 2.286803 8.889148 7
-0.727532 6.029822 5.232397 7
5.776111 4.596267 8.294295 7
-1.849183 5.257477 7.000417 7
6.935261 5.246579 6.333573 7
-0.324606 7.046725 4.339440 6
5.473998 3.633881 8.938824 6
-0.248663 9.371794 3.568155 6
5.359304 1.146321 9.680012 6
0.540865 8.996478 2.384088 6
4.443749 1.582273 10.945951 6
0.724140 7.523370 2.262312 6
4.265993 3.074041 11.175057 6
2.091594 9.650303 2.606994 6
3.045324 0.854980 10.638749 6
2.582581 9.285644 2.020229 1
2.511886 1.084243 11.405069 1
1.917168 10.663309 2.560276 1
3.068945 -0.070835 10.625783 1
2.665690 9.212551 3.993187 6
2.389647 1.246835 9.376885 6
2.164694 9.215978 4.668202 1
2.970916 1.391006 8.589893 1
3.821880 8.905321 4.090836 6
1.116800 1.584145 9.309388 6
4.442779 8.896788 3.240812 1
0.558504 1.542344 10.054236 1
4.206329 8.624463 4.911315 1
0.752097 1.838110 8.504945 1
-0.097521 9.570908 1.259562 6
5.053974 0.901229 12.155207 6
-0.177952 10.535714 1.236792 1
5.165274 -0.064459 12.118626 1
0.501430 9.391009 0.396730 1
4.592641 1.165018 12.889592 1
-1.319151 9.025344 0.794855 6
6.492597 1.546127 12.389798 6
-1.325120 8.187758 0.576912 1
6.452379 2.501950 12.751984 1
9.556059 9.461042 0.787872 6
-4.631313 0.989458 12.445767 6
9.575615 10.446493 1.060698 1
-4.439106 0.133857 12.391783 1
8.868180 8.978444 0.565852 1
-3.914692 1.664875 12.776302 1
-1.401415 6.341679 6.330973 6
6.576728 4.089944 7.113758 6
-2.366426 5.123929 8.240896 6
7.474823 5.404273 5.074504 6
-2.807709 6.332257 9.040951 6
7.827926 4.313294 4.279043 6
-2.701208 7.093865 8.760648 1
7.644910 3.315189 4.709995 1
-3.353291 6.157074 10.203573 6
8.419424 4.367911 3.118618 6
-3.557998 6.852756 10.811386 1
8.541937 3.659345 2.647055 1
-3.525989 4.799315 10.877288 6
8.613814 5.596415 2.563766 6
-3.982827 4.892354 11.613428 1
8.913810 5.709457 1.659201 1
-3.243316 3.690951 10.110738 6
8.349552 6.712652 3.233497 6
-3.383632 2.847632 10.420990 1
8.512828 7.566583 2.956000 1
-2.702540 3.958639 8.892092 6
7.693662 6.663832 4.563595 6
-2.338472 2.675596 7.959827 6
7.376843 7.865900 5.270295 6
-2.611203 0.301498 8.098871 6
7.749544 10.314215 5.359457 6
-1.670710 0.275681 7.658754 1
6.771924 10.346651 5.849436 1
8.433378 0.067087 6.928546 6
-3.305895 10.647579 6.421672 6
7.483308 -0.007361 7.282176 1
-2.487976 10.447545 5.956243 1
8.549968 -0.803413 6.577778 1
-3.444562 11.451168 6.738893 1
8.485690 0.649501 6.337022 1
-3.394659 9.852502 7.058665 1
-2.667538 -0.816550 9.141250 6
7.700959 11.305307 4.264556 6
-1.979211 -0.440994 9.839459 1
7.140935 11.020605 3.541064 1
-2.528874 -1.558413 8.776169 1
7.605724 12.154434 4.627939 1
8.509718 -0.765752 9.450564 1
-3.473104 11.266622 3.894199 1
0.442959 5.737174 3.022788 1
4.592514 4.780549 10.221503 1
-1.166586 8.534898 5.138206 1
6.193208 2.086606 8.305516 1
-1.589630 4.414593 6.663408 1
6.661529 6.094224 6.683730 1
