5.143312 2.369745 4.242030 7
9.534650 7.837513 15.558344 7
0.162335 2.651149 18.728059 7
4.668103 7.368607 7.193763 7
4.624528 3.566240 3.789868 6
0.316711 6.541536 15.312098 6
9.507984 1.525890 18.954406 6
5.173753 8.644439 7.631838 6
4.096982 3.740292 2.362193 6
0.751127 6.528361 13.825029 6
9.055158 1.387104 20.387747 6
5.701950 8.813572 8.994383 6
3.214641 3.269383 2.353555 1
1.606630 6.940667 13.761816 1
8.144598 1.842399 20.548529 1
6.609274 8.371885 9.010137 1
4.883258 3.064062 1.321319 6
9.754765 7.261129 12.882673 6
9.765610 2.189596 21.435122 6
4.796142 8.120169 9.905809 6
5.892752 3.266823 1.423449 1
8.768622 6.838146 12.877515 1
1.000473 1.862679 21.289939 1
3.823510 8.410506 9.974015 1
5.714322 3.488571 1.275706 1
8.981083 6.501147 12.690352 1
0.758947 1.408816 21.543771 1
4.144350 8.631705 9.992466 1
4.828533 1.472734 1.927312 6
0.007148 8.720436 13.300298 6
0.017737 3.668942 20.907979 6
4.915528 6.561886 9.637175 6
3.921378 1.195611 1.953108 1
1.027062 8.895626 13.264370 1
8.781859 3.891504 20.846841 1
5.945980 6.251255 9.533355 1
5.246532 1.010611 1.275803 1
9.379314 9.162984 12.639968 1
0.525585 4.105305 21.651683 1
4.426616 5.989881 10.203450 1
5.586950 1.284531 3.297193 6
9.192549 8.832549 14.559934 6
0.715699 3.776350 19.677142 6
4.285815 6.489244 8.106983 6
5.316240 0.520361 3.586185 1
9.384947 9.758813 15.006432 1
0.340189 4.640431 19.288925 1
4.410124 5.541724 7.908108 1
6.424628 1.388477 3.192613 1
8.150464 8.675975 14.522130 1
1.671783 3.632519 19.647301 1
3.262203 6.407403 8.251896 1
5.750884 1.738603 2.018664 6
9.060770 8.512288 13.312143 6
0.772756 3.271043 20.856161 6
4.086001 6.872944 9.429481 6
6.577626 1.940372 2.208500 1
8.124145 8.197700 13.611718 1
1.675093 3.136145 20.676062 1
3.270703 7.044655 9.302642 1
5.703122 1.103902 1.230356 1
9.081960 9.144003 12.697138 1
0.792762 3.962389 21.557725 1
4.133954 6.047877 10.012700 1
4.925679 1.243600 3.197057 6
9.777706 8.830684 14.668951 6
0.105646 3.754895 19.551171 6
4.892498 6.408561 8.073941 6
4.013914 0.992373 3.118901 1
0.923164 9.130523 14.569950 1
8.821600 3.940299 19.819999 1
5.837009 6.119809 8.241461 1
5.402670 0.428203 3.639220 1
9.236590 9.671516 14.995798 1
0.488061 4.560105 19.162362 1
4.460096 5.609799 7.701063 1
4.524508 4.537096 4.720157 8
0.451492 5.590425 15.994850 8
9.252898 0.533615 18.143486 8
5.285653 9.622018 6.707309 8
5.396783 2.131852 5.669860 6
9.282742 7.962103 16.976072 6
0.564230 2.957925 17.284390 6
4.276748 7.189284 5.905979 6
5.751883 1.281546 5.623739 1
8.973548 8.980819 17.010059 1
0.881892 3.899891 17.106608 1
4.123824 6.271939 5.779895 1
6.826980 2.910066 5.939576 6
7.917655 7.292802 17.432584 6
1.904232 2.140860 16.833978 6
3.067189 7.896366 5.376465 6
6.544889 3.929397 5.889600 1
8.025437 6.356733 17.300675 1
1.628759 1.296102 16.847800 1
3.073112 9.008925 5.468315 1
6.864830 2.650358 6.897198 1
7.775261 7.325811 18.282170 1
1.997326 2.256859 15.955586 1
2.888077 7.836875 4.558198 1
7.929340 2.428024 5.240738 6
6.642779 7.576987 16.651418 6
3.032610 2.672503 17.574414 6
1.795490 7.541371 6.164097 6
8.608626 3.395085 4.349806 6
6.049511 6.786342 15.636821 6
3.680402 1.718610 18.418875 6
1.214386 8.528685 7.024647 6
8.193395 4.157974 4.154511 1
6.445892 5.814313 15.681007 1
3.393502 0.815923 18.562783 1
1.624766 9.253326 7.142294 1
9.693787 2.888635 3.548241 6
4.941252 7.215474 15.037195 6
4.878930 2.012740 19.230040 6
0.109106 8.131479 7.753419 6
0.233977 3.591480 3.053637 1
4.643394 6.574095 14.491634 1
5.139757 1.549231 19.878320 1
9.599762 8.710112 8.337917 1
0.368047 1.829922 3.738183 6
4.560174 8.495380 15.068129 6
5.318433 3.258978 19.178202 6
9.446728 6.848366 7.806605 6
1.141701 1.514379 3.201361 1
3.883811 8.726750 14.555690 1
5.986535 3.605345 19.636731 1
8.684771 6.496009 8.201289 1
9.501768 0.841596 4.498794 6
5.028155 9.289814 15.994712 6
4.636332 4.194153 18.291329 6
0.245415 5.952241 6.850531 6
0.185524 10.139619 4.594213 1
4.735720 0.064001 15.919322 1
5.123904 5.162062 18.300040 1
9.656609 4.954159 6.722616 1
8.460616 1.269817 5.254297 6
6.249001 8.972027 16.732282 6
3.538529 3.770270 17.564970 6
1.245132 6.291821 6.042609 6
8.189962 0.514202 5.889148 1
6.568288 9.446628 17.208458 1
3.288125 4.496123 17.019105 1
1.670679 5.687739 5.516649 1
4.338862 2.388327 6.606008 6
0.528125 7.664157 17.978636 6
9.298642 2.670045 16.238280 6
5.489157 7.561461 4.873730 6
4.579362 2.743342 7.590114 8
0.288998 7.436330 19.010905 8
9.366699 2.198976 15.177366 8
5.151287 7.913007 3.791072 8
3.164590 2.195412 6.116265 8
1.770605 8.072243 17.489310 8
8.085023 2.890671 16.689194 8
6.639588 7.163032 5.290734 8
2.079951 2.361583 6.884871 6
2.735219 7.799459 18.437472 6
7.052158 2.727200 15.814166 6
7.697036 7.477288 4.513288 6
2.131583 1.771942 7.745329 1
2.760238 8.263507 19.075015 1
7.053625 3.340677 15.111745 1
7.731370 6.984429 3.746898 1
1.314657 2.168795 6.459256 1
3.699992 7.997474 17.934395 1
6.077451 2.949624 16.363264 1
8.624657 7.225679 4.997959 1
2.001905 3.245409 7.290628 1
2.815759 6.778141 18.680160 1
7.009902 1.725032 15.686095 1
7.696031 8.378501 4.097326 1
3.960309 5.095602 2.078104 7
1.038408 5.018646 13.493261 7
8.756882 0.043237 20.697778 7
5.884091 0.084100 9.352867 7
4.443172 5.591091 2.588728 1
0.513471 4.514623 13.978907 1
9.348290 9.549503 20.152063 1
5.316067 0.631028 8.774323 1
2.779497 5.599810 1.630120 6
2.203243 4.686988 13.066255 6
7.646385 9.767786 21.252880 6
7.027649 0.507147 9.754448 6
1.861611 4.812938 1.155110 8
3.085552 5.320140 12.608792 8
6.723557 0.290081 21.515624 8
8.045206 9.858049 10.169790 8
2.659264 6.901944 1.538017 8
2.195258 3.287400 12.984968 8
7.572521 8.334157 21.308956 8
7.151837 1.832671 9.884843 8
1.654437 7.735023 1.050435 6
3.225659 2.446549 12.423399 6
6.402404 7.607605 21.846713 6
8.196550 2.610492 10.398567 6
0.468753 7.375468 2.031692 6
4.402883 2.644738 13.297058 6
5.284864 7.805632 20.854701 6
9.329547 2.438114 9.439253 6
0.110204 6.586075 1.932370 1
4.870730 3.548378 13.204163 1
4.909043 8.627044 20.956759 1
9.686972 1.386117 9.507279 1
9.398559 8.031038 1.757189 1
5.126096 2.095943 13.125053 1
4.646678 7.109944 21.172270 1
0.381999 2.909202 9.761534 1
0.669574 7.605285 2.766316 1
4.330630 2.477621 14.241233 1
5.477377 7.589711 19.900702 1
9.120217 2.616210 8.653532 1
1.281744 7.310794 22.382295 6
3.513440 2.857007 10.976412 6
6.268693 7.806306 0.490171 6
8.466378 2.140721 11.876611 6
0.541066 7.840160 22.031054 1
4.355147 2.311774 10.683092 1
5.434879 7.377057 0.650088 1
9.142177 2.778885 12.061882 1
1.084390 6.466011 22.404870 1
3.801178 3.726037 11.002081 1
5.935341 8.856335 0.525641 1
8.827148 1.397827 11.866782 1
2.139950 7.425064 22.000940 1
2.683743 2.773564 10.524334 1
7.067174 7.815260 0.812806 1
7.653979 2.347131 12.313993 1
2.182322 9.054513 1.203895 6
2.688337 1.066410 12.519135 6
7.004467 6.085917 21.654769 6
7.650609 3.937204 10.169293 6
1.354182 9.695476 0.888022 1
3.508595 0.454651 12.233289 1
6.303603 5.459473 21.859330 1
8.250527 4.613398 10.518290 1
2.892357 9.149643 0.697582 1
2.012521 0.900027 12.081148 1
7.765519 6.077529 22.118190 1
6.974798 4.066633 10.779422 1
2.386824 9.329080 2.074424 1
2.576906 0.982521 13.498727 1
7.322149 5.985609 20.800159 1
7.440522 4.100963 9.420839 1
4.453335 3.106613 0.076068 6
0.518774 7.211074 11.461999 6
9.347032 1.997560 22.817427 6
5.363157 7.995259 11.442908 6
4.209711 3.885834 22.573195 1
0.596069 6.146609 11.040829 1
9.188778 1.102251 0.349476 1
5.600574 9.071576 11.631042 1
3.595538 2.581030 0.019412 1
1.364758 7.488393 11.441701 1
8.466307 2.571872 22.766029 1
6.264053 7.581354 11.391675 1
5.016873 2.578213 22.120220 1
9.711139 7.478655 10.713723 1
0.081748 2.480358 0.511330 1
4.717111 7.676254 11.937967 1
