-2.597609 1.940117 11.805799 8
6.346767 4.822906 12.009851 8
8.562963 3.784057 3.996657 8
-0.388461 0.872523 3.945487 8
-3.141646 1.473335 13.963987 8
6.951388 4.330175 9.910758 8
9.048060 4.087011 1.847025 8
-1.005045 1.281235 6.081703 8
-1.925238 4.520612 15.172741 8
5.590625 1.766238 8.631123 8
7.714906 1.050757 0.792352 8
0.334774 3.939074 7.260058 8
3.039947 0.592105 0.624767 8
4.982457 3.413852 7.267367 8
2.827739 5.246686 15.196860 8
0.841940 2.325433 8.604721 8
-2.393408 1.349406 13.035541 6
6.247704 4.268795 10.883558 6
8.237085 4.270042 2.870055 6
-0.297021 1.525084 4.988988 6
-1.105015 0.375601 13.033374 6
5.003515 3.229156 10.811419 6
7.055239 5.185883 2.831270 6
0.975751 2.456994 5.087417 6
-1.560511 5.313404 12.765927 1
5.282410 2.319813 11.119856 1
7.501110 0.560247 3.011610 1
0.605654 3.297535 4.931582 1
-0.377570 0.524157 14.295087 6
4.144130 3.321133 9.529768 6
6.396281 5.203488 1.602897 6
1.704608 2.336378 6.312605 6
0.407395 5.527652 14.143784 1
3.427755 2.647196 9.622624 1
5.654226 0.123067 1.642014 1
2.624913 3.004953 6.281684 1
0.160722 1.768319 14.667380 6
3.548938 4.779618 9.215032 6
5.710111 3.801500 1.324421 6
2.398946 1.050370 6.728053 6
-0.564654 2.463391 14.947379 1
4.277703 5.279904 8.885172 1
6.466819 3.227510 0.890381 1
1.567245 0.479846 6.893972 1
0.819900 1.745459 15.236185 1
2.824986 4.537334 8.622511 1
5.017330 3.895792 0.623991 1
2.993941 1.025800 7.322821 1
0.856132 2.477181 13.390675 6
2.982616 5.388072 10.520144 6
5.132431 3.155996 2.617719 6
3.021681 0.461564 5.326207 6
1.357757 3.148140 13.547943 1
2.343239 0.345453 10.367710 1
4.516434 2.549040 2.300799 1
3.527218 5.386905 5.508759 1
0.480211 2.155821 12.193533 6
3.147754 5.001180 11.637735 6
5.323361 3.656526 3.792632 6
2.638136 0.795487 4.268603 6
0.986270 2.534834 11.399686 1
2.853924 5.338376 12.510620 1
4.869905 3.130969 4.541514 1
3.237124 0.287834 3.402639 1
-0.440850 0.897953 11.705837 6
4.071409 3.749820 11.973401 6
6.311207 4.703358 4.084342 6
1.828320 1.963557 3.735737 6
0.024026 0.238928 11.228795 1
3.589668 3.017723 12.540091 1
5.785342 5.415211 4.547514 1
2.184332 2.661959 3.288580 1
-1.528962 1.416942 10.841327 6
5.397725 4.374075 12.874461 6
7.533396 4.188099 4.968824 6
0.631281 1.393054 2.927867 6
-1.285918 2.203184 10.302792 1
5.095197 5.096470 13.484373 1
7.139612 3.463386 5.627720 1
0.905271 0.638079 2.263534 1
-1.956227 0.684174 10.282738 1
5.670558 3.538073 13.448778 1
7.955338 4.983970 5.650947 1
0.301125 2.161620 2.308868 1
-1.166062 0.009134 15.521861 6
4.910217 2.932061 8.426311 6
7.207058 0.003419 0.494472 6
0.845585 2.921583 7.523307 6
1.711708 3.937947 0.406916 6
6.385129 1.247223 7.543120 6
4.240947 1.778846 15.570063 6
-0.544842 4.578538 8.234717 6
2.174307 3.965748 1.181717 1
5.938773 1.144795 6.724323 1
3.857749 1.729219 14.800761 1
-0.023090 4.492044 9.139690 1
1.243553 3.067282 0.149131 1
6.704025 0.369254 7.915125 1
4.699672 2.536874 15.702250 1
-0.784109 5.419013 8.069411 1
0.892753 4.688655 0.497742 1
7.298279 1.778003 7.548942 1
5.098038 1.115233 15.347521 1
-1.271006 4.014579 8.393076 1
