3.355076 5.591896 1.883887 6
-2.038745 8.394058 19.034857 6
2.938866 5.253642 3.157068 6
-1.732764 8.645670 17.743278 6
2.042649 4.258498 3.394506 6
-0.730744 9.544412 17.446800 6
1.928071 4.083464 4.464957 1
-0.528407 9.675325 16.489859 1
1.350060 3.574157 2.557284 6
-0.059601 10.243683 18.448290 6
0.786402 3.036216 2.639419 1
0.489062 10.942629 18.165587 1
1.686001 3.967578 1.203917 6
-0.406512 9.879719 19.720514 6
1.185535 3.343770 0.516663 1
0.034464 10.353704 20.518773 1
2.653418 4.896771 0.819642 6
-1.336325 9.104405 20.078965 6
1.702184 4.097316 20.839182 1
-0.394975 9.915067 0.093861 1
-1.002481 5.920447 4.124378 8
2.366353 8.020935 16.653410 8
-0.413295 6.558986 3.943323 1
1.798443 7.340771 17.003526 1
-0.407606 6.576627 1.554633 6
1.664863 7.283055 19.535385 6
-0.200000 6.691839 0.506491 1
1.330669 7.210594 20.427883 1
0.409624 7.343349 2.257218 7
1.041250 6.688152 18.606958 7
1.138694 8.214856 1.630175 8
0.061842 5.726082 19.189782 8
1.827033 9.023288 2.758429 6
-0.511803 4.917782 18.263526 6
2.561722 9.483111 2.183107 1
-1.270752 4.417995 18.669056 1
2.330214 8.449511 3.271805 1
-1.033555 5.548073 17.608270 1
0.886225 9.890513 3.399636 6
0.256386 3.912352 17.462433 6
0.176180 9.380251 3.933052 1
1.096764 4.508678 17.080771 1
1.497328 10.384965 4.019454 1
-0.171845 3.498092 16.982880 1
0.359171 10.840564 2.351302 8
0.962141 3.092846 18.482673 8
-0.399307 11.756611 2.967936 7
1.854008 2.147931 17.918761 7
-1.144241 12.500333 2.232684 6
2.345707 1.395973 18.835920 6
-1.009131 12.264117 1.314275 1
2.169136 1.655463 19.599748 1
-2.045240 13.445638 2.617263 6
3.335068 0.457912 18.297912 6
2.230014 13.678602 3.958791 6
-1.054369 0.197026 17.019967 6
1.316161 14.664832 4.233591 6
-0.176975 -0.809416 16.564072 6
3.513591 -0.027460 5.211172 1
-2.193517 13.903702 15.818594 1
2.957349 0.422675 3.394183 6
-1.758840 13.323091 17.714048 6
2.417391 1.232327 3.580700 1
-1.120650 12.790918 17.356942 1
3.287679 0.321659 1.949977 6
-1.878794 13.587089 19.065195 6
2.797337 0.858553 1.300698 1
-1.478326 13.109826 19.718692 1
1.842891 14.189810 1.545276 6
-0.690823 -0.232213 19.326903 6
1.992546 13.914506 0.729481 1
-0.854286 -0.036624 20.233182 1
-1.713356 12.963047 4.933533 8
3.115234 0.865714 16.052466 8
-1.162085 12.383315 4.680374 1
2.471147 1.337259 16.272023 1
0.712797 1.998256 8.257778 6
0.739619 11.850486 12.623577 6
0.432591 2.209565 6.887161 6
0.824336 11.757327 13.914812 6
-0.330607 3.095335 6.309254 6
1.724111 10.756037 14.579513 6
-0.461855 3.099838 5.338099 1
1.760062 10.825537 15.625365 1
3.452835 3.931410 7.109504 6
-2.282356 10.013841 13.879230 6
2.783914 4.485667 6.815415 1
-1.618924 9.323693 14.205889 1
-0.940654 3.734060 8.579925 6
2.292320 9.992800 12.490804 6
3.045752 4.348570 9.030721 1
-1.703473 9.514078 11.899960 1
-0.171133 2.915411 9.010397 6
1.509768 10.960038 11.880239 6
0.011377 2.802778 9.964302 1
1.358495 10.943173 10.927884 1
1.182591 1.393495 6.172507 8
0.112250 12.589342 14.804839 8
1.749427 0.966152 6.544408 1
-0.452386 12.963997 14.333225 1
1.517104 1.138320 8.869767 6
-0.259720 12.713865 12.044963 6
1.507133 1.135364 9.903406 1
-0.314993 12.698211 11.046628 1
2.319444 0.394203 8.350684 7
-0.979884 13.428088 12.707849 7
0.863892 14.326339 9.153147 8
0.490996 -0.446172 11.762766 8
1.733387 13.573109 8.236303 6
-0.302318 0.335533 12.656207 6
-2.391925 13.090355 8.928662 1
3.617331 0.673788 11.979893 1
-2.436550 14.205094 7.556901 1
3.743985 -0.300790 13.269937 1
0.786854 12.571671 7.548234 6
0.360335 1.274619 13.308631 6
0.122167 12.969686 7.017711 1
1.120181 0.874690 13.915093 1
1.400297 12.030111 6.853835 1
-0.253634 1.865729 14.070387 1
0.381732 11.562780 8.465639 8
0.920261 2.261630 12.487550 8
-0.550587 10.698640 7.764653 7
1.893862 3.111123 13.040794 7
-1.037510 9.756279 8.637685 6
2.250894 4.118047 12.273798 6
-0.797093 9.969615 9.601313 1
2.114542 4.070896 11.402253 1
2.639213 8.729485 8.141158 6
-1.440411 5.010249 12.837764 6
2.333897 8.544551 6.764231 6
-1.225483 5.306130 14.072829 6
1.555600 7.635249 6.370092 6
-0.248759 6.186915 14.504337 6
1.452725 7.547872 5.520980 1
-0.059858 6.253814 15.401344 1
1.000684 6.744378 7.230746 6
0.337159 6.988426 13.599034 6
0.434880 6.013317 7.010758 1
0.977455 7.721488 14.018984 1
1.251011 6.941793 8.607171 6
0.085278 6.960432 12.308734 6
0.868058 6.419276 9.205995 1
0.412197 7.579084 11.669798 1
2.114837 7.889537 9.105136 6
-0.819697 5.990794 11.909783 6
2.225898 7.953193 10.011406 1
-1.052654 5.882758 10.912750 1
-1.694486 9.378751 5.877971 8
2.893123 4.439099 15.004904 8
-1.136369 9.998609 6.215743 1
2.505779 3.879585 14.651036 1
