3.970525 4.788128 0.254887 15
10.492328 11.450389 9.819562 15
-0.416463 3.770250 8.512237 15
14.816785 12.425606 1.427195 15
5.293180 1.917298 1.411675 14
9.211572 14.288500 8.625291 14
-0.747096 0.609600 8.631734 14
15.284438 15.625826 1.468507 14
4.216624 3.003597 0.105674 6
10.393400 13.278599 9.872798 6
-0.094367 2.152237 9.372881 6
14.583626 14.078918 0.743519 6
5.570814 5.699787 0.216304 6
8.905662 10.580039 9.913801 6
3.668314 5.042651 9.610001 6
10.787492 11.225907 0.450806 6
8.133032 5.647616 0.122547 6
9.720416 10.922542 0.011024 6
8.248379 6.254013 1.188768 6
6.313742 9.780262 8.763622 6
7.022230 6.947828 1.835065 6
7.371838 9.305912 8.144859 6
5.863501 6.689742 1.268667 6
8.753068 9.630212 8.770024 6
3.680870 4.467991 8.061894 6
10.930286 11.714329 1.975071 6
3.215016 3.023692 8.021685 6
11.342433 13.124473 2.112897 6
2.730686 5.433187 7.239877 6
11.853583 10.855459 2.759819 6
5.039848 4.595871 7.459721 6
9.577111 11.564003 2.577951 6
9.576927 6.472785 1.917291 6
4.878531 9.830484 8.101395 6
10.501616 7.123391 0.998191 6
3.936607 9.074010 9.063419 6
9.658003 7.230162 3.293115 6
4.868445 8.995723 6.847634 6
10.194752 5.010154 2.279388 6
4.462119 11.143783 7.886564 6
4.546589 7.426543 1.954451 6
9.937238 8.820758 8.092264 6
5.116114 8.691642 2.547409 6
9.267197 7.529885 7.483625 6
3.731114 7.981900 0.794824 6
10.900603 8.201488 9.212913 6
3.884435 6.660471 2.975039 6
10.768702 9.525331 7.107362 6
13.015036 4.179974 8.430084 6
1.398544 11.864464 1.668802 6
11.986326 4.044840 9.262155 6
2.601153 12.138389 0.845058 6
10.793446 3.605664 8.697218 6
3.705767 12.608298 1.492034 6
10.475205 3.726037 7.390955 6
3.923751 12.426342 2.764245 6
11.531130 4.281887 6.586107 6
2.943290 11.967830 3.527938 6
12.859409 4.548917 7.022329 6
1.754788 11.553987 3.004663 6
15.230043 4.623642 0.643813 6
-0.727995 11.723628 9.268647 6
0.747254 3.384636 1.418605 6
13.854132 12.777966 8.805413 6
0.668006 5.872462 1.183558 6
13.816140 10.316054 9.036392 6
13.726047 4.572136 1.270785 6
0.801788 11.593587 8.835799 6
9.287878 3.191467 6.683002 6
5.299552 13.047021 3.452051 6
9.642226 2.216308 5.585364 6
4.968231 13.955411 4.552557 6
8.310688 2.539741 7.709843 6
6.206305 13.532328 2.315293 6
8.437335 4.413491 5.918244 6
6.071893 11.841698 4.077743 6
13.777546 5.374356 6.066420 6
0.841104 10.768537 3.852887 6
-0.743681 6.531819 7.052102 6
15.301019 9.563139 3.122158 6
-0.388372 4.651513 5.373922 6
14.941151 11.704296 4.826629 6
12.829248 6.317505 5.039519 6
1.623896 9.970657 4.999112 6
6.878532 2.933800 1.759760 6
7.646133 13.227033 8.321200 6
5.794131 0.275904 0.907736 6
8.654533 16.014106 9.248559 6
4.505868 1.889095 3.049646 6
10.160258 14.428858 7.022347 6
4.096846 3.259144 3.749746 6
10.468732 13.067963 6.419671 6
5.447105 1.243333 4.070916 6
9.113391 15.120550 6.004820 6
3.112529 1.027092 3.106177 6
11.274204 15.288976 7.003749 6
1.556469 15.814469 9.943823 6
12.930512 0.241516 0.137790 6
12.825519 0.962986 8.035416 6
1.709516 15.250397 2.102637 6
0.317008 0.047849 7.199302 6
14.258954 16.274108 2.886530 6
0.281599 1.110166 6.051350 6
14.290281 15.166402 4.030815 6
2.065205 15.326605 6.585750 6
12.533495 0.817878 3.502013 6
4.082261 16.315860 7.524465 6
10.438505 -0.102251 2.548408 6
11.408417 4.386665 5.556188 1
3.082607 11.772692 4.510797 1
5.578610 4.927018 9.761104 1
8.854798 11.236411 0.398765 1
7.081448 7.430041 2.582152 1
7.281258 8.885787 7.486346 1
3.200941 2.716591 6.913450 1
11.268814 13.348945 3.188329 1
3.834741 2.466163 8.328799 1
10.640415 13.726708 1.794342 1
2.290282 2.824553 8.257857 1
12.179565 13.255278 1.867737 1
1.836100 5.427439 7.667940 1
12.759646 10.776505 2.355142 1
3.091098 6.263632 7.332461 1
11.402192 9.980252 2.655949 1
2.615124 5.116357 6.460062 1
11.773596 11.066730 3.615331 1
4.972398 4.300193 6.526028 1
9.633672 11.753389 3.566194 1
5.654715 4.152452 7.826396 1
8.945214 12.092566 2.209994 1
5.231786 5.521567 7.427266 1
9.156427 10.718859 2.518678 1
10.565362 6.756725 0.103540 1
3.871543 9.415832 9.936108 1
11.415091 7.160467 1.340027 1
3.157743 9.051897 8.754247 1
10.258925 8.146116 0.784953 1
4.148241 8.109182 9.378936 1
10.503075 7.298681 3.599863 1
4.125945 8.860114 6.523661 1
9.290184 8.147811 3.072508 1
5.302083 8.004762 7.040211 1
8.895638 6.843190 3.933716 1
5.588313 9.391726 6.291735 1
10.964375 5.054723 2.515231 1
3.635270 11.047571 7.582520 1
10.227755 4.569721 1.356451 1
4.267854 11.727221 8.753052 1
9.525378 4.657829 2.674667 1
5.069210 11.522220 7.334788 1
5.641246 9.213590 1.871782 1
8.771989 6.956612 8.257043 1
5.769853 8.449569 3.245018 1
8.772401 7.607793 6.727210 1
4.367758 9.270528 2.841276 1
10.026403 6.855384 7.272339 1
3.395514 7.254213 0.296234 1
11.185647 8.983780 9.784054 1
4.261243 8.531297 0.169343 1
10.352073 7.781329 9.849579 1
2.994610 8.446686 1.134468 1
11.431978 7.684530 8.823929 1
4.361812 6.530146 3.710179 1
10.115387 9.626658 6.248082 1
3.195385 7.349654 3.283536 1
11.362144 9.009043 6.810477 1
3.419976 5.977645 2.600857 1
10.999317 10.240202 7.395048 1
0.256940 2.564484 1.248899 1
14.242806 13.624274 8.835273 1
1.642997 3.314906 1.016843 1
12.920174 12.845393 9.148568 1
0.674030 3.382019 2.353419 1
13.721029 12.780271 7.722940 1
1.506500 5.869505 0.858849 1
12.950919 10.373692 9.322548 1
0.576694 5.841518 2.089208 1
13.939563 10.357936 7.897497 1
15.317791 6.529469 0.766446 1
-0.732498 9.608247 9.301183 1
13.741664 4.586321 2.260544 1
0.756253 11.693875 7.816155 1
13.262070 5.170789 0.984999 1
1.212848 11.002222 9.127713 1
13.254072 3.682648 1.038256 1
1.203254 12.439752 8.927988 1
9.938263 1.387385 6.026996 1
4.452817 14.726583 4.145757 1
10.047621 2.555000 4.976680 1
4.436158 13.672056 5.088712 1
8.672247 1.883981 5.135274 1
5.773596 14.271010 4.811606 1
8.662443 1.868940 8.089642 1
5.753396 14.310913 1.891046 1
8.046371 3.113642 8.359151 1
6.363463 12.920848 1.650443 1
7.526787 2.197500 7.220793 1
7.088139 13.944067 2.722296 1
7.645872 4.146652 5.601773 1
6.785444 12.156858 4.498038 1
8.906955 4.877162 5.243959 1
5.540745 11.358778 4.855770 1
8.181295 4.974407 6.688553 1
6.298675 11.167207 3.400121 1
-0.285569 6.201430 7.642669 1
14.735152 10.134816 2.427422 1
13.761070 7.045894 7.328602 1
0.808285 9.031132 2.652960 1
-0.196756 7.170450 6.470812 1
14.704317 9.101167 3.669175 1
12.231766 6.845797 5.564610 1
2.185126 9.432801 4.604446 1
13.468103 6.729778 4.626130 1
0.938164 9.432623 5.617396 1
12.402814 5.571848 4.546572 1
2.127942 10.629482 5.659757 1
14.226342 4.026528 4.752315 1
0.163354 12.221234 5.379342 1
0.145055 5.140718 4.857704 1
14.356412 10.995033 5.187679 1
0.026759 4.090146 6.081758 1
14.511443 12.138005 4.049947 1
7.490041 2.999721 0.925945 1
7.001025 13.333804 9.297630 1
6.726670 3.845334 1.881071 1
7.802412 12.451017 8.243442 1
7.514303 2.432407 2.398061 1
7.095062 13.861766 7.808000 1
3.192377 -0.091230 10.032418 1
8.262174 15.933760 10.026050 1
7.520912 16.510951 0.655327 1
6.915042 -0.207582 9.385543 1
8.730108 16.493894 1.545936 1
8.154160 16.261048 8.624522 1
3.533538 3.660412 3.071330 1
10.974223 12.522194 7.024120 1
4.933730 3.731262 3.870010 1
9.683101 12.441185 6.265047 1
3.530490 3.025335 4.540829 1
10.922622 13.177095 5.541018 1
6.189901 1.700311 4.099927 1
8.422912 14.605289 5.945621 1
4.930880 1.152941 4.956587 1
9.538058 15.068724 5.261732 1
5.508422 0.289333 3.836653 1
8.908482 15.837569 6.285861 1
2.652922 0.902443 3.903044 1
11.748076 15.194666 6.186508 1
3.328211 0.094497 2.777940 1
11.228506 16.146463 7.304679 1
2.595971 1.316443 2.328883 1
11.982642 14.768064 7.747971 1
12.213806 1.262814 8.726038 1
2.243548 15.081987 1.343664 1
12.757809 1.671857 7.427422 1
1.791169 14.661155 2.632813 1
12.438908 0.102783 7.545525 1
2.084405 16.111178 2.551441 1
4.160115 16.523291 0.546077 1
10.279865 -0.327629 9.536131 1
5.612346 16.105080 0.242433 1
8.896760 0.016940 9.950991 1
1.118803 15.098173 9.534690 1
13.324577 1.207968 0.668831 1
0.835253 1.759361 6.317136 1
13.680757 14.324757 3.751070 1
-0.670929 1.236223 5.919029 1
15.177967 14.810120 4.195786 1
0.760963 0.719223 5.348902 1
13.760012 15.519678 4.846535 1
1.163904 15.611394 6.472227 1
13.300691 0.635089 3.796107 1
2.423486 15.143404 5.802127 1
12.111459 1.085413 4.196508 1
1.994190 14.618822 7.214863 1
12.562786 1.563384 2.771726 1
4.544553 16.031082 6.843283 1
9.833530 0.339031 3.395943 1
4.239168 15.602991 8.246620 1
10.381654 0.542659 1.831685 1
2.166995 0.368711 7.922929 1
12.376893 15.908504 2.228002 1
