-0.719157 11.962184 2.726381 16
5.551667 0.962801 1.199764 16
3.964705 10.251578 5.194197 16
-2.163715 21.154707 6.595715 16
0.630983 12.296535 1.286294 6
4.221012 1.295675 2.597174 6
2.756304 9.748749 6.484065 6
-0.987551 20.984667 5.240142 6
2.069049 12.119623 1.447921 6
2.862909 1.011098 2.396785 6
1.307485 10.075858 6.472531 6
0.516133 21.084781 5.443884 6
2.807232 12.952876 0.452177 6
2.164766 1.849113 3.441532 6
0.550446 9.262998 7.440357 6
1.171555 20.150205 4.429369 6
-1.539101 13.564866 7.487488 6
3.193261 2.497811 4.249187 6
4.727473 8.621221 0.405067 6
0.017272 19.559435 3.515863 6
0.298597 13.367324 0.456471 6
4.390568 2.442517 3.439459 6
2.909624 8.580926 7.364370 6
-1.168126 19.711175 4.426793 6
-0.203191 13.337406 3.714151 6
5.203822 2.397603 0.195528 6
3.638567 8.787569 4.198979 6
-1.887333 19.865310 7.531060 6
-1.210667 14.375993 3.655972 6
5.882339 3.354394 0.310235 6
4.364093 7.629534 4.086927 6
-2.723847 18.794963 7.591129 6
-0.791836 15.614437 4.521596 6
2.646958 4.452573 7.399605 6
4.173518 6.478581 3.448387 6
0.796610 17.656330 0.452105 6
0.328685 15.536989 5.258555 6
1.438217 4.576829 6.485889 6
2.945258 6.560790 2.651169 6
1.872045 17.574895 1.243403 6
1.144234 14.587740 5.288723 6
0.449103 3.445435 6.474326 6
2.060014 7.578774 2.694937 6
2.801882 18.605509 1.179083 6
0.895894 13.328746 4.365970 6
0.924587 2.264374 7.354466 6
2.422588 8.694795 3.373054 6
2.383105 19.856302 0.548128 6
0.710656 16.733800 5.985883 6
1.117255 5.792401 5.625508 6
2.512839 5.225670 1.809505 6
2.347585 16.295976 2.115682 6
-0.216942 10.811772 3.343173 8
5.070717 21.884783 0.505940 8
3.469975 11.327053 4.391782 8
-1.748952 0.267881 7.259478 8
5.896440 14.246104 0.453689 8
-0.990055 3.025880 3.470841 8
-2.534301 8.003283 7.489789 8
4.334312 19.061842 4.378002 8
1.206165 11.164197 0.759741 8
3.812091 0.116679 3.218788 8
2.094310 10.979975 7.131458 8
-0.520840 21.969085 4.548814 8
2.500115 11.568628 2.177131 1
2.471445 0.614617 1.627017 1
0.940868 10.471296 5.638410 1
0.804760 21.617989 6.181193 1
0.297115 12.569643 7.723453 1
1.430246 1.489438 4.046094 1
3.069239 9.567427 0.028028 1
1.786464 20.805906 3.903619 1
3.163233 13.629664 0.958919 1
1.703369 2.614338 2.798444 1
0.084041 8.543696 6.759536 1
1.740412 19.538811 5.024321 1
-1.334908 14.499554 7.185367 1
3.084789 3.375431 4.462524 1
4.549863 7.587220 0.592041 1
0.196114 18.747627 3.375513 1
-1.577553 13.201241 6.579488 1
3.330128 2.009279 5.070315 1
4.977921 9.023029 1.169501 1
-0.143091 19.995642 2.753719 1
4.463759 14.487556 3.156308 1
0.413659 3.289255 0.652361 1
-1.239170 7.798557 4.679926 1
2.860054 18.726904 7.116097 1
-1.513240 16.387455 4.389992 1
3.244555 5.199827 7.239044 1
4.850373 5.865256 3.349728 1
0.136258 16.812269 0.467117 1
2.074434 14.489392 5.678529 1
-0.300083 3.347961 6.113324 1
1.257280 7.637553 2.181687 1
3.576590 18.696835 1.821521 1
1.515642 12.666348 4.504522 1
0.329184 1.602822 7.315344 1
1.907956 9.387959 3.381184 1
3.047702 20.473905 0.487995 1
0.935699 16.499745 6.845343 1
0.852597 5.382046 4.834823 1
2.394813 5.674921 0.959779 1
2.483276 16.743932 2.925762 1
1.542974 17.404674 5.743504 1
0.226576 6.344923 6.186388 1
1.855274 4.754408 2.107725 1
2.915070 15.857067 1.806226 1
-0.144885 17.305781 6.204540 1
1.735592 6.388291 5.599625 1
3.353862 4.789371 1.710580 1
1.453944 15.715315 2.167243 1
