5.930841 5.542097 2.324647 16
-1.455867 1.497344 15.802748 16
2.418384 0.574033 5.138119 7
1.918111 4.333127 12.991886 7
4.968038 4.514214 4.602769 7
-0.503924 0.631515 13.644654 7
5.379906 2.247627 8.343456 8
-1.068937 6.105379 9.868047 8
6.434322 1.919910 5.755682 8
-2.024423 5.814189 12.455881 8
6.996898 4.396268 5.541567 8
-2.562855 0.593684 12.733369 8
1.256489 2.141911 3.217741 8
3.129449 5.978195 14.986520 8
6.156681 6.604632 3.028268 8
-1.832707 2.848528 15.207305 8
6.945520 5.200759 1.314978 8
-2.492567 1.190081 16.842800 8
0.239861 2.371315 8.799973 6
4.160546 6.380356 9.551272 6
1.023488 2.696691 9.333292 1
3.457545 6.503966 8.880339 1
-1.004363 2.520419 9.086510 6
5.602249 6.404918 9.139059 6
-1.308876 2.538568 9.881511 1
5.869333 6.430518 8.257963 1
6.825746 2.264239 8.123554 6
-2.249206 6.168828 10.045762 6
-1.543223 2.043017 6.889199 6
6.053429 5.960171 11.432327 6
7.446903 2.218299 4.542259 6
-2.902309 6.168401 13.691775 6
7.014548 1.709423 3.761399 1
-2.622147 5.691289 14.504218 1
7.303137 3.728295 4.218932 6
-2.743673 7.764319 13.969595 6
-0.268335 4.406016 3.628230 6
4.732799 0.547618 14.482333 6
-0.408525 5.369765 3.702641 1
4.902296 1.425988 14.491075 1
-0.120256 4.059234 2.873189 1
4.728763 0.111877 15.480938 1
0.817860 3.913280 4.640298 6
3.574460 0.113822 13.717386 6
1.666875 4.380362 4.158043 1
2.727659 0.474090 13.914274 1
0.836667 4.191621 5.405374 1
3.660860 0.315834 12.643925 1
2.318644 2.002288 5.369556 6
2.254173 5.886153 12.765461 6
3.210626 2.387216 5.148740 1
1.314969 6.334410 13.184413 1
2.223155 2.267702 6.792548 6
2.263735 6.196589 11.368686 6
2.785795 1.766927 7.416068 1
1.777476 5.640892 10.845111 1
2.452689 3.271293 7.063327 1
1.946075 7.255936 11.201574 1
0.783667 2.162612 7.417996 6
3.702261 6.185299 10.702972 6
-0.198157 1.928490 6.483907 6
4.750342 5.865174 11.790169 6
-0.060268 1.852145 5.078272 6
4.596159 5.589117 13.138612 6
1.159987 2.429976 4.571289 6
3.412973 6.437374 13.756809 6
-0.016336 0.187858 4.861284 6
4.383072 4.102313 13.369969 6
-0.729909 7.548830 5.172683 1
5.124918 3.549197 13.055058 1
0.131783 0.062145 3.843832 1
4.429951 3.910624 14.279434 1
1.369951 7.496889 5.547038 6
3.244801 3.587072 12.650997 6
1.170097 7.453616 6.474140 1
3.357370 3.603970 11.811986 1
1.538080 6.504682 5.273716 1
3.099384 2.735261 12.942806 1
3.681810 7.720912 5.786085 6
0.787489 3.830209 12.543938 6
4.487263 0.437812 5.405075 1
-0.072232 4.433599 12.728219 1
3.783750 6.868785 5.377981 1
0.717446 2.883117 12.798667 1
3.578457 0.049660 6.684923 1
0.825477 3.901226 11.545128 1
5.035158 2.293855 9.597439 6
-0.508529 6.340250 8.610532 6
4.019111 2.317700 9.657593 1
0.504257 6.106438 8.454829 1
5.290939 3.346057 10.088815 1
-0.837424 7.049336 8.193966 1
5.405424 1.632319 10.189217 1
-1.005052 5.557735 8.004512 1
2.498569 2.336677 2.461076 6
1.981246 6.372914 15.775307 6
2.459971 2.217953 1.531717 1
2.001078 6.054367 16.617258 1
3.208642 1.808745 2.795660 1
1.368055 5.829726 15.449204 1
2.701141 3.287493 2.501983 1
1.823238 7.307245 15.638307 1
5.628224 4.563809 5.571594 6
-1.142234 0.666460 12.645327 6
5.176520 4.999845 6.370194 1
-0.664718 0.927931 11.771032 1
6.029836 4.052467 3.525797 6
-1.374752 0.145432 14.729606 6
5.644425 3.329746 3.061313 1
-1.158456 7.105869 15.101443 1
4.391263 5.574971 1.682767 6
0.019838 1.760941 16.632223 6
4.090949 4.839850 0.322120 6
0.390116 0.989655 17.882219 6
0.585048 4.347859 18.179628 1
-0.342254 0.452309 18.160036 1
-1.478057 5.071866 17.985529 6
5.842882 1.054771 0.253088 6
-1.488202 4.610827 17.208281 1
5.975241 0.698261 1.044470 1
1.973191 5.882349 0.255275 6
2.576350 1.859038 17.851630 6
2.267276 6.433359 1.573061 6
2.254623 2.481010 16.695746 6
1.514652 6.957043 1.937208 1
3.006809 3.060718 16.309383 1
3.419294 6.372361 2.163163 6
0.998712 2.487867 15.955471 6
3.588107 6.894679 2.928795 1
0.919890 3.011825 15.271107 1
-3.657295 5.873937 17.770006 6
8.191231 2.028053 0.360777 6
-4.012777 6.810240 17.627664 1
8.433307 3.035061 0.424869 1
0.013372 5.543246 0.002647 1
4.456960 1.681405 18.192244 1
-3.704002 5.483759 16.932032 1
8.068264 1.551409 1.317187 1
