3.256743 7.540637 10.773785 9
-0.580450 1.012154 11.279030 9
0.357513 5.508056 3.774622 9
4.110423 12.186430 3.564737 9
0.465435 9.738282 6.776038 9
4.140223 3.107548 0.516930 9
3.111648 3.402895 7.773577 9
-0.510710 10.143992 14.158167 9
1.404776 6.287497 9.543644 8
1.448637 12.942076 12.345903 8
2.286058 6.891454 5.102076 8
2.266530 0.441867 2.291402 8
2.365852 11.354090 7.846471 7
0.424274 4.731398 13.985887 7
1.313876 1.707937 6.730711 7
3.073759 8.463902 0.666292 7
3.911800 10.363058 10.107134 7
-1.080912 3.669028 11.913146 7
-0.229780 2.849883 4.597924 7
4.763049 9.586886 2.784338 7
0.788767 8.057109 8.212119 7
1.864903 1.495552 13.850636 7
2.758384 5.128009 6.446820 7
1.642209 11.854833 0.772932 7
2.923789 12.303759 8.977050 6
-0.237681 5.602856 13.152864 6
0.649559 0.969709 5.653645 6
3.760766 7.633027 1.519419 6
-1.067163 11.653709 9.522730 6
3.864802 5.017060 12.503949 6
-0.541563 1.607511 5.225489 6
4.985131 8.183327 1.998462 6
2.612830 8.182606 9.707409 6
0.195575 1.597453 12.228584 6
1.042641 4.884422 4.956931 6
3.348388 11.545579 2.379825 6
1.586807 7.519502 9.128346 6
1.113204 0.844298 12.882706 6
1.972639 5.700786 5.422304 6
2.529124 12.342358 1.762100 6
1.126190 9.184488 7.922263 6
1.658875 2.632798 14.173260 6
2.497892 3.933486 6.762802 6
1.966031 10.520316 0.590668 6
2.074200 10.005497 8.337592 6
0.628599 3.563710 13.655697 6
1.431071 3.182288 6.376795 6
2.961582 9.754575 1.012492 6
2.832899 9.440407 9.395244 6
-0.051433 2.986636 12.656209 6
0.658260 3.680088 5.166082 6
3.860936 10.211667 2.019815 6
2.908140 11.437324 6.520518 6
1.663578 4.954405 0.770044 6
0.736443 1.600261 8.084904 6
1.942665 8.216850 13.978312 6
-0.547870 9.871960 11.045729 6
3.281300 3.292026 10.907855 6
4.243630 3.436261 3.574343 6
0.243403 9.958446 3.712574 6
0.269651 5.624937 8.998805 6
2.568904 12.220271 12.901883 6
3.396135 7.650098 5.569068 6
1.029185 1.016889 1.750710 6
2.389694 12.486152 9.682415 1
0.390983 5.801966 12.240782 1
1.267059 0.711302 4.976371 1
3.185845 7.411543 2.428481 1
3.120496 13.141419 8.456626 1
-0.450889 6.473896 13.535393 1
0.426484 13.188654 6.077247 1
4.106812 6.765984 1.151400 1
-0.668889 12.054120 10.098448 1
3.462647 5.604070 11.970357 1
4.236156 1.023861 4.615130 1
0.146085 7.736476 2.766767 1
-0.387416 11.370944 8.759012 1
3.270369 4.893175 13.299161 1
4.108680 1.682489 6.090625 1
0.347838 8.373049 1.407233 1
2.752700 12.375783 6.335770 1
1.574621 5.781692 1.001447 1
0.719153 0.711592 8.452109 1
1.950876 7.263925 13.716479 1
2.373621 11.067519 5.996054 1
2.127637 4.299061 1.326225 1
1.238108 2.153875 8.738010 1
1.560198 8.745027 13.240274 1
3.734692 11.293628 6.614581 1
0.718414 4.695916 0.708038 1
-0.101337 2.009161 8.073742 1
2.910789 8.548371 13.984314 1
0.187335 9.148652 10.743655 1
2.616900 2.441765 11.241067 1
3.525928 4.128444 3.939333 1
0.967456 10.656681 3.396063 1
-0.967745 9.404326 11.786524 1
3.836748 2.934750 10.196337 1
4.703731 3.738204 2.878848 1
-0.078893 10.422274 4.535611 1
-0.022073 10.578953 11.487148 1
2.790815 3.984481 10.679983 1
3.655289 2.731740 3.337690 1
0.734076 9.314872 3.968658 1
0.293955 5.472643 8.076025 1
2.466800 12.140169 13.928017 1
3.299614 7.666870 6.663171 1
1.275109 1.053494 0.638130 1
0.291385 4.762041 9.418201 1
2.496197 11.309819 12.535342 1
3.306824 8.576413 5.141366 1
1.077844 1.985633 2.207292 1
-0.700292 5.992965 9.178479 1
3.305249 12.750228 12.799820 1
4.140202 7.139805 5.473932 1
0.194184 0.448893 1.828751 1
