0.388825 7.272309 4.667412 8
8.067564 2.707316 7.093252 8
0.199652 8.435260 9.953758 8
8.547869 3.929746 1.730055 8
1.022039 1.021010 9.160665 8
7.624746 5.739653 2.763914 8
0.514210 0.192094 4.387181 8
8.122203 4.883174 7.335558 8
1.025532 9.041295 9.101829 6
7.639367 4.439761 2.575262 6
0.896287 8.332634 4.120689 6
7.767260 3.810440 7.633254 6
1.761376 8.261515 2.818716 6
6.747844 3.569199 8.888369 6
2.309015 9.037358 2.724182 1
6.301388 4.332127 9.044101 1
1.233215 8.002107 2.079294 1
7.380083 3.458706 9.555864 1
1.774534 8.217589 8.141877 6
6.931839 3.684884 3.610476 6
2.463100 8.756284 7.949934 1
6.068926 4.160395 3.938815 1
1.093020 8.102377 7.511951 1
7.416237 3.331725 4.339762 1
2.239848 6.904758 8.729307 6
6.460717 2.367453 2.978684 6
2.671661 7.041309 3.132185 6
5.752164 2.370105 8.729013 6
0.771261 4.835771 9.608069 6
7.922577 0.292112 2.102784 6
1.313100 4.364194 9.141593 1
7.312306 9.014573 2.638530 1
1.913224 5.783530 3.566671 6
6.609813 1.258324 8.295279 6
2.312735 4.533065 3.118894 6
6.341569 9.231276 8.581306 6
2.968476 4.345044 2.653334 1
5.618346 8.961532 9.073090 1
0.953292 6.351419 9.546727 6
7.723774 1.585040 2.317554 6
-0.375260 4.460650 10.353251 6
8.957161 9.032313 1.550302 6
1.453917 3.409207 3.590279 6
7.018375 8.105375 8.068963 6
0.359826 3.804506 4.347687 6
8.197908 8.440325 7.354673 6
-0.227327 3.051839 4.771810 1
8.703313 7.618211 7.025614 1
-1.145777 5.291878 10.888988 6
9.744728 0.650187 0.998458 6
8.453755 4.844780 11.432160 1
0.077201 0.286286 0.327770 1
0.116260 7.056772 10.115474 6
8.580639 2.451753 1.714695 6
3.196617 7.125532 9.916821 6
5.504577 2.499031 1.951398 6
3.626143 7.499883 4.231783 6
4.851490 2.757193 7.481778 6
0.815652 6.072411 4.324977 6
7.704906 1.516975 7.443462 6
-0.995116 6.696129 10.695788 6
9.604053 1.967476 0.933878 6
-1.676412 7.179314 11.215060 1
10.305789 2.563727 0.564877 1
0.073354 4.960437 4.799145 6
8.518542 0.294649 7.071195 6
-0.596061 5.192162 5.292399 1
9.260804 0.598884 6.367486 1
3.435736 8.240897 5.150252 8
5.131120 3.518641 6.682534 8
3.431859 8.357364 10.361354 8
5.312291 3.755987 1.403632 8
4.760328 6.738338 4.231322 8
3.682280 2.129152 7.627097 8
3.839997 6.142986 10.328563 8
4.763164 1.576560 1.421109 8
4.767412 6.358914 11.382145 6
3.779893 1.602583 0.442478 6
5.300408 5.367329 11.513632 1
3.302492 0.859845 0.250601 1
6.167718 6.696318 0.289809 1
2.303132 2.089714 11.343048 1
5.425086 6.843020 11.044561 1
3.066876 2.330972 0.682012 1
5.744420 6.818241 5.266507 6
2.768821 2.280480 6.503471 6
6.543480 6.238295 5.126546 1
2.057459 1.619888 6.561509 1
5.250886 6.734570 6.038163 1
3.171814 1.985490 5.582056 1
5.969110 7.733424 5.244290 1
2.448479 3.202932 6.557313 1
2.816068 6.061468 7.649231 6
5.875094 1.393826 4.158653 6
3.112751 5.091285 8.023857 1
5.544631 0.500337 3.774421 1
3.522762 6.460512 7.264131 1
5.010665 1.790906 4.544559 1
2.106971 5.857240 7.070725 1
6.562007 1.227266 4.720419 1
3.431757 6.772052 1.706782 6
5.152461 2.253857 9.979011 6
2.843392 6.557352 1.013611 1
5.665045 1.968840 10.664564 1
4.113378 6.015967 1.900855 1
4.424195 1.545243 9.940304 1
4.003673 7.724214 1.471838 1
4.487641 3.099895 10.184547 1
-0.539708 3.026351 10.447270 8
9.165264 7.732972 1.429951 8
-0.060004 2.701014 9.858558 1
8.623263 7.217301 1.867618 1
1.797905 2.165305 3.343512 8
6.675165 6.922033 8.466498 8
1.421129 1.694911 3.674983 1
7.259765 6.320186 8.174911 1
