15.659264 0.442001 2.060330 47
12.067518 5.743240 7.438889 47
2.772754 10.217403 7.482366 47
6.444619 4.796462 1.995196 47
13.811814 10.536441 4.120768 34
13.842639 5.140342 5.547600 34
4.531585 0.017443 5.487165 34
4.556000 5.365616 4.025089 34
13.241360 0.469305 0.604834 34
14.467814 5.751844 8.961553 34
5.068455 10.027200 8.984156 34
4.018401 4.844668 0.566159 34
15.815107 0.278594 7.977739 34
11.965255 5.540548 1.688717 34
2.767549 10.329941 1.637658 34
6.391801 4.982970 7.951690 34
16.614760 8.723988 1.025274 34
11.133530 3.493271 8.542408 34
1.771816 1.829900 8.566748 34
7.250854 7.178992 1.055515 34
17.183451 9.591091 4.269440 34
10.594041 4.399102 5.062664 34
1.390218 0.901174 5.116273 34
7.848252 6.318304 4.297581 34
17.722857 4.832831 1.598183 9
10.025980 10.107466 7.958004 9
0.654227 5.766701 7.993401 9
8.555535 0.544943 1.554838 9
0.063053 4.339836 3.283440 9
9.033458 9.514388 6.182468 9
18.221098 6.259100 6.241500 9
9.318286 0.984412 3.407186 9
16.839581 5.390158 3.424429 9
10.743185 10.575736 6.056436 9
1.561687 5.292154 6.079331 9
7.553976 10.561838 3.334466 9
16.759853 2.514811 1.726599 8
11.051093 7.776882 7.834438 8
1.645224 8.072871 7.807309 8
7.383988 2.782528 1.678124 8
16.405149 2.726401 3.944292 8
11.383959 8.124745 5.554773 8
2.129392 7.902256 5.649201 8
7.090837 2.564598 3.833218 8
12.411275 9.986680 3.007259 6
15.474075 4.665060 6.457812 6
6.101897 0.621844 6.463345 6
2.960497 5.894171 3.067363 6
12.130779 10.158018 1.916923 6
15.618345 4.959629 7.801081 6
6.285048 0.460976 7.770755 6
2.882284 5.718534 1.848836 6
13.387229 9.832020 8.967429 6
14.364753 4.534118 0.555023 6
5.104830 0.749887 0.467160 6
3.990690 6.034317 8.928601 6
14.326036 9.560986 8.062349 6
13.352426 4.262494 1.397729 6
4.010678 0.970781 1.550344 6
5.051279 6.157069 8.099724 6
17.291791 9.817335 7.930514 6
10.473500 4.433432 1.525595 6
1.255387 0.854719 1.620993 6
7.892367 6.058120 7.913583 6
17.451794 8.930244 8.944797 6
10.103585 3.815271 0.595080 6
0.852896 1.614393 0.508566 6
8.303216 6.773611 8.967031 6
18.246826 8.220374 2.175068 6
9.532949 3.058443 7.360260 6
0.296037 2.332538 7.339244 6
8.832604 7.535904 2.128868 6
18.329373 8.587858 3.338770 6
9.330436 3.206713 6.263186 6
0.023222 2.130577 6.232615 6
9.085371 7.326414 3.317041 6
15.651900 8.421137 4.509813 6
11.902392 3.052070 4.926836 6
2.800959 2.250043 4.935808 6
6.477315 7.375969 4.491682 6
14.443487 8.696808 4.414475 6
13.298941 3.359925 5.123395 6
3.960132 1.954493 5.210157 6
5.155749 7.220577 4.461646 6
16.838331 3.087376 2.797812 6
11.009128 8.443021 6.716178 6
1.551622 7.489902 6.584591 6
7.455311 2.216264 2.789849 6
17.492008 4.335770 2.719220 6
10.249510 9.618789 6.796898 6
0.879468 6.288940 6.868944 6
8.263908 0.999855 2.686286 6
11.541376 9.547675 3.468375 1
16.159806 4.188036 5.985150 1
6.813734 1.133308 6.100849 1
2.248487 6.302188 3.592500 1
11.413700 9.925798 1.387982 1
16.415994 4.501784 8.108024 1
7.072855 0.652417 8.116558 1
2.072177 5.967268 1.501341 1
12.617043 9.200438 8.926751 1
15.106490 3.913566 0.552790 1
5.786621 1.475460 0.654590 1
3.485508 6.726491 8.878041 1
14.285222 8.890408 7.491916 1
13.345668 3.559231 2.076651 1
4.060562 1.681086 2.009944 1
5.044275 7.039919 7.423309 1
17.768089 9.743535 7.319252 1
9.762802 4.529786 2.213977 1
0.589406 0.756475 2.305019 1
8.518949 6.197647 7.303487 1
18.398883 8.596229 8.919034 1
9.299291 3.290710 0.600041 1
0.018159 2.126719 0.568200 1
9.101076 7.284946 8.855063 1
0.317785 7.730169 1.742698 1
8.746285 2.605747 7.822325 1
18.064540 2.699916 7.825361 1
9.562883 8.017712 1.759071 1
0.445462 8.129237 3.880968 1
8.616958 2.796606 5.701631 1
17.890635 2.446382 5.791835 1
9.776705 7.756769 3.839183 1
15.997137 7.536262 4.763625 1
11.653621 2.255486 4.702377 1
2.553796 2.997602 4.838634 1
6.581248 8.445566 4.674981 1
13.756477 8.051386 4.520156 1
13.938429 2.659782 4.932125 1
4.558638 2.653338 5.084818 1
4.581481 7.806887 4.406647 1
