2.683860 3.494290 12.051878 6
2.459565 7.167541 4.904369 6
0.835495 3.665470 21.888255 6
1.152558 0.085779 29.073251 6
1.751901 2.323447 12.205838 6
3.471982 5.931383 4.618168 6
1.874667 5.022741 21.622728 6
0.264900 1.312272 29.248967 6
1.376996 2.391362 13.097437 1
3.768086 6.048787 3.810658 1
2.213660 4.771323 20.719976 1
-0.130102 1.254515 30.174344 1
1.071841 2.269170 11.491454 1
4.005250 5.875995 5.276935 1
2.581147 5.040932 22.365396 1
-0.503935 1.278826 28.559260 1
2.641093 1.076136 12.218213 6
2.521386 4.712279 4.633733 6
0.994999 6.130678 21.543530 6
1.084721 2.617563 29.324276 6
2.210330 0.323233 12.169211 1
3.094889 3.899110 4.783230 1
1.498072 6.912545 21.873152 1
0.644223 3.323112 29.087710 1
3.209764 0.925287 13.138787 1
2.146039 4.656891 3.851029 1
0.585815 6.320968 20.797775 1
1.617783 2.643797 30.139108 1
3.581312 1.379091 11.190150 6
1.438943 4.958220 5.709137 6
0.019489 5.835204 22.692108 6
2.140552 2.273382 28.095418 6
4.524176 0.913081 11.131376 1
0.682534 4.555319 5.755944 1
-0.846381 6.281699 22.716069 1
2.851939 2.791308 28.150142 1
3.327423 1.402730 10.295095 1
1.928712 5.019245 6.743371 1
0.432045 5.965776 23.571794 1
1.738887 2.271728 27.233407 1
4.039494 2.809322 11.466766 6
1.065650 6.388666 5.454656 6
-0.423516 4.338123 22.572821 6
2.385826 0.708206 28.375213 6
4.255844 3.770450 10.107922 6
0.963650 0.094920 6.686233 6
-0.696322 3.496470 23.760707 6
2.676994 7.135471 27.062320 6
4.810555 4.466977 10.543963 1
0.428784 0.917818 6.485433 1
-1.209556 2.659213 23.399060 1
3.170320 6.360163 27.472580 1
2.945909 4.083207 9.720999 6
2.386070 0.457020 7.264732 6
0.832397 3.175536 24.092473 6
1.229008 6.731549 26.585469 6
2.867110 4.757803 9.049658 1
2.347614 1.177797 7.780107 1
0.699591 2.407530 24.784887 1
1.434104 5.946861 26.110371 1
2.435889 3.446825 9.333111 1
2.690467 7.000413 7.712557 1
1.310257 3.938593 24.556256 1
0.872274 0.276188 26.168776 1
2.323445 4.550207 11.008615 6
2.967996 0.817368 5.855993 6
1.393036 2.767335 22.828648 6
0.659906 6.302097 28.023021 6
1.264137 4.458503 10.922324 1
3.978382 0.897388 6.031595 1
2.307843 2.795157 22.955317 1
-0.203469 6.353197 27.974612 1
2.504110 5.452792 11.308315 1
2.666512 1.821637 5.607486 1
1.120632 1.717411 22.656744 1
0.954595 5.368636 28.238289 1
5.129873 3.003124 9.084503 6
0.078640 6.757096 7.830870 6
-1.447937 4.209164 24.785727 6
3.716775 0.559574 26.127329 6
-0.749427 2.619969 9.504535 1
-0.672259 6.149429 7.604021 1
4.376774 4.495829 24.470399 1
-2.356921 1.028728 26.319916 1
5.129734 3.207379 7.861755 6
0.132888 6.821133 9.138950 6
-1.391988 4.122674 26.155179 6
3.574362 0.565463 24.812466 6
4.330529 3.531737 7.453516 1
0.875208 0.029970 9.455180 1
-0.700742 3.586261 26.464518 1
2.798962 0.106942 24.386907 1
5.649254 2.682664 7.288593 1
-0.554142 6.393255 9.641847 1
-1.960750 4.568589 26.572777 1
4.099857 0.885405 24.315161 1
3.075649 4.297150 13.402739 6
2.148240 0.694350 3.688257 6
0.634776 2.912124 20.539300 6
1.498083 6.644964 30.365059 6
3.821496 4.761640 13.119878 1
1.330839 1.218553 3.672910 1
-0.130754 2.461441 20.678232 1
2.318062 6.016129 30.139479 1
2.183615 4.894256 13.529353 1
2.912703 1.178106 3.440399 1
1.417559 2.463976 20.455418 1
0.691784 5.934106 30.516133 1
3.382008 3.986131 15.589851 6
1.910202 0.315037 1.302624 6
0.376585 3.280362 18.193219 6
1.844116 6.810557 32.555826 6
3.506166 2.962181 16.812054 6
1.628454 6.569638 0.268978 6
0.067653 4.308376 17.067819 6
1.884627 0.634041 33.685681 6
3.768081 3.494431 17.969478 6
-1.660612 7.131266 32.889909 6
0.030969 3.707513 15.921169 6
5.166190 0.234531 1.159615 6
3.730032 4.259679 18.158614 1
-1.602784 0.641691 32.683197 1
-0.131878 2.887622 15.711523 1
5.270000 6.542456 1.248239 1
3.907446 2.577182 19.167324 6
-1.835910 6.268487 31.722314 6
-0.229776 4.655046 14.787806 6
5.383272 1.079867 2.034047 6
3.940548 2.784004 20.017130 1
-1.933538 6.435304 30.809273 1
-0.359235 4.280757 14.006566 1
5.596191 0.644037 3.077870 1
3.793030 1.304429 18.906487 6
-1.769443 4.797072 31.982148 6
-0.350167 6.086230 15.098291 6
5.472321 2.374833 1.941972 6
3.753767 0.723668 17.531708 6
-1.637727 4.337057 33.300770 6
-0.120987 6.444414 16.319313 6
5.244928 2.838618 0.500789 6
3.605012 7.082485 17.479671 1
-1.571153 3.369817 33.498741 1
-0.080926 0.142821 16.460678 1
5.179787 3.897037 0.475758 1
3.407107 1.524013 16.521826 6
1.751117 5.276289 0.390719 6
0.151217 5.706617 17.400956 6
1.814582 1.951313 33.546302 6
3.376255 1.183153 15.660350 1
1.935272 4.834242 1.212025 1
0.372486 5.947577 18.217704 1
1.780147 2.378827 32.696858 1
4.071855 0.376364 19.953201 7
-2.009862 3.896321 31.023008 7
-0.606681 6.999381 13.929665 7
5.740789 3.367555 2.956237 7
5.252334 2.902835 12.197321 8
-0.081937 6.512005 4.650227 8
-1.654819 4.169297 21.603495 8
3.688842 0.612370 29.173536 8
5.361341 2.374355 12.681272 1
-0.031251 6.018730 4.137060 1
-1.718256 4.945955 21.262286 1
3.687356 1.276544 29.766192 1
3.323374 5.128784 15.770787 8
1.869359 1.541427 1.055868 8
0.306768 2.163748 18.121454 8
1.817005 5.724621 32.722777 8
3.293506 3.426393 14.365178 8
1.994285 7.057579 2.504445 8
0.375967 3.782568 19.536138 8
1.770305 0.148339 31.424434 8
4.101500 0.785533 21.107844 8
-2.078412 4.367395 29.699957 8
-0.506199 6.471274 12.909360 8
5.698738 2.905831 4.165454 8
4.358809 6.235334 19.725938 8
-2.371256 2.769059 31.144412 8
-0.791841 0.818275 14.272040 8
5.884295 4.537347 2.724078 8
