10.528826 0.334335 2.686984 35
9.965105 3.672382 10.213426 35
2.019878 2.230093 2.671312 35
1.556098 1.824931 10.084264 35
7.888662 2.370227 7.435270 35
7.315725 1.753090 14.750581 35
16.207263 0.180523 7.434090 35
0.087798 3.815887 0.076219 35
10.247334 1.762158 5.475514 8
9.562936 2.311028 12.905977 8
1.793275 3.798383 5.410229 8
1.090281 0.382584 12.908783 8
5.333657 1.070886 5.890900 8
4.760997 2.854310 13.262575 8
13.905661 3.171132 5.961760 8
13.215912 0.876577 13.326445 8
5.480933 1.423483 6.622711 1
5.044243 2.420547 13.902372 1
13.908437 3.608048 6.662863 1
13.323575 0.466909 13.894248 1
5.302996 2.769497 1.255729 7
4.628134 1.259239 8.592660 7
13.669601 0.721273 1.190144 7
13.183873 3.350979 8.567056 7
8.893784 1.207935 4.956432 6
8.457208 2.903863 12.420701 6
0.597190 3.186069 4.901303 6
0.064887 0.808228 12.411141 6
8.850410 0.509483 3.719817 6
8.319079 3.500003 11.082714 6
0.570944 2.514149 3.697118 6
-0.062807 1.485622 11.181109 6
7.736406 0.206435 3.289253 6
7.128547 3.877542 10.649317 6
16.050093 2.090529 3.316990 6
15.613131 2.005139 10.595923 6
7.760110 3.678859 2.509071 1
7.106255 0.330443 9.841812 1
16.161903 1.743336 2.479717 1
15.610811 2.344908 9.781428 1
6.589239 0.249151 3.996461 6
5.941488 3.780456 11.372676 6
14.967027 2.350354 4.089562 6
14.482023 1.741951 11.420651 6
6.501224 1.045407 5.191364 6
5.962761 3.017627 12.536817 6
15.057532 3.066189 5.193797 6
14.395798 1.122015 12.693509 6
7.732383 1.330909 5.654411 6
7.259588 2.714828 13.194663 6
16.194355 3.383864 5.688733 6
15.646999 0.570076 13.163474 6
10.838399 0.808313 6.353118 6
10.428391 3.084577 13.741978 6
2.560043 2.905298 6.383153 6
1.963251 1.083169 13.740858 6
11.680211 1.250977 6.517790 1
11.184836 2.690928 14.037410 1
3.310502 3.371558 6.642775 1
2.707816 0.774133 13.896883 1
10.328078 0.821233 7.138827 1
9.772646 3.219963 14.523846 1
1.926088 2.831711 7.201711 1
1.316405 1.356089 14.531711 1
11.118256 0.028285 5.870761 1
10.465442 3.971819 13.318679 1
2.708584 2.014314 5.960384 1
2.101180 1.940035 13.313817 1
5.178588 3.808235 3.456621 6
4.558842 0.153178 11.004744 6
13.693606 1.914115 3.556687 6
13.113435 2.209043 11.014994 6
4.513591 0.623855 3.591519 1
4.032438 3.460164 10.895051 1
13.056744 2.498152 3.547595 1
12.507853 1.535594 10.828199 1
4.780664 3.201227 4.214424 1
4.351811 0.862024 11.581512 1
13.202712 1.184373 4.137875 1
12.735921 2.853414 11.579854 1
5.267191 3.139721 2.269269 6
4.651850 0.913080 9.619073 6
13.575316 1.175831 2.344769 6
13.173952 2.873473 9.646878 6
