6.107449 2.771954 9.077749 16
5.793591 6.992862 28.291570 16
1.747783 7.854482 9.959533 16
2.152552 2.209177 29.144505 16
6.733442 0.937014 6.153583 8
5.188377 9.032264 25.158750 8
1.219799 5.977506 13.166476 8
2.738846 3.889017 32.274644 8
2.773393 3.210037 7.446068 8
1.078799 6.818184 26.638194 8
5.171703 8.079017 11.750149 8
6.789674 1.805588 30.947425 8
6.910601 1.652262 9.305138 8
5.034613 8.279183 28.454566 8
1.041388 6.623494 9.751055 8
2.974894 3.222563 28.941582 8
4.955151 2.154840 7.154295 7
7.004322 7.845522 26.296009 7
3.088368 7.218613 12.177500 7
1.053753 2.778235 31.253055 7
5.704386 3.264489 7.577103 7
6.292226 6.838647 26.782321 7
2.187267 8.182254 11.588608 7
1.706383 1.667116 30.582178 7
5.490886 1.258444 6.323671 6
6.436540 8.691981 25.323759 6
2.365812 6.110671 13.004052 6
1.609889 3.795618 32.021090 6
4.421942 0.488367 5.696177 6
7.571310 9.508312 24.793323 6
3.642174 5.342285 13.395742 6
0.353881 4.598214 32.660950 6
4.339880 9.339222 4.888219 6
7.616463 0.653144 24.075399 6
3.638645 4.296647 14.363677 6
0.241050 5.611999 33.410243 6
5.048895 8.863727 4.464549 1
6.841678 1.059466 23.758470 1
2.860026 3.941843 14.579344 1
1.225366 5.979550 33.837235 1
3.019369 8.801231 4.446131 6
0.927604 1.195679 23.692639 6
4.891513 3.744045 14.579061 6
7.059501 6.232833 33.739169 6
3.040106 8.058884 4.042229 1
1.013582 1.941693 23.109920 1
5.010692 3.079611 15.230080 1
6.982613 6.835236 34.396757 1
1.950293 9.433118 4.924068 6
2.086376 0.547475 24.195881 6
6.027513 4.462745 14.109649 6
5.971574 5.513014 33.339256 6
1.145342 9.008887 4.725755 1
2.957954 1.006217 23.995361 1
6.805894 3.962519 14.361438 1
5.122358 5.940973 33.486255 1
1.885801 0.654478 5.724411 6
1.956178 9.469817 24.977162 6
6.094056 5.634784 13.447163 6
6.011164 4.377957 32.430916 6
1.044542 1.064972 6.108137 1
2.877430 8.912020 25.257416 1
6.894422 5.925367 13.079565 1
5.125323 3.969406 32.218062 1
3.144548 1.043657 6.073074 6
0.853147 8.865635 25.328923 6
4.734509 6.065835 13.022420 6
7.236926 3.997785 32.250741 6
3.555792 2.165298 6.941366 6
0.417683 7.687310 26.032360 6
4.479710 7.282046 12.123574 6
7.534620 2.789452 31.403094 6
7.059424 4.378053 9.466202 6
4.883229 5.618847 28.801884 6
0.870218 9.442130 9.538942 6
2.977368 0.619319 28.819904 6
7.735734 4.462733 8.948887 1
4.144697 5.572350 28.212828 1
0.171504 9.403712 10.204955 1
3.876562 0.417833 29.386814 1
7.205771 4.393749 10.398668 1
4.726762 5.719229 29.548655 1
0.778703 9.388229 8.753821 1
3.376245 0.604258 27.913634 1
6.386050 5.057081 9.422413 1
5.617026 4.862741 28.611290 1
1.552735 0.171374 9.688647 1
2.485095 9.775274 28.867176 1
4.707172 2.753893 10.150079 6
7.156469 7.167364 29.410022 6
3.099079 7.799583 9.041803 6
0.688186 2.129974 28.162044 6
3.830443 3.679053 10.019801 6
0.252349 6.168358 29.185800 6
4.176274 8.790298 9.156257 6
7.755562 1.220963 28.296653 6
3.879144 4.513334 9.593642 1
0.027747 5.427368 28.673394 1
3.985181 9.462356 9.656963 1
7.896515 0.441055 28.727952 1
2.699139 3.562498 10.783800 6
1.319634 6.396450 30.013124 6
5.341970 8.483298 8.308068 6
6.668553 1.487805 27.439956 6
1.884380 4.178440 10.769928 1
2.089915 5.660189 29.990135 1
6.006487 9.254997 8.425534 1
5.898066 0.637173 27.610869 1
2.468405 2.459515 11.650141 6
1.500479 7.488758 30.814874 6
5.548533 7.456213 7.400172 6
6.411702 2.484465 26.696070 6
3.364764 1.455933 11.830613 6
0.598968 8.492602 30.898176 6
4.438960 6.482219 7.467871 6
7.368014 3.411469 26.474159 6
3.387688 0.806790 12.424312 1
0.646598 9.135190 31.582453 1
4.695854 5.759014 6.781419 1
7.284702 4.259259 26.029665 1
4.618407 1.702005 10.969312 6
7.263325 8.328379 30.277621 6
3.235287 6.654174 8.033930 6
0.626677 3.254243 27.364662 6
5.345406 0.954102 11.185863 1
6.552532 8.993506 30.320859 1
2.644710 6.057126 8.069265 1
1.305577 4.048667 27.164185 1
1.196318 2.382891 12.407482 6
2.888135 7.621028 31.527257 6
6.710506 7.216622 6.784707 6
5.176312 2.631121 25.847109 6
1.351174 1.777448 13.185953 1
2.595404 8.185985 32.329219 1
6.703413 6.843904 5.989274 1
5.341395 3.105454 25.024413 1
0.583704 1.832421 11.813591 1
3.467983 7.988598 31.130534 1
7.471618 6.803958 7.251031 1
4.495465 3.072352 26.451469 1
0.734406 3.142823 12.774637 1
3.246426 6.666568 31.915687 1
7.118574 8.156159 6.381254 1
4.857786 1.695193 25.613591 1
0.963239 4.900624 4.364406 16
3.014074 5.084695 23.485074 16
6.989880 9.826468 14.767947 16
4.941768 0.148270 34.008476 16
7.431589 7.890861 3.368205 8
4.493408 2.076914 22.606003 8
0.676111 2.831031 15.852691 8
3.302884 7.050747 34.912179 8
0.344867 4.303304 0.702566 8
3.481877 5.626820 19.832091 8
7.487984 9.385467 18.540354 8
4.375771 0.588363 37.704218 8
1.542355 6.088358 4.960032 8
2.597845 3.965105 24.239964 8
6.498807 1.101021 14.031937 8
5.359722 8.877048 33.218474 8
0.097685 5.996722 2.238305 7
3.856233 4.006650 21.573039 7
7.916118 0.938566 16.902694 7
4.043222 9.060019 36.029371 7
7.799095 5.003414 3.392358 7
4.132690 4.895090 22.437451 7
0.321844 0.068016 15.790314 7
3.645198 9.836604 34.896208 7
7.740118 7.221434 2.449749 6
4.084058 2.565606 21.513826 6
0.126679 2.329769 16.770095 6
3.790538 7.567735 35.887619 6
0.179197 7.900703 1.131936 6
3.778215 2.108370 20.233082 6
7.816393 2.905036 18.090425 6
3.997642 7.095977 37.370716 6
0.174742 9.085516 0.686027 6
3.902209 0.760272 19.844549 6
7.787970 4.234512 18.658822 6
4.103160 5.867820 37.740640 6
7.915651 9.887513 1.205494 1
3.966938 0.003634 20.432378 1
7.951062 4.985174 17.986553 1
3.841456 5.083183 37.077145 1
0.433202 9.369891 37.568366 6
3.543243 0.690912 18.336425 6
7.664770 4.341212 19.827411 6
4.308867 5.669698 0.689738 6
0.434328 0.262232 37.316591 1
3.624084 9.696075 18.048436 1
7.578693 5.272974 20.270592 1
4.381749 4.772582 1.183626 1
0.555327 8.233745 36.798879 6
3.246254 1.631840 17.504957 6
7.254478 3.325616 20.737283 6
4.648448 6.592192 1.617040 6
0.896893 8.437455 35.756341 1
3.162332 1.451767 16.681353 1
7.162626 3.458825 21.599921 1
4.732287 6.509317 2.508634 1
0.624292 7.041139 37.246095 6
3.299618 2.882146 18.066042 6
7.324191 1.925857 20.271764 6
4.552442 8.055776 1.078195 6
0.818941 6.208951 36.650646 1
3.156870 3.753922 17.446067 1
7.047500 1.296070 20.792070 1
4.836720 8.639562 1.746664 1
0.425508 6.730654 0.229424 6
3.602238 3.226138 19.293109 6
7.578741 1.696053 18.965365 6
4.349468 8.195892 38.155296 6
0.220377 5.512012 0.986570 6
3.717188 4.507434 20.202721 6
7.642699 0.456808 18.180311 6
4.229551 9.316982 37.353434 6
0.173938 3.795471 5.494767 6
3.825002 6.268939 24.689470 6
7.751829 8.778517 13.613944 6
4.246928 1.165919 32.835668 6
7.357061 4.209349 5.875503 1
4.545576 5.800877 25.049289 1
0.551383 9.149904 13.293389 1
3.403991 0.829402 32.506257 1
0.833041 3.555181 6.266744 1
3.135475 6.502480 25.467523 1
7.128768 8.567612 12.961483 1
4.763004 1.361492 32.016197 1
7.846365 2.866547 5.000589 1
4.145069 6.986075 24.230137 1
0.158924 7.924999 14.091535 1
3.890165 2.089660 33.200918 1
2.234219 4.016762 3.798667 6
1.743535 5.890318 23.009077 6
5.639246 8.959959 15.502081 6
6.312952 0.971825 34.602688 6
2.079579 2.855092 2.835649 6
1.799513 6.934260 22.065254 6
5.733875 7.896542 16.286887 6
6.178241 2.052766 35.549067 6
1.393095 2.722020 2.480731 1
2.616443 7.204799 21.797897 1
6.617062 7.578512 16.654941 1
5.369483 2.378112 35.862133 1
3.364608 2.150410 2.337800 6
0.663994 7.704010 21.538967 6
4.667812 7.124929 16.792717 6
7.350500 2.786006 35.862907 6
3.106337 1.414834 1.764550 1
0.772574 8.538725 21.069231 1
4.789309 6.406032 17.296394 1
7.225188 3.551835 36.459834 1
4.475941 2.556016 2.946663 6
7.374105 7.414419 22.028257 6
3.331444 7.521224 16.252512 6
0.598674 2.408878 35.568012 6
4.707933 3.560771 3.780539 6
7.278299 6.365900 22.838279 6
3.372039 8.563554 15.488601 6
0.641116 1.444956 34.548482 6
5.508454 3.903198 4.015482 1
6.430837 6.177311 23.160340 1
2.503984 8.857182 15.152298 1
1.548631 1.216200 34.301885 1
3.637993 4.254191 4.094759 6
0.304110 5.612305 23.457325 6
4.457979 9.368305 14.993594 6
7.640638 0.654267 34.216651 6
3.617599 4.979928 4.718560 1
0.365348 4.846206 23.923591 1
4.346957 9.916334 14.298597 1
7.676020 9.809976 33.536206 1
5.827620 1.824145 2.274210 6
6.236296 8.192060 21.429283 6
2.226504 6.897765 16.794222 6
1.798421 3.170799 36.031631 6
6.451678 2.546632 2.183469 1
5.526461 7.536715 21.398221 1
1.517790 7.377387 16.981174 1
2.530135 2.582226 36.114388 1
5.559927 1.361518 1.613819 1
6.317713 8.574426 20.648286 1
2.355096 6.374447 17.585032 1
1.599686 3.710721 36.860340 1
6.089990 1.152296 3.123964 1
5.941563 8.860537 22.114961 1
2.007208 6.200847 16.088387 1
2.095044 3.716920 35.349108 1
