-0.700172 2.611299 4.838023 7
14.951904 2.730443 1.998399 7
8.706510 7.863807 4.973540 7
5.613661 7.906326 1.921801 7
10.307844 7.717426 8.910188 7
-5.386963 7.794339 11.987985 7
0.946462 2.569583 9.054952 7
4.025526 2.633579 11.819368 7
-1.478084 6.965880 4.344982 6
15.626267 6.863297 2.664091 6
7.956752 1.739128 4.321109 6
6.282793 1.747688 2.468130 6
10.981742 3.497159 9.600308 6
-6.103980 3.531329 11.267254 6
1.553036 8.766115 9.530314 6
3.383674 8.633473 11.266796 6
-0.612242 7.686454 5.206900 6
14.919357 7.681607 1.794516 6
8.727255 2.428848 5.284539 6
5.513912 2.478786 1.691445 6
10.261797 2.749085 8.661937 6
-5.297984 2.818118 12.172109 6
0.759453 7.881578 8.665443 6
4.109890 7.848447 12.222721 6
-0.124603 7.102497 5.742265 1
14.230715 7.121684 1.039706 1
9.336303 1.972993 5.787982 1
4.837719 2.072523 1.033106 1
9.645104 3.183509 8.084312 1
-4.680867 3.097928 12.835628 1
0.182357 8.405456 8.162879 1
4.724430 8.282929 12.725462 1
-0.725564 8.967200 5.196342 6
14.988318 9.052405 1.720425 6
8.792155 3.766642 5.254820 6
5.378770 3.854890 1.709374 6
10.232706 1.348815 8.595452 6
-5.371332 1.307973 12.218376 6
0.724424 6.459917 8.653678 6
4.128805 6.513317 12.243289 6
-0.056009 9.570871 5.779646 1
14.405911 9.588151 1.081138 1
9.406126 4.355287 5.821483 1
4.874748 4.428172 1.219205 1
9.609423 0.923657 8.065520 1
-4.691893 0.886006 12.698911 1
0.331357 6.101010 8.012532 1
4.716310 5.934329 12.859843 1
-1.544042 9.667174 4.384870 6
15.725761 9.610832 2.653078 6
7.927902 4.422534 4.448155 6
6.202173 4.478745 2.606841 6
11.002712 0.656102 9.564312 6
-6.196993 0.735972 11.378319 6
1.721082 5.806702 9.499507 6
3.260125 5.805235 11.316979 6
-1.596751 0.288088 4.321289 1
15.748080 0.172398 2.617257 1
7.891616 5.459106 4.327532 1
6.271743 5.476257 2.543285 1
11.162734 10.052811 9.614549 1
-6.099906 10.130204 11.219577 1
1.644586 4.820057 9.574032 1
3.243305 4.972371 11.218688 1
-2.289432 8.979654 3.554871 6
7.072986 3.882476 3.570297 6
11.925337 1.447960 10.335883 6
2.410741 6.504867 10.416666 6
-2.267560 7.472037 3.538626 6
7.033836 2.312656 3.521580 6
11.935058 2.771506 10.334239 6
2.537983 7.945258 10.410058 6
-1.701002 3.203650 5.576173 6
16.055830 3.356674 1.337322 6
7.725433 8.499411 5.531582 6
6.601027 8.439018 1.449415 6
11.380928 7.112479 8.242153 6
-6.398524 7.113464 12.503936 6
1.867272 1.835521 8.383418 6
3.121505 1.911302 12.605004 6
-2.098110 4.723676 5.462386 6
16.222496 4.750861 1.593085 6
7.416186 9.826532 5.297425 6
6.722349 9.947706 1.665070 6
11.631428 5.659734 8.605847 6
-6.751402 5.740957 12.260035 6
2.245411 0.583544 8.574322 6
2.692963 0.516209 12.354076 6
-2.761670 5.041207 5.846303 1
16.934976 5.141810 1.095444 1
6.742796 10.233520 5.827065 1
7.422613 10.368564 1.165216 1
12.369173 5.226392 7.991266 1
-7.410549 5.338987 12.740083 1
2.905023 0.133495 8.040056 1
2.078682 0.064521 12.740427 1
-1.254156 5.468998 4.422052 6
15.401931 5.319267 2.478701 6
8.107878 0.256916 4.540857 6
6.004052 0.255217 2.417401 6
10.817433 4.994520 9.411319 6
-5.936512 4.923220 11.500804 6
1.377951 10.243172 9.486167 6
3.579768 10.076941 11.528583 6
-0.263555 4.719616 3.709772 6
14.476321 4.834600 3.116204 6
9.214368 10.026222 3.708622 6
5.084904 9.896117 3.187528 6
9.742720 5.707627 10.197757 6
-4.946610 5.614941 10.745369 6
0.429843 0.436196 10.082349 6
4.530767 0.363560 10.746110 6
0.639204 5.341302 2.890777 6
13.570883 5.382876 4.098212 6
10.180120 0.218676 2.902607 6
4.194824 0.159834 4.118065 6
8.948382 4.975103 10.907208 6
-4.067418 4.953159 9.809157 6
-0.485772 10.065953 10.978518 6
5.463300 10.252402 9.957439 6
0.543972 6.311660 2.649798 1
13.661447 6.385940 4.255336 1
10.088620 1.047799 2.788671 1
4.201346 1.079835 4.146342 1
8.999229 4.005647 11.287443 1
-4.171599 3.986899 9.671353 1
-0.333047 9.259131 11.148456 1
5.323790 9.307873 9.750186 1
1.732945 4.675561 2.382016 6
12.516903 4.626569 4.727756 6
11.142906 9.906215 2.299344 6
3.009097 9.828151 4.621783 6
7.860940 5.577127 11.613577 6
-2.922405 5.579639 9.324201 6
-1.535312 0.460440 11.682716 6
6.426314 0.418475 9.275402 6
2.220486 5.160049 1.755637 1
12.005283 5.222253 5.269411 1
11.627693 10.331552 1.723049 1
2.583459 0.075057 5.262145 1
7.294855 5.301868 12.135908 1
-2.466608 5.235977 8.660446 1
-2.203255 0.007384 12.279632 1
6.968879 0.068822 8.719633 1
1.948666 3.426714 2.586440 6
12.355678 3.378623 4.400147 6
11.299165 8.591507 2.579612 6
2.934595 8.584887 4.404079 6
7.790687 6.944767 11.437662 6
-2.832523 6.983804 9.552057 6
-1.766363 1.847882 11.275557 6
6.627476 1.937087 9.427539 6
2.520892 2.855966 2.021669 1
11.604332 2.880487 4.924025 1
11.985267 8.065726 2.132430 1
2.166553 8.155852 4.802158 1
6.927065 7.521947 11.730418 1
-2.035823 7.501000 9.143389 1
-2.499111 2.272781 11.722074 1
7.281451 2.390960 9.026160 1
0.954703 2.603680 3.356978 6
13.219453 2.642055 3.540827 6
10.572690 7.866638 3.320766 6
3.654689 7.955919 3.601603 6
8.583169 7.746213 10.606545 6
-3.649657 7.696319 10.444367 6
-0.983906 2.571919 10.591091 6
5.759696 2.598527 10.313109 6
1.076930 1.823609 3.540767 1
13.010938 1.678091 3.325442 1
10.618481 7.022116 3.515631 1
3.706236 6.953502 3.314763 1
8.386071 8.622506 10.335346 1
-3.533639 8.639396 10.425265 1
-1.000907 3.541489 10.319074 1
5.978601 3.394364 10.473540 1
-0.067375 3.358016 4.019945 6
14.161660 3.454349 2.823740 6
9.448240 8.509331 4.002613 6
4.771742 8.587701 2.857781 6
9.518997 6.952183 9.826443 6
-4.702577 7.008766 11.021545 6
0.221450 1.767686 9.825546 6
4.771433 1.820237 11.072949 6
-2.608110 2.519260 6.459924 6
16.737987 2.462527 0.350552 6
6.786023 7.662524 6.577737 6
7.261464 7.668928 0.340442 6
12.185566 7.854323 7.460924 6
-7.121037 7.917104 13.575386 6
2.730098 2.764686 7.323983 6
2.286376 2.733651 13.444138 6
-3.926991 2.789872 6.689770 6
18.129661 2.703406 0.141369 6
5.500636 7.918796 6.721360 6
8.761998 7.948922 0.218913 6
13.457018 7.675583 7.209300 6
-8.464057 7.531867 13.668773 6
3.986522 2.375137 7.222503 6
0.942582 2.470023 13.728119 6
14.500810 3.515482 6.319838 1
-0.297081 3.552777 0.549784 1
5.121262 8.623460 6.262088 1
9.038789 8.752830 0.705057 1
13.790117 6.922120 7.463807 1
9.912175 6.815371 13.341510 1
4.410370 1.615240 7.652083 1
0.478888 1.663091 13.333932 1
-4.562486 2.000455 7.606711 6
9.647995 2.097632 13.277644 6
4.701603 7.191123 7.650803 6
0.070098 7.152737 13.186151 6
14.165647 8.299096 6.194835 6
-0.096354 8.315511 0.684807 6
4.874331 3.124743 6.305425 6
9.508802 3.276631 0.665338 6
13.283219 2.296180 7.803454 1
-8.436124 2.158286 12.982077 1
3.804200 7.440803 7.726631 1
1.075706 7.482990 13.003823 1
-3.834433 8.222034 6.020390 1
18.003696 8.249368 0.883289 1
5.787126 2.966613 6.091920 1
8.524213 2.930178 0.741901 1
-4.131197 0.894035 8.188664 6
8.995940 0.923445 12.650509 6
5.330135 6.189259 8.331004 6
-0.380362 6.042945 12.636777 6
13.703363 9.491999 5.678638 6
0.672521 9.397508 1.309648 6
4.147686 4.362141 5.693305 6
9.988273 4.284092 1.297019 6
-4.665152 0.313898 8.826940 1
9.483339 0.294504 11.993781 1
4.888112 5.650894 8.924579 1
0.062232 5.653845 11.969635 1
14.226858 9.996409 5.016427 1
0.158217 9.989298 1.938178 1
4.688163 4.823119 5.010501 1
9.419682 4.783276 1.993972 1
-2.757842 0.565000 8.075060 6
7.614243 0.688580 12.762953 6
6.594896 5.731501 8.120016 6
-1.857861 5.792632 12.754185 6
12.382066 9.761964 5.947508 6
1.952260 9.757362 1.035054 6
2.957391 4.594890 5.884399 6
11.432388 4.643089 1.115063 6
-2.410802 10.181365 8.595472 1
7.235195 10.270541 12.366882 1
7.054686 5.123611 8.534745 1
-2.098272 5.011535 12.320212 1
11.866421 0.177619 5.395681 1
2.347024 0.093534 1.535081 1
2.544523 5.279627 5.309744 1
11.730081 5.212519 1.561275 1
-1.971660 1.434825 7.197773 6
6.958105 1.305421 13.722709 6
7.396433 6.591787 7.191714 6
-2.462657 6.590425 13.649963 6
11.480716 8.884121 6.785870 6
2.655451 9.001209 0.176012 6
2.072581 3.854340 6.674397 6
12.131327 3.790888 0.201074 6
-1.083006 1.097133 6.967481 1
5.988235 1.276708 13.892251 1
8.285337 6.321710 6.975264 1
-3.391417 6.347021 13.755305 1
10.711775 9.094877 6.858005 1
3.565387 9.217805 0.139246 1
1.147789 3.950124 6.910751 1
13.059298 3.969175 0.049232 1
