3.085842 1.538244 6.439995 16
10.462598 6.831790 10.682798 16
6.231734 8.448269 2.541056 8
7.396397 -0.061988 14.474473 8
2.517458 6.908519 0.344829 8
11.057528 1.366014 16.717255 8
3.623499 6.095413 3.759548 8
9.920770 2.226445 13.449370 8
3.542931 7.089666 5.680097 8
9.908661 1.248076 11.436980 8
4.217329 2.461875 6.101353 8
9.419987 5.997413 10.898483 8
2.153507 1.911173 7.308994 8
11.432721 6.421643 9.715205 8
1.045769 0.315580 2.572719 7
12.557643 7.968479 14.651656 7
4.153736 7.952365 1.798372 7
9.409230 0.409675 15.399237 7
2.440960 1.241900 4.938854 7
11.143786 7.183969 11.991059 7
2.934057 1.170283 4.291030 1
10.604105 7.334222 12.765456 1
8.897960 1.061890 4.931103 6
4.641002 7.147458 12.299003 6
8.619633 0.992760 5.770568 1
5.063564 7.437219 11.428129 1
3.227908 8.437856 3.951812 6
2.436004 -0.121331 13.227940 6
7.560157 0.109308 2.844877 6
3.392940 -0.115903 14.328380 6
9.767623 7.730224 2.502241 1
3.815849 0.731308 14.616212 1
6.879131 0.666837 2.906613 1
6.637650 7.604020 14.144265 1
5.637306 7.929009 1.800822 6
7.993427 0.524093 15.321000 6
6.019174 7.051087 0.734661 6
7.531513 1.371977 16.412060 6
7.202879 6.611005 0.316776 6
6.320266 1.680712 16.659677 6
8.075485 6.845229 0.743596 1
5.551091 1.359591 16.260579 1
10.563835 5.603623 16.340024 6
3.062042 2.832376 0.713340 6
11.438141 5.204918 16.050352 1
2.195167 3.113618 1.027826 1
9.442653 5.120574 15.712984 6
4.208438 3.282444 1.470316 6
9.442758 4.569808 14.932931 1
4.013113 3.923882 2.156537 1
8.085409 5.416557 16.137505 6
5.384399 2.827608 1.048403 6
7.313938 5.160336 15.730151 1
6.279660 3.110073 1.475557 1
4.920849 6.545261 0.043278 6
5.512379 2.066140 0.003677 6
3.642806 7.135543 0.621562 6
9.895171 1.225698 16.441296 6
3.516862 7.007520 4.356121 6
10.071535 1.186998 12.717602 6
3.860487 5.744752 6.315000 6
9.713333 2.541976 10.686357 6
3.730358 5.755920 7.273684 1
9.843056 2.531002 9.738927 1
4.894580 5.663649 6.207674 1
8.647191 2.765974 10.940596 1
3.296220 5.184952 5.971767 1
10.192804 3.195154 11.041095 1
8.234893 2.468804 4.458581 6
5.243346 5.900352 12.754437 6
9.128262 3.421710 3.833114 6
4.517914 4.906507 13.382287 6
2.115827 3.269967 3.614583 1
11.567619 5.125300 13.501216 1
8.531674 4.515309 3.247004 6
5.062291 3.766080 13.860599 6
8.979821 5.248621 2.797215 1
4.540680 3.137657 14.248687 1
7.074309 4.910781 3.519065 6
6.521057 3.408303 13.500627 6
6.733230 5.548259 3.297176 1
6.869061 2.608550 13.806491 1
6.284227 3.816588 4.261783 6
7.187578 4.394255 12.767579 6
5.453494 3.972999 4.361782 1
8.122543 4.255511 12.603890 1
6.965215 2.785684 4.754898 6
6.625931 5.628190 12.434517 6
6.370023 2.113685 5.080715 1
7.185033 6.285469 11.960436 1
6.410672 8.395076 6.944748 6
9.657256 8.344075 10.285953 6
7.263214 7.975735 6.079365 6
6.113005 0.427297 11.208933 6
7.486809 8.235091 5.106627 1
6.039928 0.098206 11.908305 1
7.998886 6.641348 6.284294 6
5.532813 1.612763 10.646853 6
8.681452 6.285172 5.802849 1
5.027757 1.970135 11.293370 1
7.680501 6.088799 7.511166 6
5.701795 2.128600 9.439696 6
6.822187 6.741187 8.388264 6
6.664309 1.537424 8.588540 6
6.635327 6.368078 9.223125 1
6.806926 1.960362 7.836165 1
6.292467 7.958528 8.187165 6
7.423710 0.435428 9.008395 6
5.553505 8.277994 8.770196 1
8.008621 -0.032071 8.347316 1
8.481806 4.843624 8.008470 6
5.154017 3.445785 9.068183 6
8.429095 4.262243 7.185932 1
5.158362 4.069214 9.801922 1
8.007885 4.362619 8.676139 1
5.585747 3.972756 8.442704 1
9.471530 5.085921 8.176380 1
4.095911 3.299310 8.926479 1
