8.061788 1.495487 7.639578 6
2.469433 5.112609 5.307649 6
8.859507 2.311377 8.014286 8
1.816243 6.092175 4.831012 8
7.369749 0.649965 8.547807 6
3.238571 4.113043 4.426835 6
7.883787 6.976465 8.517432 1
2.810200 3.296354 4.342069 1
6.536170 0.554656 8.150302 1
4.214221 4.146419 4.591987 1
7.403529 1.106106 10.043798 6
3.236379 4.716382 2.916767 6
8.315015 1.218077 10.311399 1
2.278512 4.685651 2.595411 1
6.643203 2.406682 10.203548 6
3.894427 5.916808 2.609269 6
7.225637 2.933222 10.929429 1
3.415226 6.537562 2.066749 1
6.548274 2.813468 9.448241 1
4.069129 6.439914 3.398622 1
5.295386 2.052661 10.834633 6
5.391844 5.486156 2.118705 6
5.123721 2.534321 11.493973 1
5.593543 6.088005 1.277066 1
4.584044 2.115599 10.102734 1
6.006872 5.596449 2.681887 1
5.512036 0.540584 11.313701 6
5.198363 4.175194 1.664977 6
4.787346 7.064621 11.900652 8
6.028289 3.538037 1.070503 8
6.747895 0.175559 10.785137 7
3.872511 3.620153 2.017613 7
7.114685 5.891332 10.914857 6
3.463997 2.385832 1.758866 6
7.020114 5.433777 10.186304 1
3.581675 1.788930 2.766857 1
6.640290 5.500830 11.768723 1
4.146663 1.864254 1.153926 1
8.649784 5.788482 11.415355 6
1.964988 2.153279 1.512567 6
8.851141 6.364710 12.103775 1
1.746853 2.884813 0.874434 1
9.336384 4.987238 10.800443 6
1.200600 1.343430 1.934064 6
8.999198 4.395868 10.187360 1
1.479281 0.704456 2.622820 1
-0.308998 4.815523 11.262413 6
10.914902 1.162918 1.606893 6
0.314454 3.593969 10.762375 6
10.418394 0.116448 2.041664 6
-0.136557 3.004463 10.205471 1
10.838771 6.553489 2.509737 1
1.708914 3.583246 10.893570 6
8.912665 7.111032 1.864949 6
2.196581 2.712431 10.675860 1
8.436556 6.382153 2.121591 1
2.302850 4.468681 11.643866 6
8.311080 0.950273 1.320389 6
3.372505 4.337297 11.847354 1
7.400682 0.722652 1.158244 1
1.715922 5.701177 11.975029 6
8.977606 1.986750 0.714633 6
2.267917 6.396482 12.511654 1
8.417675 2.787139 0.331576 1
0.381259 5.724961 11.844080 6
10.212484 2.119002 1.062274 6
-0.121507 6.588864 12.150787 1
10.810932 2.941032 0.584978 1
6.290887 1.461353 4.113369 16
4.309465 5.011180 8.691409 16
7.004195 0.767294 5.505019 6
3.588250 4.365598 7.310125 6
6.706191 6.259475 5.858015 16
4.021035 2.668213 7.053194 16
7.837561 1.725022 6.161193 7
2.828650 5.147193 6.640653 7
8.262514 2.826161 5.415968 6
2.367698 6.307072 7.331994 6
8.290931 3.624444 6.140582 1
2.232588 7.077945 6.854331 1
7.029409 3.147917 4.526918 6
3.717796 6.614151 8.311685 6
7.366252 3.602037 3.813397 1
3.384555 0.057960 9.166103 1
6.301380 3.621425 4.993666 1
4.380760 0.102633 7.852459 1
9.408940 2.576256 4.587703 6
1.131482 6.125889 8.138057 6
9.250962 1.908799 3.830432 1
1.384703 5.462967 8.959005 1
10.525062 1.900998 5.500888 6
-0.020785 5.387535 7.505057 6
0.159303 1.810549 4.759994 1
10.436464 5.327872 7.951975 1
10.198724 1.090843 5.802463 1
0.438495 4.520160 7.099543 1
10.817381 2.440746 6.192430 1
-0.145269 5.991170 6.755726 1
10.004770 3.915346 4.005393 6
0.637699 0.301561 8.773641 6
10.229793 4.549389 4.783948 1
0.456015 0.916141 7.953748 1
9.275805 4.317197 3.501407 1
1.322114 0.638927 9.357039 1
10.823570 3.676307 3.542742 1
-0.103364 0.075965 9.313053 1
