-1.810028 1.978399 3.881532 6
2.115092 14.612309 3.966148 6
6.153392 23.263694 4.058191 6
2.208369 10.594538 4.033470 6
-0.407930 3.005544 5.446284 6
0.763106 15.641558 2.519313 6
4.714139 22.289442 2.394547 6
3.589169 9.624559 5.538044 6
-0.827919 1.302029 3.454201 6
0.995490 14.095799 4.538438 6
5.055851 23.813566 4.609030 6
3.342323 11.299953 3.435069 6
0.732600 2.486149 4.838805 6
-0.409736 15.015819 3.022433 6
3.755207 22.811819 3.112207 6
4.708976 10.191410 4.923207 6
0.530593 1.669555 3.831753 6
-0.117387 14.138658 4.139839 6
3.888285 23.748912 4.215817 6
4.570587 11.081901 3.860564 6
3.863236 4.085403 7.446918 6
4.557508 16.781756 0.556531 6
0.478342 21.127095 0.574516 6
-0.328126 8.440699 7.589838 6
4.537570 4.275297 4.824577 7
3.962939 16.883311 3.274142 7
-0.207447 21.142600 3.268521 7
0.314587 8.462396 4.778433 7
-3.289420 3.384710 7.031615 6
3.385851 16.032263 0.979451 6
7.450539 21.793825 1.083525 6
0.836057 9.319974 7.043846 6
5.335255 3.508910 5.708537 6
3.094206 16.220043 2.399864 6
-1.024498 21.852763 2.334268 6
1.148941 9.085178 5.685770 6
3.019430 4.792722 6.637345 6
5.323021 17.448072 1.486951 6
1.238612 20.471788 1.331816 6
-1.122859 7.699637 6.506981 6
-2.361741 2.662708 7.869063 6
2.589376 15.262364 0.106116 6
6.717087 22.775623 0.131568 6
1.696167 10.118002 7.863853 6
7.223638 3.982039 0.801363 6
1.123998 16.598866 7.099790 6
-2.862838 21.269612 7.202641 6
3.107419 8.528092 0.752895 6
6.159532 4.690837 1.204427 6
2.362195 17.289075 6.825085 6
-1.836021 20.619026 6.743853 6
2.040290 7.955842 1.282531 6
-1.680755 2.779778 5.001436 6
2.032960 15.506082 3.007974 6
5.990731 22.404671 3.042220 6
2.378241 9.756746 5.019691 6
3.460629 4.853506 5.286995 6
4.927166 17.500002 2.855976 6
0.877426 20.487754 2.734712 6
-0.551819 7.659536 5.255923 6
1.818070 5.618527 7.159377 6
6.473094 18.279165 0.859947 6
2.433389 19.707981 0.918540 6
-2.254278 7.119555 7.164945 6
5.320310 5.570072 0.289140 6
3.058718 18.142735 7.624493 6
-1.104369 19.816034 7.674111 6
1.214928 7.052637 0.363613 6
-2.321641 1.142681 7.771897 6
2.598098 13.816894 0.235124 6
6.639814 24.069851 0.088407 6
1.746082 11.433315 7.828515 6
2.339948 3.211284 0.916072 6
-2.053342 15.761900 7.194097 6
2.037589 22.023444 7.162629 6
6.362082 9.375856 0.882678 6
2.764159 5.743561 4.190771 6
5.673802 18.294976 3.885118 6
1.681065 19.703365 3.822671 6
-1.454552 6.888039 4.214290 6
2.267544 0.500087 0.624864 6
-2.147853 13.012204 7.369465 6
2.080945 24.898293 7.432463 6
6.417721 12.243064 0.567244 6
3.200576 2.500949 1.571182 6
-3.003271 14.982638 6.451402 6
1.088664 22.910686 6.457690 6
7.171669 10.122843 1.614354 6
3.139353 1.075429 1.504397 6
-2.862291 13.757176 6.444166 6
1.202217 24.123222 6.496134 6
7.223948 11.596345 1.530826 6
-0.359207 3.546485 1.577967 1
0.748298 16.071818 6.541803 1
4.711370 21.851437 6.590230 1
3.726639 9.232964 1.486488 1
4.691262 6.009209 0.728740 1
3.676008 18.703485 7.318668 1
-0.386263 19.315856 7.292660 1
0.597037 6.507767 0.736219 1
5.843389 4.712135 2.209644 1
2.728807 17.213873 5.851599 1
-1.468220 20.555654 5.850811 1
1.701026 7.873255 2.133814 1
1.390661 6.211512 6.415436 1
6.903500 18.758973 1.512505 1
2.778268 19.210934 1.474456 1
-2.585755 6.416208 6.453709 1
-2.930807 0.822938 7.265120 1
3.264387 13.341685 0.837048 1
7.185014 24.482395 0.795440 1
1.173042 11.765165 7.133061 1
2.300440 24.824435 0.541278 1
-2.048136 12.224748 7.421871 1
2.152918 0.389525 7.533088 1
6.426592 13.097201 0.618111 1
-0.261854 3.620521 6.327456 1
0.590646 16.252906 1.748278 1
4.662284 21.619118 1.726183 1
3.799873 8.905477 6.261649 1
3.148564 5.537142 3.333015 1
5.214761 18.210252 4.618738 1
1.228597 19.662802 4.697183 1
-0.922178 7.010817 3.192583 1
3.861760 0.526109 2.079085 1
4.579330 13.109144 5.959106 1
0.523210 24.674732 5.885483 1
-0.347742 12.062388 2.099626 1
2.188172 4.255917 1.085451 1
-2.055038 16.876041 6.954670 1
2.106653 21.102551 7.039263 1
6.439240 8.338747 1.003514 1
3.868119 2.839720 2.323601 1
4.526018 15.581809 5.761587 1
0.623859 22.366903 5.785267 1
-0.190405 9.713608 2.344956 1
1.833968 5.300795 4.152789 1
-1.479080 17.908287 3.901749 1
2.447218 19.965177 3.802439 1
5.940832 7.437887 4.115710 1
2.469220 6.658968 4.559824 1
5.972922 19.258691 3.611259 1
1.828527 18.716191 3.533301 1
-1.474320 6.102811 4.392384 1
-0.881368 0.742861 2.797198 1
1.286962 13.463420 5.217292 1
5.359404 24.455950 5.266980 1
3.033458 11.918179 2.706193 1
5.342012 1.659441 3.576290 1
3.083802 14.400226 4.435152 1
-1.071177 23.416808 4.371792 1
1.229512 10.950101 3.707986 1
1.268611 1.135896 3.474705 1
-0.956677 13.824779 4.495090 1
3.052326 24.048016 4.420595 1
5.280365 11.528931 3.548279 1
1.698947 2.585735 5.245981 1
-1.280082 15.237386 2.681926 1
2.656137 22.624961 2.630666 1
-2.377746 9.957653 5.188178 1
