8.272963 4.014534 3.930010 16
12.057766 0.421103 6.986597 16
0.824068 3.231857 17.740703 16
-2.951659 6.739338 14.757700 16
3.525149 3.171092 7.640161 16
1.179425 6.724038 3.088941 16
5.741298 3.890348 13.971440 16
8.020587 0.500999 18.401660 16
7.941218 2.456863 3.441123 8
12.409926 6.196820 7.403630 8
1.109667 4.665854 18.164460 8
-3.299977 0.949373 14.341986 8
10.542807 4.155658 2.170480 8
9.924135 0.585810 8.729190 8
-1.419055 2.994884 19.609233 8
-0.685751 6.579526 12.933767 8
10.080920 6.300214 4.801075 8
10.386069 2.822583 6.090787 8
-0.855097 0.858301 16.969361 8
-1.195538 4.322605 15.538845 8
3.834611 1.824512 7.995360 8
0.721400 5.320969 2.839884 8
5.255869 5.341441 13.660199 8
8.473977 1.726047 18.774503 8
5.659318 3.448985 5.750427 8
-1.011555 7.057017 5.029585 8
3.522855 3.731790 15.905775 8
10.193501 0.136016 16.533440 8
2.918210 5.589638 5.714915 8
1.656573 1.915521 5.142617 8
6.331668 1.602574 15.964027 8
7.422929 5.215228 16.588247 8
10.152267 4.309522 3.420953 6
10.368588 0.753674 7.397921 6
-0.893025 2.928006 18.147328 6
-1.216480 6.526572 14.218876 6
10.650001 5.432605 4.136021 6
9.757835 1.972006 6.739170 6
-1.608792 1.582390 17.613887 6
-0.640964 5.242889 14.896567 6
12.208131 5.467292 3.842912 6
8.291150 1.942024 7.040994 6
-3.013040 1.650885 17.759470 6
0.833271 5.226751 14.561177 6
12.562032 3.939048 3.590060 6
7.885452 0.295019 7.135692 6
-3.242283 3.234502 18.011706 6
1.151413 6.705773 14.521285 6
11.138240 3.318796 3.185897 6
9.320070 6.906823 7.721410 6
-2.022815 3.761039 18.522998 6
-0.097109 0.190897 13.976180 6
11.097919 1.909589 3.184042 6
9.440507 5.436567 7.768291 6
-1.876489 5.322563 18.456781 6
-0.249379 1.777236 13.983064 6
7.626462 5.084405 2.565661 6
12.834363 1.536031 8.061324 6
1.605027 2.061273 18.955935 6
-3.607367 5.785763 13.461859 6
7.486043 6.337649 2.898471 6
12.997604 2.747239 7.938927 6
1.629316 0.824585 18.754470 6
-3.819635 4.308347 13.688885 6
6.849456 0.094270 2.011958 6
-2.341062 3.597914 8.745944 6
2.271546 7.027480 19.623702 6
11.526358 3.592108 12.822743 6
6.470129 6.669336 0.849175 6
-1.813932 3.183693 9.982785 6
2.820411 0.537622 20.828577 6
10.949362 4.118584 11.587717 6
6.555315 5.415603 0.549960 6
-2.035382 1.638972 10.209047 6
2.670659 1.741076 21.007677 6
11.132294 5.388903 11.307922 6
7.173439 4.569550 1.413260 6
-2.555167 0.895533 9.352669 6
1.981710 2.650418 20.113333 6
11.807332 6.312311 12.342101 6
-0.917662 0.522517 21.481854 6
-1.150849 4.097087 11.120587 6
10.123151 6.679406 0.257032 6
10.323114 3.173522 10.555244 6
4.202095 3.518001 5.992579 6
0.394924 7.111286 4.757509 6
4.943846 3.638979 15.701892 6
8.687085 0.112190 16.752021 6
3.649651 4.652462 5.174170 6
1.055904 1.190968 5.560751 6
5.554311 2.452256 16.407070 6
8.119936 5.984622 16.060429 6
4.089296 4.489903 3.860708 6
0.637425 0.926217 7.118811 6
5.179188 2.489153 17.737948 6
8.623985 6.095689 14.653536 6
4.537484 3.105467 3.595449 6
0.104822 6.716977 7.252653 6
4.797759 4.055189 17.959329 6
8.965093 0.374664 14.387682 6
4.816775 2.529418 5.017783 6
-0.150945 6.121568 5.757029 6
4.426151 4.490841 16.688134 6
9.390818 0.934438 15.824683 6
4.902541 1.112997 5.294091 6
-0.255419 4.792035 5.575022 6
4.332279 6.051222 16.486922 6
9.482671 2.543661 16.105178 6
4.645360 4.289290 8.530449 6
0.016996 0.722094 2.127771 6
4.559832 2.943160 12.956075 6
9.230479 6.618620 19.464760 6
4.553204 5.605219 8.541229 6
0.124883 1.959516 2.239140 6
4.640960 1.478183 13.027791 6
9.040326 5.121201 19.471731 6
5.255945 6.276222 9.463137 6
15.059807 2.744277 1.354041 6
3.782705 0.704650 12.227123 6
-6.008051 4.422484 20.309060 6
6.269874 5.852939 10.098730 6
14.109631 2.158170 0.663808 6
2.887007 1.487122 11.440710 6
-4.940472 4.917322 21.041085 6
6.428758 4.292420 10.199648 6
14.026282 0.797675 0.750105 6
2.806507 2.787285 11.419864 6
-4.915629 6.415542 20.872374 6
5.576522 3.657712 9.397033 6
14.840803 0.084672 1.376559 6
3.586939 3.598831 12.288731 6
-5.697252 7.113450 20.133388 6
7.215947 6.704853 11.089479 6
6.494371 3.089811 21.430586 6
1.986226 0.637758 10.668195 6
2.718880 4.175267 0.167360 6
12.499574 5.891139 3.044490 1
8.019521 2.348533 7.854492 1
-3.166514 1.161155 18.620021 1
1.095039 4.766993 13.876893 1
12.651536 5.799538 4.600505 1
7.837587 2.342131 6.277769 1
-3.518963 1.264890 17.088064 1
1.402082 4.903295 15.321869 1
13.066736 3.765966 3.038691 1
7.275421 0.214374 7.808504 1
-4.005743 3.357851 18.680015 1
1.809180 6.980286 13.729970 1
12.773186 3.579523 4.385619 1
7.689192 7.036947 6.323096 1
-3.590756 3.669409 17.293180 1
1.518412 7.134413 15.310573 1
11.608777 1.520674 2.439899 1
8.695169 5.074418 8.385820 1
-2.414554 5.557282 19.078122 1
0.455487 2.021980 13.220393 1
10.076905 1.538308 2.912952 1
10.198746 5.081938 7.976089 1
-0.984720 5.538648 18.651611 1
-1.025881 2.010547 13.753164 1
11.233335 1.493631 4.034818 1
9.107198 5.136018 6.903280 1
-2.156562 5.724879 17.741300 1
-0.024737 2.149390 14.807161 1
7.751224 6.807459 3.702563 1
12.761228 3.203218 7.089195 1
1.479772 0.383637 17.893233 1
-3.493189 3.967722 14.593207 1
6.700417 1.003071 2.122561 1
-2.068423 4.641863 8.690941 1
2.504113 6.207748 19.467261 1
11.257877 2.529647 13.097399 1
-0.465269 4.896230 21.357982 1
-1.690278 1.306893 11.063642 1
9.528721 2.294082 0.229649 1
10.934438 5.863158 10.599927 1
7.225924 3.483053 1.229927 1
-2.762961 7.106055 9.539358 1
1.853557 3.674377 20.407030 1
11.926590 0.102086 12.047331 1
-1.581761 0.037553 20.992612 1
-0.537928 3.664854 11.437458 1
10.817880 7.128767 0.704698 1
9.627139 3.509801 10.023268 1
-0.339982 0.675327 20.844106 1
-1.781062 4.286059 11.613323 1
9.526774 6.515646 0.762866 1
10.953794 2.859780 10.074438 1
5.224159 1.146288 0.133495 1
-0.660266 4.674586 10.692429 1
3.844789 5.960942 21.363528 1
9.893579 2.391293 10.979552 1
3.189801 4.881845 3.176810 1
1.287561 1.285262 7.501146 1
5.845484 2.245604 18.466873 1
7.932352 5.964436 14.124413 1
4.740582 5.181363 3.643306 1
-0.105443 1.692778 7.236508 1
4.416441 2.025603 18.068524 1
9.424679 5.540322 14.510413 1
3.679661 2.638669 3.289952 1
0.775687 6.097793 7.699527 1
5.446607 4.624708 18.467165 1
8.375295 0.954923 13.947384 1
5.325882 3.096718 3.055806 1
-0.721792 6.640953 7.656475 1
3.949619 4.045217 18.529493 1
9.807988 0.532618 13.975431 1
5.716957 0.843832 4.790644 1
-1.173310 4.358831 6.184390 1
3.494980 6.303031 16.963131 1
10.374995 2.763340 15.429982 1
4.220665 0.665351 4.951482 1
0.400913 4.265335 5.928168 1
5.090254 6.515332 16.689011 1
8.819569 2.954362 15.855913 1
5.047583 0.907430 6.259326 1
-0.453351 4.572750 4.589264 1
4.119599 6.209045 15.491767 1
9.701869 2.672268 17.084617 1
3.750538 6.078124 8.173508 1
0.697565 2.412317 2.758174 1
5.383258 1.114116 13.559950 1
8.284659 4.804443 18.909175 1
5.175677 0.089618 9.471586 1
15.285553 3.772980 1.426544 1
4.028939 7.093388 12.138623 1
-6.186337 3.453890 20.249378 1
7.147521 4.021715 10.551061 1
13.406340 0.480865 0.124121 1
2.165691 3.139638 10.933570 1
-4.246915 6.710022 21.434427 1
5.767303 2.773633 9.295206 1
14.664833 6.315826 1.535464 1
3.458511 4.441855 12.261574 1
-5.581158 0.829250 20.193168 1
7.787029 7.137867 10.618057 1
12.722519 3.574010 0.356714 1
1.457864 0.053267 11.097725 1
-3.584279 3.501975 21.297790 1
8.039056 6.212757 11.226582 1
5.810500 2.446719 21.084790 1
1.252141 0.949609 10.294671 1
3.444196 4.520181 0.437949 1
6.946450 6.708772 11.829135 1
6.855320 3.234955 20.521302 1
2.339215 0.434731 9.722223 1
2.285240 3.965704 1.053217 1
