1.774609 10.502932 5.477836 6
5.257929 3.540019 7.356288 6
4.011225 3.224315 20.112636 6
0.452351 10.201177 18.156716 6
2.623338 11.111288 5.242150 1
4.408148 4.197729 7.497944 1
3.216144 2.758114 20.329236 1
1.306551 9.544919 18.096351 1
2.187776 9.190705 5.964776 6
4.822547 2.312864 6.839783 6
3.580729 4.643357 19.575168 6
1.029253 11.565849 18.861677 6
2.782724 9.002922 7.102999 6
4.101777 1.989906 5.587372 6
2.929026 4.818903 18.384757 6
1.656835 11.804557 19.840439 6
3.189746 9.629562 7.776519 1
3.629530 2.618205 5.172651 1
2.445787 4.283813 17.841120 1
1.993683 11.041635 20.464987 1
3.046578 7.659320 7.520658 6
3.841429 0.756096 5.333827 6
2.605008 6.171459 18.161387 6
1.819466 13.056752 20.382498 6
3.572184 7.348704 8.287086 1
3.320222 0.500892 4.463457 1
2.225069 6.453964 17.242472 1
2.252229 13.294552 21.070806 1
2.548434 6.479922 6.719299 6
4.345615 13.344847 5.951328 6
3.010841 7.294942 18.814991 6
1.395178 0.361925 19.453851 6
2.697026 5.736812 7.115178 1
4.246367 12.554560 5.667320 1
2.891094 8.176194 18.540093 1
1.544907 1.289749 19.720065 1
1.931916 6.828129 5.564276 6
4.834042 13.631059 7.281640 6
3.695376 6.958487 20.083353 6
0.842491 0.052469 18.193836 6
1.610263 5.884749 4.597941 6
5.342426 12.776385 8.278407 6
4.227554 7.853137 21.015776 6
0.300925 0.927327 17.340886 6
1.523782 4.913227 4.607457 1
5.249944 11.860428 8.076022 1
4.144305 8.779546 20.887009 1
0.358691 1.942632 17.404206 1
1.056370 6.219582 3.409595 6
5.799136 13.173215 9.391434 6
4.645884 7.532175 22.223234 6
-0.281506 0.558810 16.133481 6
0.700608 5.634500 2.646075 1
6.193199 12.627540 9.994788 1
4.930242 8.223122 22.948660 1
-0.531099 1.213269 15.576785 1
0.760454 7.713262 2.965079 6
6.066463 0.682511 9.746796 6
4.881248 6.122292 22.622883 6
-0.372855 12.959722 15.750424 6
0.532207 7.975793 2.276218 1
6.356893 1.012706 10.601526 1
5.292726 5.787422 23.438642 1
-0.657348 12.824443 15.066052 1
1.322230 8.657796 4.014970 6
5.706049 1.752956 8.900745 6
4.421744 5.243564 21.564338 6
-0.023645 12.024745 16.794700 6
1.668661 8.158574 5.090287 6
5.166389 1.321405 7.554964 6
3.856036 5.571528 20.429550 6
0.547434 12.438033 18.027788 6
1.180079 10.144774 3.937535 6
5.612366 3.159202 8.747679 6
4.513255 3.713274 21.663847 6
0.009735 10.502743 16.725733 6
0.308950 10.384692 3.789982 1
6.499733 3.502638 8.952939 1
5.345739 3.299510 21.823364 1
-0.918208 10.246292 16.594455 1
2.015667 10.638457 2.754058 6
4.776795 3.892378 10.048483 6
3.515647 3.013102 22.802446 6
1.015395 10.004643 15.575504 6
2.325558 11.558333 2.939411 1
4.695824 4.659700 9.784398 1
3.424005 2.141827 22.505223 1
1.172631 9.044253 15.837549 1
3.476601 9.953871 2.595170 6
3.519188 3.179137 10.220938 6
2.194913 3.825305 22.869825 6
2.154764 10.660750 15.459264 6
4.391823 9.783496 3.545474 6
2.449581 2.867675 9.288285 6
1.236110 4.151174 22.170367 6
3.260890 10.998861 16.190617 6
4.429866 10.053794 4.334930 1
2.472667 3.164871 8.485569 1
1.344978 3.878173 21.161172 1
3.231701 10.705350 17.052400 1
5.664222 8.857295 3.068124 6
1.267617 1.990419 9.813555 6
0.120739 4.932622 22.584325 6
4.327802 11.666042 15.718763 6
6.201144 8.844328 3.460761 1
0.539493 1.915923 9.205741 1
-0.668290 5.080776 21.988640 1
5.152486 11.881578 16.283156 1
5.563035 8.599291 1.678387 6
1.334538 1.657745 11.047007 6
0.112456 5.220244 23.798482 6
4.462494 12.102869 14.502603 6
6.448877 7.959782 1.424935 1
0.472473 1.150818 11.423663 1
-0.692217 5.782008 24.104992 1
5.218879 12.675474 14.118633 1
4.574905 8.800679 0.798696 6
2.218725 1.899861 12.071324 6
1.161493 4.945497 24.759230 6
3.359128 11.780692 13.560733 6
2.020851 8.316665 24.988097 6
2.465232 1.511461 13.314641 6
3.592804 5.357975 0.590175 6
3.268526 12.326615 12.276078 6
2.779595 7.813829 24.604623 1
1.651972 0.983467 13.678868 1
2.918084 5.915683 0.943611 1
4.025907 12.699879 11.814091 1
0.955475 8.653823 24.261088 6
3.395149 1.905247 14.121381 6
4.760771 5.106658 1.267525 6
2.171221 11.893077 11.516565 6
0.880214 8.450554 23.418365 1
3.624753 1.628524 14.953513 1
4.763052 5.277304 2.299159 1
2.147330 12.271652 10.485636 1
-0.062633 9.385530 24.828668 6
4.652162 2.668245 13.520659 6
5.803821 4.236182 0.699254 6
1.149547 11.260043 12.084294 6
-0.789832 9.675578 24.211818 1
5.405761 2.734098 14.054875 1
6.574448 4.135970 1.301400 1
0.418172 11.004058 11.394006 1
2.463183 9.773282 0.516710 6
4.562970 2.932043 12.246075 6
3.340221 4.017127 24.952476 6
1.285262 10.807859 13.238929 6
3.492925 9.611803 1.300846 6
3.344699 2.599119 11.584789 6
2.249130 4.287244 24.252911 6
2.234966 11.105607 14.013608 6
1.437867 10.596248 1.326567 6
5.552561 3.683732 11.331559 6
4.233211 3.067911 24.225350 6
0.263212 10.011072 14.186728 6
0.643665 10.041471 1.475149 1
6.256641 3.181611 11.244302 1
5.137901 3.714766 24.132044 1
-0.618594 10.540057 14.173752 1
1.187478 12.051887 0.818790 6
5.714171 5.061006 12.035131 6
4.500339 1.853222 24.842282 6
-0.167274 8.758610 13.644901 6
-1.650081 11.810105 25.408941 1
6.127400 5.041871 12.818957 1
7.277347 1.915437 0.199813 1
-0.406731 8.836163 12.681029 1
-0.022310 12.737028 1.623089 6
6.841679 5.891788 11.132983 6
5.670144 0.955885 23.864977 6
-1.218746 7.903739 14.338095 6
6.982116 12.480886 1.891460 6
-0.033104 5.515294 10.712673 6
-1.204171 1.352873 23.503287 6
5.781216 8.141966 14.751763 6
6.510194 11.600591 1.681624 1
0.427690 4.755243 11.012299 1
-0.788727 2.243729 23.730322 1
5.334608 9.071931 14.461931 1
6.268798 13.427641 2.771500 6
0.649648 6.604947 9.997931 6
-0.566314 0.450330 22.730394 6
4.951370 7.253093 15.520026 6
5.318656 13.267404 2.955466 1
1.676633 6.318197 9.853615 1
0.472020 0.586699 22.597549 1
4.177463 7.427612 15.870522 1
6.792133 0.880767 3.035964 6
0.205251 7.741769 9.740796 6
-1.075431 12.917860 22.543249 6
5.568409 6.069747 15.901877 6
6.269587 1.369642 3.645899 1
0.612214 8.319012 9.238283 1
-0.520055 12.350796 22.055961 1
5.083180 5.403670 16.369303 1
-0.098845 1.232238 2.687548 6
7.056587 8.063075 9.985062 6
5.792544 12.648797 22.879801 6
-1.364411 5.757778 15.560872 6
0.663809 2.373820 2.934579 6
6.226215 9.322860 9.778081 6
5.156022 11.396813 22.661672 6
-0.494944 4.480394 15.801502 6
0.260073 3.042829 3.448949 1
6.582529 9.911875 9.297946 1
5.525925 10.800917 22.158473 1
-0.885303 3.744275 16.343743 1
1.828380 2.484635 2.541391 6
5.062146 9.455868 10.334265 6
3.932514 11.152063 23.062753 6
0.576466 4.427725 15.239850 6
2.354729 3.314984 2.629096 1
4.661199 10.245587 10.135231 1
3.351655 10.404878 22.857447 1
1.113385 3.466106 15.324424 1
2.542588 1.597089 1.762815 6
4.414566 8.513312 11.093801 6
3.211164 12.219356 23.805595 6
1.259320 5.290670 14.396753 6
3.386489 1.809775 1.333901 1
3.593478 8.613258 11.485915 1
2.275621 11.957464 24.168697 1
2.185190 5.159943 14.135808 1
1.872746 0.363348 1.505893 6
5.058293 7.210994 11.324814 6
3.768890 13.376267 24.185656 6
0.735258 6.412573 14.300312 6
0.548852 0.312639 2.001213 6
6.310112 7.145490 10.880596 6
4.971345 13.483063 23.681827 6
-0.574590 6.629758 14.658109 6
2.304438 13.040806 0.603932 6
4.489292 6.143764 12.132767 6
3.345904 0.912425 24.853139 6
1.103367 7.684612 13.532468 6
3.027206 12.511898 1.127536 1
3.784754 5.719809 11.754022 1
2.534628 1.197617 24.564209 1
1.928530 8.046023 13.918178 1
0.167085 13.092718 25.264504 1
4.442396 6.317333 12.951802 1
5.613553 0.542645 0.255400 1
1.395505 7.548471 12.627214 1
0.672150 11.221764 6.214128 6
6.184145 4.424443 6.531176 6
5.089391 2.508500 19.431934 6
-0.481129 9.401307 19.016224 6
0.303018 12.555243 5.521547 6
6.579586 5.824431 7.294958 6
5.343534 1.081951 20.128116 6
-0.928956 8.123236 18.222710 6
1.183607 13.235750 5.367853 1
5.748023 6.208453 7.273771 1
4.558206 0.518599 20.195247 1
0.017314 7.475521 18.306624 1
-0.391219 13.075512 5.896612 1
7.206584 6.135516 6.891498 1
6.031680 0.615392 19.599009 1
-1.586222 7.551412 18.823030 1
0.093526 12.368740 4.591718 1
6.794422 5.648298 8.252418 1
5.686055 1.411341 20.958270 1
-1.134061 8.165695 17.343524 1
1.117024 11.666408 7.627947 6
5.736577 4.810904 5.161656 6
4.493802 2.151500 18.001527 6
-0.167715 9.012722 20.405258 6
2.059020 11.933445 7.618059 1
4.970656 5.174044 5.182723 1
3.674785 1.790342 17.846688 1
0.755685 8.741091 20.351422 1
1.127071 10.788685 8.158420 1
5.823512 3.796050 4.564501 1
4.526289 2.934146 17.386189 1
0.007933 9.976443 20.981097 1
0.458679 12.155949 8.085815 1
6.367085 5.383241 4.761322 1
5.230555 1.575388 17.565445 1
-0.728306 8.446229 20.848065 1
7.500426 10.587502 6.247389 6
7.446027 3.628929 6.593344 6
6.170933 3.243306 19.319247 6
6.265443 10.138640 19.055275 6
6.484637 9.951459 6.251971 7
0.259769 3.022022 6.469319 7
-0.895602 3.807017 19.199752 7
5.425043 10.876287 19.043553 7
