-0.006117 11.953015 14.565094 8
1.780403 3.102003 8.203935 8
5.200103 5.762709 0.655566 8
3.319460 14.678356 7.014530 8
1.432403 12.014246 14.657262 6
0.356499 3.177675 8.019764 6
3.653734 5.770740 0.560237 6
4.810046 14.677563 7.119716 6
1.880594 10.996465 13.736761 6
-0.155519 2.126112 8.908589 6
3.261401 6.944781 1.414795 6
5.254516 15.712394 6.128537 6
0.930535 10.055104 13.906187 6
0.811422 1.123191 8.925086 6
4.145998 7.771159 1.227733 6
4.166193 16.601611 6.341736 6
-0.212934 10.643283 14.876041 6
1.863464 1.727446 7.912994 6
5.190557 7.191073 0.275302 6
3.280025 15.992358 7.237422 6
1.343158 10.640850 1.153607 6
1.168891 1.745615 6.457149 6
3.660229 7.220265 14.087801 6
3.981211 16.060288 8.642611 6
1.182744 9.687374 2.261134 6
1.412721 0.850523 5.415731 6
3.961221 8.018107 12.867384 6
3.850448 16.868837 9.758086 6
1.210512 9.054274 3.046358 6
1.419081 0.220522 4.387035 6
3.980099 8.788692 11.950607 6
3.792873 17.555102 10.625166 6
1.202209 8.185714 4.333466 6
1.314667 17.231001 3.245052 6
4.003025 9.500944 10.734602 6
3.652127 0.592721 11.761344 6
0.156851 7.397255 4.619527 6
2.446321 16.206391 3.100223 6
4.982954 10.561860 10.501189 6
2.722523 1.668714 12.096359 6
0.275720 6.419438 5.615565 6
2.425408 15.380040 1.838803 6
4.838821 11.334880 9.445491 6
2.747042 2.454190 13.292277 6
1.118876 6.603073 6.606752 6
1.278710 15.594181 1.082220 6
3.850513 11.253166 8.599406 6
3.700494 2.301901 14.051052 6
2.208069 7.584538 6.265227 6
0.299616 16.414031 1.205558 6
2.953467 10.306409 8.848853 6
4.813003 1.415439 13.863939 6
2.264936 8.292602 5.326195 6
0.300078 17.374025 2.429079 6
2.782294 9.460497 9.975588 6
4.862852 0.546910 12.823058 6
3.177904 9.355816 4.949175 6
5.136827 0.483095 2.579988 6
1.846858 8.369191 10.150305 6
-0.154420 17.445245 12.529441 6
4.202920 10.266897 4.950119 6
4.336112 1.205044 2.680928 6
1.043310 7.683205 10.268874 6
0.780493 16.522695 12.461392 6
5.222938 11.179317 4.834334 6
3.368637 2.200523 2.814710 6
-0.095671 6.646848 10.289643 6
1.685882 15.515457 12.317452 6
0.302369 11.282471 5.860323 6
2.406134 2.296167 1.745605 6
4.780110 6.645745 9.364025 6
2.862408 15.533253 13.469908 6
1.200630 12.118033 5.756346 6
1.222556 3.331077 1.842623 6
3.812264 5.606792 9.279444 6
3.695287 14.423768 13.400382 6
1.263559 12.996352 4.626291 6
1.313835 4.199244 2.949118 6
3.842919 4.803721 10.465142 6
3.854624 13.618397 12.201639 6
0.402231 13.105260 3.614230 6
2.267652 4.124345 3.901751 6
4.736522 4.706302 11.331806 6
2.858243 13.612784 11.360277 6
5.115128 12.104368 3.704584 6
3.228347 3.229010 3.835018 6
-0.163906 5.654815 11.453679 6
1.824712 14.546260 11.356676 6
4.221927 12.027468 2.779247 6
4.281409 3.155334 4.758170 6
0.883298 5.845626 12.446860 6
0.844834 14.807248 10.219447 6
3.333879 11.895449 1.910639 6
5.005911 2.831615 5.705281 6
1.683285 5.973610 13.281846 6
0.041134 14.852538 9.327738 6
2.292514 11.473500 1.001570 6
0.263911 2.739377 6.604559 6
2.784873 6.187803 14.171075 6
4.835705 15.168985 8.557864 6
1.765586 12.974989 14.326860 1
-0.048506 4.114938 8.164015 1
3.451726 4.750652 0.729499 1
5.024919 13.631601 6.884849 1
2.593443 10.906143 13.146614 1
4.992346 2.141152 9.583969 1
2.325927 6.776680 1.996254 1
0.152188 15.734967 5.649071 1
0.839546 9.141708 13.400543 1
0.901621 0.151486 9.233586 1
4.202715 8.780329 1.783735 1
4.099891 17.669636 5.897115 1
4.780106 10.374330 14.802836 1
2.782883 1.425904 7.782653 1
0.222241 7.558201 0.349460 1
2.223125 16.363475 7.303947 1
5.293238 7.190185 3.894326 1
3.246994 16.129375 3.655963 1
-0.221835 10.471104 11.108642 1
1.851961 1.581398 11.559582 1
5.375042 5.969178 5.863674 1
3.077379 14.874420 1.728156 1
-0.289052 11.899877 9.357251 1
2.101564 2.961844 13.417538 1
1.318680 5.988299 7.361511 1
1.248028 14.837404 0.201183 1
3.912216 11.770002 7.688575 1
3.756578 2.919724 14.901710 1
3.021804 7.558483 6.994274 1
5.467863 16.585644 0.631448 1
2.098069 10.112507 8.131789 1
-0.343777 1.193582 14.562162 1
0.231419 10.514275 6.597893 1
2.447158 1.734296 0.932866 1
4.882152 7.267338 8.594816 1
2.659700 16.077793 14.045010 1
1.815371 12.218137 6.439281 1
0.632299 3.369278 1.028252 1
3.290483 5.495723 8.723901 1
4.513125 14.425444 14.104637 1
1.964575 13.702700 4.594135 1
0.562766 4.881248 2.904640 1
3.129716 4.024215 10.454792 1
4.538243 12.994872 12.240782 1
0.382923 13.699853 3.014383 1
2.269315 4.659624 4.657418 1
4.825975 4.283652 12.238641 1
2.805665 13.115384 10.513251 1
