1.658312 6.578570 0.728364 15
9.380478 1.431717 9.313669 15
7.078181 3.819321 19.040255 15
-0.564164 9.074458 10.532403 15
-3.885578 6.900183 19.637350 8
10.394578 1.675192 10.083458 8
12.725936 3.581330 0.194222 8
-1.697556 8.797788 9.691022 8
1.357283 6.415934 2.131302 8
9.581781 1.192640 7.581524 8
7.371187 4.006528 17.578029 8
-0.766254 9.242822 12.072616 8
1.301571 4.981695 2.721461 6
9.654106 10.140870 7.348994 6
7.484656 5.397603 17.067215 6
-0.983437 0.189461 12.560495 6
0.579182 4.562754 2.100033 1
10.346806 9.842741 7.897872 1
8.302285 5.848012 17.743451 1
-1.656448 0.574375 11.963162 1
0.700044 4.943115 4.032668 6
10.286097 10.164948 5.837605 6
8.104945 5.539115 15.815003 6
-1.594921 0.246060 13.953963 6
0.879335 5.986827 4.987700 6
10.106537 0.709741 5.001912 6
7.943202 4.583952 14.771528 6
-1.225612 9.695150 14.860988 6
1.385338 6.759037 4.670732 1
9.579349 1.502054 5.143041 1
7.388009 3.791405 15.021996 1
-0.755254 8.879462 14.580020 1
0.353000 5.915801 6.251764 6
10.413641 0.697341 3.622974 6
8.301022 4.655421 13.439927 6
-1.633393 9.768338 16.073111 6
0.525555 6.466409 6.950524 1
10.382275 1.357960 2.937815 1
8.203953 4.030900 12.853437 1
-1.580147 9.077206 16.685734 1
-0.275154 4.716388 6.638445 6
11.099142 9.994842 3.186654 6
9.081189 5.652906 13.186251 6
-2.389593 0.380469 16.445436 6
-0.554325 4.664033 7.493398 1
11.557123 9.856402 2.476740 1
9.417039 5.828749 12.359266 1
-2.632321 0.603039 17.462481 1
-0.471607 3.682878 5.675523 6
11.473020 8.996665 4.127757 6
9.265322 6.776677 14.120466 6
-2.697284 1.505463 15.683293 6
-0.942205 3.077351 6.020750 1
12.019493 8.207239 3.956850 1
9.669406 7.484752 13.673152 1
-3.112314 2.218645 15.957126 1
-0.072061 3.965911 4.409799 6
11.072289 9.179481 5.498668 6
8.877082 6.585353 15.424543 6
-2.171626 1.410115 14.248606 6
-0.198095 3.242921 3.812166 1
11.126771 8.427546 6.107203 1
8.936692 7.271863 15.862851 1
-2.527488 2.069962 13.796533 1
2.517579 4.215180 2.484420 6
8.404483 9.480029 7.355163 6
6.230948 6.303978 17.231400 6
0.362158 1.112413 12.435324 6
2.350883 3.344119 2.390413 1
8.712701 8.529525 7.591868 1
6.593894 7.165670 17.428396 1
0.081106 2.026773 12.214695 1
3.381885 4.236156 3.690675 6
7.613073 9.368441 6.244210 6
5.368743 6.356835 16.098809 6
1.216753 0.990144 13.668154 6
3.450807 3.042163 4.578711 6
7.489602 8.268128 5.336961 6
5.259628 7.477026 15.201023 6
1.206418 2.235780 14.340148 6
2.950533 2.426765 4.400163 1
8.077652 7.632452 5.504363 1
5.876311 8.174519 15.480702 1
0.823110 2.984966 14.218234 1
4.292430 2.971334 5.643812 6
6.738727 8.225835 4.253546 6
4.581004 7.430143 14.135701 6
2.047163 2.262324 15.462335 6
4.350272 2.260364 6.163351 1
6.650107 7.562440 3.630199 1
4.528681 8.188528 13.501407 1
2.094200 2.923149 16.132489 1
4.944930 4.242596 5.894396 6
6.001600 9.426770 3.905692 6
3.781815 6.222668 13.789275 6
2.909007 1.143093 15.854054 6
5.521939 4.124853 6.647840 1
5.372771 9.431054 3.182832 1
3.115821 6.370313 13.157850 1
3.401500 1.095947 16.549754 1
5.080200 5.323929 5.237946 6
5.891426 10.430481 4.814918 6
3.866158 5.173239 14.704101 6
2.790254 10.390805 15.061671 6
5.437795 6.015858 5.397446 1
5.406178 0.770468 4.533431 1
3.343169 4.488396 14.373331 1
3.402411 9.644059 15.303274 1
4.207235 5.277342 3.965545 6
6.807999 0.110974 5.771631 6
4.660263 5.208436 15.718625 6
2.091397 0.001980 13.993442 6
4.232076 6.133534 3.490810 1
6.811408 0.879511 6.305123 1
4.690519 4.411478 16.210579 1
1.944535 9.603155 13.411336 1
3.398165 4.584858 1.314267 7
7.638542 9.724385 8.534086 7
5.361298 5.954757 18.468031 7
1.084118 0.748555 11.230270 7
2.579682 5.154231 0.165755 6
8.510468 10.379670 9.743282 6
6.205126 5.457748 19.525499 6
0.430700 0.230467 9.959324 6
1.870681 4.500126 0.004645 1
9.209814 9.569692 9.799510 1
11.222775 6.013640 0.050072 1
-0.432493 0.862197 9.783576 1
-0.974749 5.326000 18.623714 6
7.663581 10.464728 10.938103 6
9.883771 5.146608 1.023266 6
1.210157 0.007276 8.808837 6
-1.613530 5.060835 17.420974 6
8.232259 10.355572 12.185610 6
10.418236 5.295088 2.295490 6
0.571710 0.058329 7.597648 6
-2.571932 4.845989 17.495084 1
9.209255 10.172500 12.312036 1
11.336222 5.487033 2.312694 1
-0.402692 0.415548 7.554232 1
-1.037342 5.376168 16.215868 6
7.557466 0.024619 13.380301 6
9.755979 5.220658 3.463437 6
1.162039 10.404140 6.450629 6
-1.472864 5.279955 15.450812 1
8.007053 10.402103 14.230047 1
10.287014 5.294874 4.360401 1
0.658985 0.071251 5.607405 1
0.362791 5.565692 16.241440 6
6.286883 0.325993 13.484594 6
8.483689 4.794850 3.423033 6
2.562059 10.083749 6.461265 6
0.726183 5.752029 15.413631 1
5.929115 0.504859 14.175074 1
7.963896 4.785232 4.401578 1
2.850662 10.069083 5.486030 1
0.890560 5.714904 17.489046 6
5.550466 0.511996 12.191733 6
7.702901 4.809367 2.337113 6
3.199953 10.004407 7.656060 6
1.929810 5.965776 17.453377 1
4.648593 0.717054 12.285396 1
6.818204 4.629520 2.317991 1
4.012398 9.713454 7.567689 1
0.296721 5.630058 18.619386 6
6.204054 0.377622 10.937148 6
8.542069 4.940653 1.184691 6
2.452819 10.101705 8.827578 6
0.697236 5.622649 19.415892 1
5.814645 0.446221 10.234352 1
7.920000 4.861012 0.275734 1
3.005981 10.116210 9.585350 1
2.828926 7.957351 0.684843 6
8.127331 2.774851 9.173541 6
5.962020 2.493443 19.034403 6
0.616864 7.653129 10.545867 6
-1.100325 8.104204 19.445645 1
7.743213 2.829333 10.140770 1
10.015366 2.287781 0.235281 1
0.953797 7.577614 9.602767 1
2.299259 9.305468 1.220268 6
8.592288 4.042390 8.755243 6
6.506548 1.149015 18.611415 6
0.024769 6.452217 11.102309 6
1.829409 10.201162 0.236500 8
9.058663 4.893635 9.541099 8
6.869432 0.257009 19.460426 8
-0.333499 5.491220 10.180353 8
1.185699 0.700925 1.126940 6
9.772460 5.863925 8.771537 6
7.470556 9.825584 18.768015 6
-0.954405 4.446124 10.934330 6
0.937078 1.455450 0.782965 1
10.153563 6.775402 9.098106 1
7.861655 9.094500 19.121485 1
-1.347540 3.691427 10.500124 1
1.438450 0.340932 2.235182 6
9.632326 5.718712 7.459048 6
7.507761 10.071414 17.347433 6
-0.834541 4.787988 12.170022 6
1.100716 0.967729 3.045055 1
9.970791 6.169988 6.802593 1
7.789439 9.553728 16.782192 1
-1.117794 4.184349 12.952231 1
1.953985 9.554655 2.414618 6
8.908406 4.392194 7.537666 6
6.704581 0.749639 17.408007 6
-0.128022 5.999201 12.261478 6
2.158263 9.275334 3.207296 1
8.787622 3.939245 6.722915 1
6.659264 1.218156 16.555542 1
-0.000307 6.555357 13.193781 1
4.027518 7.533191 1.361376 8
6.999822 2.333871 8.491377 8
4.835902 2.992554 18.441511 8
1.900974 8.053303 11.345395 8
4.740472 7.921091 1.124885 1
6.358445 2.669053 8.789340 1
4.150763 2.476682 18.632082 1
2.575071 7.848533 11.040407 1
7.321833 8.194316 0.068547 16
3.635262 2.835683 9.788952 16
1.465072 2.419033 19.772859 16
5.124954 7.547557 9.886981 16
6.030800 8.846683 0.573464 8
4.985334 3.542033 9.488186 8
2.847327 1.564927 19.331448 8
3.804360 6.754681 10.277804 8
3.364859 8.863276 18.194012 6
3.296453 3.728063 11.487305 6
5.564206 1.528791 1.550404 6
5.433560 6.737253 8.383875 6
2.563652 8.740359 17.688068 1
4.054003 3.508136 12.024577 1
6.115008 1.709832 2.123310 1
4.690985 6.939563 7.688946 1
4.096008 8.350893 17.809614 1
2.593321 3.148438 11.745977 1
4.698798 2.008935 1.805579 1
6.220136 7.196220 8.070238 1
3.413920 9.781916 18.317908 1
3.157936 4.569341 11.351467 1
5.329693 0.675884 1.438809 1
5.737488 5.838516 8.532713 1
8.548589 8.763250 0.925831 6
2.424663 3.481065 9.024091 6
0.102181 1.714657 18.829331 6
6.341080 6.871490 10.766108 6
8.589594 8.501772 1.797965 1
2.441882 3.314922 7.998600 1
0.312244 1.941032 17.916661 1
6.309688 7.167954 11.650593 1
8.491293 9.737029 0.949343 1
2.449062 4.554653 9.057150 1
0.198773 0.656596 18.896656 1
6.370179 5.918616 10.736194 1
9.311298 8.586546 0.501212 1
1.573416 3.369868 9.401487 1
-0.661680 1.859052 19.135412 1
7.183630 7.246583 10.368014 1
3.820150 5.330578 1.715017 1
7.021749 0.142578 8.347545 1
4.960246 5.214406 18.122585 1
1.812469 10.431474 11.485134 1
