6.994954 12.778634 2.009848 6
0.372876 5.112011 9.981383 6
7.770533 12.171961 2.174268 1
-0.373987 4.379912 9.772986 1
6.937031 13.894688 3.246392 6
0.410973 6.114154 8.811800 6
7.820722 14.038079 3.515245 1
-0.536852 6.250731 8.465441 1
6.437589 15.179326 2.483932 6
0.810713 7.438114 9.658575 6
5.461985 15.287213 2.432583 1
1.713963 7.494292 9.583825 1
7.002248 0.403017 2.800558 1
0.279400 8.289117 9.087288 1
7.193666 15.058582 0.959533 6
0.233086 7.354089 11.071567 6
6.480925 15.305424 0.377149 1
0.707636 7.562597 11.716565 1
8.004925 0.048452 0.922995 1
-0.705531 7.733482 11.145876 1
0.833552 12.542502 10.514251 6
6.477323 4.776429 1.521073 6
0.391353 11.132784 10.701502 6
6.930831 3.534451 1.458041 6
0.863876 10.499717 11.191475 1
6.360018 2.797422 0.916011 1
-0.683428 10.882625 9.961057 6
8.066651 3.214179 2.060306 6
-1.108183 10.037804 9.963760 1
8.326517 2.249023 2.031544 1
-1.422070 11.840800 9.255848 6
8.711197 4.149246 2.841392 6
-0.834633 13.077817 9.225747 6
8.202202 5.437117 2.859578 6
-1.357740 13.885510 8.812638 1
8.630276 6.038545 3.250095 1
0.317816 13.465882 9.887241 6
7.139903 5.766571 2.099683 6
0.655442 14.432181 9.811251 1
6.763284 6.569522 2.206040 1
-2.755002 11.489554 8.582315 6
9.973442 3.743085 3.597541 6
-3.467298 11.514389 9.289112 1
10.812674 3.747372 2.857309 1
-2.642831 10.627465 8.009937 1
9.910637 2.896796 4.107465 1
-2.993501 12.337183 7.876488 1
10.183729 4.508431 4.192709 1
5.722655 11.977633 1.871045 6
1.585807 4.172202 10.152928 6
5.811967 10.693973 1.943289 6
1.521728 2.922390 10.059920 6
6.534740 10.240364 2.154335 1
0.709186 2.390176 9.769296 1
4.579330 9.940965 1.702455 6
2.707609 2.101537 10.296922 6
4.577837 8.898047 1.867637 1
2.619427 1.225810 10.227068 1
3.459551 10.453636 1.418080 6
3.907213 2.619442 10.619251 6
2.658557 9.850231 1.214794 1
4.709024 2.197371 10.900744 1
3.274466 11.846847 1.210577 6
3.914555 4.044566 10.885715 6
2.615554 12.227057 0.860621 1
4.822253 4.531666 11.082530 1
4.399828 12.613273 1.403749 6
2.812162 4.761914 10.667828 6
4.456591 13.468983 1.282669 1
2.761777 5.732281 10.839726 1
5.975868 13.677905 4.328311 6
1.282531 5.950051 7.846475 6
5.435483 12.647458 6.538573 6
1.796617 4.868183 5.554238 6
5.322350 13.529468 6.711403 1
2.104257 5.679222 5.256266 1
6.667375 12.017122 7.392314 6
0.624909 4.232537 4.590552 6
6.985508 12.729969 7.969819 1
0.366631 5.088654 4.055359 1
6.247301 11.461248 8.088938 1
0.980327 3.551661 4.024952 1
7.574622 11.946932 5.378908 6
-0.283040 4.280107 6.588247 6
4.389074 11.716772 6.443824 6
2.927357 3.893042 5.653148 6
4.180668 10.816651 5.350075 6
3.181011 3.025625 6.649692 6
4.753988 10.854725 4.685512 1
2.558179 2.984198 7.382034 1
3.021625 9.869622 5.274967 6
4.245600 2.161356 6.806854 6
3.001915 9.425389 4.650768 1
4.384552 1.523114 7.445270 1
2.208150 10.067570 6.268081 6
5.078499 2.302520 5.818179 6
1.304940 9.406865 6.291786 1
5.847162 1.588703 5.817941 1
2.205712 10.909175 7.333291 6
5.088619 3.104264 4.587872 6
1.630120 10.802850 8.025780 1
5.674077 3.170473 3.959916 1
3.377142 11.685910 7.326631 6
3.973821 3.931675 4.577871 6
3.400006 12.297486 8.216782 1
3.885931 4.633853 3.905698 1
7.348463 13.698663 0.824884 7
-0.119074 5.832714 11.079280 7
6.387711 12.747400 5.194340 7
1.020462 5.008233 6.698487 7
2.979289 14.073268 10.773892 8
4.422706 6.365146 1.100291 8
2.949789 11.773636 11.938693 8
4.270043 4.125284 0.227952 8
4.989368 14.271770 4.419763 8
2.323576 6.425474 7.570156 8
7.534638 11.417661 6.543775 8
-0.401953 3.686178 5.366029 8
8.409757 11.771486 4.470591 8
-1.144078 4.104086 7.454909 8
2.318847 13.070726 11.576364 16
4.925928 5.137961 0.579615 16
-3.882416 0.849977 8.642674 6
11.058797 8.653781 3.432866 6
-2.892044 0.386525 8.706939 1
10.108822 8.085518 3.405986 1
-3.710291 2.238509 9.389905 6
10.937518 10.094513 2.706341 6
-2.588834 2.524719 9.213964 1
10.013112 10.253260 2.842788 1
8.474655 3.153055 8.476881 6
-1.152414 10.845683 3.579714 6
8.745954 4.158011 8.407873 1
-1.435697 11.885543 3.602810 1
7.568598 3.139841 8.492940 1
-0.323840 11.002854 3.491503 1
8.830579 2.650349 7.062334 6
-1.578944 10.354156 5.082010 6
8.015536 2.996307 6.319787 1
-0.900100 10.584880 5.773237 1
-3.145090 2.941174 6.747511 1
-2.382015 10.774326 5.316817 1
-2.061433 15.261447 5.897378 6
9.347399 7.597663 6.135824 6
-1.569940 13.997570 5.899665 6
8.960227 6.312324 6.132158 6
-2.283854 13.275373 5.812876 1
9.612471 5.611177 6.331151 1
-0.309986 13.911053 5.647173 6
7.636150 6.056772 6.351394 6
0.030000 12.925457 5.520729 1
7.267614 5.147503 6.461177 1
0.574983 14.886310 5.641363 6
6.650003 7.140498 6.346986 6
0.186306 0.484867 5.887385 6
7.101178 8.348572 6.135590 6
0.719832 1.325078 5.913729 1
6.623970 9.035947 6.066874 1
-1.191620 0.785280 6.065002 6
8.529284 8.529562 6.128484 6
-1.596527 1.755787 6.026954 1
8.775807 9.571575 5.979711 1
2.036121 14.492789 5.533929 6
5.185908 6.920850 6.510720 6
2.491373 14.896248 6.364635 1
4.801123 7.096012 5.635519 1
2.384579 15.186388 4.912912 1
4.809331 7.465369 7.206716 1
2.244510 13.573765 5.290164 1
5.097646 5.894679 6.590348 1
7.990644 15.360309 9.283949 6
-0.813324 7.677533 2.836951 6
6.733485 0.151067 9.189221 6
0.617214 7.959526 2.942936 6
6.325725 0.873276 8.522103 1
0.915161 8.630044 3.424949 1
5.755173 14.922172 9.808856 6
1.489627 7.117974 2.364422 6
4.764078 15.120995 9.513203 1
2.423752 7.306231 2.509898 1
6.053494 13.880762 10.635249 6
1.153022 6.080369 1.395141 6
5.506823 13.279101 10.944868 1
1.864697 5.602304 0.977672 1
7.597506 13.595966 10.632185 6
-0.326629 5.826107 1.323122 6
-5.016326 12.973210 11.226322 1
12.333110 5.196674 0.776340 1
-4.466117 14.376254 10.066586 6
11.742768 6.674271 1.972260 6
-3.613104 14.325923 10.356134 1
10.786923 6.538889 1.728623 1
-4.093149 2.270654 10.784955 6
11.476716 10.121625 1.279415 6
1.787413 1.885110 1.221576 6
5.403849 9.664741 10.887398 6
1.471815 2.753845 1.225455 1
5.804359 10.462574 10.691028 1
3.198255 1.564873 1.761111 6
4.118708 9.311557 10.232875 6
3.497664 2.399583 2.149223 1
3.759267 10.272405 9.942739 1
3.059404 0.974842 2.681924 1
4.134502 8.748786 9.441700 1
-1.994127 1.086241 11.714387 6
9.378981 8.975143 0.454845 6
0.707339 0.873353 1.452926 6
6.533950 8.575022 10.518556 6
1.017202 15.116849 1.623781 6
6.346537 7.261435 10.378725 6
1.917498 14.813959 1.767837 1
5.466152 6.962538 10.286528 1
-0.026664 14.268537 1.953691 6
7.258946 6.437181 10.051087 6
0.223347 13.330165 2.149263 1
7.050960 5.428077 9.885205 1
11.579950 14.552025 2.161490 6
-4.362986 6.864245 9.902586 6
10.982447 14.043766 2.255754 1
-3.532386 6.232058 9.682612 1
11.393901 0.521578 1.911738 6
-4.046747 8.173246 10.169083 6
10.428387 0.826084 1.983925 1
-3.116982 8.457263 10.222099 1
-0.545376 1.310233 1.521378 6
7.806189 9.027935 10.500210 6
12.129193 2.151538 1.379384 1
-4.812557 10.083240 10.549839 1
8.752962 1.223061 7.179921 7
-1.390878 8.917406 4.884189 7
-3.285546 1.669438 11.823138 7
10.580986 9.543610 0.320414 7
8.627850 0.836900 4.855703 8
-1.365256 8.542175 7.114565 8
8.453504 14.453891 6.477181 8
-1.064919 6.610150 5.624051 8
7.691437 2.978033 11.074845 8
12.335058 10.610825 1.060225 8
4.050320 1.045224 0.904503 8
3.344362 8.698858 11.189501 8
-1.400402 0.975776 10.550967 8
8.782578 8.627418 1.334189 8
8.997800 0.061749 5.994596 16
-1.836881 7.875402 5.955535 16
