2.200757 1.303692 3.464076 46
2.676013 16.230024 13.990514 46
7.481548 9.997512 7.172245 46
7.270516 7.362930 17.612877 46
2.336158 1.573457 5.700897 15
2.526693 15.826674 16.177311 15
7.423256 10.457812 4.843384 15
7.070562 7.125198 15.440986 15
2.314314 1.173857 1.391531 7
2.392211 16.265808 11.789950 7
7.324589 10.048594 9.210681 7
7.231164 7.552894 19.755091 7
0.995451 17.025341 3.085468 15
3.824820 0.493685 13.775098 15
8.762377 8.322696 7.373506 15
5.860464 9.310651 17.838542 15
3.429224 3.102044 3.130327 7
1.531216 14.514959 13.583709 7
6.337411 11.733330 7.360004 7
8.251320 5.778386 17.832023 7
2.524027 2.561909 1.031350 6
2.257472 14.886368 11.502536 6
7.190656 11.374459 9.485393 6
7.508664 6.222622 20.109665 6
1.790270 2.982292 1.373234 1
3.183142 14.444495 11.898843 1
8.100525 11.925895 9.290569 1
6.601801 5.624673 19.786057 1
3.693678 3.208725 1.738541 6
1.213104 14.197426 12.174467 6
6.178929 12.020045 8.735200 6
8.508355 5.500159 19.319036 6
4.532392 2.777384 1.424367 1
0.301379 14.619042 11.954198 1
5.156734 11.552545 9.062594 1
9.367302 5.939380 19.564348 1
2.590502 4.426780 20.288122 6
2.317286 13.012488 9.866616 6
7.184934 13.173072 11.281977 6
7.399283 4.400085 0.754305 6
2.559931 4.598038 19.485174 1
2.323392 12.836152 8.795881 1
7.135556 13.515223 12.267022 1
7.451958 4.160347 1.693387 1
1.644040 4.791811 20.765576 1
3.089591 12.807309 10.069923 1
8.103327 13.500835 10.925767 1
6.626567 3.847933 0.269537 1
2.998967 0.283249 0.655885 6
1.743433 17.290641 11.211400 6
6.734847 9.032554 9.815049 6
7.962072 8.569383 20.414421 6
3.441444 0.566083 7.975200 6
1.515994 16.978050 18.334374 6
6.422143 9.166094 2.656077 6
8.198161 8.230005 13.254925 6
2.745681 0.919733 8.407687 1
2.113516 16.673685 19.005110 1
6.998252 9.675097 2.170872 1
7.602876 7.816608 12.671753 1
5.475184 3.748515 3.615273 8
9.184227 13.769541 14.142056 8
4.269062 12.652731 6.980122 8
0.690514 4.950628 17.437687 8
3.608877 4.848699 1.525133 6
1.092679 12.668971 12.031333 6
5.977581 13.529783 9.052340 6
8.564498 4.047566 19.677550 6
2.912946 5.104121 1.810041 1
1.998886 12.322935 12.445747 1
6.748857 13.931172 8.705005 1
7.774381 3.513251 19.185953 1
4.562480 5.071701 1.871162 1
0.481369 12.356417 12.333077 1
5.338463 13.907668 8.690700 1
9.460607 3.603858 19.321118 1
1.979811 15.937550 1.983655 6
2.963996 1.660841 12.571643 6
7.721005 7.126468 8.491413 6
6.839582 10.416701 19.113482 6
2.468577 3.011681 20.459810 6
2.229168 14.507733 9.984629 6
7.211447 11.802760 11.117662 6
7.470228 5.845790 0.556670 6
3.402401 2.601192 20.110212 1
1.594965 14.864939 9.686137 1
6.432976 11.305783 11.496500 1
8.298820 6.100991 0.942416 1
1.764338 2.504276 20.056648 1
3.131186 14.963198 9.568659 1
7.872301 11.378082 11.457961 1
6.692736 6.106409 0.871122 1
3.351943 0.587210 6.525496 6
1.417272 16.998059 17.067285 6
6.310775 9.352790 4.025238 6
8.263552 8.304374 14.443956 6
0.629616 15.976068 4.540880 6
4.180862 1.524240 15.071566 6
9.104929 7.229696 6.036624 6
5.520350 10.353081 16.528120 6
5.313702 16.717510 7.838589 6
9.219146 0.828412 18.302749 6
4.452273 7.882662 2.751668 6
0.465044 9.621662 13.265981 6
6.049371 16.224871 8.228107 1
8.547593 1.263238 18.735806 1
3.742520 7.525216 2.309806 1
1.071979 10.089720 12.874507 1
3.935146 3.779210 5.467944 6
0.929985 13.773222 15.859388 6
5.813338 12.603669 5.119342 6
8.839861 4.941830 15.781395 6
0.221677 14.352853 6.757657 6
4.796089 3.152483 17.220219 6
9.565703 5.468678 3.817487 6
5.127870 11.998671 14.238849 6
0.055142 13.741452 7.527926 1
4.862082 3.704355 18.094989 1
0.012253 4.907478 2.926673 1
4.870583 12.445418 13.650100 1
8.777416 16.554384 1.377879 6
5.872624 0.901213 11.775873 6
0.964399 7.796720 9.321414 6
3.977480 9.614784 19.806853 6
9.293329 15.944595 0.964863 1
5.432197 1.604001 11.534043 1
0.500456 7.199971 9.649466 1
4.355678 10.414196 20.199598 1
4.383888 3.520656 4.030406 6
0.400528 14.040305 14.468036 6
5.339427 12.322500 6.586704 6
9.333425 5.374518 17.055690 6
2.532088 3.706406 7.358093 6
2.377210 13.807969 17.825942 6
7.198034 12.641776 3.134709 6
7.382846 5.054058 13.758872 6
1.907144 3.321435 7.857572 1
3.058401 14.121582 18.296116 1
7.815122 12.129906 2.707855 1
6.828967 5.367611 13.246548 1
4.400549 17.389931 8.456283 6
0.378577 0.289034 18.978257 6
5.381164 8.595926 1.913133 6
9.243252 9.081044 12.591944 6
4.408530 17.268530 9.393777 1
0.411057 0.357319 19.920655 1
5.368558 8.502658 1.108655 1
9.350211 9.135415 11.504153 1
3.906717 0.566310 20.725147 8
1.006175 17.092686 10.261389 8
5.913433 9.228673 10.846654 8
8.794068 8.239700 0.363606 8
4.346179 17.439496 5.830426 6
0.426469 0.038682 16.369721 6
5.295786 8.800487 4.617965 6
9.333460 8.764199 15.247610 6
4.392953 0.006133 4.868312 1
0.455941 17.497505 15.463486 1
5.271133 8.751793 5.541254 1
9.299563 8.772700 16.144624 1
3.595172 15.351844 0.384203 6
1.339424 2.111781 10.772361 6
6.249042 6.565854 10.281468 6
8.463397 10.955384 20.700335 6
4.184885 15.712848 20.831628 1
0.768451 1.747942 10.321248 1
5.473683 7.042093 10.759743 1
8.966081 10.501513 0.217426 1
0.716151 1.619208 6.383989 6
4.309895 16.013042 16.893348 6
9.196346 10.296137 4.181705 6
5.461659 7.265039 14.761338 6
9.043532 15.677878 4.852689 6
5.611985 1.934753 15.456170 6
0.728742 6.883868 5.597334 6
4.246686 10.614504 16.190675 6
8.457936 15.899466 4.403634 1
6.134919 1.582557 14.895478 1
1.396807 7.209466 6.127284 1
3.438304 10.328179 16.532236 1
9.230734 17.373010 2.265216 6
5.386249 0.211503 12.806799 6
0.587814 8.483089 8.226241 6
4.377913 9.053595 18.734808 6
7.271925 0.955544 2.423654 6
7.478815 16.514151 12.920820 6
2.583207 9.727661 8.270117 6
2.359451 7.747436 18.767140 6
6.729288 1.770897 2.627548 1
7.901483 15.768944 13.267686 1
3.205292 10.374401 7.776996 1
1.808662 7.158427 18.356386 1
9.510782 2.617707 5.959026 6
5.063150 14.963871 16.500651 6
0.326375 11.311423 4.487565 6
4.536908 6.195093 15.080776 6
0.074491 3.213633 5.455316 1
4.813254 14.369507 15.984747 1
9.697064 11.918328 5.152383 1
4.837260 5.509717 15.647318 1
0.250341 0.657760 7.218910 6
4.747187 17.028090 17.718838 6
9.540371 9.430207 3.292534 6
5.096304 8.248047 13.753800 6
0.870720 17.494422 7.450952 1
4.174068 0.060848 18.028779 1
8.930431 8.638872 3.025119 1
5.577277 8.796537 13.605013 1
1.773008 15.447701 5.407665 6
3.104853 2.134513 15.946105 6
8.099696 6.746280 5.258611 6
6.656026 10.814535 15.753945 6
2.615440 15.601094 5.049130 1
2.410260 1.986871 15.532066 1
7.218956 6.809081 5.394802 1
7.533780 10.673325 16.046982 1
8.371459 0.798911 2.853075 6
6.171082 16.821883 13.375829 6
1.324566 9.588262 7.565021 6
3.479094 7.947051 18.163203 6
8.802353 1.221359 3.574919 1
5.872328 16.141176 14.026086 1
1.080678 9.999279 6.905836 1
3.798452 7.413880 17.578699 1
3.674805 5.142488 20.954187 6
1.124176 12.458928 10.487307 6
5.967939 13.882908 10.609909 6
8.621384 3.726503 21.036305 6
3.658888 6.107727 20.955045 1
1.156212 11.530651 10.405428 1
6.027747 14.824157 10.781049 1
8.578416 2.660759 0.121576 1
4.531102 4.681449 20.581260 1
0.367277 12.734611 10.019094 1
5.224178 13.464987 10.909846 1
9.456035 4.034793 0.395837 1
4.656480 4.961426 5.841793 6
0.188277 12.523691 16.543008 6
5.097199 13.656251 4.518318 6
9.363764 3.857302 15.125850 6
5.386815 5.230935 5.432803 1
9.363870 12.205539 16.001620 1
4.411392 14.143923 5.077925 1
0.503567 3.448195 15.604762 1
3.009646 3.201452 6.205890 6
1.980224 14.271361 16.697213 6
6.714931 12.061605 4.328492 6
7.838702 5.617044 14.882745 6
3.120899 4.926431 7.904058 6
1.651525 12.584231 18.366195 6
6.498645 13.746802 2.758645 6
8.019637 3.866469 13.230609 6
2.954046 5.311497 8.636349 1
2.054819 12.298837 19.078110 1
6.789568 14.098115 1.804785 1
7.770784 3.525942 12.399902 1
8.940459 14.889557 6.040845 6
5.808127 2.698524 16.616066 6
0.807274 5.965634 4.431220 6
3.987029 11.507582 14.959582 6
7.977007 14.525711 6.281335 1
6.689174 2.881786 16.885476 1
1.836678 5.938923 4.176744 1
3.188089 11.664148 14.853794 1
1.370874 14.666994 6.462359 6
3.480414 2.950306 17.005834 6
8.229916 5.850921 4.200967 6
6.379582 11.694596 14.591880 6
2.161401 14.278883 6.964446 1
2.789196 3.283014 17.435220 1
7.505571 5.470367 3.648547 1
6.990000 12.045609 14.244640 1
8.160446 2.568692 6.345364 6
6.370926 15.041914 16.875852 6
1.654650 11.324090 4.215805 6
3.244408 6.222580 14.622182 6
7.637909 3.178698 6.062025 1
7.102449 14.402178 16.547633 1
2.076629 11.984893 4.498895 1
2.769814 5.477107 15.003626 1
7.466515 16.813322 0.771440 6
7.056562 0.651387 11.349027 6
2.201472 8.148242 9.720283 6
2.616375 9.343643 20.260484 6
7.350699 16.488518 0.103249 1
7.287874 1.100600 10.537871 1
2.391147 7.696831 10.614717 1
2.455114 9.929487 20.987581 1
5.375370 16.863639 6.536342 6
9.175526 0.720785 17.095872 6
4.263082 7.957730 4.087499 6
0.510133 9.554084 14.567311 6
6.088958 16.316267 6.076900 1
8.448679 1.192733 16.462478 1
3.734397 7.665260 4.445439 1
1.277363 10.009137 15.058493 1
2.369740 13.639575 1.406546 6
2.389534 3.818527 11.933991 6
7.372469 4.801782 9.157099 6
7.337639 12.700599 19.780898 6
2.183616 12.752900 1.484183 1
2.561712 4.909095 11.857874 1
7.454876 3.976707 9.110672 1
7.164346 13.584862 19.720265 1
4.256770 5.555122 7.076590 6
0.709766 11.993692 17.591091 6
5.647174 14.335821 3.386624 6
9.044767 3.196930 13.973026 6
4.581724 6.325557 7.399707 1
0.233194 11.387818 18.087729 1
5.201092 15.103150 3.036564 1
9.460244 2.599445 13.520540 1
2.926829 16.420361 1.039637 6
1.950997 1.223387 11.531445 6
6.926971 7.519065 9.544931 6
7.744256 9.893018 19.974717 6
8.719812 0.593957 7.608984 6
6.011891 16.853441 18.299229 6
1.052016 9.444614 2.748728 6
3.812538 8.216272 13.437216 6
8.285887 0.022374 8.252843 1
6.315691 0.005488 18.873696 1
1.491443 8.806838 2.297615 1
3.459802 8.858387 12.828725 1
3.336504 14.170040 0.357335 6
1.439803 3.549326 10.995661 6
6.333386 5.264819 10.176347 6
8.246168 12.148187 20.599867 6
3.851564 13.426043 21.036355 1
0.978211 4.141211 10.423319 1
5.837230 4.786748 10.551173 1
8.643531 12.846387 0.042175 1
1.700464 14.536011 2.082098 6
3.193375 2.979961 12.631270 6
7.998231 5.737693 8.423264 6
6.673490 11.710346 18.822966 6
1.189597 14.182567 2.704896 1
3.753857 3.319626 13.333558 1
8.543901 5.453634 7.822109 1
5.996212 12.060751 18.213174 1
6.847037 0.234667 1.265520 6
7.940900 17.203472 11.819614 6
3.043580 9.076062 9.142786 6
1.832935 8.539893 19.713656 6
5.936551 0.477768 0.889671 1
8.666578 17.102273 11.386430 1
3.839319 9.226362 9.547018 1
1.097986 8.303641 20.129017 1
7.802043 1.652655 7.339476 6
6.805298 15.969803 17.714116 6
1.917091 10.445875 3.220933 6
2.991002 7.161354 13.803361 6
6.832324 1.735303 7.539551 1
7.676696 15.922952 18.180043 1
2.807574 10.382346 3.014536 1
1.985781 7.091002 13.403285 1
