3.392860 3.544171 13.625855 35
1.134201 0.481796 1.963632 35
3.984390 4.015700 5.960043 6
0.663694 0.877717 9.640494 6
3.686430 4.992097 6.258825 1
1.009196 1.843148 9.433993 1
5.577753 4.187708 6.089660 6
-0.922955 1.017850 9.406376 6
5.874733 3.156313 6.204827 1
-1.258263 6.254057 9.347187 1
6.002431 4.748729 4.764442 6
-1.302375 1.551153 10.827540 6
6.769030 4.312153 4.433955 1
-2.073274 1.083417 11.087671 1
4.861299 4.771816 3.807630 6
-0.220987 1.613167 11.711418 6
4.343153 5.721024 3.809487 1
0.361795 2.471537 11.743798 1
3.948175 3.730827 4.585464 6
0.870267 0.645518 11.133513 6
4.184609 2.793068 4.362099 1
0.360299 6.086766 11.297978 1
2.419991 3.674019 4.136126 6
2.268829 0.510946 11.536634 6
2.369945 3.490348 2.994199 1
2.261540 0.386447 12.596407 1
2.033643 4.748299 4.222732 1
2.737688 1.424727 11.555724 1
1.620298 2.741237 4.818059 6
3.048666 5.805975 10.727912 6
0.758981 2.710376 4.572325 1
3.968418 5.954427 11.052605 1
2.098925 1.831668 4.787185 1
2.692480 5.079521 10.932868 1
1.733177 3.150686 6.450371 6
2.893777 6.278706 9.217558 6
1.219618 2.323100 6.889662 1
3.488118 5.587698 8.719860 1
1.390088 4.016558 6.642027 1
3.387814 0.889440 9.027974 1
3.245947 3.019593 6.919931 6
1.473460 6.199581 8.753011 6
3.274911 3.221085 7.815381 1
1.356637 0.206818 7.842023 1
3.698806 2.129089 6.711942 1
1.036509 5.326141 8.896684 1
5.248143 4.523757 2.454195 6
-0.549355 1.401178 13.218434 6
5.004751 5.479066 1.506035 6
-0.255267 2.187253 14.165833 6
4.377884 6.216874 1.671414 1
0.324274 3.114651 14.019333 1
5.169811 5.206712 0.181884 6
-0.516377 2.007016 15.551085 6
2.151481 5.861614 15.123615 1
2.635110 2.589404 0.594793 1
2.951142 3.878321 15.450447 6
1.799990 0.906734 0.182133 6
6.255580 3.130778 0.749699 6
-1.501152 6.126330 14.956971 6
6.608515 2.360748 0.597103 1
-2.010242 5.445125 15.178549 1
5.915171 3.350350 2.042317 6
-1.083621 0.168047 13.532747 6
6.127634 2.580327 2.798851 1
-1.291971 5.895431 12.952671 1
6.544482 6.252756 5.158168 7
-1.834812 2.952658 10.380470 7
5.956397 4.875260 7.232376 8
-1.201705 1.615815 8.398607 8
-1.273537 4.355337 7.746544 1
5.873302 1.170144 7.888107 1
0.069945 6.269262 5.277812 8
4.554153 3.161989 10.337336 8
5.586378 0.767637 5.305015 8
-0.876717 3.879741 10.232971 8
