3.741414 40.106831 15.714042 78
14.898378 18.125493 30.340052 78
17.882384 3.875561 15.093444 78
6.854615 25.716244 0.259400 78
12.556689 28.485644 7.776824 78
12.205192 6.646655 7.541716 78
9.153478 15.417487 22.841814 78
9.379643 37.319644 23.144283 78
3.328864 15.966007 16.619936 78
15.123228 37.794935 29.450571 78
18.253601 28.055854 14.084724 78
6.549460 6.071265 1.314519 78
22.312091 28.840493 23.595048 78
-3.701860 6.992341 22.367547 78
-0.639285 15.071384 7.054205 78
25.451670 37.022838 8.289274 78
23.255187 27.163440 6.344189 78
1.575229 5.102758 9.125886 78
-1.615855 16.879704 24.400847 78
20.097898 38.852343 21.685459 78
12.046730 27.406461 25.016191 78
6.576676 5.461335 21.010743 78
9.638557 16.424406 5.805766 78
15.118841 38.291666 9.531176 78
3.922862 41.638380 17.415216 15
14.469267 19.593510 28.592793 15
17.784934 2.310843 13.392259 15
7.026289 24.263076 2.095188 15
5.013807 43.008795 17.138774 6
13.545927 21.100841 28.994773 6
16.624251 0.996440 13.536188 6
8.088725 22.882114 1.715839 6
2.599890 42.257157 17.984840 6
15.905441 20.328858 28.118548 6
18.986420 1.574486 12.681985 6
5.895350 23.566354 2.609849 6
4.767139 40.733597 18.618538 6
13.867061 18.747610 27.355091 6
17.033813 3.200964 12.000382 6
7.829398 25.040001 3.458031 6
3.564299 41.695475 14.025976 15
21.141880 19.786943 1.378324 15
18.040583 2.119532 16.716419 15
0.564050 24.052335 29.378522 15
2.650438 43.140953 14.424224 6
22.336147 21.210820 0.898714 6
19.233405 0.816347 16.183252 6
-0.597320 22.617921 29.843094 6
2.708879 41.164734 12.574197 6
22.002040 19.132595 2.708259 6
18.811282 2.902899 17.984017 6
-0.374099 24.727369 27.994302 6
5.169479 42.263786 13.653688 6
19.595944 20.454961 1.670446 6
16.532132 1.537883 17.045030 6
1.975127 23.510979 28.896988 6
12.738343 29.705431 5.723061 15
12.035593 7.677512 9.568063 15
8.904009 14.178770 24.942424 15
9.668345 36.148294 21.040668 15
10.997402 29.224173 4.778147 6
13.784553 7.409279 10.487382 6
10.711115 14.574397 25.906824 6
7.865040 36.677217 20.067650 6
13.947250 29.108648 4.735293 6
10.989779 7.022263 10.732194 6
7.764274 14.880166 25.959042 6
10.758878 36.845122 20.058200 6
13.060625 31.238538 6.019292 6
11.727109 9.442137 9.423541 6
8.545164 12.560839 24.826110 6
9.903161 34.523014 21.283412 6
14.773541 28.035949 7.795879 15
10.062322 5.997482 7.460159 15
6.946963 15.963856 22.841492 15
11.660849 37.878784 23.094415 15
16.055741 29.382752 7.801736 6
8.889071 7.334557 7.616924 6
5.706156 14.593418 23.000894 6
12.786174 36.533327 23.101750 6
15.243627 27.124538 9.430935 6
9.539176 5.186335 5.902461 6
6.376730 16.776968 21.251969 6
11.990950 38.728401 24.774185 6
15.406201 26.657585 6.691248 6
9.443101 4.876254 8.682284 6
6.468910 17.086212 23.840465 6
12.161878 39.088886 22.067560 6
1.452400 14.593876 16.361068 15
17.002597 36.625453 29.520468 15
20.098972 29.299304 14.170049 15
4.736572 7.287863 1.140314 15
0.810778 13.865782 17.730114 6
17.847244 35.837901 28.174156 6
20.987855 30.001931 12.848479 6
3.885948 8.058225 2.397950 6
0.409743 15.464677 15.391848 6
18.235441 37.307662 30.629472 6
21.233717 28.522205 15.314329 6
3.462388 6.579756 0.127269 6
1.578163 13.025903 15.328178 6
23.234985 35.127311 0.028224 6
20.128765 30.887947 15.192006 6
4.697956 8.864307 0.004088 6
4.796053 14.193987 16.894810 15
13.756246 36.217031 29.121875 15
16.741269 29.656701 13.815329 15
7.986181 7.861603 1.648491 15
6.389013 14.622713 17.792281 6
12.143129 36.610299 28.374518 6
15.298134 29.234272 12.968311 6
9.518343 7.343663 2.351010 6
5.424538 13.255473 15.526176 6
13.166700 35.135481 30.494022 6
16.363301 30.639062 15.065045 6
8.533426 8.692428 0.116705 6
4.314995 12.848530 18.369348 6
14.274743 34.829933 27.649607 6
17.239838 31.013803 12.380565 6
7.443235 8.977250 3.049975 6
20.461938 27.991283 24.075923 15
-1.761516 5.968496 21.930850 15
1.389706 15.943313 6.475824 15
23.477907 37.916637 8.772460 15
20.204532 26.313735 23.209535 6
-1.709808 4.357248 22.884639 6
1.489564 17.494355 7.485300 6
23.408074 39.378656 7.806180 6
20.467454 27.004164 26.088989 6
-1.960241 5.162047 20.009568 6
1.225424 16.777889 4.582537 6
23.467901 38.811285 10.759004 6
18.959948 28.972308 24.429925 6
-0.322295 7.003010 21.532637 6
2.872205 15.007300 6.243807 6
22.101644 36.864261 9.156055 6
22.450174 30.025224 25.537543 15
-3.979627 8.104380 20.430996 15
-0.700280 13.704619 4.990959 15
25.547962 35.756574 10.200006 15
-4.657591 31.724089 25.272165 6
23.164397 9.913310 20.751469 6
26.210736 12.091515 5.334282 6
-1.428178 34.157392 9.959290 6
-4.352303 29.247921 26.825451 6
23.016122 7.372900 19.165269 6
26.118304 14.486242 3.868141 6
-1.389981 36.604680 11.433375 6
20.768473 30.682879 26.271455 6
-2.298509 8.844213 19.734594 6
0.965232 13.221898 4.404805 6
23.841278 35.213579 10.832998 6
22.958898 28.206210 4.441889 15
1.797224 6.311741 11.036711 15
-1.363053 15.642460 26.319003 15
19.909129 37.611720 19.783210 15
21.714319 29.526888 4.538457 6
3.140287 7.449515 10.782976 6
-0.078852 14.415362 26.250730 6
18.554763 36.330198 19.921385 6
22.652873 27.155264 2.878897 6
2.223822 5.229497 12.567483 6
-0.827408 16.727070 27.763681 6
19.493027 38.629843 18.227606 6
24.519795 29.097281 3.779691 6
0.295882 7.218830 11.496069 6
-2.807282 14.790021 26.839758 6
21.323494 36.680627 19.119022 6
21.478668 25.786474 6.063561 15
3.392903 3.809056 9.359894 15
0.081533 18.293096 24.723692 15
18.442759 40.249845 21.364310 15
20.063636 26.494580 5.489945 6
4.787646 4.562397 9.842743 6
1.656343 17.439262 25.327456 6
16.762035 39.281451 20.699780 6
20.984079 24.954657 7.549107 6
3.916219 2.895656 7.757967 6
0.589646 19.002421 23.131631 6
17.799952 41.048497 22.948795 6
21.868693 24.393302 4.928986 6
3.001170 2.469047 10.454039 6
-0.233877 19.476223 25.828332 6
18.703854 41.554332 20.236234 6
14.094863 26.372302 25.288966 15
4.632523 4.466882 20.751060 15
7.587381 17.632648 5.423485 15
17.110351 39.582864 9.764107 15
13.794836 24.814089 26.319163 6
4.647425 3.004303 19.686877 6
7.879799 19.079331 4.405051 6
17.002161 41.023032 10.826404 6
15.504131 27.269649 25.621648 6
3.111613 5.400802 20.382596 6
6.234568 16.547557 4.885108 6
18.560959 38.526937 10.434063 6
14.711204 25.655423 23.749011 6
3.850997 3.711093 22.116739 6
6.972646 18.174098 6.764479 6
17.791666 40.095818 8.438059 6
12.172902 28.567931 26.928964 15
6.455740 6.688001 19.055143 15
9.535449 15.275717 3.878340 15
15.362210 37.246816 11.567372 15
10.477080 29.145397 27.528217 6
7.962179 7.082960 18.543677 6
11.114506 14.814909 3.057426 6
13.595858 36.710600 12.111480 6
13.360878 30.085272 26.683847 6
5.289530 8.090021 19.172505 6
8.336395 13.796501 3.972820 6
16.486411 35.886496 11.459010 6
12.803086 27.763130 28.397482 6
5.693973 5.915297 17.585243 6
8.916539 16.209305 2.391827 6
15.908829 38.121348 13.015007 6
4.645601 31.842142 9.091471 6
20.238188 9.868477 6.190514 6
17.002928 12.179655 21.521589 6
1.419882 34.092314 24.514987 6
3.476306 31.061137 8.731260 6
21.377585 9.057158 6.780883 6
18.107111 12.730506 22.081311 6
0.350125 34.760047 24.081788 6
2.333166 31.577139 8.983815 6
22.649641 9.514943 6.410523 6
19.499659 12.377070 21.660113 6
-0.787220 34.367919 24.289124 6
2.022972 32.492716 9.756409 6
22.704456 10.583559 5.624848 6
19.672303 11.361468 20.784667 6
-1.061742 33.387811 25.158081 6
3.156842 33.233585 10.341004 6
21.669455 11.316318 5.000372 6
18.551435 10.665369 20.452902 6
0.135027 32.471677 25.526140 6
4.370780 32.927384 9.840370 6
20.390820 10.880460 5.488723 6
17.208993 11.069125 20.716492 6
1.336632 32.842379 25.179714 6
6.092081 31.409720 8.870187 6
18.696276 9.547330 6.419104 6
15.602617 12.487713 21.870251 6
2.891494 34.369313 24.181946 6
6.383882 30.306094 8.210982 6
18.444487 8.326131 7.112373 6
15.137286 13.665524 22.483447 6
3.260668 35.602916 23.571042 6
7.856683 29.886815 8.104419 6
16.892769 7.965366 7.142033 6
13.870171 13.925243 22.431242 6
4.780078 35.892785 23.442870 6
8.977982 30.826975 8.633660 6
15.869863 8.809783 6.844661 6
12.725368 13.252497 22.038831 6
5.816408 35.176905 23.975932 6
10.322854 30.379354 8.524804 6
14.516247 8.422769 6.709179 6
11.285182 13.576081 22.074953 6
7.233197 35.623618 23.800299 6
10.607775 29.148228 7.878859 7
14.370676 7.136353 7.543783 7
11.147094 14.784480 22.882778 7
7.366633 36.794169 23.270256 7
9.515583 28.254709 7.348784 6
15.278712 6.420810 7.938507 6
12.206113 15.507027 23.389334 6
6.399317 37.586225 22.616566 6
8.191802 28.765131 7.572428 6
16.756897 6.822166 7.811786 6
13.540031 15.136478 23.225351 6
4.931051 36.998389 22.736244 6
1.307357 30.683406 8.246936 6
23.555978 8.666790 7.052500 6
20.461684 13.342876 22.295664 6
-1.947298 35.251975 23.680495 6
-0.065292 30.972378 8.479824 6
24.794268 9.024999 6.786047 6
21.757867 13.005752 22.219393 6
-3.131699 34.964911 23.924866 6
-1.129670 29.963027 7.849434 6
26.041076 8.119465 7.430903 6
22.714723 13.944516 22.826740 6
-4.343147 35.953187 23.074754 6
-0.867929 28.684909 7.198684 6
25.612258 6.852235 8.010751 6
22.435549 15.149825 23.522326 6
-4.015439 37.098647 22.553881 6
26.108196 27.934485 6.739878 6
-1.315759 6.063426 8.593568 6
-4.419943 16.030478 23.957393 6
23.021117 37.964737 21.980568 6
24.934473 28.327483 6.865094 7
-0.055103 6.436045 8.547592 7
-3.166164 15.445624 23.854612 7
21.826432 37.513980 22.073691 7
24.578068 29.475128 7.525680 6
0.227579 7.497304 7.848289 6
-2.947863 14.513185 23.105662 6
21.523364 36.427329 22.937242 6
25.690561 30.376034 7.854478 6
-0.840092 8.237943 7.425664 6
-3.857072 13.646124 22.769984 6
22.546836 35.633267 23.079542 6
2.847834 34.464235 11.034037 6
22.010606 12.390942 4.125686 6
18.823088 9.394983 19.624178 6
-0.152445 31.439458 26.533730 6
3.856872 35.417260 11.274231 6
20.960756 13.362705 4.105499 6
17.788745 8.546376 19.394304 6
0.742350 30.428737 26.763713 6
3.710142 36.499765 12.286860 6
21.092489 14.575864 2.951415 6
17.848289 7.363286 18.295045 6
0.599437 29.380111 27.697403 6
2.531482 36.948400 12.949274 6
22.342955 15.062132 2.359560 6
19.113686 7.059989 17.655962 6
-0.662339 28.899657 28.353174 6
2.606166 37.935234 13.890898 6
22.264358 16.008991 1.303293 6
18.985827 6.031437 16.697432 6
-0.567913 27.885937 29.227746 6
3.678285 38.643362 14.158273 7
21.036793 16.597963 1.117986 7
17.974353 5.281366 16.432470 7
0.620206 27.256613 29.481098 7
4.732358 38.267330 13.573467 6
20.022406 16.380327 1.759605 6
16.865784 5.638560 17.138159 6
1.486982 27.543473 28.863800 6
4.859749 37.233681 12.536604 6
19.871245 15.421118 2.876944 6
16.721330 6.530144 18.130832 6
1.753698 28.497610 27.959370 6
10.108105 24.066715 17.115748 6
8.251180 1.968372 28.853726 6
11.554012 19.865405 13.493026 6
13.320460 41.930707 1.869262 6
9.524927 22.785875 17.255551 6
9.058451 1.004809 28.697213 6
12.261779 20.991692 13.458509 6
12.590191 42.990776 1.911091 6
9.113426 22.269597 16.134065 6
9.442698 0.460053 29.976512 6
12.694673 21.506796 14.624752 6
12.283417 43.587647 0.656134 6
9.418317 22.965786 14.678170 6
15.531608 0.885590 0.532362 6
12.215123 21.111065 15.941750 6
6.322052 42.963152 30.017619 6
10.299448 24.080478 14.939202 6
14.551933 2.115833 0.537876 6
11.397502 19.885757 15.850742 6
7.197817 41.736640 30.156589 6
10.606470 24.720693 16.012296 6
7.920544 2.697439 29.928005 6
10.980183 19.363377 14.641041 6
13.836532 41.272611 0.629202 6
10.806706 24.667585 18.330972 6
7.790078 2.691589 27.595602 6
10.862444 19.198235 12.374976 6
13.902029 41.107008 2.995072 6
10.602724 24.311566 19.695282 6
7.937878 2.361491 26.406871 6
11.045963 19.660776 11.014557 6
13.617230 41.520844 4.304451 6
10.992900 25.153840 20.958586 6
7.602457 3.243514 25.220159 6
10.623395 18.862054 9.718891 6
14.052986 40.801065 5.574225 6
11.549858 26.388204 20.813794 6
7.025528 4.458392 25.293229 6
10.222970 17.532163 9.977606 6
14.725942 39.489131 5.427658 6
11.885443 26.995471 21.988551 6
6.830192 5.063888 24.047018 6
9.847321 16.845157 8.669664 6
14.857165 38.907671 6.615328 6
11.697677 26.433731 23.109546 7
6.877700 4.386283 22.826334 7
10.030013 17.550179 7.496103 7
14.779588 39.428540 7.854398 7
11.051020 25.183235 23.360238 6
7.394089 3.357584 22.684509 6
10.639167 18.692592 7.342872 6
14.314501 40.545662 7.969714 6
10.775092 24.414541 22.040103 6
7.790220 2.413171 23.888792 6
10.874626 19.454331 8.594609 6
14.004503 41.490186 6.713718 6
8.231612 21.301570 15.842861 6
10.377595 43.109670 30.127241 6
13.500460 22.691985 14.783111 6
11.318909 0.712127 0.588164 6
7.734837 20.620296 17.021995 6
10.751662 42.511123 29.003822 6
13.968724 23.401837 13.594044 6
10.993865 1.352172 1.698087 6
6.892002 19.184556 17.025839 6
11.651659 41.172719 29.149187 6
14.781608 24.594626 13.818383 6
9.894616 2.585740 1.531203 6
6.140356 18.780926 18.067614 6
12.471027 40.736136 27.854483 6
15.462363 25.051232 12.529810 6
9.365463 3.171763 2.735749 6
5.194078 17.885042 18.004141 6
13.350190 39.709745 27.970175 6
16.378552 26.076081 12.718269 6
8.421482 4.006691 2.665712 6
5.063812 17.333730 16.742866 7
13.521306 39.274329 29.233268 7
16.710558 26.602529 13.934806 7
8.190345 4.793630 1.406176 7
5.561745 17.654225 15.701950 6
12.809912 39.477275 30.246660 6
15.955673 26.315988 15.023825 6
8.725931 4.303997 0.241975 6
6.640621 18.619624 15.701959 6
11.844015 40.629301 30.274492 6
15.090173 25.148241 14.906419 6
9.750459 3.228725 0.304374 6
10.791025 24.599230 13.490383 6
14.061150 2.631123 1.851164 6
10.889831 19.223109 17.129945 6
7.499653 41.150270 28.763932 6
11.180941 25.780803 13.499603 6
13.662484 3.757256 1.848092 6
10.578333 18.184669 17.333030 6
8.113253 40.044483 28.710270 6
11.436521 26.285657 11.927928 6
13.389111 4.438980 3.414275 6
10.182784 17.628662 18.771854 6
8.265911 39.587542 27.327445 6
11.575776 25.566979 10.791457 6
13.337113 3.551583 4.625982 6
10.137491 18.418333 20.049241 6
8.353841 40.304598 26.163949 6
11.827380 26.388725 9.574165 6
13.070675 4.291646 5.803618 6
9.912941 17.682358 21.211974 6
8.609752 39.596863 24.751873 6
12.098514 27.580634 9.478853 7
12.694062 5.532426 5.817796 7
9.556044 16.332465 21.058145 7
8.944667 38.234082 24.847052 7
12.302100 28.308636 10.702197 6
12.689145 6.277260 4.616404 6
9.483881 15.570239 19.940612 6
9.093766 37.634313 25.894568 6
11.857481 27.796626 11.903168 6
13.023523 5.888897 3.465746 6
9.702639 16.150456 18.652982 6
8.696085 38.119726 27.182067 6
25.006768 24.430541 14.385600 6
27.752025 2.620152 0.979710 6
24.591262 19.326955 16.193019 6
-6.014933 41.418983 29.832297 6
-2.017768 23.431795 14.293718 6
26.794501 1.380774 0.930330 6
23.631302 20.547729 16.282998 6
-5.052872 42.541460 29.651440 6
-1.549108 22.788646 15.606840 6
20.241834 0.977867 30.308386 6
23.353607 21.020617 14.948130 6
1.583534 42.904570 0.426564 6
-2.298520 23.462524 16.764167 6
20.938046 1.493522 29.233275 6
23.965324 20.512585 13.880102 6
0.744565 42.337142 1.586434 6
-3.199394 24.550194 16.823886 6
21.716214 2.449375 29.331519 6
24.843226 19.354535 13.864020 6
-0.090463 41.341591 1.293877 6
24.488664 24.887288 15.437539 6
-6.019710 3.055328 30.497750 6
-2.860877 18.896091 15.261668 6
27.564057 40.952725 0.227819 6
24.653399 25.151707 13.010285 6
0.129476 3.165108 2.218626 6
-2.919852 18.742897 17.734882 6
21.417231 40.646896 28.406195 6
24.957970 24.404706 11.966083 6
-0.009025 2.603340 3.374025 6
-3.104842 19.414298 18.741965 6
21.644464 41.492005 27.216840 6
24.401318 25.076664 10.552060 6
0.515141 3.213177 4.832975 6
-2.638280 18.793940 20.107140 6
21.241646 40.827334 25.963015 6
23.709576 26.279384 10.394613 6
1.094886 4.322542 4.862922 6
-2.014630 17.704886 20.345396 6
20.444132 39.554880 25.759407 6
23.148138 26.795952 9.306385 6
1.601191 4.833218 6.047321 6
-1.554587 17.293683 21.483530 6
20.069817 39.202387 24.510688 6
23.761440 26.143252 8.167298 7
1.029489 4.198297 7.227264 7
-1.970730 17.672627 22.495851 7
20.500367 39.796663 23.559310 7
24.579603 25.176471 8.064367 6
0.401599 3.307688 7.174464 6
-2.750634 18.681455 22.702782 6
21.412436 40.651238 23.499046 6
24.906955 24.439880 9.396955 6
-0.045321 2.486384 5.999636 6
-3.120897 19.318170 21.185705 6
21.634866 41.307234 24.843114 6
-0.731775 21.635138 15.543366 6
19.227510 43.562676 30.492008 6
22.410512 22.240033 15.203359 6
2.284088 0.255682 0.200905 6
-0.604496 21.236574 16.572407 6
19.132032 43.290777 29.619543 6
22.150271 22.701026 14.196648 6
2.630698 0.691170 1.095240 6
0.569330 19.782485 16.584289 6
17.998525 41.712581 29.580983 6
21.035957 24.144053 14.254112 6
3.851481 2.097170 1.127983 6
1.123463 19.579831 15.353642 6
17.502584 41.481066 30.655939 6
20.612595 24.389626 15.292294 6
4.172942 2.407714 0.006100 6
1.834790 18.294197 15.307655 6
22.886605 40.203191 0.071482 6
19.874680 25.572315 15.380638 6
4.970562 3.619597 0.041975 6
2.116953 17.698385 16.503249 7
16.455586 39.529519 29.523118 7
19.659665 26.314129 14.002843 7
5.236680 4.264774 1.335402 7
1.524732 17.993720 17.752215 6
16.892442 39.854303 28.374620 6
20.026281 25.841200 13.110689 6
4.833192 3.880131 2.386185 6
0.917319 19.227025 17.849566 6
17.635689 41.131163 28.166019 6
20.714113 24.765659 12.787547 6
4.040090 2.674004 2.500944 6
24.278335 24.950259 17.988859 6
-5.667545 2.939723 28.129750 6
-2.552982 19.034518 12.647444 6
-0.512195 40.977877 2.676362 6
23.619754 26.184093 18.162110 6
-5.054708 4.278831 27.996025 6
-1.878710 17.866389 12.518518 6
26.597759 39.730993 2.840494 6
23.082179 26.673720 19.345762 6
-4.585850 4.792102 26.562516 6
-1.381350 17.126605 11.218268 6
26.383338 39.195600 4.125102 6
23.418706 26.011035 20.737683 6
-4.852589 4.040056 25.276699 6
-1.698708 17.948100 9.982455 6
26.585240 39.860385 5.385794 6
23.169241 26.725948 21.831115 6
-4.582539 4.706219 24.319953 6
-1.533215 17.292623 8.906942 6
26.279712 39.241527 6.481660 6
22.609303 27.935753 22.033136 7
-3.894688 5.914079 24.143788 7
-0.916475 16.024346 8.717862 7
25.699909 37.923539 6.598029 7
22.240030 28.665237 20.779100 6
-3.611811 6.677330 25.261811 6
-0.389904 15.202595 9.840193 6
25.373332 37.272612 5.320100 6
22.698288 27.843075 19.571442 6
-3.986205 6.060855 26.526484 6
-1.005378 15.879698 11.167272 6
25.720109 37.967679 4.242207 6
3.815676 33.119697 20.894515 6
14.719254 11.213480 25.143353 6
17.896760 10.636189 9.799454 6
7.029476 32.575189 5.609049 6
4.950999 32.610453 21.480095 6
13.512289 10.664615 24.615494 6
16.757448 11.184462 9.092939 6
8.114819 33.284797 6.151078 6
4.752366 31.569596 22.258535 6
13.654844 9.548733 23.644996 6
16.911375 12.318526 8.252150 6
7.961281 34.235266 7.007573 6
3.667092 31.033091 22.605097 6
15.003992 8.980405 23.370676 6
18.105106 12.920101 8.110344 6
6.693524 34.895331 7.193323 6
2.491995 31.466556 22.084969 6
16.125098 9.561051 24.074334 6
19.255862 12.397095 8.587228 6
5.572689 34.221653 6.780921 6
2.437109 32.627938 21.193263 6
16.111427 10.696761 24.774227 6
19.192254 11.258085 9.556383 6
5.575734 33.100935 5.961937 6
4.016750 34.437745 19.941636 6
14.561398 12.482729 25.945017 6
17.717868 9.375904 10.717548 6
7.082500 31.341041 4.678648 6
2.851608 35.109393 19.886891 6
15.742833 13.109408 26.069818 6
18.787959 8.790978 10.767562 6
5.933000 30.726802 4.510382 6
3.397602 36.479938 18.781810 6
15.221772 14.503753 27.419137 6
18.380629 7.454240 12.000252 6
6.522755 29.368515 3.286059 6
2.255841 37.194153 18.527299 6
16.300356 15.332418 27.527530 6
19.467957 6.645149 12.204324 6
5.287732 28.575657 3.225541 6
2.583519 38.411353 17.489246 6
16.113583 16.401762 28.521672 6
19.196505 5.434287 13.259878 6
5.660216 27.502317 2.274726 6
3.617965 38.398564 16.988526 7
14.796857 16.461507 28.932761 7
17.958538 5.392638 13.592425 7
6.808964 27.529376 1.566147 7
4.777988 37.806148 17.030910 6
13.605028 15.721644 28.965681 6
16.718556 6.163604 13.750399 6
8.087105 28.158829 1.630910 6
4.682576 36.628493 18.126080 6
13.832869 14.490449 27.829251 6
17.068503 7.411471 12.604838 6
7.942791 29.414376 2.767021 6
6.271171 31.165977 22.767164 6
12.282614 9.304317 23.235594 6
15.408067 12.644214 7.950253 6
9.337884 34.696190 7.419268 6
6.300016 30.238001 23.016411 6
12.440494 8.326441 23.002274 6
15.493072 13.576520 7.698117 6
9.412140 35.600538 7.679059 6
7.824577 29.592949 23.753875 6
10.696716 7.534824 22.355230 6
13.740789 14.314946 6.921507 6
11.030790 36.382380 8.330759 6
8.839974 30.447841 23.620481 6
9.691422 8.470742 22.410638 6
12.691406 13.553134 7.026242 6
12.109484 35.494295 8.344949 6
10.257948 29.726358 23.921063 6
8.244004 7.714312 22.052013 6
11.383813 14.206941 6.761107 6
13.313211 36.187030 8.616515 6
10.318970 28.546693 24.285903 7
8.407028 6.542602 21.544506 7
11.436057 15.497782 6.229200 7
13.402321 37.357358 9.095548 7
9.056594 27.801918 24.599412 6
9.440554 5.721550 21.404148 6
12.656945 16.210886 6.208399 6
12.293008 38.130568 9.255140 6
7.933502 28.440014 24.051989 6
10.639927 6.348952 21.894447 6
13.761622 15.505669 6.666458 6
10.953985 37.542509 8.634703 6
1.127658 30.830248 22.434374 6
17.454533 8.959495 23.463456 6
20.560288 13.036230 8.228947 6
4.277959 34.896022 7.092496 6
-0.026903 31.517064 22.046343 6
18.551408 9.482286 23.947748 6
21.589087 12.507160 8.580400 6
3.238037 34.442548 6.686932 6
-1.331541 30.842019 22.585829 6
19.796716 8.780420 23.574191 6
23.100547 13.229263 8.237972 6
1.825476 35.133067 7.151410 6
-1.410022 29.590591 23.323870 6
19.866989 7.679843 22.834909 6
23.141493 14.275117 7.521220 6
1.801209 36.194917 7.972778 6
-2.615028 29.059373 23.525126 6
21.344830 7.090424 22.442603 6
24.361112 14.864170 7.190772 6
0.418677 36.785644 8.191985 6
-3.710778 29.680205 23.125961 7
22.312696 7.685420 22.765672 7
25.535892 14.169901 7.385589 7
-0.704083 36.265044 7.767265 7
-3.896348 30.964794 22.477387 6
22.361154 9.027028 23.573795 6
25.392755 13.092575 8.272668 6
-0.736682 35.021133 7.106467 6
-2.461457 31.457185 22.197798 6
20.970015 9.508124 23.795655 6
24.060350 12.413003 8.480566 6
0.761529 34.360236 6.819731 6
1.506591 24.924199 22.945803 27
17.076418 2.972580 23.210953 27
20.313203 19.142875 7.840145 27
4.594898 41.028665 7.621733 27
4.281446 26.578933 24.628035 5
14.257304 4.546673 21.353523 5
17.253667 17.317557 5.973085 5
7.461342 39.460345 9.378562 5
4.449914 25.626898 23.398930 5
13.953530 3.632337 22.491295 5
17.142473 18.373493 7.228836 5
7.737226 40.209996 8.159452 5
3.816407 27.005497 23.010705 5
14.624800 5.053080 22.898888 5
17.844923 16.788998 7.609658 5
7.015029 38.817286 7.845582 5
2.766507 27.404734 24.430873 5
15.875470 5.463895 21.535399 5
19.002201 16.547289 6.124092 5
5.970505 38.539379 9.187336 5
2.762253 26.018381 25.643805 5
15.672390 4.069516 20.509366 5
18.829378 18.014608 5.092143 5
5.903596 39.921169 10.340584 5
4.155737 24.765797 24.953224 5
14.430802 2.777109 21.226721 5
17.663415 19.206464 5.736202 5
7.274800 41.097485 9.591690 5
2.128909 24.555683 24.818963 5
16.296595 2.626650 21.265876 5
19.386836 19.429954 5.824124 5
5.358001 41.206549 9.481544 5
1.441976 26.088251 24.640231 5
17.079488 4.076058 21.316477 5
20.203965 17.888096 6.025852 5
4.571943 39.759352 9.237079 5
2.031250 26.852586 23.017785 5
16.383718 4.781402 23.121434 5
19.664769 17.066992 7.654329 5
5.261278 39.116344 7.656667 5
-1.632623 23.134189 21.116369 5
20.218245 1.117341 24.920499 5
23.294544 20.834442 9.539459 5
1.526739 42.854666 5.706049 5
-1.178442 22.482645 22.520011 5
19.678512 0.600551 23.435916 5
22.767351 21.544189 8.006099 5
1.978607 43.432207 7.192566 5
-0.032167 22.226130 21.159824 5
18.554621 0.251179 24.729296 5
21.751635 21.739828 9.509455 5
3.157126 43.638847 5.834215 5
0.046010 23.684949 20.076790 5
18.414567 1.716638 25.820947 5
21.583523 20.213151 10.590530 5
3.376538 42.281695 4.687327 5
-1.118167 24.746950 21.003258 5
19.718056 2.749266 25.189874 5
22.815501 19.186107 9.855445 5
2.085050 41.123508 5.662268 5
-1.959960 24.182988 22.464135 5
20.410955 2.122782 23.658113 5
23.610077 19.784031 8.298306 5
1.334336 41.632927 7.066848 5
-0.423619 24.089362 23.529081 5
18.990810 2.145118 22.450668 5
22.026056 19.822573 7.181998 5
2.628202 41.820358 8.286006 5
0.774754 22.866108 22.756375 5
17.763432 0.793183 23.168737 5
21.052535 21.054519 7.818074 5
3.844979 43.116234 7.357473 5
1.260884 23.668818 21.352344 5
17.189636 1.573872 24.733170 5
20.406208 20.383139 9.461743 5
4.512815 42.278205 5.830246 5
3.140730 25.658911 22.318223 6
15.411384 3.696035 23.755927 6
18.566726 18.398831 8.321506 6
6.402279 40.239416 6.942943 6
3.378827 24.482102 23.408926 6
15.200745 2.533646 22.707809 6
18.289193 19.510780 7.212545 6
6.388551 41.535661 8.161858 6
0.586828 24.994496 20.932941 6
17.980944 3.066462 24.952831 6
21.025499 18.940358 9.652208 6
3.878815 40.766232 5.632051 6
-0.616479 25.535580 22.462566 6
19.124904 3.690292 23.487150 6
22.315016 18.356556 8.225787 6
2.567733 40.236738 7.191518 6
7.534040 25.249320 29.571892 27
11.122408 3.187800 16.384210 27
14.173630 18.621182 1.128810 27
10.643629 40.581853 14.247260 27
9.635447 23.604774 26.437923 5
8.969556 1.719418 19.568062 5
11.988902 20.303627 4.336172 5
12.757862 42.118655 11.070651 5
9.197374 22.837767 28.220430 5
9.306208 0.800013 17.762521 5
12.438709 21.066674 2.549823 5
12.347379 43.185220 12.821124 5
8.061938 22.828197 27.069374 5
10.525581 0.956490 18.954298 5
13.537314 21.079445 3.646435 5
11.316964 43.029000 11.752685 5
8.405402 24.484998 26.339639 5
10.075600 2.555738 19.716311 5
13.327527 19.507616 4.348936 5
11.504755 41.300103 10.979837 5
9.791402 25.300842 27.220694 5
8.732270 3.279336 18.811699 5
11.830233 18.541739 3.420629 5
12.996271 40.493288 11.851295 5
10.344119 24.065837 28.059935 5
8.137577 2.149506 18.059058 5
11.253662 19.892464 2.760185 5
13.444929 41.807844 12.686857 5
9.567144 25.616138 28.923782 5
9.105897 3.577679 17.090780 5
12.202266 18.186565 1.755463 5
12.645372 40.263381 13.474705 5
9.108518 23.935992 29.642630 5
9.340305 2.000513 16.395194 5
12.541718 19.909038 0.963549 5
12.343211 41.913162 14.238549 5
7.934158 23.255823 28.959025 5
10.553834 1.316270 17.079110 5
13.595253 20.702394 1.751201 5
11.081841 42.654062 13.673273 5
11.606984 27.003764 1.622923 5
13.322141 5.150316 13.701672 5
10.160692 16.969609 28.967441 5
8.379855 38.841354 17.020231 5
11.883710 25.225267 1.613285 5
12.979699 3.246747 13.690585 5
9.838550 18.532342 29.114127 5
8.719890 40.515163 16.922488 5
10.747081 26.090214 0.077782 5
13.947971 4.115740 15.259701 5
10.844697 17.722952 30.478678 5
7.626312 39.656060 15.500336 5
11.723975 27.598825 0.005137 5
13.129276 5.558662 15.362006 5
16.119138 16.357048 0.076543 5
8.629600 38.193688 15.347666 5
12.978610 27.515545 1.094802 5
11.825884 5.737951 14.152208 5
8.783212 16.265397 29.535238 5
9.862783 38.288146 16.533658 5
12.948905 26.141815 1.812769 5
11.767790 4.196430 13.524134 5
8.566773 17.869369 28.789632 5
9.814427 39.826035 17.243198 5
5.759582 26.089474 29.479719 5
12.928871 4.170277 16.487171 5
16.036660 17.761284 1.174076 5
8.828887 39.628451 14.250079 5
5.579566 24.769474 30.405494 5
12.976824 2.705857 15.575974 5
16.180131 19.259398 0.261770 5
8.715455 41.276390 15.101943 5
13.357487 24.895862 1.044433 5
11.507194 3.053568 14.478921 5
8.338071 18.937318 29.725634 5
10.060684 40.911076 16.290095 5
8.091115 25.779209 27.572462 6
10.594058 3.656388 18.407106 6
13.599218 18.224576 3.083487 6
11.111396 40.112537 12.103138 6
7.256518 24.256247 27.650196 6
11.312790 2.142948 18.298476 6
14.476037 19.807662 2.964805 6
10.452787 41.606778 12.349941 6
14.010280 26.370786 0.719436 6
10.834791 4.311411 14.745511 6
7.636154 17.729373 30.130658 6
10.940012 39.558682 15.987576 6
7.055017 27.220945 30.016658 6
11.493006 5.342260 15.938336 6
14.564813 16.545153 0.637965 6
10.197574 38.643662 14.694278 6
-0.016166 24.982770 1.602208 27
24.770250 2.995114 13.766526 27
21.667148 18.891044 29.106362 27
-3.061539 40.854526 17.082176 27
25.689160 23.229469 4.256628 5
-0.749902 1.331276 10.969546 5
-3.951025 20.628530 26.410743 5
22.547167 42.623963 19.674847 5
25.644545 24.989761 4.343517 5
-0.800612 2.961439 11.107361 5
-4.060411 19.015498 26.405259 5
22.473890 40.978943 19.599525 5
24.953726 23.829960 2.880135 5
-0.148433 1.817557 12.550649 5
-3.423766 20.098846 27.948168 5
21.956441 42.111217 18.146544 5
25.954654 22.573201 2.976111 5
-1.207409 0.667687 12.477387 5
-4.201309 21.286015 27.805603 5
22.713970 43.334551 18.221949 5
27.094642 22.472879 3.796731 5
-2.226927 0.458331 11.674016 5
-5.364226 21.361852 26.959937 5
24.064432 43.257104 19.089532 5
-0.983903 24.131690 4.857527 5
25.784948 2.193441 10.514003 5
22.667604 19.594178 25.708766 5
23.778804 41.649041 20.272095 5
-0.553184 25.804405 3.616046 5
25.329974 3.788013 11.723271 5
22.171734 18.272542 27.041111 5
-3.744278 40.215007 18.934687 5
26.012956 25.268163 2.112348 5
-1.265365 3.343885 13.151393 5
-4.267591 18.724834 28.431585 5
22.973093 40.694321 17.481209 5
26.069811 23.663485 1.513924 5
-1.324131 1.739710 13.821957 5
-4.546512 20.161858 29.080789 5
22.974266 42.128417 16.971057 5
-4.050241 26.509493 29.547857 5
22.618402 4.541588 16.456206 5
25.763939 17.490098 0.980198 5
-0.945454 39.408665 14.365910 5
-5.477459 25.696028 29.130164 5
23.844337 3.767843 16.908653 5
27.109088 18.377830 1.439046 5
-2.339192 40.237215 13.849900 5
-4.057771 24.784436 29.854964 5
22.650657 2.774351 16.193240 5
25.746365 19.071846 0.969326 5
-0.952200 41.162537 14.515578 5
2.931707 25.857312 0.178198 5
21.925628 3.892221 15.160716 5
18.883562 18.010887 30.477740 5
-0.297744 39.993279 15.652284 5
1.983936 27.315582 0.284409 5
22.852614 5.173746 14.913781 5
19.644087 16.638189 30.333743 5
-1.139364 38.572345 15.592636 5
-5.804917 27.124887 29.759958 5
24.319436 5.138152 16.225409 5
27.554211 16.784611 0.814741 5
-2.758654 38.789307 14.599029 5
1.754796 26.178277 1.520443 5
23.180440 4.242476 13.843358 5
20.017810 17.723406 29.131553 5
-1.439945 39.636081 16.819852 5
0.232915 26.860510 1.093244 5
24.570356 4.846001 14.324957 5
21.397439 16.928243 29.630269 5
-2.819977 38.956780 16.499794 5
21.459247 25.688256 30.450791 5
-2.918015 3.832169 15.490008 5
0.302253 18.131551 0.167203 5
24.475324 40.238080 15.215705 5
-0.493609 22.863286 2.508218 6
25.230905 0.888846 12.949112 6
22.164555 21.095263 28.175238 6
24.317302 42.905589 17.760656 6
0.690636 23.921686 3.495312 6
24.222503 2.045603 11.882814 6
21.080845 19.975886 27.210421 6
-2.593487 41.857640 18.856102 6
2.059977 24.629894 0.871016 6
22.827896 2.631681 14.500596 6
19.728576 19.297809 29.889656 6
-1.116628 41.405300 16.205174 6
-5.469342 24.260341 30.363994 6
24.033178 2.254665 15.610839 6
27.250157 19.698983 0.270602 6
-2.264352 41.656903 15.118683 6
-3.630875 34.222458 29.852333 27
22.174322 12.398609 16.035188 27
25.262611 9.602590 0.805648 27
-0.481595 31.515012 14.574950 27
5.475312 32.320545 1.285924 5
19.400073 10.478624 14.175726 5
16.246325 11.444117 29.541563 5
2.281347 33.442339 16.580204 5
-0.728006 32.252429 29.972985 5
19.370039 10.341943 16.045061 5
22.495319 11.652271 0.802173 5
2.393337 33.586803 14.543000 5
4.329266 31.587859 0.400292 5
20.598566 9.688468 14.909292 5
17.306677 12.243034 30.288344 5
1.126184 34.373880 15.861029 5
3.982697 32.504428 1.743644 5
20.849157 10.559519 13.447023 5
17.764629 11.494361 28.895115 5
0.822808 33.255265 17.189399 5
4.913575 33.518260 1.870585 5
20.022483 11.649613 13.653508 5
16.909488 10.288084 28.822579 5
1.814359 32.264120 17.159240 5
5.716893 33.619832 0.290658 5
19.105415 11.733306 15.108589 5
15.910570 10.331513 30.435609 5
2.585822 32.354215 15.688003 5
2.818953 32.674732 0.393325 5
22.004544 10.604731 14.763567 5
18.883732 11.269871 30.219282 5
-0.357926 33.215119 15.797555 5
3.279308 33.964433 1.122216 5
21.448501 12.024172 14.245586 5
18.299648 9.951797 29.519541 5
0.068191 32.037613 16.538601 5
4.408119 34.589371 0.397605 5
20.516279 12.630790 14.915134 5
17.320423 9.434378 30.329508 5
1.213849 31.272574 15.699185 5
21.750750 36.407472 28.414237 5
-3.086724 14.325836 17.766153 5
0.001350 7.647055 2.289291 5
24.782473 29.537528 12.946885 5
-4.862739 37.262500 28.895735 5
23.372756 15.196555 17.177355 5
26.525277 6.775275 1.829488 5
-1.644283 28.683625 13.617135 5
-4.755730 36.148782 27.514709 5
23.185999 14.157100 18.373359 5
26.338215 7.710734 3.031722 5
-1.537686 29.681302 12.289018 5
-5.597697 34.884966 27.381068 5
-3.796973 12.885744 18.591464 5
-0.611862 9.129327 3.222415 5
25.363926 31.114399 12.054923 5
21.406700 34.984142 29.019283 5
-2.853519 13.070374 16.951124 5
0.267579 8.900853 1.629258 5
24.467739 30.772328 13.767277 5
-6.091335 36.465971 29.949986 5
24.456297 14.499979 15.973482 5
27.708619 7.541043 0.701112 5
-2.816890 29.415235 14.599587 5
-4.028253 34.591209 27.980760 5
22.496033 12.695770 18.088488 5
25.769907 9.359068 2.786514 5
-0.824522 31.321548 12.562625 5
-3.499171 36.016083 28.838253 5
22.021060 14.095842 17.140357 5
25.170743 7.960763 1.758112 5
-0.441926 29.790178 13.476466 5
-4.420316 36.080788 30.260381 5
22.943042 14.162729 15.818411 5
26.147663 7.959250 0.485383 5
-1.387448 29.825454 15.028512 5
-5.228422 33.803383 28.749174 6
23.727564 11.748813 17.223432 6
26.983868 10.177792 1.911627 6
-2.174768 32.062151 13.544802 6
-5.522695 34.793662 30.434881 6
24.020261 12.954430 15.757078 6
27.118194 9.071098 0.229377 6
-2.314229 31.058579 14.942688 6
-1.567292 33.816327 29.597108 6
19.978416 11.771780 16.524880 6
23.183664 10.110934 1.145543 6
1.556489 32.191465 14.166818 6
-2.635726 32.461610 29.625030 6
21.277545 10.447889 16.369452 6
24.426856 11.378844 1.183722 6
0.465415 33.315108 14.327068 6
5.496582 5.955102 5.764151 16
19.246413 27.862552 9.622815 16
16.130825 37.961892 24.861011 16
2.513449 15.917534 21.169118 16
4.373077 5.427262 5.131369 8
20.454437 27.380198 10.083330 8
17.262136 38.603262 25.551283 8
1.265643 16.581167 20.643312 8
6.272937 5.491663 6.872319 8
18.709820 27.384457 8.337090 8
15.495540 38.582178 23.657806 8
3.088297 16.575010 22.353322 8
6.457912 6.572609 4.828121 8
18.219321 28.486384 10.596453 8
15.254188 37.247022 25.901936 8
3.338129 15.314078 20.086249 8
4.795110 7.376515 6.394827 6
20.037264 29.206204 8.892171 6
16.898168 36.577480 24.169546 6
1.710314 14.585711 21.719131 6
5.943153 8.008559 7.170728 9
18.862295 30.096877 8.287183 9
15.752860 35.890809 23.552946 9
2.664538 13.819443 22.545759 9
4.165405 8.118550 5.571199 9
20.629649 30.102982 9.701175 9
17.397813 35.719106 25.076444 9
1.034750 13.887130 20.850814 9
3.966602 7.276694 7.368772 9
20.725708 29.106661 8.080961 9
17.677329 36.729706 23.459479 9
0.890644 14.746530 22.661999 9
10.400745 33.567524 25.432767 16
8.099745 11.746897 20.577139 16
11.370469 10.288673 5.145599 16
13.493579 32.200154 10.114478 16
9.391542 33.281203 24.426012 8
9.147673 11.398187 21.589249 8
12.285121 10.681330 6.395279 8
12.623450 32.541184 9.033349 8
11.488052 32.792347 25.184656 8
7.193161 10.831267 20.829586 8
10.321979 11.143878 5.396991 8
14.530551 33.198135 9.965536 8
10.907429 35.130427 25.613450 8
7.832276 13.165637 20.546226 8
10.903512 8.689179 5.061345 8
13.903347 30.739557 10.265722 8
10.093831 33.211010 27.651722 6
8.531390 11.219077 18.329841 6
11.700755 10.601776 2.930685 6
13.251978 32.656566 12.277492 6
9.067129 32.521013 27.793842 9
9.622371 10.455578 18.279846 9
12.713023 11.440417 2.848534 9
12.229263 33.312336 12.546763 9
9.811080 34.426502 28.185940 9
8.755828 12.513159 17.728373 9
11.883253 9.430575 2.452655 9
12.938609 31.512634 12.884982 9
11.092726 32.767268 28.246045 9
7.335311 10.726370 17.914741 9
10.470763 11.281923 2.485780 9
14.200300 33.108675 12.873256 9
11.342868 25.327638 5.689512 8
13.559914 3.412129 9.568585 8
10.418735 18.649617 24.973135 8
8.053258 40.508046 21.078376 8
23.678198 33.323560 6.517068 8
1.228306 11.498015 8.810996 8
-1.905805 10.575817 24.087627 8
20.523254 32.438723 21.861905 8
2.395086 41.306150 23.474038 8
16.074644 19.451446 22.488636 8
19.230908 2.652541 7.130070 8
5.500673 24.588300 8.103340 8
-0.469066 42.010532 23.882565 8
19.057336 19.968358 22.044721 8
22.036194 1.797969 6.832447 8
2.728704 23.827163 8.571907 8
5.957773 13.971905 10.527422 8
18.854420 35.876139 4.693060 8
15.896120 29.997860 20.103890 8
2.702456 7.978691 25.967748 8
13.453159 22.946179 9.283465 8
11.391930 0.863138 6.084475 8
8.186665 20.990555 21.373490 8
10.305249 42.997038 24.622095 8
-3.976649 25.992969 25.303681 8
22.522389 4.030303 20.808075 8
25.687288 18.061220 5.497817 8
-0.790168 39.942587 9.890990 8
