0.846377 2.817851 3.626978 6
16.908938 2.656043 3.537488 6
10.159654 10.140464 3.531503 6
7.384940 10.163461 3.472059 6
15.650667 12.134006 10.605710 6
-0.347534 12.061873 10.676417 6
6.300494 4.727599 10.597231 6
8.939883 4.667505 10.641213 6
0.008958 3.966080 3.652600 6
17.548648 3.982983 3.514834 6
9.524928 11.221587 3.660599 6
8.085008 11.387155 3.475390 6
16.271993 10.875326 10.664471 6
-0.994782 10.903076 10.730993 6
7.012064 3.476018 10.613402 6
8.342527 3.545416 10.765102 6
0.620935 4.673361 3.505682 1
16.993648 4.766748 3.446197 1
9.970197 12.125569 3.626810 1
7.556816 12.102326 3.507981 1
15.878828 10.183845 10.705982 1
-0.600433 10.018003 10.686235 1
6.442357 2.669467 10.684228 1
8.874845 2.667590 10.750310 1
0.125459 1.565208 3.658840 6
17.588610 1.504368 3.508684 6
9.504025 8.919549 3.519178 6
8.056892 8.915591 3.592107 6
16.300193 13.290721 10.556614 6
-1.039416 13.341933 10.696133 6
6.972724 5.952991 10.583479 6
8.247864 5.954952 10.744613 6
0.792062 0.247837 3.634219 6
16.842328 0.276975 3.491164 6
10.277477 7.629894 3.712244 6
7.429397 7.682437 3.452274 6
15.720995 14.628468 10.560710 6
-0.339617 14.685363 10.786854 6
6.233603 7.163613 10.522326 6
8.932641 7.156472 10.831537 6
1.705372 0.203447 3.647126 1
15.895684 0.289898 3.473883 1
11.091929 7.679714 3.726522 1
6.431009 7.710052 3.503683 1
14.761541 14.651817 10.585763 1
0.602838 14.669561 10.795864 1
5.317403 7.193531 10.457011 1
9.971686 7.185517 10.782457 1
0.192049 13.909014 3.533911 6
17.450373 13.809204 3.563174 6
9.450322 6.484281 3.701272 6
8.042967 6.450238 3.534147 6
16.317284 1.015495 10.700155 6
-1.037290 1.035933 10.786313 6
6.853569 8.298423 10.647051 6
8.388025 8.459246 10.683043 6
0.491750 13.123884 3.582597 1
16.996244 13.004037 3.481680 1
10.028392 5.613694 3.622263 1
7.708294 5.691496 3.482504 1
15.831267 1.763707 10.463050 1
-0.530821 1.865508 10.746778 1
6.429529 9.106633 10.495153 1
8.705348 9.214591 10.842602 1
2.307756 2.856558 3.684354 6
15.259971 2.849248 3.537424 6
11.733128 10.107492 3.632228 6
5.899087 10.297658 3.497246 6
14.237585 12.025592 10.631966 6
1.150514 11.975812 10.629327 6
4.633194 4.569401 10.651868 6
10.443922 4.606708 10.777165 6
2.337721 4.292229 5.749567 6
15.383131 4.223642 1.441241 6
11.754135 11.674117 5.642535 6
5.904049 11.691650 1.389065 6
14.136149 10.714249 8.582576 6
1.219791 10.572387 12.733865 6
4.789543 3.211128 8.608669 6
10.600964 3.140217 12.770446 6
1.406922 3.409074 6.322162 6
16.393365 3.278163 0.684379 6
10.698762 10.795367 6.327538 6
6.886062 10.713557 0.714514 6
15.145872 11.579712 7.907538 6
0.052369 11.550644 13.409754 6
5.620730 4.031148 7.910546 6
9.621835 4.026413 13.414742 6
1.608529 1.966185 6.594532 6
15.898357 1.981299 0.572333 6
11.043876 9.346107 6.669416 6
6.658149 9.410594 0.453401 6
14.801922 12.837383 7.566984 6
0.566949 12.738800 13.650482 6
5.302804 5.499457 7.698208 6
9.948767 5.369983 13.794194 6
2.423949 1.649794 6.244379 1
15.166345 1.687412 0.725934 1
12.030866 9.060708 6.343414 1
5.676634 9.134460 0.716540 1
13.996249 13.130783 7.948172 1
1.266273 13.222184 13.516446 1
4.518696 5.700031 7.967576 1
10.731817 5.685054 13.517151 1
0.776448 1.115655 7.214920 6
14.466650 1.043163 14.129821 6
10.289016 8.563981 7.320742 6
5.102065 8.496093 14.161488 6
15.694085 13.660677 6.987204 6
1.959712 13.782461 0.161036 6
6.298877 6.282043 6.941881 6
11.373641 6.267730 0.132404 6
0.972045 0.300631 7.483359 1
14.276142 0.193899 13.850011 1
10.535626 7.769473 7.453397 1
4.811831 7.628147 13.872469 1
15.435808 14.654022 6.890289 1
2.148477 14.516500 0.352693 1
6.031872 7.244609 6.901725 1
11.743318 7.253852 0.299704 1
-0.438689 1.554692 7.555902 6
15.763480 1.636861 13.931380 6
8.904826 8.965646 7.482461 6
6.406689 8.917006 13.847055 6
16.867994 13.302673 6.670541 6
0.702603 13.239394 0.315174 6
7.541495 5.810075 6.656151 6
10.129682 5.868244 0.459745 6
-1.043185 0.974024 7.962182 1
16.420885 1.043774 13.512935 1
8.337714 8.310131 7.879942 1
6.876221 8.449565 13.345605 1
17.528270 13.869433 6.348723 1
0.133426 13.917227 0.842420 1
8.110073 6.421795 6.401298 1
9.522322 6.439718 0.872467 1
-0.795088 2.824436 7.292097 6
16.197882 2.804949 14.188432 6
8.527165 10.212248 7.258381 6
6.781609 10.372656 14.024362 6
17.279538 11.854964 7.005364 6
0.252775 11.955625 0.183322 6
8.003922 4.607814 7.059326 6
9.822149 4.601715 0.108405 6
16.531743 3.404154 7.417862 6
-1.352944 3.223785 13.796452 6
7.119679 10.716928 7.571468 6
8.077789 10.685438 13.888488 6
-0.202850 11.524825 6.776652 6
17.732510 11.531317 0.321263 6
9.266303 4.156806 6.818879 6
8.410522 4.104148 0.423446 6
15.953494 2.703160 7.864905 1
-0.725441 2.721465 13.533751 1
6.586132 10.031142 7.787274 1
8.692981 10.176723 13.546864 1
0.359921 12.081279 6.390300 1
17.180788 12.131142 0.738083 1
9.845575 4.673734 6.420815 1
7.788851 4.725701 0.707026 1
16.295570 4.558194 7.236539 6
-0.884744 4.492923 14.186106 6
6.892507 12.009928 7.154446 6
8.497495 11.897259 14.195671 6
0.283334 10.306474 6.951452 6
17.459028 10.266363 0.161422 6
9.552216 2.794138 7.005271 6
5.589756 2.918692 14.240074 6
15.287083 4.791084 7.329007 1
-0.033856 4.732510 14.092115 1
5.880400 12.303473 7.282762 1
9.385656 12.199331 14.104003 1
1.114183 10.055984 6.978869 1
16.525526 9.957132 0.243030 1
10.603371 2.489669 6.873079 1
7.026793 2.652050 0.271919 1
17.226667 5.455182 6.818633 6
0.378600 5.473252 0.298157 6
7.712570 12.837267 6.701539 6
9.928513 12.859668 0.334233 6
-0.643969 9.310252 7.432622 6
16.018820 9.231564 13.782356 6
8.638121 1.890282 7.533588 6
6.536591 1.982401 13.762096 6
16.902743 6.356014 6.496575 1
0.781334 6.315069 0.546119 1
7.557889 13.852326 6.562943 1
10.139097 13.861332 0.474702 1
-0.345967 8.457205 7.650305 1
15.625466 8.405755 13.773641 1
9.042941 1.077588 7.647185 1
6.228508 1.053556 13.739933 1
-0.422986 5.203128 6.568324 6
18.032790 5.096266 0.657532 6
9.075238 12.647732 6.470158 6
8.567399 12.466991 0.530984 6
16.818727 9.744040 7.649679 6
-1.520219 9.706253 13.654099 6
7.431631 2.219512 7.711771 6
7.859091 2.184219 13.653361 6
0.237526 5.786866 6.264646 1
17.421625 5.839564 0.818674 1
9.719339 13.142947 6.276074 1
7.886530 13.255532 0.869718 1
16.279851 8.998338 7.987383 1
-0.901630 8.953047 13.394850 1
6.798346 1.605771 8.087206 1
8.474137 1.571177 13.352381 1
0.098396 3.830876 6.653373 6
17.495685 3.868885 0.441721 6
9.460845 11.161802 6.743521 6
8.252652 11.309304 0.375076 6
16.365409 10.983688 7.433854 6
-1.144438 10.976344 13.909282 6
6.918770 3.645434 7.413501 6
8.317162 3.597601 13.752693 6
4.348154 4.252565 4.041718 6
13.396741 4.166288 2.973345 6
13.725815 11.528841 4.028964 6
3.987221 11.546147 2.992027 6
12.160774 10.571846 10.142109 6
3.097083 10.639278 11.303928 6
2.820476 3.247303 10.082962 6
12.416697 3.285268 11.161972 6
4.864261 3.483617 4.015387 1
12.847399 3.499140 3.272082 1
14.216072 10.865708 3.975146 1
3.351243 10.752587 3.095432 1
11.619783 11.346088 10.369370 1
3.660490 11.380663 11.012082 1
2.179733 3.945300 10.359102 1
13.164235 3.928576 11.067336 1
4.697847 4.694683 4.846946 1
13.011227 4.622335 2.145702 1
14.141953 12.118563 4.985417 1
3.611755 12.127679 2.292275 1
11.728754 10.056314 9.418772 1
3.432910 10.078176 12.043838 1
2.374354 2.729165 9.332199 1
12.908335 2.763965 12.023218 1
4.298393 5.151783 2.862850 6
13.381330 5.049613 4.307844 6
13.723277 12.435379 2.867320 6
3.885281 12.530779 4.250308 6
12.172701 9.834475 11.266850 6
3.126251 9.649734 10.100197 6
2.806384 2.270841 11.350844 6
12.466131 2.367269 10.071748 6
4.852101 4.648953 1.677114 6
12.615222 4.652259 5.397728 6
14.350504 12.178697 1.768996 6
3.200817 12.034279 5.306165 6
11.424231 10.124343 12.391060 6
3.782842 10.193353 8.821789 6
2.020779 2.615347 12.512052 6
13.136610 2.729244 8.877020 6
5.343659 3.935085 1.672646 1
12.232806 3.965141 5.377429 1
14.860394 11.403908 1.705217 1
2.755760 11.402158 5.346428 1
10.960014 10.986512 12.446746 1
4.186856 10.889703 8.788222 1
1.611540 3.522778 12.594249 1
13.686534 3.478713 8.920781 1
4.903392 5.502972 0.723745 6
12.786064 5.446331 6.571566 6
14.346582 12.842693 0.628858 6
3.220316 12.910224 6.589011 6
11.521338 9.337482 13.608138 6
3.742844 9.271645 7.686877 6
2.172779 1.945693 13.690019 6
13.267331 1.908498 7.742026 6
3.089847 5.253196 14.044277 1
12.228375 5.256175 7.194086 1
12.429293 12.611246 14.015642 1
2.731607 12.686189 7.187517 1
13.389415 9.541247 0.123698 1
4.146164 9.506176 6.919842 1
4.080356 2.092806 0.146424 1
13.728768 2.158119 6.947714 1
4.164256 6.807888 0.563688 6
13.349539 6.751405 6.484995 6
13.654577 14.072655 0.680180 6
4.032585 14.126283 6.407357 6
12.161059 8.033037 13.500641 6
3.023935 8.189466 7.682113 6
2.811192 0.642220 13.496017 6
12.562899 0.657789 7.775317 6
1.860535 7.205186 14.151606 1
13.367062 7.342554 7.151658 1
11.223099 14.724739 14.160738 1
3.997627 14.762206 7.226537 1
14.658102 7.546998 0.027811 1
3.005360 7.620634 6.934779 1
5.192846 0.209577 0.160248 1
12.581324 0.216122 7.049671 1
3.572963 7.043458 1.853477 6
14.008638 7.181866 5.323602 6
13.004253 14.448532 1.779548 6
4.569078 14.546578 5.360811 6
12.889055 7.805086 12.446677 6
2.458453 7.625366 8.896212 6
3.449785 0.208461 12.532251 6
11.860342 0.252372 8.922509 6
3.044983 7.942991 1.746443 1
14.592590 7.950447 5.401329 1
12.542540 0.507289 1.835371 1
5.100363 0.491414 5.240172 1
13.365030 6.852871 12.521406 1
1.923873 6.810684 8.974000 1
3.860318 14.222927 12.395954 1
11.412657 14.245273 8.982745 1
3.674178 6.286086 3.001422 6
13.983230 6.312504 4.116752 6
12.953085 13.666433 2.907175 6
4.657723 13.621010 4.102681 6
12.793836 8.514544 11.339999 6
2.423381 8.491557 10.059228 6
3.532455 1.084546 11.350471 6
11.854295 1.205072 9.990375 6
3.157385 6.589816 3.630101 1
14.425232 6.545663 3.458726 1
12.462384 13.977964 3.785876 1
5.055626 13.940309 3.499254 1
13.401666 8.328996 10.588595 1
2.019222 8.179973 10.860451 1
3.835538 0.824302 10.562368 1
11.418495 0.758321 10.904829 1
18.189460 9.577768 3.497135 6
8.870973 2.103052 3.652808 6
-1.731084 5.247366 10.636055 6
7.597738 12.733791 10.764897 6
17.041403 9.966513 3.865451 17
0.649808 9.991992 3.120634 17
7.678523 2.670031 3.978091 17
9.924813 2.623122 3.255252 17
-0.728106 4.772651 10.208654 17
15.980055 4.837859 11.020503 17
8.836852 12.251440 10.260881 17
6.396581 12.145585 11.057243 17
-0.293278 7.477903 4.000203 17
17.954278 7.587165 3.006281 17
9.177697 0.072242 4.069110 17
8.480828 0.118474 3.081235 17
16.639669 7.362700 10.198238 17
-1.375785 7.413098 11.166644 17
7.258220 14.749347 10.200293 17
8.033927 0.002290 11.100345 17
0.996560 8.884042 3.948997 17
16.703167 8.952054 3.039502 17
10.427939 1.593854 3.961282 17
7.156402 1.583093 3.043941 17
15.439609 5.828005 10.153140 17
-0.064604 5.935816 11.062526 17
5.944305 13.277728 10.265304 17
9.273355 13.225959 11.131037 17
3.002342 3.690028 4.410548 7
14.774090 3.647348 2.553947 7
12.327146 11.189387 4.524976 7
5.308043 11.035414 2.662539 7
13.515903 11.062992 9.820667 7
1.731365 11.180548 11.631562 7
4.117852 3.660170 9.764759 7
11.120438 3.801759 11.649976 7
3.059765 2.231340 2.887740 8
14.590894 2.201041 4.299550 8
12.365289 9.559983 2.818967 8
5.151918 9.579471 4.345022 8
13.375460 12.725293 11.369804 8
1.845457 12.707574 10.000122 8
4.041150 5.210498 11.430254 8
11.159523 5.244561 9.863036 8
2.681695 5.241472 6.121849 8
14.893619 5.346424 0.980423 8
12.117377 12.694130 6.168184 8
5.604951 12.701071 1.020232 8
13.797254 9.558186 8.197761 8
1.576704 9.608799 13.160461 8
4.333634 2.172679 8.065385 8
10.962361 2.126283 13.192435 8
18.196405 8.921995 3.145750 1
-0.486991 8.853163 3.894923 1
8.830893 1.511285 3.098436 1
8.872378 1.428246 4.023740 1
-1.692062 5.875706 11.176315 1
17.119717 5.973631 10.161600 1
7.622136 13.383830 11.160185 1
7.604906 13.318074 10.298553 1
