14.912508 3.451960 15.807686 35
8.699213 8.338944 13.733531 35
0.968367 6.128738 3.963885 35
6.992950 1.216199 5.882117 35
7.235868 2.601365 0.219409 17
0.769850 7.278578 9.596429 17
8.607984 7.045760 19.422158 17
15.124410 2.211360 10.182042 17
4.340940 8.120400 1.757072 7
3.451928 3.396437 8.174060 7
11.287260 1.487808 18.091889 7
12.360908 6.175229 11.609307 7
7.301052 2.768883 3.178931 8
0.550935 7.603310 6.706055 8
8.303097 6.855113 16.515995 8
15.314141 2.064359 13.056853 8
5.207578 6.854701 3.815116 8
2.690132 1.942915 6.069189 8
10.521151 2.781183 16.012716 8
13.119442 7.633658 13.712178 8
3.674486 3.504114 19.171612 8
3.917189 8.411232 10.261372 8
12.036387 5.955729 0.442231 8
11.688771 1.285695 9.337928 8
2.678813 3.734960 14.572750 8
5.193253 8.327078 14.899793 8
13.170950 5.866763 5.211205 8
10.563664 1.150468 4.737715 8
2.976748 2.866594 12.473791 8
4.822457 7.674589 16.974834 8
12.866859 6.772664 7.201869 8
10.926599 2.013952 2.785237 8
6.592090 4.756925 4.768086 8
1.366325 9.474064 5.062131 8
9.147592 4.905050 14.927608 8
14.481855 0.130777 14.710631 8
8.243992 5.617607 3.781451 8
15.481370 0.886665 6.093998 8
7.505624 3.752985 16.069830 8
0.277835 8.531268 13.483530 8
1.832432 7.963053 0.421137 8
5.996495 3.259661 9.345087 8
13.960227 1.556056 19.313911 8
9.642242 6.345554 10.276635 8
15.520513 8.165277 1.090269 8
8.245326 3.423472 8.895512 8
0.187040 1.273475 18.779798 8
7.584527 6.206247 10.989048 8
6.536914 3.741662 1.177857 6
1.317765 8.562851 8.578534 6
9.170652 5.703047 18.435679 6
14.342578 0.889440 11.172612 6
6.788837 3.658360 2.777308 6
1.244060 8.478653 7.105109 6
9.036933 5.885012 16.955183 6
14.660449 1.091473 12.477831 6
5.877292 4.586773 3.592105 6
2.017426 9.361840 6.251937 6
9.911076 4.943308 16.152529 6
13.753943 0.170407 13.531971 6
5.464885 5.923317 3.058794 6
2.365834 1.183192 6.844756 6
10.206729 3.663963 16.647040 6
13.441728 8.468051 12.865237 6
5.512037 5.872995 1.621220 6
2.394684 1.217709 8.266707 6
10.252627 3.493188 18.177970 6
13.348291 8.332827 11.489049 6
5.983091 4.976442 0.726731 6
1.950096 0.166878 9.074169 6
9.777688 4.639918 18.956508 6
13.728358 9.471020 10.619150 6
5.677265 5.029344 18.872136 6
2.098484 0.073128 10.674324 6
10.081001 4.636847 0.771460 6
13.751323 9.439226 9.120745 6
4.445488 4.071932 18.493188 6
3.341835 8.878152 11.060036 6
11.303711 5.418459 1.291201 6
12.479860 0.742243 8.549069 6
4.350626 3.923322 17.016861 6
3.452223 8.687744 12.596502 6
11.382428 5.606891 2.714548 6
12.276124 0.841079 7.118646 6
3.513260 2.725555 16.601078 6
4.192970 7.591825 13.072513 6
12.320643 6.792421 3.187506 6
11.471060 2.054140 6.708575 6
3.420240 2.561338 15.118992 6
4.432140 7.343909 14.373357 6
12.415294 7.011434 4.556230 6
11.447555 2.189115 5.283194 6
2.336310 3.588393 13.380311 6
5.429147 8.291916 16.364650 6
13.440475 5.973180 6.373924 6
10.299983 1.221877 3.347769 6
1.336482 4.706376 12.946670 6
6.343173 9.323286 16.699393 6
14.318981 4.844191 6.807615 6
9.446782 0.200091 2.993947 6
0.498798 4.282906 12.783539 1
7.287241 8.957058 16.758130 1
15.206926 5.261650 6.910850 1
8.550796 0.640016 2.892622 1
1.614266 4.980618 12.150229 1
6.123844 0.271747 17.468054 1
14.167442 4.535423 7.575582 1
9.669004 9.215346 2.271204 1
1.329718 5.230268 13.569579 1
6.436432 0.572968 16.038316 1
14.352233 4.264695 6.183538 1
9.309220 9.107204 3.730100 1
7.828277 5.246731 4.714860 6
0.184941 0.467155 5.176152 6
7.959339 4.327849 15.084586 6
15.598817 9.017287 14.694231 6
8.392356 5.479334 6.111232 6
15.250503 0.521260 3.831055 6
7.349536 4.119902 13.576769 6
0.441111 8.893595 15.825977 6
9.289480 5.798688 6.034133 1
14.380234 0.857838 3.983906 1
6.380021 3.855527 13.769368 1
1.342355 8.520131 15.772872 1
8.398101 4.478191 6.536221 1
15.230593 9.368437 3.345396 1
7.198305 4.948064 13.200573 1
0.407992 0.333973 16.408182 1
8.056256 5.941607 6.564257 1
15.798262 1.228083 3.206532 1
7.832281 3.566159 13.036726 1
0.042535 8.269912 16.514118 1
4.664873 3.796328 4.040051 6
3.212926 8.628783 5.925395 6
11.130823 5.714356 15.749552 6
12.591200 0.904180 13.802450 6
4.071066 4.407826 4.607050 1
3.815399 9.171124 5.331343 1
11.669398 5.147038 15.164965 1
12.057093 0.380524 14.377980 1
4.734047 2.999015 4.333744 1
3.156679 7.775784 5.508541 1
10.903912 6.572482 15.380904 1
12.738670 1.861848 14.256292 1
4.034799 3.696934 3.151432 1
3.842241 8.510882 6.741454 1
11.555030 5.852290 16.525529 1
11.907643 1.135506 12.977939 1
4.790997 6.996581 1.010465 6
2.971171 2.387094 8.902448 6
10.991212 2.540069 18.693855 6
12.613598 7.152846 10.842371 6
3.697708 9.264928 1.163209 6
4.270279 4.540068 8.725127 6
12.216198 0.342333 18.558482 6
11.579242 5.120850 11.126805 6
2.199016 8.973581 1.380852 6
5.711114 4.166361 8.389908 6
13.571385 0.659935 18.322630 6
9.959899 5.283928 11.181421 6
0.527278 7.577570 0.272925 6
7.431945 2.975279 9.561731 6
15.206169 1.881105 19.385668 6
8.469341 6.660198 10.277437 6
0.026129 6.589497 19.042583 6
7.699545 1.787747 10.474934 6
15.675968 2.943307 0.637729 6
8.053996 7.694584 9.167438 6
1.066468 6.321064 18.152148 6
6.729701 1.479452 11.369031 6
14.678438 3.334125 1.513199 6
9.106635 8.003699 8.327841 6
0.616390 5.338728 17.141080 6
7.112997 0.497605 12.414871 6
15.007189 4.213555 2.580472 6
8.658832 9.088779 7.199114 6
1.428500 4.954824 16.511228 1
6.503658 0.269087 12.962358 1
14.387939 4.548354 3.275935 1
9.424395 9.275256 6.666518 1
15.366089 4.835672 17.111881 6
8.230196 0.056328 12.437851 6
0.366465 4.692591 2.564044 6
7.367476 9.512227 7.163539 6
14.487134 5.149386 17.960490 6
9.285493 0.381706 11.577013 6
1.426147 4.451908 1.755416 6
6.491483 9.204890 8.152326 6
14.736050 6.187530 19.066345 6
8.952521 1.309020 10.669764 6
1.031337 3.312911 0.819513 6
6.806615 8.166452 9.106828 6
14.002326 6.379602 19.651628 1
9.481014 1.753571 10.015582 1
1.627205 3.034264 0.039071 1
6.263595 7.904242 9.773550 1
3.854813 0.070810 19.632466 6
3.982002 4.913888 9.975197 6
11.982834 9.392526 0.153828 6
11.969673 4.589842 9.609630 6
3.683455 8.837319 18.850059 1
4.151536 4.224260 10.699992 1
12.148657 0.584924 0.858274 1
11.644091 5.424103 9.173480 1
4.890495 0.269434 19.518419 1
2.997672 5.122378 10.174576 1
10.913180 9.288603 0.210439 1
12.860785 4.599327 9.671282 1
3.429844 0.894096 19.236001 1
4.287576 5.573035 10.271465 1
12.448325 8.744270 0.459983 1
11.376668 3.952546 9.441771 1
3.920386 0.793996 2.079634 6
3.925755 5.644901 7.784678 6
11.769983 8.590704 17.467549 6
11.817476 3.819451 11.989958 6
4.936842 0.947075 2.189050 1
2.987217 5.803456 7.803273 1
10.779581 8.491157 17.593604 1
12.737346 3.757183 11.926962 1
3.661518 0.581339 3.021192 1
4.119802 5.453280 6.760261 1
11.999676 8.822488 16.737598 1
11.656387 4.118737 12.945238 1
3.567418 1.769500 1.871462 1
4.260535 6.394334 8.059943 1
12.258730 7.773850 17.910066 1
11.377337 3.153067 11.694794 1
4.627694 8.083752 2.475544 1
3.249746 3.357125 7.341899 1
11.270862 1.434173 17.169024 1
12.490150 6.191900 12.327015 1
6.413035 4.711301 18.618939 1
1.288713 9.426963 11.044641 1
9.363313 4.965687 1.157181 1
14.278306 0.122159 8.726756 1
5.433366 5.900444 18.472390 1
2.245474 1.109901 10.954010 1
10.287019 3.715273 1.172823 1
13.598528 8.504533 8.774281 1
5.193962 3.807577 16.611070 1
2.588263 8.765886 12.924176 1
10.420572 5.720685 3.211810 1
13.329085 0.805403 6.747166 1
3.953262 4.797885 16.535476 1
3.837199 9.472344 13.063850 1
11.691114 4.864288 3.173669 1
11.894111 0.068761 6.699176 1
3.847367 2.011958 17.052771 1
3.905548 6.762136 12.588953 1
11.759119 7.635967 2.812546 1
11.923130 2.812996 7.017772 1
2.515956 2.796599 17.016434 1
5.101938 7.541994 12.698685 1
13.084832 6.671009 2.828336 1
10.540175 1.851343 7.174912 1
4.270581 2.702586 14.684638 1
3.527975 7.481468 14.985080 1
11.551889 6.866110 4.931608 1
12.358287 2.162527 4.840773 1
2.845271 1.611913 14.862255 1
4.852752 6.487261 14.753229 1
12.892804 7.934450 4.878875 1
10.981157 3.061745 5.005531 1
4.701825 7.176999 0.145836 1
3.224200 2.312634 9.776980 1
10.975699 2.348892 19.628440 1
12.501935 7.242619 9.901109 1
1.971737 8.602878 2.246073 1
5.912905 3.866054 7.541745 1
13.693722 0.793624 17.585998 1
9.913962 5.678162 12.145905 1
1.641719 0.220115 1.199862 1
6.113128 4.871870 8.830769 1
14.049645 9.417555 18.655860 1
9.688561 4.665098 11.017228 1
1.928834 6.636410 18.260592 1
5.755518 1.756040 11.364510 1
13.797127 2.895609 1.543923 1
9.937572 7.720425 8.379262 1
13.543526 4.869216 17.956408 1
10.178605 0.003167 11.625365 1
2.315695 4.811120 1.833988 1
5.637839 9.442537 8.039303 1
