9.878774 5.200160 1.616345 7
13.565693 1.756477 10.126317 7
2.005879 1.605022 21.930527 7
-1.711087 5.151139 13.326602 7
9.225049 5.516554 2.793566 6
14.227654 1.873549 9.050280 6
2.551641 1.625522 20.771985 6
-2.368822 5.100200 14.545019 6
7.836442 5.535791 3.057749 7
-2.081675 2.031210 8.859549 7
3.890358 1.292121 20.596989 7
13.886967 4.777163 14.814879 7
7.355475 5.617884 2.433226 1
-1.390838 2.048661 9.471374 1
4.496115 1.412150 21.090570 1
13.108133 4.810407 14.132179 1
9.991980 5.489946 4.015835 6
13.488955 2.037527 7.646830 6
1.910150 1.554685 19.462187 6
-1.697395 5.042217 15.886585 6
11.332656 5.238692 4.230299 6
12.050163 1.807361 7.529221 6
0.458503 1.708594 19.278053 6
-0.234929 5.049539 16.015166 6
11.789811 5.762536 5.550996 6
11.540712 2.392683 6.207013 6
-0.083909 1.128030 17.999964 6
0.205187 4.611687 17.254103 6
11.386910 6.126539 6.124432 1
12.151279 2.719450 5.587400 1
0.406864 0.869396 17.321043 1
-0.288207 4.263774 17.858140 1
13.294582 5.735444 5.793125 6
10.122369 2.224632 5.927048 6
-1.510049 1.281645 17.700800 6
1.727013 4.754341 17.508408 6
13.658055 6.078928 6.627568 1
9.814871 2.474548 5.174828 1
-1.672277 1.031611 16.841265 1
1.924096 4.487942 18.297958 1
14.187626 5.088746 4.850611 6
9.262587 1.647385 6.846430 6
-2.317911 1.740979 18.674655 6
2.457684 5.229855 16.576854 6
15.503631 5.047073 4.913166 8
7.866691 1.630551 6.853848 8
-3.587569 1.974939 18.515027 8
3.926522 5.330927 16.822988 8
-1.399354 5.523951 6.130502 6
7.458657 1.934767 5.509869 6
13.231939 1.485777 17.368440 6
4.353030 4.915125 17.972577 6
15.718561 6.375309 6.323466 1
7.659729 2.932117 5.398419 1
-3.953909 0.483385 17.093305 1
4.176646 4.087203 18.105155 1
-0.569104 5.395900 6.247647 1
6.338188 2.009677 5.655578 1
12.377149 1.449571 17.356257 1
5.359782 4.928264 17.817843 1
15.763554 4.977288 6.931930 1
7.692085 1.443847 4.768002 1
-3.876320 1.967120 16.632828 1
4.131186 5.555916 18.596679 1
13.549184 4.747740 3.644598 6
9.870793 1.237854 8.183663 6
-1.801184 2.294600 19.809945 6
1.899154 5.714013 15.386734 6
14.215843 4.279398 2.948499 1
9.156295 0.772725 8.843308 1
-2.295345 2.693755 20.608437 1
2.617295 6.087759 14.661756 1
12.331414 4.745309 3.274047 6
11.105445 1.235079 8.471159 6
-0.426949 2.211603 20.106692 6
0.724087 5.630387 15.193624 6
11.934323 4.402869 2.543563 1
11.402143 1.039730 9.131503 1
-0.050442 2.490900 21.034126 1
0.369314 6.058924 14.217706 1
8.835050 5.681448 4.993502 6
14.532039 2.215257 6.815865 6
2.848041 1.412108 18.565609 6
-2.604386 4.905129 16.819975 6
9.007431 5.662234 5.873237 1
14.288013 2.131169 5.738272 1
2.775050 1.292447 17.580230 1
-2.636274 4.810212 17.602209 1
7.682228 5.766699 4.264066 6
-1.784574 2.165350 7.371194 6
4.163295 1.305478 19.252684 6
13.481257 4.840187 16.138311 6
6.367965 5.786915 4.965539 6
-0.403134 2.278354 6.886183 6
5.553381 1.106705 18.652683 6
12.300848 4.641165 16.660401 6
5.234549 6.380560 4.048107 6
0.505399 2.914228 7.620846 6
6.498485 0.696930 19.425650 6
11.166663 4.117632 15.863443 6
5.554632 6.619313 3.181323 1
0.341972 3.091003 8.494102 1
6.235884 0.406858 20.261202 1
11.425473 3.768142 14.867538 1
4.136249 6.560263 4.547327 6
1.916664 3.070445 7.168324 6
7.791877 0.489179 18.941067 6
9.889149 4.021704 16.354550 6
3.351178 6.952691 4.077619 1
2.598402 3.471834 7.599808 1
8.478908 0.065139 19.448931 1
9.197817 3.522703 15.767667 1
3.734998 6.191508 5.931642 6
2.141230 2.568519 5.884349 6
8.115961 0.898393 17.589192 6
9.581679 4.382692 17.677078 6
2.925323 6.120119 6.329298 1
3.016035 2.723994 5.527024 1
8.921982 0.843260 17.229874 1
8.816799 4.196458 18.054547 1
4.777809 5.680044 6.578018 6
1.164783 2.187986 5.003385 6
6.959674 1.307744 16.950434 6
10.628369 4.913044 18.389703 6
4.574844 5.271006 7.556031 1
1.346780 1.819489 4.260781 1
7.217648 1.615401 15.963993 1
10.431815 5.035885 19.389831 1
6.004314 5.457545 6.078064 6
-0.142743 1.913521 5.607678 6
5.815598 1.437371 17.357349 6
11.879166 5.027704 17.880352 6
6.660146 5.196047 6.798305 1
-0.878282 1.673674 5.085118 1
4.999972 1.728326 16.835513 1
12.680951 5.252902 18.541996 1
9.151520 5.247010 0.436114 6
14.387600 1.772447 11.277937 6
2.759508 1.779731 23.050591 6
-2.548523 5.287603 12.124365 6
7.731175 5.338572 0.310363 7
-1.739420 1.888236 11.377248 7
4.086910 1.576374 23.124933 7
13.686007 5.114251 12.173476 7
7.255050 5.353891 1.122373 1
-1.277741 1.907165 10.616602 1
4.641977 1.693615 22.442839 1
13.124920 5.009276 12.770626 1
3.936794 5.143572 22.570606 6
13.769530 1.743662 12.624417 6
7.855338 1.906473 0.883905 6
-2.024411 5.302228 10.968607 6
5.359548 4.968957 22.186641 6
12.355001 1.617787 13.031685 6
6.519271 1.938435 1.283956 6
-0.460469 5.532177 10.411109 6
6.391148 5.555810 22.955252 6
11.408938 2.225039 12.312210 6
5.362003 1.345148 0.593461 6
0.385281 4.791293 11.198806 6
11.941805 6.116131 0.282107 1
11.572602 2.735959 11.474849 1
0.005267 0.885157 23.342494 1
0.203731 4.343912 11.989934 1
7.676690 5.555859 22.727979 6
10.078381 2.013588 12.596936 6
4.185369 1.587703 0.869546 6
1.834545 4.956882 10.945545 6
8.450407 5.887620 23.258969 1
9.282866 2.379113 12.134411 1
3.345716 1.088751 0.398621 1
2.430285 4.646016 11.380798 1
8.027814 4.648109 21.575050 6
9.581312 1.335081 13.799567 6
3.761113 2.143468 1.994824 6
2.142218 5.795534 9.793079 6
8.974562 4.617137 21.304350 1
8.737746 1.229933 13.933810 1
2.933158 2.404403 2.242369 1
3.107645 5.777952 9.490580 1
7.006119 4.215536 20.690850 6
10.561526 0.719777 14.418720 6
4.824634 2.865488 2.659132 6
1.064164 6.324881 9.016183 6
7.344781 3.673569 20.048009 1
10.503321 0.034175 15.241255 1
4.478887 3.332753 3.474809 1
1.443107 6.790438 8.273116 1
5.711338 4.336964 21.119311 6
11.907017 0.823584 14.237093 6
6.078397 2.782770 2.360799 6
-0.252072 6.223260 9.302104 6
5.056374 3.794378 20.516797 1
12.595942 0.353379 14.654284 1
6.746387 3.014379 2.911936 1
-0.875662 6.691891 8.753087 1
2.792400 5.045131 21.750736 6
-2.691957 1.619969 13.521970 6
8.923957 1.944250 1.801842 6
14.373312 5.268388 10.031935 6
2.797538 5.107587 20.925288 1
-2.699733 1.521510 14.358123 1
8.910194 2.021175 2.738910 1
14.568294 5.512333 9.117664 1
1.609353 5.174002 22.555456 6
-1.456999 1.815575 12.757099 6
10.210228 1.763021 0.889972 6
13.206558 5.200922 10.767101 6
0.384967 5.153125 22.227668 6
-0.083629 1.860087 13.115444 6
11.554827 1.768412 1.319368 6
11.884435 5.161372 10.388856 6
-0.644507 4.819575 23.071356 6
1.021621 1.451607 12.244207 6
12.494992 2.062301 0.553423 6
10.791217 5.520206 11.368911 6
5.254687 4.644261 0.314808 1
0.690066 1.104385 11.430296 1
6.728192 2.243109 23.079221 1
11.168895 5.719271 12.224309 1
-2.092474 5.028241 22.634239 6
2.165787 1.553006 12.696811 6
13.812754 2.026154 0.892940 6
9.464096 5.443743 10.847513 6
-2.761418 4.742804 23.225084 1
2.987161 1.195239 11.943511 1
14.593271 2.190638 0.201598 1
8.843998 5.735684 11.391180 1
-2.350482 5.479945 21.429269 6
2.641603 1.882713 13.981554 6
14.209114 1.494360 2.134806 6
9.337111 4.914008 9.564454 6
-3.335981 5.627227 21.103394 1
3.494281 2.011250 14.224652 1
15.098064 1.447753 2.448821 1
8.416064 4.896850 9.335777 1
-1.419440 5.667899 20.550561 6
1.534028 2.241767 14.861106 6
13.171110 1.197125 2.953220 6
10.215162 4.761686 8.724880 6
-1.479206 5.976077 19.631242 1
1.707132 2.637430 15.656793 1
13.293298 0.853981 3.907963 1
10.013402 4.315087 7.820364 1
-0.050513 5.671621 20.886697 6
0.245042 2.208389 14.338211 6
11.723698 1.249432 2.680626 6
11.559815 4.875873 9.126610 6
0.620197 5.914121 20.319036 1
-0.433731 2.284171 15.004513 1
11.051191 1.129785 3.167519 1
12.222477 4.575689 8.595016 1
1.388478 5.226489 3.029742 17
4.468858 1.734782 8.606701 17
10.315974 1.789804 20.506685 17
7.323682 5.249324 14.796764 17
16.752698 6.032461 1.410972 17
6.601398 2.463880 10.332071 17
-4.994978 0.857081 22.239457 17
5.241414 4.494530 13.146908 17
-0.261886 3.240113 1.800840 17
6.131491 6.909022 9.979397 17
12.027029 3.620835 21.741413 17
5.734042 0.123453 13.470232 17
-0.115939 4.810034 2.582685 6
5.913403 1.277604 9.183785 6
11.977320 2.200592 21.043981 6
5.916423 5.773780 14.200121 6
-0.673283 4.758813 3.383184 1
6.590456 1.140539 8.457713 1
12.584402 2.330167 20.248153 1
5.234318 5.775579 15.125840 1
1.032326 4.867125 2.840559 17
4.822127 1.415113 8.913949 17
10.776129 2.039367 20.808715 17
6.978165 5.415892 14.544733 17
16.594517 4.765828 1.189617 17
6.794082 1.332799 10.695751 17
-4.750567 2.136170 22.429976 17
5.092026 5.659648 12.956301 17
0.208068 0.094295 1.965678 17
5.528501 3.685025 9.922889 17
11.421662 6.795644 21.591684 17
6.191973 3.395695 13.668884 17
-0.114626 5.536333 2.374010 6
5.994647 1.979848 9.390247 6
11.978951 1.404924 21.106899 6
5.759078 4.835781 14.153623 6
-0.725439 5.486656 3.135806 1
6.606239 2.109582 8.598955 1
-4.923308 1.467380 20.389381 1
5.044959 4.946222 15.013973 1
