5.478386 7.708530 13.622449 16
2.860045 12.626154 8.905337 16
2.269186 10.697452 1.462024 8
2.108097 11.382573 1.716761 1
3.490482 17.089265 8.799591 8
4.902890 17.655214 14.153277 8
3.544184 5.488446 6.590021 9
3.747573 14.239547 5.092002 8
3.126577 2.985998 5.724473 8
4.705617 15.786030 5.324761 1
7.237611 12.886517 7.680178 7
6.313874 13.093108 7.905478 1
2.734176 14.256158 5.858405 6
6.241431 12.869830 2.214920 8
6.632639 8.433411 2.020051 9
5.128652 11.873301 0.541856 7
6.600372 18.707037 15.039153 1
1.430877 5.841983 6.874911 9
5.424272 16.329702 8.339952 8
8.228702 14.623668 15.299462 9
4.471661 7.486756 14.780087 7
3.524742 7.265443 14.557991 1
2.808870 8.245765 0.554186 9
6.944859 7.499444 14.159349 8
7.861479 15.288917 6.470901 7
7.246581 15.382326 7.400900 1
2.232486 5.271211 5.022823 9
4.202290 12.978391 8.382938 8
7.639604 13.001248 6.421565 6
2.839598 12.282877 6.194750 1
3.774116 17.165807 14.475573 6
2.812580 10.847157 9.253944 6
1.789395 0.973742 1.717092 6
3.998166 14.364768 2.680882 1
2.857566 14.068557 1.450272 1
6.514978 10.252859 13.866714 6
7.186972 9.935844 14.496084 1
7.812083 13.216069 10.144283 8
6.785644 10.096964 0.559358 6
1.258289 2.426668 1.854469 6
8.164786 16.874056 13.711098 8
2.850757 0.757391 0.773990 6
3.608836 1.489894 0.892155 1
5.409298 2.596064 2.562351 6
4.924786 1.895557 2.938399 1
1.693411 8.567766 0.953364 6
1.789181 3.460002 1.211236 6
2.662974 3.469915 0.606625 1
5.417020 10.630680 0.905148 6
5.189853 10.428271 1.853922 1
4.766182 9.876299 0.400878 1
5.168733 7.224716 12.301805 8
5.969324 11.256927 5.441790 6
5.522418 5.100288 2.151871 6
5.235295 5.874875 2.124750 1
2.158548 3.534770 6.433883 6
6.639701 10.249651 6.002254 6
1.952159 10.237089 6.621730 1
7.354400 10.385389 10.039961 6
6.663555 10.901674 10.428731 1
4.369859 16.804290 8.024409 6
6.538598 12.649795 5.491929 6
5.652157 13.119715 5.628392 1
6.774253 12.922965 4.531608 1
5.518528 9.461839 13.302735 6
5.445743 12.892793 1.135136 6
4.586797 11.504603 12.553443 6
3.872828 12.039159 11.965287 1
3.907743 10.160885 8.736770 6
4.542680 10.472214 8.039088 1
6.260841 3.117363 6.132515 6
6.180422 3.191991 5.222375 1
5.568069 3.879610 6.610195 1
5.614151 12.261424 12.959553 6
3.818863 8.697209 8.862627 6
4.586173 8.145880 8.539955 1
4.698562 11.037675 4.627799 6
4.369320 11.728292 4.117732 1
2.432613 4.973509 6.337016 6
2.733429 8.108519 9.566195 6
7.176478 8.971637 10.106816 6
6.503643 8.641711 10.728646 1
4.837993 8.643839 5.132177 6
4.577766 7.750343 5.164270 1
4.890364 3.984093 2.668931 6
4.166863 4.038220 3.164165 1
1.411684 4.783040 1.355913 6
1.832075 5.582536 0.999296 1
5.469400 13.879091 12.783940 6
6.223027 14.268421 13.240724 1
4.698184 14.241690 13.059363 1
5.532091 13.925117 11.774843 1
5.686596 16.093050 9.646594 6
6.566815 15.582569 9.864485 1
5.006419 15.379793 10.102927 1
5.708046 16.810563 10.109557 1
4.482584 10.098224 12.652069 6
3.870991 9.549972 12.280681 1
6.007847 8.951237 5.877159 6
6.590641 8.096150 6.430127 1
6.587564 11.609836 13.736502 6
7.257200 12.351508 14.259652 1
2.861151 6.656810 9.880895 6
2.131262 6.438275 10.567057 1
3.623899 6.391786 10.426405 1
2.884944 6.170595 9.184958 1
4.317744 9.733707 4.631200 6
3.434212 9.517241 3.988347 1
8.441471 17.245068 12.233113 6
7.556475 16.935055 11.877858 1
3.727488 16.663411 11.919879 1
8.554512 18.070902 12.217905 1
