2.184278 3.417316 0.300887 8
3.189238 7.373499 5.928734 8
8.344967 4.322189 12.204538 8
7.443789 0.357545 6.365165 8
2.875059 5.009325 1.593771 8
2.468129 1.183135 4.728321 8
7.627798 2.744590 10.846732 8
8.132730 6.665119 7.696268 8
5.583569 4.267574 4.647505 8
-0.193569 0.283566 1.632943 8
5.107055 3.658240 7.929571 8
10.759178 7.419283 10.750106 8
5.840452 4.774356 2.398256 8
-0.570040 1.019016 3.687478 8
4.673768 2.876805 9.928601 8
11.083506 6.916649 8.761881 8
2.989960 3.891623 1.090567 6
2.361736 0.085376 4.974292 6
7.497546 3.935954 11.340444 6
8.184228 7.756781 7.423013 6
3.867595 2.961707 1.511877 6
1.267687 6.835162 4.683982 6
6.524038 5.019221 10.858930 6
9.313802 0.929503 7.758638 6
4.608789 2.961480 0.920627 1
0.619360 6.753174 5.414495 1
5.857714 5.022335 11.534094 1
10.022192 0.946900 7.131799 1
4.720558 2.734981 2.940224 6
0.560176 6.742801 3.271841 6
5.838827 4.951646 9.523906 6
9.916521 1.035200 9.170195 6
3.998990 2.661528 3.669804 1
1.332814 6.697409 2.673473 1
6.655451 4.996995 8.805972 1
9.117690 1.278264 9.822886 1
5.593524 1.507242 2.993881 6
-0.278955 5.499181 3.333147 6
4.985925 6.319747 9.496921 6
10.771074 2.377059 9.117537 6
5.617620 1.238965 4.029337 1
-0.204107 5.135170 2.301982 1
5.007808 6.624537 8.479613 1
10.822655 2.555467 10.068673 1
5.026055 0.451377 2.132226 6
0.322400 4.248714 4.037553 6
5.546834 7.414451 10.283202 6
10.139119 3.552286 8.464474 6
5.308647 7.310420 2.376652 1
-0.135657 3.401235 3.912476 1
5.047359 0.477316 10.082455 1
10.665833 4.435799 8.480988 1
3.905883 0.344779 1.372571 6
1.358268 4.289350 4.755452 6
6.757941 7.421582 10.942023 6
9.126671 3.471856 7.636421 6
3.626613 7.417429 0.981112 1
1.783371 3.599755 5.155097 1
6.942496 0.346295 11.474044 1
8.820086 4.260270 7.143044 1
3.075350 1.569252 1.225644 6
2.124549 5.510496 4.966566 6
7.475217 6.194764 11.146769 6
8.332252 2.202440 7.571501 6
2.461589 1.615108 2.002480 1
2.854576 5.519883 4.098735 1
8.102533 6.147814 10.443203 1
7.669990 2.305894 8.165160 1
0.582443 1.980416 12.406850 6
2.834824 5.953788 6.150961 6
10.115916 5.762909 0.072697 6
7.754073 1.936196 6.179477 6
1.011431 1.871774 11.715529 1
2.329379 5.814022 6.960349 1
9.363227 5.915995 0.781731 1
8.311738 2.037429 5.536084 1
-0.263429 1.585680 12.276746 1
3.664023 5.390145 6.257653 1
10.909216 6.300930 0.065538 1
6.958165 2.452546 6.006315 1
5.479566 4.029592 3.333179 6
-0.147179 0.129340 2.948406 6
5.110659 3.713363 9.161204 6
10.604995 7.742872 9.508123 6
7.082168 1.712939 2.673852 6
10.760684 5.716962 3.618446 6
3.427723 6.117801 9.743507 6
-0.130541 2.077164 8.776449 6
7.441932 2.599267 3.116221 1
10.453722 6.326196 3.082533 1
3.076674 5.304806 9.280669 1
0.107923 1.389280 9.420823 1
6.184127 5.472836 5.045123 6
11.621792 1.402456 1.162887 6
4.267338 2.514595 7.322151 6
-0.896529 6.298103 11.328182 6
7.076651 5.314596 4.625265 1
10.603848 1.443801 1.604273 1
3.382420 2.461865 7.899904 1
-0.189996 6.236116 10.787719 1
6.257475 5.397614 6.053993 1
11.399760 1.368858 0.114339 1
4.106016 2.400202 6.418906 1
-0.798931 6.347878 12.141841 1
5.786202 6.108768 4.827685 1
12.050092 2.260546 1.418444 1
4.870565 1.529801 7.586976 1
-1.397348 5.582682 11.003488 1
7.283225 2.148497 1.081576 6
10.550873 6.071559 5.170043 6
3.342265 5.664400 11.272611 6
-0.038107 1.798369 7.425613 6
8.238366 2.159219 0.991743 1
9.520154 6.055377 5.252620 1
2.416733 5.682175 11.521787 1
1.039643 1.678236 7.176592 1
6.836810 3.096344 0.893844 1
10.911625 7.067551 5.258777 1
3.580824 4.677614 11.536708 1
-0.376685 0.941004 7.207451 1
6.872648 1.433764 0.483964 1
11.014376 5.332237 5.636019 1
3.772614 6.219850 11.890864 1
-0.431415 2.313389 6.830710 1
7.942173 0.558334 2.902093 6
9.793440 4.501868 3.249879 6
2.715553 7.282052 9.467891 6
0.677635 3.433912 9.147424 6
7.658996 7.696734 2.283846 1
10.165077 3.757258 3.990846 1
2.869390 0.136965 10.164443 1
0.511569 4.176626 8.407121 1
7.717843 0.119755 3.717527 1
10.209647 4.146501 2.382290 1
2.832105 7.658302 8.577947 1
0.483157 3.805561 9.970914 1
8.907825 0.673352 2.857820 1
8.980808 4.709050 3.267027 1
1.724849 7.178079 9.622304 1
1.540549 3.171630 9.152509 1
