1.361259 0.890647 1.104277 46
0.684106 8.935882 5.199880 46
2.765277 14.703482 11.711225 46
3.515656 6.932747 7.604191 46
0.802016 3.000687 2.127473 17
1.301966 10.869564 4.204728 17
3.403612 12.844093 10.607541 17
2.990378 4.861118 8.671016 17
-1.214983 15.315452 11.874734 7
-0.219460 7.425267 7.530902 7
5.435835 0.503638 1.048179 7
4.668789 8.368557 5.325465 7
1.934325 15.163332 0.153179 7
0.390638 7.152400 6.251880 7
2.348545 0.688524 12.735742 7
4.036112 8.533863 6.548680 7
0.729185 15.024662 2.465288 7
1.478583 7.223179 3.834014 7
3.568557 0.602902 10.361343 7
2.831484 8.556604 8.924386 7
-0.040608 15.122228 3.604013 7
2.129219 7.228512 2.695072 7
4.410274 0.617761 9.111502 7
2.085359 8.346577 10.205668 7
-1.229227 1.789379 12.425015 6
-0.111932 9.719653 6.755439 6
5.649904 13.895715 0.395493 6
4.472962 6.138433 6.123297 6
-0.948258 3.134449 12.258472 6
-0.457774 11.113361 6.924786 6
5.186602 12.689093 0.496298 6
4.804365 4.729636 5.771942 6
-0.241518 3.590623 11.245995 6
-1.187449 11.313892 8.213133 6
4.657133 12.257348 1.765882 6
5.588208 4.408132 4.669902 6
0.200798 2.602644 10.158474 6
-1.643074 10.409766 9.079507 6
4.171587 13.105173 2.709675 6
5.947004 5.158131 3.881323 6
-0.256788 1.359679 10.401066 6
-1.370986 9.185697 8.804921 6
4.471397 14.551845 2.524682 6
5.588793 6.572911 3.957103 6
-0.958575 0.929166 11.460131 6
-0.691791 8.749927 7.706919 6
5.167906 14.782365 1.343298 6
4.994222 6.887681 5.124343 6
-0.958037 14.243562 10.799007 6
-0.567725 6.386854 8.399110 6
5.275430 1.500433 2.024955 6
4.835929 9.503453 4.561678 6
1.368801 14.020696 0.673832 6
0.635748 6.084480 5.783533 6
2.831648 1.841251 12.207185 6
3.569926 9.683643 7.083166 6
0.725784 13.930233 1.884362 6
1.364481 6.046687 4.643228 6
3.407450 1.714351 10.968415 6
3.012885 9.640600 8.313012 6
-0.432901 13.912551 4.369732 6
2.599009 6.064652 2.068920 6
4.782686 1.682472 8.503771 6
1.703313 9.608272 10.656919 6
0.526548 0.391932 4.600365 6
1.704863 8.296525 1.872532 6
3.800885 15.271399 8.356097 6
2.671810 7.437805 10.906093 6
-0.349543 1.121904 5.395801 6
2.433877 8.970429 1.045506 6
4.687709 14.754493 7.368580 6
1.756096 6.709650 11.900067 6
0.050327 2.033565 6.404670 6
2.071545 9.899892 0.122198 6
4.165205 13.690186 6.510494 6
2.277246 5.842774 12.674058 6
1.495047 2.280099 6.351532 6
0.796577 10.233206 0.143138 6
2.879340 13.429979 6.451817 6
3.481948 5.568919 12.686949 6
2.258318 1.676920 5.557625 6
-0.184310 9.570766 1.050261 6
2.052523 14.007563 7.282921 6
4.453450 6.125753 11.922547 6
1.907395 0.703941 4.645047 6
0.282697 8.599410 1.860841 6
2.443911 15.050667 8.151053 6
3.996012 7.146748 11.109414 6
2.439482 3.820705 0.119400 1
-0.216539 11.731904 6.429886 1
1.853709 11.777109 12.836539 1
4.670621 4.031067 6.362074 1
0.021368 4.550390 11.116044 1
-1.374597 12.348964 8.173760 1
4.325607 11.294429 1.764233 1
5.699884 3.325155 4.623230 1
0.497460 2.896416 9.461729 1
-1.997380 10.815257 9.825642 1
3.630412 12.928145 3.321123 1
6.401756 5.070327 3.143040 1
0.026152 0.708607 9.694847 1
-1.678785 8.515270 9.530860 1
4.116931 15.127914 3.055703 1
6.006328 7.233080 3.327570 1
-0.920039 13.414595 11.250154 1
-0.511533 5.436196 7.915138 1
5.238563 2.460152 1.476589 1
4.869294 10.299296 4.859642 1
-1.507948 14.166535 10.159330 1
0.019194 6.245610 9.218836 1
5.859551 1.554712 2.741409 1
4.142043 9.525783 3.791605 1
-0.137163 14.145178 10.569908 1
-1.303488 6.211878 8.821303 1
4.412813 1.772808 2.329550 1
5.722538 9.551400 4.067848 1
1.549618 13.104745 0.039358 1
0.664837 5.245058 6.371987 1
2.814474 2.530755 12.750716 1
3.550575 10.381055 6.462441 1
0.401479 13.241061 2.197999 1
1.732144 5.213195 4.242876 1
3.888033 2.658788 10.734600 1
2.468771 10.416427 8.640516 1
0.196469 13.338962 4.501376 1
1.912844 5.520020 2.050141 1
4.087546 2.378917 8.330636 1
2.286404 10.390942 10.841823 1
6.751950 13.526182 3.896443 1
3.343242 5.589964 2.527427 1
-2.411504 2.209033 8.987706 1
0.974283 10.046914 10.208390 1
-0.761642 14.108955 5.083886 1
2.852384 6.175227 1.253602 1
5.016607 1.710259 7.776617 1
1.471885 9.483462 11.511169 1
-1.260696 0.949507 5.472595 1
3.485608 8.741879 0.936632 1
5.630889 14.846657 7.401478 1
0.960241 6.991130 11.766019 1
-0.497645 2.504552 6.928801 1
-0.984513 10.283531 12.309579 1
4.870875 13.280347 5.953551 1
5.207783 5.328587 0.506055 1
1.713211 3.113135 7.153947 1
-3.262061 10.849067 12.185263 1
2.597205 12.637627 5.858875 1
7.490614 4.855007 0.573272 1
3.214448 1.950370 5.510295 1
6.749457 9.919999 0.925182 1
0.940974 13.835988 7.303429 1
-2.580517 5.883441 11.952841 1
2.508352 0.331831 4.049016 1
-0.282544 8.305718 2.556070 1
1.926685 15.304093 8.902168 1
4.600704 7.550931 10.485746 1
