1.075848 3.486880 0.973604 6
0.436785 10.939178 4.971547 6
1.867133 11.129678 11.096772 6
2.560670 3.688314 7.243769 6
-0.917843 3.116703 12.052873 6
0.636321 10.529666 6.358218 6
3.977370 11.487484 0.270817 6
2.254584 4.132761 5.955641 6
2.755977 2.104461 11.763868 6
1.615961 9.418872 6.603884 6
0.261222 12.389442 0.420896 6
1.231958 5.116595 5.694073 6
3.918616 1.534746 0.566605 6
2.395115 8.958638 5.480030 6
-0.875098 12.951694 11.576251 6
0.603304 5.702701 6.788298 6
3.280636 0.885181 0.515601 1
3.077790 8.265654 5.650048 1
-0.311408 13.678204 11.692280 1
-0.044381 6.407178 6.522115 1
4.212784 2.103937 2.017248 6
1.986886 9.400474 4.182653 6
-1.262514 12.649515 10.289032 6
0.958815 5.334494 7.963416 6
3.581018 1.608712 2.672062 1
2.487546 9.052074 3.365938 1
-0.777198 12.984997 9.492246 1
0.531638 5.579826 8.760274 1
0.368488 2.981550 2.161030 6
1.031434 10.249230 4.084640 6
2.600419 11.534429 10.055921 6
1.777608 4.246486 8.171901 6
0.490120 3.280126 2.992296 1
0.874666 10.615986 3.116898 1
2.353755 11.211470 9.325472 1
1.995413 4.055578 9.191008 1
-0.410010 3.764919 10.925457 8
0.156333 10.897501 7.461365 8
3.293804 10.849612 1.313225 8
2.902125 3.628650 4.844071 8
0.116577 4.260214 11.087047 1
-0.435065 11.511069 7.226600 1
2.743809 10.347658 1.076851 1
3.419315 3.026327 4.958159 1
2.640498 1.766402 10.404015 8
1.776753 9.103851 7.935016 8
0.303967 12.811052 1.677110 8
1.134045 5.586847 4.272837 8
1.446422 0.871032 10.077236 6
2.985073 8.243770 8.131869 6
1.440280 13.653311 2.115120 6
-0.092987 6.439061 4.004115 6
1.633148 0.010858 10.658508 1
2.692164 7.363205 7.738528 1
1.255960 0.053101 1.641921 1
0.149152 7.331192 4.459223 1
1.289119 0.818997 9.235967 1
3.078227 8.204784 9.108600 1
1.569770 13.734644 3.040548 1
-0.012850 6.408669 3.091101 1
0.568966 1.292046 10.634335 1
-0.899924 8.570791 7.808795 1
2.305529 13.336948 1.754042 1
3.921650 6.101490 4.513017 1
2.132728 4.556945 1.250386 6
-0.526819 12.019162 4.758514 6
0.932027 9.918368 10.886563 6
3.634951 2.756022 7.362621 6
2.231887 4.843483 2.199019 1
3.882607 12.125050 3.950765 1
0.693440 9.782366 10.088776 1
-0.967676 2.456639 8.268285 1
2.638934 5.105060 0.403043 7
3.528684 12.581727 5.763852 7
0.247437 9.519607 11.800467 7
-0.497075 2.206520 6.417355 7
3.634226 6.087205 0.861720 8
2.604481 13.442860 5.230303 8
-0.654615 8.479751 11.358519 8
0.345578 1.045272 7.019663 8
2.575599 6.813594 11.950647 6
1.833372 14.062488 6.413033 6
0.351742 7.773802 0.232825 6
1.140249 0.509213 5.810966 6
1.841155 7.086311 11.226320 1
2.646766 14.548213 7.120746 1
1.155815 7.508319 0.846086 1
0.399977 0.194155 5.088849 1
2.998613 6.038251 11.468724 1
1.385300 13.392918 6.958604 1
-0.100460 8.464536 0.728563 1
1.526437 1.117623 5.284729 1
