12.906941 12.978896 6.376071 8
8.304914 12.884331 12.678812 8
3.903079 1.383882 7.112796 8
13.103443 11.632644 12.079953 8
6.227035 10.466814 9.156541 8
10.808889 2.651040 9.861231 8
7.199628 9.241166 11.643127 8
9.608152 3.676367 7.448375 8
9.251451 7.264113 11.881429 8
7.621426 5.804177 7.350848 8
11.760200 7.491305 10.260807 8
5.320216 5.391704 8.904329 8
12.968551 8.666445 8.214063 8
4.014876 4.371819 11.058195 8
12.107391 9.271259 3.468776 8
4.728653 3.765617 15.553928 8
10.783814 8.213047 1.479749 8
6.234330 4.648256 17.792405 8
8.247093 8.651305 0.183046 8
8.830524 4.517604 18.929101 8
6.258999 9.356499 2.062405 8
10.728020 3.679274 16.963523 8
5.957675 10.874384 4.530273 8
10.869458 2.137566 14.743046 8
6.326224 1.333712 5.610256 7
10.626183 11.627487 13.697338 7
9.561723 9.726911 8.772430 7
7.478105 3.313056 10.394339 7
8.657515 0.980013 5.361719 6
8.344202 11.974099 13.907274 6
9.210684 0.570701 4.503469 1
7.628976 12.373753 14.518627 1
9.127268 1.836953 5.635018 1
7.963300 11.273652 13.604346 1
7.320134 1.108043 4.730132 6
9.536399 11.963485 14.481040 6
7.210098 1.100740 3.302823 6
9.819332 11.896563 15.896039 6
7.838116 0.868733 2.799371 1
9.118283 12.098500 16.499751 1
5.977816 1.316837 2.725620 6
11.000457 11.607189 16.307940 6
5.678696 1.428016 1.861689 1
11.246073 11.647427 17.355510 1
4.966827 1.592013 3.697911 6
12.045557 11.396150 15.486328 6
3.980104 1.867630 3.402026 1
13.012456 11.232370 15.772282 1
5.194322 1.695994 5.010263 6
11.799948 11.421161 14.180465 6
4.091867 2.042551 5.977421 6
12.948765 10.854888 13.229765 6
4.278595 3.104968 6.196120 1
12.718080 10.018864 13.013396 1
3.152335 2.096845 5.396416 1
13.859095 10.748787 13.667710 1
3.313452 0.220064 6.920567 6
13.828883 12.934547 12.097110 6
7.046971 12.457042 8.089426 6
9.955838 0.608346 10.956004 6
7.315063 12.905028 9.074248 1
9.728594 0.092776 10.259449 1
6.458425 11.226612 8.213108 6
10.442926 1.850180 11.145062 6
6.102606 10.697688 6.954599 6
10.941799 2.476914 12.203256 6
5.741018 9.792349 6.916305 1
11.273535 3.330208 12.199968 1
6.352438 11.348899 5.757285 6
10.531651 1.715502 13.426545 6
6.986893 12.666039 5.844023 6
9.968191 0.502151 13.321113 6
3.124456 0.127184 4.999165 1
9.958075 0.052635 14.167845 1
6.198417 10.994798 10.601377 6
10.761458 2.009413 8.703584 6
5.572894 11.703311 10.605672 1
11.303892 1.236489 8.526531 1
7.143516 11.427715 10.565633 1
9.901005 1.554363 8.436331 1
6.140516 9.864042 11.467048 6
10.938938 3.024317 7.621858 6
5.784983 10.389972 12.328010 1
11.149609 2.655412 6.738817 1
5.450283 9.391733 11.170768 1
11.593623 3.683230 7.909894 1
7.223273 8.002367 12.444234 6
9.842709 4.958746 6.767036 6
6.742703 7.290575 11.749937 1
10.304786 5.688255 7.437203 1
6.626066 8.086541 13.223109 1
10.370757 4.780248 6.091930 1
8.550068 7.570912 12.812407 6
8.436589 5.355407 6.315082 6
8.819381 8.271527 13.451256 1
8.121882 4.701214 5.699603 1
8.326727 6.865874 13.441951 1
8.529174 6.189764 5.804423 1
10.582074 6.852476 12.336660 6
6.447447 6.148916 6.948615 6
10.400827 6.131249 12.920944 1
6.547849 6.889160 6.319411 1
11.080750 7.600155 12.716241 1
5.932694 5.419508 6.533797 1
11.435883 6.505241 11.125245 6
5.540295 6.554632 8.155969 6
12.276587 5.965953 11.490650 1
4.652231 6.908425 7.801178 1
10.859504 5.814435 10.691494 1
5.993974 7.344593 8.486864 1
12.927694 8.010789 10.487365 6
3.918682 4.905120 8.819554 6
13.776981 7.311502 10.286914 1
3.252803 5.595770 8.974767 1
13.164035 8.457756 11.266781 1
3.779845 4.717186 7.848046 1
13.251086 9.230643 9.547235 6
3.751208 3.811088 9.674034 6
12.517504 9.777433 9.583577 1
4.552191 3.142831 9.597577 1
14.164330 9.601129 9.650842 1
2.848539 3.508599 9.606466 1
12.866932 9.545199 7.066870 6
4.059297 3.443951 11.983533 6
13.033410 10.926353 7.267884 6
3.965933 2.203594 11.991953 6
13.174669 11.206900 8.181580 1
3.674253 1.702148 11.074653 1
12.738758 11.639487 6.231622 6
4.148144 1.328929 13.048563 6
12.494407 11.207146 4.988605 6
4.479628 1.925135 14.296719 6
12.278812 11.645564 4.089943 1
4.655198 1.296087 14.967600 1
12.332599 9.799079 4.891043 6
4.612694 3.198681 14.303451 6
12.503773 9.018654 5.995029 6
4.345103 4.057709 13.363475 6
12.434262 7.898915 5.751585 1
4.528773 5.087892 13.397196 1
11.901203 7.907183 3.362106 6
4.900526 5.172792 15.832634 6
11.137042 7.486225 3.769181 1
5.724210 5.329978 15.274084 1
12.810884 7.497955 3.704984 1
4.267197 5.593431 15.459939 1
11.837084 7.673887 1.880692 6
5.178372 5.270390 17.206399 6
12.553298 7.961143 1.506607 1
4.346190 5.034632 17.709589 1
11.788906 6.744797 1.641825 1
5.122027 6.269568 17.487930 1
10.498408 8.008082 0.072661 6
6.447292 5.036431 19.054613 6
12.615545 7.175687 19.083535 1
4.175838 5.988242 0.177994 1
13.706886 8.138549 18.637144 1
3.256835 4.896837 0.433235 1
11.932689 8.874687 18.799006 6
5.062275 4.145125 0.494678 6
12.146201 9.928821 18.875646 1
4.885632 3.088711 0.286302 1
11.871958 8.920164 17.810278 1
5.255108 4.201928 1.448157 1
9.618034 9.521229 19.132708 6
7.373562 3.393927 0.160211 6
9.343072 9.441160 18.136082 1
7.518755 3.423112 1.028580 1
7.356202 10.391125 0.189568 1
9.624733 2.645676 19.138533 1
6.000341 9.088588 0.814199 6
10.995344 3.876355 18.338246 6
5.201663 9.831590 0.502978 1
11.781476 3.292241 18.701066 1
5.694413 8.245278 0.542994 1
11.213580 4.857129 18.583784 1
5.017681 9.290375 3.006731 6
11.820399 3.631908 16.328239 6
4.613938 8.549197 2.883032 1
12.340408 4.438477 16.335510 1
4.507831 10.086069 2.663592 1
12.547666 2.821193 16.462382 1
5.565302 9.598853 4.293869 6
11.496395 3.420037 14.785514 6
4.625808 9.463043 4.864529 1
12.201043 3.596218 14.154948 1
6.226518 8.921785 4.632969 1
10.848469 4.028213 14.514451 1
9.661220 10.057423 9.981525 6
7.199569 2.877862 9.187843 6
9.632038 9.457978 10.675035 1
7.472173 3.583620 8.532760 1
10.192873 11.388197 10.463558 6
6.883855 1.633438 8.819262 6
10.334614 11.525391 11.374788 1
6.726046 1.534254 7.930017 1
10.216400 12.338089 9.383315 6
6.645953 0.752983 9.694685 6
10.179492 11.863637 8.052160 6
6.799530 1.003494 11.080770 6
10.245396 12.499520 7.337784 1
6.644961 0.444015 11.839770 1
9.784221 10.644274 7.818183 6
7.140111 2.362110 11.413268 6
9.592500 10.371907 6.797007 1
7.278245 2.550604 12.298441 1
9.136309 8.426610 8.411952 6
7.918366 4.615560 10.775047 6
9.113822 8.330889 7.440638 1
7.831238 4.604659 11.741132 1
8.280685 8.110445 8.782861 1
8.608207 4.835131 10.351090 1
9.877058 7.722431 8.779599 1
7.099146 5.271596 10.525181 1
11.055759 3.428622 2.861649 15
5.866938 9.517273 16.176481 15
10.391295 2.142753 2.278220 9
6.464134 10.813767 16.925431 9
10.631760 4.148027 1.711506 9
6.250095 8.834335 17.478106 9
11.331870 4.882851 3.533004 9
5.594806 8.197324 15.618582 9
11.361832 2.730317 4.301334 9
5.649096 10.290332 14.916552 9
9.456379 3.538766 3.455625 9
7.433341 9.362297 15.623066 9
1.988916 3.183122 2.400630 9
14.938115 9.669092 16.786172 9
8.945162 8.858834 4.932859 7
8.057716 4.125595 14.273576 7
8.944692 9.741959 4.033143 6
8.051502 3.237160 15.119070 6
9.159476 10.683884 3.023633 6
7.830991 2.254786 16.126830 6
5.734493 5.878630 3.541035 7
11.301724 7.135513 15.631081 7
6.807608 6.096388 2.951614 6
10.186398 6.906404 16.226071 6
7.888750 6.469032 2.371723 6
9.028814 6.538904 16.651463 6
3.429738 5.307399 5.245538 8
13.481678 7.695706 13.940941 8
