5.159481 -1.926443 5.995511 16
-0.706177 9.108473 7.411336 16
2.326006 -1.036003 3.874006 16
2.189408 8.330972 9.350867 16
6.826189 3.485388 5.245018 9
-2.362449 3.747643 8.125063 9
6.076659 3.393925 7.191975 9
-1.689673 3.761385 6.118655 9
5.196487 5.670316 5.183981 9
-0.823289 1.625276 8.005808 9
4.102281 4.860293 6.691189 9
0.451340 2.446147 6.464287 9
4.073207 4.146384 3.472451 9
0.338461 2.872341 9.859271 9
2.536686 4.365919 4.750176 9
2.009697 2.899246 8.366425 9
7.372253 -3.174362 7.294333 7
-2.836670 10.265513 5.971102 7
-2.796565 12.150279 1.879875 7
7.239697 -4.892540 11.353717 7
5.524528 9.457365 7.896247 6
-0.934110 -2.198170 5.367372 6
5.335272 8.105698 7.628131 6
-0.904221 -0.833995 5.630753 6
4.651938 7.673566 6.943054 1
-0.219534 -0.483156 6.293960 1
6.280202 7.109712 8.085467 6
-1.866852 -0.044042 5.235986 6
6.253158 6.254664 7.973870 1
-1.824805 0.914460 5.310237 1
-4.353974 7.718209 8.892020 6
8.759838 -0.395199 4.358278 6
-3.699343 7.036829 9.333386 1
8.195769 0.036137 3.811164 1
-1.266525 -4.285021 9.306321 6
8.688670 -1.781928 3.962550 6
-0.619039 -4.019356 9.811924 1
4.978674 11.196017 3.522391 1
-2.165272 -3.513034 8.667840 6
6.631557 10.719453 4.512361 6
-2.046719 -2.084628 8.838827 6
6.686394 9.207181 4.457431 6
-3.117031 -1.326032 8.329185 6
7.576117 8.533831 4.906920 6
-3.149607 -0.322751 8.355838 1
7.508321 7.527184 4.860291 1
7.436987 -1.910144 7.513859 6
-3.013270 9.016024 5.837457 6
-0.979027 -1.310914 9.617472 6
5.513950 8.543733 3.679100 6
0.171691 -1.570590 9.445887 6
4.242793 8.841209 3.906714 6
0.449669 -2.109123 8.566971 1
3.993608 9.385933 4.649006 1
1.272183 -0.853271 10.008818 6
3.231977 8.177805 3.205502 6
2.211103 -1.018482 9.815224 1
2.291722 8.357583 3.449409 1
0.877641 -0.107981 11.072663 6
3.557250 7.291655 2.122524 6
1.653053 0.424789 11.681742 1
2.921665 6.864298 1.712930 1
-0.347100 0.137900 11.471293 6
4.917365 7.123285 1.957354 6
-0.630200 0.768372 12.064023 1
5.131594 6.505251 1.118438 1
-1.435103 -0.454915 10.738705 6
5.900058 7.619148 2.597815 6
-2.280923 -0.363228 10.975346 1
6.721776 7.584350 2.424349 1
6.473430 -0.973421 6.751325 6
-1.906704 8.168127 6.514589 6
6.321264 0.268307 6.746294 6
-1.965612 6.849988 6.488517 6
7.075770 0.837037 7.124912 1
-2.611328 6.263978 6.061076 1
5.255974 0.892055 5.967561 6
-0.815497 6.460432 7.266361 6
4.894385 2.027545 5.569839 6
-0.470121 5.151064 7.535750 6
5.597385 3.443358 5.988409 6
-1.248933 3.851257 7.354171 6
4.727271 4.447441 5.690967 6
-0.250199 2.682795 7.645016 6
3.612673 3.813242 4.676541 6
0.815363 3.396179 8.549559 6
3.857291 2.481114 4.730319 6
0.610615 4.891971 8.541569 6
3.026758 1.388389 4.201131 6
1.425893 5.763441 8.909429 6
1.909192 1.582274 3.491427 6
2.514041 5.812929 9.804389 6
1.485180 2.377454 3.157901 1
2.865550 4.972891 10.135227 1
1.340524 0.328301 3.222196 6
3.062043 6.856768 10.157654 6
3.635719 -0.040487 4.374452 6
0.814181 7.329738 8.876470 6
4.247381 -0.209490 5.683233 6
0.298779 7.424512 7.484896 6
3.277561 -0.006636 4.915426 6
1.221891 7.167451 8.347000 6
4.630523 -0.155207 5.000696 6
-0.193159 7.403830 8.360464 6
0.275587 0.121478 2.335081 6
4.248763 7.215388 10.890309 6
-0.609899 1.009016 1.919634 6
5.161573 6.085095 11.345175 6
-0.507310 1.882617 2.272965 1
5.036381 5.216296 10.965441 1
9.637416 0.882737 1.355753 6
-5.303602 6.281337 11.952423 6
9.401447 -0.374215 0.885586 6
-2.142072 -5.605627 12.513762 6
5.402263 12.473961 0.086905 6
-0.915887 -5.205993 13.049120 6
0.559249 6.896172 13.220625 1
3.785739 0.231371 0.132544 1
1.137574 5.053849 13.003027 6
3.322518 2.197794 0.215818 6
0.308779 4.710899 12.600606 1
4.148798 2.380644 0.633599 1
6.222577 10.275838 0.126317 6
2.403056 3.182164 0.020821 6
1.923285 3.096643 13.073115 1
2.550994 4.056486 0.359414 1
7.294569 10.668426 0.711913 6
-2.916091 -3.459085 12.501696 6
8.055792 9.930520 1.021934 1
-3.515671 -2.817863 12.225275 1
7.634186 11.933336 1.215840 6
-3.199341 -4.662740 12.082161 6
8.750652 2.006359 1.086809 6
-4.227956 5.336823 12.319743 6
4.294562 -3.945281 12.869196 6
0.281679 11.048161 0.234921 6
4.713875 -4.334660 12.243175 1
-0.202033 11.442623 1.038656 1
3.401588 -2.996713 12.653139 6
1.090305 10.133684 0.581393 6
3.195994 -2.676717 11.794771 1
1.395512 9.992648 1.418367 1
6.971022 3.822184 0.326898 6
-2.491626 3.216335 12.844825 6
6.213284 4.576364 0.107909 1
-1.848245 2.697073 13.110121 1
7.170684 3.568535 1.752976 6
-2.757220 3.571235 11.505658 6
6.785397 4.174117 2.428023 1
-2.300983 2.995294 10.863150 1
8.099047 2.647015 2.030718 6
-3.638108 4.556040 11.188539 6
8.326248 2.386139 2.880178 1
-3.872450 4.749410 10.295704 1
4.930928 -0.216345 3.255891 6
-0.553888 7.307152 9.939783 6
4.631604 -0.062817 2.316482 1
-0.067677 7.145324 10.859204 1
5.233964 -1.103971 3.414642 1
-0.839178 8.333784 9.830782 1
5.684499 0.437049 3.524481 1
-1.194907 6.716502 9.662047 1
3.038070 -0.236494 6.647438 6
1.459820 7.316098 6.516274 6
3.232323 -0.438535 7.585254 1
1.294796 7.637740 5.649454 1
2.345759 -0.874392 6.385864 1
2.206431 8.164618 6.722853 1
2.615915 0.593365 6.610427 1
1.894876 6.610486 6.625779 1
-1.848816 6.221576 2.609360 6
6.311092 0.854367 10.537902 6
-0.558762 5.620668 3.346848 8
5.143703 1.425343 9.963094 8
-0.585168 7.318062 2.440098 8
5.092674 -0.053193 10.821200 8
0.016034 5.817192 1.239494 6
4.485431 1.441787 11.895714 6
-0.120967 4.968283 2.449778 8
4.589158 2.258596 10.884990 8
