7.231769 4.992510 6.965501 8
3.549038 13.073084 6.661061 8
3.563861 11.145780 2.091176 8
7.168655 3.118051 2.315539 8
6.581755 14.887942 1.869790 8
4.408763 6.851506 2.679328 8
4.152354 1.242054 7.280603 8
6.448373 9.282080 6.355545 8
6.671850 12.857697 0.268823 8
4.150969 4.716424 4.283878 8
4.084009 3.246405 8.749307 8
6.588928 11.386493 4.850344 8
9.278921 1.766140 6.297710 7
1.366047 9.712660 7.307360 7
1.399435 14.487010 2.716959 7
9.494205 6.383127 1.731489 7
7.608597 0.319545 0.106895 6
3.337861 8.278033 4.405197 6
3.042323 16.042498 8.858154 6
7.530182 7.888859 4.679035 6
7.462908 0.921549 0.767112 1
3.242149 9.154450 3.818401 1
3.137045 15.114536 8.301183 1
7.527395 7.122773 5.198703 1
7.059521 15.227382 0.723209 6
3.671098 7.105435 3.887702 6
3.642341 0.985393 8.507918 6
6.968979 9.200766 5.096845 6
7.069728 14.021801 8.976770 6
3.632231 5.938344 4.688050 6
3.765363 2.047556 0.194635 6
7.202196 10.220755 4.424000 6
7.499029 14.251786 7.727317 6
3.140915 6.168614 6.072442 6
3.120235 1.944695 1.458770 6
7.599398 10.028353 2.999595 6
7.627516 13.391460 6.992366 1
2.903304 5.338648 6.616933 1
3.021009 2.659797 2.008808 1
7.739007 10.929465 2.544023 1
8.001614 15.513054 7.250883 6
2.506070 7.371742 6.507802 6
2.599107 0.771801 1.998791 6
8.194343 8.858740 2.579848 6
8.065474 0.265553 7.965939 6
2.659963 8.537968 5.539592 6
2.741724 15.832923 1.113705 6
8.022960 7.669937 3.409163 6
8.374104 1.757856 7.552142 6
2.198795 9.911886 6.206106 6
2.239265 14.534495 1.570327 6
8.489823 6.424274 3.039138 6
8.739915 0.723184 5.412696 6
1.939975 8.889050 8.237503 6
1.970953 15.371425 3.684157 6
8.981679 7.368127 0.783334 6
9.312197 0.745488 4.619481 1
1.360835 8.872374 9.025171 1
1.319949 15.303951 4.580872 1
9.166816 7.325406 9.091341 1
7.958335 1.095148 4.982860 1
2.815719 9.139614 8.652619 1
2.806195 15.130654 3.974722 1
8.086352 7.017003 0.580012 1
8.684590 15.639034 5.831872 6
1.971505 7.487531 7.882806 6
1.992302 0.624335 3.302416 6
8.804959 8.725595 1.325336 6
8.176414 15.145969 5.205983 1
2.610160 6.962438 8.462250 1
2.717641 1.246093 3.928075 1
8.271715 9.193843 0.665862 1
9.634923 15.185362 5.841619 1
1.017508 6.976076 7.792701 1
1.291520 0.953126 3.237114 1
9.730302 9.128940 1.139241 1
10.769729 1.225925 6.491279 6
-0.014557 9.450015 7.120230 6
-0.050777 14.903227 2.504909 6
-0.039595 6.856374 2.070433 6
0.317570 1.325071 5.662229 1
10.457410 9.392719 8.001638 1
10.402121 15.023468 3.312838 1
0.454629 6.822761 1.142979 1
-0.127042 0.406586 6.877015 1
-0.024527 8.452769 6.798032 1
10.883520 15.759085 2.176427 1
10.789808 7.615678 2.387770 1
0.450823 2.246330 7.449173 6
10.262971 10.364658 6.122303 6
10.408932 13.922564 1.648408 6
0.507900 5.919629 2.989903 6
0.445713 3.188413 7.008633 1
10.241668 11.177400 6.619036 1
10.390582 13.135807 2.064441 1
0.570583 4.898415 2.552570 1
1.414556 2.032328 7.649431 1
9.314896 10.144549 6.033317 1
9.466897 14.163073 1.420618 1
1.534286 6.172683 3.012825 1
10.654430 2.291563 8.712019 6
0.060028 10.408815 4.951267 6
0.206625 13.898828 0.388345 6
10.652673 5.758202 4.311907 6
0.272502 2.963092 0.274055 1
10.665434 11.061302 4.192440 1
10.503242 13.246830 8.812107 1
0.242367 5.185917 4.894744 1
-0.205755 1.495150 9.070983 1
-0.048764 9.496682 4.473310 1
-0.055061 14.828463 9.059614 1
10.801314 6.739969 4.639248 1
9.196077 2.569915 8.522736 6
1.543245 10.830540 5.044159 6
1.525721 13.532700 0.498022 6
9.309011 5.449024 3.972222 6
8.845499 2.586814 0.404894 1
2.030111 10.534181 4.255589 1
1.824612 13.600724 8.818520 1
8.752427 5.519658 4.859242 1
9.061101 3.986400 8.144811 6
1.639134 12.149631 5.522640 6
1.763308 12.196023 1.032067 6
8.979482 3.931413 3.611219 6
9.742126 4.332660 7.541297 1
0.962894 12.490104 6.025983 1
1.083607 11.927505 1.650764 1
9.813619 3.726983 2.977747 1
8.957589 4.759013 8.917169 1
1.653305 12.701384 4.790938 1
1.822485 11.604455 0.337357 1
9.032217 3.457947 4.340949 1
7.790929 3.999057 7.374762 6
2.861014 12.208351 6.254317 6
2.942505 12.058308 1.646249 6
7.858432 3.947091 2.898513 6
7.296818 2.577877 7.280963 6
3.355770 10.765480 6.475774 6
3.573780 13.630874 1.884278 6
7.322538 5.375990 2.735130 6
6.572343 2.367330 7.895045 1
4.082488 10.622058 5.738627 1
4.156466 13.757741 1.229084 1
6.585197 5.726905 3.334434 1
7.034770 2.479372 6.320503 1
3.796943 10.502349 7.216212 1
3.830320 13.674362 2.677351 1
7.144252 5.598910 1.719246 1
6.530410 11.887282 8.589172 6
4.231584 3.698310 5.108987 6
4.365642 4.340092 0.478653 6
6.550485 12.568768 4.079909 6
6.295763 10.947318 0.018191 1
4.568191 2.970955 4.569748 1
4.672318 5.119962 0.014405 1
6.274901 13.205125 4.467502 1
5.903983 11.956913 7.823893 1
4.859522 3.833824 5.792161 1
4.922294 4.252686 1.206615 1
5.938124 12.384254 3.352123 1
7.244565 11.581436 8.349404 1
3.285944 3.523525 5.330357 1
3.360859 4.526148 0.796191 1
7.410418 12.705879 3.638426 1
6.271252 16.191532 2.649061 6
4.712186 8.019440 1.837876 6
4.476115 0.062979 6.466392 6
6.167810 8.158263 7.215871 6
5.795807 15.889876 3.490188 1
5.127767 7.787844 1.014949 1
4.956174 0.433136 5.630644 1
5.650583 8.438883 8.113710 1
6.962575 0.465189 2.861382 1
3.798714 8.418776 1.809395 1
3.797403 15.756012 6.340918 1
6.900227 7.800774 7.459473 1
5.671588 0.458964 2.256382 1
5.241032 8.482241 2.396337 1
5.240319 15.769358 6.880762 1
5.454930 7.637226 6.734824 1
