8.625524 2.830449 9.631581 6
0.676003 5.964478 12.100662 6
1.789467 3.512715 4.792300 6
9.866016 0.364591 2.312528 6
8.347165 3.426297 10.746051 6
0.786559 0.273243 10.844955 6
1.931440 2.997326 3.661379 6
9.585979 6.173290 3.674221 6
7.787514 3.047561 11.353823 1
1.576852 6.190909 10.229069 1
2.582069 3.385578 3.051479 1
8.910392 0.189795 4.250354 1
9.148622 4.491747 11.095892 6
0.196275 1.223763 10.467576 6
1.361703 1.772965 3.125284 6
10.233271 5.092991 3.922243 6
8.955247 5.095447 12.377599 7
0.444837 1.840883 9.065587 7
1.495514 1.302164 1.982310 7
9.938431 4.386423 5.310217 7
8.265306 4.780554 12.976701 1
0.981163 1.586667 8.566869 1
2.133255 1.588189 1.452042 1
9.349737 4.821771 5.731744 1
9.399213 5.851358 12.590294 1
-0.074992 2.507895 8.823773 1
1.058732 0.586045 1.725710 1
10.330216 3.807824 5.526578 1
9.959943 5.098750 10.398915 6
-0.731735 1.950946 11.292064 6
0.281201 1.362813 4.041288 6
11.160548 4.572242 3.218662 6
10.529700 5.860522 10.553073 1
-1.189704 2.672571 10.933458 1
-0.074323 0.452269 3.733449 1
11.598697 3.717610 3.322725 1
10.372664 4.461887 9.010484 6
-0.978192 1.241911 12.524934 6
-0.005415 1.924560 5.387027 6
11.423320 5.078044 1.851235 6
9.706354 3.328610 8.642997 6
-0.457193 0.109378 12.785937 6
0.698420 3.109249 5.767649 6
10.773229 6.300174 1.562300 6
9.813643 2.932590 7.878846 1
-0.530744 6.201417 13.789489 1
0.623496 3.509767 6.563439 1
10.912391 0.238757 0.770802 1
7.858240 1.653771 9.233268 6
1.278352 4.704474 12.337555 6
2.442656 4.792044 5.151235 6
8.978051 1.672145 1.894564 6
7.302747 1.301637 9.749260 1
1.951201 4.416737 11.852074 1
3.016512 5.027058 4.564225 1
8.395973 1.842239 2.541108 1
7.989824 0.899672 8.081228 6
1.117252 4.084211 13.454268 6
2.281771 5.604727 6.325740 6
9.093957 2.322468 0.817427 6
8.760967 1.081891 7.481742 1
0.617813 4.303004 14.161713 1
1.639609 5.232727 6.980815 1
9.840116 2.115461 0.292117 1
7.349040 6.030148 7.645610 6
1.895609 2.877779 13.866986 6
3.141999 0.309396 6.751244 6
8.331000 3.479603 0.562411 6
7.474109 5.369714 6.763451 8
4.068369 2.198141 0.425211 8
2.976252 0.991113 7.705799 8
6.423778 4.117518 13.783921 8
5.622689 4.552231 8.232144 6
3.757920 1.369834 13.318359 6
4.684489 1.889208 6.060378 6
6.727141 5.111022 1.074145 6
6.219732 3.732279 8.213433 1
3.074368 0.642799 13.319785 1
4.217374 2.674047 6.173554 1
7.384699 5.732548 0.916383 1
5.026748 4.741438 7.482160 1
4.076910 1.556669 14.167195 1
5.225003 1.732815 6.875304 1
6.251177 4.889265 0.247150 1
3.799045 3.683126 9.475340 6
5.340360 0.402261 12.103473 6
6.535339 2.760617 4.910489 6
4.883784 5.974836 2.244980 6
3.761070 3.093998 8.663039 1
5.628378 6.318155 12.995559 1
6.659481 3.372232 5.770319 1
4.789223 0.147359 1.426334 1
3.330829 3.496587 10.135764 1
5.857720 0.386132 11.501451 1
7.067123 2.864407 4.116692 1
4.449593 6.080577 2.928423 1
4.617125 4.350862 9.322757 6
4.546638 1.075167 12.117902 6
5.613393 2.049051 5.061244 6
5.725635 5.257560 2.299208 6
4.914387 4.756653 10.281685 1
4.401079 1.638625 11.359737 1
5.542964 1.463287 4.140424 1
5.900947 4.838379 2.892087 1
11.285499 4.972524 8.281747 7
-2.032341 1.743536 13.320201 7
11.542673 1.351231 6.182997 7
-0.107882 4.497623 1.011315 7
-0.976385 4.537985 7.551334 1
10.411546 1.379515 14.130527 1
11.450015 1.704102 6.823431 1
0.052399 4.916393 0.429018 1
-0.751610 5.773398 8.484159 1
10.113188 2.621156 12.981655 1
11.160043 0.685424 5.926016 1
0.383104 3.798429 1.330698 1
6.322759 5.777458 8.691839 8
2.816835 2.465514 12.901482 8
4.070451 0.713325 5.870644 8
7.402601 3.786711 1.323857 8
