3.719042 1.125428 0.926942 34
3.346203 7.490055 4.663092 34
0.684038 11.196642 10.236253 34
1.048675 5.095783 6.355800 34
2.015723 4.265341 1.542416 17
4.931118 10.478513 4.018057 17
2.285458 8.254570 9.622000 17
-0.446106 2.099935 7.023900 17
2.536217 2.212201 2.245732 15
4.550726 8.581460 3.486003 15
1.978135 10.230102 9.033663 15
-0.212342 3.890747 7.767338 15
0.914757 1.653378 2.450428 6
6.122299 7.806776 3.205351 6
3.527714 10.921024 8.711202 6
-1.755689 4.581378 7.924327 6
0.387203 0.572481 1.776390 6
6.597045 6.822987 3.764390 6
3.951690 12.117223 9.365521 6
-2.200909 5.735768 7.250670 6
-0.917263 12.456063 2.022535 6
7.797332 6.143318 3.636165 6
5.231246 0.001613 9.225247 6
-3.512025 6.356558 7.600186 6
7.800100 0.617641 2.791598 6
-0.960599 6.926400 2.774269 6
-3.595168 11.956301 8.446199 6
5.179897 5.595584 8.317378 6
-1.334272 1.751325 3.495601 6
8.292615 8.003878 2.063972 6
5.705931 10.731164 7.652411 6
-3.983225 4.394201 9.021014 6
0.014667 2.271953 3.162776 6
7.143461 8.550145 2.333005 6
4.394890 10.180220 7.992085 6
-2.710215 3.930135 8.760675 6
3.201319 2.516079 3.719481 6
3.898485 8.804162 1.851519 6
1.143002 10.004711 7.262146 6
0.508563 3.663562 9.490777 6
4.545710 3.364056 3.856524 6
2.507238 9.513691 1.731752 6
-0.101166 9.137692 7.435466 6
1.929630 3.034656 9.404932 6
5.206790 3.376628 5.093714 6
1.888076 9.784089 0.467377 6
-0.763146 9.080978 5.881575 6
2.570353 2.888297 10.676991 6
5.281816 2.090387 5.957563 6
-3.498242 8.361380 10.750297 6
-0.764629 10.377152 5.156304 6
7.891974 4.206235 0.308330 6
3.848667 1.541261 5.934152 6
-2.075572 7.615972 10.725583 6
0.525939 11.088797 5.107915 6
6.367228 4.839078 0.362480 6
3.317133 1.225656 4.470841 6
3.688039 7.556393 1.010118 6
1.106460 11.319657 6.569344 6
0.739142 4.963058 10.071343 6
0.983672 0.061585 1.181562 1
5.965500 6.230279 4.509575 1
3.242422 12.442594 10.019806 1
-1.469515 6.215781 6.809388 1
8.473183 11.708447 1.496527 1
-1.569725 5.349897 3.998861 1
-4.015823 0.839191 9.739944 1
5.894101 6.978652 7.107961 1
7.055197 0.392890 2.899260 1
0.045016 6.661230 2.601669 1
-2.528047 12.288383 8.288498 1
4.333181 5.859676 8.601509 1
7.606822 2.107077 3.936119 1
-0.717753 8.461365 1.631359 1
-3.266092 10.353081 7.071129 1
5.002866 3.973188 9.618348 1
0.223875 3.079072 3.680138 1
6.781349 9.425063 1.766621 1
4.226818 9.351015 7.519180 1
-2.355624 3.129961 9.349163 1
2.572649 3.075888 4.211106 1
4.514300 9.336225 1.262406 1
1.890378 9.394606 6.853060 1
-0.128205 3.136322 9.872658 1
5.248475 2.664724 3.248735 1
1.841693 8.944977 2.342871 1
-0.699417 9.693756 7.961393 1
2.578312 3.514030 8.793493 1
4.564700 4.137711 3.328424 1
2.547535 10.437089 2.233461 1
-0.026398 8.374801 7.832264 1
1.948945 2.094652 8.858165 1
5.880043 3.850869 5.108704 1
1.087765 10.063936 0.498648 1
-1.554190 8.577277 6.086670 1
3.395973 2.434523 10.728748 1
4.593422 3.944104 5.691365 1
-2.810551 10.264055 10.977285 1
-0.076813 8.372654 5.529946 1
7.165983 2.148871 0.121548 1
5.837708 1.562773 5.579994 1
1.189177 7.805444 0.013655 1
-1.480445 10.948652 5.675650 1
3.217305 4.661948 10.985087 1
5.548179 2.316403 6.793796 1
-3.735780 8.469324 9.992133 1
-1.075364 10.247247 4.366097 1
8.025115 3.913712 1.154474 1
3.984700 0.603364 6.417095 1
-2.160058 6.771677 10.280082 1
0.522512 11.920119 4.707373 1
6.534071 5.566122 0.714017 1
3.306251 2.004442 6.473450 1
-1.476355 8.159021 10.314310 1
1.063062 10.552368 4.655529 1
5.802499 4.239313 0.980027 1
2.404497 0.758795 4.717530 1
4.529989 7.195856 0.909975 1
1.997786 11.574533 6.514877 1
-0.179443 5.497519 10.270166 1
3.904064 0.704207 4.078028 1
3.077905 6.965012 1.569800 1
0.526820 11.912487 7.080569 1
1.241083 5.518083 9.747870 1
