7.205457 2.931307 20.755108 8
3.825597 5.439274 8.842054 8
0.106517 6.978033 14.655649 8
3.463163 1.182219 2.821964 8
6.626522 1.784656 20.912707 6
4.288416 6.642420 9.211706 6
0.620798 5.904189 14.457407 6
2.881207 2.498596 2.680164 6
6.053085 1.732512 21.689908 1
4.936967 6.776841 9.907808 1
1.273524 5.770812 13.717281 1
2.241568 2.434832 1.912905 1
6.914004 0.580201 20.232715 6
4.121355 7.756680 8.480858 6
0.530736 4.752793 15.017042 6
3.128556 3.524379 3.336188 6
6.478012 7.417377 20.614143 6
4.484669 0.901948 8.882150 6
0.909800 3.202846 14.657777 6
2.672986 5.106941 2.885845 6
5.965086 7.063795 19.808461 1
4.929410 1.396818 8.071531 1
1.380853 2.856121 15.436329 1
2.288233 5.441253 3.701129 1
7.162073 6.828859 21.015861 1
3.783661 1.334357 9.245792 1
0.149411 2.672465 14.409897 1
3.519058 5.624334 2.543842 1
5.393460 7.377387 21.757512 6
5.590123 0.842404 10.032843 6
1.936748 3.318832 13.583255 6
1.634172 5.091691 1.935028 6
4.615824 7.996448 21.436083 1
6.303978 0.306407 9.696820 1
2.706782 3.994063 13.916983 1
1.060672 4.408927 2.029414 1
5.693410 7.684187 22.579178 1
5.214354 0.745575 10.802901 1
1.458192 3.501428 12.792134 1
2.182583 4.926743 0.956409 1
4.943113 6.576157 21.786613 1
6.030559 1.864016 9.952111 1
2.279653 2.324161 13.545532 1
1.377272 5.941722 1.793203 1
5.761479 7.758263 20.507285 6
5.180632 0.579396 8.719383 6
1.396192 3.595853 14.938827 6
2.214461 4.841712 3.116816 6
4.923980 8.007525 20.504213 1
6.156050 0.397024 8.757966 1
2.456847 3.852323 14.825204 1
1.347102 4.473004 3.031700 1
5.756307 7.145403 19.759899 1
5.151879 1.355729 7.914049 1
1.534017 2.793044 15.594285 1
2.251269 5.441856 3.781310 1
6.318436 6.918266 21.782974 6
4.660086 1.236629 9.934697 6
1.073228 2.826045 13.705974 6
2.561719 5.496211 1.916186 6
6.264151 7.676763 22.578051 1
4.766420 0.715454 10.772917 1
1.091820 3.419026 12.856162 1
2.416044 4.831012 1.093135 1
7.129873 6.736714 21.631118 1
3.764161 1.524752 9.868060 1
0.083623 2.528069 13.725998 1
3.528291 5.742322 2.027929 1
5.778072 6.201911 21.812562 1
5.142829 2.055820 10.137068 1
1.559767 1.951367 13.501907 1
2.008949 6.301633 1.685157 1
0.631280 0.433940 19.349988 6
2.903391 7.822378 7.655414 6
6.736502 4.706553 16.031675 6
4.419808 3.614937 4.193119 6
1.127516 7.769063 18.790875 8
2.579315 0.425213 7.140072 8
6.207449 3.722848 16.446409 8
4.726394 4.673129 4.778888 8
1.407226 1.930998 18.987470 6
2.388368 6.487294 7.252605 6
5.925713 5.973911 16.295588 6
5.059296 2.294039 4.584122 6
1.447526 1.933593 18.037910 1
2.280873 6.521414 6.254466 1
5.932853 5.958156 17.378001 1
5.089443 2.225932 5.603743 1
0.424312 3.057004 19.427513 6
3.189242 5.339157 7.621492 6
6.814572 7.182816 16.026289 6
4.086792 1.047774 4.297097 6
7.002700 2.963674 18.734347 1
4.056524 5.261604 6.829205 1
0.328380 7.228407 16.698375 1
3.383451 1.140846 4.882740 1
0.956850 4.430680 19.262172 6
2.565764 3.821814 7.497093 6
6.310593 0.291737 16.050823 6
4.679206 8.154701 4.295499 6
0.166454 5.086111 19.233090 1
3.331855 3.273514 7.379554 1
6.967787 0.847485 16.205392 1
3.985170 7.495491 4.322268 1
1.553181 4.606939 18.394986 1
2.095400 3.896959 6.634494 1
5.844755 0.253278 16.944701 1
5.090897 7.895312 5.153739 1
1.929204 4.794110 20.398128 6
1.752967 3.453126 8.759464 6
5.406466 0.606467 14.868535 6
5.495198 7.587962 3.148694 6
2.201688 5.790822 20.355880 1
1.517923 2.580191 8.627700 1
5.119066 1.661293 14.970092 1
5.728851 6.667460 3.259974 1
1.330455 4.711660 21.211808 1
2.215225 3.486990 9.613665 1
5.904438 0.510902 14.099745 1
5.025979 7.662027 2.295833 1
3.190717 4.015497 20.602531 6
0.547818 4.303526 8.934236 6
4.148775 8.235179 14.644070 6
6.919076 0.152220 2.993393 6
3.690065 4.351895 21.336677 1
7.192134 3.961731 9.557491 1
3.604569 0.298703 13.946310 1
7.265110 8.076357 2.111586 1
3.990272 4.111455 19.400102 6
6.901699 4.302866 7.565043 6
3.312937 8.185716 15.984539 6
0.403543 0.175351 4.287452 6
4.998264 3.982361 19.651922 1
5.894450 4.286079 7.906047 1
2.202992 8.164550 15.690082 1
1.294295 0.150639 3.885657 1
3.849754 4.920622 18.817581 1
7.014962 3.549975 7.129980 1
3.518378 0.788898 16.533840 1
0.318417 7.587835 4.818067 1
3.679965 2.859183 18.668023 6
0.021496 5.612951 6.838845 6
3.587238 6.913864 16.745158 6
0.116766 1.380901 5.049310 6
4.536612 2.208342 18.263830 1
6.346497 6.048724 6.610755 1
2.857584 6.524205 16.923033 1
0.958436 1.962587 5.229161 1
3.255193 3.010766 17.748564 1
0.412511 5.361304 6.035168 1
4.120352 7.259088 17.625865 1
6.962664 1.086844 5.814395 1
2.783570 1.881751 19.440675 6
0.917183 6.448431 7.801362 6
4.555296 6.077367 15.948087 6
6.425058 2.305141 4.100461 6
3.141686 1.088098 19.559578 1
0.574202 7.341663 7.857152 1
4.069732 5.111884 15.881015 1
6.777662 3.081774 4.065497 1
2.979904 2.645920 20.725690 7
0.836804 5.798803 9.072369 7
4.492765 6.753574 14.472523 7
6.468148 1.625892 2.703676 7
2.579103 2.060119 22.073348 6
1.097199 6.215605 10.269585 6
4.724982 6.297127 13.413720 6
6.337600 2.101589 1.538822 6
2.651112 2.633837 22.977930 8
1.052038 5.694486 11.225869 8
4.710688 6.801595 12.359512 8
6.257528 1.460475 0.623003 8
2.396536 0.721134 21.948140 8
1.128979 7.612945 10.147391 8
4.892059 4.980199 13.510226 8
6.034678 3.353466 1.734054 8
2.225263 0.025542 23.208479 6
1.480309 8.273727 11.303844 6
5.191807 4.229603 12.108748 6
5.906864 4.119117 0.362504 6
3.037957 0.218982 0.264854 1
0.631285 8.162388 11.925190 1
4.381907 4.378242 11.630727 1
6.622194 3.950196 23.328925 1
2.094469 7.499527 23.002017 1
1.587673 0.898832 11.285993 1
5.334463 3.190138 12.356011 1
5.773558 4.967374 0.640145 1
1.395368 0.499057 23.477163 1
2.259040 7.815027 11.857699 1
5.987097 4.520609 11.769127 1
5.102906 3.778637 0.102852 1
