4.348745 16.574534 10.222189 8
-0.137147 23.812079 10.218553 8
-4.260107 16.194858 10.283230 8
11.947939 11.780547 2.757775 8
16.412051 4.468675 2.606089 8
20.404852 12.125639 2.601853 8
-11.811241 25.779635 1.671731 8
20.689674 7.013489 5.971706 8
-0.199008 4.972925 1.664642 8
16.088264 14.261598 6.056630 8
12.139870 25.624127 1.607579 8
12.094249 6.755727 6.003578 8
-4.405867 21.108369 7.064903 8
28.116294 2.297251 11.233575 8
0.258435 13.819384 7.005049 8
16.418375 23.212996 11.242453 8
4.233623 21.438477 6.959001 8
4.109505 2.625654 11.363135 8
2.675704 16.194260 8.891560 8
0.813783 22.342108 8.918714 8
-3.537808 17.785378 8.896108 8
13.679891 11.821280 3.991098 8
15.432851 5.916392 4.101935 8
19.784732 10.465866 4.060749 8
-13.768990 25.711726 0.282879 8
18.810901 6.937797 4.644101 8
0.885633 3.482961 0.242860 8
17.157604 12.877468 4.555937 8
12.858640 27.279720 0.250749 8
12.759668 8.310988 4.548620 8
-2.538486 21.241623 8.303742 8
29.911379 2.493567 12.696909 8
-0.939564 15.311937 8.369472 8
15.348264 24.701721 12.713587 8
3.426641 19.698811 8.437860 8
3.482869 1.043972 12.712525 8
8.878917 15.379215 8.768521 8
14.793182 0.051600 8.674125 8
-7.380131 12.938997 8.691565 8
7.409482 12.903734 4.284702 8
1.417828 28.159177 4.159099 8
-8.827952 15.389899 4.299861 8
-7.350405 24.724639 0.016938 8
25.193739 5.935433 4.522633 8
-1.337636 9.303178 0.139421 8
14.786924 18.847264 4.341280 8
8.779318 22.231441 0.014608 8
8.897797 3.513974 4.387958 8
-8.863819 22.241194 8.476806 8
23.697587 3.358454 12.894206 8
1.396021 9.449884 8.457429 8
17.612419 18.786391 12.922005 8
7.342976 24.635110 8.468696 8
7.499376 5.882116 12.915245 8
6.539094 13.319338 7.688382 8
1.583408 27.110958 7.664213 8
-8.082312 15.927124 7.573493 8
9.796643 14.857968 5.361048 8
14.705549 1.127871 5.317532 8
24.306664 12.189631 5.245710 8
-9.897426 22.655416 12.041523 8
22.666643 3.981927 3.301212 8
1.483322 8.283392 11.915414 8
17.860769 17.757133 3.405164 8
8.341278 25.311233 11.891662 8
8.287372 6.454289 3.347504 8
-6.562901 24.215145 9.725545 8
26.027869 5.526636 0.963275 8
-1.448504 10.489884 9.669542 8
14.831406 19.771203 0.984014 8
7.907078 21.734808 9.736105 8
8.017923 2.950136 0.967691 8
6.462482 13.863173 9.823180 8
0.974170 26.719076 9.713409 8
-7.406884 15.582131 9.810495 8
9.757231 14.273595 3.178550 8
15.168505 1.465495 3.204341 8
23.698603 12.562379 3.123000 8
-9.874147 23.290638 1.038664 8
22.718246 4.407956 5.377892 8
0.993032 7.962074 1.081992 8
17.301254 17.338169 5.460907 8
8.767677 25.148932 1.220280 8
8.728939 6.191932 5.551382 8
-6.478882 23.697091 7.565966 8
26.095205 4.897250 11.803636 8
-1.023496 10.691180 7.437371 8
15.327684 20.085909 11.825696 8
7.487409 21.935128 7.604609 8
7.363594 3.020510 11.871061 8
4.761957 17.215343 3.747665 8
-0.994471 23.782301 3.766869 8
-3.848199 15.542193 3.778067 8
11.435953 11.155549 9.075090 8
17.218011 4.438703 9.186702 8
20.183904 12.602425 9.080483 8
-11.520895 26.474576 8.177835 8
20.968829 7.711726 12.510337 8
-0.836970 4.957726 8.080810 8
15.280991 14.378712 12.457260 8
12.352957 24.890334 8.212708 8
12.541142 6.196277 12.377079 8
-4.797428 20.404050 0.558441 8
27.743373 1.598056 4.747650 8
0.836238 13.778518 0.512145 8
17.229090 23.167916 4.889679 8
3.877421 22.037059 0.470102 8
3.774370 3.264436 4.796082 8
5.765367 15.609177 2.522547 8
0.014680 25.384108 2.491827 8
-5.690554 15.444285 2.578446 8
10.615975 12.716248 10.537017 8
16.376046 2.790087 10.440132 8
22.005237 12.632837 10.367544 8
-10.517874 24.814464 6.933683 8
21.886421 6.173427 11.143515 8
0.007336 6.547238 6.845440 8
16.352629 16.017089 11.197606 8
10.641593 24.949590 6.868954 8
10.671233 6.148377 11.119485 8
-5.653070 22.070753 1.735989 8
26.824649 3.200215 6.050381 8
0.038290 12.317719 1.893615 8
16.330172 21.642765 6.089786 8
5.644672 22.017695 1.785230 8
5.705292 3.382693 6.027506 8
5.440411 15.470758 5.894990 7
-0.003517 25.186453 5.935711 7
-5.470073 15.766398 6.087486 7
10.894019 12.676347 6.959627 7
16.246146 3.071764 6.947293 7
21.801844 12.459157 6.975406 7
-10.807229 25.025237 10.321467 7
21.761133 6.133609 1.741349 7
0.132513 6.446706 10.383358 7
16.368988 15.745730 1.591233 7
10.808383 25.128133 10.404767 7
10.693003 6.205224 1.608113 7
-5.536963 22.075337 11.340786 7
27.034136 3.343794 2.618770 7
-0.023452 12.490628 11.399881 7
16.197608 21.771424 2.587900 7
5.449956 21.977920 11.254636 7
5.504994 3.166025 2.739340 7
7.113568 17.235594 6.426891 7
-2.186113 25.668221 6.311245 7
-4.808072 13.355319 6.382215 7
9.143287 10.878798 6.577116 7
18.480467 2.415973 6.515144 7
21.238920 14.711880 6.642934 7
-9.185559 26.691147 10.752166 7
23.473017 7.798445 2.113403 7
-2.302979 6.901546 10.653331 7
14.079219 16.346823 2.075332 7
11.420784 22.782185 10.676665 7
11.289192 4.005388 2.144951 7
-7.018081 20.344439 10.961064 7
25.516774 1.552429 2.154556 7
2.191458 11.860731 10.915998 7
18.435864 21.204459 2.228439 7
4.877142 24.221563 10.865650 7
4.818697 5.387451 2.289743 7
6.861289 16.426786 9.207554 7
-1.419073 25.931166 9.166304 7
-5.577707 13.986047 9.076300 7
9.291206 11.730636 3.732396 7
17.698647 2.275298 3.856626 7
21.811109 14.170580 3.811578 7
-9.443947 25.818150 0.508264 7
23.177839 7.086578 4.796287 7
-1.463646 7.230395 0.553102 7
14.791989 16.561490 4.796342 7
10.815850 23.294470 0.603083 7
10.727446 4.581895 4.926362 7
-6.935316 21.112313 8.184862 7
25.665328 2.347542 12.556724 7
1.467251 11.656287 8.223640 7
17.635011 21.068379 12.558736 7
5.491926 23.604561 8.226038 7
5.503216 4.764184 12.547974 7
5.470209 15.145964 4.672324 7
0.333842 25.290800 4.595303 7
-5.875015 15.907188 4.590764 7
10.764946 12.969996 8.273966 7
15.854001 2.781748 8.349220 7
22.281932 12.409299 8.256031 7
-10.668631 24.507122 9.076037 7
21.776218 5.711446 0.286198 7
0.422483 6.563835 8.986477 7
16.616507 15.908354 0.382910 7
10.391738 25.320863 8.988365 7
10.276837 6.437371 0.328640 7
-5.447887 22.354791 12.663926 7
26.935195 3.582600 3.953752 7
-0.374113 12.223930 12.675967 7
15.793634 21.591734 4.060306 7
5.952053 21.688546 12.555263 7
6.011753 2.857436 4.070230 7
6.775293 15.936169 6.646167 6
-0.809583 25.948489 6.624726 6
-5.838194 14.508544 6.633455 6
9.613715 12.363846 6.278235 6
17.194468 2.125995 6.267548 6
22.156454 13.808387 6.273276 6
-9.621600 25.335714 11.117213 6
22.956414 6.555204 2.299954 6
-0.806200 7.177267 10.954552 6
15.414041 16.721170 2.358707 6
10.513551 23.878621 11.069729 6
10.448633 4.985213 2.363172 6
-6.739475 21.595468 10.566113 6
25.848875 2.895825 1.835023 6
0.816474 11.515805 10.570674 6
17.150527 20.939024 2.013357 6
5.919505 23.115138 10.525222 6
5.913798 4.280974 1.905405 6
6.212853 15.628772 8.133007 6
-0.367291 25.731897 8.185630 6
-5.869441 14.996202 8.232834 6
10.082719 12.525063 4.848342 6
16.627138 2.386600 4.814936 6
22.033341 13.260260 4.782096 6
-10.049765 25.085320 12.508005 6
22.497238 6.326726 3.837952 6
-0.433067 6.983689 12.456232 6
15.901472 16.395782 3.909520 6
10.369168 24.400601 12.591098 6
10.463413 5.537214 3.821820 6
-6.248840 21.860282 9.026266 6
26.296590 3.106646 0.437184 6
0.378600 11.837505 9.162471 6
16.743193 21.194289 0.570248 6
5.799723 22.610364 9.062693 6
5.813416 3.879838 0.547379 6
4.688965 15.872542 7.991484 6
0.107552 24.269581 8.048575 6
-4.825726 16.093622 7.988509 6
11.610651 12.394728 4.821108 6
16.020451 3.838605 4.845923 6
21.290334 12.022400 4.910005 6
-11.484225 25.303255 12.369773 6
20.966141 6.376494 3.680822 6
0.244393 5.602970 12.347086 6
16.541394 15.046761 3.668957 6
11.358858 25.535705 12.393788 6
11.325431 6.867995 3.786206 6
-4.675283 21.672278 9.323861 6
27.833888 3.013032 0.628171 6
-0.166894 13.325446 9.266522 6
16.109699 22.698089 0.618895 6
5.020050 21.401868 9.279308 6
5.003191 2.558995 0.686237 6
4.367128 15.619858 6.858343 6
0.593466 24.238072 6.752661 6
-4.872902 16.684138 6.748443 6
11.938510 12.518519 6.177163 6
15.728959 3.965245 6.148635 6
21.146974 11.553050 6.280484 6
-11.822995 25.054450 11.114516 6
20.549677 6.216626 2.475890 6
0.594366 5.455347 11.017699 6
16.775880 14.801229 2.374362 6
11.319365 26.075356 11.083403 6
11.369973 7.216275 2.528965 6
-4.336479 21.955087 10.477364 6
28.103278 3.243992 1.976908 6
-0.656285 13.362335 10.462871 6
15.732320 22.731330 1.799652 6
4.991364 20.985212 10.578831 6
4.864006 2.193416 1.794313 6
2.963082 15.459079 6.056365 6
1.315654 23.115822 6.084022 6
-4.489454 17.850537 6.191743 6
13.163026 12.633823 6.784639 6
14.976800 5.036727 6.779100 6
20.594860 10.331607 6.897683 6
-13.274555 24.852162 10.469725 6
19.390775 6.004319 1.727110 6
1.290018 4.329925 10.522604 6
17.595165 13.661297 1.748141 6
11.858139 27.293693 10.522715 6
11.935024 8.371705 1.901291 6
-3.042144 22.126384 11.228231 6
29.569278 3.407974 2.460271 6
-1.351503 14.493019 11.258122 6
14.963858 23.824675 2.424856 6
4.467419 19.792135 11.064681 6
4.317525 1.046571 2.507231 6
3.961380 16.163608 9.275832 6
0.245438 23.514204 9.109553 6
-4.212275 16.636809 9.218007 6
12.429838 11.938722 3.703084 6
15.954120 4.725946 3.675462 6
20.544718 11.490955 3.787640 6
-12.308000 25.576272 0.502064 6
20.143185 6.743087 4.887680 6
0.340054 4.767838 0.566989 6
16.591588 14.120099 4.794518 6
11.993105 26.019934 0.642848 6
12.085687 7.223824 4.856401 6
-3.831376 21.357329 8.032031 6
28.642959 2.530470 12.330677 6
-0.318348 14.190974 8.151079 6
15.975618 23.544466 12.338066 6
4.134062 20.981632 8.188211 6
4.116288 2.189506 12.501588 6
1.874243 16.811948 9.979573 6
0.781704 21.263121 9.960443 6
-2.628131 18.308340 10.034936 6
14.573298 11.500287 2.866184 6
15.331179 6.869469 2.989745 6
18.903489 9.838730 2.904070 6
-14.440305 26.251504 1.384582 6
18.019081 7.437736 5.810929 6
0.949894 2.539488 1.330613 6
17.191522 11.914724 5.678689 6
13.622777 27.598038 1.313782 6
13.687331 8.859929 5.637234 6
-1.880630 20.728672 7.283396 6
30.818968 2.023441 11.575354 6
-0.904619 16.307356 7.251388 6
15.318530 25.700500 11.664478 6
2.598615 19.335946 7.295985 6
2.572955 0.569623 11.529311 6
8.231268 16.086246 9.408480 6
-1.869681 27.167930 9.468219 6
-6.344363 12.934693 9.317560 6
8.028507 11.920819 3.502192 6
18.092848 1.019342 3.560483 6
22.665553 15.282034 3.541067 6
-8.025405 25.645512 0.850645 6
24.492241 6.745524 5.077108 6
-1.904039 8.403503 0.745606 6
14.473400 17.902759 5.003797 6
9.819713 22.403629 0.745643 6
9.876462 3.638994 5.135565 6
-8.250507 21.493866 7.907704 6
24.341921 2.651386 12.116910 6
1.927079 10.426375 7.893270 6
18.094617 19.760034 12.154539 6
6.268178 24.598845 7.865764 6
6.262628 5.866124 12.182174 6
8.831964 17.024374 10.557893 6
-2.814000 27.363603 10.421274 6
-6.095955 12.010012 10.524733 6
7.427770 11.200256 2.495477 6
19.217329 0.785192 2.527606 6
22.322987 16.230841 2.592417 6
-7.319671 26.403185 1.768664 6
25.086857 7.565591 6.110748 6
-2.891609 8.548785 1.918201 6
13.500306 17.918092 6.212281 6
10.216755 21.516246 1.893840 6
10.218360 2.602568 6.180114 6
-8.826334 20.604213 6.887441 6
23.583400 1.763857 11.077809 6
2.763971 10.288764 6.796695 6
19.179350 19.540767 11.088889 6
5.994448 25.598621 6.894121 6
6.105922 6.795210 11.061455 6
8.428583 18.259096 10.916660 6
-3.739954 26.445946 10.939535 6
-4.622608 11.881602 10.871787 6
7.890679 10.032606 2.130344 6
20.001350 1.775476 2.093320 6
20.934509 16.417257 2.115880 6
-7.807580 27.518919 2.308383 6
24.673149 8.775600 6.478896 6
-3.657366 7.631525 2.310800 6
12.655130 17.031965 6.470538 6
11.624595 21.139988 2.175263 6
11.462348 2.491387 6.482684 6
-8.342933 19.416728 6.441073 6
24.145163 0.618370 10.665601 6
3.622046 11.185491 6.389238 6
20.053964 20.665627 10.658415 6
4.631626 25.874095 6.488292 6
4.648567 7.061413 10.675874 6
9.167947 18.819973 11.876978 6
-4.581716 26.567655 11.882044 6
-4.459886 10.832114 11.937191 6
7.291108 9.229662 1.168020 6
20.845308 1.642860 1.083660 6
20.747228 17.234602 1.009991 6
9.127635 0.141389 3.254957 6
25.271196 9.454361 7.581734 6
27.970337 7.846110 3.252715 6
11.637571 17.196866 7.621987 6
11.914478 20.213630 3.238921 6
11.765293 1.385233 7.640108 6
-9.044685 18.709422 5.420986 6
7.173888 28.091982 9.632310 6
4.667864 11.019173 5.398735 6
-11.672662 20.339239 9.675955 6
4.521098 26.703437 5.297107 6
4.495203 8.005594 9.755337 6
10.279535 18.306191 12.464435 6
-4.639288 27.818888 12.496629 6
-5.494242 10.239342 12.470295 6
6.002181 9.778341 0.541193 6
20.886359 0.264284 0.439365 6
21.832964 17.962086 0.392424 6
-6.042907 27.675567 3.842483 6
26.410370 8.973049 8.173762 6
-4.626312 9.031882 3.911996 6
11.591357 18.463203 8.136895 6
10.696005 19.517295 3.896270 6
10.737003 0.782128 8.253702 6
-10.190521 19.168994 4.830131 6
22.410330 0.492550 9.216698 6
4.637414 9.785969 4.735605 6
20.885000 19.202714 9.053526 6
5.535113 27.481269 4.856221 6
5.571371 8.559236 9.162412 6
10.645167 17.157345 12.065808 6
12.435031 0.661029 11.950028 6
25.790024 10.413320 11.961464 6
5.650838 10.951039 0.885132 6
3.948760 27.476703 1.019825 6
-9.594663 17.807593 0.884731 6
-5.537651 26.598563 3.380628 6
26.898102 7.667936 7.629238 6
-4.018350 10.073348 3.319669 6
12.286599 19.434100 7.781310 6
9.487656 19.760410 3.426967 6
9.512331 0.865391 7.672363 6
-10.713544 20.421266 5.345109 6
21.811279 1.676813 9.680420 6
3.861406 8.778221 5.204018 6
20.168143 18.135951 9.508264 6
6.777069 27.165065 5.304407 6
6.788597 8.448374 9.517457 6
10.096094 16.378669 10.992496 6
13.348502 0.370906 11.082096 6
25.463677 11.288542 11.018663 6
6.192264 11.704250 1.837416 6
2.935242 27.743651 1.947711 6
-9.236274 16.969163 2.000748 6
-6.179277 25.890659 2.452094 6
26.367551 6.966179 6.726099 6
-3.009238 9.766028 2.373040 6
13.308652 19.305737 6.697104 6
9.299402 20.776439 2.417050 6
9.297902 1.957122 6.664106 6
-10.021078 21.080853 6.263575 6
22.503050 2.384424 10.535957 6
3.034144 9.006287 6.259075 6
19.321901 18.284577 10.532885 6
7.054291 26.246274 6.299926 6
7.093599 7.420727 10.584378 6
6.509588 14.096974 8.570278 6
0.822604 26.762924 8.405549 6
-7.266369 15.500786 8.458958 6
9.886401 14.094830 4.589385 6
15.431096 1.547727 4.477544 6
23.421620 12.627117 4.471081 6
-9.838424 23.628431 12.765471 6
22.731649 4.812515 4.137762 6
0.817795 7.828742 12.870143 6
17.115380 17.205620 4.169339 6
9.110367 24.943870 12.893271 6
9.056194 6.153131 4.066712 6
-6.321236 23.430534 8.753028 6
26.190023 4.620003 0.170533 6
-0.883799 10.973141 8.855858 6
15.416072 20.247282 0.267292 6
7.166425 21.968551 8.846369 6
7.144540 3.250171 0.268664 6
6.548209 12.622369 10.166329 6
2.077039 27.742638 10.220525 6
-8.685763 16.164289 10.177062 6
9.700808 15.741375 2.866288 6
14.146364 0.580029 2.803965 6
25.025395 11.979232 2.888106 6
-9.630613 21.913193 1.439355 6
22.902889 3.125211 5.886520 6
2.128828 8.953974 1.554963 6
18.451202 18.332344 5.811293 6
7.582254 25.496931 1.485755 6
7.544846 6.731252 5.781559 6
-6.727250 25.132246 7.081342 6
25.869244 6.355547 11.406198 6
-2.049843 9.863390 7.134785 6
14.141925 19.224518 11.533375 6
8.715491 21.434572 7.126444 6
8.800638 2.634116 11.526606 6
6.087935 18.314071 6.709950 6
-2.706576 24.424737 6.636636 6
-3.495274 13.644645 6.607053 6
10.170864 9.788199 6.357857 6
18.953034 3.849484 6.336796 6
19.826923 14.453564 6.425904 6
-10.147805 27.696379 10.883173 6
22.403961 8.872002 2.328372 6
-2.679051 5.540478 11.047239 6
13.515146 14.930579 2.394079 6
12.830218 23.042559 10.989657 6
12.774086 4.209560 2.260704 6
-6.256066 19.291263 10.673464 6
26.326857 0.398114 2.027737 6
2.718291 13.212485 10.625619 6
18.916811 22.680207 2.067315 6
3.414848 23.887964 10.700752 6
3.416787 5.114239 2.083748 6
8.404963 17.577083 6.531376 6
-3.301925 26.806960 6.444424 6
-5.335345 12.004570 6.495472 6
7.732010 10.565430 6.377661 6
19.439391 1.359035 6.498587 6
21.480904 16.175805 6.512727 6
-7.776824 27.064362 10.841728 6
24.833890 8.256050 2.257109 6
-3.301422 7.938818 10.850423 6
12.977352 17.428777 2.109307 6
10.920961 21.506450 10.816601 6
11.032055 2.590408 2.157650 6
-8.530052 20.071711 10.702091 6
24.145293 1.196641 2.080489 6
3.126434 10.853572 10.799339 6
19.423516 20.240469 2.184470 6
5.268504 25.635566 10.703582 6
5.260790 6.692929 2.194735 6
5.221117 16.012742 3.655814 6
-0.228733 24.797207 3.708236 6
-5.016881 15.508228 3.779234 6
10.928975 12.061680 9.376828 6
16.583610 3.515535 9.219603 6
21.265173 12.526321 9.205915 6
-11.045550 25.423654 7.982029 6
21.502957 6.708199 12.419290 6
-0.334594 5.907261 8.055354 6
15.923710 15.312033 12.377220 6
11.340746 24.915890 8.018904 6
11.203830 6.271394 12.428353 6
-5.253016 21.573547 0.704915 6
27.193964 2.647020 4.929225 6
0.358400 12.757893 0.739908 6
16.495799 22.307840 5.006738 6
5.069414 22.069438 0.606064 6
5.096825 3.184645 5.015639 6
5.485420 16.115459 1.213837 6
-0.389640 24.729360 1.205894 6
-4.915180 15.454129 1.219196 6
10.858393 12.082476 11.690447 6
16.774748 3.471382 11.822456 6
21.235073 12.790678 11.665446 6
-10.866578 25.562902 5.552405 6
21.725597 6.747218 9.826765 6
-0.385138 5.923973 5.637342 6
15.890705 15.452132 9.924220 6
11.211983 24.793413 5.555614 6
11.344198 6.066073 9.905292 6
-5.429962 21.370815 3.084378 6
27.052662 2.680469 7.374944 6
0.385178 12.725532 3.028438 6
16.735515 22.215382 7.389176 6
4.988769 22.146597 3.174796 6
4.960092 3.352152 7.461465 6
6.231699 17.419094 1.158975 6
-1.977586 24.798464 1.307578 6
-4.317180 14.076231 1.136227 6
10.072876 10.743429 11.796109 6
18.297809 3.316016 11.785765 6
20.443367 14.173337 11.673606 6
-9.970557 26.959159 5.527002 6
22.523798 8.083162 9.800294 6
-1.939828 6.110526 5.568466 6
14.255683 15.430466 9.765782 6
12.073596 23.400289 5.437588 6
12.056385 4.716614 9.788442 6
-6.286128 20.068004 3.164843 6
26.412057 1.409188 7.390601 6
1.952049 12.769378 3.175564 6
18.146265 22.064081 7.474175 6
4.256914 23.562393 3.190489 6
4.245583 4.772313 7.443772 6
3.954716 16.413324 1.066777 6
0.145721 23.412936 1.023830 6
-4.063369 16.508885 1.055322 6
12.291210 11.780856 11.866135 6
16.118962 4.712308 11.907546 6
20.374153 11.567356 11.938715 6
-12.392940 25.837442 5.278052 6
20.160574 6.977749 9.694910 6
0.001702 4.565761 5.256424 6
16.283953 13.985095 9.588726 6
12.141026 25.853252 5.293424 6
12.319734 7.121253 9.650717 6
-4.007966 21.248430 3.203610 6
28.595045 2.456617 7.561798 6
0.028707 14.120093 3.297626 6
16.195241 23.588876 7.673016 6
3.944154 21.093899 3.334080 6
4.020632 2.344432 7.711755 6
6.064982 15.256607 0.193986 6
0.094934 25.888580 0.159949 6
-6.178912 15.264077 0.182338 6
10.216685 12.998545 12.760396 6
16.325597 2.340128 12.782735 6
22.348270 12.775950 12.740621 6
-10.262785 24.624243 4.581992 6
22.361740 5.755702 8.981827 6
0.001033 6.972163 4.500237 6
16.283314 16.422353 8.849928 6
10.183719 24.685846 4.610599 6
10.121184 5.863883 8.972705 6
-6.082653 22.263023 4.148932 6
26.558847 3.591361 8.318317 6
-0.051939 11.771971 4.153912 6
16.135468 21.065609 8.433527 6
6.138721 22.365127 4.106813 6
6.134197 3.547425 8.456703 6
7.443421 15.313883 6.444493 1
-0.711417 26.985149 6.419334 1
-6.811174 14.014697 6.405028 1
8.889396 12.812339 6.657055 1
17.060252 1.159402 6.686722 1
23.070538 14.020667 6.499373 1
-8.897477 24.665197 10.760577 1
23.807585 5.845237 2.113021 1
-0.739174 8.245432 10.738668 1
15.610245 17.646140 2.091438 1
9.588829 23.480320 10.657433 1
9.475103 4.730808 2.044454 1
-7.483934 22.317397 10.977334 1
25.139304 3.404958 2.272081 1
0.686058 10.637962 10.942771 1
17.045847 20.047670 2.365712 1
6.676743 23.584276 10.823123 1
6.691066 4.720272 2.312766 1
6.654855 16.768074 9.962981 1
-1.548171 25.391778 9.890412 1
-4.915071 14.056153 9.958814 1
9.781900 11.278112 3.133843 1
17.933810 2.730551 3.017658 1
21.262604 14.064498 3.053800 1
-9.741410 26.119843 1.285260 1
22.843471 7.468701 5.611594 1
-1.578994 6.707944 1.208506 1
14.717254 16.137332 5.511359 1
11.219755 23.442559 1.136149 1
11.252607 4.757842 5.592157 1
-6.470528 20.676418 7.502994 1
26.056343 1.938317 11.786164 1
1.659078 12.210962 7.408952 1
17.867886 21.580440 11.659439 1
4.952466 23.560058 7.376396 1
5.019083 4.666045 11.780584 1
5.846440 14.206007 4.520999 1
1.033086 26.237918 4.450767 1
-6.836175 15.964749 4.559742 1
10.369610 13.938937 8.523346 1
15.309991 1.909941 8.471819 1
23.175872 12.166098 8.551607 1
-10.295356 23.656752 8.808724 1
22.144967 4.819430 0.170979 1
0.918967 7.387375 8.834727 1
17.310755 16.804512 0.137788 1
9.293395 25.421669 8.895981 1
9.318700 6.470079 0.237937 1
-5.838014 23.329881 12.694284 1
26.562235 4.520680 4.218925 1
-1.089045 11.468995 12.701172 1
15.332664 20.811464 4.170362 1
6.933536 21.590601 12.763371 1
6.866513 2.873190 4.149089 1
7.680320 18.712102 10.491810 1
-3.701477 25.551036 10.522164 1
-3.915866 12.349596 10.372072 1
8.656279 9.580293 2.601768 1
19.915517 2.722907 2.572921 1
20.188427 15.924011 2.495115 1
-8.710076 27.953998 1.839217 1
23.879593 9.250523 6.125153 1
-3.663771 6.754557 1.742231 1
12.621361 15.976181 6.218160 1
12.252040 21.654413 1.743612 1
12.219377 2.924008 6.133908 1
-7.682099 18.882742 6.851214 1
24.964556 0.186428 11.095296 1
3.614292 12.179023 6.905358 1
19.823428 21.423953 11.095561 1
3.965211 25.275324 6.806781 1
3.956510 6.540198 11.092604 1
8.779075 19.847715 12.158216 1
-5.194305 25.901252 12.305018 1
-3.480804 10.701662 12.153936 1
7.639415 8.403697 0.777383 1
21.456113 2.306553 0.701303 1
19.854699 17.432676 0.758952 1
8.660171 1.025411 3.604600 1
24.997582 10.291364 7.813220 1
27.363124 6.977276 3.539981 1
11.140387 16.479608 7.895338 1
12.690278 20.179123 3.557360 1
12.697888 1.399300 7.941051 1
-8.654766 17.725160 5.148706 1
7.574912 27.245605 9.368306 1
5.139147 11.764914 5.043331 1
-10.991125 21.090135 9.411365 1
3.579055 26.859466 5.132485 1
3.565645 8.075803 9.320175 1
10.585070 18.848137 0.153730 1
-5.420493 27.952911 0.265160 1
-5.357571 9.426002 0.163062 1
5.625207 9.376254 12.826380 1
21.650517 0.209548 12.645108 1
21.539069 18.714899 12.672633 1
10.587063 0.069455 4.486775 1
26.851339 9.462112 8.798593 1
27.141616 9.245922 4.641005 1
10.952889 18.524212 8.887561 1
10.943240 18.976875 4.532523 1
10.884253 0.142790 8.902023 1
-10.677665 18.671761 3.996808 1
5.507834 28.153805 8.369120 1
5.306910 9.499098 4.055810 1
-10.817136 18.976984 8.426083 1
5.317328 28.028305 4.112987 1
5.373279 9.199763 8.310903 1
11.548875 16.741959 12.491972 1
12.348849 1.495968 12.538730 1
25.134468 9.843293 12.508252 1
4.821104 11.520109 0.528500 1
3.889464 26.546440 0.501561 1
-8.783436 18.287817 0.452248 1
-4.764287 26.060329 3.783600 1
27.763694 7.453579 8.051503 1
-3.928064 10.945165 3.812968 1
12.309512 20.443096 8.075166 1
8.767888 19.316856 3.785573 1
8.753694 0.468251 8.181312 1
-11.534282 20.834546 4.845219 1
21.126710 1.941727 9.222522 1
3.960255 7.873833 4.900077 1
20.299154 17.249911 9.076159 1
7.600414 27.818563 4.900966 1
7.591987 8.918485 9.164661 1
10.359173 15.597350 10.777162 1
13.784070 1.162176 10.621152 1
24.477884 11.395471 10.711174 1
5.956322 12.691047 2.337344 1
2.467132 27.030370 2.337233 1
-8.231794 16.806753 2.322902 1
-5.815963 24.982008 2.079003 1
26.692687 6.178092 6.305990 1
-2.353746 10.595706 1.969176 1
13.897297 19.980408 6.313391 1
8.280138 20.724838 2.107430 1
8.313536 1.936555 6.377850 1
-10.370350 22.064579 6.651921 1
22.118537 3.214109 10.944390 1
2.403497 8.284700 6.605827 1
18.630423 17.500122 10.880833 1
8.032864 26.084810 6.617043 1
7.981746 7.409521 10.948755 1
3.065879 15.038320 5.314604 1
1.659614 23.262931 5.358917 1
-4.681781 18.052252 5.395365 1
13.243272 13.192646 7.602924 1
14.518481 4.875120 7.549037 1
21.050645 10.181562 7.562660 1
-13.164017 24.363562 9.772957 1
19.396320 5.643138 1.120724 1
1.790879 4.419777 9.633768 1
18.101141 13.955984 1.117819 1
11.449568 27.431444 9.616307 1
11.619507 8.589877 0.960968 1
-3.026866 22.629729 11.901949 1
29.613711 3.713815 3.202332 1
-1.709361 14.241636 11.955855 1
14.641906 23.636539 3.192516 1
4.762939 19.631315 11.982679 1
4.837730 0.811826 3.364341 1
2.348606 15.207973 6.851664 1
1.968850 22.653819 6.827302 1
-4.345024 18.630523 6.829016 1
13.943511 13.074229 6.166646 1
14.242632 5.697950 6.233704 1
20.536167 9.517391 6.154340 1
-14.006952 24.620291 11.226459 1
18.629498 5.824115 2.484950 1
1.939762 3.698556 11.140024 1
18.253942 13.161157 2.474962 1
11.924692 27.990110 11.228337 1
11.987950 9.104550 2.573558 1
-2.238255 22.447377 10.467230 1
30.165461 3.599800 1.880358 1
-1.966000 14.912628 10.553402 1
14.248146 24.367779 1.855124 1
4.181292 19.021711 10.542624 1
4.342841 0.222824 1.780568 1
2.860390 16.273680 5.561085 1
0.614190 22.526133 5.489271 1
-3.590691 17.433666 5.452851 1
13.387543 11.946237 7.506372 1
15.625708 5.681427 7.426225 1
19.784877 10.630999 7.379829 1
-13.466252 25.779082 9.803040 1
19.250903 6.999702 1.250351 1
0.772963 3.783625 9.844268 1
16.976683 13.169408 1.086023 1
12.577960 26.871202 9.797127 1
12.754095 8.132713 1.256588 1
-2.957639 21.242374 11.894656 1
29.688199 2.427769 3.209135 1
-0.695344 15.047569 11.707346 1
15.556137 24.483988 3.151015 1
3.513972 19.983402 11.764578 1
3.686054 1.205072 3.113318 1
1.941433 16.221198 10.874364 1
1.323230 21.713486 10.879121 1
-3.284092 18.538530 10.841265 1
14.482982 12.082703 2.022834 1
14.944251 6.403386 2.164527 1
19.462521 9.766426 2.147910 1
-14.320846 25.614875 2.222454 1
18.115982 6.730270 6.575471 1
1.419993 2.872078 2.128684 1
17.676223 12.347398 6.643263 1
13.018386 27.913037 2.179593 1
12.934151 9.079963 6.600157 1
-1.839038 21.492488 6.359547 1
30.658775 2.591793 10.707700 1
-1.342521 15.733716 6.442712 1
14.935351 25.296924 10.728052 1
3.271037 19.059404 6.462325 1
3.258196 0.335734 10.762977 1
1.927471 17.717235 10.245365 1
-0.135127 20.955093 10.097443 1
-1.909152 17.645761 10.127344 1
14.392274 10.378391 2.898559 1
16.360114 7.310693 2.818132 1
18.156028 10.619932 2.915324 1
-14.321507 27.135377 1.486287 1
18.185692 8.402894 5.866243 1
-0.157631 2.037022 1.541497 1
16.111509 11.441431 5.727663 1
14.440429 26.972896 1.591651 1
14.498531 8.195863 5.776221 1
-1.819114 19.841515 7.235647 1
30.635263 1.071876 11.456048 1
-0.018637 16.710941 7.059742 1
16.422706 25.984586 11.393770 1
1.775036 19.927227 7.096953 1
1.808614 1.030407 11.496559 1
0.739333 16.653012 9.762518 1
1.583222 20.620663 9.877495 1
-2.327047 19.207731 9.766366 1
15.459894 11.638032 3.124683 1
14.865386 7.517498 3.081181 1
18.520958 9.094135 3.138661 1
17.177712 25.920996 1.206834 1
17.029367 7.285600 5.424068 1
1.417437 1.758259 1.211888 1
17.824960 11.106793 5.487727 1
30.211086 0.364827 1.173625 1
14.049587 9.786405 5.461852 1
-0.883704 21.076914 7.505957 1
-0.734188 2.248016 11.720117 1
-1.551521 16.975212 7.562249 1
14.721828 26.331448 11.840095 1
2.370932 18.427164 7.563145 1
-14.023115 27.835583 11.814240 1
6.341340 12.611261 11.142171 1
2.166713 27.401172 11.247654 1
-8.599911 16.452512 11.248791 1
9.934787 15.566730 1.732927 1
14.176982 0.853942 1.735479 1
24.894192 11.833495 1.880520 1
-9.928303 21.960954 2.500635 1
22.692246 3.127183 6.811328 1
2.209631 8.630084 2.575720 1
18.388508 17.953346 6.925317 1
7.692101 25.693660 2.613794 1
7.766664 6.935092 6.910796 1
-6.335057 24.910755 6.087015 1
26.173187 6.117630 10.467972 1
-2.158219 10.278085 6.027016 1
13.993685 19.628106 10.417674 1
8.486651 21.150839 6.176794 1
8.593817 2.455563 10.350281 1
6.120252 11.906279 9.764244 1
2.973645 27.482352 9.588192 1
-8.966736 16.952300 9.658231 1
10.137574 16.215726 3.339617 1
13.329564 0.762712 3.211936 1
25.188886 11.278543 3.327557 1
-10.322789 21.309213 0.966345 1
22.367123 2.504007 5.347303 1
2.854652 8.703806 1.052550 1
19.120942 18.072944 5.292282 1
7.342051 26.474897 1.055420 1
7.245859 7.672574 5.442403 1
-6.100820 25.630732 7.703349 1
26.591863 6.932201 11.996027 1
-2.978096 10.101310 7.548008 1
13.370821 19.503047 11.916868 1
8.946832 20.626951 7.570089 1
8.998925 1.843189 11.920473 1
7.548359 12.207513 10.153081 1
18.176669 0.517517 10.096236 1
23.183731 15.405150 10.049255 1
8.709143 15.986818 2.979484 1
-1.833643 27.708491 2.955031 1
-6.742238 12.723626 2.817727 1
-8.769311 21.626679 1.357319 1
23.864449 2.957401 5.718364 1
1.778158 9.931717 1.516576 1
18.221098 19.308622 5.730534 1
6.861393 24.824066 1.458473 1
6.862493 6.109273 5.757190 1
-7.677524 25.393932 7.189916 1
24.935230 6.496240 11.585031 1
-1.770169 9.016213 7.307752 1
14.447543 18.326270 11.547758 1
9.481841 22.151078 7.132279 1
9.397682 3.245043 11.510178 1
6.450083 19.094943 6.175724 1
-3.432118 24.227583 6.219364 1
-3.051553 13.128861 6.206637 1
9.785257 9.208252 6.876000 1
19.757235 3.915655 6.738867 1
19.267009 15.125119 6.892864 1
6.429528 0.268328 10.477327 1
22.785933 9.557985 1.791814 1
29.147817 5.381001 10.438350 1
12.811816 14.939244 1.886427 1
13.201441 22.442016 10.560331 1
13.162244 3.668288 1.786200 1
-6.475852 18.547486 11.224400 1
9.883182 28.041301 2.460089 1
3.476122 13.419406 11.161892 1
-12.948865 22.746850 2.441420 1
3.045153 24.412090 11.082233 1
2.990851 5.608232 2.513500 1
5.164822 18.115590 6.295023 1
-1.892420 23.675354 6.168835 1
-3.288693 14.779879 6.265618 1
11.189745 10.133067 6.680692 1
18.162672 4.504964 6.802588 1
19.513991 13.590033 6.799199 1
-11.136383 27.515411 10.522654 1
21.384759 8.682123 1.901056 1
-2.008289 4.967115 10.587250 1
14.256627 14.308203 1.849729 1
12.958298 24.057136 10.585911 1
13.085528 5.365947 1.833437 1
-5.119847 19.490175 10.972273 1
27.285595 0.797462 2.391076 1
2.003232 13.968501 10.978925 1
18.279885 23.321236 2.424862 1
3.260956 22.879450 11.002833 1
3.342245 4.134316 2.357530 1
5.821004 18.885019 7.422122 1
-2.881875 23.844333 7.377162 1
-2.846987 13.786443 7.317739 1
10.466117 9.461239 5.708512 1
19.119238 4.271009 5.559780 1
19.211314 14.519224 5.721175 1
-10.481167 28.092890 11.573159 1
22.194387 9.414462 2.924199 1
-2.831463 5.084075 11.570203 1
13.434809 14.437508 3.015505 1
13.294246 23.218484 11.669256 1
13.374805 4.340987 3.063059 1
-5.862652 18.732646 9.869104 1
26.790231 0.014729 1.381902 1
3.003418 13.675598 10.029758 1
19.244248 23.039427 1.337682 1
2.936446 23.867199 10.042319 1
2.950531 5.057952 1.280121 1
8.738397 18.376906 5.833074 1
-4.071069 26.551987 5.988680 1
-4.569552 11.350425 5.853358 1
7.486676 9.765640 6.959000 1
20.284670 1.625286 7.087838 1
20.923134 16.759375 7.123518 1
-7.501593 27.866241 10.213242 1
24.974107 8.985370 1.501246 1
-4.070527 7.634606 10.183847 1
12.186049 17.061049 1.608178 1
11.590685 20.832989 10.189443 1
11.716228 2.128011 1.678138 1
-8.608354 19.072250 11.336776 1
23.899036 0.405018 2.695509 1
3.990374 11.157491 11.420426 1
20.327743 20.414507 2.747552 1
4.538286 26.232298 11.295643 1
4.561455 7.364988 2.828980 1
8.630362 17.771454 7.389425 1
-3.366177 26.862797 7.387162 1
-5.239781 11.850549 7.376777 1
7.596567 10.363849 5.483943 1
19.731774 1.446684 5.526478 1
21.547729 16.317760 5.437639 1
-7.591886 27.073088 11.807075 1
25.063288 8.336540 3.225157 1
-3.373663 7.953322 11.863759 1
12.841627 17.426228 3.208767 1
11.115843 21.188509 11.767611 1
10.984992 2.354600 3.073199 1
-8.710306 19.787485 9.911720 1
23.842392 1.080711 1.173019 1
3.500523 10.778905 9.851418 1
19.834546 20.147325 1.136275 1
5.134920 25.892975 9.897548 1
5.174681 7.033624 1.216142 1
9.012345 16.807340 6.101420 1
-2.876653 27.678535 6.213589 1
-6.128399 12.037676 6.142752 1
7.171352 11.422580 6.746580 1
19.166036 0.667272 6.887686 1
22.469535 16.258216 6.870133 1
-7.180276 26.268643 10.407724 1
25.224708 7.331782 1.747666 1
-2.719041 8.892294 10.587805 1
13.489056 18.136573 1.753242 1
10.008437 21.431457 10.408228 1
10.129492 2.513877 1.932149 1
-8.968133 20.782462 11.079224 1
23.531217 2.041050 2.393326 1
2.777481 10.084332 11.148172 1
19.130451 19.435056 2.389875 1
6.197079 25.630134 11.048119 1
6.158658 6.911011 2.388526 1
6.091060 18.006378 2.035657 1
-2.402835 24.431838 1.953241 1
-3.637406 13.951763 2.012217 1
10.301048 10.173299 10.945934 1
18.491696 3.744924 10.834427 1
20.026820 14.133814 10.834389 1
-10.280544 27.415772 6.459477 1
22.197454 8.672622 10.740150 1
-2.343373 5.515678 6.378000 1
13.925213 14.957553 10.619205 1
12.521433 23.384860 6.336225 1
12.562804 4.592656 10.648199 1
-5.927241 19.573941 2.223108 1
26.574512 0.809565 6.581236 1
2.221230 13.199427 2.255706 1
18.632490 22.573064 6.537588 1
3.613578 23.646682 2.354812 1
3.773229 4.897283 6.682465 1
5.911096 17.924970 0.447872 1
-2.317878 24.429765 0.511645 1
-3.671229 14.125220 0.518023 1
10.312174 10.199113 12.424535 1
18.505830 3.752285 12.509776 1
20.036751 14.242323 12.464395 1
-10.337216 27.403889 4.868555 1
22.192410 8.599889 9.192759 1
-2.275899 5.680402 4.797168 1
13.965013 15.097219 9.218279 1
12.550697 23.358931 4.828824 1
12.631872 4.701325 9.207992 1
-5.885970 19.617388 3.727428 1
26.624338 0.904645 8.109653 1
2.267293 13.168047 3.821697 1
18.469933 22.665608 8.214430 1
3.634678 23.594130 3.727330 1
3.774720 4.747078 8.152194 1
7.203024 17.330426 1.151596 1
-2.280037 25.702422 1.162426 1
-4.838712 13.377048 1.232326 1
9.157654 10.857600 11.752028 1
18.639229 2.404776 11.821427 1
21.204770 14.911606 11.712812 1
-9.025930 26.582686 5.495677 1
23.383991 7.819224 9.813347 1
-2.368577 6.999108 5.434148 1
13.942863 16.414592 9.862411 1
11.373513 22.726506 5.472274 1
11.314185 3.853997 9.807430 1
-7.235831 20.387398 3.080280 1
25.445751 1.538461 7.525175 1
2.335234 11.896430 3.174395 1
18.558724 21.109214 7.527129 1
4.972976 24.234173 3.241065 1
4.951676 5.573457 7.391260 1
3.588521 16.937412 1.751275 1
-0.192002 22.809635 1.799125 1
-3.383814 16.623487 1.776643 1
12.631206 11.141626 11.130588 1
16.478475 5.388943 11.125601 1
19.735554 11.558024 11.131328 1
-12.707039 26.387296 6.142834 1
19.863839 7.515684 10.385321 1
-0.266325 4.064477 6.058840 1
16.055950 13.409440 10.367906 1
12.973256 25.955294 6.072699 1
12.883801 7.182990 10.412282 1
-3.615207 20.609690 2.603486 1
28.853756 1.870424 6.912729 1
0.243607 14.667786 2.503164 1
16.489234 24.203020 6.901127 1
3.467688 21.059708 2.515859 1
3.330538 2.203438 6.823654 1
3.834902 16.841203 0.241097 1
-0.317543 23.102676 0.241115 1
-3.573382 16.362754 0.238891 1
12.436359 11.354147 12.865339 1
16.558832 5.057792 12.827730 1
19.835918 11.775310 12.900503 1
-12.389342 26.261651 4.481834 1
20.159192 7.455508 8.861308 1
-0.261091 4.314890 4.431200 1
15.907961 13.590071 8.747697 1
12.762274 25.860852 4.494322 1
12.766235 7.071007 8.739949 1
-3.856978 20.673635 4.151670 1
28.777066 1.945167 8.428426 1
0.306583 14.576880 4.158706 1
16.484574 23.892791 8.513565 1
3.548913 21.153047 4.183787 1
3.468147 2.475206 8.539232 1
3.423685 15.492545 0.888839 1
1.043370 23.486026 0.903035 1
-4.504633 17.340481 0.897573 1
12.676364 12.691300 11.992517 1
15.303991 4.688611 12.091760 1
20.804612 10.835233 11.999149 1
-12.843076 24.975018 5.363864 1
19.716975 6.157283 9.723769 1
1.112602 4.609800 5.314996 1
17.419658 14.063984 9.650842 1
11.757345 26.808689 5.298119 1
11.683263 7.980073 9.558266 1
-3.601067 22.023444 3.356660 1
28.952715 3.315832 7.648405 1
-1.083454 14.041586 3.368229 1
15.278884 23.580888 7.695914 1
4.561564 20.181274 3.314482 1
4.603469 1.434690 7.596654 1
6.822047 15.029980 0.706593 1
-0.170678 26.619910 0.662507 1
-6.679166 14.756656 0.755597 1
9.267026 13.145606 12.346438 1
16.462734 1.564212 12.380590 1
23.033658 13.398136 12.296495 1
-9.384301 24.473085 4.932331 1
23.156886 5.672075 9.319796 1
-0.178462 7.887338 5.085206 1
16.172633 17.388530 9.357201 1
9.455005 24.034745 5.095958 1
9.440471 5.270488 9.420909 1
-7.014783 22.554791 3.685661 1
25.637426 3.762264 7.982975 1
0.174855 10.851471 3.726869 1
16.509846 20.270621 7.885178 1
6.688610 22.840131 3.556956 1
6.778908 4.121262 8.065239 1
5.472579 14.353116 0.257282 1
1.012341 25.694000 0.308118 1
-6.539511 16.294043 0.291811 1
10.801110 13.747202 12.697377 1
15.160257 2.498491 12.691968 1
22.655260 11.920480 12.827060 1
-10.773412 23.859627 4.614276 1
21.753374 5.141920 8.897061 1
1.122788 6.854918 4.642268 1
17.347126 16.254897 8.885360 1
9.877705 25.595690 4.552726 1
9.826452 6.829533 8.933495 1
-5.414310 23.169499 4.030266 1
27.133773 4.347059 8.423664 1
-0.974566 12.004619 4.065338 1
15.206770 21.339844 8.327734 1
6.540665 21.289125 4.093513 1
6.446627 2.467069 8.386797 1
6.341180 15.334519 12.233012 1
-0.119420 26.068338 12.151600 1
-6.206889 15.052095 12.143760 1
9.939547 12.858610 0.776943 1
16.554349 2.118911 0.745787 1
22.401266 13.095953 0.846676 1
-9.950458 24.671434 3.532906 1
22.641709 5.973604 7.807640 1
-0.233036 7.126919 3.563319 1
16.139310 16.626174 7.861400 1
10.249618 24.367867 3.499494 1
10.079528 5.632303 7.894904 1
-6.366891 22.256379 5.042645 1
26.315155 3.370295 9.416881 1
0.227535 11.527797 5.138026 1
16.424641 21.056957 9.493817 1
6.142033 22.613532 5.069613 1
6.186192 3.812260 9.512610 1
