12.302939 9.503920 8.141788 8
4.831277 7.585481 7.397578 8
7.841328 1.568956 6.200882 8
8.012349 1.473618 6.987921 1
5.729687 1.430617 3.936838 7
4.691858 8.780049 7.244447 6
4.428338 9.229961 5.791161 6
5.420865 9.363290 5.514986 1
4.096562 7.730437 5.155038 6
4.350384 7.672105 4.251844 1
10.841600 7.630315 5.252165 1
4.741246 6.723240 6.112854 6
4.186148 6.125515 6.236695 1
5.615436 6.460183 5.827833 1
11.093575 10.316908 5.601259 6
10.318320 10.019777 6.229115 1
6.973316 0.789075 4.224887 6
10.480176 9.697601 3.742985 1
8.053129 1.378657 3.336923 6
8.176103 2.285100 3.652240 1
1.266677 0.864085 3.609488 1
7.817412 1.222467 1.807771 6
6.954965 1.625627 1.585635 1
1.270605 2.014828 1.123656 6
2.238573 1.894231 1.329798 1
8.860357 3.023400 1.343484 1
1.169856 1.871321 0.223513 1
4.251170 9.704606 1.479216 6
4.035138 9.605550 0.388729 1
11.122453 9.135668 1.836741 1
4.967734 9.207693 1.705738 1
4.463647 0.779533 4.378787 6
3.755082 1.394583 4.243726 1
8.345854 10.165921 5.146724 1
8.037073 9.370249 3.327149 6
8.251054 9.678778 1.866726 6
4.705984 0.639979 1.712832 1
7.897926 8.629214 0.959002 6
7.979986 8.793899 0.186762 1
7.552070 7.436272 1.474387 6
7.276893 6.818909 0.984598 1
7.342731 7.109281 2.930743 6
7.110749 6.340180 3.106501 1
7.651246 8.178220 3.796223 6
7.627313 7.967943 4.631176 1
5.673273 2.901572 4.770087 6
6.449211 3.182695 4.665556 1
5.364102 2.710531 5.563691 1
4.809119 3.679236 3.784620 6
3.381245 4.163653 4.328830 6
3.232369 3.843980 5.217605 1
2.678446 5.048335 3.634566 6
9.404692 5.151921 3.963893 1
3.040172 5.511889 2.486387 6
2.573925 5.959442 1.914990 1
4.194103 5.105970 1.859220 6
4.560884 5.333494 1.097086 1
5.072321 4.268265 2.717017 6
5.906410 3.928240 2.366251 1
8.507928 5.624905 6.443799 8
8.706732 7.776389 7.317997 8
7.867541 3.664303 8.418907 8
8.027750 3.808149 7.645389 1
5.736336 3.863791 10.711277 7
8.492131 6.385656 7.470820 6
8.195264 5.945094 8.962770 6
9.173311 5.760425 9.165386 1
7.971619 7.432974 9.334293 6
8.215114 7.435335 10.335043 1
6.974892 7.461506 9.369965 1
8.505559 8.331207 8.507567 6
7.904721 9.187590 8.346343 1
9.404347 8.691723 8.909903 1
7.273120 4.910667 9.049046 6
6.562115 5.133767 8.517341 1
6.932452 4.558167 10.424210 6
6.729423 5.519371 10.817133 1
8.095334 3.906369 11.326612 6
8.104432 3.025749 11.033734 1
8.856355 4.544249 11.041400 1
7.861151 4.003323 12.672695 6
7.029419 3.702373 12.973317 1
8.804914 3.161479 13.506321 6
9.721740 3.432483 13.187522 1
8.696689 2.246224 13.137486 1
8.713992 3.210870 14.440039 1
8.106286 5.405709 13.363835 6
8.101225 5.451116 14.356577 1
7.330641 5.870289 13.054692 1
8.800691 5.880771 13.030113 1
5.574182 2.493406 10.080085 6
6.561809 2.111315 10.061067 1
5.384687 2.697148 9.094121 1
4.836300 1.607718 10.760628 6
7.405622 10.986273 10.298017 6
3.144968 1.462145 9.533236 1
6.466280 10.082117 11.045011 6
5.670319 9.902748 10.765876 1
6.956762 9.692164 12.317622 6
6.381632 9.194093 12.931119 1
8.084917 10.170292 12.905062 6
8.442959 9.750565 13.600559 1
8.938372 11.000855 12.170824 6
9.783430 11.195155 12.497027 1
4.512187 4.524884 10.392518 6
3.741459 3.953696 10.490444 1
4.510424 5.030436 9.523286 1
4.323679 5.729087 11.321202 6
11.580434 6.997995 10.789772 6
11.475746 7.197017 9.814846 1
11.206254 7.928893 11.592797 6
10.943605 8.826345 11.246149 1
11.377164 7.820916 12.860026 6
11.162207 8.511116 13.429142 1
11.653373 6.613558 13.581390 6
11.905904 6.603464 14.374339 1
4.466257 5.670705 12.637130 6
4.662668 4.884049 13.062671 1
