10.050934 9.649771 0.902471 6
17.550683 16.351692 6.094138 6
0.691608 3.413683 9.404433 6
8.323842 22.740211 4.199304 6
9.757660 8.816488 0.616160 1
17.770283 17.242728 5.740404 1
0.626212 4.245512 9.790590 1
8.713375 21.929722 4.586913 1
11.520714 9.674954 1.153561 6
16.049766 16.531346 6.265606 6
2.334406 3.549939 9.121560 6
6.916042 22.735803 4.013195 6
12.234207 10.610669 1.745538 6
15.435607 15.480744 6.974044 6
3.015110 2.478002 8.579069 6
6.081092 23.722743 3.316839 6
11.817086 11.329060 2.085597 1
15.755022 14.875746 7.141000 1
2.663405 1.716115 8.264096 1
6.683855 24.467066 3.155587 1
13.592928 10.514722 1.936901 6
13.949259 15.711823 7.000602 6
4.496186 2.534857 8.449611 6
4.727075 23.519214 3.240153 6
14.117429 11.045696 2.266010 1
13.533808 15.048391 7.481387 1
4.911508 1.906666 8.031784 1
4.221701 24.158495 2.793930 1
14.304789 9.260118 1.498814 6
13.425602 16.822072 6.517884 6
5.052355 3.654233 8.806988 6
4.154032 22.369188 3.782226 6
15.173018 9.194115 1.504908 1
12.404671 16.916040 6.638956 1
6.013286 3.718892 8.854110 1
3.287467 22.435151 3.592349 1
13.572421 8.266751 0.748980 6
14.047872 17.754364 5.976197 6
4.368854 4.788054 9.467693 6
4.846434 21.345329 4.316012 6
13.928683 7.515507 0.522628 1
13.692069 18.618839 5.717166 1
4.765998 5.563264 9.735040 1
4.461364 20.626384 4.704869 1
12.185684 8.540575 0.674398 6
15.444870 17.745248 5.866380 6
2.970078 4.611772 9.685321 6
6.312138 21.628255 4.477860 6
11.707392 7.880041 0.236095 1
15.838418 18.289653 5.401434 1
2.561827 5.322889 10.068294 1
6.748179 20.968475 4.961456 1
9.518001 10.749606 10.094958 6
18.003918 15.505472 4.907563 6
0.366172 2.290823 0.169201 6
8.876857 23.829706 5.299843 6
9.928985 9.876962 8.702237 6
17.597263 16.177891 3.532563 6
0.810080 3.071407 1.583522 6
8.517986 23.117760 6.772466 6
10.814406 9.707363 8.662524 1
16.755899 16.469941 3.490856 1
1.678078 3.346675 1.487475 1
7.495741 22.893100 6.637239 1
9.578436 10.458697 8.071388 1
17.894254 15.595230 2.875781 1
0.438337 2.535093 2.212299 1
8.769576 23.573398 7.451239 1
9.338007 9.113915 8.599686 1
18.053235 17.129829 3.501957 1
0.183759 4.012749 1.629274 1
8.878040 22.102717 6.719664 1
10.237760 12.090578 9.938969 6
17.337914 14.102620 4.835407 6
1.014668 0.946849 0.325316 6
8.219438 25.115797 5.473695 6
11.118048 11.944484 9.877548 1
16.366114 14.300702 4.777125 1
2.054188 1.121515 0.383600 1
7.223994 24.877910 5.421052 1
9.979098 12.544287 0.477960 1
17.534264 13.689153 5.683403 1
0.925880 0.615426 9.848833 1
8.249882 25.516428 4.550205 1
9.868892 12.601703 9.191106 1
17.695049 13.599024 4.190036 1
0.673338 0.452420 0.973775 1
8.353647 25.639677 6.202165 1
8.100004 10.898991 10.097450 6
1.090114 15.157547 4.955058 6
17.166750 2.180179 0.127760 6
10.255007 24.065365 5.385686 6
7.501954 10.026843 10.008114 1
1.681640 16.099741 4.976964 1
16.847117 3.063651 0.265263 1
10.829094 23.040226 5.368066 1
7.703067 11.372522 9.328545 1
1.514691 14.777761 4.199216 1
16.933539 1.675745 0.890662 1
10.640001 24.429609 6.039407 1
7.763915 11.319407 0.621087 1
1.404559 14.758789 5.766098 1
17.080110 1.650289 9.631486 1
10.586035 24.474738 4.469053 1
8.905141 10.925038 2.867024 6
0.244929 15.282579 8.060865 6
18.078835 2.142222 7.334173 6
9.448488 24.057658 2.275231 6
7.800580 10.950284 3.974375 6
1.273226 15.268952 9.025212 6
17.055559 2.143717 6.325426 6
10.563446 23.976213 1.223536 6
8.053191 11.301812 5.282517 6
0.988737 14.676128 10.263043 6
17.241506 1.612677 5.056508 6
10.318732 24.487056 10.230237 6
8.884514 11.774464 5.348381 1
0.284254 14.331082 0.352807 1
18.230424 1.219485 4.777635 1
9.464313 24.914332 10.025306 1
7.109665 11.278298 6.140224 6
2.110764 14.774131 1.114768 6
16.271721 1.700455 4.153898 6
11.182890 24.521860 9.231640 6
7.263119 11.629090 6.934692 1
1.994563 14.503945 1.870840 1
16.549421 1.438336 3.317217 1
11.193723 24.769902 8.367580 1
5.832467 10.758272 5.766239 6
3.342492 15.437324 0.755392 6
15.082959 2.372072 4.358457 6
12.593989 23.874810 9.636187 6
5.114623 10.778607 6.460370 1
3.963221 15.288454 1.275440 1
14.457480 2.259300 3.695936 1
13.075563 23.776266 8.908808 1
5.728997 10.275472 4.528167 6
3.532564 15.790916 9.837258 6
14.752333 2.849492 5.572341 6
12.823495 23.354784 0.561942 6
4.718430 9.970332 4.338035 1
4.299319 16.170678 9.542548 1
14.039962 3.121265 5.965194 1
13.532211 22.955896 0.812327 1
6.577300 10.265378 3.636966 6
2.647624 15.832851 8.911972 6
15.915741 2.733412 6.642350 6
11.690393 23.423795 1.385270 6
6.495992 9.979149 2.871642 1
2.644382 16.175312 7.908746 1
15.634210 3.138649 7.486696 1
11.949199 23.107708 2.223299 1
7.855730 7.775209 2.234764 6
1.188296 18.382171 7.480671 6
17.195187 5.182367 7.884153 6
10.473189 20.952361 2.818394 6
9.098298 6.705449 4.069104 6
0.228378 19.511513 9.041021 6
18.309209 6.288264 6.205010 6
9.417465 19.699253 1.102913 6
9.477821 5.866155 4.093799 1
17.998585 20.171892 9.246297 1
0.343502 7.267208 6.247122 1
8.826388 19.005872 1.067270 1
8.696530 6.817024 4.873276 1
0.576695 19.346140 9.982209 1
17.788430 6.212711 5.436218 1
9.833539 19.889823 0.325222 1
9.883033 7.916325 3.664214 6
17.616735 18.261632 8.635378 6
0.696092 5.258610 6.643513 6
8.404041 20.893300 1.483793 6
10.665646 7.520157 3.047798 1
17.022119 18.569315 8.216778 1
1.512013 5.615185 7.221649 1
7.772657 20.638833 2.228869 1
10.627363 8.631799 4.831135 6
17.037439 17.510153 9.938554 6
1.430507 4.445901 5.547494 6
7.855169 21.768192 0.393631 6
11.035072 9.534778 4.449163 1
16.651801 16.723649 9.553872 1
1.806237 3.538472 5.824770 1
7.473151 22.486369 0.836095 1
9.736013 8.885768 5.248022 1
17.744343 17.213835 0.233078 1
0.544084 4.156946 4.877910 1
8.590874 22.104939 10.091379 1
11.584489 7.865490 5.591568 6
16.030770 18.332281 0.440097 6
2.347419 5.175500 4.743980 6
6.882019 20.934260 9.807610 6
11.283459 7.284279 6.620043 6
16.474961 19.014092 1.487295 6
2.002629 5.831389 3.612613 6
7.180793 20.271980 8.752787 6
10.219400 7.273897 6.931312 1
17.186137 18.956363 1.903579 1
1.065370 5.893276 3.424241 1
8.036895 20.344746 8.557720 1
12.161504 6.520491 7.391792 6
15.428924 19.531885 2.304944 6
2.909565 6.460520 2.778690 6
6.299078 19.517962 7.972970 6
11.862239 6.058237 8.281971 1
15.707406 20.050672 3.076848 1
2.595863 7.051948 2.004841 1
6.505490 19.234385 7.153986 1
13.338370 6.537336 7.001150 6
14.181752 19.704170 1.914758 6
4.150710 6.676568 3.351280 6
4.885352 19.562025 8.318670 6
14.154531 5.989067 7.459842 1
13.606209 20.180364 2.487035 1
4.904373 7.051471 2.688989 1
4.351982 19.035744 7.935372 1
13.792522 7.051875 5.925529 6
13.764426 18.969854 0.800852 6
4.649897 5.985289 4.476888 6
4.578801 20.164418 9.600533 6
14.620491 7.109405 5.574988 1
12.859197 19.038912 0.457023 1
5.414920 5.841473 4.682913 1
3.724503 20.262650 9.831938 1
12.897819 7.861295 5.130548 6
14.704166 18.333276 0.095753 6
3.760982 5.303628 5.204442 6
5.580961 20.988668 0.014771 6
13.162577 8.219525 4.441800 1
14.435950 17.900661 9.598909 1
4.034438 4.863784 5.941194 1
5.350209 21.355909 0.743701 1
9.170050 9.755215 2.145638 7
0.038321 16.401575 7.246810 7
0.091805 3.195225 8.076972 7
9.097072 22.834163 2.916505 7
8.837553 8.635891 2.887707 7
0.361226 17.607102 8.045332 7
18.183433 4.373965 7.491003 7
9.544254 21.783028 2.405865 7
9.463611 12.079100 2.750234 8
18.162801 14.033646 7.888411 8
0.338303 1.002448 7.541210 8
8.867500 25.069382 2.441448 8
7.049767 8.053431 1.406981 8
2.165617 18.143209 6.577543 8
16.241072 4.952081 8.810711 8
11.204676 21.092682 3.551987 8
8.066665 6.659042 3.005315 8
1.174332 19.468515 8.172024 8
17.145103 6.459142 7.370274 8
10.432154 19.700229 2.276584 8
7.102519 15.549509 4.394217 6
1.937244 10.704533 9.499771 6
16.264218 23.704966 5.948245 6
11.136122 2.337031 0.695223 6
7.464352 14.597954 4.518501 1
1.852619 11.697669 9.678369 1
16.641229 24.629232 5.741592 1
10.960530 1.445628 0.594253 1
7.141473 15.629303 2.798332 6
2.021885 10.423771 7.919260 6
16.320594 23.558411 7.441419 6
11.216451 2.514023 2.245608 6
6.920502 16.889776 2.173761 6
2.087786 9.171230 7.338120 6
16.165824 22.269437 8.108375 6
11.385287 3.898048 2.903124 6
6.845351 17.680733 2.822658 1
2.303015 8.365347 7.955418 1
16.168367 21.462892 7.496493 1
11.541048 4.525544 2.423916 1
6.975133 16.977338 0.783393 6
2.250836 9.100879 5.934881 6
16.119284 22.187042 9.435763 6
11.443286 4.033687 4.349347 6
6.843448 17.806702 0.504257 1
2.313283 8.236398 5.685357 1
16.080578 21.303659 9.707534 1
11.494450 4.711286 4.719864 1
7.141783 16.014587 10.269226 6
2.026382 10.284819 5.249259 6
16.426086 23.263256 10.180895 6
11.285410 2.924529 5.036364 6
7.066734 15.976748 9.525508 1
2.090095 10.221371 4.378715 1
16.305957 23.146877 0.766031 1
11.236454 3.003548 5.917394 1
7.275256 14.659384 0.649315 6
1.960313 11.492689 5.821103 6
16.528524 24.469385 9.606659 6
11.036320 1.632648 4.583271 6
7.498225 13.885244 0.035909 1
1.772646 12.113827 5.282482 1
16.684742 25.164897 10.119427 1
10.843718 0.953469 5.008738 1
7.336747 14.558111 2.054902 6
1.901049 11.456383 7.258217 6
16.552666 24.591765 8.227938 6
10.972591 1.578534 3.047085 6
7.353575 13.653896 2.466381 1
1.794143 12.401923 7.599355 1
16.655426 25.384183 7.830381 1
10.989385 0.636804 2.687530 1
5.771127 15.553026 4.945421 6
3.480926 10.476378 10.061802 6
14.978776 23.537058 5.269320 6
12.657364 2.491358 0.037431 6
4.965800 14.369915 4.613560 6
4.162289 11.803573 9.608709 6
14.224111 24.859848 5.824618 6
13.365055 1.280406 0.507293 6
3.997094 14.306215 4.987939 1
5.169771 11.834364 10.013789 1
13.196447 24.807008 5.396009 1
14.260291 1.276673 0.159603 1
5.509437 13.576755 4.850077 1
3.698158 12.666098 9.846354 1
14.711576 25.650769 5.525347 1
12.989932 0.575644 0.276997 1
4.964786 14.414402 3.484754 1
4.397524 11.780536 8.795559 1
14.170295 24.860274 6.800817 1
13.480535 1.380443 1.552375 1
4.880287 16.860979 4.576308 6
4.365853 9.377804 9.760717 6
14.004672 22.489435 5.669482 6
13.493956 3.640848 0.474900 6
5.336822 17.544109 4.853128 1
3.829948 8.444531 10.035884 1
14.500794 21.645439 5.530862 1
12.887661 4.604164 0.372770 1
4.115896 16.720345 5.136495 1
5.103156 9.308492 0.001141 1
13.334237 22.314613 5.104050 1
14.256003 3.786060 0.043885 1
4.669279 16.801333 3.663034 1
4.483936 9.286037 8.800548 1
13.839116 22.422376 6.655544 1
13.623681 3.714517 1.437240 1
5.903621 15.457369 6.654301 6
3.309568 10.529013 1.463308 6
15.131934 23.743377 3.735753 6
12.573451 2.508101 8.850561 6
6.311649 14.699202 6.729653 1
2.743899 11.478573 1.597475 1
15.519532 24.415298 3.496080 1
11.929301 1.695008 8.640915 1
5.036188 15.499594 7.028217 1
4.185469 10.766926 1.811855 1
14.122582 23.831253 3.254091 1
13.291048 2.449416 8.498558 1
6.306407 16.423723 6.821965 1
2.832839 9.775341 1.712788 1
15.464904 22.861544 3.490962 1
11.996224 3.302902 8.461384 1
8.264396 17.464696 5.452361 6
0.836176 8.604646 0.266172 6
17.496161 21.674974 4.966562 6
10.101477 4.322119 9.992565 6
9.403940 18.035874 6.377188 6
18.194612 8.173584 1.223174 6
0.140888 21.324918 4.006967 6
8.915577 4.889740 9.184117 6
10.063671 19.154467 5.998388 6
17.536137 6.933114 0.836086 6
0.990389 20.024867 4.337737 6
8.274038 6.004079 9.457210 6
9.921108 19.581206 5.018233 1
17.569700 6.640926 10.223861 1
0.677114 19.693042 5.088984 1
8.437999 6.443372 10.217897 1
11.004699 19.703010 6.721338 6
16.602799 6.407242 1.648614 6
1.825609 19.491197 3.476531 6
7.353216 6.620717 8.631444 6
11.413853 20.409906 6.448285 1
16.091010 5.672674 1.482637 1
2.333693 18.710201 3.653138 1
6.939432 7.396863 8.795355 1
11.140968 19.153525 8.072380 6
16.406904 6.988419 2.811157 6
1.972208 19.929728 2.208409 6
7.096212 6.128047 7.456347 6
11.841146 19.710473 8.587099 1
15.859849 6.571759 3.506118 1
2.648025 19.621792 1.577776 1
6.666541 6.467980 6.868901 1
10.539783 18.018102 8.529988 6
17.056432 7.960602 3.281012 6
1.373692 21.071738 1.753484 6
7.817801 5.047254 7.028849 6
10.713640 17.841458 9.278645 1
16.913013 8.448323 4.179272 1
1.547025 21.461591 0.923749 1
7.669035 4.697465 6.101492 1
9.565369 17.386123 7.681432 6
17.845041 8.761499 2.507477 6
0.364329 21.695250 2.743651 6
8.726373 4.487254 7.814375 6
9.244199 16.608524 7.948656 1
0.104253 9.510393 2.823218 1
0.029196 22.420336 2.373767 1
9.107524 3.626655 7.620287 1
9.526018 14.547630 6.188907 6
17.990109 11.769347 1.074595 6
0.329061 24.807147 4.062294 6
8.773058 1.423891 9.110840 6
11.352736 14.209710 4.753706 6
16.286284 12.041643 10.017847 6
2.091024 25.176841 5.389070 6
7.051776 0.967321 0.304783 6
11.543220 13.377804 4.138770 1
16.159715 12.802412 9.319721 1
2.237304 25.814012 5.975795 1
6.997271 0.340134 0.829971 1
12.020215 14.663234 5.092485 1
15.408084 11.554210 10.164324 1
2.839027 24.660592 5.376488 1
6.202317 1.559084 0.200040 1
10.251281 15.140703 4.138962 6
17.242021 11.148635 9.299197 6
1.156606 24.103399 6.150431 6
8.055320 1.998897 1.052001 6
9.775702 14.544921 3.455740 1
17.859311 11.566395 8.534177 1
0.525399 24.602380 6.785754 1
8.642187 1.581399 1.595768 1
10.879481 16.209052 3.528173 6
16.609771 9.805988 8.555523 6
1.836937 22.942373 6.830212 6
7.377542 3.228862 1.712389 6
10.338284 16.849355 3.097720 1
17.323503 9.242415 8.189647 1
1.036934 22.298924 7.213518 1
8.101526 3.804274 1.966639 1
11.528010 16.783921 4.082613 1
16.117726 9.436499 9.263479 1
2.283881 22.497332 6.188956 1
6.932294 3.695747 0.968101 1
11.845882 15.791761 2.404682 6
15.682862 10.255436 7.554568 6
2.688019 23.320869 7.819691 6
6.510237 2.737211 2.858780 6
13.155573 15.647076 2.624383 6
14.285445 10.418288 7.648386 6
4.036819 23.484577 7.763526 6
5.056401 2.648457 2.616394 6
13.540674 15.925323 3.333586 1
13.922321 10.244502 8.528725 1
4.506337 23.309827 6.805727 1
4.827874 2.850735 1.697549 1
14.169063 15.024269 1.572500 6
13.417032 11.105295 6.855988 6
4.788757 24.091420 8.671092 6
4.226284 2.125374 3.508352 6
14.894239 14.972243 1.831883 1
12.532834 11.231673 6.853900 1
5.868834 24.247057 8.417557 1
3.330451 1.987065 3.273816 1
13.539790 14.776577 0.392830 6
14.016911 11.350621 5.490689 6
4.456836 24.514218 9.956316 6
4.853466 1.758425 4.713023 6
14.020853 14.381252 10.133118 1
13.427328 11.702906 4.849218 1
4.835826 24.714442 0.256752 1
4.302144 1.404133 5.335570 1
12.115953 15.010572 0.196362 6
15.443000 11.147489 5.217185 6
2.924476 24.190958 10.141426 6
6.098472 1.811502 5.068666 6
11.768763 14.811198 9.582824 1
15.735398 11.386202 4.419383 1
2.586839 24.479998 0.801186 1
6.517183 1.603311 5.771956 1
11.475091 15.527502 1.229356 6
16.167500 10.586298 6.306669 6
2.142891 23.768585 9.173871 6
7.066135 2.347856 4.021833 6
10.539947 15.647799 0.957343 1
17.124981 10.566310 6.151959 1
1.247621 23.644040 9.271484 1
7.811109 2.592940 4.247689 1
8.348671 16.158071 5.155585 7
0.960338 10.080294 0.003922 7
17.554625 23.011374 5.169406 7
10.174649 3.166308 0.013917 7
9.482306 15.374036 5.352718 7
18.208126 10.663765 0.095831 7
0.260639 23.734585 4.949288 7
8.857255 2.433692 10.233734 7
7.500171 18.247526 5.032987 8
1.585973 7.807828 10.020767 8
16.788485 20.997696 5.412007 8
10.879087 5.299059 0.114516 8
8.932744 14.333250 7.149739 8
0.316796 11.737897 2.039666 8
18.110533 24.905657 2.998103 8
9.503982 1.339086 8.120524 8
10.588674 13.658706 6.064075 8
16.959483 12.391014 0.914285 8
1.330126 25.474768 4.239672 8
7.702415 0.709987 9.415658 8
