8.943002 2.457184 1.380753 53
-0.648414 7.104995 13.323195 53
11.366185 8.114221 5.612563 53
-3.021092 3.515619 9.129614 53
6.521254 7.615359 2.969660 50
1.885281 3.052962 11.905170 50
10.400497 7.122008 10.250308 50
-2.277974 2.546154 4.333074 50
9.012345 8.369745 1.114876 7
-0.610201 3.746058 13.665394 7
-3.118893 6.884925 8.442000 7
11.535108 2.322429 6.288831 7
8.595207 7.776940 2.529937 6
-0.302404 3.241098 12.174995 6
9.380194 6.450163 2.495300 6
-1.017618 1.887365 12.082346 6
10.724507 6.819635 1.847355 6
-2.435305 2.236944 12.982779 6
10.373493 7.859252 0.772043 6
-1.973860 3.206233 13.870155 6
5.839799 5.640018 2.318938 6
2.451434 1.069120 12.397630 6
6.510305 7.826486 5.126910 6
1.910472 3.311627 9.697469 6
5.350202 9.134252 1.580863 6
2.915953 4.634212 13.035289 6
3.931973 8.862256 1.961607 6
4.466156 4.271416 12.644409 6
3.189574 0.884044 0.962177 6
5.150713 5.561906 13.675450 6
1.686681 0.785033 0.885090 6
6.651799 5.434357 13.821971 6
6.499152 0.527069 5.299815 6
1.896115 5.067778 9.437069 6
-3.837375 7.771808 9.374628 6
12.126941 3.150322 5.445753 6
-2.626027 8.533857 10.115084 6
10.962628 3.790592 4.753328 6
-1.540612 8.323413 9.352836 6
9.826521 3.791782 5.428067 6
-1.747458 7.205201 8.338371 6
9.994048 2.674445 6.436327 6
8.223509 2.215154 11.526460 6
0.193876 6.783723 3.140595 6
9.381182 6.034243 8.955392 6
-1.056622 1.445852 5.732443 6
7.955086 5.957749 9.179588 6
0.322207 1.331892 5.596681 6
7.140514 5.518839 8.164062 6
1.190058 0.778863 6.550654 6
6.486618 0.441901 7.173190 6
1.720955 5.137396 7.721667 6
-5.864684 5.849797 13.096972 6
14.102006 1.277764 1.545233 6
5.672564 1.574781 7.448542 6
2.643333 6.026985 7.171751 6
-5.079970 5.932770 12.209547 6
13.333129 1.446899 2.417747 6
-5.594357 4.824281 14.312264 6
13.782381 0.255670 0.373451 6
9.200078 1.512266 10.674155 6
-0.969613 6.256906 3.979366 6
9.609960 0.244736 10.918002 6
-1.328629 4.929225 3.727469 6
8.887119 8.491130 3.047421 1
-0.628606 3.827762 11.697060 1
-4.111160 8.420382 8.727411 1
12.324195 3.833724 5.907211 1
-3.010781 0.199581 10.282344 1
11.270025 4.841021 4.439105 1
-2.509706 7.881050 10.737450 1
10.725708 3.277237 3.827318 1
-1.434548 0.042368 8.943546 1
9.856664 4.637619 5.846716 1
-0.785712 8.222288 9.872159 1
9.052366 3.730688 4.824879 1
-1.176101 6.410545 8.573020 1
9.539710 1.954286 6.250659 1
-1.468762 7.426425 7.337173 1
9.759102 2.931335 7.309361 1
9.606626 6.306509 3.538214 1
-1.214682 1.676319 11.345248 1
8.929651 5.942817 2.089474 1
-0.566888 1.370489 12.650799 1
11.183410 7.283364 2.508411 1
-2.929873 2.814192 12.338135 1
11.173306 6.086220 1.477438 1
-2.838511 1.619731 13.189252 1
2.690663 7.405553 14.562102 1
5.613341 2.747164 0.039703 1
11.045181 8.482810 0.654177 1
-2.707715 3.886172 13.986128 1
