3.732919 2.570299 3.185786 8
2.829499 7.602330 8.201876 8
1.757243 2.537590 2.285476 8
4.869897 7.588089 9.199837 8
0.065675 0.214669 8.217596 8
6.746396 5.342062 2.977866 8
6.656137 9.876998 2.992940 8
0.030613 4.928824 8.246765 8
1.352318 0.610919 6.673165 8
5.355159 5.539573 4.789139 8
5.371650 9.728189 4.709781 8
1.289874 4.577804 6.598961 8
0.231651 1.729474 6.687913 8
6.440952 6.748091 4.600600 8
6.527565 8.513748 4.675106 8
0.193720 3.482483 6.700921 8
7.112148 1.709205 0.112999 6
-0.442185 6.761006 11.186369 6
-0.512117 8.386609 11.246093 6
7.079977 3.254092 0.154988 6
8.000853 1.408123 0.347771 1
-1.329775 6.551730 11.038139 1
-1.374398 8.788277 11.053138 1
8.075082 3.763207 0.268067 1
6.589000 1.442643 0.679118 1
0.027091 6.415674 10.720444 1
0.182205 8.756428 10.533805 1
6.478753 3.690811 0.762655 1
5.090723 1.474968 10.010648 6
1.623297 6.433358 1.401876 6
1.578780 8.747681 1.449014 6
5.092305 3.695635 10.081880 6
5.195173 0.421988 9.752706 1
1.317660 5.638405 1.697762 1
1.412100 9.620190 1.670687 1
5.286381 4.503713 9.820928 1
3.698858 1.868971 9.937288 6
2.949072 6.877866 1.441346 6
2.992921 8.255059 1.399978 6
3.648105 3.273804 9.964369 6
2.322843 1.295764 9.858797 6
4.433389 6.311203 1.440228 6
4.435384 8.973177 1.440773 6
2.211641 3.871421 9.966799 6
2.238344 0.344597 9.796880 1
4.355611 5.444572 1.590359 1
4.448243 9.868163 1.489476 1
2.354488 4.878183 9.771436 1
1.430883 1.810887 8.604978 6
5.227688 7.016236 2.794759 6
5.170774 8.223916 2.702601 6
1.461559 3.120121 8.738583 6
0.759600 1.069891 7.789799 6
5.963490 6.070883 3.718047 6
5.942781 9.171133 3.548137 6
0.646539 4.011900 7.801954 6
5.668789 2.474867 9.187311 6
0.851305 7.622327 2.087251 6
6.625778 2.567772 9.317380 1
-0.098487 7.627069 2.044881 1
5.452137 2.600523 8.298699 1
1.044325 7.607717 2.987481 1
1.418803 1.816685 11.130452 6
5.304524 6.909340 0.333631 6
5.302787 8.376995 0.373491 6
1.480858 3.303225 11.107791 6
0.600558 1.341480 11.187146 1
6.087755 6.496725 0.100751 1
6.177195 8.801050 0.150863 1
0.599859 3.700945 11.342273 1
3.645652 2.524514 0.962208 6
2.909348 7.561292 10.580418 6
4.759616 2.513523 0.845105 1
1.860116 7.630550 10.498512 1
2.969846 2.477904 2.212348 6
3.727858 7.553159 9.321444 6
3.010707 2.559488 4.535696 6
3.574255 7.624081 6.862324 6
2.590318 3.346475 4.615838 1
4.111278 8.414756 6.820806 1
4.107322 6.748383 6.735925 1
2.477298 1.687653 4.530732 1
4.007622 2.622903 5.563345 6
2.604739 7.612190 5.826606 6
3.477643 2.632697 6.396330 1
3.105724 7.742591 4.937989 1
3.071192 7.442199 4.975572 1
3.602031 2.342819 6.370459 1
4.589907 3.328849 5.442859 1
2.067360 8.225026 5.996846 1
2.030670 6.927000 6.064594 1
4.651215 1.835358 5.343441 1
4.538016 1.668708 5.477705 1
2.188041 6.870247 5.839736 1
2.140448 8.459761 5.722795 1
4.470301 3.386749 5.511836 1
-0.850207 9.435460 7.469531 6
7.466418 4.344787 3.900990 6
7.542025 0.732811 3.848990 6
-0.926505 5.721943 7.476205 6
6.784854 9.947047 7.059273 1
-0.167508 5.017947 4.285572 1
-0.223395 0.076140 4.283572 1
6.906439 5.280193 7.034310 1
6.876509 8.914415 8.062328 1
-0.343317 3.776966 3.237157 1
-0.341895 1.190485 3.168354 1
6.927705 6.397346 8.127725 1
-0.419171 8.899725 6.847917 1
6.955371 3.799485 4.431075 1
6.938588 1.256304 4.422991 1
-0.284147 6.337399 6.869571 1
