3.405399 2.402158 5.453100 16
-2.150073 7.051943 10.898187 16
5.820705 3.494641 4.023349 16
-4.469927 5.897721 12.117098 16
2.967576 2.165760 8.605198 8
-1.463953 7.378389 7.684977 8
2.393095 7.535547 8.386243 8
-0.900057 2.023790 7.977375 8
2.688083 3.358437 8.583795 6
-1.352452 6.053713 7.731486 6
2.320984 4.082715 7.501504 6
-1.047889 5.543736 8.808942 6
2.186027 5.381351 7.410469 6
-0.790936 4.088985 8.985708 6
2.041261 5.835655 6.586198 1
-0.551500 3.833853 9.780976 1
2.419007 6.222675 8.434644 6
-1.154245 3.230557 7.914068 6
2.912146 5.618346 9.659781 6
-1.471635 3.770464 6.589632 6
3.022012 4.264750 9.767783 6
-1.702485 5.275490 6.557316 6
3.343395 4.004807 10.582621 1
-1.981709 5.505789 5.830059 1
2.058523 3.123339 6.291215 6
-0.590991 6.304368 10.019637 6
1.532368 3.627813 5.676729 1
-0.166009 5.892753 10.759658 1
1.446105 2.373783 6.638957 1
-0.093983 7.039551 9.758431 1
4.126108 3.857505 4.758642 6
-2.774226 5.637478 11.577283 6
3.606456 4.305813 4.211513 1
-2.304210 5.275329 12.133455 1
4.350652 4.419911 5.538145 1
-2.991437 5.053346 10.683310 1
3.108112 6.653937 10.757024 6
-1.674831 2.831578 5.598569 6
2.258984 7.031732 11.032639 1
-0.788146 2.544921 5.187410 1
-4.918496 7.377922 10.386956 1
6.139161 2.119081 5.779478 1
2.084466 8.262736 7.177616 6
-0.628011 1.351260 9.184064 6
2.641574 7.880430 6.426035 1
-1.295143 1.463029 9.803097 1
5.039186 0.456190 7.272019 1
-3.590901 9.104101 9.080586 1
1.127142 7.852207 6.847377 1
0.109488 1.626127 9.413533 1
3.657191 1.550667 9.701588 6
-2.224725 8.035106 6.498002 6
4.417776 2.100599 9.877205 1
-3.193481 7.406522 6.397275 1
3.936124 0.683438 9.461422 1
-2.569557 8.916130 6.800343 1
3.077491 1.538707 10.592441 1
-1.818626 7.911699 5.670317 1
1.571150 6.530937 3.365529 16
-0.278423 2.958321 12.908402 16
4.104968 8.337577 3.172612 16
-2.611105 1.256487 13.113225 16
-0.106484 5.774636 0.722290 8
1.431846 3.811907 15.529709 8
1.229419 2.204168 0.936582 8
0.025047 7.264559 15.231081 8
-0.435162 7.088399 0.783708 6
1.761425 2.444118 15.578577 6
-0.514897 7.601242 2.023758 6
1.947657 1.941596 14.287015 6
2.142497 0.236627 2.077428 6
-0.746050 9.312007 14.241220 6
2.124705 0.617221 2.829765 1
-0.752505 8.890600 13.360700 1
1.764626 0.990753 0.913176 6
-0.332528 8.617957 15.283799 6
-2.410094 1.052453 16.095454 6
3.654064 8.296732 0.364249 6
-4.959756 8.460506 15.802447 6
6.397436 1.068945 0.411096 6
-4.892130 8.116659 15.048714 1
6.231793 1.296353 1.258187 1
-0.210364 6.752023 3.216263 6
1.411226 2.609383 13.020875 6
-0.555611 5.891745 3.216411 1
1.928977 3.588286 13.203379 1
-0.407450 7.274049 4.061412 1
1.789894 2.261103 12.282445 1
2.334196 8.209966 3.275432 6
-0.823909 1.199068 12.919438 6
1.842611 8.600613 2.662508 1
-0.402658 0.842347 13.631108 1
1.944053 8.735679 4.194305 1
-0.639791 0.821630 12.250094 1
-2.900188 1.900299 14.927265 6
4.152661 7.572488 1.394284 6
-2.356098 2.892490 14.810755 1
3.701714 6.632602 1.497625 1
-3.812703 2.187744 15.012868 1
5.183154 7.282710 1.280019 1
-3.944813 5.837540 15.751573 6
5.175728 3.527351 0.478176 6
-4.748999 5.840754 15.128722 1
6.062564 3.526542 1.149485 1
-3.615520 5.035516 15.893764 1
4.805140 4.523349 0.350255 1
-3.259994 6.544752 15.382177 1
4.512943 2.953859 1.062474 1
1.019726 2.817070 2.181549 6
0.149439 6.566964 14.020286 6
0.452240 2.291565 2.823060 1
0.851778 7.146355 13.414161 1
0.794627 3.746742 2.212205 1
0.666497 5.692462 14.058901 1
1.911940 2.959881 2.673995 1
-0.685792 6.559510 13.557770 1
