7.178775 2.130596 1.060325 8
4.472348 10.239745 9.386226 8
0.593409 8.523869 7.006659 8
3.283305 4.038206 15.311110 8
0.990405 1.397282 3.476534 8
2.921792 11.028099 11.732846 8
6.839332 7.766680 4.756366 8
4.737850 4.873191 12.914632 8
3.641188 10.656451 5.000491 8
0.023402 1.817045 13.344166 8
3.989651 4.396795 3.119588 8
7.671007 8.085443 11.395336 8
4.572555 10.876308 4.671736 1
6.847796 1.604943 12.872676 1
3.161739 4.600070 3.458415 1
0.807106 7.866019 11.639193 1
5.119235 11.005380 2.767633 7
6.544303 1.477108 10.955901 7
2.686833 4.808079 5.406128 7
1.307297 7.807769 13.680954 7
6.490634 0.770119 6.354377 7
5.136163 11.754468 14.497708 7
1.238189 7.087083 1.849671 7
2.565793 5.389375 10.148771 7
1.464986 11.778909 0.034602 6
2.444741 0.736307 8.242932 6
6.249087 5.607290 8.255933 6
5.302383 6.930018 0.007911 6
1.495726 11.312599 15.695675 1
2.371065 1.336939 7.390599 1
6.200329 4.910173 9.013631 1
5.346550 7.594367 0.666614 1
0.493811 0.309450 0.004214 6
3.414502 12.066763 8.154253 6
7.199011 6.642359 8.197166 6
4.305877 5.893265 16.409889 6
7.687234 0.431701 15.678763 1
3.822326 11.953803 7.320783 1
0.021885 6.672264 9.010091 1
3.941592 5.727080 0.785821 1
0.240084 1.260573 1.147784 6
3.534610 11.349029 9.332684 6
7.424792 7.494129 7.197966 6
4.101501 5.164817 15.319012 6
0.968649 0.895864 2.251801 6
2.861610 11.571778 10.446083 6
6.729375 7.145982 6.036416 6
4.868897 5.374207 14.185836 6
1.708623 0.546409 4.429678 6
2.287454 11.923659 12.555117 6
6.103577 6.781833 3.785696 6
5.584672 5.734481 12.006826 6
2.133356 0.992151 5.058142 1
1.736431 11.518541 13.396221 1
5.670518 7.231154 3.136003 1
6.014950 5.116473 11.407067 1
0.621179 12.039116 4.955668 6
3.297643 0.340882 13.233429 6
7.045139 5.892770 3.204543 6
4.423088 6.672962 11.432166 6
0.738070 10.836044 4.863310 6
3.294385 1.688143 13.118271 6
7.117402 4.554117 3.439411 6
4.417535 8.004859 11.516143 6
0.047992 10.193850 5.199082 1
3.938052 2.119717 13.401646 1
0.023078 4.067584 2.914208 1
3.894838 8.408302 11.198416 1
1.631422 10.107422 4.112999 6
2.147306 2.394568 12.282134 6
5.934593 3.763578 4.198344 6
5.505460 8.765401 12.456795 6
1.230016 9.688317 3.187855 1
2.612878 2.738279 11.335213 1
6.441360 3.511057 4.968002 1
5.234449 8.958596 13.293933 1
1.884764 9.313760 4.559000 1
1.987959 3.246695 12.771964 1
5.915445 2.979762 3.587652 1
5.790891 9.563127 11.824950 1
3.753758 10.344297 2.633376 6
0.055707 2.167819 10.809770 6
3.869308 3.993554 5.577246 6
7.594977 8.500392 13.733978 6
3.958005 9.319108 2.858156 1
7.566400 3.119994 10.998458 1
3.763414 3.144020 5.380557 1
0.212633 9.393049 13.488071 1
3.125648 10.387219 1.236994 6
0.812460 2.091301 9.495766 6
4.574281 4.119765 6.985146 6
7.033005 8.396082 15.180753 6
3.700678 10.313288 0.571006 1
0.062748 2.161732 8.899184 1
3.916291 4.148316 7.619326 1
7.698442 8.286346 15.763285 1
2.662159 9.583342 1.251789 1
1.240384 3.093296 9.472901 1
5.070105 3.197380 7.061496 1
6.507401 9.191350 15.251937 1
2.222376 11.430227 1.146399 6
1.621208 0.937329 9.335194 6
5.453020 5.222948 7.107078 6
6.019121 7.305063 15.308128 6
1.879584 12.339364 2.217623 6
1.793471 0.180582 10.322631 6
5.689552 6.178713 5.943603 6
5.916325 6.331638 14.326243 6
2.713175 12.219980 3.424644 6
1.267968 0.279958 11.775300 6
5.038146 5.955485 4.739565 6
6.592656 6.457515 12.972796 6
2.970915 10.801642 3.827621 6
0.878293 1.601062 12.112025 6
4.648853 4.555034 4.283080 6
6.856664 7.840402 12.501559 6
3.972250 0.670979 3.358985 6
7.597930 11.970913 11.729482 6
3.750374 6.767870 4.782561 6
0.182948 5.722726 13.085027 6
3.723935 1.438192 3.170877 1
0.086481 11.004335 11.372179 1
3.993644 7.695374 5.018094 1
7.703759 4.766317 13.310628 1
4.378716 0.580023 4.246890 1
7.202206 11.787773 12.542976 1
3.305162 6.973233 3.869430 1
0.516843 5.533503 12.082913 1
5.039832 12.434471 2.382794 6
6.595071 12.444655 10.647215 6
2.763463 6.212323 5.771731 6
1.201441 6.266201 13.876869 6
4.743395 0.155420 1.499447 1
6.840503 12.400468 9.799008 1
3.006551 6.400175 6.669297 1
0.883529 6.273413 14.920535 1
5.931514 0.350775 2.539872 1
5.783160 12.075562 10.865268 1
1.771175 6.624196 5.662401 1
2.039897 5.938928 13.807818 1
6.181846 10.334332 2.030379 6
5.462006 2.051007 10.096078 6
1.551511 4.067292 6.164468 6
2.351868 8.298863 14.391822 6
7.038782 10.963268 2.109894 1
4.552451 1.554202 10.421421 1
0.634619 4.555000 6.037418 1
3.090413 7.875392 14.252059 1
5.991490 10.396616 1.121951 1
5.595960 2.006688 9.169906 1
1.852959 4.300790 7.195755 1
2.129066 8.228577 15.390545 1
6.248430 9.547116 2.241970 1
5.259341 3.010956 10.345720 1
1.500680 3.210356 6.057922 1
2.517438 9.277401 14.312918 1
6.474752 2.560558 16.347231 6
5.195767 9.850336 8.269110 6
1.356104 8.766961 8.162448 6
2.645140 3.732298 0.079918 6
5.904288 3.258282 0.174727 1
5.650171 9.237092 8.435273 1
1.786407 9.663956 8.026330 1
1.936118 3.010950 16.364300 1
5.867382 1.828118 16.193666 1
5.792437 10.639258 8.040169 1
1.892452 8.088061 8.447054 1
1.956151 4.498128 0.367903 1
7.033469 2.847359 15.635554 1
4.631466 9.670421 7.495550 1
0.710707 8.978773 8.961692 1
3.177818 3.534756 0.675607 1
7.339964 0.225714 5.722028 6
4.354453 12.199411 13.903138 6
0.351657 6.561182 2.562596 6
3.446905 6.059739 10.693546 6
