4.478141 11.179199 5.277531 6
5.862789 4.238677 14.643550 6
2.467166 3.377149 3.998519 6
1.105601 12.064766 13.346242 6
5.304914 10.493581 4.255079 6
4.913205 4.836421 13.800625 6
1.544092 2.862416 4.977999 6
1.856100 12.648039 14.451942 6
6.013431 10.115438 4.877830 1
4.190512 5.320644 14.283414 1
0.662630 2.305693 4.498700 1
2.621827 13.008283 13.913458 1
4.716414 9.485500 3.668780 8
5.591083 6.004403 12.960005 8
2.154075 1.789864 5.741489 8
1.267170 13.644490 15.047898 8
5.499689 9.181482 2.375877 6
4.801057 6.254251 11.750067 6
1.290348 1.454750 6.888811 6
2.109353 13.876097 16.315104 6
4.917000 9.103281 1.666089 1
5.390892 6.327340 10.980728 1
2.037840 1.381645 7.642783 1
1.362635 14.146836 17.151217 1
6.222420 8.038512 2.667819 8
4.050274 7.267982 12.021434 8
0.485339 0.491538 6.760587 8
2.796716 15.044717 16.030272 8
0.831550 8.481367 2.626238 6
2.531897 7.076547 11.939608 6
6.019701 0.768919 6.868109 6
4.251917 14.765195 16.073676 6
0.923781 9.993298 2.609015 8
2.606063 5.626489 12.093386 8
5.897742 2.202374 6.654361 8
4.282495 13.329640 16.143417 8
6.362904 10.354054 2.241012 6
3.947476 5.106114 11.589829 6
0.347316 2.592149 7.158256 6
2.898224 12.832267 16.430242 6
6.403990 10.840722 1.353109 1
3.831109 4.724642 10.694960 1
0.545136 2.978242 7.951457 1
2.896043 12.413019 17.475582 1
5.880872 11.495330 3.252870 6
4.199830 4.082149 12.573903 6
0.948143 3.697097 6.079952 6
2.537716 11.724232 15.469619 6
6.756209 11.803758 3.649124 1
3.470197 3.683833 12.935048 1
6.805279 4.023416 5.646575 1
3.360764 11.398394 15.111879 1
5.149907 12.511366 2.848122 8
5.107365 3.019984 12.095705 8
1.686161 4.807018 6.613104 8
1.830971 10.597004 16.013603 8
3.991152 12.118155 2.145353 6
6.249750 3.344999 11.549485 6
2.866018 4.519504 7.302813 6
0.553960 11.087922 16.652882 6
3.439278 11.480437 2.572279 1
6.804861 3.951453 11.900885 1
3.425020 3.874135 6.842436 1
6.818653 11.783591 16.120316 1
4.158805 11.939231 1.300843 1
6.170104 3.540848 10.653144 1
2.580119 4.228501 8.196437 1
0.806631 11.251669 17.538030 1
3.245708 13.522788 2.089748 6
0.256309 2.081550 11.393751 6
3.558615 5.788330 7.316684 6
6.656858 9.674160 16.752178 6
3.681691 14.127296 1.649458 1
6.508369 1.244375 10.905301 1
3.171327 6.457797 7.824580 1
0.274757 9.079060 17.083968 1
2.058109 13.226972 1.091796 8
1.441488 2.147828 10.593434 8
4.803194 5.430580 8.119916 8
5.377886 9.885738 17.621172 8
0.940245 14.243180 1.545481 6
2.472277 1.396970 10.796377 6
5.787438 6.515985 7.850850 6
4.433486 9.133472 17.216356 6
0.151884 13.709036 1.594925 1
3.192533 1.787631 10.895980 1
6.633915 5.988604 7.838452 1
3.467748 9.445090 17.259336 1
4.876312 12.157668 5.881762 7
5.338403 3.211876 15.285725 7
1.892018 4.365956 3.461117 7
1.400735 10.937381 12.814976 7
1.064970 15.320776 0.573152 8
2.372471 0.257549 10.034148 8
5.729373 7.554743 8.878086 8
4.411869 7.917841 18.215988 8
1.172603 1.023967 1.192705 6
2.324465 14.530050 10.718779 6
5.699885 8.701526 8.058332 6
4.491452 6.690202 17.437318 6
1.739023 0.639813 2.464956 8
1.607959 14.797302 11.800371 8
5.085341 8.308185 6.945369 8
5.196067 7.050934 16.224375 8
1.434533 14.746359 2.798588 6
2.078160 0.773977 12.279523 6
5.449205 7.131719 6.451470 6
4.867352 8.483368 15.851446 6
0.719308 14.718776 3.460896 1
2.762658 0.744751 12.738715 1
6.212671 7.030289 5.974738 1
4.120324 8.354934 15.271495 1
2.614135 13.984039 3.332752 6
0.843798 1.397069 12.700811 6
4.248633 6.243798 5.973316 6
6.012689 9.171660 15.419824 6
3.197729 14.502463 3.741680 1
0.209780 0.882747 13.225802 1
3.587284 6.743690 5.476489 1
6.580542 8.617163 14.973957 1
2.156076 12.968622 4.026207 8
1.250200 2.564213 13.357402 8
4.587257 5.226093 5.210513 8
5.514647 10.275335 14.638840 8
1.741555 13.074769 5.530816 6
1.595734 2.435412 14.899085 6
4.954443 5.312759 4.000186 6
5.121306 10.140082 13.195915 6
0.837023 13.035305 5.511759 1
2.599526 2.568845 14.929040 1
5.923532 5.196454 3.869582 1
4.313263 10.194955 13.206579 1
2.112784 14.029257 5.733932 1
1.407970 1.516966 15.179733 1
4.762099 6.348473 3.700193 1
5.513230 9.131373 12.995502 1
2.630743 12.103619 6.354606 6
0.918673 3.463082 15.644327 6
4.299458 4.271078 3.036312 6
6.000964 11.191319 12.403610 6
1.928726 11.829243 7.175582 1
1.344094 3.701436 16.403271 1
4.827850 4.070100 2.253916 1
5.464523 11.431695 11.680854 1
3.726054 12.637434 6.766352 8
6.469955 2.885046 16.111885 8
3.059290 4.928932 2.493302 8
0.342693 10.542326 12.020084 8
3.036595 10.841778 5.673411 6
0.376897 4.557053 14.980342 6
3.756654 3.042702 3.742729 6
6.417673 12.412841 13.200251 6
2.911214 10.035874 6.231537 1
0.563134 5.461694 15.596424 1
3.799147 2.399400 3.177239 1
6.313144 13.150800 12.645210 1
2.482137 10.721681 4.828351 1
1.008686 4.790249 14.143821 1
4.402224 3.033963 4.552480 1
5.876417 12.594583 13.935854 1
1.494250 8.022892 3.840814 6
1.986077 7.436545 13.253116 6
5.296206 0.240445 5.623791 6
4.972538 15.215039 15.000542 6
2.412479 8.162327 3.761611 1
0.933111 7.209005 13.148289 1
4.332119 0.408964 5.633010 1
5.793608 14.963166 14.983797 1
1.481470 7.057078 3.866235 1
1.999178 8.467627 13.247568 1
5.401137 14.691110 5.642523 1
4.948218 0.773199 15.018125 1
1.040162 8.411476 4.599179 1
2.278468 7.112489 13.860929 1
5.737228 0.630829 4.845557 1
4.512586 14.907548 14.143384 1
1.452201 7.990981 1.263656 6
1.930959 7.459836 10.635453 6
5.465548 0.241112 8.054959 6
4.745148 15.169372 17.505935 6
0.915596 8.275888 0.491473 1
2.589112 7.082217 9.879818 1
5.845312 0.650270 8.766216 1
4.221445 14.913938 18.075965 1
1.268487 7.090053 1.218465 1
2.043163 8.461840 10.558270 1
5.462275 14.747893 8.160865 1
4.677424 0.789587 17.488976 1
2.282425 8.347175 1.166087 1
1.133320 7.226694 10.622330 1
4.563546 0.590305 8.197902 1
5.648186 14.895104 17.417042 1
2.039541 1.780753 0.502642 6
1.302199 13.555154 9.965187 6
4.700006 9.643788 8.909798 6
5.535036 5.800555 18.198281 6
2.898582 1.586828 0.562155 1
0.486511 13.997718 9.855668 1
3.893776 9.317651 8.903439 1
6.406368 6.199462 18.232155 1
2.140396 2.812814 0.923627 1
1.356235 12.775289 10.338162 1
4.797881 10.436068 8.495437 1
5.474882 4.916513 17.858513 1
1.757755 1.899852 18.376388 1
1.528958 13.480001 9.051018 1
5.116388 9.611630 9.837539 1
5.306862 5.768941 0.494170 1
6.654815 1.604851 1.484422 6
3.518804 13.923190 10.940607 6
0.115940 9.306252 7.785072 6
3.296872 6.067270 17.266435 6
6.168984 1.763613 0.642675 1
3.940587 13.602238 9.973752 1
0.637496 9.641178 8.661204 1
2.772263 5.969973 18.097223 1
6.801292 2.453362 1.981660 1
3.512839 12.966821 11.385915 1
0.062912 10.243998 7.444405 1
3.305934 5.418964 16.755238 1
6.009848 0.976128 2.029288 1
4.133963 14.402870 11.319313 1
0.739277 8.780589 7.439510 1
2.678669 6.672570 16.694871 1
