1.772291 4.693056 6.167873 8
16.783108 9.920474 3.263173 8
13.828232 5.857515 12.540924 8
-1.133247 0.626805 15.687621 8
4.511193 1.895314 8.603764 8
14.106336 7.220315 0.771810 8
11.180518 8.582834 10.269459 8
1.478242 3.420535 18.029880 8
-2.195327 1.327428 18.557280 8
14.860584 6.715045 9.728181 8
17.837308 9.135218 0.349134 8
0.765596 3.828206 9.219990 8
1.351600 9.148343 2.231725 8
17.309067 3.972336 7.098513 8
14.274839 1.327955 16.571180 8
-1.650594 6.564333 11.685562 8
3.137031 3.367574 7.246442 7
15.429579 8.575688 2.107619 7
12.388953 7.226859 11.602649 7
0.316364 1.857751 16.662432 7
2.564142 0.063381 0.915234 7
16.085920 5.250427 8.484721 7
13.082211 0.113564 17.805447 7
-0.445649 5.284058 10.444318 7
2.081086 2.585146 5.354139 6
16.553568 7.858052 4.094334 6
13.498985 7.923754 13.599152 6
-0.860538 2.588491 14.644377 6
3.149983 2.044135 4.548039 6
15.479181 7.335817 4.924442 6
12.355560 8.490733 14.239026 6
0.319146 3.165660 13.991328 6
3.018117 1.240911 3.647724 6
15.489137 6.363354 5.801504 6
12.580648 9.377884 15.278656 6
0.184030 4.179915 13.066471 6
1.949343 0.683031 3.255541 6
16.791120 5.970921 6.185653 6
13.786665 9.819105 15.581195 6
-1.091448 4.576609 12.606485 6
0.634566 1.212649 3.902413 6
17.890114 6.419161 5.545215 6
14.879489 9.418396 15.044706 6
-2.344395 4.025589 13.243469 6
-0.653283 0.698638 3.572038 6
19.258861 5.935957 5.949227 6
16.212043 9.935658 15.238865 6
-3.607856 4.531039 12.928010 6
19.941226 1.061760 4.165763 6
-1.286944 6.301894 5.237665 6
-4.274344 9.412742 14.698713 6
16.905573 4.245346 13.666157 6
-1.622203 2.055141 5.180260 6
20.226313 7.405579 4.220305 6
-4.301972 8.438686 13.740061 6
-4.588105 3.043890 14.634660 6
-0.285113 2.668541 5.520288 6
18.962522 7.849973 3.853874 6
15.941040 8.002766 13.287677 6
-3.288558 2.564439 14.868644 6
0.774475 2.109574 4.885449 6
17.673048 7.336871 4.482888 6
14.799605 8.398389 14.034126 6
-2.232800 3.048106 14.262118 6
2.240962 3.599548 6.237379 6
16.208966 8.902020 3.187912 6
13.259721 6.847160 12.494485 6
-0.726175 1.626360 15.799087 6
1.895297 10.347720 2.079461 6
16.754055 4.996923 7.278457 6
13.792184 0.259249 16.751095 6
-1.124183 5.565378 11.510053 6
3.477810 2.104614 7.877765 6
14.996683 7.364234 1.597540 6
12.079163 8.493963 11.070709 6
0.570071 3.283779 17.314620 6
2.644256 0.814638 7.407265 6
15.767014 6.128396 2.046196 6
12.912340 9.623950 11.358676 6
-0.163654 4.312630 16.825670 6
1.394426 0.834262 7.804482 6
17.066789 6.106708 1.688940 6
14.139547 9.648504 10.983293 6
-1.416660 4.322150 17.299275 6
0.523518 10.302370 7.489479 6
18.080386 5.025381 1.901621 6
15.107781 0.192882 11.279044 6
-2.407886 5.453961 16.967436 6
1.045672 9.329104 6.838137 6
17.556890 4.022438 2.525338 6
14.645207 1.325092 11.901156 6
-1.950083 6.523963 16.262959 6
2.426428 9.278162 6.437244 6
16.216308 3.881931 2.952570 6
13.216542 1.328703 12.279073 6
-0.470695 6.523918 15.915699 6
2.883117 7.988084 5.781781 6
15.721309 2.675002 3.540716 6
12.641983 2.467051 12.975754 6
-0.072843 7.720213 15.212102 6
4.241476 8.101045 5.483560 6
14.407947 2.839969 3.960737 6
11.469071 2.358516 13.412944 6
1.154758 7.671205 14.800263 6
5.029282 9.083467 5.678254 6
13.415212 3.874193 3.804924 6
10.487745 1.495577 13.188985 6
2.225306 6.725112 15.131732 6
4.651824 10.182265 6.307373 6
13.928959 4.896432 2.944358 6
11.037000 0.316415 12.493725 6
1.710508 5.625541 15.916570 6
3.366307 10.263396 6.825740 6
15.358499 5.088794 2.653057 6
12.219562 0.235522 11.979016 6
0.383612 5.486390 16.206440 6
3.873172 4.484009 7.947653 6
14.710378 9.706480 1.385199 6
11.790114 6.092745 10.931864 6
0.992523 0.764945 17.443284 6
5.202214 4.781795 7.126095 6
13.287148 10.059418 2.223247 6
10.438071 5.790116 11.623978 6
2.304097 0.576172 16.648586 6
6.000237 5.798013 7.846259 6
12.579242 0.497825 1.692052 6
9.597567 4.691815 11.036176 6
3.106363 10.063032 17.179438 6
7.399093 6.045799 6.968510 6
11.262602 0.800465 2.482745 6
8.174652 4.434851 11.839630 6
4.367952 9.806892 16.305005 6
8.339558 6.657797 7.506064 6
10.262180 1.366068 1.919343 6
7.348813 3.914160 11.196573 6
5.289624 9.225130 16.952909 6
9.748787 6.384356 6.683566 6
8.943421 1.158717 2.664961 6
5.922450 4.165577 12.055791 6
6.855749 9.533405 16.075565 6
9.920018 7.342432 6.510820 6
8.660586 2.080655 2.857014 6
5.741566 3.263799 12.394186 6
6.982007 8.574456 15.821980 6
11.514237 7.174772 5.930065 6
7.096640 1.953619 3.577304 6
4.102170 3.342632 12.963057 6
8.677065 8.530411 15.291360 6
2.931753 1.345942 0.521694 6
15.695703 6.579622 8.894920 6
12.833549 9.357631 18.422145 6
-0.075365 3.991849 9.907841 6
2.037275 2.233935 0.769645 6
16.660264 7.525750 8.579380 6
13.597688 8.314957 18.076019 6
-0.975327 2.871372 10.307426 6
2.388708 3.504101 1.490089 6
16.113692 8.798583 8.074989 6
13.149123 7.013752 17.360540 6
-0.481789 1.727758 10.762927 6
3.880254 3.760312 1.555409 6
14.821655 8.913807 7.806651 6
11.875695 6.871817 17.093115 6
0.812287 1.646471 11.078463 6
4.311442 4.833421 2.316541 6
14.206526 10.029215 7.084823 6
11.417615 5.716637 16.584591 6
1.392596 0.378731 11.588927 6
3.486332 5.877366 2.608049 6
15.225650 0.502754 6.861700 6
12.307348 4.769694 16.335721 6
0.489306 9.933112 12.057310 6
2.098457 5.654286 2.434176 6
16.571589 0.533826 7.009931 6
13.452604 4.721637 16.429940 6
-0.876359 10.053154 11.788164 6
1.432300 4.494058 1.688895 6
17.065485 9.756449 7.620995 6
14.015162 6.110584 17.104860 6
-1.387867 0.804297 11.109999 6
0.180274 4.352023 1.349346 6
18.377803 9.655886 8.074855 6
15.458820 6.156426 17.495519 6
-2.726633 1.002175 10.938907 6
21.262367 3.211898 0.941114 6
18.826762 8.475032 8.490196 6
15.838985 7.375234 17.928193 6
18.268012 1.983153 10.309707 6
0.587591 2.198336 0.666939 6
17.890665 7.395415 8.805690 6
14.977872 8.274247 18.241313 6
-2.372143 3.174207 9.912375 6
3.302897 9.432181 0.410332 6
15.296917 4.181322 9.000656 6
12.364510 1.156542 18.419792 6
0.405968 6.543933 9.733717 6
4.574067 9.191879 1.108293 6
14.001613 3.969970 8.346050 6
11.016023 1.373065 17.795472 6
1.729999 6.615176 10.522203 6
5.391905 7.997239 0.535620 6
13.089579 2.902103 8.928676 6
10.117493 2.555573 18.272616 6
2.514231 7.757329 9.864151 6
6.836446 7.764907 1.383478 6
11.925602 2.604549 8.184722 6
8.835638 2.800974 17.477859 6
3.728766 8.104902 10.773009 6
7.721302 6.762895 0.690936 6
10.878439 1.452664 8.779025 6
7.940829 3.857362 18.040745 6
4.767545 9.049180 10.068012 6
8.737062 6.415099 1.859718 6
9.830953 1.154056 7.551416 6
6.784621 4.139373 17.039074 6
5.806266 9.376348 11.196417 6
9.631293 6.250951 1.401825 6
9.057249 0.990718 8.035461 6
5.991651 4.245443 17.418637 6
6.628318 9.485356 10.755970 6
10.561969 5.842776 2.268901 6
8.070298 0.572479 7.111037 6
4.971065 4.731279 16.491573 6
7.669186 10.038047 11.714879 6
4.161680 2.462420 4.798727 1
14.474880 7.576602 4.665233 1
11.624846 8.088242 13.930543 1
1.120360 2.773904 14.209887 1
3.790223 0.758068 3.049010 1
14.800331 6.128839 6.255998 1
11.750258 9.625235 15.621683 1
0.947102 4.420650 12.598486 1
-0.763949 0.057901 2.758354 1
19.224140 5.205783 6.650792 1
16.418956 10.428983 15.950382 1
-3.681730 5.153027 12.246702 1
19.056330 0.655967 3.956645 1
-0.354762 6.038948 5.433692 1
-3.406525 9.869162 14.959999 1
16.095969 4.436552 13.478873 1
19.177077 2.567874 5.553464 1
-0.589748 7.754573 3.904939 1
-3.554436 8.122892 13.306858 1
16.265601 2.814921 14.955881 1
-0.196764 3.239643 6.259974 1
18.950475 8.656333 3.159995 1
15.992995 7.337621 12.674038 1
-3.286189 1.951674 15.529902 1
4.337832 3.002322 1.359923 1
14.250746 8.358050 8.022825 1
11.108394 7.521132 17.377898 1
1.482972 2.209241 10.785625 1
5.182606 4.914466 2.365711 1
13.474830 10.193307 6.907317 1
10.418592 5.605059 16.339184 1
2.181252 0.407810 11.840537 1
3.775775 6.686778 2.964741 1
14.896346 1.307184 6.570829 1
11.905955 3.956736 15.853925 1
0.861415 9.250842 12.382348 1
1.446783 6.481198 2.670028 1
17.050380 1.148965 6.863434 1
14.102800 3.997039 16.286921 1
-1.415196 9.351373 12.001474 1
-0.509050 4.924920 1.800641 1
19.106190 10.281486 7.525836 1
16.098972 5.635299 17.030546 1
-3.515385 0.399169 11.361158 1
20.339544 3.159364 0.724590 1
-1.765572 8.352918 8.520079 1
-4.726923 7.416745 17.998615 1
17.325233 2.206626 10.196817 1
0.358106 1.413197 0.131161 1
18.367921 6.589550 9.177025 1
15.393264 9.217853 18.682241 1
-2.597929 3.879056 9.647920 1
1.099412 1.740129 8.208408 1
17.389935 6.932242 1.124878 1
14.396494 8.958991 10.676462 1
-1.905198 3.529233 17.596719 1
-0.217733 10.323491 7.820458 1
18.956466 5.146799 1.521168 1
15.921925 0.239259 11.073686 1
-3.329851 5.417862 17.277699 1
0.588564 8.631896 6.560722 1
17.999566 3.343483 2.809358 1
15.113524 2.030996 12.158167 1
-2.548763 7.216428 15.952447 1
2.494181 7.320252 5.615846 1
16.217439 2.101645 3.754868 1
13.304347 3.232810 13.319570 1
-0.619767 8.514232 15.010654 1
4.612423 7.457378 5.064344 1
13.967462 2.178247 4.412586 1
10.995105 3.176926 13.884080 1
1.638595 8.382506 14.329782 1
6.068422 9.080802 5.345697 1
12.563227 3.632261 3.983993 1
9.554053 1.597642 13.476260 1
3.131806 6.860240 14.815815 1
5.267646 0.350286 6.544813 1
13.229646 5.710029 2.763112 1
10.428067 10.158325 12.268929 1
2.331904 4.905607 16.128553 1
3.277347 5.303605 7.982682 1
15.270889 10.508973 1.483345 1
12.239392 5.348628 10.858053 1
0.465798 0.012728 17.365148 1
3.986256 4.260935 8.849989 1
14.564076 9.496712 0.460816 1
11.592560 6.279580 9.949423 1
1.110190 0.954616 18.248209 1
5.741204 4.006831 7.248347 1
12.925130 9.278507 2.216177 1
9.768237 6.632698 11.628788 1
2.715245 1.342302 16.633950 1
4.992336 5.091482 6.361931 1
13.618554 10.221608 3.198437 1
10.601628 5.483242 12.518820 1
2.170789 0.350232 15.829428 1
5.523840 6.610363 7.905070 1
12.982116 1.284689 1.551365 1
10.025648 3.854270 11.111275 1
2.651270 9.133708 17.212801 1
6.335724 5.543220 8.691015 1
12.357856 0.377671 0.661415 1
9.271816 5.050544 10.177494 1
3.330206 10.170888 18.145917 1
7.692980 5.143918 6.664527 1
10.903028 10.545132 2.687281 1
7.899321 5.342832 12.085181 1
4.809696 10.509645 16.180239 1
7.271512 6.571175 6.290403 1
11.422857 1.264923 3.220459 1
8.476373 3.961664 12.717708 1
4.230101 9.186918 15.570008 1
8.388093 6.298949 8.349659 1
10.255852 1.094384 0.998867 1
7.373532 4.222921 10.380107 1
5.321032 9.607294 17.907975 1
8.086736 7.501969 7.685483 1
10.613052 2.283566 1.778858 1
7.574239 3.078366 11.334080 1
5.020445 8.284904 16.963576 1
9.691338 5.894949 5.918092 1
9.046072 0.510527 3.568248 1
6.092239 4.665246 13.002602 1
6.646320 10.045024 15.331051 1
10.384062 5.884400 7.184222 1
8.208994 0.630684 2.278922 1
5.157727 4.575923 11.617375 1
7.411026 9.841030 16.679401 1
9.891062 7.820687 7.284329 1
8.544301 2.497122 2.166118 1
5.741972 2.777213 11.441318 1
6.989680 7.957955 16.641012 1
9.393195 7.659328 5.896009 1
9.160842 2.467180 3.476268 1
6.158365 2.941128 13.026276 1
6.436215 8.083177 15.344392 1
11.514753 7.099211 4.890865 1
6.987112 1.967613 4.494317 1
4.083912 3.395348 13.926787 1
8.566118 8.730951 14.398716 1
12.002328 8.088319 6.142004 1
6.483615 2.736503 3.319416 1
3.660299 2.514159 12.653890 1
9.049916 7.751522 15.522357 1
11.957847 6.394047 6.285195 1
6.481751 1.289605 3.198211 1
3.553947 4.036311 12.657151 1
9.128341 9.238016 15.703332 1
2.842763 8.559048 0.347034 1
15.778104 3.281256 9.074174 1
12.934682 2.010822 18.423327 1
-0.272023 7.313866 9.851853 1
-2.533023 9.565484 18.346267 1
15.049952 4.371943 10.071949 1
18.111216 0.933110 0.533382 1
0.598313 6.362458 8.888098 1
5.144692 10.046400 1.084791 1
13.462698 4.732997 8.408540 1
10.432312 0.532625 17.742539 1
2.222954 5.834034 10.503287 1
4.521098 8.842757 1.968400 1
14.091539 3.651295 7.339795 1
11.186577 1.544011 16.919525 1
1.562147 6.865156 11.502420 1
5.043759 7.377872 0.528838 1
13.568276 1.970821 8.954980 1
10.728400 3.343717 18.279746 1
2.036286 8.570599 9.896261 1
-0.162328 8.428540 18.470933 1
12.862231 3.104389 9.808765 1
15.773426 2.142251 0.329306 1
2.786969 7.397845 9.144376 1
7.238862 8.498013 1.438121 1
11.234930 3.348904 8.150847 1
8.410060 1.978651 17.408590 1
4.235563 7.309544 10.838157 1
6.513126 7.583879 2.101421 1
12.119559 2.190539 7.264074 1
9.221992 2.933848 16.578640 1
3.619514 8.202157 11.595312 1
7.191404 5.944191 0.713104 1
11.505250 0.607537 8.838226 1
8.553504 4.716640 18.281368 1
4.101262 9.872705 10.132536 1
1.969609 6.868719 18.793416 1
10.623898 1.765748 9.486259 1
13.489822 3.577050 0.037274 1
5.034804 8.813794 9.361662 1
8.691809 7.200490 2.398927 1
9.851419 1.992738 7.095818 1
6.923956 3.316305 16.381208 1
5.773020 8.605109 11.925640 1
8.712499 5.557169 2.232660 1
9.940433 0.347812 7.111109 1
7.005352 4.857150 16.615244 1
5.586025 10.115380 11.756433 1
9.551141 5.884045 0.695555 1
9.043758 0.548723 8.716756 1
6.118622 4.720750 18.160959 1
6.623836 9.851407 9.975074 1
9.982964 7.303851 1.142810 1
8.658282 1.943108 8.218661 1
5.626294 3.297069 17.601535 1
6.898887 8.619807 10.661357 1
10.454411 4.774918 2.362544 1
8.130734 10.187167 7.042783 1
5.155384 5.688757 16.480174 1
7.484501 0.338091 11.793060 1
11.386916 5.916346 1.900206 1
7.124107 0.577304 7.491886 1
4.259785 4.648826 16.824187 1
8.567493 9.854796 11.255057 1
10.497924 6.094832 3.153199 1
8.067655 0.875096 6.264373 1
5.164438 4.377034 15.726918 1
7.596719 9.623243 12.479618 1
