8.906437 6.033198 2.998937 16
1.598715 1.820512 5.262016 16
5.707435 14.016213 1.054888 16
13.180478 9.770501 7.197384 16
8.234636 7.310818 3.553791 8
1.079134 0.611804 4.907388 8
6.354583 15.397017 0.659320 8
13.530295 8.601304 7.679292 8
9.722076 5.431358 3.955105 8
2.484200 2.477791 4.463880 8
4.885012 13.480524 0.329055 8
12.112949 10.520329 8.067582 8
9.458743 6.243681 1.456610 6
2.141029 1.685926 7.051719 6
5.079981 14.269266 2.866664 6
12.344969 9.623810 5.667544 6
10.597635 7.348161 1.399804 6
3.141495 0.499762 7.074823 6
4.072575 15.355866 2.870018 6
11.357378 8.527819 5.558021 6
11.953071 6.963920 1.917777 6
4.653200 1.039960 6.378766 6
2.723174 15.074739 2.324853 6
10.017134 8.947313 6.135628 6
12.548361 5.981713 1.203928 6
5.271338 2.072847 7.286926 6
1.890538 13.860873 2.961358 6
9.208324 10.094928 5.297757 6
12.271439 4.403797 1.591069 6
4.873330 3.414434 6.767425 6
2.472200 12.508780 2.599290 6
9.803035 11.518495 5.851629 6
10.951644 3.976510 0.940466 6
3.541092 4.022410 7.436673 6
3.724437 11.983869 3.151450 6
11.045731 11.941102 5.128461 6
9.803785 4.864897 0.758112 6
2.574489 3.104868 7.592486 6
4.787569 12.890036 3.560397 6
11.975171 11.043376 5.010215 6
9.009072 5.164120 8.113504 6
1.682282 2.782135 0.260644 6
5.727905 13.174573 4.460152 6
12.941404 10.719764 3.972723 6
8.352767 6.391561 0.278748 6
1.054439 1.621372 8.152442 6
6.171923 14.269614 3.857583 6
13.600874 9.490460 4.488125 6
7.503718 4.974774 2.982756 6
0.076419 2.897474 5.480424 6
7.262494 12.890268 1.175076 6
14.479760 10.986011 7.110663 6
6.098571 5.482368 2.844640 6
13.413088 2.428459 5.365458 6
8.365968 13.559084 1.347732 6
1.173317 10.350985 7.151898 6
5.081640 4.617017 2.926679 6
12.429547 3.246850 5.642932 6
9.491647 12.695066 1.427343 6
2.329118 11.338269 7.092746 6
5.318879 3.241269 2.721687 6
12.604167 4.713267 5.715708 6
9.327994 11.235653 1.582128 6
2.122245 12.657325 6.897404 6
6.600278 2.721800 2.611308 6
13.827143 5.065207 5.775164 6
8.007137 10.848435 1.520120 6
0.681257 13.194043 6.946131 6
7.576808 3.666342 2.733667 6
0.398839 4.370644 5.517082 6
7.028720 11.586986 1.384530 6
14.264991 12.291429 6.989069 6
10.765434 2.739177 0.715120 6
3.360346 5.283051 7.743123 6
3.892000 10.666681 3.491336 6
11.265092 13.225925 4.902831 6
11.633089 1.497967 0.841850 6
4.330296 6.497574 7.603578 6
3.064035 9.507871 3.298906 6
10.269889 14.320858 5.005363 6
11.559445 0.410782 8.384926 6
4.315565 7.563800 0.093152 6
3.071048 8.547150 4.261262 6
10.377937 15.391357 4.196151 6
12.361541 15.266453 0.029105 6
5.053799 8.532070 8.317316 6
2.394312 7.321458 4.105610 6
9.695975 0.604600 4.177451 6
13.266982 15.133198 1.085483 6
5.805369 8.742174 7.426043 6
1.428573 7.231941 3.237382 6
8.798423 0.810845 5.281084 6
13.426953 0.288891 2.010445 6
5.991368 7.781138 6.400193 6
1.201715 8.250016 2.181502 6
8.574946 15.696501 6.181949 6
12.551973 1.427888 1.928668 6
5.158924 6.543341 6.535369 6
2.097699 9.390369 2.231603 6
9.305375 14.495376 6.168661 6
8.640810 4.343485 6.850815 6
1.359113 3.642192 1.550511 6
6.003537 12.445940 5.680035 6
13.259562 11.483992 2.596118 6
10.541286 7.756125 0.483122 1
3.168558 0.252665 7.838936 1
4.035527 15.732062 3.673214 1
11.454113 8.220793 4.694190 1
10.178969 8.118093 1.895879 1
2.742183 15.643729 6.367079 1
4.550875 0.267544 2.319193 1
11.866219 7.751030 6.240477 1
11.816957 6.572419 3.159356 1
4.637311 1.284022 5.357741 1
2.798157 14.536239 1.042708 1
10.071301 9.375742 7.250501 1
12.591331 7.945278 1.836050 1
5.253510 0.015716 6.555116 1
1.999592 15.831267 2.427346 1
9.379889 8.113440 6.105217 1
13.572218 6.016068 1.517647 1
6.255542 2.022207 6.978467 1
0.942734 13.979428 2.701012 1
8.402281 9.917218 5.624933 1
12.528969 6.001698 0.271602 1
5.082034 1.902333 8.119498 1
2.162420 13.918058 3.965391 1
9.408847 9.838310 4.432086 1
12.271536 4.289422 2.365464 1
4.993079 3.523991 6.039048 1
2.323825 12.322857 1.850401 1
9.629524 11.636921 6.662417 1
12.961008 3.851225 1.427345 1
5.661694 4.119140 6.950602 1
1.553868 11.826370 2.753049 1
8.820126 11.958217 5.627814 1
7.491946 6.237394 0.535797 1
0.136916 1.587982 7.852999 1
7.149771 14.333323 3.568557 1
14.409043 9.719014 4.756595 1
8.409681 7.445793 0.059047 1
1.106792 0.623922 0.122696 1
6.041356 15.470709 4.147757 1
13.394107 8.509541 4.239709 1
6.187349 6.313710 2.687726 1
13.334515 1.466298 5.821197 1
8.450915 14.377186 1.637218 1
1.157386 9.441159 6.815272 1
3.984893 5.084376 2.860369 1
11.397876 2.933500 5.621394 1
10.621876 13.027969 1.349684 1
3.337000 11.039072 7.106326 1
4.453865 2.499311 2.526356 1
11.871787 5.460197 5.916645 1
10.068283 10.571062 1.671375 1
2.711029 13.323180 6.672071 1
6.797090 1.974101 2.716928 1
14.138080 6.099814 5.804678 1
7.816183 9.802414 1.599600 1
0.616690 13.943640 6.796503 1
8.456529 3.399540 3.030241 1
1.226775 4.441270 5.385193 1
6.003712 11.477878 1.251117 1
13.307228 12.481770 7.277660 1
9.783640 2.328689 0.250626 1
2.475272 5.559018 8.221600 1
4.803554 10.224943 3.976141 1
11.968039 13.687465 4.421265 1
11.057906 0.545155 7.681407 1
3.629630 7.546827 0.744641 1
3.559643 8.426861 4.843028 1
10.898089 15.544463 3.416687 1
12.090434 14.557783 7.630493 1
4.893036 9.451712 0.901953 1
2.385913 6.571843 5.007854 1
9.761022 1.525058 3.316282 1
13.705534 14.244520 1.068255 1
6.281163 9.591669 7.503130 1
0.890085 6.169248 3.263396 1
8.199603 1.657015 5.103238 1
14.023281 0.132336 2.791475 1
6.694300 7.878843 5.715373 1
0.612899 8.071209 1.461416 1
7.874312 15.834162 6.907453 1
12.451900 2.042746 2.403524 1
5.149021 5.881927 5.872187 1
2.131892 9.953092 1.640770 1
9.523700 13.836128 6.730112 1
7.888798 4.906013 6.518102 1
0.617217 3.126689 1.894551 1
6.632322 12.813648 6.156346 1
13.910832 11.038894 2.225179 1
9.458712 4.455865 6.382816 1
2.172962 3.572363 2.191569 1
5.266698 12.313171 6.236643 1
12.455004 11.424735 2.158021 1
8.329397 3.518274 7.009207 1
1.053384 4.500108 1.304143 1
6.169904 11.480346 5.561761 1
13.513590 12.365711 2.897844 1
