-2.082943 1.441657 20.396754 30
13.769763 8.951437 1.993335 30
13.865215 3.008783 12.078085 30
-2.262811 7.466232 10.171633 30
7.349474 -1.225682 9.983622 30
4.427473 11.811337 12.537053 30
9.784893 0.900150 2.125671 30
1.794323 9.481095 20.253089 30
5.490115 4.293216 5.955943 17
6.145890 6.249385 16.412440 17
4.651117 2.650357 3.720481 17
7.101699 7.877286 18.606989 17
6.054272 5.087460 3.266118 17
5.830727 5.370001 19.215024 17
-2.744305 3.126624 19.380880 7
14.337397 7.283728 3.024161 7
-1.891522 0.404068 18.535258 7
13.509278 10.001144 3.781495 7
-1.244388 -0.180619 21.338500 7
12.939962 10.654537 1.194364 7
-2.111595 2.436405 22.094128 7
13.876956 8.060581 0.387590 7
-2.055696 3.347779 13.416113 7
13.722330 7.033577 8.982703 7
12.830216 2.324893 13.817549 7
-1.001339 8.212963 8.645692 7
12.466625 2.644137 10.934027 7
-0.732070 7.909299 11.438242 7
15.016889 3.665490 10.617216 7
-3.229436 6.718512 11.877154 7
6.327306 -0.410030 8.209880 7
5.420628 10.908295 14.242813 7
9.075272 -1.079568 9.040910 7
2.733812 11.612238 13.365146 7
8.340406 -1.757732 11.695592 7
3.544829 12.401066 10.869958 7
5.636550 -0.952171 11.039554 7
6.225734 11.517937 11.342140 7
9.613266 -0.783471 3.067201 7
2.257124 11.281214 19.279418 7
9.428697 2.008485 3.907590 7
2.231694 8.537902 18.494623 7
10.562056 2.723635 1.305214 7
1.243514 7.861824 21.046366 7
10.290583 0.021401 0.520806 7
1.449530 10.610026 21.978766 7
-3.148471 4.285501 19.941291 6
14.896430 6.189404 2.588798 6
-3.480636 5.173160 18.821837 6
15.316975 5.302531 3.475414 6
-3.735847 6.091146 18.905523 1
15.525666 4.318269 3.343645 1
-3.307796 4.538362 17.621190 6
15.139444 5.886485 4.807130 6
-3.609540 4.970849 16.696241 1
15.284641 5.640882 5.560470 1
-2.876560 3.275641 17.897995 6
14.618123 7.255157 4.480784 6
-2.605637 2.150155 16.919980 6
14.385671 8.177492 5.375089 6
-2.146693 0.979322 17.272842 6
13.906164 9.491380 5.115759 6
-1.946721 -0.148675 16.202286 6
13.746903 10.517569 6.103635 6
-2.190782 -0.014159 15.252692 1
13.865294 10.484237 7.062859 1
-1.520289 -1.091718 16.871218 6
13.181679 11.672592 5.524750 6
-1.344812 -1.889924 16.601463 1
13.074551 12.514989 5.965507 1
-1.445353 -0.775757 18.263444 6
13.089840 11.310326 4.052807 6
-0.831051 -1.559243 19.370249 6
12.678835 12.136815 3.096591 6
-0.808416 -1.321860 20.738235 6
12.465420 11.713117 1.732832 6
-0.315142 -2.277234 21.678569 6
11.989983 12.653068 0.772874 6
0.146925 -3.129413 21.647384 1
11.582298 13.520990 0.897163 1
1.258292 5.261935 0.565569 6
10.423301 5.295302 21.948096 6
1.526010 4.834137 1.333864 1
10.132776 5.721476 21.065610 1
0.734783 6.546066 0.164208 6
11.050882 4.066638 22.258375 6
0.445928 7.382713 1.273452 6
11.464407 3.137467 21.204047 6
-0.227565 8.632271 1.029014 6
11.962279 1.803620 21.475137 6
-0.558902 9.600755 1.952720 6
12.256176 0.777257 20.490118 6
-0.516488 9.657388 2.863414 1
12.158769 0.929504 19.513938 1
-1.045198 10.771030 1.290498 6
12.783081 -0.299949 21.085372 6
-1.441495 11.607041 1.603162 1
13.160212 -0.959460 20.667448 1
-2.662952 3.825319 22.162142 6
14.337610 6.753511 0.231235 6
-3.101914 4.666056 21.194974 6
14.754079 5.861650 1.187621 6
-0.533094 -3.156140 18.869727 6
12.177271 13.584874 3.557886 6
-0.184169 -3.154660 18.018722 1
11.880480 13.625968 4.346787 1
0.130386 -3.537273 19.589471 1
11.714871 13.867474 2.766126 1
15.701559 -4.054118 18.796381 6
13.458589 14.565295 3.547722 6
15.127374 -3.705353 18.084577 1
-3.321135 14.047338 4.177827 1
15.251579 -4.046526 19.779493 1
-3.496729 14.533800 2.632545 1
16.092823 -5.495058 18.467446 6
-0.220339 -1.134006 3.938685 6
-5.101780 11.666622 17.686523 1
16.785198 -1.235466 4.689823 1
-5.022271 11.296769 19.118103 1
16.901364 -0.869629 3.108312 1
10.614888 10.936047 18.133241 6
1.088379 -0.439941 4.313063 6
10.057592 11.330542 17.499744 1
1.631914 -0.895867 4.969109 1
10.137935 11.006463 19.025992 1
1.643097 -0.427215 3.494298 1
10.925851 9.519572 17.675286 6
0.751822 1.036617 4.610717 6
10.090158 9.024463 17.474524 1
1.671348 1.470072 5.024283 1
11.648493 9.457015 16.999738 1
0.145051 1.129650 5.432122 1
11.352103 8.529495 18.833144 6
0.256837 1.917635 3.559182 6
11.672625 7.683827 18.424696 1
0.053661 2.861170 3.915340 1
10.719630 8.586595 19.498666 1
0.972088 1.981946 2.897149 1
12.309544 9.033754 19.305722 1
-0.436104 1.530431 3.089705 1
0.646995 7.102537 2.616756 6
11.183322 3.437575 19.821785 6
0.329554 6.076185 2.848311 1
11.308872 4.378709 19.557751 1
-0.026889 7.499256 3.273918 1
11.768334 2.991498 19.071837 1
1.949040 7.281341 3.153003 6
9.659246 3.212597 19.325726 6
2.671877 6.671138 2.582556 1
9.152746 3.785767 19.813187 1
2.252673 8.130339 2.938044 1
9.357506 2.390285 19.492063 1
2.187094 6.988094 4.629644 6
9.495742 3.522500 17.663606 6
3.092349 7.062520 4.836038 1
8.508821 3.373165 17.472329 1
1.597066 7.621832 5.066975 1
10.098958 2.960997 17.200964 1
1.861405 5.565220 4.994600 6
9.921892 4.997943 17.353329 6
2.541396 4.835800 4.606540 1
9.202244 5.593962 17.864999 1
0.990839 5.302273 4.775307 1
10.710300 5.256866 17.606534 1
1.991170 5.317772 6.554477 6
9.661001 5.258033 15.802103 6
3.003198 5.560880 6.842836 1
8.704665 4.930339 15.488754 1
1.378999 5.789360 6.966080 1
10.236037 4.674401 15.253514 1
1.937108 3.773764 6.896569 6
9.758959 6.680701 15.392594 6
2.103453 3.766908 7.916769 1
9.630934 6.893465 14.377523 1
2.639211 3.173814 6.469753 1
9.114423 7.236190 15.933696 1
1.077296 3.522989 6.747533 1
10.663516 7.128387 15.738007 1
-3.669796 6.076935 21.609765 6
15.510102 4.439132 0.748616 6
-4.542556 6.262503 21.012676 1
16.260333 4.261305 1.257690 1
-2.495695 12.583991 0.256317 1
14.293515 -2.062429 22.253426 1
-2.771555 7.265043 21.507636 6
14.539394 3.311084 0.782574 6
-2.418466 7.397016 20.622791 1
14.303042 3.233159 1.727455 1
-1.941037 7.102572 22.146937 1
13.708664 3.423138 0.250633 1
-3.537595 8.429709 22.066336 6
15.341871 2.000864 0.250904 6
-4.259678 8.678804 21.493967 1
16.071061 1.960480 0.875445 1
-2.161509 15.084787 0.513050 1
14.014718 -4.566095 21.731672 1
-2.734806 9.799145 22.104792 6
14.509717 0.861933 0.421609 6
-2.502497 9.993476 21.055177 1
14.146928 0.635602 1.278468 1
-0.160788 16.153125 0.070087 1
11.978191 -5.712522 22.276814 1
2.471309 0.373220 0.254909 6
9.204474 10.016429 22.218926 6
0.073978 -5.935501 22.194464 1
11.703930 16.515972 0.299309 1
2.128406 0.294257 1.219516 1
9.522605 10.252557 21.139572 1
3.424655 1.599120 0.468792 6
8.256382 8.976062 22.080125 6
2.888526 2.304774 0.814503 1
8.790643 8.100483 21.536168 1
2.148750 -4.814817 21.896092 1
9.735573 15.297478 0.578734 1
4.167734 1.382847 0.957191 1
7.670240 9.190551 21.479409 1
-0.820331 3.905061 13.033856 6
12.504287 6.522106 9.276990 6
0.070707 4.013387 14.247768 6
11.776980 6.556897 8.119471 6
0.845816 4.317625 14.360253 1
10.885389 6.157597 7.953963 1
-0.647764 3.586960 15.310478 6
12.475830 7.070364 7.132309 6
-0.309817 3.545633 16.286533 1
12.201961 7.003052 6.101311 1
-1.966638 3.196805 14.792026 6
13.777484 7.388778 7.647477 6
14.543539 2.607961 15.614344 6
-2.862341 8.020891 6.817741 6
13.320214 2.180536 15.107218 6
-1.516152 8.283805 7.354403 6
12.269307 1.539846 15.733983 6
-0.476378 8.808816 6.545662 6
12.153168 1.445613 16.769561 1
-0.526927 9.073442 5.559977 1
11.217674 1.456225 14.929691 6
0.540716 9.084195 7.412321 6
10.378540 1.104566 15.180643 1
1.333379 9.422850 7.066658 1
11.573602 1.772103 13.764771 6
0.135808 8.580109 8.611519 6
10.818071 1.692497 12.579791 6
0.909732 8.805132 9.849897 6
11.102825 2.137534 11.320986 6
0.695258 8.463235 11.169396 6
10.343309 2.012802 9.977270 6
1.470592 8.483798 12.343521 6
9.408583 1.735173 9.907343 1
2.268185 8.782526 12.462968 1
11.180483 2.437489 9.088070 6
0.740428 7.971403 13.460443 6
10.740036 2.561118 8.164787 1
0.919373 7.935099 14.208706 1
12.425148 2.924132 9.539421 6
-0.567872 7.755708 12.809852 6
13.473074 3.410422 8.837886 6
-1.779085 7.215971 13.673908 6
14.627161 3.697031 9.213676 6
-2.912672 6.813065 13.042839 6
-1.663621 4.213546 8.484872 6
13.400274 6.229357 13.971692 6
-1.737414 4.316344 7.479088 1
13.380212 6.154652 14.952614 1
-0.825272 4.662811 9.324982 6
12.397308 5.837976 12.988941 6
-0.008317 4.873885 9.079483 1
11.747973 5.598039 13.359495 1
-1.214893 4.180910 10.631162 6
12.920430 6.352273 11.764018 6
-0.356758 4.369245 11.903272 6
12.064530 6.234723 10.527602 6
9.326260 1.238711 12.719879 6
2.379798 9.298433 9.666803 6
9.187233 0.580116 13.312225 1
2.539299 10.052176 9.027908 1
8.957492 0.801368 11.892853 1
2.818133 9.683226 10.546388 1
8.302795 2.371036 13.101201 6
3.335582 8.036800 9.213724 6
8.712635 2.685488 14.038226 1
3.133205 7.688092 8.301269 1
8.409146 3.170731 12.508420 1
3.305964 7.319797 9.973417 1
6.858224 1.825240 13.277324 6
4.907246 8.540769 9.107196 6
6.842433 1.032052 14.020608 1
4.805562 9.368974 8.440687 1
6.465058 1.646941 12.438920 1
5.308593 8.840587 9.985148 1
5.954690 3.006631 14.033066 6
5.659956 7.602429 8.450863 6
6.430063 3.295488 14.704012 1
5.378310 7.135377 7.614281 1
5.965138 3.812907 13.266484 1
5.781120 6.668155 9.059767 1
4.657244 2.461842 14.214210 6
7.116097 8.029894 8.050556 6
4.555781 1.643064 14.970671 1
7.035186 8.847916 7.545618 1
4.057422 2.313965 13.371070 1
7.551519 8.197314 8.858579 1
3.729689 3.624870 14.977507 6
8.086301 6.814758 7.365993 6
2.814084 3.294271 15.214005 1
8.992767 7.254862 7.263366 1
3.746415 4.459329 14.282876 1
8.049897 6.055679 7.968848 1
4.149603 3.974164 15.812263 1
7.620443 6.656582 6.540659 1
13.285721 3.366022 7.134125 6
-1.455674 7.158234 15.100739 6
12.263053 3.751080 6.960860 1
-0.645215 6.764477 15.377999 1
13.832165 4.206030 6.836693 1
-2.070360 6.390696 15.520512 1
13.487124 2.129084 6.467828 6
-1.766247 8.383790 15.880474 6
13.085409 1.317942 6.914713 1
-1.239780 9.214375 15.390530 1
14.480904 1.853313 6.536756 1
-2.676185 8.674120 15.681699 1
13.179563 2.284993 4.943307 6
-1.360048 8.341170 17.309648 6
12.267632 2.703472 4.976238 1
-0.506938 7.869536 17.510217 1
13.902406 2.719828 4.544534 1
-2.123756 7.676704 17.867874 1
13.028446 0.866247 4.218008 6
-1.286179 9.560091 18.269964 6
12.185556 0.885407 3.987468 1
-0.260865 9.484595 18.554437 1
13.627324 1.006556 3.303381 1
-1.829373 9.433414 19.011912 1
13.351210 -0.218843 4.492240 6
-1.485157 10.694828 17.836259 6
12.774758 -0.573992 5.313274 1
-0.962717 10.941045 17.099460 1
14.257816 -0.330853 4.784392 1
-2.417030 10.767684 17.686565 1
8.865789 15.664814 3.520314 6
2.774419 -5.329708 18.940702 6
9.244072 14.936214 4.084420 1
2.510102 -4.468334 18.422916 1
9.522580 15.803869 2.783507 1
2.111429 -5.318071 19.550243 1
8.002836 15.704100 3.154020 1
3.614053 -5.307004 19.116649 1
1.060338 4.783126 11.540293 6
10.589224 5.744025 10.775811 6
1.310188 5.273619 12.425202 1
10.383386 5.383692 9.892584 1
0.983032 5.551086 10.985101 1
10.696694 4.963210 11.441042 1
2.051326 3.712220 11.178841 6
9.627241 6.859438 11.185840 6
2.149412 3.098841 11.865426 1
9.730957 7.419391 10.417160 1
1.726039 3.142676 10.385118 1
10.103547 7.213597 12.002824 1
3.362579 4.304945 10.773796 6
8.415746 6.255187 11.546567 6
3.887335 4.570732 11.707559 1
8.021287 5.870539 10.780335 1
3.377594 4.889743 10.069514 1
8.370413 5.513248 12.138521 1
4.433211 3.209794 10.242770 6
7.315139 7.257847 12.017642 6
4.432702 2.459998 10.945618 1
7.214138 8.130358 11.392795 1
4.043295 2.861359 9.381235 1
7.672430 7.680643 12.929994 1
5.811482 3.788104 9.893082 6
5.908263 6.757568 12.504290 6
6.033900 4.067407 10.706819 1
5.600951 6.395431 11.681983 1
5.555880 4.461414 9.418425 1
6.204130 6.073788 12.979303 1
6.692249 2.734017 9.395926 6
5.103703 7.707169 13.004627 6
7.477958 3.273283 9.147912 1
4.139711 7.275120 13.318234 1
6.283590 2.433951 8.473703 1
5.399773 8.127827 13.827400 1
6.826886 2.101622 9.881754 1
4.837420 8.433338 12.476540 1
4.928311 -0.268326 8.118393 6
6.725725 10.613362 14.368963 6
4.695598 0.332487 6.751498 6
7.009908 10.358381 15.572688 6
3.942991 0.409288 6.325092 1
7.850639 10.117024 16.048369 1
5.864022 0.166595 6.014650 6
5.850046 10.320923 16.212213 6
6.115046 0.552242 5.174853 1
5.677247 10.100235 17.248261 1
6.964962 -0.138058 6.935032 6
4.836711 10.671833 15.418752 6
8.305494 -0.195094 6.794857 6
3.477465 10.816985 15.659310 6
9.225746 -0.583030 7.685257 6
2.352498 11.086614 14.728598 6
10.634473 -0.588202 7.348102 6
0.987525 11.158312 14.992500 6
11.234635 -0.348218 6.504816 1
0.563120 10.969961 15.910104 1
11.285967 -1.010462 8.585220 6
0.377057 11.570253 13.950281 6
12.213023 -1.110801 8.681872 1
-0.540080 11.745721 13.892374 1
10.407581 -1.450843 9.589918 6
1.337096 11.949930 12.925820 6
10.555541 -1.872716 10.708293 6
1.112123 12.521440 11.727840 6
9.698239 -2.202702 11.741935 6
2.108053 12.570270 10.608519 6
9.724804 -2.688186 13.103676 6
1.896422 13.331460 9.398509 6
10.700979 -3.192666 13.257028 1
1.167443 13.580932 9.062126 1
8.669940 -2.829907 13.713790 6
3.097835 13.191146 8.732745 6
8.428813 -3.104345 14.631486 1
3.349033 13.594846 7.931957 1
7.589874 -2.242937 12.900856 6
4.123465 12.721580 9.621590 6
6.374286 -1.943165 13.128528 6
5.522031 12.372836 9.289770 6
5.258078 -1.382175 12.291059 6
6.458088 11.853743 10.084006 6
3.985334 -1.127892 12.685948 6
7.840306 11.483254 9.668488 6
3.504024 -1.084908 13.532790 1
8.205772 11.753962 8.940443 1
3.309869 -0.673367 11.466896 6
8.390213 11.057106 10.737880 6
2.385411 -0.312586 11.452035 1
9.281107 10.796107 10.972286 1
4.311783 -0.685768 10.394554 6
7.420367 11.104078 11.855342 6
4.043663 -0.160241 9.075649 6
7.720620 10.827086 13.271129 6
12.020553 -2.298415 11.125554 6
-0.222619 12.752582 11.395368 6
12.519602 -2.767105 10.303644 1
-0.701453 13.131554 12.202822 1
12.081206 -3.078022 11.846251 1
-0.316785 13.470916 10.511258 1
12.847447 -1.201329 11.549509 6
-1.197640 11.673261 10.871880 6
12.385854 -0.674788 12.317887 1
-0.644054 11.282285 10.058277 1
12.886646 -0.343448 10.819523 1
-1.087286 10.991046 11.483872 1
14.232682 -1.560432 11.857115 6
-2.652489 11.981071 10.491254 6
14.348342 -2.218669 12.746809 1
-2.600620 12.671553 9.632786 1
14.675297 -1.995492 11.046467 1
-2.949423 12.601274 11.173136 1
15.319156 -0.293078 12.231802 6
-3.558424 10.922075 10.215392 6
14.822711 0.221117 12.964723 1
-3.090328 10.414405 9.368197 1
15.290094 0.211310 11.412831 1
-3.534187 10.213497 10.904479 1
-0.892237 -0.721120 12.737880 6
12.628068 11.302047 9.723051 6
-0.928368 -1.389022 13.383589 1
12.749667 11.797777 8.875564 1
-0.493475 -1.293799 11.900251 1
12.198924 11.896286 10.421440 1
-0.072620 0.452142 13.054602 6
11.697279 10.006940 9.416328 6
0.881402 -0.014353 13.308975 1
10.895639 10.368196 9.053179 1
-0.419959 0.916606 13.665495 1
12.067603 9.573066 8.635304 1
0.095582 0.962772 12.270867 1
11.582862 9.564564 10.143695 1
5.868189 -2.368016 14.583789 6
5.893113 12.868000 7.829361 6
6.471584 -3.057857 14.905146 1
5.293724 13.711660 7.472226 1
4.961872 -2.627955 14.412571 1
6.930625 13.182121 7.949358 1
5.915502 -1.250624 15.746928 6
5.784041 11.756160 6.695123 6
5.283051 -0.519071 15.337082 1
6.372826 11.055837 7.128287 1
5.489428 -1.581345 16.468226 1
6.260102 12.145330 5.855080 1
7.319006 -0.800110 16.111787 6
4.449823 11.352350 6.248981 6
7.730136 -0.630128 15.209774 1
3.944278 11.151392 7.223055 1
7.812200 -1.427998 16.503651 1
4.056928 11.969432 5.809729 1
7.387313 0.450356 16.989534 6
4.316407 9.996407 5.421541 6
8.223999 0.951436 16.759967 1
3.517525 9.546636 5.633156 1
6.595699 1.072391 16.614325 1
5.142007 9.439048 5.905527 1
7.138520 0.330915 18.258561 6
4.501891 10.158827 4.020688 6
6.373044 -0.187323 18.483773 1
5.479826 10.694201 3.912255 1
7.024560 1.219919 18.634009 1
4.684979 9.281754 3.725666 1
8.187191 -0.360290 19.052832 6
3.464474 10.903000 3.329530 6
7.928392 -0.473856 20.087669 1
3.733040 10.927165 2.335329 1
9.172358 0.097168 19.031668 1
2.721782 10.460674 3.358362 1
8.267578 -1.341057 18.818488 1
3.325864 11.754417 3.643225 1
2.554253 0.122685 8.776171 6
9.120438 10.380109 13.530097 6
2.201043 0.603900 9.486284 1
9.539253 9.795203 12.724815 1
2.538988 0.795008 7.987555 1
9.237999 9.835389 14.281507 1
1.738239 -1.095358 8.509979 6
10.115495 11.644610 13.717681 6
1.711093 -1.737661 9.357929 1
10.005451 12.106441 13.050418 1
2.031708 -1.564705 7.816236 1
9.743591 12.020985 14.504976 1
0.309557 -0.797802 8.320020 6
11.462314 11.171172 13.945250 6
-0.127400 -0.172537 9.149480 1
11.795098 10.659760 13.214141 1
0.114449 -0.052120 7.583453 1
11.647451 10.556558 14.710676 1
-0.642406 -1.890491 8.227377 6
-5.074138 12.560689 14.181086 6
-4.310085 14.712122 7.468967 1
16.122219 -4.159879 15.021985 1
-0.486559 -2.511279 8.886282 1
12.306436 13.049156 13.386809 1
15.324375 -1.668138 7.930976 6
-3.592690 12.240976 14.590756 6
15.049924 -1.246652 8.530847 1
-3.313804 11.674533 13.791459 1
15.387016 -1.101921 7.149421 1
-3.523892 11.541730 15.406364 1
10.357043 14.244765 7.548441 6
1.308119 -3.824870 14.827379 6
9.539939 14.464819 7.514732 1
2.183114 -3.964685 15.052707 1
10.504939 13.597851 8.474079 1
1.201714 -3.100126 14.078723 1
10.823941 13.788927 6.774505 1
0.848807 -3.303405 15.585679 1
5.621511 15.116063 2.542666 6
6.303723 -4.586400 19.748714 6
5.231801 14.247787 3.771685 6
6.426287 -3.725852 18.786763 6
5.408139 13.319937 3.573626 1
6.469807 -2.701486 18.800339 1
4.904128 14.881593 4.698339 6
6.767665 -4.464544 17.526149 6
4.584986 14.421278 5.594588 1
7.042758 -4.056183 16.845193 1
9.198339 -0.963900 4.552463 6
2.654057 11.378435 17.840792 6
8.877492 0.132661 5.310866 6
2.931042 10.450166 17.063882 6
9.054861 1.417338 5.009487 6
2.706041 9.075514 17.400802 6
8.828795 2.590317 5.996001 6
2.865795 8.053074 16.389538 6
8.444462 2.538761 6.982157 1
3.300564 8.046928 15.517034 1
9.364590 3.622092 5.478311 6
2.419168 6.760622 16.953292 6
9.354179 4.623363 5.895107 1
2.351734 5.976905 16.499748 1
9.782407 3.450544 4.155428 6
1.949353 7.163466 18.332118 6
10.275314 4.198957 3.145989 6
1.459248 6.313561 19.131998 6
10.644978 4.041073 1.812952 6
1.057494 6.464443 20.473060 6
11.160576 4.895717 0.887615 6
0.611884 5.569637 21.495986 6
11.449073 5.746686 1.032417 1
0.396892 4.641450 21.372029 1
9.583308 -2.362626 22.240387 6
2.182713 12.913955 0.273507 6
9.795927 -2.005228 21.340517 1
1.776026 12.482079 1.050698 1
10.894342 2.976259 0.006373 6
2.447495 14.338061 0.082062 6
9.272302 -4.740178 21.459874 6
2.477032 15.251505 0.909386 6
8.959214 -6.236138 21.670403 6
2.769369 16.757550 0.826514 6
4.894804 9.923409 20.570063 6
6.794350 0.442187 1.809722 6
4.959677 10.065856 19.672928 1
6.751781 0.485859 2.658287 1
4.510921 8.856840 21.361823 6
7.179848 1.653405 1.045859 6
4.472870 7.923100 20.916842 1
7.086730 2.545837 1.584287 1
6.137811 15.763358 0.368544 6
5.629002 -5.255818 22.158720 6
5.863299 14.740059 1.193109 6
5.836935 -4.385001 21.192289 6
10.694435 5.609361 3.846665 6
1.016608 4.897159 18.655254 6
11.415515 5.991689 3.221534 1
0.254875 4.509201 19.061736 1
10.836833 5.534738 4.753617 1
0.829046 4.985454 17.644469 1
9.550905 6.655894 3.614645 6
2.203206 3.864028 18.761434 6
9.168478 6.754992 2.596300 1
2.537494 3.772742 19.779187 1
8.731267 6.354370 4.110476 1
3.019797 4.157181 18.191147 1
9.954538 8.036598 4.160888 6
1.853222 2.346382 18.211581 6
10.634043 8.356669 3.544165 1
1.134735 2.089002 18.805004 1
10.178924 8.101398 5.056005 1
1.553967 2.390456 17.273671 1
8.633225 9.079548 4.097722 6
3.060206 1.478513 18.296524 6
8.297255 9.037126 3.123165 1
3.299666 1.325887 19.229047 1
7.949909 8.767961 4.753266 1
3.822038 1.595392 17.795716 1
9.088359 10.508701 4.496435 6
2.672721 0.036080 17.921939 6
9.947274 10.887705 3.806590 1
1.868598 -0.321270 18.573386 1
8.444458 11.030232 4.202351 1
3.267289 -0.552612 18.054566 1
9.540304 10.656212 5.806213 6
2.031908 -0.112536 16.620928 6
9.929603 11.587650 6.043285 1
1.940811 -1.021515 16.305145 1
10.466882 10.006788 5.931994 1
1.263181 0.387034 16.340585 1
8.854582 10.485584 6.481415 1
2.877683 0.188370 15.991159 1
9.661604 -4.412316 19.946552 6
2.090307 14.865030 2.406223 6
9.079437 -4.882950 19.303670 1
2.757430 15.386060 3.069749 1
9.309474 -3.524545 19.870105 1
2.308272 13.957677 2.564106 1
11.058044 -4.612740 19.630657 6
0.698335 15.153180 2.801682 6
11.427186 -5.552443 19.628240 1
0.493238 15.942871 2.759883 1
11.621722 -4.155409 20.228229 1
0.118697 14.514759 2.066500 1
11.469504 -4.068573 18.094648 6
0.434742 14.482307 4.256624 6
12.295178 -4.555512 17.923700 1
-0.400721 14.865259 4.504878 1
10.667759 -4.316629 17.599503 1
1.033617 14.773955 4.792245 1
11.558859 -2.721844 18.173713 6
0.147578 13.164377 4.244041 6
12.362755 -2.355448 18.489467 1
-0.588971 12.835263 3.783307 1
10.874575 -2.277734 18.695098 1
0.991970 12.645365 3.805939 1
11.502524 -2.003097 16.609210 6
0.183863 12.408727 5.814083 6
10.541468 -2.107244 16.165559 1
1.021133 12.616843 6.165020 1
11.502390 -1.045518 16.621887 1
0.284130 11.542985 5.648976 1
12.441384 -2.449108 15.756710 6
-0.695501 12.935591 6.560309 6
12.353208 -1.938423 14.911204 1
-0.598685 12.555009 7.446143 1
12.444464 -3.367997 15.641379 1
-0.617504 13.904862 6.680466 1
13.313242 -2.150679 16.113069 1
-1.583634 12.606078 6.259850 1
5.733263 13.387929 0.848350 6
5.815524 -2.774418 21.515237 6
3.816599 6.489555 22.315566 1
7.859698 3.866514 0.123554 1
5.208818 12.916525 1.455293 1
6.424014 -2.446679 20.858822 1
7.274805 12.649677 0.885980 6
4.419613 -2.232185 21.496524 6
7.847997 13.280854 0.122602 1
3.880484 -2.732693 22.252682 1
7.612119 12.840980 1.778461 1
4.103956 -2.416921 20.676478 1
7.240607 11.219920 0.555881 6
4.558766 -0.700436 21.929449 6
5.177277 4.404206 22.081610 1
6.636447 5.992396 0.356049 1
6.704237 10.767527 1.085233 1
5.029679 -0.305844 21.179629 1
8.469879 10.630812 0.431751 6
3.181522 -0.141648 22.020374 6
8.975492 10.665568 1.296722 1
2.630998 -0.150650 21.077115 1
7.496371 4.328197 22.027519 1
4.308678 6.246975 0.291459 1
8.472719 9.184067 0.092214 6
4.816234 8.124334 0.021934 6
6.460632 2.286514 21.498227 1
5.356927 8.301910 0.799619 1
7.919123 8.579640 0.748722 1
3.804445 1.831430 21.657843 1
9.842362 8.346714 0.053360 6
1.840359 2.130712 22.350125 6
8.198044 0.687668 22.270577 1
3.719746 9.677224 0.048555 1
10.167844 8.401730 0.984912 1
1.589613 2.058267 21.367094 1
8.878226 2.026571 21.777420 1
2.896991 8.467845 0.494101 1
5.747011 3.794736 4.208407 6
5.991558 6.769209 18.082020 6
6.718457 3.284065 4.339180 1
5.045099 7.207625 18.195470 1
