1.778600 2.538610 1.334782 16
0.401782 13.229107 7.105506 16
2.701230 19.135272 15.434740 16
3.997132 8.436384 9.496301 16
3.053186 3.047668 0.255437 6
4.870911 13.828623 8.057853 6
1.522690 18.664970 16.422325 6
-0.496578 7.900792 8.509104 6
1.768159 2.960012 15.945321 1
5.016306 13.612138 9.017748 1
2.710777 18.786203 0.691376 1
-0.392035 7.986079 7.617150 1
4.049949 3.681828 0.932662 6
3.908264 14.579164 7.435341 6
0.468069 17.964942 15.622985 6
0.508691 7.097964 9.266249 6
4.777847 4.035923 0.387646 1
3.233046 14.887516 7.932747 1
-0.179359 17.504594 16.158991 1
1.289862 6.774821 8.706163 1
3.809745 3.912135 2.447072 6
4.258648 14.678369 5.951476 6
0.772465 17.707304 14.237325 6
0.348532 6.847507 10.553328 6
4.390243 4.363606 2.903013 1
3.664905 15.206630 5.366273 1
0.262769 17.216102 13.568642 1
0.915184 6.542425 11.309890 1
2.356822 3.198279 2.540310 6
-0.105379 13.977558 5.704044 6
2.040449 18.507531 13.963424 6
4.772214 7.652295 10.997012 6
2.415183 3.451624 4.954981 8
-0.222369 14.460059 3.253158 8
2.106561 18.164938 11.523686 8
4.733503 7.270511 13.276330 8
1.813638 2.948321 3.845191 6
0.543918 13.782749 4.427801 6
2.785190 18.639104 12.664952 6
3.990067 7.839859 12.123580 6
0.620295 2.557169 4.318587 6
1.573466 13.353905 4.007954 6
4.001901 19.179706 12.374744 6
2.866422 8.281548 12.518250 6
-0.089235 2.156503 3.670497 1
2.301985 12.915999 4.683385 1
4.580361 19.472571 12.892051 1
2.113186 8.713508 11.946006 1
0.441718 2.635723 5.621824 6
1.727891 13.509067 2.547786 6
4.005148 18.929328 10.833973 6
2.654093 8.075680 14.035121 6
-0.172259 2.374301 6.171481 1
2.447261 13.389694 2.088545 1
4.775863 19.154601 10.334732 1
2.016442 8.409949 14.537737 1
1.557346 3.367009 6.024263 6
0.625756 14.066410 2.203606 6
2.893251 18.273998 10.616738 6
3.776637 7.521708 14.460249 6
1.257233 3.327099 8.739816 16
-0.046358 14.110979 16.163912 16
3.338320 18.296643 7.819348 16
4.539278 7.576954 0.428759 16
2.173564 3.743305 7.446702 6
0.115790 14.504960 0.836390 6
2.457354 18.006714 9.149521 6
4.299757 7.182969 15.630345 6
3.318157 4.353227 7.806342 6
4.704433 15.226165 0.568132 6
1.248103 17.217403 8.877650 6
-0.134214 6.387268 15.972730 6
3.847376 4.668911 7.152909 1
3.993334 15.640877 1.233006 1
0.611769 17.047451 9.625203 1
0.495664 6.148002 15.402940 1
3.392248 4.559319 8.997230 6
3.275514 15.365561 15.777686 6
1.135567 17.089631 7.529540 6
1.247706 6.189636 0.849868 6
4.101071 5.092913 9.544122 1
2.648571 15.815931 15.426612 1
0.407586 16.671657 7.080860 1
2.002999 5.767164 1.203962 1
2.451513 3.997879 9.783860 6
4.325321 14.862090 15.076755 6
1.993323 17.661521 6.779073 6
0.262415 6.713846 1.601920 6
3.125366 4.683870 12.299193 8
3.774355 15.465442 12.719526 8
1.491110 17.097443 4.367868 8
0.711627 6.331013 3.873078 8
2.198420 4.198646 11.336706 6
4.546503 15.008129 13.632440 6
2.368195 17.486147 5.431947 6
0.054309 6.687561 2.955968 6
1.109407 3.692765 11.903952 6
-0.059362 14.441053 13.084335 6
3.380196 17.991362 4.735179 6
4.435454 7.069630 3.440030 6
0.305942 3.217593 11.427896 1
0.802214 14.102015 13.657757 1
4.248192 18.373312 5.330978 1
3.778191 7.524161 3.133032 1
1.218894 3.859892 13.106417 6
-0.200858 14.739531 11.659061 6
3.259839 17.716031 3.389169 6
4.678292 6.895580 4.811467 6
0.468027 3.576844 13.841874 1
0.499318 14.423657 11.115987 1
4.031559 18.043125 2.816807 1
3.958213 7.069960 5.534929 1
2.282227 4.372384 13.373438 6
4.467304 15.283283 11.389834 6
2.082595 17.265008 3.156288 6
0.041328 6.348025 5.173701 6
2.574872 4.626010 14.366076 1
4.056937 15.475907 10.526301 1
1.921365 16.881828 2.302128 1
0.398191 6.200993 5.992856 1
0.450268 0.245108 14.010044 16
0.655864 11.122997 10.908887 16
4.009555 21.482434 2.532533 16
3.862924 10.690348 5.723753 16
-0.774912 0.886645 14.956885 6
1.746159 11.697547 9.942958 6
5.187398 20.752675 1.621821 6
2.684870 9.994117 6.557483 6
-0.717181 0.828658 15.970920 1
1.762520 11.820990 8.959231 1
5.176827 20.764634 0.788665 1
2.726681 9.981919 7.581237 1
4.007799 1.346294 14.144451 6
2.785248 12.153459 10.736748 6
0.531205 20.343146 2.392672 6
1.781324 9.354410 5.894605 6
3.277338 1.871154 14.623762 1
3.475903 12.685374 10.352926 1
1.186477 19.711953 1.945936 1
0.971052 8.901059 6.241077 1
3.999255 1.327993 12.874906 6
2.774091 12.120732 12.051792 6
0.425504 20.489053 3.911592 6
1.750198 9.546165 4.446197 6
3.384450 1.479298 12.163602 1
3.430537 12.284042 12.727861 1
1.061497 20.110376 4.504788 1
1.061477 9.353441 3.922731 1
-0.367957 0.628548 12.630287 6
1.294682 11.536881 12.423173 6
4.871045 21.038717 4.015733 6
3.180116 10.144208 4.133020 6
4.933963 0.419991 10.244881 8
1.752608 11.132373 14.762330 8
5.109307 21.262190 6.440477 8
2.761255 10.401608 1.890027 8
0.230669 0.248847 11.340574 6
1.005804 11.031083 13.623333 6
4.320685 21.543876 5.382704 6
3.579056 10.655046 2.931581 6
1.426382 21.296106 10.952360 6
-0.212540 10.408324 13.945907 6
3.120563 0.303442 5.648731 6
4.705092 11.226185 2.605998 6
2.011875 21.139089 11.359940 1
4.675417 10.167230 13.494709 1
2.331648 0.690479 5.271660 1
-0.071905 11.497660 3.101167 1
1.122030 20.959666 9.378628 6
-0.098519 10.116005 15.438893 6
3.348825 0.691024 7.192273 6
4.574518 11.403556 1.077006 6
1.915450 20.687219 9.010303 1
-0.856081 9.794578 16.098052 1
2.600846 1.064637 7.689016 1
5.256912 11.927290 0.595199 1
0.008279 21.419522 9.130235 6
1.005776 10.713127 15.815107 6
4.605436 0.075124 7.540458 6
3.345188 11.028274 0.724881 6
0.166060 20.860363 6.335943 16
2.064168 9.934983 1.912939 16
4.331086 0.860015 10.111385 16
2.501913 11.628676 14.660724 16
5.056304 21.514650 7.758552 6
2.944745 10.728028 0.561203 6
5.041614 0.054098 8.735263 6
1.670222 10.849923 16.171619 6
3.783805 0.394377 7.395506 6
4.041767 11.236813 0.896108 6
0.543933 21.300923 9.311868 6
0.378857 10.305283 15.643614 6
3.249556 0.884652 7.921661 1
4.582752 11.740818 0.288124 1
1.223835 20.750717 8.531709 1
-0.106477 9.893042 16.282968 1
3.650893 0.261923 5.982001 6
4.385742 11.140318 2.357397 6
0.938842 21.371009 10.608358 6
0.174807 10.530162 14.360933 6
2.884408 0.635276 5.529741 1
5.071397 11.536666 2.656813 1
1.735631 21.075297 10.940372 1
-0.595013 10.188436 13.895866 1
4.553463 21.290727 5.292657 6
3.246193 10.379376 2.975441 6
-0.019411 0.306150 11.225327 6
1.256611 11.336381 13.579574 6
3.893347 21.387551 3.132028 8
4.093627 10.566494 5.121418 8
0.644010 0.116003 13.535666 8
0.474487 11.057952 11.491871 8
4.822343 21.131338 3.853242 6
3.185173 10.289001 4.316839 6
-0.257844 0.540540 12.658204 6
1.398303 11.435913 12.275878 6
0.196356 20.475539 3.301176 6
2.152930 9.575648 4.882258 6
4.251679 1.181074 13.365937 6
2.418088 12.013019 11.646158 6
0.854354 20.063732 3.658295 1
1.257229 9.301494 4.588254 1
3.486366 1.645613 12.925326 1
3.213665 12.331600 11.987820 1
5.526807 20.496453 1.953230 6
2.447019 9.781092 6.381829 6
4.538641 1.074410 14.633338 6
2.200211 11.968821 10.204660 6
0.452597 20.307573 1.209628 1
1.848675 9.448966 7.029726 1
4.008784 1.490022 15.386066 1
2.618344 12.275292 9.618546 1
4.415696 21.258067 1.820752 6
3.554288 10.392460 6.484930 6
0.054854 0.357174 14.871869 6
0.849082 11.234284 10.053384 6
3.895633 21.416045 0.848104 1
3.958143 10.562573 7.377044 1
0.510616 0.231015 15.615122 1
0.477264 11.056095 9.231978 1
