2.281595 0.678392 2.465878 6
2.265468 5.803723 3.878745 6
6.702493 9.453397 10.174239 6
6.923682 4.253458 8.783943 6
3.219187 9.904865 2.205505 6
1.287433 4.847037 4.152539 6
5.873691 0.279303 10.450298 6
7.854511 5.343582 8.361236 6
4.166723 9.418224 3.195142 6
0.372494 4.434326 3.172103 6
5.002935 0.661297 9.497476 6
8.665359 5.742590 9.366572 6
4.067439 10.013019 4.445763 6
0.469753 5.030882 1.952497 6
5.022829 0.184886 8.214968 6
8.578397 5.086998 10.679817 6
3.059995 0.913502 4.753369 6
1.333212 5.940473 1.634225 6
6.059144 9.289179 7.761811 6
7.769334 4.269817 10.982243 6
2.291856 1.301760 3.762224 6
2.296997 6.378927 2.514792 6
6.833551 8.780374 8.774274 6
6.712152 3.718904 10.036017 6
3.309033 9.397510 0.742851 6
1.304914 4.311408 5.587138 6
5.841334 0.858792 11.847997 6
7.864363 5.954165 6.964531 6
2.411809 0.115118 12.097462 6
1.083087 5.323065 6.706159 6
6.757840 10.010636 0.366498 6
7.987414 4.867778 5.968149 6
1.943342 1.447336 12.125762 6
1.566286 6.499929 6.764961 6
7.172281 8.791061 0.439676 6
7.524156 3.688803 5.834180 6
1.980676 2.098428 0.337499 6
2.513541 7.144264 5.821754 6
7.113697 8.026039 12.104496 6
6.561220 2.987317 6.690210 6
0.059232 1.289855 1.521319 6
4.474563 6.309729 4.627588 6
8.952192 8.898405 10.985482 6
4.680494 3.915474 7.834781 6
9.643676 0.391408 2.580756 6
5.100721 5.399614 3.724333 6
-0.691094 9.909033 9.930070 6
4.094405 4.812081 8.793996 6
8.529097 0.713330 3.376109 6
6.161107 5.755550 2.914956 6
0.469647 9.282791 9.278673 6
2.843400 4.201759 9.603751 6
8.056564 10.135561 4.166691 6
6.773491 4.934471 2.136781 6
1.219241 0.061633 8.318344 6
2.312845 5.158817 10.396813 6
8.361438 8.708162 4.415182 6
6.512983 3.686786 1.858731 6
0.785351 1.364709 8.286647 6
2.705363 6.385936 10.589084 6
9.348791 8.285913 3.621396 6
5.372301 3.232272 2.639180 6
-0.344926 1.770968 8.914089 6
3.632508 6.831684 9.940112 6
-0.131774 9.168987 2.630096 6
4.764813 4.115078 3.537182 6
9.239156 1.091394 9.809746 6
4.353132 6.168384 9.063643 6
1.523923 1.318366 1.506269 7
3.035499 6.254801 4.833496 7
7.690582 8.818279 11.176409 7
5.908219 3.917559 7.690085 7
9.691477 1.976986 0.803732 8
5.150664 7.054772 5.470807 8
-0.517799 8.244777 11.624415 8
3.901224 3.119151 7.127783 8
4.883086 8.749389 2.869680 1
9.874224 3.679346 3.368905 1
4.173352 1.221600 9.585465 1
9.400045 6.378144 9.144047 1
4.686638 9.716884 4.987103 1
10.116820 4.589682 1.244145 1
4.288720 0.316285 7.527435 1
-0.961532 5.476261 11.291451 1
3.074232 1.176666 5.555795 1
1.395327 6.316829 0.763682 1
5.974211 8.793160 6.930977 1
7.772999 3.758297 11.979563 1
1.661464 1.947200 3.904692 1
2.929082 6.965145 2.388374 1
7.529203 8.205589 8.523216 1
6.079923 3.139177 10.185989 1
4.088463 8.669970 0.749021 1
0.468976 3.573849 5.629887 1
4.980077 1.422311 11.858286 1
8.667914 6.683060 7.052723 1
2.360933 8.834741 0.515532 1
2.127240 3.810097 5.782456 1
6.752729 1.253589 11.982239 1
6.937704 6.437348 6.723547 1
2.956128 9.884084 11.439284 1
0.400881 5.009898 7.402301 1
6.177250 0.198441 1.055547 1
8.585237 5.166607 5.067607 1
2.192184 1.966251 11.223329 1
1.305194 6.957709 7.507951 1
6.929965 8.140713 1.269885 1
7.709568 3.182518 5.081194 1
2.530354 2.937911 0.902766 1
2.132964 8.006371 5.398828 1
6.637135 7.317531 11.640294 1
7.153192 2.142296 7.245375 1
0.228908 2.543912 12.444567 1
3.278823 7.498033 6.431722 1
8.848225 7.601007 0.013980 1
5.792430 2.628467 6.108602 1
8.401519 1.767304 3.249874 1
6.517166 6.838116 3.140072 1
0.755590 8.463251 9.357654 1
2.723495 3.381546 9.523475 1
7.111443 0.290533 4.777023 1
7.678549 5.441298 1.546546 1
1.941098 9.813427 7.793069 1
1.584083 4.844940 11.065121 1
7.896533 8.247424 4.900988 1
6.950410 3.145571 1.382372 1
1.197128 2.040611 7.521596 1
2.141990 7.109420 11.275958 1
9.633115 7.384871 3.627895 1
5.080045 2.281913 2.541516 1
-0.538461 2.881640 8.929965 1
3.926706 7.880420 9.935992 1
0.571575 8.716742 2.161455 1
3.965561 3.697684 4.176713 1
8.430935 1.437270 10.412133 1
5.171656 6.531595 8.530259 1
