5.989348 5.963440 5.496726 35
8.203776 12.883334 4.627011 35
8.489851 3.791551 0.727871 15
5.628536 10.753116 9.539554 15
0.338961 1.841499 4.976605 35
13.801852 8.753287 5.124925 35
13.709638 13.127415 9.443709 15
0.520296 6.150346 0.651398 15
5.102535 3.185883 8.399777 7
8.988939 10.115794 1.577273 7
3.979198 13.418558 1.844791 8
10.198903 6.357697 8.260767 8
13.214620 11.670034 9.898685 8
0.926358 4.672198 0.153507 8
8.745396 5.146099 0.179890 8
5.291535 12.042076 10.036340 8
2.310475 3.187291 8.424269 8
11.783384 10.036177 1.672309 8
4.424539 3.276492 9.598228 6
9.765612 10.233364 0.549946 6
9.043724 3.787286 2.454091 6
5.076050 10.817563 7.741492 6
14.471002 0.483000 0.251706 6
-0.282227 7.404461 9.846449 6
2.888340 3.332134 9.683318 6
11.291615 10.293054 0.376981 6
2.283358 13.433349 9.590631 6
11.804185 6.523344 0.560016 6
6.198864 4.323892 6.615362 6
8.114341 11.403648 3.590900 6
6.754873 3.471990 0.708551 6
7.406151 10.505034 9.435193 6
9.290080 2.642306 3.103936 6
4.884582 9.607302 7.044089 6
6.184283 3.677766 1.934818 6
8.061592 10.467186 8.147145 6
1.181721 13.195598 1.735225 7
13.059586 6.203117 8.306403 7
4.714444 3.485763 2.025763 6
9.436946 10.523324 8.260938 6
4.980602 4.457255 7.620949 6
9.092532 11.448364 2.472695 6
9.410382 4.898770 3.027723 6
4.819400 11.947374 7.133653 6
4.947954 2.012701 7.677308 6
9.199604 9.030743 2.501825 6
1.045446 11.963959 2.488427 6
13.032428 4.904049 7.755662 6
8.866223 2.871329 9.247433 6
5.233794 9.879633 0.932903 6
-0.498175 13.434285 9.501836 6
14.691459 6.431419 0.652764 6
0.214029 13.494677 8.224166 6
13.816551 6.411840 1.846293 6
13.360371 13.893098 0.850565 6
0.778654 7.100579 9.184835 6
1.909794 13.233879 0.612218 6
12.267574 6.415873 9.602211 6
12.546993 0.988215 1.647946 6
1.584331 7.897873 8.408678 6
7.620639 2.530282 10.055347 6
6.517630 9.513811 0.256458 6
14.918179 1.716046 0.526441 6
-0.839232 8.766870 9.700822 6
6.045873 1.985098 6.621976 6
8.023995 8.848934 3.560348 6
3.307236 13.368768 0.645824 6
10.927602 6.367836 9.469939 6
5.262163 13.802503 2.011728 6
9.000057 6.780774 8.178029 6
1.560635 13.364897 8.262101 6
12.544705 6.393701 1.716915 6
9.117451 0.627152 8.615333 6
5.040069 7.577270 1.438429 6
3.899717 3.358615 0.785088 6
10.051936 10.356550 9.332182 6
9.675372 2.558914 4.396744 6
4.533790 9.614102 5.677427 6
0.055906 0.381112 3.652402 6
14.034234 7.428355 6.495523 6
13.110350 0.679597 7.090112 6
0.987139 7.626591 2.918582 6
5.926109 3.259279 5.795549 6
8.116322 10.203792 4.354506 6
0.887985 2.954589 8.457905 6
13.249501 9.828932 1.627507 6
0.186398 12.963034 4.385237 6
13.973453 5.964018 5.576929 6
7.303122 1.231703 9.895873 6
6.912557 8.150054 0.031197 6
8.125330 0.318944 9.233910 6
6.120823 7.240415 0.811018 6
9.532717 1.879579 8.603457 6
4.547651 8.916320 1.508753 6
1.216894 0.392325 2.730301 6
12.901771 7.354477 7.419431 6
9.938203 3.907293 5.163815 6
4.340362 10.875475 5.050928 6
-0.055649 11.831388 3.456119 6
14.092265 4.937182 6.594189 6
14.225614 2.684187 1.107739 6
-0.131845 9.536442 9.060557 6
13.174841 13.436281 7.781648 6
0.947499 6.334311 2.425867 6
9.697017 4.967518 4.366996 6
4.327623 11.894530 5.820272 6
13.052879 2.373383 1.835943 6
1.026228 9.312802 8.423084 6
12.648695 0.892299 5.816663 6
1.578557 7.727837 4.245269 6
12.159964 12.462726 5.805868 6
2.008009 5.415760 4.469251 6
12.657398 12.197193 7.055508 6
1.489709 5.330342 3.115425 6
12.271813 13.621457 5.228246 6
1.912274 6.717319 4.942093 6
