1.050829 6.020035 14.942249 34
0.238196 1.462386 10.148865 34
9.025799 3.223116 10.134021 34
9.669876 7.721734 14.751453 34
-1.217714 8.459935 14.101927 34
2.439773 4.031532 10.820642 34
11.149936 0.670283 10.834915 34
7.551196 5.343657 14.107323 34
-1.678010 7.355207 17.345965 34
2.820967 2.664973 7.593612 34
11.658175 1.932235 7.521743 34
7.062664 6.685324 17.338572 34
-1.113420 6.832698 20.783416 34
2.257826 2.267487 4.192028 34
10.947819 2.350611 4.267466 34
7.533752 7.076090 20.721752 34
0.945300 7.170623 23.458396 34
0.127455 2.311292 1.376893 34
8.845520 2.239369 1.515673 34
9.677708 6.821433 23.574451 34
2.394286 5.466667 20.723975 34
16.056745 0.803867 4.085381 34
7.410100 3.658625 4.248295 34
-6.123068 8.390040 20.826648 34
2.756337 5.668986 17.442522 34
-1.702823 0.919168 7.428195 34
7.083126 3.548617 7.515533 34
11.544240 8.262652 17.413586 34
-3.929420 2.330814 14.025997 34
5.040937 6.938889 11.032585 34
13.802058 6.919777 11.071558 34
4.744789 2.325985 13.957500 34
11.063350 3.026128 16.301646 34
7.665499 7.553892 8.672222 34
-1.134177 6.259979 8.636453 34
2.386103 1.627400 16.162767 34
-5.834758 3.690920 19.643925 34
6.906469 8.152266 5.372064 34
15.610808 5.562403 5.456145 34
2.931551 1.186582 19.505610 34
-3.920284 3.021297 22.384776 34
5.233341 7.379875 2.577578 34
13.811542 6.224408 2.559181 34
4.729562 1.834686 22.382496 34
-2.107323 0.407301 23.314451 34
3.064380 4.819255 1.792461 34
11.924451 8.794476 1.697403 34
6.694245 4.355695 23.283212 34
-1.252567 1.735105 20.200917 34
2.444447 6.324818 4.919377 34
11.092348 7.458554 4.764784 34
7.544867 3.121961 20.212231 34
-2.095083 2.619165 16.931712 34
3.313301 7.170327 8.165835 34
11.945114 6.767610 8.184129 34
6.587802 2.245154 16.924008 34
0.744850 6.798234 13.089996 6
0.496364 2.167729 11.754945 6
9.155714 2.464382 11.920468 6
9.538274 7.145157 13.105312 6
-0.106942 7.754065 12.819212 6
1.266711 3.148504 12.077726 6
10.022403 1.653040 12.198838 6
8.544557 6.101070 12.862828 6
-2.226401 7.010492 14.637454 6
3.531887 2.374518 10.263665 6
12.240826 2.261313 10.430248 6
6.457703 6.835157 14.536891 6
-2.481218 6.633475 15.909989 6
3.681309 1.956318 9.069513 6
12.334300 2.717487 9.210001 6
6.209657 7.258895 15.759292 6
-2.844478 6.142265 18.486244 6
3.880153 1.553270 6.368750 6
12.666724 3.000675 6.402590 6
5.941235 7.605603 18.597761 6
-2.670222 6.077745 19.768865 6
3.803772 1.499571 5.228049 6
12.506234 3.132477 5.139964 6
6.095868 7.926408 19.731829 6
-1.104600 5.728024 22.190039 6
2.254614 0.984051 2.790155 6
11.001928 3.660626 2.886318 6
7.665310 8.276004 22.151798 6
-0.169329 5.667586 23.190823 6
1.210908 1.005216 1.868305 6
9.968910 3.603965 1.687956 6
8.615427 8.379247 23.122416 6
2.746574 6.096484 23.510761 6
15.788735 1.344657 1.471253 6
7.253245 3.175523 1.537550 6
-5.901241 7.910247 23.523047 6
3.299220 5.711526 22.438230 6
15.330808 1.036602 2.497079 6
6.589098 3.572608 2.437752 6
-5.406628 8.264769 22.449183 6
4.038449 4.719676 19.838390 6
14.700673 0.089244 5.111725 6
5.957985 4.525313 5.143485 6
-4.705386 9.243869 19.825255 6
4.108914 4.689659 18.509193 6
14.471136 0.167067 6.347453 6
5.897627 4.519749 6.486860 6
-4.663816 9.064300 18.481936 6
3.350081 5.187899 15.872865 6
-2.319785 0.542265 9.100023 6
6.409417 4.162902 9.206516 6
12.167257 8.723331 15.729021 6
2.687078 5.434633 14.667474 6
-1.662090 0.946634 10.173512 6
7.186334 3.751255 10.209884 6
11.500913 8.430811 14.683230 6
12.744593 4.075717 14.194367 6
6.055585 8.681988 10.753941 6
-2.686350 5.196709 10.851493 6
3.868099 0.637519 14.208855 6
11.713820 4.248678 14.914303 6
6.977023 8.790926 9.930331 6
-1.819143 4.898328 10.033797 6
2.865269 0.477260 15.008163 6
10.115924 4.506298 17.234547 6
8.529750 8.839319 7.707149 6
-0.359924 4.945651 7.756414 6
1.449943 0.379770 17.240550 6
10.429707 4.641589 18.633787 6
8.246581 9.041654 6.401959 6
-0.584564 4.663964 6.491856 6
1.664063 0.249671 18.605092 6
-6.237727 4.524696 21.236705 6
7.441519 8.999222 3.786436 6
16.098439 4.931923 3.627032 6
2.464998 0.410000 21.242445 6
-5.457410 4.169973 22.365901 6
6.737613 8.516276 2.561249 6
15.382915 5.151856 2.607886 6
3.126572 0.736187 22.404233 6
-4.069220 2.275658 24.114041 6
5.089663 6.879069 0.862054 6
13.842227 6.925837 0.892512 6
4.797502 2.439026 23.992811 6
-3.199722 1.315515 24.417791 6
4.339698 5.794187 0.470593 6
13.118347 7.930606 0.467780 6
5.530382 3.543172 24.444451 6
-0.706266 1.735360 23.041416 6
1.875853 6.162594 2.075938 6
10.602835 7.538371 1.956976 6
7.989711 3.216960 22.864546 6
-0.429808 2.167374 21.843440 6
1.523632 6.700327 3.280553 6
10.287781 7.088557 3.252473 6
8.437907 2.623642 21.786993 6
-0.391900 2.970442 19.154074 6
1.505715 7.490212 5.824000 6
10.333824 6.285259 5.910259 6
8.328350 1.740654 19.196446 6
-0.595598 3.334778 17.829684 6
1.831489 7.896589 7.074686 6
10.559268 5.920371 7.171646 6
8.062871 1.461710 17.893434 6
-1.481271 3.149964 15.244175 6
2.657554 7.655467 9.707435 6
11.414896 6.145348 9.666893 6
7.183377 1.564635 15.145675 6
-2.202300 3.022596 14.148016 6
3.237296 7.578855 10.889947 6
12.062712 6.189997 10.854525 6
6.544890 1.537394 14.121889 6
1.304078 6.468399 12.451718 1
-0.218520 1.749998 12.607847 1
8.608928 2.848949 12.621131 1
9.940574 7.514719 12.370954 1
-0.213003 8.068121 11.935612 1
1.324084 3.345588 12.982645 1
10.098504 1.281279 13.084049 1
8.423447 5.805580 11.969304 1
-2.657796 6.464606 13.821831 1
3.885805 1.931611 11.144893 1
12.527244 2.791349 10.966344 1
6.072494 7.385682 13.886383 1
-3.087492 5.699520 15.954187 1
4.139749 1.229113 8.982234 1
12.889128 3.500271 9.070875 1
5.609156 8.031836 15.804244 1
-3.528644 5.779053 18.172179 1
4.663694 1.003668 6.846207 1
13.464040 3.533463 6.857926 1
5.328112 8.177275 18.198545 1
-3.187934 5.639658 20.363382 1
4.378154 0.921081 4.740481 1
13.177941 3.645169 4.641560 1
5.492292 8.469483 20.391873 1
-1.671928 4.834121 21.974509 1
2.722189 0.280438 2.867864 1
11.563964 4.337985 2.876140 1
7.197109 8.979569 21.990996 1
-0.037256 4.903749 23.737139 1
1.105243 0.189014 1.219067 1
9.907829 4.282657 1.103981 1
8.799493 8.973951 23.709736 1
4.651435 4.394770 20.296518 1
13.971564 8.870698 4.521480 1
5.182398 4.947102 4.665180 1
-4.258490 0.487593 20.345946 1
4.839577 4.350003 18.041823 1
13.929625 8.869754 6.770562 1
5.146401 4.978448 6.895408 1
-4.004053 0.470155 17.997638 1
4.283793 4.817268 15.752359 1
14.358218 0.206472 9.208619 1
5.542151 4.456354 9.287267 1
-4.349407 9.052292 15.782777 1
3.126489 5.459174 13.798978 1
-2.123921 0.928289 11.116498 1
6.695241 3.776484 11.167570 1
11.981003 8.354028 13.783404 1
12.953306 4.673307 13.494158 1
5.637144 0.235025 11.415033 1
-3.162246 4.454989 11.362589 1
4.237626 9.102345 13.481736 1
11.343756 5.070943 14.910531 1
7.329026 0.638649 9.968990 1
-1.357709 4.178160 10.002996 1
2.694857 8.777759 14.922591 1
9.618000 4.923509 16.775299 1
9.040499 0.341612 8.070870 1
0.294943 4.297201 8.126880 1
0.951259 8.892787 16.797036 1
9.891664 5.261161 19.096636 1
8.727575 0.683147 6.010768 1
0.017934 3.898318 5.996260 1
1.293891 8.633819 19.044476 1
10.625682 5.156404 21.218695 1
8.005560 0.338103 3.673566 1
-0.695514 4.231971 3.540991 1
1.956106 8.847524 21.264656 1
-5.918387 4.395611 23.197598 1
7.166946 8.929507 1.679252 1
15.666816 4.824669 1.779336 1
2.766059 0.291611 23.266628 1
-4.654034 2.746162 24.613211 1
5.717372 7.100447 0.342100 1
14.404350 6.567816 0.195186 1
4.093759 2.178573 24.769283 1
4.567346 1.091695 0.366813 1
-3.384426 5.630763 24.589016 1
5.401648 8.259740 24.531273 1
13.280024 3.580259 0.408579 1
-0.262155 2.035384 23.673336 1
1.359628 6.431399 1.319505 1
10.104099 7.159041 1.324805 1
8.472079 2.819931 23.711276 1
0.442157 2.666230 21.667405 1
0.806006 7.273464 3.323628 1
9.612408 6.557627 3.336056 1
9.109446 2.135400 21.691578 1
0.376782 3.499965 19.483209 1
0.876489 7.959893 5.499459 1
9.543564 5.830856 5.438147 1
9.004878 1.333173 19.614897 1
0.043504 3.887645 17.513191 1
1.277767 8.537196 7.523955 1
9.884918 5.359508 7.570454 1
8.684348 0.853273 17.528338 1
-0.700074 3.672839 15.276419 1
1.810076 8.074486 9.773046 1
10.421773 5.701530 9.705540 1
8.017856 1.246516 15.152432 1
-1.826443 3.484248 13.252502 1
2.867149 8.006252 11.596447 1
11.542793 5.764332 11.762139 1
6.915689 1.385582 13.330271 1
3.132323 5.920857 24.294417 1
15.520612 1.412993 0.678589 1
6.796568 3.242537 0.691234 1
-5.603243 7.920416 24.297244 1
4.218598 5.228530 22.557881 1
14.521547 0.628940 2.391233 1
5.765706 3.937939 2.394270 1
-4.471515 8.714060 22.545477 1
