8.314221 1.822561 1.673537 31
-0.849850 5.237228 7.553893 31
5.014568 1.690084 0.805366 17
2.420118 5.339248 8.551652 17
1.534638 1.699814 0.865242 17
6.060612 5.272397 8.279309 17
7.715412 6.962005 2.600507 17
-0.263935 3.610124 6.664091 17
-0.208013 0.006659 6.531816 17
7.692017 3.498722 2.670075 17
6.009883 1.854315 9.026820 8
1.389503 5.378190 0.054614 8
3.533166 1.685424 3.418299 9
3.923306 5.323429 5.907750 9
4.350623 1.759790 7.356248 6
3.131625 5.401321 1.798494 6
3.120689 1.822907 7.052078 6
4.318849 5.380810 2.207053 6
2.839341 1.777402 5.600015 6
4.729221 5.352889 3.693995 6
3.771569 1.790591 4.636348 6
3.732430 5.303758 4.451014 6
5.131107 1.747589 5.168119 6
2.304835 5.267594 4.153696 6
5.539765 1.757897 6.444260 6
1.936356 5.318232 2.778918 6
4.817098 1.668711 8.858301 6
2.682431 5.295810 0.402354 6
2.439447 1.865848 7.442613 1
4.970433 5.282061 1.756907 1
1.908308 1.735980 5.377782 1
5.626558 5.208399 3.935811 1
5.740160 1.741988 4.452292 1
1.723018 5.325833 4.729751 1
6.384569 1.833176 6.800836 1
1.038474 5.367508 2.433781 1
