8.469263 1.817759 5.129893 35
1.101717 5.312367 9.091817 35
5.404059 1.707427 5.382311 16
4.240344 5.265900 8.612817 16
2.991979 1.812403 6.366255 8
6.519166 5.378544 7.791672 8
5.067816 1.744618 2.934441 7
4.538098 5.314850 11.159128 7
3.014978 1.751578 4.042959 7
6.557884 5.333312 9.999561 7
4.265831 1.709423 4.103044 6
5.232380 5.302916 9.958967 6
6.422906 1.724264 3.090312 6
3.104298 5.249313 10.980337 6
7.017272 1.849246 2.438427 1
2.551938 5.268458 11.631445 1
6.716879 1.850114 4.406783 6
2.768036 5.364052 9.792586 6
2.410040 1.696714 5.394117 6
7.270562 5.416995 8.749326 6
0.890505 1.747856 5.340056 6
8.708843 5.252131 8.890096 6
0.466715 0.562774 4.484840 6
9.171297 4.228356 9.535762 6
9.291078 6.426165 9.575517 6
0.334752 3.042102 4.518703 6
-0.547108 0.656546 4.497551 1
10.249910 4.173275 9.579647 1
10.241228 6.440584 9.670764 1
-0.533649 3.033816 4.597883 1
0.806036 7.026019 5.087687 1
8.840552 3.339354 9.090979 1
8.947796 0.256458 9.039453 1
0.656070 3.693996 5.008212 1
0.776957 0.709016 3.689625 1
8.759006 4.196628 10.428180 1
8.847149 6.527319 10.516574 1
0.861906 2.949585 3.687470 1
0.332764 1.811825 6.540963 6
9.300301 5.352972 7.485934 6
-0.554909 1.686705 6.648973 1
10.310857 5.394281 7.455742 1
0.518419 0.898130 7.106312 1
9.056978 4.633069 7.003955 1
8.953002 6.034615 7.007526 1
0.706713 2.493429 7.205382 1
4.374967 1.749840 1.551944 6
5.105733 5.323886 12.489683 6
3.574452 1.858199 1.675171 1
6.088892 5.382881 12.426407 1
4.778191 1.063634 1.176567 1
4.990327 4.635011 12.903328 1
4.997709 6.174388 12.881158 1
4.666477 2.605902 1.218423 1
0.463702 1.735483 10.548830 35
9.313694 5.283453 3.499790 35
3.093804 1.878536 12.148266 16
6.474137 5.242639 1.803788 16
4.895070 1.808586 13.958198 8
4.730605 5.421450 0.195455 8
4.403087 1.838502 9.985338 7
5.161709 5.298650 4.164957 7
5.824486 1.800389 11.882766 7
3.731581 5.305373 2.297978 7
4.553903 1.866194 11.424067 6
4.957274 5.344925 2.728598 6
3.013970 1.792749 9.619626 6
6.446269 5.250722 4.467607 6
2.833616 1.797279 8.776987 1
6.857366 5.252990 5.378610 1
2.224710 1.738833 10.619062 6
7.281473 5.331063 3.445833 6
5.933077 1.739906 13.182557 6
3.766695 5.411950 0.947614 6
7.377142 1.755319 13.900429 6
2.284103 5.251439 0.387582 6
9.834925 0.553182 0.705654 6
-0.295815 4.251594 13.562998 6
-0.213145 6.497355 13.429660 6
9.744735 2.844075 0.682715 6
10.765587 0.577749 0.930051 1
-1.079100 4.269789 13.202155 1
-1.014062 6.395980 13.114679 1
10.771829 3.025012 1.065635 1
9.706022 6.856413 0.127399 1
-0.113899 3.389447 13.893037 1
-0.055333 0.175128 14.043100 1
9.598029 3.833309 0.125432 1
9.261937 0.834765 1.331531 1
0.425177 4.312563 12.861509 1
0.344464 6.458851 12.681096 1
9.247185 2.791410 1.368125 1
8.359889 1.852943 12.798009 6
1.299574 5.370421 1.366124 6
9.163654 1.777170 13.342707 1
0.489548 5.291786 0.868898 1
8.305548 1.021868 12.282207 1
1.240572 4.527581 1.744765 1
1.317799 6.058940 1.832130 1
8.342105 2.629548 12.296012 1
5.438491 1.779038 9.189458 6
4.057408 5.366476 5.103621 6
6.411113 1.813678 9.556576 1
3.316236 5.418503 4.595139 1
5.425972 1.023223 8.602883 1
4.048713 4.607123 5.563908 1
4.236951 6.186443 5.625720 1
5.409718 2.587798 8.569132 1
