14.471600 1.714250 1.740586 16
7.121030 7.826002 1.644219 16
14.058493 10.423853 5.137498 16
6.654292 4.464679 5.270829 16
13.480167 11.402969 1.541138 7
0.922747 11.431853 1.999382 7
6.086323 5.272509 1.526971 7
8.291609 5.377595 1.879161 7
0.399320 0.774343 5.356513 7
13.006543 0.824150 4.942147 7
7.818126 6.771056 5.480816 7
5.643000 6.793752 4.941921 7
13.783259 10.248192 1.569549 7
0.392698 10.214567 1.832623 7
6.533568 4.095925 1.528913 7
7.743011 4.042660 1.844921 7
-0.026150 1.916956 5.413375 7
13.500914 2.045650 4.981835 7
7.320311 7.986917 5.406969 7
6.061497 8.052213 5.103194 7
13.094084 8.989445 1.313044 6
1.293426 9.128931 2.254514 6
5.698297 3.064261 1.392511 6
8.608240 3.026584 2.163275 6
0.706912 3.102636 5.592498 6
12.627600 3.036973 4.832985 6
8.212202 9.134707 5.595734 6
5.253240 9.221687 4.737725 6
13.510870 8.001617 0.482842 6
0.707752 8.094025 3.050994 6
6.215233 1.919452 0.469570 6
8.086316 2.028091 2.999151 6
0.341180 4.189545 6.552624 6
13.008542 4.054193 3.916423 6
7.646273 10.183983 6.547338 6
5.790021 10.181034 3.961196 6
14.352812 8.231956 0.097595 1
-0.125256 8.104886 3.308263 1
7.004095 2.055529 0.032637 1
7.321558 1.951228 3.303480 1
-0.548526 4.018809 6.894098 1
13.946005 4.019070 3.477638 1
6.816024 10.127271 6.858291 1
6.538749 10.093008 3.503404 1
12.691696 7.016084 0.118813 6
1.586551 6.992805 3.373906 6
5.297930 0.847682 0.260551 6
9.043031 0.853672 3.287280 6
1.206625 5.135206 6.668607 6
12.231177 5.227607 3.693558 6
8.559067 11.359378 6.679676 6
4.833036 11.184869 3.624138 6
12.067875 6.389246 6.502541 1
1.265423 6.273333 3.859012 1
4.691260 0.157433 6.609422 1
8.695183 0.180940 3.836105 1
1.790032 5.896097 0.330678 1
12.627187 5.864616 3.034663 1
9.221686 11.900533 0.384099 1
5.121285 11.978415 3.151656 1
11.327510 7.004824 0.580158 6
2.960748 7.036813 2.849128 6
4.045249 0.811088 0.754482 6
10.219761 0.878451 2.778974 6
2.383196 5.126205 6.201097 6
10.960165 5.241415 4.172905 6
9.859875 11.311462 6.246199 6
3.500386 11.287726 4.064722 6
10.775804 6.377394 0.485286 1
3.426417 6.288963 3.074569 1
3.541017 0.221470 0.426945 1
10.848194 0.269181 3.080287 1
3.030721 5.922366 6.535282 1
10.337248 5.911419 3.888923 1
10.300902 12.005763 6.571274 1
3.130482 12.050296 3.828511 1
10.961236 7.917309 1.579675 6
3.409282 8.012330 2.041942 6
3.513324 1.992421 1.461799 6
10.768834 1.970520 1.951280 6
2.842229 4.155890 5.377022 6
10.464311 4.187926 4.901778 6
10.227451 10.334040 5.441358 6
3.087760 10.329206 5.020997 6
10.053302 7.953162 1.834249 1
4.235349 8.008955 1.728773 1
2.806086 1.808595 1.851486 1
11.683756 1.804109 1.600489 1
3.707952 4.294452 5.035653 1
9.646015 4.252096 5.212357 1
11.207544 10.418134 5.019351 1
2.363039 10.392592 5.346248 1
11.736963 9.087939 1.880264 6
2.529698 8.960670 1.603785 6
4.450040 2.966575 1.887424 6
9.877437 3.043680 1.696447 6
2.045208 3.067230 5.104946 6
11.369688 3.174900 5.263221 6
9.453941 9.210530 5.014319 6
3.903832 9.191565 5.315352 6
11.418563 9.809939 2.438758 1
2.756513 9.649837 0.990557 1
4.044659 3.675861 2.349458 1
10.197983 3.542602 1.053503 1
2.398239 2.384714 4.581727 1
11.067311 2.572106 5.827222 1
9.706423 8.584889 4.570030 1
3.598833 8.660417 5.967049 1
-0.160687 12.176468 1.663173 6
7.075512 6.043521 1.733515 6
-0.622027 12.189374 5.146859 6
6.671674 6.119308 5.207897 6
