4.932926 1.643749 0.599707 7
-0.627446 2.733593 12.214827 7
2.864643 2.773925 0.705561 8
1.430296 1.607135 12.040590 8
4.070349 -2.921629 11.463104 8
0.042000 7.407607 1.213040 8
3.461049 1.877318 5.624745 8
0.745691 2.663799 6.978066 8
3.754460 1.977695 1.135380 6
0.454929 2.396947 11.564977 6
5.636332 0.868568 1.323815 6
-1.523853 3.609455 11.213806 6
6.840087 0.274232 1.224473 6
-2.741641 4.291617 11.441777 6
7.244443 0.250676 0.374695 1
-3.133473 4.285697 12.428741 1
7.337880 -0.633320 2.231420 6
-3.256608 4.997863 10.491893 6
6.098127 8.160281 2.117249 1
-1.874289 -3.654727 10.548459 1
6.798507 -0.665626 3.490550 6
-2.504363 5.115878 9.292520 6
7.266918 -1.085838 4.074386 1
-3.044613 5.560112 8.607559 1
5.483572 0.024238 3.686726 6
-1.398239 4.447548 9.102974 6
5.069614 -0.071895 4.483832 1
-0.992827 4.377809 8.239200 1
5.098895 0.648799 2.623328 6
-0.810076 3.756462 10.112607 6
3.806381 1.455329 2.523698 6
0.447133 2.960211 10.175605 6
2.697497 1.561683 3.544031 6
1.465577 2.805338 9.114157 6
2.959180 1.137495 4.996543 6
1.225887 3.260146 7.760453 6
2.151949 -0.085750 5.212776 6
2.043119 4.491813 7.482095 6
1.861543 -0.952390 4.276818 6
2.458053 5.419348 8.338205 6
1.858186 -0.738481 3.322718 1
2.212245 5.118904 9.186846 1
-0.881800 6.990362 4.570862 6
4.938482 -2.470917 8.012450 6
-1.061569 6.371934 3.979975 1
5.188842 -1.890839 8.729317 1
-0.997829 6.656156 5.902582 6
5.179227 -2.225794 6.784211 6
-1.510769 5.833454 6.269241 1
5.530381 -1.364322 6.556915 1
1.383234 -1.710078 6.966681 6
2.813969 6.133624 5.646047 6
1.402153 -1.819376 7.893487 1
2.887998 6.350859 4.796013 1
2.169282 -0.504342 6.554623 6
2.015718 4.967083 6.068063 6
2.429881 0.210491 7.357595 1
1.794858 4.374297 5.427556 1
1.569778 2.308985 3.195679 6
2.588642 2.135302 9.423918 6
0.462705 2.753010 3.265563 6
3.727193 1.699733 9.555301 6
-0.739857 3.453415 3.172314 6
4.937613 1.033647 9.554253 6
-1.327328 4.067948 1.968906 6
5.569995 0.344702 10.593150 6
-0.846718 4.141801 1.278883 1
4.996301 0.420484 11.471991 1
6.011676 4.554985 2.025437 6
-1.910694 -0.212248 10.644897 6
5.675305 5.092324 1.224759 1
-1.619846 -0.565059 11.448695 1
5.228480 4.439537 2.973951 6
-0.975560 -0.087614 9.597965 6
4.351167 4.820788 2.946131 1
-0.093360 -0.389394 9.694500 1
5.639512 3.925142 4.209236 6
-1.470398 0.561969 8.390877 6
5.102237 3.810300 4.906587 1
-0.840511 0.433482 7.717604 1
-1.575588 3.392190 4.240750 6
5.926726 1.103965 8.484687 6
-1.300905 2.884158 4.936669 1
5.541491 1.445743 7.630311 1
2.917163 -2.665230 11.850524 6
1.137052 7.017310 0.725815 6
1.998944 -1.682586 11.127116 6
2.140419 6.094083 1.636594 6
1.214879 -2.127736 10.935722 1
2.970309 6.565397 1.724459 1
2.529177 -1.661813 10.216455 1
1.648296 5.995829 2.368323 1
1.930466 -0.851334 11.511942 1
2.277323 5.416303 1.108977 1
