1.491108 12.555841 3.976647 8
5.030688 2.528586 3.149708 8
4.172863 7.386983 10.110314 8
0.591302 17.135899 11.148145 8
4.647159 14.114997 3.289057 8
2.092820 4.291537 3.800836 8
1.293840 5.528767 10.710253 8
3.775795 15.589301 10.421859 8
4.173508 11.923820 3.390983 8
2.593217 2.144284 3.645513 8
1.655335 7.764217 10.838117 8
3.350984 17.767876 10.515767 8
2.681092 15.846754 7.527766 8
2.319214 5.947611 13.600015 8
3.134452 3.825822 6.700828 8
3.397303 13.794711 0.408338 8
2.242003 17.152551 4.442512 8
4.389441 7.285646 2.587512 8
3.687364 2.698835 9.648630 8
1.422731 12.499917 11.478736 8
1.860493 16.137815 2.490907 8
4.917653 6.303810 4.605997 8
3.922924 3.523912 11.777270 8
0.893578 13.449998 9.554667 8
0.359336 6.863630 6.840392 6
6.246379 16.796315 0.335292 6
5.414527 12.959660 7.249162 6
-0.505867 3.050611 13.855646 6
-0.461905 6.697752 6.580851 1
7.046069 16.587195 0.571882 1
6.217437 13.224760 7.641870 1
-1.444026 3.340928 13.622124 1
0.368788 6.656170 7.759893 1
4.432971 16.526377 13.461242 1
5.289286 12.994606 6.266296 1
1.349248 3.105653 0.801456 1
0.993521 6.183286 6.322966 1
5.685198 16.064730 0.575736 1
4.858456 13.567046 7.674538 1
0.155187 3.701155 13.458759 1
0.693529 8.230033 6.375297 6
5.987466 18.194849 0.563332 6
5.037959 11.534276 7.729714 6
-0.111944 1.730760 13.523574 6
0.877299 9.225001 7.412804 6
4.079825 19.193727 13.793395 6
4.867565 10.641073 6.769689 6
1.747677 0.639748 0.331566 6
0.674083 9.103162 8.274477 1
4.220706 18.997470 13.023056 1
5.128535 10.821515 5.888276 1
1.520033 0.977371 1.282201 1
1.169972 10.572733 7.090741 6
3.848869 0.720745 14.137442 6
4.679657 9.200505 7.163462 6
0.338953 19.160592 14.126129 6
1.143262 11.139356 7.625078 1
3.688021 1.357782 13.507792 1
4.588948 8.576130 6.387508 1
2.044834 18.562330 0.588288 1
1.288256 10.936683 5.712385 6
5.364440 1.038178 1.417456 6
4.540817 8.959501 8.473163 6
0.544711 18.893084 12.723983 6
1.305886 9.966913 4.780043 6
5.396127 19.796113 2.398972 6
4.484730 9.995799 9.379710 6
0.307321 0.074972 11.839719 6
1.291742 10.061691 3.930586 1
5.351650 0.135784 3.238665 1
4.493976 9.790286 10.324993 1
0.519266 19.643852 10.891061 1
0.993071 8.514247 5.214263 6
5.728836 18.508755 1.848079 6
4.932629 11.144920 8.934185 6
0.089290 1.408964 12.176031 6
0.894506 7.883788 4.487179 1
5.814283 17.810458 2.677123 1
4.989395 11.842339 9.747029 1
0.091075 1.898628 11.640989 1
1.670838 12.331295 5.425522 6
5.000530 2.351698 1.802734 6
4.074883 7.449148 8.814345 6
0.817644 17.482308 12.380997 6
1.945921 13.347699 6.248972 6
4.739653 3.327844 0.886145 6
3.861550 6.519852 8.066456 6
0.994816 16.458070 13.237474 6
2.038858 13.202444 7.088990 1
2.818152 3.291846 14.106005 1
3.667410 6.645117 7.165752 1
2.920550 16.533368 0.078536 1
1.995429 14.630765 5.598651 6
4.735886 4.762385 1.450460 6
3.895482 5.222572 8.473706 6
1.047194 15.051568 12.735580 6
2.070324 14.832908 4.342569 6
4.519311 4.932264 2.779757 6
3.696978 4.989947 9.870695 6
1.155577 14.952271 11.500399 6
2.227095 13.591418 3.443020 6
4.350987 3.768734 3.474595 6
3.409355 6.129977 10.626541 6
1.499349 16.101250 10.578924 6
1.979606 13.909689 2.647388 1
4.532794 3.841712 4.439687 1
3.785706 6.031751 11.473466 1
1.245331 15.838528 9.602086 1
1.772528 15.755015 6.790631 6
4.780223 5.845697 0.440285 6
4.115226 4.029994 7.396721 6
0.955429 14.028524 13.733489 6
0.379023 16.412366 6.807534 6
6.182406 6.644060 0.308729 6
5.285674 3.358088 7.314519 6
-0.444378 13.154663 13.957924 6
0.409629 17.555494 7.571221 6
4.641134 7.644813 13.598679 6
5.408200 2.172638 6.497771 6
1.126756 12.120986 0.651769 6
0.963021 17.885321 8.264954 1
3.956564 7.961989 12.970394 1
4.693443 1.972857 5.890557 1
1.864833 12.011337 1.227119 1
-0.825858 18.280311 7.812702 6
5.821454 8.391646 13.384225 6
-0.740907 1.613379 6.486261 6
0.073637 11.435553 0.750463 6
-0.858065 18.914950 8.428549 1
5.783927 8.974540 12.816907 1
6.619097 0.953526 5.795229 1
7.295991 10.715724 1.349607 1
5.533898 17.989344 7.013046 6
1.145194 8.089572 0.132951 6
0.250962 1.904847 7.208541 6
4.726602 11.744460 13.958337 6
5.562530 16.764514 6.141680 6
0.886943 6.989818 0.985567 6
0.038656 2.968549 8.148342 6
4.797765 12.964435 13.234476 6
4.931767 16.621184 5.584999 1
1.764893 6.658404 1.462049 1
0.834175 3.221050 8.605099 1
4.047018 13.217752 12.732032 1
6.747896 16.124746 6.011153 6
-0.127621 6.273616 1.108796 6
6.444982 3.682179 8.083087 6
-1.479238 13.529405 13.133479 6
-0.650659 15.455364 5.518439 1
7.227204 5.464542 1.660542 1
6.275732 4.495245 8.690984 1
-1.317748 14.404452 12.399822 1
4.120011 18.596672 6.972534 6
2.307325 8.843152 0.034569 6
1.560293 1.101033 7.021831 6
5.023108 11.082345 0.016296 6
4.281426 19.420597 7.705951 1
0.665132 9.430365 13.530629 1
1.455097 0.483972 6.484565 1
5.223940 10.421268 0.654636 1
3.583161 18.123837 7.354484 1
1.517954 8.262192 13.929813 1
2.320422 1.676801 6.717591 1
4.270147 11.657034 0.245514 1
4.026894 18.955568 6.137601 1
2.624945 9.077713 0.901579 1
1.720262 0.769755 8.042003 1
3.177671 10.627414 13.194804 1
3.521971 18.216298 6.411348 1
3.088794 8.471596 0.643062 1
2.119935 1.584882 7.611401 1
2.702573 11.521701 13.465849 1
4.376034 19.551439 6.823306 1
2.183187 9.626989 0.239599 1
1.419569 0.185165 7.266437 1
3.607363 10.150745 13.838159 1
3.967740 18.691476 7.996960 1
1.125442 8.707320 13.256858 1
1.951746 1.134318 6.259017 1
4.676879 11.151327 0.804146 1
3.690125 13.111613 3.459738 6
2.898514 3.210896 3.731383 6
1.927816 6.617583 10.755388 6
2.952620 16.639187 10.589753 6
5.906401 13.855369 3.101116 6
0.667825 4.002290 3.963166 6
-0.251716 5.919118 11.076652 6
5.023495 15.737028 10.104165 6
6.234478 13.230211 3.629062 1
0.254558 3.394831 3.466983 1
-0.584563 6.597986 10.545397 1
5.539616 16.352089 10.626080 1
6.405081 14.656037 3.029779 1
0.082346 4.906429 4.087781 1
-0.675383 5.032614 11.016688 1
5.542149 15.035246 10.063400 1
6.037640 13.508755 2.098537 1
0.630364 3.723499 4.891070 1
-0.214783 6.234304 12.001232 1
5.195057 16.139400 9.291088 1
2.026227 16.215324 3.606594 6
4.606294 6.152015 3.412282 6
3.789872 3.728501 10.455135 6
1.165518 13.497661 10.802636 6
1.931184 18.481546 3.755289 6
4.689739 8.596047 3.203955 6
3.874566 1.254731 10.371080 6
1.067435 11.134047 10.933448 6
2.682937 18.616563 3.083355 1
3.918504 8.664214 3.899108 1
3.225440 1.174035 10.996071 1
1.863192 11.072430 10.185779 1
2.111959 19.097279 4.544644 1
4.446783 9.315455 2.697823 1
3.782619 0.599364 9.590605 1
1.291472 10.549922 11.568175 1
1.020736 18.530402 3.481938 1
5.506176 8.587068 3.724094 1
4.717810 1.354745 10.788549 1
0.253063 11.091513 10.596836 1
