-1.120667 2.129634 6.068664 6
4.722261 3.728134 4.351107 6
-1.563545 1.947752 5.037319 1
4.976677 3.700410 5.115996 1
-1.997252 1.803419 7.136821 6
5.371763 3.967221 3.313678 6
5.738225 1.442744 6.876895 1
-2.377845 4.266728 3.488115 1
-1.511128 1.738714 8.340293 6
4.882318 3.890568 1.907317 6
-2.120186 1.561831 9.129706 1
5.462964 4.259351 1.300435 1
-0.219216 2.247733 8.651533 6
3.662475 3.613130 1.789919 6
0.038872 2.282100 9.481848 1
3.337010 3.591319 0.830655 1
0.623298 2.537710 7.436811 6
2.883970 3.134025 2.756525 6
0.140891 2.488176 6.180774 6
3.369090 3.251874 4.189440 6
0.935098 2.936524 4.995715 6
2.548876 2.850919 5.346838 6
0.763089 3.953991 4.707181 1
2.680482 1.904226 5.430006 1
0.714443 2.063972 3.678295 6
2.697341 3.551576 6.561122 6
-0.206911 2.091522 3.555499 1
3.746201 3.728726 6.834452 1
1.078805 1.168286 3.848691 1
2.448765 4.536167 6.507182 1
1.336437 2.814709 2.556314 6
1.996759 2.978857 7.777660 6
0.702613 3.909335 1.960653 6
2.880503 1.845719 8.522963 6
0.451495 4.623229 2.647331 1
2.993430 1.040797 7.740115 1
-0.252864 3.588415 1.747945 1
3.681818 2.225786 8.753834 1
1.118672 4.318534 1.002005 1
2.418974 1.498850 9.269294 1
1.417842 1.603810 1.554667 6
2.005637 4.131614 8.769018 6
1.751167 2.007348 0.539852 1
1.571931 3.838002 9.784984 1
0.538497 1.257852 1.391741 1
2.946436 4.466612 8.949904 1
1.944830 0.893451 1.860164 1
1.441732 4.923973 8.482454 1
4.806055 -0.877944 4.663568 6
-1.319670 6.505062 5.702836 6
5.692643 -0.845880 5.187755 1
-2.219445 6.633641 5.233404 1
4.390918 -0.010714 4.748147 1
-1.010159 5.643062 5.444028 1
1.082942 7.329516 5.464692 6
2.505902 -1.672688 4.927291 6
1.317096 6.602504 5.142718 1
2.125867 -0.678199 5.101355 1
4.026632 -1.738445 7.002859 6
-0.484250 7.548164 3.440731 6
5.070307 -1.466339 7.495814 6
-1.685916 7.240247 2.715705 6
5.941989 -1.351693 6.964380 1
-2.491987 6.971631 3.334773 1
5.260798 -1.408595 9.003143 6
-1.735583 7.202071 1.355316 6
-2.651767 -1.154904 9.456025 1
6.022682 6.887022 1.052279 1
4.206479 -1.609358 9.764550 6
-0.636380 7.407829 0.655639 6
6.442511 1.927038 0.293564 1
-2.982591 3.827500 9.883107 1
2.868167 -1.999762 9.195560 6
0.461920 7.593204 1.108629 6
2.255750 -2.031590 9.587428 1
1.377972 7.868564 0.560687 1
2.818542 -1.945347 7.741090 6
0.752710 7.688000 2.514411 6
1.918441 8.150550 3.293278 6
1.418788 -2.383829 7.051367 6
3.001921 7.022269 3.005567 6
0.386460 -1.163079 7.391185 6
2.705091 6.113483 3.295697 1
0.722747 -0.467482 7.064357 1
3.867844 7.230039 3.418963 1
-0.348690 -1.592590 7.071755 1
3.027336 6.902181 2.056483 1
0.313042 -1.146338 8.296127 1
5.449012 0.054990 2.609998 6
-2.057323 5.620539 7.830449 6
5.621710 0.040253 1.684059 1
-2.253393 5.766428 8.750339 1
6.294021 0.458396 3.031025 1
-2.936620 5.302776 7.313345 1
4.809407 0.900075 2.576725 1
-1.396654 4.932091 7.586724 1
1.214908 2.427587 4.995178 6
2.268740 3.338861 5.305922 6
0.403678 3.065995 3.828291 6
2.982228 2.706075 6.595785 6
3.860344 -1.362075 5.514377 6
-0.269449 7.079129 4.991324 6
2.121622 7.464413 4.627562 6
1.273610 -1.804648 5.765336 6
