1.081157 6.429010 6.321980 8
-0.241584 16.287380 11.322628 8
4.269320 13.348782 5.575406 8
5.526513 3.434853 0.362843 8
-0.449143 7.007177 4.827493 8
3.049226 16.841255 1.115225 8
5.735467 12.873856 6.940101 8
2.191885 2.931614 10.706469 8
4.905411 6.804442 3.438615 8
4.905249 16.691920 2.470559 8
0.463362 12.855218 8.354028 8
0.350305 2.910975 9.382589 8
1.700774 3.111691 2.005194 8
0.971774 12.955276 3.832083 8
3.695409 16.600736 9.783389 8
4.289260 6.699860 7.764251 8
1.255004 0.895896 2.248634 8
1.534428 10.812306 3.660430 8
4.143163 18.621131 9.483131 8
3.852058 8.942323 8.241991 8
6.233858 4.882323 6.139926 6
1.753654 14.775105 11.511502 6
6.296760 14.649283 5.675478 6
3.592021 4.865020 0.196295 6
5.968365 5.102216 7.159419 1
2.126826 14.985448 10.531039 1
-0.672715 14.722204 4.779931 1
3.297495 4.712346 1.090307 1
5.157607 5.236296 5.119652 6
4.643189 14.918167 0.664227 6
0.258195 14.597638 6.601080 6
0.653823 4.774856 11.067699 6
4.272372 5.229373 5.646899 1
5.540501 15.231112 0.286631 1
1.048156 14.360588 6.096879 1
-0.191591 4.548507 11.463419 1
4.974556 3.860765 4.254186 6
4.786828 13.772819 1.575573 6
0.323119 15.808210 7.470538 6
0.623456 6.083269 10.186994 6
4.259815 3.814944 3.652239 1
5.494271 13.705269 2.251535 1
1.110745 15.869191 8.166498 1
-0.170657 5.975935 9.474693 1
4.922710 2.703006 5.221990 6
4.971991 12.664469 0.639181 6
0.429987 17.008607 6.638937 6
0.469728 7.083774 11.238828 6
3.774919 1.965287 5.731309 6
6.069743 11.725949 0.107339 6
1.579055 17.703495 5.997584 6
-0.861128 7.993499 11.587045 6
2.935078 1.627733 5.130441 1
6.764701 11.607467 0.848232 1
2.337630 18.103594 6.714571 1
-1.568720 8.174273 11.020990 1
3.158590 2.642975 7.121269 6
4.942661 12.560828 10.547294 6
2.091676 17.081386 4.661769 6
0.578020 7.265792 1.121795 6
3.059496 3.558335 6.936994 1
4.973931 13.449965 10.897226 1
2.461036 16.131318 4.997079 1
0.297843 6.316682 0.981262 1
2.385974 2.151388 7.392370 1
-1.469830 11.941484 10.249392 1
3.011744 17.414085 4.396068 1
6.822486 7.672667 1.556569 1
4.399089 2.466694 7.984137 6
3.720606 12.326521 9.588039 6
1.020079 17.200373 3.717987 6
1.733161 7.463097 2.217776 6
4.006528 2.000681 8.722718 1
3.987016 11.876513 8.832062 1
1.338990 17.722295 2.914495 1
1.428402 7.910174 2.849493 1
4.780315 3.343768 8.299754 1
3.285160 13.121396 9.481997 1
0.687297 16.374608 3.527240 1
1.976764 6.632279 2.422134 1
5.326796 1.721353 7.192569 6
2.636220 11.525635 10.486939 6
-0.010801 18.094290 4.553622 6
2.782514 8.112257 1.411332 6
-1.028528 1.168861 7.725466 1
1.976125 11.083904 9.904553 1
6.409663 18.417079 4.109764 1
3.514758 8.605970 1.844343 1
5.813422 2.648157 6.049165 6
2.184537 12.488269 11.632244 6
-0.441044 17.071809 5.670673 6
3.244382 7.168205 0.272442 6
-0.183140 3.630889 5.934907 6
1.066365 13.345634 11.787078 6
5.545268 16.196513 5.741843 6
4.343270 6.237668 0.110755 6
0.560567 3.505819 6.726759 1
0.369105 13.292877 10.958168 1
4.910283 16.169790 5.092347 1
5.056368 6.428526 0.741939 1
0.270142 3.677705 4.520562 6
2.357761 13.470054 1.338852 6
5.085268 16.020107 7.198149 6
2.940353 6.300830 10.407382 6
1.189354 4.042245 4.381877 1
1.563474 13.925544 1.577562 1
4.172906 15.618320 7.353703 1
3.806415 5.776571 10.236517 1
6.444368 3.811163 3.480622 6
3.458222 13.582935 2.409519 6
-1.124578 16.014457 8.122334 6
1.867713 6.021728 9.520743 6
6.656850 4.300913 2.850325 1
3.354598 14.260601 3.092816 1
-1.279243 15.400583 8.969947 1
2.151878 5.437428 8.630357 1
4.530232 0.838630 6.415184 6
3.519011 10.657059 11.357242 6
0.864660 18.904100 5.456555 6
1.720403 9.044547 0.463395 6
3.991881 0.109687 6.895696 1
4.060171 9.935542 10.840751 1
1.531552 19.550616 4.862138 1
1.189001 9.607835 1.020961 1
4.875666 0.266298 5.632091 1
4.969745 10.053494 0.122276 1
0.508668 19.462441 6.045036 1
0.487880 9.556791 11.544334 1
0.084380 2.417822 3.604731 6
2.624416 12.313998 2.245264 6
5.226336 17.149765 8.211533 6
2.628670 7.325420 9.427042 6
-0.415472 1.607581 3.980120 1
3.111897 11.579441 1.959504 1
5.819111 18.060504 7.804748 1
2.324657 8.229617 9.897354 1
-0.006895 6.185056 5.863856 6
2.539675 16.059612 0.064426 6
5.257579 13.508949 5.988719 6
2.701680 3.717042 11.643860 6
5.483339 6.336473 4.286580 6
4.337449 16.143181 1.569828 6
-0.131199 13.422738 7.429454 6
0.956126 3.478606 10.181088 6
1.017953 2.200163 2.613421 6
1.659085 12.210215 3.286311 6
4.308918 17.514312 9.232768 6
3.785462 7.530692 8.310180 6
2.341911 0.718477 1.417864 6
0.336731 10.556121 4.602217 6
2.943020 19.130037 10.407453 6
4.962596 9.267688 7.250102 6
2.260747 1.322768 0.587260 1
0.409788 11.066651 5.225041 1
3.097545 18.458842 11.080309 1
5.067351 8.619753 6.478126 1
2.113893 19.402201 1.107704 1
0.587130 9.666288 4.845384 1
3.172806 0.262834 10.714245 1
4.961118 10.121477 6.965257 1
3.861101 0.598792 2.274879 6
6.015055 10.461451 3.777631 6
1.425816 19.071865 9.520039 6
-0.615877 9.236528 8.086053 6
4.044884 1.396024 2.712474 1
5.870252 11.373824 3.184268 1
1.366900 18.300911 9.146684 1
-0.599998 8.350862 8.506020 1
4.538301 0.602215 1.467287 1
5.224915 10.464871 4.344163 1
0.691514 19.136586 10.196770 1
0.048245 9.286211 7.447723 1
3.886848 19.542631 2.761962 1
5.917260 9.799643 2.985984 1
1.359152 0.034230 8.915501 1
-0.569566 10.005926 8.691219 1
