3.263973 1.326178 1.460463 8
11.578958 4.059036 7.568348 8
6.571447 4.172750 16.394347 8
-1.612625 1.486836 10.449405 8
-9.300973 4.122193 17.320401 9
-5.083171 1.361559 9.619129 9
-0.288480 1.231042 0.693451 9
15.149912 4.118778 8.334176 9
-7.728434 3.047551 16.994248 9
12.825247 0.212159 9.958543 9
17.568924 2.404655 0.938669 9
-2.854085 5.116436 7.894608 9
1.733241 4.068730 0.843311 9
13.037642 1.269658 8.072668 9
8.136596 1.492984 17.017009 9
-3.073774 4.127072 9.809680 9
5.971534 3.107916 0.808027 8
8.755069 0.420315 8.320041 8
4.048902 2.395634 17.269785 8
1.121765 5.075697 9.598958 8
4.790122 5.018659 1.461812 7
10.077968 2.234285 7.538160 7
5.123743 0.418798 16.509557 7
-0.009574 3.217305 10.364821 7
5.140659 5.013275 2.806325 6
9.701012 2.165788 6.056184 6
4.761671 0.440455 15.164605 6
0.371118 3.156556 11.689409 6
5.915459 5.088836 6.846005 8
8.733723 2.493573 2.106819 8
4.048379 0.352932 11.057704 8
1.137825 3.045907 15.778856 8
-6.944746 1.023143 14.973717 9
12.169883 3.893164 11.861150 9
16.946958 4.265522 2.904178 9
-2.068023 1.513505 6.108443 9
4.837078 3.931771 3.607548 6
10.058641 1.156257 5.387773 6
5.191116 1.538272 14.220913 6
-0.114094 4.312729 12.522771 6
4.214973 3.248381 3.172618 1
10.482534 0.391393 5.738959 1
5.756041 2.211319 14.736910 1
-0.660100 4.965766 12.219662 1
10.727635 0.329216 15.211633 9
-5.536008 3.145828 11.642584 9
-0.828155 5.085855 2.686846 9
15.591568 2.343454 6.339658 9
3.881203 0.326403 0.842227 6
10.972844 3.194805 8.032982 6
5.977590 5.150442 16.916286 6
-0.952592 2.334117 9.761869 6
5.746674 4.977280 5.618827 6
9.019120 2.238076 3.343799 6
4.225470 0.464437 12.314211 6
0.812155 3.079306 14.461775 6
-7.349240 5.371578 16.931286 6
12.609201 2.545701 9.946906 6
17.339543 0.082620 0.930292 6
-2.496774 2.739573 8.063073 6
-7.774059 0.621362 17.416981 1
12.937489 3.421695 9.508018 1
17.820339 4.688030 0.571439 1
-3.083744 2.026135 8.446394 1
-5.102889 4.262697 17.252300 7
10.167557 1.471564 9.651590 7
15.187131 1.109716 0.747762 7
-0.281232 3.879202 8.190983 7
-5.802012 0.096006 17.383153 6
11.114128 2.674790 9.516227 6
15.868867 0.040038 0.639246 6
-1.116615 2.708310 8.466113 6
-5.396699 0.660110 16.686044 1
10.659980 3.417050 10.177005 1
15.484966 4.786660 1.177599 1
-0.534592 2.037701 7.836730 1
5.955530 0.504993 3.351240 6
9.017020 3.215994 5.558785 6
4.062736 4.856648 14.453065 6
1.112207 2.218860 12.380292 6
6.095517 1.345610 2.752637 1
8.698928 4.074353 6.253576 1
3.758878 4.259448 15.199282 1
1.428182 1.543960 11.765869 1
-3.770084 4.802932 15.267351 6
8.841088 2.083677 11.597347 6
13.814222 0.630399 2.663544 6
1.002994 3.311536 6.350881 6
-4.516369 3.893198 15.897903 6
9.677948 1.108612 10.973150 6
14.512974 1.609639 2.032862 6
0.261650 4.414179 6.965064 6
-5.267050 3.419230 15.429138 1
10.406118 0.837291 11.405098 1
15.254084 1.898694 2.613234 1
-0.364462 4.668424 6.416402 1
-3.962378 3.110776 16.107240 1
9.039592 0.317120 10.618583 1
13.898014 2.430303 1.737509 1
0.994317 5.154901 7.197639 1
-7.313693 4.398780 14.622137 9
12.397067 1.702063 12.051160 9
17.283080 1.017761 3.158658 9
-2.492787 3.695336 5.814736 9
-2.794793 0.253110 15.878170 6
8.052478 3.007213 10.972411 6
12.842928 5.247299 2.021289 6
1.981470 2.555900 7.029718 6
-2.754555 0.124412 16.828593 1
7.825582 2.788463 10.094569 1
12.650172 5.383035 1.062076 1
2.160759 2.682547 7.859578 1
5.324417 4.069263 0.412253 6
9.683089 1.162070 8.469404 6
4.730325 1.376632 17.415639 6
0.488594 4.152736 9.387031 6
-8.155466 4.108822 17.502914 6
13.142906 1.387646 9.303783 6
17.975710 1.332210 0.491748 6
-3.266373 3.996481 8.523436 6
4.991580 3.934096 5.076337 6
9.759301 1.142102 3.919776 6
4.904623 1.511193 12.939258 6
0.182342 4.285149 13.933087 6
4.784432 3.306190 5.615305 1
10.128859 0.555308 3.288534 1
5.257779 2.301398 12.410996 1
-0.037243 4.983712 14.555842 1
-3.893992 5.200062 13.806549 6
9.118763 2.431642 12.981089 6
13.983672 0.234679 4.088877 6
0.886464 3.107176 4.988951 6
-4.622240 4.617100 13.335064 1
9.621952 1.758993 13.396224 1
14.637661 0.866764 4.398006 1
0.337846 3.538566 4.517462 1
6.246218 0.489803 4.708806 6
8.569731 3.236753 4.282252 6
3.796373 4.813380 13.228656 6
1.324433 2.215879 13.651375 6
6.575124 1.300409 5.050423 1
8.103921 3.988635 3.854946 1
3.265102 4.167811 12.781147 1
1.921461 1.457862 13.941909 1
-2.244424 1.199920 15.181639 6
7.251226 3.959931 11.650552 6
12.159199 4.120549 2.565793 6
2.650595 1.563210 6.218901 6
-1.578183 1.807965 15.761632 1
6.773627 4.433802 11.223875 1
11.618562 3.662625 2.185227 1
3.329324 0.934235 6.692175 1
-2.350166 1.386694 13.946703 6
7.445960 4.159709 12.910778 6
12.425993 3.994566 4.092024 6
2.492310 1.259386 5.023146 6
-1.879603 2.141291 13.550468 1
7.002464 4.892525 13.388702 1
11.808870 3.329881 4.364273 1
3.036482 0.473152 4.454899 1
-7.743411 0.170572 15.397601 6
12.769804 2.809986 11.423581 6
17.667849 5.265588 2.408663 6
-2.719817 2.657536 6.428824 6
-3.230721 0.694729 13.244074 6
8.459288 3.381200 13.555928 6
13.331649 4.675245 4.624117 6
1.500851 2.017349 4.261868 6
-3.382494 0.785620 12.336471 1
8.578330 3.592159 14.600254 1
13.473100 4.607810 5.685396 1
1.373870 1.972755 3.251541 1
5.751942 3.976266 7.793365 6
9.122971 1.357710 1.199159 6
4.242797 1.413270 10.097179 6
0.891895 4.113210 16.582932 6
4.701613 3.969029 7.711618 1
10.009944 1.284896 1.103173 1
5.337166 1.474996 10.100990 1
-0.126866 4.304242 16.733943 1
5.966415 4.335054 8.670213 1
8.812106 1.427568 0.319537 1
3.842079 1.236755 9.235994 1
1.305344 4.008730 17.548524 1
6.077446 3.210253 7.414661 1
8.607448 0.561431 1.507357 1
3.786275 2.154611 10.461556 1
1.385410 4.891164 16.349172 1
