3.762587 7.675910 2.263353 6
1.589938 0.822650 3.653606 6
1.377480 6.023170 9.624327 6
3.408926 12.738640 8.044239 6
3.837575 8.778162 2.008031 1
1.670960 1.810097 3.780790 1
1.147165 4.951673 9.675893 1
3.421519 11.879239 8.013233 1
2.879988 7.279691 3.266893 6
2.516227 0.413764 2.677191 6
2.132903 6.366462 8.622099 6
2.536458 13.194819 9.151355 6
2.347921 7.996182 3.538070 1
3.109662 1.204313 2.331233 1
2.732468 5.639873 8.226083 1
2.026597 12.570011 9.517063 1
2.740973 6.057464 3.379603 6
2.747777 12.919437 2.415759 6
2.285348 7.669263 8.253699 6
2.301499 0.949179 9.382176 6
3.536351 5.086397 2.759371 6
1.931442 12.041885 3.060325 6
1.594235 8.662879 9.130475 6
3.155995 1.772170 8.563523 6
3.485098 4.151005 2.856810 1
1.977122 11.091780 2.998487 1
1.577212 9.525218 8.853873 1
3.118201 2.786489 8.878823 1
4.373006 5.564098 1.687075 6
0.993229 12.420907 4.149957 6
0.676681 8.310939 9.928899 6
3.980510 1.334309 7.621951 6
4.500545 6.884794 1.585257 6
0.855256 13.654874 4.338239 6
0.463165 6.900617 10.392281 6
4.256901 0.003541 7.404171 6
5.157637 4.455538 1.035228 6
0.295499 11.252024 4.908760 6
-0.091451 9.337479 10.677970 6
4.872588 2.379423 6.851587 6
0.656237 5.069516 0.295067 6
4.924629 11.837096 5.575451 6
4.497073 8.647916 11.608955 6
0.224564 1.876944 6.072411 6
1.318933 5.242015 0.949014 1
4.190817 12.220134 5.105573 1
3.798398 8.381412 10.894403 1
0.896983 1.665187 6.771419 1
0.208213 4.404590 11.467749 1
4.446507 11.235064 6.366404 1
4.865657 9.397126 0.518094 1
0.578798 2.466958 5.506677 1
-0.488652 6.337658 11.235134 6
5.159761 13.143697 6.408480 6
5.606338 7.463015 0.513419 6
-0.116534 0.555707 5.320328 6
4.448824 6.096426 10.844655 1
0.260259 13.039522 6.986752 1
0.587763 7.557224 1.003082 1
4.812524 0.763864 4.778590 1
4.311150 3.590126 0.058644 6
1.179451 10.537439 5.831064 6
0.819239 10.071408 11.705969 6
3.944264 3.232236 6.002236 6
3.592620 3.313557 0.677536 1
1.826309 10.141634 5.308770 1
1.435119 10.500599 11.125981 1
3.247805 3.715711 6.550010 1
4.149773 3.047368 11.487713 1
0.752985 9.759493 6.276166 1
0.949407 10.661108 0.465445 1
4.504671 3.932225 5.599716 1
3.096803 4.187576 11.248681 1
1.613281 11.167392 6.351830 1
2.026370 9.344529 0.530771 1
3.407785 2.563622 5.332029 1
0.038106 3.443819 1.916293 6
5.293693 10.261695 3.946552 6
4.922696 10.380551 9.695628 6
-0.245378 3.430099 7.845525 6
0.550520 3.959105 2.642774 1
4.726497 10.738106 3.182848 1
4.462941 9.831382 9.109497 1
0.244597 2.947262 8.472532 1
0.718343 2.800906 1.507075 1
4.742117 9.574744 4.333320 1
4.423283 10.945302 10.328716 1
0.230060 3.975401 7.476774 1
5.146791 2.837012 2.511064 1
0.327622 9.807151 3.503790 1
-0.059781 10.882414 9.369523 1
4.926068 4.003200 8.308024 1
0.960219 6.303767 4.909814 6
4.643324 13.129262 0.961301 6
4.217137 7.397428 6.949893 6
0.614394 0.467227 10.892470 6
1.389434 7.106662 5.406673 1
4.143298 0.279471 0.371529 1
3.784094 6.702761 6.334307 1
0.927951 13.541439 11.343695 1
0.384938 5.810665 5.605181 1
5.162300 12.746671 0.444517 1
4.763475 7.816012 6.297627 1
-0.014582 1.116428 11.448851 1
0.293768 6.662443 4.294505 1
4.982265 13.675886 1.714262 1
4.637734 6.950078 7.608111 1
-0.046698 0.098958 10.050727 1
1.896441 5.358676 4.325921 8
3.579343 12.357124 1.448498 8
3.200911 8.291627 7.468987 8
1.573477 1.474386 10.251972 8
