2.706246 2.196162 2.819881 17
0.747664 3.042508 7.133347 17
1.396054 -0.346149 0.843373 17
5.119398 -3.852763 9.388237 17
1.938529 4.123983 4.337073 9
1.628532 1.202696 5.614488 9
1.274375 3.907467 2.215626 9
2.386090 1.312246 7.820448 9
3.030880 6.160784 3.129754 7
0.402502 -1.020935 6.946113 7
3.621086 6.735468 3.666217 1
-0.005860 -1.321735 6.365046 1
3.968207 4.585732 1.476733 8
-0.162237 0.623182 8.618364 8
-1.819607 5.072311 1.905943 8
5.463209 0.214333 8.158787 8
4.215527 6.003738 5.602098 8
-0.565946 -0.566434 4.419967 8
4.952241 3.946080 6.002521 8
-1.430625 1.295339 4.157116 8
3.635057 4.821275 2.766186 6
0.010213 0.460304 7.257951 6
4.814959 4.483975 3.647591 6
-1.061445 0.737498 6.328669 6
4.939367 3.565284 3.602286 1
-1.265844 1.707046 6.456735 1
-1.889476 5.246422 3.202734 6
5.672858 -0.123114 6.931945 6
-2.015364 6.217642 3.250869 1
5.651849 -1.022662 6.810620 1
-1.143860 5.215018 3.717551 1
4.692060 0.131392 6.440895 1
5.038198 5.363484 1.023880 6
-1.413140 -0.171814 9.054228 6
5.182619 5.266065 0.077763 1
-1.538046 0.077108 9.998803 1
4.916799 6.310564 1.258193 1
-1.247775 -1.094873 8.945618 1
2.431680 3.941356 3.021484 6
1.317924 1.431003 6.862411 6
4.603378 4.799530 5.257252 6
-0.908719 0.452863 4.863390 6
-2.858459 4.166488 7.322242 6
6.632326 1.143605 2.615841 6
-2.343025 4.773792 7.728600 1
5.931211 0.523817 2.394356 1
-2.838259 3.335614 7.917793 1
6.405207 1.975523 2.230655 1
4.171121 4.385822 7.711255 1
-0.530034 0.842783 2.527490 1
2.059215 6.955446 2.477409 6
1.650575 -1.556136 7.492321 6
1.714952 6.819958 1.235493 6
1.937490 -1.629776 8.861330 6
2.340300 6.368656 0.683554 1
1.263642 -1.041594 9.462245 1
0.659624 7.394246 0.671823 6
2.866502 -2.217461 9.526264 6
-0.819369 3.220178 9.817125 1
4.565625 2.037520 0.322691 1
-0.203151 8.225977 1.482828 6
3.693782 -3.006193 8.559461 6
3.168222 -1.162447 2.828146 6
0.434419 6.346157 7.203649 6
2.513802 -0.615807 3.238600 1
1.035015 5.859061 6.715095 1
1.196362 7.560100 3.218443 6
2.402200 -2.302342 6.836113 6
1.370533 7.645132 4.309930 1
2.193694 -2.391893 5.787169 1
