10.790844 3.461789 2.130915 7
0.903248 9.180288 3.140966 7
0.323802 8.010257 8.528082 7
10.408872 2.274509 7.420856 7
11.211565 5.633470 2.666871 7
0.491030 11.325228 2.593529 7
-0.102944 5.802423 7.761205 7
10.603089 0.188506 8.030418 7
7.871252 1.760279 9.883371 6
2.825835 7.377100 5.984638 6
3.303830 9.592194 0.744034 6
8.390688 3.837003 4.581041 6
7.304123 1.150943 10.244564 1
3.364760 6.814161 5.624702 1
3.951121 10.107714 0.311696 1
7.681666 4.532317 5.071876 1
8.634092 1.312005 9.380690 1
2.184383 6.908825 6.363913 1
2.587901 10.118944 1.134889 1
8.967950 4.385473 4.156445 1
7.163827 2.650721 8.900478 6
3.514937 8.312325 6.949138 6
3.956934 8.742630 1.624063 6
7.652840 3.013924 3.753215 6
6.372016 2.479484 7.739065 6
4.236776 8.180867 8.126872 6
4.773498 9.040211 2.664849 6
6.930622 3.191855 2.525957 6
6.359203 1.491390 7.529579 1
4.332487 7.316999 8.341127 1
4.907251 9.865592 3.005392 1
6.830370 4.157646 2.185376 1
5.947060 3.346493 7.134792 6
4.775794 9.036119 8.760293 6
5.206057 7.938729 3.430282 6
6.390760 2.320653 1.860659 6
5.400832 3.270907 6.399973 1
5.218482 8.903748 9.450156 1
5.855011 8.167593 4.218438 1
5.832639 2.459885 1.009997 1
6.066190 4.782448 7.500919 6
4.481827 10.397412 8.486123 6
4.956883 6.630254 3.042207 6
6.643328 0.952215 2.222490 6
5.642232 5.412824 7.032626 1
4.904789 11.189173 8.856370 1
5.388698 5.864079 3.688506 1
6.220341 0.186457 1.603954 1
6.779401 5.041508 8.579748 6
3.762859 10.699808 7.232224 6
4.208306 6.369919 1.923566 6
7.375688 0.721173 3.234105 6
6.914293 5.923435 8.918691 1
3.676822 0.241893 7.031026 1
4.169520 5.448875 1.788502 1
7.399437 11.194258 3.480948 1
7.374369 3.978757 9.301087 6
3.172766 9.820511 6.582447 6
3.702795 7.274797 1.236566 6
8.015224 1.675453 4.092036 6
8.394558 4.137655 10.504507 6
2.263584 9.660903 5.251206 6
2.899028 7.270033 0.024307 6
8.825509 1.670504 5.272820 6
9.835714 5.091292 0.654788 6
1.926861 10.709598 4.591793 6
1.440767 6.351761 9.900479 6
9.337769 0.594847 5.945468 6
10.584500 4.652052 1.872776 6
1.029798 10.378835 3.547129 6
0.630085 6.644534 8.766475 6
10.101376 0.888128 7.103539 6
-0.219537 4.647256 3.642117 6
11.921453 10.288501 1.650446 6
-0.597993 6.748103 6.947068 6
-0.744825 1.029299 8.799800 6
0.277289 4.990921 4.269842 1
11.520561 10.538656 0.931950 1
10.877237 6.440644 6.340024 1
-0.295060 0.702566 9.528651 1
11.583285 3.309355 3.192949 6
0.007298 8.979332 2.027356 6
-0.527266 8.075562 7.341565 6
11.209118 2.210486 8.494334 6
-0.251272 2.662922 3.652966 1
11.706305 8.365996 1.543949 1
11.291071 8.740836 7.014348 1
-0.702368 3.031960 8.873989 1
10.334817 2.431310 1.256939 6
1.268737 7.983238 4.021832 6
0.908809 8.979969 9.225992 6
9.732624 3.389006 6.596039 6
10.437474 1.562956 1.487643 1
1.103010 7.250021 3.760166 1
0.709696 9.887610 9.004258 1
9.948147 4.139472 6.846377 1
9.630168 2.699948 0.269139 6
2.156204 8.401756 5.000414 6
1.552224 8.688043 10.234352 6
8.999249 3.067468 5.645704 6
9.574843 6.558408 0.536039 6
2.139839 0.885100 4.865839 6
1.591097 4.842910 10.052916 6
8.989427 10.610714 5.805547 6
8.579959 7.273973 1.118281 6
3.072186 1.463582 4.052760 6
2.501333 4.081993 9.286854 6
7.993265 9.803394 6.454830 6
8.126740 6.789654 1.819314 1
3.500537 1.006097 3.409464 1
2.980556 4.518248 8.704491 1
7.630260 10.375869 7.238710 1
8.260748 8.506552 0.954861 6
3.360280 2.887081 4.368486 6
2.832606 2.761261 9.632766 6
7.902368 8.544471 6.234941 6
7.726920 8.956784 1.578611 1
3.990815 3.396899 3.871385 1
3.355278 2.292341 9.031047 1
7.165064 8.136765 6.731447 1
8.107480 9.300866 10.532492 6
2.706802 3.480522 5.300338 6
3.187249 2.161680 0.056755 6
8.592921 7.865870 5.350500 6
7.810632 10.068465 10.451572 1
2.697079 4.395344 5.421195 1
3.322410 1.275997 0.072915 1
8.376834 6.898479 5.125488 1
8.918912 8.521222 9.878918 6
1.720194 2.824909 5.967643 6
2.118994 2.925295 0.706017 6
9.362305 8.600590 4.505909 6
9.474847 9.075257 9.174074 1
1.290500 3.242822 6.649819 1
1.809632 2.407131 1.499496 1
9.952128 8.129004 3.753644 1
9.171546 7.279672 9.994813 6
1.497577 1.573018 5.861506 6
1.855208 4.112571 0.624361 6
9.680380 9.837650 4.831396 6
9.927220 6.688276 9.594870 1
0.761159 1.081099 6.401272 1
1.376017 4.656016 1.100692 1
10.234828 10.380449 4.280984 1
