11.664090 11.587048 9.621223 6
3.691399 11.935379 4.810232 6
4.005627 4.074200 9.703174 6
11.822808 3.877666 4.837596 6
11.678791 12.505621 8.607029 6
3.840809 10.977613 5.834612 6
4.108501 3.108628 8.676182 6
11.866481 4.681381 5.915201 6
12.445054 11.561311 1.012362 6
4.786700 11.889806 3.899484 6
10.988707 3.734815 3.923050 6
3.115180 3.966181 0.928642 6
11.004358 12.575479 7.969300 1
3.226289 10.917059 6.496012 1
4.578586 3.242097 8.089369 1
12.481216 4.732061 6.605392 1
12.514795 10.898005 1.759136 1
4.683141 12.455861 3.207296 1
10.861821 3.186075 3.055386 1
3.059505 4.590782 1.623629 1
12.541350 13.509605 8.819571 6
4.794164 9.942254 5.776617 6
2.940357 2.111916 8.746077 6
10.878715 5.646889 5.884673 6
13.465492 12.639181 0.994329 6
5.733759 10.745058 3.799298 6
10.008750 4.866115 3.778878 6
2.107595 2.934514 1.076040 6
12.585338 14.070891 8.115435 1
4.874945 9.286544 6.524915 1
3.035657 1.494829 8.097217 1
10.745937 6.372683 6.533523 1
14.156940 12.660236 1.595609 1
6.302213 10.781546 3.221298 1
9.280975 4.708812 3.201536 1
1.530017 3.106525 1.605831 1
13.499731 13.479289 9.643361 6
5.664824 9.948502 4.935513 6
2.011371 2.136229 9.663986 6
9.852191 5.823099 4.785782 6
14.602895 14.666193 0.085920 6
6.741961 8.750253 4.808123 6
0.944592 0.910034 9.651606 6
8.876300 6.865299 4.926136 6
14.183710 0.382340 0.039218 6
6.435945 7.478114 4.746153 6
1.378186 15.307708 0.085685 6
9.099958 8.273497 4.919899 6
0.307156 14.208543 9.613555 6
8.267719 9.206494 4.816628 6
7.441358 6.402464 4.795466 6
15.278087 1.318714 9.667747 6
12.746476 0.833700 0.032587 6
5.055339 7.014265 4.730524 6
2.837244 14.899445 0.055558 6
10.595451 8.536532 4.821353 6
0.781886 12.815293 9.708537 6
8.620099 10.676744 4.903300 6
6.998167 5.043190 5.043161 6
14.827182 2.774893 0.012164 6
12.101003 1.373953 8.767141 6
4.431592 6.347819 5.853287 6
3.375123 14.191881 8.750065 6
11.207566 9.193814 5.731165 6
1.367245 12.274093 1.020996 6
9.208660 11.313240 3.925233 6
6.386537 4.355212 3.994872 6
14.124276 3.448919 1.035764 6
12.785501 1.623163 8.079234 1
4.928810 6.201910 6.633312 1
2.975723 13.912329 8.096419 1
10.806287 9.499596 6.600584 1
1.766302 12.643078 1.682594 1
9.453709 10.759081 3.203380 1
6.030280 4.884532 3.169984 1
13.867089 2.811905 1.747633 1
10.937042 1.758976 8.735146 6
2.998187 5.987930 5.857135 6
4.787505 13.826254 8.812973 6
12.529502 9.757755 5.806065 6
1.926239 10.769369 0.819255 6
9.738432 12.525153 3.891704 6
5.939338 3.058434 3.945755 6
13.736230 4.717974 0.843401 6
10.498033 2.368463 8.008615 1
2.593237 5.428553 6.549197 1
5.271819 13.197309 8.070523 1
13.059405 10.082401 6.407355 1
2.349226 10.499689 1.584329 1
10.105004 13.089836 3.189742 1
5.418438 2.567731 3.275478 1
13.253900 5.118387 1.655146 1
10.168478 1.603647 0.289156 6
2.283466 6.210743 4.589279 6
5.572376 14.005475 0.146266 6
13.433400 9.323546 4.691561 6
1.505343 10.046363 9.427884 6
9.332175 13.396945 5.088023 6
6.313811 2.244299 5.127553 6
14.003474 5.464293 9.483303 6
10.772319 0.891517 1.326429 6
2.793232 6.954546 3.671518 6
4.841647 14.892942 1.315472 6
12.812885 8.705360 3.503763 6
0.823765 10.613723 8.444284 6
8.628773 12.743401 6.148496 6
7.002755 2.812737 6.080012 6
14.749467 4.843184 8.379300 6
10.233101 0.481281 2.062768 1
2.284129 7.198362 2.718419 1
5.491376 15.130292 1.992139 1
13.176703 8.408007 2.883767 1
0.518966 10.270290 7.598539 1
8.441720 13.339742 6.828146 1
7.204734 2.348177 7.000135 1
15.130143 5.439889 7.611450 1
12.063642 0.388857 1.222967 6
4.173945 7.464826 3.719923 6
3.543550 15.145901 1.258403 6
11.358861 8.172335 3.732897 6
0.454475 11.954847 8.503593 6
8.217720 11.466105 5.979990 6
7.354038 4.223352 5.979406 6
15.097896 3.589181 8.435968 6
12.365611 0.051447 1.837995 1
4.606693 7.779849 2.930220 1
3.190742 15.555643 1.997407 1
11.112763 7.731719 3.001235 1
15.554905 12.429118 7.857519 1
7.707659 11.003775 6.748113 1
7.755740 4.674877 6.788064 1
0.115155 3.232312 7.745905 1
15.114956 15.213540 6.059078 6
7.324855 8.260780 8.546454 6
0.543387 0.520205 6.016442 6
8.212898 7.259194 8.490250 6
15.068121 15.237511 3.659668 6
7.254636 8.255053 1.220857 6
8.400464 7.409229 1.119401 6
0.548586 0.560174 3.590518 6
14.826994 14.827268 6.937394 1
6.934548 8.576214 7.669992 1
0.747679 0.761383 6.818511 1
8.631447 6.967870 7.756134 1
14.846391 14.827870 2.896888 1
7.048299 8.635498 2.129237 1
8.572757 6.954812 1.943758 1
0.840910 0.848042 2.925426 1
14.555440 14.686928 4.795549 6
6.884097 8.797975 9.647933 6
0.878278 0.981202 4.932519 6
8.874091 6.937808 0.086644 6
13.502733 13.613157 4.918054 6
5.652830 9.807814 9.707969 6
2.050764 1.995584 4.792805 6
9.835108 5.776854 0.023576 6
13.373441 13.188786 5.838466 1
5.575244 10.219050 8.884107 1
2.213172 2.372109 5.717741 1
10.061801 5.313249 8.824444 1
13.186946 13.401319 4.017107 1
5.383667 9.993740 0.972950 1
10.250294 5.695409 0.871243 1
2.470256 2.264262 3.934208 1
13.813015 12.875293 4.245917 1
5.937440 10.659327 0.561035 1
1.872401 2.876911 4.227653 1
9.590413 4.935595 0.663795 1
12.798118 13.726384 5.478295 1
4.961690 9.586750 9.147302 1
10.606999 6.001714 9.113563 1
2.730431 1.834120 5.575915 1
12.750969 14.039479 4.488436 1
4.979823 9.442019 0.306526 1
2.985252 1.728489 4.491929 1
10.779734 6.052389 0.191106 1
14.011699 12.721265 5.205180 1
6.185878 10.715180 9.450714 1
9.471519 4.837505 9.459049 1
1.693637 2.934179 5.048833 1
10.131240 10.220023 0.029793 53
2.287107 13.391309 4.941927 53
5.511878 5.569954 9.700378 53
13.351315 2.302223 4.863454 53
8.049672 2.114876 0.326906 53
0.189088 5.595432 4.420606 53
7.502989 13.467870 0.398659 53
15.425487 10.009969 4.426249 53
2.205447 8.183358 9.431360 53
9.845547 15.356598 5.317352 53
5.627342 0.329702 5.194358 53
13.415102 7.486190 9.367199 53
