4.094642 6.221899 23.936044 6
4.212889 5.980243 11.781250 6
1.461282 0.082557 12.598347 6
1.316394 12.086496 0.471718 6
4.790680 5.695705 23.719906 1
3.574338 6.440504 11.445085 1
0.765350 11.744127 12.993903 1
2.080307 0.420155 0.652029 1
3.132160 6.618073 23.021610 6
5.152378 5.532788 10.833083 6
2.464983 0.645117 13.652589 6
0.295830 11.535517 1.374683 6
2.012205 7.313507 23.337384 6
0.778846 4.750715 11.108283 6
3.622992 1.249038 13.235190 6
4.764156 10.899402 1.012802 6
1.444509 7.698916 22.658756 1
1.337869 4.514101 10.613371 1
4.172649 1.634704 13.935934 1
4.118457 10.574992 1.766235 1
1.813602 7.751743 0.265008 6
0.881178 4.375899 12.558125 6
3.752750 1.575721 11.911069 6
4.545501 10.467133 24.039721 6
1.171001 8.136289 0.619057 1
1.718827 4.005040 12.807492 1
4.481326 2.080090 11.662192 1
3.857524 10.147313 23.874227 1
2.804502 7.301878 1.343740 6
5.556386 4.930021 13.504729 6
2.898008 1.295027 10.934717 6
5.471243 10.946757 23.267598 6
2.707217 7.638699 2.247135 1
0.194823 4.530093 14.459793 1
2.988534 1.390514 10.084177 1
5.412945 10.638218 22.183763 1
3.942588 6.664369 0.863542 6
4.558939 5.580080 13.006715 6
1.749098 0.453245 11.317767 6
1.123338 11.709039 23.537389 6
4.493538 6.213356 1.485751 1
3.945159 5.925869 13.707053 1
1.011222 0.280643 10.705285 1
1.699386 11.989874 22.954194 1
2.802406 8.417674 16.349662 6
0.004157 3.799141 4.072642 6
2.734334 2.309864 20.352549 6
5.570285 9.904123 8.206031 6
1.876803 7.819039 15.319628 6
0.923085 4.451357 3.224459 6
3.716878 1.646198 21.319727 6
4.594986 10.473998 9.067578 6
1.243267 7.281904 15.845769 1
1.571554 5.040377 3.460287 1
4.314878 1.124995 20.772864 1
4.009579 11.069040 8.614123 1
1.809283 8.044030 14.067142 6
0.833023 4.160681 1.932320 6
3.584934 2.112397 22.522144 6
4.705640 10.184149 10.405266 6
1.246526 7.661422 13.402105 1
1.499849 4.397468 1.328078 1
4.314752 1.663599 23.237044 1
4.088250 10.446355 10.892524 1
2.776041 8.969531 13.604478 6
5.558597 3.221106 1.258001 6
2.689886 2.924324 23.118272 6
0.126117 9.253259 10.913039 6
2.737447 9.121103 12.547188 1
5.430673 3.007283 0.369651 1
2.713440 3.106886 24.092732 1
0.086177 9.156449 11.755043 1
3.781375 9.550009 14.426456 6
4.451174 2.726283 2.045693 6
1.709440 3.434875 22.278811 6
1.039836 8.867253 10.026109 6
4.520630 9.956140 13.957563 1
3.799391 2.192106 1.683746 1
1.027453 3.992010 22.668492 1
1.722433 8.128180 10.536242 1
3.764031 9.076459 15.649970 6
4.613100 3.062207 3.546553 6
1.641736 3.020166 20.876419 6
0.985050 9.128410 8.783222 6
4.501683 9.575570 16.284956 1
3.787687 2.588847 4.004867 1
1.052127 3.330577 20.423104 1
1.754184 8.677504 8.090800 1
2.761690 6.791126 20.682751 6
0.202709 5.385518 8.317948 6
2.980513 0.655423 16.036675 6
5.543458 11.391554 3.886824 6
1.791925 7.278580 20.601613 1
0.960923 4.837266 8.490561 1
3.638937 1.208989 15.922307 1
4.745391 10.938741 3.839666 1
4.448504 5.733676 19.959063 6
4.040203 6.437998 7.678998 6
1.099662 11.694594 16.599621 6
1.565776 0.407462 4.396256 6
5.115040 5.206622 18.683065 6
3.068768 6.885247 6.621463 6
0.388002 11.309456 17.810024 6
2.330502 0.803487 5.574304 6
5.071288 4.303897 18.613139 1
3.247219 7.784923 6.317172 1
0.459143 10.368001 18.090359 1
2.216898 1.684137 5.968588 1
0.541275 5.343002 18.970967 1
2.114236 6.870475 6.706171 1
5.055335 11.571535 17.793195 1
3.446992 0.714443 5.503695 1
4.743708 6.166813 17.713474 6
3.569487 5.876034 5.498746 6
0.795694 0.118305 18.888816 6
1.824043 12.037149 6.743373 6
4.658520 5.690836 16.768078 1
3.556161 6.477690 4.562003 1
0.791599 11.949875 19.935486 1
1.899444 0.361490 7.701905 1
5.209595 7.004184 17.685031 1
3.091362 5.240189 5.356813 1
0.210392 0.924617 18.976066 1
2.470779 11.298135 6.744453 1
3.181802 6.656728 18.000704 6
5.039778 5.628864 5.739360 6
2.349044 0.430280 18.560816 6
0.386929 11.607766 6.332664 6
2.827903 8.090638 17.654067 6
0.035479 4.051656 5.555628 6
2.805795 1.919248 18.947019 6
5.553705 10.172489 6.628451 6
1.934247 8.186269 18.133309 1
0.811677 3.880482 5.838057 1
3.686372 2.065433 18.518031 1
4.671019 10.052818 6.328084 1
3.442828 8.688055 18.238692 1
4.924756 3.505763 6.010158 1
2.084483 2.625932 18.470453 1
0.756331 9.577283 6.127615 1
3.316419 6.348842 21.646488 7
4.984212 5.864333 9.430918 7
2.250189 0.368434 15.079320 7
0.632932 11.932848 2.703490 7
4.534528 5.621111 21.180534 7
3.950836 6.566692 9.117256 7
1.040019 11.821921 15.379240 7
1.776506 0.385299 3.189313 7
3.306705 6.453482 19.558113 7
5.045410 5.846114 7.327556 7
2.235237 0.263774 17.116417 7
0.549046 11.909801 4.878058 7
0.095905 8.773999 20.130657 17
2.720503 3.378926 7.946187 17
5.447324 2.657454 16.452651 17
2.926124 9.543720 4.124114 17
2.880656 10.311353 20.828312 8
5.545988 1.777692 8.582438 8
2.726233 4.361309 15.984273 8
0.080674 7.818133 3.751673 8
3.728149 9.510413 20.536401 1
4.636856 2.609807 8.351304 1
1.716514 3.434400 16.014509 1
0.896545 8.625895 3.812599 1
1.857676 9.731744 20.443400 1
0.890895 2.504070 8.219530 1
3.727910 3.689152 16.234912 1
4.552418 8.552607 4.062569 1
2.729219 5.997494 17.634012 1
0.186618 6.163578 5.415087 1
2.877571 12.084824 18.964277 1
5.380178 0.161990 6.727378 1
