1.869012 9.839755 11.395351 8
1.007803 2.514686 6.579626 8
2.202975 11.056748 12.003210 6
0.620459 3.730150 5.936955 6
2.374452 11.707861 11.411428 1
0.537812 4.415500 6.625911 1
3.112438 10.888499 12.457901 1
-0.096975 3.440086 5.592042 1
1.229752 11.202097 13.018751 6
1.786487 3.793878 5.040901 6
1.494662 10.977694 13.835659 1
1.522065 3.567799 4.142224 1
1.068412 12.140704 13.142199 1
1.994194 4.793424 4.915347 1
0.102875 10.619334 12.483510 8
2.758442 3.074347 5.396481 8
0.584149 9.326630 11.830463 6
2.390630 2.093648 6.186689 6
0.867641 8.747919 12.578647 1
2.050334 1.383545 5.548394 1
-0.349203 9.000212 10.837327 6
3.140342 1.567915 7.165159 6
-1.090322 8.574528 11.309776 1
3.973447 1.315030 6.735080 1
0.109475 8.126707 10.454024 1
2.710203 0.792716 7.577456 1
-0.483897 9.999485 9.784765 6
3.548067 2.652031 8.168622 6
0.136004 10.186948 9.291561 1
2.758285 2.788720 8.717896 1
-0.725795 10.721564 10.253930 1
3.702107 3.469159 7.679070 1
3.939571 9.522250 8.752369 6
-1.078508 2.259466 9.108055 6
3.285891 9.396511 9.265825 1
-0.127989 2.019828 8.771711 1
3.748794 10.753289 7.909671 6
-0.807591 3.439086 10.152930 6
3.511502 11.476823 8.376533 1
-0.413276 4.058882 9.589783 1
-0.835666 11.197869 6.980324 6
3.788259 3.641762 11.108270 6
-0.466449 11.904995 7.224026 1
3.556573 4.703245 10.983511 1
-0.158087 10.441637 6.990610 1
3.073428 3.179167 10.941186 1
4.240492 11.066644 5.604928 8
-1.306955 3.706880 12.436506 8
2.754837 11.191721 5.822068 6
0.141898 3.901284 12.198931 6
2.647626 10.554603 6.990221 8
0.352328 3.176921 11.019797 8
2.114027 10.420433 4.804706 6
0.941948 3.042806 13.224320 6
2.294454 10.908217 4.006272 1
0.699411 3.526814 14.152672 1
1.209510 10.440996 4.821098 1
1.796754 3.003105 13.038029 1
2.388327 9.515958 4.719467 1
0.407555 2.181379 13.466140 1
2.407224 12.693096 6.065540 6
0.570502 5.295300 11.977617 6
2.654167 13.125935 5.110656 1
0.314413 5.641248 12.854581 1
2.926827 13.086111 6.680806 1
0.044387 5.581271 11.419529 1
1.555824 12.670295 6.316998 1
1.530563 5.398333 11.704650 1
4.350390 8.396161 7.972046 8
-1.443289 1.118805 9.986121 8
3.702250 7.050784 8.189783 16
-0.659824 14.406553 9.738082 16
-1.155911 6.044109 7.701794 8
-1.543655 13.473582 10.388587 8
3.265755 6.912434 9.482212 8
-0.218417 14.239914 8.529989 8
2.177120 7.150418 7.220250 6
0.708562 14.548562 10.816601 6
2.498059 7.398203 6.227682 1
0.360879 14.718848 11.774604 1
1.694941 8.061587 7.398503 1
1.282585 0.530824 10.648742 1
1.649848 6.476075 7.287045 1
1.214448 13.782427 10.758750 1
2.809682 13.600872 15.404014 8
0.129331 6.199845 2.675890 8
2.438174 0.006985 14.736416 6
0.457422 7.432635 3.354642 6
2.379216 0.898820 15.297709 1
0.657296 8.162622 2.740846 1
1.656999 14.648721 14.253927 1
1.386117 7.348066 3.776109 1
3.595073 0.280624 13.663997 6
-0.607903 7.710875 4.267076 6
3.273099 0.110039 12.891598 1
-0.266607 7.531283 5.242029 1
-1.871294 1.269059 13.743399 1
4.751545 8.592488 4.217099 1
-1.092021 14.226086 14.281697 8
3.906139 6.869701 3.847837 8
-1.678000 13.271608 14.943184 6
4.648501 5.772604 3.143601 6
-1.724093 12.526269 14.211219 1
4.797036 5.145984 3.793994 1
-0.661309 12.643660 15.892345 6
3.653366 5.387572 2.034622 6
-1.157812 12.004250 16.504401 1
4.095759 4.507071 1.621852 1
0.206352 12.313839 15.582521 1
2.831740 5.095753 2.358604 1
-0.461547 13.729402 17.057703 6
3.356272 6.482622 1.019981 6
-1.315959 13.917086 17.541310 1
4.275780 6.506357 0.557833 1
-0.169047 14.540334 16.502540 1
3.145392 7.107068 1.511987 1
0.796652 13.352302 17.979814 6
2.305111 6.143524 0.042352 6
1.508505 13.275939 17.452634 1
1.473956 5.821470 0.462148 1
3.724411 14.593371 0.900310 6
-0.595372 7.102338 17.197721 6
3.803562 0.617741 0.330303 1
-0.782987 8.001078 17.694051 1
2.545498 0.057041 1.812821 6
0.545045 7.563796 16.074188 6
2.114137 0.919635 1.712232 1
0.877484 8.416385 16.283350 1
1.801572 14.234992 1.667827 1
1.075911 6.773678 16.234933 1
3.083713 0.015278 3.212500 8
-0.124602 7.399343 14.784249 8
4.452207 0.181488 3.032668 6
-1.594888 7.665261 15.022292 6
4.866098 14.367320 1.765218 8
-1.895743 6.956116 16.219596 8
-0.434978 14.328539 4.048120 6
3.302394 6.975198 14.025763 6
-0.612751 14.626137 4.864816 1
3.522411 7.341386 13.207675 1
0.598276 14.277140 3.840674 1
2.454405 6.830321 14.220834 1
4.957546 13.306074 4.070297 1
-1.961205 6.050876 13.860513 1
4.854595 1.657434 2.756154 6
-1.892773 8.983023 15.102990 6
4.733703 2.070335 3.700464 1
-1.702713 9.571505 14.265033 1
4.274578 2.122114 2.227880 1
-1.183537 9.544655 15.858353 1
-0.049203 1.802505 2.544963 1
2.844715 9.144020 15.407400 1
3.088743 12.309954 0.754250 8
-0.139744 4.791676 17.283242 8
3.889428 10.894854 0.551373 16
-0.858661 3.547275 17.349495 16
3.035741 9.952694 1.259362 8
0.076609 2.651746 16.723804 8
1.628584 10.639239 17.449869 8
1.384750 3.258045 0.716973 8
5.165667 11.111891 1.647240 6
-2.237140 3.839709 16.253103 6
0.060909 11.832105 1.359148 1
2.882452 4.395590 16.625985 1
-0.145758 10.330941 1.860866 1
2.992800 2.970421 16.209019 1
4.905085 11.434142 2.566928 1
-1.989083 4.118116 15.535417 1
