3.622269 2.489940 18.711996 17
5.866075 9.688354 2.714249 17
0.540639 3.736527 13.316239 17
2.667798 8.411747 29.382597 17
3.512740 5.691014 14.495345 17
5.948900 6.536073 30.498747 17
0.410873 0.400990 17.481131 17
2.813588 11.758914 1.589684 17
5.828636 5.128928 22.438200 8
3.520703 7.083765 6.459231 8
2.762193 1.004561 9.635176 8
0.429116 11.227877 25.677982 8
5.059150 7.459186 18.042469 8
4.381741 4.759853 2.128553 8
1.947995 10.915546 13.919555 8
1.159362 1.370244 29.968577 8
3.148216 8.421550 17.374067 8
6.230775 3.863188 1.382430 8
6.233057 9.935367 14.654678 8
3.090677 2.267832 30.651880 8
0.616573 7.766871 16.297690 7
2.516549 4.240517 0.162875 7
3.804971 10.404120 15.679424 7
5.586403 1.694027 31.790925 7
0.790178 5.043627 22.311668 6
2.272382 7.252392 6.288305 6
3.973564 1.090608 9.673964 6
5.454396 11.122143 25.592459 6
1.522807 4.147073 23.371761 6
1.593619 7.955420 7.451379 6
4.642257 1.829140 8.677597 6
4.920743 10.318959 24.664857 6
1.037952 2.755485 23.566783 6
2.062525 9.406132 7.643993 6
4.389711 3.190250 8.272308 6
5.210645 8.881094 24.285813 6
1.778265 2.140516 24.814194 6
1.545368 9.898953 8.844255 6
4.810672 3.871152 7.176928 6
4.611479 8.326064 23.194473 6
2.527874 2.932843 25.618071 6
0.586009 9.224136 9.557408 6
5.649648 3.088012 6.330521 6
3.849126 8.909865 22.350571 6
2.837428 4.229567 25.479941 6
0.188081 7.962494 9.304949 6
6.067215 1.843654 6.642569 6
3.443348 10.381332 22.674714 6
2.307260 4.788669 24.264903 6
0.839063 7.293033 8.164831 6
5.470816 1.253486 7.666853 6
3.877696 10.932305 23.723374 6
0.289947 1.985965 22.855237 6
3.031333 10.178474 6.760803 6
3.289864 4.217930 9.140272 6
6.139827 8.012358 25.203337 6
0.333052 2.169799 21.309165 6
2.722636 10.031429 5.269659 6
3.541906 3.957885 10.795768 6
5.889327 8.307467 26.675729 6
4.983449 2.125591 23.088323 6
4.419603 9.947671 7.158435 6
1.963773 3.941211 8.881295 6
1.240963 8.237344 24.886376 6
3.867422 4.952455 26.279367 6
5.749645 7.244681 10.310612 6
0.736198 1.086966 5.705798 6
2.589040 11.133461 21.751395 6
5.285820 4.456306 26.372635 6
4.285758 7.667788 10.268016 6
1.993452 1.666676 5.638758 6
1.158050 10.473208 21.723031 6
3.194557 5.103753 27.657704 6
6.217591 7.112535 11.749897 6
0.034401 1.057150 4.179305 6
3.104565 11.125940 20.220399 6
1.719305 5.661841 21.279794 6
1.566041 6.523743 5.325191 6
4.859922 0.291839 10.743668 6
4.593539 11.844912 26.731245 6
2.919094 5.281700 21.033682 6
0.195830 6.802466 4.990691 6
6.041934 0.726003 10.865768 6
3.389510 11.392549 26.939622 6
3.701052 5.998961 20.117625 6
5.799347 6.159790 3.975896 6
0.472659 0.141568 12.055455 6
2.595304 11.904519 27.959068 6
3.081988 6.968279 19.202921 6
0.160168 5.273802 3.274819 6
6.260894 11.197078 12.630817 6
3.165934 0.797459 28.725054 6
1.799663 7.299591 19.560920 6
1.471785 4.758353 3.507306 6
4.900397 10.939503 12.507050 6
4.598121 1.212600 28.361166 6
1.063483 6.813178 20.512936 6
2.023964 5.371965 4.690405 6
4.222225 11.482263 11.413306 6
5.206261 0.652303 27.481764 6
3.918593 7.562901 18.110641 6
5.584166 4.478695 2.067333 6
0.640359 10.606635 13.826876 6
2.395577 1.526076 29.878617 6
1.426024 5.438695 16.223659 6
1.700770 6.742929 0.156311 6
4.645071 0.551286 15.838217 6
4.849687 11.608922 31.863006 6
0.868375 4.899074 17.277108 6
2.335344 7.258858 1.271690 6
4.043945 1.159039 14.590430 6
5.332488 11.004639 30.720651 6
1.538879 4.018817 18.003241 6
1.676021 8.268751 2.089602 6
4.690668 2.181482 13.862600 6
4.754686 10.079624 29.849829 6
2.739402 3.635139 17.653302 6
0.336891 8.561013 1.691911 6
6.029300 2.495251 14.357510 6
3.479330 9.640459 30.218236 6
3.512000 4.052925 16.648797 6
6.024544 8.024244 0.527787 6
0.233957 2.013615 15.377997 6
2.857814 10.083044 31.349217 6
2.713604 5.053859 15.883304 6
0.399579 7.125802 31.918958 6
5.846152 1.131130 16.209455 6
3.606943 11.078774 0.065319 6
0.816311 6.518495 15.357343 6
2.286910 5.600971 31.465071 6
3.978369 11.751222 16.654617 6
5.451440 0.585675 0.464544 6
6.119395 7.801263 16.865636 1
3.266837 4.371071 0.863151 1
3.053237 10.401812 15.282249 1
6.302302 1.735775 31.205709 1
0.758749 8.580478 15.738040 1
2.514519 3.527483 31.602565 1
3.909712 9.623370 16.328555 1
5.672220 2.503578 0.265766 1
1.430522 7.984187 16.787668 1
1.693250 4.334525 0.862388 1
4.643209 10.323100 15.259196 1
4.814690 1.833178 31.229739 1
1.461668 1.355765 25.026821 1
1.564656 10.829955 9.000433 1
4.669597 4.756197 7.087815 1
4.744443 7.377060 23.154975 1
2.900763 2.356647 26.378820 1
0.359302 9.771338 10.489759 1
5.941718 3.713196 5.632067 1
3.393527 8.571666 21.571065 1
2.685896 5.751632 24.050015 1
0.532898 6.410832 8.063719 1
5.711094 0.445257 8.009966 1
3.661711 11.856769 23.928594 1
0.506680 0.977177 23.034952 1
2.836021 11.181528 6.955083 1
3.601584 5.066512 8.945657 1
5.835789 7.206532 25.055135 1
0.091448 2.931243 21.001551 1
3.182557 9.197445 4.945308 1
3.174485 3.187954 10.928115 1
0.008961 9.001746 26.989263 1
6.261254 1.419828 20.865902 1
3.214269 10.716258 4.830081 1
3.085396 4.569358 11.194088 1
0.011696 7.484781 27.130410 1
1.390951 2.118519 21.155900 1
1.812416 10.059620 5.056678 1
4.552465 3.901987 11.015225 1
4.961912 8.215432 26.960758 1
4.662658 2.962389 22.978296 1
4.615540 9.093152 6.829312 1
1.636655 3.036359 9.111740 1
1.641792 8.991377 25.116211 1
4.457003 1.382585 22.693650 1
4.964631 10.581749 6.691275 1
1.306213 4.622574 9.362042 1
1.829759 7.586420 25.290322 1
5.015941 2.008667 24.048741 1
4.431588 10.168297 8.107656 1
1.693785 4.014922 7.983222 1
1.294674 8.228095 23.897826 1
3.791870 5.974977 26.036701 1
5.679373 6.198376 9.992231 1
0.745220 0.107163 5.955935 1
2.447134 11.904550 21.953658 1
5.618834 4.480123 25.381299 1
3.857176 7.742289 9.460114 1
2.471912 1.582868 6.547582 1
0.647546 10.580317 22.572663 1
5.203941 3.450033 26.678722 1
4.198460 8.695334 10.623836 1
1.965385 2.537846 5.361384 1
1.094651 9.527994 21.435148 1
5.778640 4.939969 26.983520 1
3.695533 7.289714 10.942639 1
2.668013 1.047934 4.973471 1
0.490847 11.011586 21.013035 1
2.341302 5.266939 27.679560 1
0.751266 6.826331 11.626245 1
5.420518 0.774146 4.396460 1
4.024599 11.399614 20.338579 1
3.724827 5.780898 28.349757 1
5.650629 6.471761 12.163935 1
0.465809 0.279626 3.767840 1
2.685241 11.884443 19.703968 1
3.394484 4.274643 28.117224 1
6.186208 7.856141 12.078793 1
0.178034 1.802121 3.774557 1
3.006844 10.362133 19.894554 1
3.416929 4.682339 21.670747 1
6.097345 7.489589 5.583968 1
0.175643 1.523871 10.413915 1
2.891141 10.674749 26.540958 1
4.544972 5.689155 19.777586 1
4.920180 6.559687 3.823101 1
1.425439 0.398940 12.096806 1
1.753375 11.656080 28.111167 1
1.371284 8.078725 19.029089 1
1.844967 4.084897 3.010604 1
4.410161 10.253981 12.898013 1
4.888713 1.977856 29.002755 1
0.223491 7.083822 20.752120 1
2.999603 5.198801 4.856587 1
3.298433 11.269233 11.257575 1
6.194134 1.014361 27.237432 1
0.072526 5.192100 17.595774 1
3.234256 6.890540 1.479305 1
3.168263 0.893832 14.450092 1
6.256928 11.191499 30.411993 1
1.101440 3.507732 18.904109 1
2.000992 8.541323 2.855163 1
4.231801 2.520003 13.181168 1
5.179887 9.638471 29.180147 1
4.212811 3.700873 16.469861 1
5.183810 8.350390 0.292037 1
1.186258 2.310467 15.587952 1
1.970511 9.802614 31.603343 1
1.333879 6.847941 14.746688 1
1.925329 5.482731 30.572924 1
4.453915 11.549834 17.282333 1
4.952552 0.767123 1.436338 1
6.146970 6.337166 15.284581 1
3.173824 5.780671 31.310367 1
3.021547 12.014783 16.713289 1
0.063688 0.254738 0.820870 1
