3.412952 5.552730 12.320880 16
1.592372 4.521998 0.682514 16
6.450222 0.523287 22.615570 16
8.336766 9.496891 10.922717 16
0.804569 3.006328 9.006424 8
4.012337 7.181064 20.643027 8
9.068647 8.073510 2.539579 8
5.799738 2.002493 14.213742 8
5.491455 2.577997 10.253712 8
9.435991 7.394642 21.826037 8
4.321699 7.606638 1.323095 8
0.621144 2.461474 12.836264 8
2.062759 5.496039 7.640447 8
2.919671 4.488883 19.321236 8
7.947542 0.579482 3.955101 8
6.972543 9.545676 15.510951 8
2.458721 8.698263 7.034980 8
2.347238 1.295112 18.606780 8
7.330714 3.748020 4.508540 8
7.420019 6.519905 16.064710 8
3.719847 8.290100 5.131121 8
1.153176 1.680790 16.812080 8
6.151891 3.366682 6.272617 8
8.793430 6.726269 18.022945 8
2.286245 4.287817 10.198841 7
2.606392 5.679670 21.873277 7
7.671582 9.405316 1.336478 7
7.200860 0.657152 12.975773 7
9.786045 5.859096 8.322172 7
5.047779 4.140198 20.081305 7
0.021336 0.877407 3.247360 7
4.802447 9.218840 14.746034 7
4.562141 3.916263 8.760051 7
0.374676 6.212421 20.195059 7
5.444818 8.966621 2.807735 7
9.367091 1.158801 14.421953 7
5.197384 3.783298 8.189050 1
9.576047 6.285449 19.732604 1
4.673688 8.970897 3.419427 1
0.200921 1.242362 15.109873 1
3.701218 4.392986 8.511298 1
1.278191 5.840379 20.053079 1
6.198046 9.327847 3.220442 1
8.618324 0.634069 14.649002 1
1.915032 7.271216 5.473806 7
3.003522 2.776539 17.150919 7
7.945141 2.153198 6.163125 7
6.899943 7.849764 17.611789 7
2.345335 5.748301 10.735615 6
2.458691 4.366206 22.295135 6
7.558659 0.744636 0.999162 6
7.435423 9.396421 12.491370 6
3.038780 6.235902 9.979939 1
1.923430 3.835599 21.656593 1
7.033406 1.146954 1.659602 1
7.986806 8.899444 13.243800 1
3.596938 3.747783 12.151551 6
1.488239 6.378887 0.635628 6
6.386532 8.741765 22.540466 6
8.492908 1.229994 11.018912 6
4.489644 3.463700 12.558745 1
0.573310 6.680426 0.932367 1
5.462299 8.538572 22.349670 1
9.266647 1.633588 10.785002 1
2.866693 3.421353 12.738672 1
2.079779 6.657128 1.112707 1
7.044004 8.375149 21.917436 1
7.695218 1.616356 10.443613 1
3.181950 3.476190 10.708520 6
1.618784 6.690700 22.350842 6
6.727140 8.473953 0.818633 6
8.115956 1.599356 12.521155 6
2.783770 2.523800 10.838253 1
2.159818 7.651643 22.236680 1
7.110264 7.559863 0.900565 1
7.752986 2.545657 12.490254 1
1.095774 4.015595 9.494323 6
3.811003 6.082234 21.195987 6
8.798053 9.147937 2.049277 6
5.996543 1.031804 13.563239 6
0.212235 5.314629 9.638011 6
4.718585 4.781466 21.253971 6
9.713313 0.200656 1.877341 6
5.109743 9.791724 13.474631 6
1.026494 6.149609 10.673291 6
3.865393 3.955657 22.341460 6
8.987882 1.216588 1.005367 6
5.866970 8.986706 12.464193 6
0.883301 7.225270 10.428063 1
3.982326 2.989927 21.975015 1
9.029270 2.047366 1.155173 1
5.835237 8.045370 12.727303 1
0.637702 6.060605 11.640116 1
4.438246 3.962931 0.065932 1
9.224605 1.099816 23.135414 1
5.558759 8.942305 11.518451 1
8.678380 6.902226 8.358388 6
6.231172 3.187717 19.865286 6
1.201597 1.751587 3.218503 6
3.624344 8.315632 14.838457 6
8.491218 6.983200 7.385315 1
6.304564 2.941332 18.999124 1
1.421646 2.097757 4.187707 1
3.467962 8.169141 15.820195 1
8.788391 7.708962 8.785370 1
6.036983 2.375079 20.377842 1
1.117423 2.680105 2.680177 1
3.917871 7.393819 14.285523 1
7.469021 6.245391 9.053469 6
7.430562 3.894949 20.481864 6
2.485008 1.120184 2.641808 6
2.452704 8.984264 14.278545 6
7.139266 5.543263 8.361115 1
7.762284 4.684527 19.963671 1
2.776116 0.311307 3.186307 1
2.076532 9.745905 14.704381 1
6.588876 6.827332 9.077257 1
8.243307 3.138900 20.569707 1
3.251102 1.860694 2.545287 1
1.660307 8.264135 14.126643 1
7.639196 5.753605 10.431552 6
7.102211 4.305670 21.993827 6
2.156672 0.750698 1.248783 6
2.726417 9.433441 12.724163 6
6.790769 5.257804 10.742851 1
7.936299 4.847584 22.439810 1
3.009045 0.241614 0.909044 1
1.953462 9.792443 12.347986 1
7.887129 6.497037 10.871685 1
6.951858 3.520883 22.601089 1
1.880419 1.372829 0.623279 1
2.935934 8.728613 12.146831 1
8.849927 4.784050 10.395564 6
6.075523 5.431875 21.962713 6
0.989293 9.686003 1.361808 6
3.964508 0.265803 12.868740 6
8.561950 4.023637 9.844236 1
6.295052 6.052812 21.294496 1
1.450070 8.936212 1.782293 1
3.516459 1.174807 13.447325 1
9.100698 4.402417 11.240587 1
5.853913 5.666894 22.827470 1
0.900858 9.356918 0.306248 1
3.974614 0.693467 12.027386 1
4.545988 3.185296 9.880990 6
0.396149 6.775576 21.421399 6
5.471172 8.305950 1.804955 6
9.466322 1.734318 13.360020 6
1.008791 6.118781 7.496329 6
4.028387 3.947176 19.170758 6
9.001780 0.951065 4.165506 6
5.960913 9.112153 15.612758 6
0.729299 6.874009 6.219543 6
4.361222 3.104504 17.841746 6
9.153954 1.896473 5.390284 6
5.675353 8.137475 16.952670 6
0.313428 7.845343 6.623940 1
4.806874 2.307145 18.183667 1
9.575777 2.747946 4.970570 1
5.070560 7.285092 16.752607 1
1.984440 6.465827 4.162981 6
2.969884 3.487692 15.941057 6
7.972081 1.578493 7.423433 6
7.026834 8.686907 18.920209 6
2.803262 6.099293 4.121269 1
2.053928 3.929044 15.764586 1
7.070337 1.074002 7.393739 1
7.803271 9.012231 18.997556 1
1.874017 7.244406 3.407989 1
3.053345 2.870700 15.086935 1
7.996232 2.025990 8.126619 1
6.767416 8.030451 19.751690 1
0.926767 5.506965 4.464034 6
3.997118 4.644099 15.948536 6
9.035708 0.494008 7.143503 6
5.849975 9.579369 18.825363 6
1.235816 4.621550 4.792071 1
3.688187 5.496846 16.454032 1
8.733003 9.717285 6.793879 1
6.164024 0.392772 18.442379 1
0.459984 5.301369 3.394427 1
4.498130 4.796247 15.151483 1
9.354982 0.150054 8.121446 1
5.479111 9.964623 19.792557 1
9.634653 6.181758 5.214806 6
5.122804 3.837153 16.914585 6
0.074177 1.108196 6.449843 6
4.861275 9.027429 17.996995 6
9.074661 5.467939 5.704203 1
5.701148 4.616574 17.254448 1
0.858224 0.542683 5.877959 1
4.256076 9.652482 17.483356 1
9.202940 6.786047 4.696324 1
5.631818 3.304964 16.374943 1
0.799731 1.815738 6.959297 1
4.132781 8.350408 18.593187 1
2.839829 8.034890 5.978241 6
2.018528 2.024371 17.463467 6
7.102283 3.097178 5.606155 6
7.766341 6.999151 17.227439 6
3.528441 9.472653 7.760389 6
1.317360 0.603481 19.284938 6
6.254700 4.428643 3.768039 6
8.419211 5.627752 15.373105 6
3.873389 0.645475 7.088743 6
0.975945 9.396426 18.615428 6
5.970310 5.655191 4.689569 6
8.865044 4.323961 16.190560 6
4.471884 0.377056 6.253542 1
0.493736 9.696202 17.732358 1
5.554969 5.395129 5.335114 1
9.300503 4.698643 16.939661 1
4.428906 1.332458 7.485455 1
0.397402 8.898801 19.186822 1
5.494380 6.287046 4.001500 1
9.434948 3.701472 15.663425 1
3.145026 1.070757 6.641748 1
1.754184 8.944868 18.401011 1
6.785813 6.173831 4.770949 1
7.998124 3.915214 16.519491 1
4.720364 8.646108 8.021017 6
0.086026 1.423538 19.728786 6
5.135508 3.566916 3.496184 6
9.780689 6.470632 15.164935 6
5.138786 8.376105 7.131088 1
9.681979 1.642777 18.906657 1
4.700717 3.278251 4.397702 1
0.183041 6.743027 15.961694 1
4.412021 7.873318 8.482098 1
0.467361 2.231607 20.236511 1
5.313883 2.840410 3.135226 1
9.452484 7.317185 14.582102 1
5.311489 9.249796 8.618720 1
9.357966 0.909506 20.224388 1
4.411454 4.185973 2.933259 1
0.372158 6.033588 14.534633 1
2.916906 9.817021 9.141751 6
2.200781 0.295639 20.734316 6
7.101825 4.806980 2.617826 6
7.865572 5.191506 14.101769 6
2.642671 9.062308 9.555863 1
2.343507 0.995157 21.076029 1
7.300577 4.079187 2.040638 1
7.557738 6.118129 13.708068 1
2.000285 0.369366 8.932599 1
2.949646 9.857594 20.359041 1
7.848636 5.349970 2.791014 1
6.886227 4.630956 14.262520 1
3.412868 0.231004 9.696753 1
1.512454 9.769163 21.244393 1
6.428207 5.387102 1.874198 1
8.272867 4.673001 13.450182 1
