4.320432 2.770263 1.093330 8
4.077085 5.404298 21.962340 8
1.323190 0.200491 32.306029 8
6.952361 8.061633 11.451293 8
8.036178 6.814583 30.018613 8
0.191260 1.432692 9.157512 8
2.772178 4.336025 40.355893 8
5.504607 4.046616 19.539329 8
4.502231 2.653405 0.348051 1
3.699486 5.494186 21.004113 1
1.313529 0.406099 31.476518 1
6.840851 7.764307 10.798969 1
7.741595 6.780337 30.803730 1
0.517617 1.468600 9.990765 1
2.685303 4.617456 41.021783 1
5.444820 3.790179 20.380974 1
4.699443 5.123188 0.768443 6
3.600699 3.211522 21.493821 6
7.309812 0.661081 31.860891 6
0.967007 7.746758 11.067096 6
7.632986 0.859653 30.340224 6
0.623307 7.304976 9.609046 6
5.018982 4.796867 40.642997 6
3.091741 3.486516 20.000242 6
3.998050 4.353088 3.042399 6
4.300022 3.980967 23.745593 6
8.110052 8.140941 34.035765 6
0.196292 0.016850 13.266509 6
8.260863 0.271796 28.093547 6
8.144171 8.160559 7.359199 6
4.322043 3.967950 38.447685 6
3.998610 4.240157 17.798132 6
4.315397 5.628490 3.472230 6
4.015166 2.654402 24.077535 6
6.683871 0.155520 34.523773 6
1.517727 8.120795 13.678800 6
8.006364 1.424583 27.697941 6
0.212688 6.690894 6.922363 6
5.575483 4.274623 38.131909 6
2.587653 3.945700 17.247283 6
4.874877 6.474961 1.166347 6
3.359634 1.868850 21.848549 6
5.915392 0.736102 32.190282 6
2.269069 7.645673 11.498379 6
7.587221 2.317390 29.996952 6
0.697296 6.062883 9.187166 6
6.430112 4.811130 40.358264 6
1.831121 3.447396 19.542543 6
4.719848 6.701112 2.446028 6
3.637712 1.631192 23.286103 6
5.705442 0.561557 33.583890 6
2.460548 7.669258 12.964495 6
7.759566 2.454295 28.557085 6
0.576943 5.766503 7.877186 6
6.736047 4.716404 38.992510 6
1.716214 3.633328 18.187211 6
4.799783 7.560547 2.786815 1
3.334773 0.711316 23.633319 1
4.833188 0.735035 34.021815 1
3.355279 7.444098 13.124608 1
7.560748 3.463545 28.277557 1
0.756630 4.827689 7.416160 1
7.496661 4.907901 38.644714 1
0.757147 3.481832 17.867001 1
4.343840 4.110847 1.659582 6
3.912505 4.101232 22.299847 6
0.037952 0.178678 32.616397 6
8.251158 7.991911 12.048250 6
7.953007 8.239091 29.505688 6
0.199216 0.121469 8.773732 6
3.991090 4.311917 39.957685 6
4.122016 3.910844 19.108153 6
3.422129 3.718539 5.257846 6
4.871312 4.674309 25.997963 6
0.471496 7.509793 36.369265 6
7.744350 0.743830 15.674443 6
0.697809 7.762789 25.914049 6
7.561544 0.369220 5.107565 6
3.603365 3.371695 36.169194 6
4.659667 4.828729 15.411148 6
3.490123 3.343477 3.912845 6
4.677851 4.883933 24.569077 6
0.835354 7.730770 35.025815 6
7.353140 0.520893 14.201280 6
0.565224 7.350662 27.206390 6
7.714897 0.785233 6.391951 6
3.386238 3.605448 37.532010 6
4.988355 4.742590 16.765472 6
3.733101 5.064908 5.769498 6
4.567980 3.311294 26.499255 6
7.346000 7.839863 36.753474 6
0.839463 0.443157 16.056642 6
0.301441 0.820556 25.415103 6
7.977998 7.501046 4.754274 6
5.043557 3.768937 35.729119 6
3.269210 4.428826 14.970451 6
3.685854 5.179595 6.704316 1
4.614653 2.978938 27.404246 1
7.258770 7.895697 37.632007 1
1.062069 0.380489 16.908176 1
0.498013 1.145571 24.415316 1
7.840515 7.239909 3.806441 1
5.137535 3.739853 34.854199 1
3.123938 4.548403 14.137345 1
5.166916 7.480062 0.208748 6
3.011294 0.696747 20.975443 6
4.855257 0.961587 31.334910 6
3.304807 7.253914 10.556371 6
7.141982 3.404439 30.811547 6
1.062815 4.830207 10.100421 6
7.509288 5.179090 41.304883 6
0.820745 3.118005 20.446004 6
4.396527 7.793625 40.467608 6
3.739390 0.471912 19.892678 6
4.593636 0.224336 30.143946 6
3.631214 7.889341 9.464206 6
7.893288 3.649710 32.005479 6
0.354882 4.615073 11.381308 6
7.723226 4.476451 0.989639 6
0.496101 3.770578 21.660105 6
3.598428 7.164171 40.327525 1
4.509991 1.069959 19.546296 1
5.300446 7.762697 29.895232 1
2.951177 0.421335 9.259508 1
0.375425 3.058074 32.284908 1
7.853123 5.165100 11.444510 1
7.144369 3.702398 1.202706 1
1.188631 4.573729 21.804700 1
3.163079 2.088114 3.556899 6
5.050726 6.181463 24.240334 6
2.100895 7.269958 34.629679 6
6.090599 0.871892 13.931855 6
1.063579 6.044778 27.503003 6
7.377523 2.183741 6.846042 6
1.907587 3.114999 37.857645 6
6.335432 4.996621 17.246308 6
3.265785 1.731126 2.679102 1
5.140616 6.428053 23.402254 1
2.395700 7.274238 33.690962 1
5.849551 1.037216 12.959051 1
0.928854 5.895946 28.379867 1
7.348477 2.311222 7.788807 1
1.664285 3.125251 38.805182 1
6.580365 5.101428 18.081379 1
4.143999 5.963010 4.847393 6
4.050211 2.276024 25.503954 6
6.524374 0.042535 35.897624 6
1.698732 0.011700 15.105723 6
8.158522 1.810611 26.327332 6
0.062615 6.496327 5.582728 6
5.854986 4.119682 36.713234 6
2.413133 4.044316 15.909314 6
4.403500 6.700136 5.100775 1
3.938609 1.542131 25.834283 1
5.604078 0.185552 36.264282 1
2.687909 8.036642 15.459912 1
8.061697 2.585025 26.034360 1
0.138058 5.633446 5.278182 1
6.863703 4.433279 36.355314 1
1.525267 3.951940 15.623808 1
6.316918 0.087156 0.426066 6
1.976520 8.192270 21.249497 6
4.147415 2.107367 31.499947 6
4.154221 6.202322 10.843722 6
6.075197 4.170264 30.668365 6
2.134543 3.995203 9.814812 6
0.003386 6.350678 40.874221 6
8.208083 2.083554 20.197771 6
6.839331 0.038880 1.299624 1
1.487490 8.235356 21.997730 1
4.089447 2.614355 32.427145 1
4.116287 5.573353 11.706483 1
5.610682 4.042174 29.831017 1
2.532942 4.132240 8.996721 1
0.057823 6.715990 40.217514 1
0.048991 1.526107 19.418688 1
2.948665 2.637571 6.148656 6
5.268689 5.526145 27.031819 6
1.520940 7.147057 37.363010 6
6.728695 1.119027 16.667265 6
1.147693 6.802053 24.929653 6
7.099138 1.410930 4.149059 6
2.657232 3.021964 35.240061 6
5.587689 5.250651 14.493767 6
3.010391 2.971787 7.085098 1
5.272709 5.398479 27.833478 1
1.255454 7.147272 38.125181 1
7.111776 1.109595 17.469248 1
1.216759 7.092135 23.925347 1
7.128938 1.165873 3.141840 1
2.998683 2.898507 34.275838 1
5.403420 5.188177 13.574026 1
2.793791 1.095595 4.537473 6
5.452202 7.215690 25.113972 6
2.973761 6.904633 35.474413 6
5.128880 1.474280 14.902961 6
1.415595 5.314128 26.611948 6
6.908446 3.070209 5.938019 6
1.089903 2.795902 37.002591 6
7.091410 5.571217 16.150782 6
2.536652 0.187173 4.156983 1
5.802773 8.027213 24.846727 1
3.937924 6.676926 35.272193 1
4.251272 1.637914 14.638956 1
1.739607 4.259830 26.785821 1
6.557160 3.837623 6.089631 1
0.194012 2.477267 37.210810 1
8.101138 5.755333 16.561218 1
4.796300 0.476050 39.550267 6
3.554157 7.872117 18.822140 6
3.623676 0.704375 29.212618 6
4.674786 7.682729 8.604200 6
7.552021 4.523255 32.882597 6
0.740240 3.741997 12.258116 6
0.381655 4.722808 1.812616 6
7.783902 3.565520 22.581877 6
4.207188 0.660335 38.868387 1
4.014644 7.600765 18.203191 1
3.503779 0.124098 28.400789 1
4.676783 8.133683 7.766915 1
8.087523 4.698954 33.581485 1
0.055624 3.624739 12.899660 1
0.639072 4.241500 2.580164 1
7.609134 3.981101 23.365327 1
2.691383 1.488880 5.839325 6
5.538946 6.794299 26.560518 6
2.615547 6.888347 36.909819 6
5.549237 1.359762 16.273544 6
1.410935 5.640309 25.184935 6
6.881181 2.709080 4.553240 6
1.490296 2.657248 35.712940 6
6.729922 5.505272 14.868346 6
2.402431 0.855754 6.550727 1
5.771475 7.469449 27.108178 1
3.304000 6.540536 37.662235 1
5.000956 1.588017 16.855949 1
1.756701 4.895375 24.701873 1
6.584141 3.351856 3.955604 1
0.840895 2.500552 34.991530 1
7.423203 5.846665 14.271138 1
5.802991 1.272856 39.851133 6
2.411382 7.075497 19.119155 6
2.861478 1.791229 29.441945 6
5.387703 6.483401 8.841151 6
6.596308 5.410667 32.683457 6
1.793410 2.853802 12.016374 6
1.196140 5.967414 1.647777 6
6.927073 2.302986 22.331882 6
6.074502 1.931327 39.278952 1
2.064554 6.334006 18.498945 1
2.257960 2.089418 28.909703 1
6.040286 6.254512 8.170565 1
6.223918 6.065558 33.186574 1
2.074364 2.235209 12.597801 1
2.010965 6.180752 2.181099 1
6.387799 2.026451 23.014926 1
6.637702 0.980340 40.992917 6
1.644065 7.170180 20.291356 6
3.015656 2.429918 30.648035 6
5.230123 5.722790 9.981018 6
5.867685 5.217514 31.598572 6
2.390652 3.035326 10.791110 6
1.059637 6.610323 0.414762 6
7.193355 1.602497 21.194507 6
7.417478 1.560480 41.278569 1
0.981730 6.613707 20.499308 1
2.582181 3.257718 30.797668 1
5.677961 4.969545 10.153662 1
5.117522 5.781690 31.227612 1
3.233233 2.535672 10.649582 1
1.527897 7.454123 0.146610 1
6.604613 0.862994 20.895101 1
