0.415705 3.599801 3.711937 8
3.404540 1.350552 5.883711 8
-0.764150 2.004057 2.639957 8
4.570515 2.986349 6.772265 8
5.544147 -0.805450 3.769524 8
-1.679902 5.720372 5.720889 8
5.354231 7.285689 0.454587 8
-1.644997 -2.296135 9.025564 8
0.580773 4.333858 2.318775 6
3.369136 0.708135 7.050154 6
1.137853 5.091808 2.406121 1
2.736303 -0.127147 6.921775 1
-0.286665 4.501826 1.906866 1
4.250786 0.592991 7.485086 1
0.951041 3.721202 1.741355 1
2.950771 1.200594 7.851004 1
-0.255973 2.371988 3.673454 6
4.116986 2.565624 5.826289 6
-0.212861 1.876228 5.005140 6
4.057746 3.200585 4.616318 6
0.163925 2.547235 6.030942 6
3.784366 2.298382 3.306547 6
0.346813 3.491713 5.909545 1
3.426726 1.524612 3.503860 1
0.088569 1.963523 7.402018 6
3.821794 2.979012 2.164048 6
0.271755 2.436338 8.164680 1
3.708326 2.407677 1.336300 1
-0.502993 0.646372 7.398605 6
4.304420 4.215326 2.010441 6
-0.569017 0.216992 8.427732 1
4.454182 4.632443 1.061458 1
-0.790708 0.063059 6.264787 6
4.605014 5.025346 3.126761 6
-1.147204 -0.928817 6.515663 1
5.062290 5.909330 3.031626 1
-0.754056 0.510589 5.093576 6
4.520669 4.389751 4.382404 6
-1.023234 -0.257726 3.911810 6
4.806670 5.313299 5.690502 6
0.125631 -0.691361 3.005797 6
3.829466 5.676512 6.438519 6
1.331219 -0.768615 3.376510 6
2.542128 5.754434 6.084903 6
1.666329 -0.535046 4.398280 1
2.346156 5.384295 5.222809 1
2.162108 7.917213 2.591160 6
1.772806 -3.060453 6.877825 6
3.351391 -1.167482 2.820557 1
0.463699 6.184046 6.626356 1
1.970766 7.550502 1.233112 6
1.906857 -2.645440 8.208264 6
2.515168 7.157205 0.700460 1
1.307179 -2.311405 8.830089 1
0.638696 7.542338 0.931777 6
3.320814 -2.607429 8.643214 6
-3.263243 3.067130 9.414498 1
7.182033 1.923629 0.018891 1
-0.419106 8.030977 1.740023 6
4.398193 -3.088583 7.892672 6
5.883054 8.182743 1.107467 6
-1.976466 -3.224384 8.373822 6
5.575026 -0.234960 1.494028 1
-1.618487 5.223125 8.073894 1
