0.289524 0.690706 2.928204 27
0.531452 7.645271 13.006617 27
7.540995 13.277813 12.939873 27
7.331181 6.275454 2.890747 27
1.064889 0.303980 5.126737 27
-0.325787 7.297168 10.702897 27
6.892674 13.595144 10.732923 27
8.174061 6.661612 5.185365 27
1.976890 2.107442 2.349311 15
-1.190768 9.029563 13.449604 15
5.862049 11.926476 13.478612 15
9.010536 4.900934 2.413249 15
3.140054 1.034898 4.864194 15
-2.345278 7.998372 11.153596 15
4.902397 12.950839 10.983518 15
10.195420 5.882172 4.930278 15
0.517920 11.925479 1.809956 8
0.125108 4.958672 13.951226 8
7.324989 2.066701 13.952175 8
7.608184 8.909099 1.896564 8
12.494982 1.754383 1.194136 8
2.507218 8.745010 14.847943 8
-4.660579 12.255762 14.914336 8
5.445722 5.180370 1.121524 8
1.284705 11.252227 5.067801 8
-0.498296 4.312882 10.889130 8
6.568622 2.687577 10.852329 8
8.191203 9.562744 5.130121 8
0.609464 0.531228 8.118105 8
0.041660 7.658601 7.927360 8
7.260546 13.293106 7.805980 8
7.747588 6.324543 7.972480 8
3.189417 2.121116 3.558804 7
-2.396095 9.015918 12.427351 7
4.552789 11.841290 12.441662 7
10.346501 4.993830 3.662313 7
1.700014 3.667136 2.343523 7
-0.902097 10.639086 13.512794 7
6.167990 10.167297 13.662301 7
8.577231 3.357828 2.403384 7
2.712938 1.956716 0.956237 7
-1.911781 8.769567 15.042915 7
5.008995 12.079469 14.998199 7
9.791781 5.105637 0.999051 7
3.911145 1.928756 6.084352 7
-2.986846 8.715543 9.878466 7
3.973077 12.010982 9.865721 7
10.916558 5.099323 6.101430 7
4.267170 13.676826 4.484329 7
-3.579346 6.909606 11.306249 7
3.626070 0.229805 11.359534 7
11.379317 7.157258 4.469335 7
4.483385 2.964563 3.342886 6
-3.599902 9.750534 12.449544 6
3.356701 11.112878 12.501508 6
11.414746 4.076034 3.387139 6
3.197891 2.692996 6.996614 6
-2.407184 9.632048 9.023568 6
4.629898 11.122474 9.076779 6
10.336405 4.188303 6.953023 6
4.011111 3.256130 7.708421 6
10.859122 10.407675 8.139025 6
3.849364 10.584195 8.307837 6
-2.920096 3.715506 7.662020 6
5.370449 2.858370 7.428638 6
9.588745 9.770370 8.579685 6
2.443603 11.038924 8.599321 6
-1.751663 4.186353 7.454227 6
5.069360 1.911671 6.520930 6
9.862902 8.875545 9.539857 6
2.775945 11.891192 9.546198 6
-1.815249 5.089218 6.395705 6
4.769288 13.425655 3.378719 6
-4.012962 6.451896 12.578517 6
3.102710 0.520035 12.608714 6
11.767878 7.453205 3.365100 6
5.520801 12.314392 3.558969 6
-4.734271 5.240328 12.369610 6
2.486777 1.759435 12.442324 6
12.442359 8.744515 3.437781 6
5.417720 11.853077 4.778535 6
9.447174 4.959630 11.098421 6
2.370356 2.099343 11.007949 6
-1.662106 9.001402 4.729307 6
4.706282 12.822761 5.391209 6
-3.937288 5.903421 10.505400 6
3.212806 1.030145 10.392036 6
11.804027 8.004795 5.384959 6
2.903622 0.746257 0.352223 6
-2.170932 7.662172 15.561815 6
4.829419 13.139149 15.642953 6
10.076901 6.348507 0.225702 6
-2.494507 0.818124 15.245448 6
3.258962 7.941111 0.744485 6
10.458117 13.111830 0.798445 6
4.577261 6.163160 15.073223 6
-2.251339 2.208818 15.149167 6
2.921642 9.250120 0.879496 6
10.063764 11.729700 0.860356 6
4.944588 4.676645 15.161957 6
3.542199 2.874744 0.188937 6
-2.591779 9.868060 15.807208 6
4.323085 11.173324 15.649026 6
10.615337 4.135934 0.127947 6
1.672358 4.683586 3.333490 6
-0.793760 11.527854 12.546514 6
6.266475 9.371120 12.523427 6
8.717235 2.405989 3.303150 6
0.937771 5.675708 3.057572 6
-0.151781 12.683451 12.899273 6
7.021432 8.202548 13.013760 6
7.899509 1.210963 3.016897 6
0.396521 5.406960 1.757519 6
0.427746 12.350758 14.293298 6
7.393639 8.505159 14.204424 6
7.469199 1.542401 1.774124 6
0.757950 4.269581 1.213231 6
-0.041283 11.270742 14.528871 6
7.056286 9.608571 14.638829 6
8.002439 2.704189 1.410831 6
0.023254 1.680004 4.616510 6
0.801644 8.707048 11.391487 6
7.910675 12.227106 11.372464 6
7.020772 5.385505 4.477127 6
-0.752603 0.459881 4.617531 6
1.496673 7.579317 11.315169 6
8.715404 13.302387 11.313575 6
6.396207 6.393533 4.571414 6
12.147410 13.903021 4.855013 6
2.792495 6.954364 11.086489 6
-4.216248 13.882623 11.158992 6
5.020342 6.945661 4.884404 6
11.222274 0.602365 5.843210 6
3.685662 7.431224 10.047027 6
-3.342831 13.442315 10.092458 6
4.261918 6.305044 5.889368 6
10.051749 0.104216 6.086579 6
4.962413 6.910260 9.752405 6
-2.242432 13.844446 9.829851 6
2.991278 6.897131 6.152087 6
9.692091 12.737203 5.593175 6
5.367837 5.776608 10.401967 6
-1.807951 1.155166 10.412933 6
2.446129 8.136202 5.500387 6
10.445170 12.213919 4.660136 6
4.517973 5.338797 11.367125 6
-2.601413 1.720014 11.288730 6
3.254402 8.742691 4.605634 6
11.584828 12.836082 4.361385 6
3.319597 5.714216 11.587345 6
-3.706090 1.275183 11.625535 6
4.566207 8.077503 4.250111 6
0.543701 12.982207 2.316098 6
0.255396 6.087682 13.667861 6
7.398813 0.866192 13.714991 6
7.679349 7.954165 2.305922 6
13.295805 1.359921 1.864791 6
1.565386 8.398713 14.083737 6
-5.361124 12.616574 14.073534 6
6.229712 5.540073 1.804718 6
1.161669 12.362926 5.116753 6
-0.430580 5.358027 10.769966 6
6.664648 1.534292 10.804287 6
8.267538 8.456662 5.133294 6
0.750983 0.489189 7.027400 6
-0.090839 7.476781 8.933336 6
6.918013 13.512953 8.904564 6
8.003259 6.470233 6.912204 6
4.408507 3.384580 4.016623 1
-3.715009 10.355309 11.820855 1
3.276072 10.526352 11.825030 1
11.594239 3.460600 3.940000 1
5.194565 2.362509 3.514345 1
-4.478745 9.324639 12.610043 1
2.598095 11.501165 12.422158 1
12.245672 4.622153 3.355983 1
4.532020 3.154242 2.638623 1
-3.653457 10.111449 13.393224 1
3.313380 10.651937 13.316220 1
11.486020 3.854255 2.560349 1
2.344893 2.923660 6.745199 1
-1.426441 9.719469 9.007477 1
5.640285 11.023092 9.173682 1
9.366046 4.110271 6.918828 1
3.755401 4.009155 8.325152 1
-2.904654 10.952248 7.536476 1
4.151662 10.067051 7.606390 1
10.766305 2.975916 8.395938 1
6.127220 3.065700 7.825854 1
8.823030 9.964374 8.175037 1
1.725576 10.914478 8.033024 1
-1.048789 3.940620 7.782903 1
5.812981 1.520311 5.936264 1
9.134475 8.387158 9.981184 1
2.038480 12.412601 9.931330 1
-1.235270 5.523735 6.072069 1
4.515839 13.750141 2.509419 1
-3.808845 6.961183 13.411392 1
3.307625 0.151678 13.315147 1
11.586882 7.082381 2.573126 1
5.750764 11.775538 2.810502 1
-4.843879 4.789296 13.166365 1
2.074219 2.130388 13.260532 1
12.727075 9.016403 2.796707 1
5.798801 11.128086 5.193380 1
9.066960 4.280972 10.832187 1
2.052415 2.799476 10.821498 1
-1.198675 9.728144 5.135523 1
4.416376 12.747363 6.430888 1
-3.697358 5.839257 9.624885 1
3.336659 1.124747 9.528209 1
11.549538 8.047119 6.414829 1
-2.241338 0.237487 14.600580 1
3.079214 7.103501 1.362959 1
10.115611 13.737784 1.305269 1
4.688139 6.822360 14.652335 1
-1.723446 2.692834 14.640728 1
2.497987 9.590305 1.373133 1
9.569077 11.189118 1.437895 1
5.344101 4.346650 14.643002 1
3.354441 3.726056 0.528865 1
-2.689265 10.674199 15.369104 1
4.386293 10.227854 15.350017 1
10.590704 3.174801 0.484263 1
2.643082 13.840775 0.659822 1
-1.852515 6.870010 15.388943 1
5.307894 13.907359 15.381753 1
9.569016 7.060150 0.659254 1
2.128836 4.357257 4.188068 1
-1.357965 11.421716 11.770238 1
5.716325 9.460197 11.703461 1
9.181361 2.543558 4.159873 1
0.768661 6.344205 3.457468 1
-0.112278 13.318482 12.320408 1
6.978487 7.566254 12.405518 1
7.831467 0.586195 3.475266 1
-0.030822 6.068500 1.163979 1
0.962338 12.874579 14.801024 1
7.928668 7.852291 14.694876 1
7.043540 0.927301 1.215040 1
0.755621 3.798552 0.443657 1
-0.053639 10.814970 15.391876 1
7.129119 10.220098 15.381027 1
7.824192 3.202517 0.464956 1
-0.205913 2.609275 4.838125 1
0.861747 9.471546 11.181002 1
8.028663 11.321468 11.085643 1
6.966824 4.375071 4.908870 1
-2.482440 1.302398 6.329282 1
3.365925 8.199944 9.583881 1
-3.690628 12.611316 9.757329 1
4.482208 5.591771 6.298805 1
9.498576 0.532526 6.729598 1
5.317611 7.456052 9.144356 1
-1.729899 13.517935 9.099864 1
2.411694 6.579313 6.676005 1
8.783507 12.435009 5.832985 1
6.185604 5.506285 10.123216 1
-0.969554 1.466682 10.030959 1
1.759555 8.367948 5.914717 1
10.014435 11.404980 4.053162 1
4.748485 4.438739 11.836894 1
-2.218695 2.612931 11.836672 1
3.002079 9.417291 4.063217 1
12.136978 12.279352 3.673056 1
2.854785 5.461582 12.281357 1
-4.279648 1.608793 12.326100 1
5.064806 8.572088 3.616254 1
