-3.612118 1.122773 15.558515 6
3.418298 4.850047 12.363631 6
7.925166 6.706095 2.989425 6
0.953898 2.883328 6.345547 6
-3.674791 1.973968 15.361890 1
3.495907 5.880866 12.557226 1
8.112690 5.799861 3.328561 1
0.796864 1.854969 5.988672 1
-3.457757 0.213915 14.188165 6
3.254196 4.227759 13.561042 6
7.954378 7.498070 4.309602 6
1.081917 3.723016 4.926670 6
-2.725991 0.671128 13.592652 1
2.511502 4.606934 14.050265 1
7.157398 7.248929 4.814497 1
1.878719 3.264911 4.450585 1
-2.956917 6.692484 14.485663 6
2.916001 2.767642 13.311258 6
7.464702 1.125769 3.907490 6
1.442683 5.024567 5.278375 6
-3.775390 6.219088 15.310747 1
3.496580 2.403758 12.517299 1
8.090086 1.656825 3.208544 1
0.939586 5.495198 6.010822 1
-3.066378 6.042087 13.676615 1
2.879024 2.044651 14.104387 1
7.391157 1.802168 4.868149 1
1.409227 5.717340 4.545781 1
-1.655094 6.565514 15.074644 6
1.456642 2.633286 12.712475 6
6.022913 1.221806 3.321471 6
3.030698 5.165703 5.911518 6
-1.348129 7.692498 16.156174 6
1.252967 3.770566 11.645647 6
5.775696 7.791003 2.539178 6
3.293474 3.947352 6.803521 6
-0.160687 7.700596 16.822990 6
0.035498 3.925900 11.130056 6
4.426307 0.012616 1.864618 6
4.457481 3.907580 7.548845 6
0.554594 7.145329 16.540166 1
-0.685671 3.232171 11.106175 1
3.862952 0.642097 1.840202 1
5.115403 4.668661 7.408035 1
0.142824 1.080507 17.665561 6
-0.330451 4.855115 10.217059 6
4.308626 6.790812 1.006778 6
4.703959 2.801749 8.401634 6
-0.772544 2.114413 17.819304 6
0.616985 5.997344 9.985918 6
5.137498 5.665554 0.628900 6
3.812221 1.845266 8.551703 6
-0.514122 2.720423 18.354299 1
0.336530 6.665917 9.403652 1
4.842595 5.072550 0.195909 1
4.083202 1.214412 9.206124 1
-1.958504 1.944713 17.181765 6
1.698800 5.975348 10.563806 6
6.300336 5.854922 1.472216 6
2.521623 1.811988 7.960934 6
-2.531913 2.674274 17.290539 1
2.398024 6.557484 10.425872 1
6.907832 5.059994 1.234597 1
2.074954 1.150653 8.084033 1
-2.326463 0.911708 16.347931 6
2.080818 4.934277 11.499815 6
6.718273 6.792209 2.364196 6
2.324436 2.943686 6.972085 6
-4.855976 0.589000 16.557699 6
4.605457 4.590933 11.250110 6
9.104744 7.089220 2.069154 6
-0.190406 3.189665 7.106292 6
-4.590558 7.456255 16.627579 1
4.491213 3.510609 11.030264 1
9.109443 0.342371 1.869304 1
-0.023907 4.220162 7.345779 1
-5.655881 0.755542 16.049300 1
5.524015 4.793703 11.721633 1
10.002673 7.077479 2.418570 1
-0.997288 3.158194 6.754213 1
-4.632935 1.175450 17.188535 1
4.477680 5.045724 10.554925 1
9.181265 6.542907 1.319065 1
-0.240955 2.743626 8.101503 1
-1.537083 5.150543 15.843040 6
1.336948 1.376187 11.889048 6
5.934809 2.581613 2.663796 6
3.097877 6.436238 6.688235 6
-0.496798 5.116997 16.263191 1
0.340622 1.224747 11.541617 1
4.919771 2.647851 2.214879 1
4.015138 6.572404 7.031833 1
-1.793137 4.400102 15.404594 1
1.554630 0.536169 12.543842 1
6.127781 3.333595 3.171128 1
2.858097 7.146383 6.060473 1
-2.027443 5.241902 16.725490 1
1.932244 1.243743 11.121746 1
6.558841 2.516712 1.923312 1
2.460856 6.557550 7.475963 1
-0.677005 6.505723 13.886117 6
0.436900 2.583113 13.785329 6
5.032837 1.206744 4.491877 6
3.901566 5.154159 4.709627 6
-0.689739 7.363852 13.511996 1
0.612430 3.427581 14.362286 1
5.056604 0.376837 4.995790 1
3.769095 4.297390 4.116032 1
-0.715788 5.732469 13.312292 1
0.631610 1.968713 14.474606 1
5.162911 2.088577 5.128193 1
3.909693 5.930593 4.040624 1
0.280077 6.557763 14.397044 1
-0.499335 2.663524 13.355237 1
4.145828 1.307001 4.276576 1
4.946603 5.116309 5.024445 1
-5.009675 1.057614 12.212160 6
4.786768 4.859407 15.518364 6
9.285937 6.791620 6.355086 6
-0.352931 2.863519 2.930258 6
-4.843049 0.166785 13.392104 6
4.593892 4.255220 14.391469 6
9.086125 7.513145 5.126461 6
-0.125388 3.565598 4.154481 6
-5.882682 7.211223 13.668606 6
5.625467 3.407420 14.095370 6
10.275688 0.633845 4.850497 6
-1.320763 4.555984 4.422231 6
-5.807675 6.759593 14.556158 1
5.529761 2.693036 13.299621 1
10.126326 1.164122 4.084570 1
-1.115429 4.971762 5.270946 1
6.443503 7.165066 13.067233 6
-6.633267 3.326595 14.647872 6
-2.078290 0.634060 5.447868 6
11.074295 4.469443 3.771852 6
5.794210 6.552964 13.351738 1
-5.984429 2.676037 14.346067 1
-1.433913 1.174823 5.093878 1
10.288661 5.101672 4.198604 1
6.460519 0.112053 11.989849 6
-6.636895 4.131839 15.774613 6
-1.888939 7.697565 6.598471 6
10.889398 3.778092 2.782699 6
7.326757 0.904397 11.524630 6
-7.581824 4.862573 16.291173 6
-2.939584 6.850318 6.947131 6
11.917763 2.902412 2.267418 6
7.190862 1.495163 10.823002 1
-7.392651 5.343459 16.959415 1
-2.841293 6.374627 7.734832 1
11.883569 2.321453 1.383934 1
-3.817393 2.022761 11.569354 6
3.721780 5.824910 16.206603 6
8.178803 5.868353 6.993071 6
0.670492 2.037861 2.273311 6
-3.508640 3.210858 12.512621 6
3.426747 7.185291 15.284895 6
8.000943 4.558967 6.120565 6
1.038780 0.763018 3.135113 6
-3.164971 2.931286 13.397305 1
3.112110 6.769423 14.466582 1
7.716365 4.935558 5.186091 1
1.299554 0.967847 4.003772 1
-4.506751 3.675887 12.682229 1
4.164522 7.584896 15.193062 1
8.767477 4.098120 6.026198 1
0.231283 0.128383 3.329534 1
-2.978349 3.822954 12.064030 1
2.789083 7.771766 15.656655 1
7.347194 3.948069 6.437903 1
1.553219 0.147305 2.810150 1
-4.079860 2.439271 10.193503 6
4.028191 6.308205 17.666556 6
8.426039 5.463625 8.347433 6
0.413528 1.395768 0.803611 6
-3.284250 2.827294 9.845699 1
3.239548 6.723507 18.076085 1
7.745489 4.887661 8.717101 1
1.230825 1.002211 0.527745 1
-4.971195 3.119851 10.237767 1
4.796058 6.907420 17.575197 1
9.326279 4.715085 8.357582 1
-0.231846 0.854383 0.866893 1
-4.271100 1.662834 9.551727 1
4.175245 5.586466 18.130610 1
8.841532 6.074433 8.849301 1
0.153635 2.191365 0.431876 1
-2.538128 0.136280 10.906631 6
2.349949 4.030581 17.019371 6
6.998391 7.790508 7.793988 6
2.101478 3.703442 1.634732 6
-3.194208 7.393858 11.068100 1
3.070335 3.430730 16.665005 1
7.658813 0.402580 7.501145 1
1.335329 4.291079 1.852632 1
-1.667903 7.397073 10.937359 1
1.403625 3.542358 16.877899 1
6.103409 0.293148 7.558647 1
2.823661 4.337014 1.765760 1
-2.568434 0.339073 9.856729 1
2.381838 4.269035 17.931792 1
6.926273 7.419826 8.621747 1
2.030347 3.526401 0.496696 1
1.468393 1.093761 18.109365 9
-1.480962 4.914216 9.522089 9
2.942745 6.737376 0.244837 9
6.048515 2.857527 8.978188 9
5.102142 0.196814 11.236567 9
-5.377907 4.160111 16.440020 9
-0.737957 7.598406 7.167681 9
9.737804 3.627334 2.087953 9
-2.454281 1.281352 11.559992 8
2.314251 5.229096 16.116083 8
6.933859 6.581967 6.955096 8
2.078438 2.582219 2.361921 8
