1.254434 5.135177 7.019968 8
20.119326 5.122917 8.135921 8
16.956079 1.910716 7.046663 8
4.296472 1.949857 8.061370 8
29.075473 1.701110 0.163692 8
-7.647912 1.616403 15.006425 8
13.200363 4.767112 0.255121 8
8.163452 4.774836 14.912779 8
0.501490 0.605429 6.111898 8
20.696197 0.746192 9.166420 8
16.313907 3.819584 6.190213 8
5.036699 3.789738 9.046546 8
-0.493638 4.987706 5.479801 6
21.906382 4.904622 9.756107 6
15.289751 1.848118 5.372642 6
5.901480 1.895655 9.782049 6
-0.750276 4.204858 5.882776 1
22.124804 4.092361 9.261870 1
15.095155 1.078761 5.803868 1
6.220548 1.067933 9.332221 1
29.663976 2.401239 1.159919 6
-8.370703 2.438767 13.983550 6
13.923814 5.699433 1.222789 6
7.405737 5.669886 14.100000 6
0.434861 5.707918 6.332807 6
20.788221 5.864338 8.894582 6
16.328752 2.561850 6.305301 6
5.101988 2.566603 8.881451 6
-1.671982 5.684768 5.004214 8
22.845762 5.841903 10.237129 8
14.284151 2.652466 4.968713 8
7.211249 2.668332 10.089886 8
-1.536802 1.915234 2.453478 6
-8.666317 1.873088 12.855995 6
14.253702 5.077667 2.456030 6
7.118350 5.083324 12.938634 6
29.800173 0.976414 2.489769 1
-8.376540 0.910985 12.700733 1
13.881011 4.133891 2.511386 1
7.419583 4.200256 12.722464 1
1.703816 2.410454 7.885402 7
19.799999 2.431084 7.339233 7
17.478315 5.615970 7.894023 7
3.991289 5.713562 7.351679 7
2.575974 2.457212 7.978316 1
18.819868 2.465212 7.329220 1
18.317297 5.688255 7.940273 1
2.995668 5.794398 7.379676 1
1.304124 3.218541 7.485497 1
20.113805 3.313788 7.721615 1
17.085319 0.005963 7.560171 1
4.227928 6.305039 7.667891 1
1.356832 1.680897 7.235307 1
19.908345 1.789515 7.825391 1
17.238160 4.965067 7.254846 1
4.212266 4.894624 7.819255 1
30.155152 3.733863 1.004335 6
-8.697089 3.825592 14.185282 6
14.206777 0.521232 0.959072 6
7.075554 0.662691 14.248123 6
29.840738 4.083847 0.092709 1
-8.500714 4.179376 15.060419 1
14.008959 1.073285 0.213326 1
7.225509 0.989379 15.044395 1
-0.835155 4.426041 1.884171 6
22.130659 4.487413 13.356070 6
14.943239 1.286023 1.845730 6
6.405676 1.350036 13.332301 6
-0.606324 5.366089 1.836399 1
22.041477 5.318835 13.463083 1
15.143146 2.224592 1.832174 1
6.153117 2.074419 13.513062 1
-0.449604 3.789006 3.136271 6
21.830929 3.904022 12.143359 6
15.258926 0.739210 3.051469 6
6.102134 0.701132 12.153576 6
0.234113 4.693321 4.044928 6
21.051186 4.584914 11.121799 6
16.023308 1.486320 4.162426 6
5.171523 1.416881 11.122827 6
0.715858 5.533807 3.680953 1
20.765591 5.438569 11.585223 1
16.451811 2.165344 3.685550 1
4.813225 2.196914 11.495089 1
1.127584 4.022669 4.438262 1
20.262687 4.118356 10.760770 1
16.981534 0.916661 4.379171 1
4.394448 0.885971 10.853363 1
-0.962612 2.506225 3.259975 6
22.320777 2.532010 11.820669 6
14.899517 5.645295 3.410140 6
6.441710 5.615209 11.840071 6
-0.637519 2.030464 4.180914 1
21.941978 2.078277 11.001693 1
15.236076 5.367433 4.107394 1
6.121863 5.251836 11.097977 1
12.959912 0.664644 12.316882 6
8.501870 0.710692 2.902359 6
-2.950630 3.800027 12.378374 6
24.340857 3.889728 2.836629 6
13.028390 1.491508 11.843968 1
8.357216 1.572936 3.378349 1
-2.825458 4.627551 11.852251 1
24.239715 4.601138 3.199412 1
-0.340576 2.015244 9.264583 6
21.724111 1.913202 5.909678 6
15.399473 5.134565 9.293479 6
6.013744 5.114973 5.984384 6
18.881561 1.842679 14.095568 6
2.298063 1.930365 1.155198 6
3.218710 5.016079 14.135829 6
18.151309 4.989854 1.166211 6
19.768443 2.312055 14.006023 1
1.539825 2.278539 1.302196 1
4.106162 5.593150 14.049103 1
17.234847 5.528271 1.126239 1
1.116564 2.243683 9.203948 6
20.200710 2.154218 5.946098 6
16.919542 5.237407 9.334805 6
4.332029 5.412971 5.972947 6
1.489729 1.207364 9.516947 1
19.919881 1.221342 5.638091 1
17.430413 4.388651 9.661561 1
4.071076 4.535962 5.736334 1
-1.285320 3.104368 8.940263 6
22.542930 2.940486 6.410299 6
14.664515 6.238440 8.816888 6
6.836920 6.152799 6.286183 6
-0.732875 3.844335 8.490761 1
22.116398 3.718475 6.777106 1
14.948888 0.625234 8.560095 1
6.431015 0.696445 6.716311 1
16.693322 2.963697 14.122705 7
4.640198 2.895960 1.027976 7
1.024977 6.055345 14.086499 7
20.465889 6.071322 1.176826 7
16.772453 2.647881 15.016921 1
4.631521 2.610396 0.221709 1
0.948526 5.841281 14.969854 1
20.491857 5.854900 0.321877 1
12.569875 4.655357 13.689742 6
8.836118 4.690632 1.498190 6
-3.281323 1.546340 13.750191 6
24.571887 1.498561 1.446100 6
12.507277 3.893578 14.096106 1
8.864579 3.752266 1.016087 1
-3.429980 0.738144 14.098259 1
24.640497 0.688391 1.001965 1
13.772376 5.155330 13.726424 6
7.585670 5.239244 1.579267 6
-2.059632 2.103810 13.726724 6
23.259894 2.087468 1.570312 6
-2.460649 6.101378 6.178921 6
23.866286 5.985597 8.997809 6
13.336213 2.964369 6.116543 6
7.996654 2.955598 9.156774 6
-1.852879 6.301778 6.950993 1
23.335929 6.330058 8.299202 1
13.850356 3.170745 6.944521 1
7.368334 3.250277 8.338075 1
-2.824938 5.256417 6.447450 1
24.306991 5.310414 8.772772 1
12.846972 1.988249 6.492372 1
8.512449 2.033590 8.771818 1
11.533193 5.246188 13.186188 6
9.975014 5.333322 2.104242 6
-4.405561 2.054555 13.102437 6
25.650407 2.051660 2.135220 6
10.636830 4.785605 13.293917 1
10.644173 4.877746 1.957389 1
-5.199230 1.760787 13.178795 1
26.559564 1.683568 2.025239 1
17.905114 2.732668 13.392131 6
3.453239 2.758983 1.797037 6
2.084694 5.990799 13.387678 6
19.369132 5.864081 1.837237 6
-3.098429 1.777655 9.442597 6
24.415724 1.718598 5.799833 6
12.599155 4.855961 9.390995 6
8.615898 4.844778 5.853173 6
-4.035919 1.572421 9.519618 1
25.504725 1.738725 5.839792 1
11.678900 4.893333 9.514461 1
9.665151 4.899669 5.710150 1
17.993929 3.216135 12.327061 8
3.334089 3.212998 3.016550 8
2.205124 0.022073 12.279220 8
19.165281 0.057606 2.961283 8
-0.872189 0.903916 9.662919 6
22.323989 0.764767 5.555416 6
14.878634 4.050843 9.772851 6
6.468675 4.059149 5.397618 6
-0.387602 0.159781 10.102534 1
21.693901 0.180646 5.219280 1
15.390738 3.362737 10.023473 1
5.879978 3.289562 5.180738 1
11.554187 0.072679 12.521254 6
9.803182 0.117584 2.824039 6
-4.224291 3.236248 12.460869 6
25.583724 3.181709 2.733397 6
-2.505132 2.968058 8.938918 6
24.012245 2.806504 6.270155 6
13.213975 6.141258 8.969881 6
8.085471 6.044536 6.312731 6
-3.084729 3.538264 8.509359 1
24.506590 3.643286 6.527512 1
12.778565 0.374256 8.630628 1
8.692284 0.512076 6.614492 1
15.019895 4.540570 14.357514 6
6.304780 4.539105 0.807029 6
-0.802353 1.471100 14.258006 6
22.101171 1.474393 0.853095 6
15.848141 5.363959 14.433098 1
5.609471 5.262146 0.763460 1
-0.069010 2.152141 14.543090 1
21.402810 2.151723 0.811265 1
25.137608 4.166530 0.030317 1
-3.765352 4.153266 15.195111 1
9.196178 1.021386 0.066184 1
12.149604 1.007909 15.154417 1
9.853810 1.785147 12.456860 6
11.400023 1.893109 2.826252 6
-5.941538 5.087925 12.476602 6
27.173418 5.070591 2.729225 6
9.118116 2.287507 12.023671 1
12.180991 2.257516 3.127432 1
-6.592680 5.320719 12.004422 1
28.035256 5.465640 3.195484 1
10.599913 2.552709 12.581776 1
10.634079 2.426861 2.631360 1
-5.229407 5.762396 12.512109 1
26.529302 5.595299 2.671002 1
9.627465 1.542371 13.445189 1
11.618728 1.535318 1.882666 1
-6.079950 4.663121 13.458431 1
27.473268 4.783773 1.730969 1
19.064328 0.569769 13.438663 6
2.378487 0.626405 1.880164 6
3.292562 3.670614 13.471891 6
18.104631 3.785155 1.790329 6
19.836919 0.007817 13.781500 1
1.592397 0.013414 1.473093 1
3.922277 3.138104 13.701029 1
17.410634 3.149512 1.449797 1
19.152721 0.783411 12.404825 1
2.218438 0.602144 2.701835 1
3.426563 3.840829 12.442480 1
17.886300 3.827657 2.686732 1
18.279267 0.116008 13.471970 1
3.147054 0.065001 1.630809 1
2.408358 3.234126 13.553774 1
19.006929 3.307050 1.693638 1
1.551732 3.345929 10.198450 6
19.696690 3.223169 5.039037 6
17.355210 0.064153 10.114509 6
3.916245 0.014292 4.999015 6
2.523906 3.431963 10.158972 1
18.871915 3.397820 4.995547 1
18.351905 0.229176 10.201173 1
2.925254 0.190020 5.023944 1
1.261770 3.123249 11.204767 1
20.103328 3.176469 4.097509 1
17.009769 6.204458 11.177766 1
4.220867 6.254437 4.112563 1
1.126388 4.077411 9.963371 1
20.093571 4.087256 5.377629 1
16.983686 0.867904 9.821772 1
4.368941 0.944656 5.322991 1
10.282946 0.660820 11.787919 6
10.925268 0.656672 3.383277 6
-5.523945 3.929517 11.760700 6
26.770578 3.910155 3.451085 6
10.530260 0.928869 10.785031 1
10.833545 0.978475 4.294163 1
-5.217794 4.230482 10.785315 1
26.551928 4.063467 4.308042 1
9.626018 0.014921 11.782093 1
11.730561 0.123361 3.553177 1
-6.281970 3.189518 11.667233 1
27.605280 3.301164 3.537711 1
13.877294 0.104644 12.888941 6
7.450688 0.090125 2.253897 6
-1.876044 3.264463 12.947698 6
23.150418 3.340602 2.204916 6
14.833009 0.502690 12.876238 1
6.532659 0.501391 2.393577 1
-0.938582 3.741738 12.906311 1
22.433862 3.665603 2.258512 1
15.632679 3.503865 13.458777 6
5.846523 3.485289 1.629154 6
-0.174732 0.341045 13.463924 6
21.547049 0.357609 1.779063 6
15.874193 4.007718 12.580732 1
5.565285 3.993077 2.542230 1
0.078881 0.657958 12.628388 1
21.333003 0.837950 2.595693 1
14.825754 2.913172 13.243709 1
6.471093 2.870590 1.800476 1
-0.983053 6.003477 13.349566 1
22.354667 6.026238 1.842482 1
-2.364721 0.627850 9.737288 6
23.773014 0.682183 5.532656 6
13.492776 3.920272 9.688014 6
7.880512 3.952267 5.368640 6
-2.679916 6.197669 10.086696 1
24.124377 6.216861 5.155907 1
13.147499 3.056663 10.137825 1
8.260772 3.030869 5.192939 1
-3.354387 0.805120 5.647831 6
24.865392 0.756903 9.521776 6
12.303180 3.964595 5.744045 6
8.989637 4.006229 9.422040 6
-4.052455 0.905382 6.584239 1
25.386851 0.948078 8.751113 1
11.753987 4.012908 6.467255 1
9.478283 4.177262 8.752434 1
27.596267 0.387950 5.018495 1
-6.306342 0.302079 10.189566 1
11.753626 3.547037 4.898519 1
9.611980 3.613725 10.247777 1
-3.080385 1.580386 5.404857 1
24.437933 1.516965 9.778025 1
12.773965 4.823627 5.545209 1
8.514916 4.678490 9.804407 1
