0.191354 1.164610 6.067781 8
4.564083 5.864392 10.560217 8
9.062765 8.095580 26.943585 8
4.778649 3.434560 22.541370 8
11.788382 8.511570 5.337073 8
5.318987 3.972168 11.215429 8
-2.476303 0.865328 27.710346 8
3.945503 5.421181 21.791537 8
2.786744 3.040234 8.202847 8
1.701509 7.798450 8.291819 8
6.459378 6.337660 24.945587 8
7.550257 1.621969 24.710336 8
2.034742 4.566246 6.738023 8
2.483149 0.007447 9.794606 8
7.084682 4.709099 26.335349 8
6.692775 0.001052 23.351682 8
5.851377 8.964267 7.155533 7
11.094770 4.193468 9.397686 7
3.337576 0.393782 25.914790 7
-1.904376 5.155440 23.558575 7
8.820693 8.119070 5.392347 7
8.270571 3.593697 11.112755 7
0.472000 1.067522 27.619095 7
0.942833 5.719495 22.060432 7
10.830953 7.150415 2.882672 7
6.171728 2.531672 13.817309 7
-1.546940 2.198689 30.279689 7
2.922794 6.823757 19.254564 7
8.403184 5.485589 8.165560 7
8.582933 0.938544 8.369930 7
0.815276 3.723498 24.832860 7
0.652511 8.424305 24.730942 7
11.619711 5.143389 6.417876 7
5.441174 0.454818 10.032615 7
-2.298749 4.254581 26.598913 7
3.675580 8.826684 23.054124 7
1.056053 4.436534 3.680274 7
3.503757 9.063107 12.859083 7
8.207225 4.944237 29.492908 7
5.739689 0.323774 20.249288 7
11.132095 1.285175 6.783404 6
5.714526 6.034104 9.791243 6
-2.084462 7.973952 26.431318 6
3.498091 3.226680 23.221016 6
0.235273 9.285482 5.449555 6
4.403293 4.793120 11.171728 6
9.020148 9.223416 27.683004 6
4.908009 4.638839 22.008185 6
1.612190 9.221799 4.826105 6
2.974716 4.445728 11.782817 6
7.599592 0.093033 28.176046 6
6.287704 4.805241 21.250943 6
2.536854 0.776477 4.864764 6
1.970402 5.391575 11.547305 6
6.637604 8.507042 28.232095 6
7.137312 3.909754 21.409637 6
3.799243 0.571379 4.480532 6
0.824086 5.242451 11.972533 6
5.440783 8.711663 28.564090 6
8.387298 4.223934 20.923847 6
4.260820 8.613115 3.941261 6
0.317330 4.027641 12.543877 6
5.036782 0.664000 29.090895 6
8.759740 5.379025 20.537018 6
3.197148 7.577459 3.803235 6
1.345594 3.084175 12.761909 6
6.120803 1.583232 29.376156 6
7.842994 6.411581 20.273513 6
1.799269 7.960362 4.204445 6
2.685028 3.232125 12.378600 6
7.241524 1.347883 28.957006 6
6.589121 6.082287 20.709268 6
5.591328 8.275417 3.533373 6
-1.063450 3.693897 13.025279 6
3.518550 1.165674 29.440976 6
10.254737 5.747252 20.191542 6
6.627864 8.274129 4.592700 6
10.399246 3.747621 11.896444 6
2.612828 1.010313 28.367193 6
-1.338436 5.669624 21.169996 6
6.222931 8.645132 5.932179 6
10.852796 4.065785 10.484455 6
3.043637 0.622062 27.097167 6
-1.616951 5.234083 22.573247 6
7.829257 8.021252 4.497515 6
9.156010 3.512240 12.054160 6
1.203927 1.175207 28.698208 6
0.056380 5.799785 20.977545 6
8.357334 7.680842 3.102934 6
8.630021 2.943908 13.440921 6
0.995478 1.709631 29.926616 6
0.506929 6.294549 19.644305 6
9.651449 7.265259 3.010546 6
7.312775 2.606831 13.504553 6
-0.498381 1.911698 30.201924 6
1.869268 6.661581 19.528893 6
7.438245 7.557862 2.195293 6
9.600818 2.835121 14.350476 6
1.756758 1.784306 31.007278 6
-0.438742 6.395293 18.626191 6
7.819963 7.236832 0.870049 6
9.198769 2.463943 15.856952 6
1.337802 2.090178 32.240359 6
0.066686 6.846892 17.293120 6
7.587028 5.868597 0.190521 6
9.407007 1.226612 16.243312 6
1.770266 3.352276 32.826142 6
-0.262450 7.956528 16.823760 6
4.841203 5.519752 31.982402 6
8.934254 0.916626 17.486693 6
4.322663 3.852342 0.983527 6
0.176198 8.508980 15.415985 6
5.663336 6.400135 31.442255 6
8.073842 1.726317 18.282859 6
3.549446 3.040757 1.709608 6
1.160702 7.603630 14.829237 6
6.190799 7.566946 32.059946 6
7.592422 2.790045 17.659436 6
3.134667 1.834290 1.170758 6
1.557117 6.492213 15.348503 6
8.937534 7.946374 0.208757 6
8.206210 3.215675 16.505646 6
0.326770 1.399488 32.930050 6
1.008832 6.100091 16.672322 6
6.111358 7.951098 2.312890 6
10.962621 3.280001 14.236709 6
3.098651 1.365704 30.837302 6
-1.704725 6.057654 18.932065 6
5.067821 7.921955 1.181684 6
-0.500888 3.267951 15.350517 6
4.065923 1.464372 31.991769 6
9.720139 6.166607 17.637427 6
1.468347 3.132503 8.865923 6
3.127849 7.666852 7.734339 6
7.645931 6.310790 24.298432 6
6.063777 1.534952 25.426084 6
2.898390 3.921269 7.074941 6
1.573264 8.621438 9.357716 6
6.159353 5.433825 25.867030 6
7.664865 0.780506 23.716727 6
4.270681 3.882007 6.564369 6
0.186256 8.591848 10.024269 6
4.850208 5.520930 26.575835 6
9.010139 0.740311 23.089173 6
5.347260 3.121690 7.115375 6
-0.755155 7.659117 9.541504 6
3.811683 6.214895 25.932283 6
9.874002 1.567079 23.681524 6
6.550357 3.119027 6.600476 6
10.495779 7.618604 9.981947 6
2.658346 6.202754 26.503818 6
-1.274201 1.697015 23.099103 6
6.858707 3.860394 5.573324 6
10.004788 8.639175 10.949047 6
2.353927 5.422596 27.564253 6
-0.936062 0.754504 22.024313 6
5.969240 4.594876 5.020775 6
10.988117 9.239598 11.651459 6
3.268466 4.612459 28.158326 6
-1.961635 0.053729 21.569292 6
4.637917 4.698811 5.528142 6
-0.007961 9.295813 11.040827 6
4.591034 4.686336 27.686163 6
9.285271 0.053685 22.019294 6
8.297958 4.006756 5.032901 6
8.643340 8.682673 11.589069 6
0.914993 5.295085 28.005300 6
0.540295 0.735166 21.531653 6
9.265151 4.467205 5.865308 6
7.757888 9.290372 10.737972 6
-0.084328 4.704356 27.138244 6
1.448438 0.173603 22.470879 6
8.753485 5.148101 7.053150 6
8.201824 0.329360 9.432333 6
0.304312 4.333248 25.917732 6
1.086978 8.810823 23.741699 6
10.532685 4.548443 5.511204 6
6.338519 0.030516 11.009805 6
-1.319256 4.673482 27.484087 6
2.884445 9.322234 22.006109 6
10.971621 4.214452 4.194718 6
5.935870 8.867312 12.271313 6
-1.822328 5.142303 28.802651 6
3.167268 0.434891 20.799836 6
0.047865 4.321268 3.828059 6
4.711851 8.946092 12.728357 6
9.152120 5.015354 29.225908 6
4.673543 0.424932 20.444156 6
10.004950 3.644462 3.319682 6
6.820407 8.213003 13.217801 6
-0.879705 5.824029 29.589064 6
2.334788 1.011494 19.982099 6
10.653797 2.983681 2.075172 6
6.395655 7.787817 14.348704 6
-1.327218 6.340973 31.004127 6
2.690347 1.518358 18.605179 6
10.942056 1.814984 1.895864 6
6.034210 6.421079 14.627992 6
-1.739272 7.498029 31.073349 6
3.125682 2.986764 18.492187 6
11.429228 1.160415 0.697336 6
5.606518 5.936965 15.799112 6
-2.187888 8.040108 32.310722 6
3.556112 3.451333 17.222929 6
8.332330 2.042215 32.855124 6
5.528094 6.620325 16.944094 6
0.904888 7.272028 0.367630 6
3.615957 2.551464 16.233412 6
7.864869 3.275403 32.935936 6
5.873635 8.057766 16.768881 6
1.221017 6.068426 0.309884 6
3.380282 1.348362 16.337357 6
10.585437 3.907292 0.988534 6
6.426814 8.419261 15.531968 6
-1.352026 5.440051 32.071857 6
2.861613 0.886922 17.512350 6
8.732785 3.363314 3.739555 6
8.232957 8.064921 12.700267 6
0.519361 5.929712 29.293386 6
1.040191 1.282732 20.254006 6
7.770187 2.740623 2.945159 6
9.239310 7.308806 13.618303 6
1.363867 6.517442 30.106734 6
0.014984 1.956336 19.355465 6
8.486632 8.473674 6.260640 1
8.564600 3.770102 10.187485 1
0.728064 0.786962 26.715387 1
0.735613 5.454818 22.941528 1
9.792397 7.967865 5.331904 1
7.277594 3.263027 11.302549 1
-0.509849 1.328035 27.840684 1
1.949690 5.898764 21.856939 1
11.331983 5.457783 7.319051 1
5.848566 0.801965 9.187172 1
-2.016417 3.893354 25.801918 1
3.358957 8.590387 23.741342 1
0.106317 5.249691 6.241659 1
4.621737 0.512641 10.291487 1
9.216185 4.160873 26.813486 1
4.639800 8.881092 22.681148 1
11.325721 0.988338 7.658745 1
5.761263 5.658560 8.874461 1
-2.028473 8.387756 25.526138 1
3.512789 3.578496 24.191850 1
10.969671 2.381917 6.741193 1
6.076730 6.965448 9.791241 1
-1.696144 6.917371 26.280730 1
3.197925 2.257997 23.268697 1
10.608719 0.843965 6.235334 1
6.472269 5.472346 10.396764 1
-1.222747 8.334119 26.968046 1
2.649233 3.771065 22.759145 1
2.345086 1.624169 5.209877 1
2.155085 6.376132 11.342842 1
6.743248 7.705280 27.773492 1
7.008015 2.911569 21.732675 1
4.467307 1.117756 4.473210 1
0.093193 5.882197 12.001926 1
4.660034 8.067073 28.609904 1
9.241206 3.496219 21.134802 1
3.330531 6.742404 3.309580 1
1.230422 2.219912 13.117729 1
5.904395 2.475952 29.697060 1
7.915294 7.225949 19.857526 1
1.091526 7.395166 4.055891 1
3.354424 2.735513 12.509252 1
8.002448 1.971267 29.012401 1
5.882528 6.696705 20.601940 1
6.772482 5.454878 0.754284 1
10.203049 0.688719 15.929170 1
2.392619 3.969071 32.358103 1
-0.864205 8.602770 17.151835 1
4.502740 4.783979 31.529927 1
9.183179 0.103766 18.062679 1
4.690755 4.535346 1.526925 1
-0.152385 9.207791 15.077288 1
5.992146 6.100937 30.472340 1
7.658107 1.297393 19.096394 1
3.093213 3.337818 2.531288 1
1.559916 7.874367 14.088303 1
6.735285 8.061491 31.469962 1
6.994202 3.443560 18.073342 1
2.473913 1.275073 1.660549 1
2.209335 5.862753 14.942152 1
9.044047 8.806928 0.587643 1
7.838604 4.060545 15.929053 1
0.151976 0.512450 32.559856 1
1.303776 5.150329 17.111724 1
5.116061 8.748188 0.689949 1
-0.399436 4.141158 15.865613 1
4.216678 0.620121 32.261236 1
9.657903 5.285565 17.338590 1
5.241226 7.153778 0.567424 1
-0.760473 2.432199 16.036631 1
3.845787 2.150979 32.558476 1
9.964338 6.743099 17.092518 1
4.190125 7.626815 1.580561 1
0.543805 3.074072 14.982261 1
5.106754 1.643342 31.575688 1
8.709407 6.420274 18.071066 1
0.907978 2.371872 8.434402 1
3.589247 7.136537 8.208170 1
8.313656 6.974238 24.698559 1
5.570077 2.293203 24.812418 1
1.741886 2.786176 9.684945 1
3.008201 7.593610 6.819533 1
7.629084 6.439799 23.359784 1
6.189639 1.778148 26.317896 1
1.196659 3.905652 8.688176 1
3.418161 8.554054 7.756088 1
8.097355 5.370623 24.381394 1
5.760615 0.796412 25.298629 1
5.171627 2.395927 7.883974 1
-0.503548 7.189928 8.807623 1
4.156699 6.823642 25.206638 1
9.815896 2.250125 24.259394 1
7.226394 2.545912 6.949474 1
9.679445 7.067876 9.521315 1
1.933865 6.879502 26.043922 1
-0.471253 2.137384 23.459057 1
6.101206 5.337915 4.293960 1
10.922287 0.546855 12.310094 1
2.973131 3.987901 28.913917 1
-1.600249 8.827737 20.689007 1
3.937779 5.283384 5.176307 1
0.578826 0.596420 11.379575 1
5.335157 4.185088 27.911202 1
8.583395 8.842680 21.630982 1
10.848101 1.053081 2.714977 1
6.202079 5.803299 13.795954 1
-1.570356 8.102896 30.338830 1
3.108084 3.494198 19.375263 1
11.577911 0.241952 0.782554 1
5.445976 4.896998 15.883439 1
-2.390071 9.117909 32.346337 1
3.698211 4.393638 17.209569 1
8.503489 1.611428 31.988845 1
5.350525 6.449044 17.761742 1
0.639709 7.598817 1.084058 1
3.874059 3.012017 15.447384 1
7.903132 3.878600 32.085570 1
5.932130 8.654146 17.613154 1
1.256107 5.502858 0.991859 1
3.421156 0.652165 15.497782 1
10.458780 4.752390 1.178829 1
6.545767 0.074793 15.442194 1
-1.098417 4.627454 31.922312 1
2.690634 9.240246 17.665970 1
7.300425 3.283402 2.218308 1
9.577982 7.983168 14.274818 1
1.977529 6.010262 30.848152 1
-0.483524 1.309669 18.745789 1
8.198769 2.080726 2.365918 1
8.756307 6.827475 14.270248 1
0.947738 7.208904 30.785690 1
0.338087 2.642489 18.951065 1
7.015915 2.372973 3.450591 1
9.969935 6.950124 13.174159 1
2.100730 6.974074 29.624286 1
-0.641446 2.408055 20.003893 1
