10.017328 3.998911 1.857587 35
0.008884 9.507672 2.142171 35
-0.836324 7.352212 5.871362 35
9.330083 1.785165 5.778481 35
8.399109 4.041326 2.750364 6
1.782813 9.632397 1.142332 6
1.015167 7.238321 5.161230 6
7.505559 1.601210 6.624934 6
8.412461 3.462051 3.514238 1
1.692545 9.001037 0.319095 1
1.034574 7.773248 4.267865 1
7.686365 2.260379 7.400431 1
7.307817 3.514896 1.813057 6
2.753305 9.221215 2.081219 6
2.147739 7.753760 6.111159 6
6.421365 2.062516 5.631425 6
7.339521 2.525381 1.201275 8
2.788998 8.108401 2.826340 8
1.988192 8.780900 6.750956 8
6.543720 3.034690 5.083422 8
6.032589 4.507697 1.896829 6
3.838873 10.139291 1.960614 6
3.226151 6.787074 5.892932 6
5.365451 1.046617 5.651401 6
6.610740 5.577520 2.562470 6
3.511741 11.247293 1.283303 6
2.708072 5.645861 5.271928 6
5.860138 11.267842 6.551646 6
5.921869 6.319596 2.828701 1
3.941137 0.671467 1.177338 1
3.269480 4.960841 4.949429 1
5.199134 10.569581 6.635191 1
7.996064 5.434163 3.074269 6
2.120835 11.052864 0.659843 6
1.331276 5.787713 4.674610 6
7.246901 0.230064 7.002308 6
7.873661 5.593162 4.121431 1
0.574046 11.079149 7.584277 1
1.372849 5.808721 3.732919 1
8.677277 0.180965 0.172801 1
8.472211 6.053720 2.781142 1
1.471028 0.398164 1.065115 1
0.783271 5.247442 4.939264 1
7.818656 10.814285 6.714254 1
4.808151 4.531537 1.169914 6
5.273275 10.083172 2.647388 6
4.507431 6.897612 6.656883 6
4.156992 1.203744 4.996821 6
4.480202 3.407048 0.300184 6
5.383619 9.087824 3.718619 6
4.687070 7.886766 7.624006 6
3.851721 2.123781 4.190854 6
3.752865 2.872173 7.756870 1
4.755751 8.375369 3.978672 1
4.086524 8.435569 7.781005 1
4.484435 2.726778 3.888114 1
1.901142 3.425673 7.546454 6
6.800977 8.909599 4.147760 6
7.372822 7.972921 0.243577 6
2.558164 2.378682 3.621274 6
1.605931 2.713270 6.909825 1
6.929121 8.362542 4.780483 1
7.562347 8.686187 1.014079 1
2.343857 3.050130 2.910108 1
0.901700 4.147034 7.751760 6
7.675617 9.914789 3.942367 6
6.903383 7.116271 7.798326 6
1.470382 1.301167 3.935062 6
-0.060552 4.127137 7.365828 1
8.678987 9.779166 4.308519 1
9.394734 7.086909 0.388041 1
0.750145 1.569228 3.504269 1
2.472619 5.306424 0.882221 6
7.542690 10.956410 3.085192 6
6.767771 5.964446 6.860370 6
1.787165 0.393629 4.823546 6
1.792671 5.881589 0.986327 1
8.089310 0.329330 2.849945 1
7.432154 5.306051 6.672892 1
1.092592 11.075243 4.989527 1
3.864475 5.285687 1.475469 6
6.285429 11.022862 2.423152 6
5.458009 5.912318 6.320317 6
3.130828 0.329838 5.364236 6
3.884664 6.044900 2.141734 1
6.128898 0.491084 1.695938 1
5.316950 5.243115 5.755425 1
3.205040 10.864608 5.961158 1
