-0.008530 6.591996 2.646283 8
2.801725 0.748140 4.500297 8
5.672553 5.091722 11.958188 8
2.698093 10.810739 10.039434 8
1.561838 5.142000 2.020825 8
1.316312 10.884999 5.373285 8
4.107039 6.330961 12.661317 8
4.449948 0.621498 9.276596 8
0.361708 0.907591 2.326295 8
2.507634 6.658441 4.897970 8
5.202041 10.662310 12.136959 8
3.126406 4.820293 9.754770 8
8.195110 1.102439 1.014289 8
4.100490 6.987184 6.228776 8
-2.534389 10.371683 13.685705 8
1.435131 4.742243 8.209131 8
-0.763970 5.513565 5.410681 8
3.658350 11.376749 1.753215 8
6.554306 5.967091 9.171637 8
1.922216 0.275003 12.657470 8
-0.495429 3.386285 5.697870 8
3.247654 9.147188 1.718237 8
6.198100 8.232548 8.917290 8
2.373413 2.332677 13.002770 8
0.681134 5.500031 2.791312 6
2.128933 11.294314 4.471603 6
5.098159 6.113008 11.812081 6
3.517016 0.212385 10.110990 6
0.691022 4.553829 3.814272 6
2.209500 10.311561 3.332391 6
5.060666 7.064431 10.743448 6
3.381972 1.276324 11.107397 6
1.540685 3.636288 3.567380 6
1.292486 9.396292 3.656380 6
4.237867 7.966932 10.954319 6
4.270737 2.197983 10.787915 6
2.119488 3.879021 2.278909 6
0.553298 9.815521 4.921328 6
3.437870 7.632138 12.202942 6
5.061615 1.959417 9.670583 6
1.832603 2.868919 1.090541 6
0.936563 8.627029 6.151917 6
3.807075 8.768993 13.530802 6
4.823732 2.815899 8.435163 6
0.370580 2.648812 0.858777 6
2.353926 8.414511 6.345113 6
5.202177 8.995843 13.763539 6
3.261822 3.055541 8.116274 6
-0.043478 1.549966 1.547169 6
2.877284 7.239493 5.732104 6
5.772539 10.142054 13.043674 6
2.752181 4.351823 8.881248 6
7.535744 11.520544 1.518816 6
4.867917 5.788089 5.699872 6
-1.761963 0.052425 12.988909 6
0.967697 5.870119 8.797415 6
9.128221 3.368924 0.157163 6
3.156048 9.246487 7.273731 6
-3.464397 8.114752 14.543809 6
2.661548 2.293293 7.456090 6
-0.219384 4.469069 5.063684 6
3.077704 10.301384 2.295059 6
5.890434 6.993992 9.569505 6
2.460475 1.164661 12.342467 6
-1.268661 3.390016 6.758170 6
4.187302 9.111073 0.559967 6
6.994333 8.272453 7.932493 6
1.486334 2.561820 14.125029 6
3.720620 4.161172 2.408107 6
-0.870010 9.847074 4.953441 6
2.017451 7.502726 12.252021 6
6.606394 1.573956 9.694305 6
4.352485 5.289641 2.032426 6
8.011661 11.120781 5.322346 6
1.404180 6.328951 12.554690 6
-2.295362 0.555490 9.284460 6
5.620385 5.531098 2.136148 6
6.561061 11.142997 5.254587 6
-0.057838 6.129685 12.626338 6
-0.869589 0.406624 9.385771 6
6.411282 4.553341 2.524037 6
5.747256 10.172393 4.751035 6
-0.754077 7.198208 12.045986 6
-0.088933 1.355517 9.959509 6
5.806360 3.350845 3.104919 6
6.500841 9.137531 4.220028 6
-0.218627 8.212362 11.597567 6
-0.780142 2.502968 10.277604 6
4.487661 3.209926 3.026186 6
7.871075 8.879714 4.420940 6
1.120029 8.363565 11.610584 6
-2.055988 2.703932 10.228718 6
1.756460 2.881888 4.115294 1
1.046025 8.603759 3.160459 1
3.910091 8.745654 10.588118 1
4.444870 2.914392 11.305092 1
2.280036 3.219054 0.386642 1
0.431648 9.088638 6.900606 1
3.264885 8.364076 14.132876 1
5.060109 2.486028 7.641934 1
2.464952 2.100442 1.431576 1
0.390164 7.807284 5.901798 1
3.216019 9.503631 13.268942 1
5.165119 3.754233 8.600427 1
7.297542 0.039073 2.483282 1
5.005891 6.029332 4.822362 1
-1.678468 11.448995 12.193100 1
0.630981 5.719972 9.697385 1
6.668323 11.364877 1.087706 1
5.640982 5.637205 6.140164 1
-1.049674 0.216689 13.547474 1
0.118221 6.036078 8.344784 1
8.097317 10.891192 1.488579 1
4.091295 5.064742 5.749032 1
-2.413795 0.780783 13.086053 1
1.486243 6.516090 8.916382 1
-3.637246 4.226658 14.188519 1
2.725137 9.978224 7.598340 1
9.334034 7.407319 0.377760 1
2.994287 1.477530 6.944496 1
4.580285 3.327425 14.485140 1
3.930413 9.081850 7.313251 1
1.170105 8.298136 0.152750 1
1.757292 2.453091 7.152609 1
-1.211978 4.057478 7.321621 1
0.121028 9.846438 14.441479 1
6.849824 7.616874 7.268918 1
5.418039 1.800796 0.108431 1
7.248648 3.627753 6.452546 1
5.020095 9.378087 0.755884 1
-1.570331 7.908194 8.192857 1
0.628177 2.201924 13.719822 1
-1.370907 2.465166 7.118814 1
4.199718 8.323081 0.326249 1
6.910266 9.154632 7.616560 1
1.507761 3.416900 14.285665 1
3.766073 5.957152 1.697415 1
-0.980582 0.155096 5.705140 1
1.935196 5.691394 12.883896 1
6.496070 11.380318 9.004415 1
6.023427 6.142557 1.722231 1
6.163915 0.353445 5.532858 1
-0.343419 5.376126 12.871074 1
-0.480887 11.266192 9.044141 1
7.464696 4.629358 2.528688 1
4.834524 10.425548 4.640867 1
-1.645273 6.920668 12.006755 1
0.685766 1.285369 9.801937 1
6.450806 2.595764 3.528474 1
5.941859 8.364545 3.938664 1
-0.686272 8.926324 11.150986 1
-0.307791 3.222344 10.696329 1
4.131945 2.408639 3.359958 1
8.206699 8.074139 4.065703 1
1.552316 9.271542 11.247313 1
-2.434809 3.522275 10.680502 1
