0.940323 9.762326 6.963469 6
5.726956 6.262451 11.155556 6
8.585049 4.453493 2.072759 6
3.851803 0.886198 15.843884 6
9.274107 9.420418 7.372409 6
4.484263 6.655014 10.775876 6
0.260903 4.133705 1.748435 6
5.134649 1.226441 16.260519 6
9.014624 9.691558 8.220851 1
4.224343 6.440023 9.957684 1
0.654968 4.357018 0.889571 1
5.387943 0.982169 17.112556 1
8.379028 8.841687 6.436415 6
3.511432 7.197769 11.666336 6
1.239952 3.395094 2.537641 6
6.012806 1.912746 15.375713 6
8.794652 8.585697 5.234020 6
4.080011 7.381770 12.943406 6
0.718822 3.232896 3.815289 6
5.662877 2.078450 14.084777 6
0.534277 8.810488 4.728430 6
5.255763 7.164861 13.176259 6
9.080007 3.419950 4.307945 6
4.319981 1.942608 13.780137 6
1.366111 9.430114 5.707487 6
6.241409 6.586938 12.341782 6
8.126720 4.114905 3.348606 6
3.411807 1.219776 14.700886 6
2.821203 9.814483 4.935444 6
7.665421 6.083175 13.069048 6
6.921953 4.461651 4.069614 6
2.025622 0.724157 13.989687 6
3.569966 9.520472 5.517835 1
8.223739 6.425774 12.532789 1
6.193313 4.311875 3.387909 1
1.322901 1.095861 14.654832 1
2.855205 0.171259 4.946858 1
7.652564 5.060591 12.976815 1
6.776597 5.471925 4.032174 1
1.990761 10.473789 14.090755 1
2.932442 9.383957 3.491181 6
7.778344 6.692828 14.448044 6
6.580953 4.077961 5.512748 6
1.885642 1.206616 12.549306 6
3.645104 10.056336 3.117449 1
8.367244 5.917079 14.957055 1
5.980844 4.755293 5.920046 1
1.223609 0.686354 12.127679 1
1.707519 9.289421 2.659053 6
6.596595 6.698318 15.410138 6
7.853961 4.056210 6.385936 6
3.144181 1.322191 11.751983 6
1.177367 0.057728 2.510881 6
5.967757 5.218760 15.422191 6
8.464901 5.355464 6.447950 6
3.751962 0.031724 11.515235 6
1.691877 0.718210 2.081058 1
6.530619 4.619361 16.074458 1
7.820096 5.914047 6.965073 1
3.137047 10.052864 10.970661 1
1.048186 0.376153 3.324760 1
5.701101 4.829791 14.594946 1
8.558059 5.739271 5.618660 1
3.855523 10.132304 12.336052 1
9.414138 10.555768 1.763747 6
4.641365 5.457316 16.327609 6
0.137067 5.269851 7.206463 6
4.907218 0.001037 10.853974 6
8.979452 0.812164 1.579606 1
4.229057 4.509788 16.323917 1
0.636942 6.234633 7.389305 1
5.413216 9.868913 10.615154 1
0.046689 10.338860 0.852308 1
4.742016 5.787440 17.264230 1
0.094968 4.967854 8.176634 1
4.814462 0.459908 9.893090 1
8.428465 9.828348 2.445883 6
3.704305 6.345004 15.540314 6
1.238440 4.464699 6.627282 6
5.931855 0.854716 11.369879 6
8.939707 8.318645 2.881697 6
4.149409 7.605831 15.218706 6
0.710428 3.044933 6.136498 6
5.479533 2.275334 11.919583 6
8.716109 7.800292 2.227329 1
3.899836 8.310314 15.837778 1
0.836140 2.328021 6.907798 1
5.536457 3.016637 11.114721 1
0.714774 8.382603 3.397218 6
5.550472 7.635493 14.680883 6
8.864111 3.136647 5.679953 6
4.108824 2.252329 12.383345 6
1.407347 6.992204 3.389511 6
6.224477 9.106534 14.709986 6
8.306441 1.611781 5.749170 6
3.337715 3.804374 12.325541 6
0.793141 6.362955 3.867128 1
5.697660 9.737958 14.308724 1
8.856226 0.972251 5.171067 1
4.004465 4.374004 12.825654 1
1.426675 6.710590 2.355076 1
6.204440 9.239953 15.624775 1
8.174248 1.288153 6.679799 1
3.224878 4.054301 11.495286 1
2.832962 6.891452 3.977487 6
7.500494 9.124340 13.933690 6
6.788037 1.665879 5.030777 6
2.034878 3.643477 13.153710 6
2.623518 7.039212 4.930805 1
7.348275 9.011653 13.131203 1
6.970254 1.803884 4.107803 1
2.127227 3.510913 14.076194 1
3.191021 6.092302 3.844687 1
7.971746 9.837137 14.155141 1
6.541647 0.656642 5.144203 1
1.676806 4.571148 12.970453 1
1.755372 10.615811 7.892972 6
6.536833 5.399710 10.177967 6
7.879466 5.244983 1.096460 6
2.914250 0.075394 16.959893 6
6.668751 8.911275 7.932277 6
1.744189 7.139671 10.001274 6
2.998605 3.484738 1.151591 6
7.817094 1.819303 16.939293 6
6.694483 9.803992 8.154122 1
1.878998 6.239593 9.984411 1
2.856249 4.579998 0.924169 1
7.680277 0.799084 17.183503 1
7.036362 8.376961 8.639366 1
2.127529 7.548805 9.334772 1
2.495090 3.105075 0.364303 1
7.321660 2.188458 17.594165 1
5.617200 8.715033 8.066686 1
0.801929 7.227617 9.935942 1
4.064671 3.437830 1.038663 1
8.747853 1.968054 17.081203 1
5.016869 8.040233 4.089899 6
0.271685 8.084379 13.923015 6
4.553860 2.707232 4.841657 6
9.476743 2.724118 13.107966 6
4.908461 8.015502 5.018430 1
0.041059 7.978619 12.996408 1
4.701676 2.680754 3.837256 1
0.010096 2.695256 14.060094 1
5.416545 8.837046 3.848534 1
0.667849 7.330344 14.138683 1
4.183692 3.414974 5.126995 1
8.852717 1.842575 12.847051 1
5.493767 7.135898 3.900434 1
0.551311 8.910625 14.162621 1
4.083936 1.859829 5.033583 1
8.926408 3.512287 12.995869 1
3.683727 7.963961 3.580261 7
8.440629 7.912967 14.453503 7
5.979509 2.767555 5.462895 7
1.101986 2.636081 12.609396 7
3.790731 7.805725 2.608601 1
8.624269 8.205167 15.343731 1
5.775062 2.582366 6.389487 1
1.032315 2.814956 11.563451 1
1.202802 0.304355 9.017275 8
6.096791 5.068444 9.017090 8
8.287718 5.672592 0.038145 8
3.517646 10.321236 17.903410 8
2.902500 0.192577 7.705203 8
7.857449 5.202083 10.425784 8
6.596016 5.574011 1.382127 8
1.818334 10.614241 16.567586 8
7.113188 8.545043 6.691278 8
2.224124 7.476180 11.315152 8
2.581718 3.195857 2.306584 8
7.284578 2.241387 15.715252 8
8.232832 8.018592 4.013445 8
3.323238 8.108634 13.981284 8
1.375373 2.692909 5.032439 8
6.201958 2.774161 13.002851 8
1.988738 8.878787 1.362719 8
6.829050 7.269398 16.628765 8
7.546037 3.497095 7.675364 8
2.830831 1.869080 10.543419 8
2.593155 9.404409 0.923239 1
7.362432 6.695204 17.017771 1
7.042758 3.897557 8.007223 1
2.283426 1.327576 9.989261 1
7.241431 10.061540 2.718656 8
2.599293 5.944691 15.362757 8
2.264385 4.817818 6.258080 8
7.051950 0.461197 11.675025 8
9.228183 9.689615 10.927277 8
4.529758 6.387542 7.187456 8
0.247641 4.310292 16.068145 8
5.101484 1.089232 1.985326 8
4.876929 2.110404 7.990643 8
9.600254 3.331774 10.071457 8
4.748206 7.416310 1.012271 8
9.553335 8.537191 16.958644 8
0.201586 9.903148 10.223498 1
4.973018 6.161394 7.727884 1
9.483939 4.491597 16.786439 1
4.615206 0.773650 1.252933 1
8.523917 10.158987 10.933745 1
3.749698 5.872705 7.190980 1
1.200413 4.700986 16.266866 1
5.875541 0.674848 1.788613 1
4.104605 1.880386 8.313160 1
8.937437 3.575219 9.788239 1
5.632787 7.277657 0.658041 1
0.692479 8.852783 17.266779 1
5.265946 1.481557 7.464440 1
0.471796 3.965969 10.558240 1
4.326929 6.669375 1.474291 1
9.284744 9.197516 16.537982 1
