7.155960 4.138115 27.261661 6
0.002813 8.323729 8.506139 6
14.221622 0.040467 17.925591 6
-0.072027 8.172520 0.846890 6
0.095125 0.011262 10.189304 6
7.194715 4.212852 19.407760 6
7.221788 4.081820 26.127946 1
0.085606 8.289124 7.553388 1
-7.137028 12.366465 16.877756 1
0.059049 8.189847 1.778094 1
0.072120 0.045406 11.191948 1
7.196897 4.075268 20.456712 1
5.793200 3.954497 27.630000 6
7.915867 3.003403 27.715150 6
7.745178 5.387057 27.748078 6
-1.490817 8.210870 8.911171 6
0.813773 7.062875 8.924464 6
0.636649 9.632799 8.954945 6
5.798454 12.259092 18.247413 6
-6.370081 11.144179 18.249673 6
0.616103 1.336597 18.338928 6
1.414889 8.271477 0.281387 6
-0.823744 9.391346 0.344614 6
-0.629253 7.027601 0.344114 6
1.440477 0.094853 9.590616 6
13.573360 1.272839 9.724539 6
6.549158 11.038421 9.634532 6
8.566437 4.249583 19.068363 6
6.264106 5.294633 19.045279 6
6.487800 2.839812 18.963588 6
4.766676 4.674437 26.942088 6
7.786164 1.827571 26.830981 6
8.985723 5.815615 26.929429 6
-2.359827 8.971943 8.231105 6
0.605474 5.875439 8.240437 6
1.731224 9.971538 8.337314 6
11.871841 0.635965 17.529946 6
7.735183 10.069491 17.485735 6
1.746608 1.698334 17.518286 6
2.419144 7.554815 1.006914 6
-0.566118 10.676060 1.181816 6
-1.801260 6.491772 1.003869 6
-4.732654 11.857293 10.517834 6
-0.737649 2.300013 10.503024 6
5.380596 10.549381 10.466793 6
9.594572 3.542831 19.791921 6
6.451204 6.440264 19.803115 6
5.332843 2.421736 19.833425 6
3.325378 4.664999 27.238593 6
8.525857 0.566011 27.293191 6
9.600105 7.032628 27.169078 6
-3.727126 8.926898 8.683949 6
1.452770 4.741001 8.659794 6
2.315643 11.264079 8.546526 6
10.529046 0.527666 17.926639 6
8.580489 8.900609 17.837763 6
2.306476 3.046981 17.831824 6
3.676268 7.593138 0.690995 6
-1.408747 11.722524 0.715095 6
-2.355662 5.218054 0.683054 6
-3.424851 11.824389 10.032535 6
-1.306284 3.474189 10.032811 6
4.768082 9.454254 10.129563 6
10.880860 3.482102 19.374316 6
5.841804 7.618958 19.408768 6
4.825874 1.088829 19.320306 6
2.838407 5.178047 26.645231 1
1.257264 12.171935 26.640273 1
-4.041812 7.368984 26.731363 1
-4.420041 9.326458 8.020993 1
1.276448 4.000320 8.037977 1
3.036119 11.437919 7.979888 1
9.926555 1.052939 17.318891 1
8.467493 7.998086 17.418225 1
3.153963 3.303371 17.425778 1
4.294885 7.273548 1.202032 1
5.801256 0.203036 1.198046 1
11.221537 5.051936 1.321580 1
-2.796347 11.328904 10.610215 1
-1.302712 4.277743 10.580331 1
4.091642 9.147645 10.673461 1
11.580066 2.997861 19.901777 1
5.837935 8.529767 19.875324 1
4.135116 0.970532 19.882363 1
2.971326 3.992736 0.245884 6
9.295768 0.665978 0.291489 6
9.069267 7.804669 0.317748 6
-4.192826 8.108127 9.665521 6
2.297937 4.775391 9.599378 6
2.023139 11.862065 9.578405 6
3.056257 12.213816 19.056426 6
-4.927483 8.892783 19.040478 6
1.864920 3.664486 19.062079 6
4.252185 8.384774 27.754674 6
-2.145120 11.828586 27.731361 6
-1.988523 4.629532 27.670024 6
4.261743 0.137210 8.940935 6
12.111468 3.511004 9.015348 6
5.110419 8.673623 8.902262 6
11.307055 4.202992 18.252777 6
5.013010 7.594939 18.249005 6
5.218970 0.390951 18.259311 6
2.144391 4.022199 0.645556 1
2.696460 12.263912 0.495102 1
-4.752593 8.668508 0.645603 1
9.205956 8.020831 9.866675 1
2.695404 4.041505 9.901456 1
9.504846 0.284886 9.909041 1
2.006105 12.284645 19.248933 1
-4.543406 8.032144 19.334154 1
2.303582 4.562305 19.219952 1
5.134690 8.459331 27.474002 1
4.434387 0.132601 27.368699 1
11.960252 3.780394 27.367374 1
5.136935 0.257919 8.706305 1
11.684059 4.340622 8.693050 1
4.836938 7.944329 8.747676 1
-2.148923 4.375510 18.068876 1
4.471193 8.362157 17.999105 1
-2.338171 11.955901 18.088420 1
3.949996 3.360462 1.006460 6
9.502834 1.793201 1.126030 6
8.148848 7.352567 0.986670 6
-3.162202 7.401255 10.439807 6
2.235967 5.970293 10.384497 6
0.831021 11.467558 10.355086 6
3.835109 11.481366 19.690912 6
-4.876297 9.945961 19.657470 6
0.939628 3.150444 19.782637 6
3.309890 9.109966 26.961569 6
-2.268175 10.569399 26.842966 6
-0.901109 4.984896 26.954034 6
3.293561 0.872492 8.255731 6
11.976533 2.358124 8.324371 6
6.307178 9.117962 8.191606 6
10.444107 5.000091 17.591565 6
4.792959 6.417081 17.515400 6
6.317015 0.850613 17.559693 6
5.374827 3.305117 0.816648 6
8.851385 2.963713 0.680125 6
7.310724 6.243178 0.777150 6
-1.880009 7.375404 10.099068 6
1.722586 7.080202 10.063809 6
0.326306 10.279894 10.083679 6
5.290556 11.522079 19.329190 6
-5.546971 11.137023 19.380142 6
0.231187 1.985034 19.356568 6
1.842572 9.049957 27.188350 6
-1.562592 9.387933 27.231813 6
-0.182586 6.142752 27.192246 6
1.901671 0.729253 8.632160 6
12.729185 1.308547 8.487692 6
6.938504 10.440529 8.577964 6
8.960929 4.995130 17.866203 6
5.544177 5.405172 17.870965 6
6.861250 2.156162 17.998223 6
5.808059 2.921560 1.202551 1
8.940966 3.731172 1.318063 1
6.747402 5.781128 1.305290 1
-1.203216 6.974235 10.620387 1
1.680468 7.723556 10.522964 1
-0.563515 9.988641 10.620111 1
5.982372 11.067992 19.953136 1
-5.313486 11.961317 19.876679 1
-0.583647 1.786664 19.887969 1
1.240806 9.522999 26.782774 1
-1.834543 8.797476 26.795297 1
0.538082 6.513611 26.675861 1
1.273200 1.241056 8.057834 1
12.488905 0.475098 8.137182 1
7.646633 10.578255 8.029037 1
8.483992 5.394422 17.324438 1
5.323736 4.641258 17.448676 1
7.708149 2.319134 17.401801 1
3.494338 2.503214 2.256924 7
10.359747 1.738060 2.216714 7
7.595884 8.029020 2.336659 7
-3.595834 6.679340 11.635870 7
3.139788 5.864937 11.591974 7
0.393209 12.244575 11.660101 7
3.562352 10.741265 20.990895 7
-3.891754 10.028569 20.879835 7
0.536418 3.893784 20.882472 7
3.591223 9.944845 25.667928 7
-3.133035 10.579596 25.804960 7
-0.515110 4.293849 25.710935 7
3.735603 1.529820 7.114550 7
11.152063 2.331149 7.035412 7
6.716877 8.430610 7.048831 7
10.814109 5.732011 16.323008 7
4.007191 6.532161 16.390004 7
6.737204 0.171789 16.348813 7
2.368683 2.680285 2.542396 8
10.969460 0.754567 2.661094 8
8.168991 9.126732 2.655604 8
9.538402 6.761426 11.885744 8
3.798187 4.897679 12.011075 8
8.262110 0.881403 11.864244 8
2.375047 10.792027 21.317366 8
-3.403383 8.918857 21.190300 8
1.074492 5.005879 21.233250 8
4.750984 9.713395 25.306168 8
-3.811092 11.700082 25.448431 8
-0.999076 3.261841 25.453366 8
4.716994 1.606481 6.648335 8
10.545863 3.490463 6.683275 8
5.995797 7.484702 6.759840 8
-2.302995 5.678412 16.092469 8
3.397942 7.536052 16.029532 8
-1.160199 11.662021 16.040872 8
4.326356 1.831779 2.856944 8
10.525755 2.898512 2.884119 8
6.629738 7.679342 2.825209 8
-2.743550 6.000095 12.167864 8
3.266997 7.020720 12.125838 8
-0.496077 11.735133 12.181171 8
4.439268 10.077355 21.572820 8
-3.805717 11.089653 21.455497 8
-0.510458 3.584449 21.520520 8
2.911437 10.553689 25.167312 8
-3.421876 9.531896 25.079664 8
0.540173 4.676039 25.205963 8
2.864288 2.242938 6.482581 8
10.955895 1.282170 6.541666 8
7.792034 8.758135 6.567516 8
10.043287 6.469044 15.793964 8
3.872793 5.402100 15.846616 8
7.600466 0.622841 15.845316 8
5.139276 5.504464 25.877345 8
6.890708 1.761105 25.955476 8
9.378301 5.041063 25.861440 8
-1.864298 9.680965 7.236168 8
-0.254764 5.924566 7.198688 8
2.139164 9.246588 7.267401 8
12.288598 1.276399 16.489604 8
6.982369 10.014804 16.477921 8
2.065228 0.962434 16.586351 8
1.884749 6.940760 2.113215 8
0.130293 10.547624 2.119160 8
-2.136832 7.277456 2.191801 8
-5.255597 11.053305 11.384774 8
0.296209 2.423568 11.423066 8
5.082832 11.335076 11.471775 8
9.035698 2.697034 20.826011 8
7.302922 6.407007 20.741319 8
5.090360 3.048265 20.840890 8
4.571179 5.911279 25.428338 1
6.851295 1.026718 25.592173 1
10.068417 5.618735 25.516701 1
-2.637985 10.066839 6.790399 1
-0.233267 5.043315 6.790901 1
2.800089 9.722398 6.909289 1
11.674125 1.783702 16.139250 1
6.887769 9.290503 16.240922 1
2.823312 1.418429 16.122886 1
2.653555 6.548958 2.507881 1
0.287910 11.491556 2.500011 1
-2.905998 6.888417 2.549437 1
-4.521959 10.536172 11.743825 1
0.282723 3.137978 11.809768 1
4.343255 10.905474 11.739038 1
9.896208 2.301828 21.169237 1
7.347084 7.345997 21.100860 1
4.386763 2.766301 21.207833 1
2.104637 7.664801 22.888231 6
-0.562462 10.324517 22.920529 6
-1.428127 6.686063 22.856864 6
-5.150048 11.986618 4.289996 6
-0.512382 2.003023 4.288741 6
5.765587 10.812072 4.160661 6
9.174214 3.526728 13.674954 6
6.559628 6.133684 13.524668 6
5.710032 2.634095 13.580218 6
5.164688 4.583172 5.089412 6
7.788419 2.011211 5.122314 6
8.598082 5.662312 5.062757 6
-2.084440 8.702526 14.394755 6
0.657842 6.276838 14.341005 6
1.572125 9.740648 14.351050 6
12.268169 0.602630 23.722555 6
7.660639 10.334887 23.686209 6
1.512705 1.576974 23.811422 6
1.871117 8.415163 23.501855 1
-0.942569 9.670030 23.511742 1
-0.782485 6.614107 23.500640 1
1.831605 0.139765 4.881022 1
13.305957 1.471181 4.871479 1
6.322727 10.751415 4.958985 1
8.923158 4.358826 14.263682 1
6.248893 5.614766 14.347011 1
6.365710 2.507131 14.284893 1
5.319143 3.970701 4.394230 1
8.166057 2.707661 4.328169 1
7.848153 5.711750 4.490321 1
-1.802669 8.230249 13.744421 1
1.065866 6.803700 13.663541 1
0.823021 9.914838 13.786856 1
5.429680 12.179176 22.997793 1
-6.215322 11.003056 22.974857 1
0.702719 1.659889 23.009090 1
1.373228 7.200585 22.753109 1
0.253108 9.876710 22.639421 1
-1.685101 7.683725 22.704860 1
-5.900599 11.407437 3.934326 1
0.235275 1.607189 4.090180 1
5.617909 11.805572 3.934691 1
8.538796 3.082935 13.423264 1
7.406166 5.851670 13.364089 1
5.621110 3.512154 13.332356 1
5.819982 5.300622 5.292794 1
6.858832 2.471848 5.342727 1
8.778809 4.672333 5.290889 1
-1.378792 9.373911 14.581381 1
-0.270780 6.525296 14.621357 1
1.649063 8.938345 14.613131 1
13.052400 1.165703 24.037764 1
6.879291 10.813726 23.903859 1
1.571556 0.602389 24.025852 1
2.403191 8.299127 22.058904 1
-1.106178 10.424765 22.029376 1
-1.202843 6.161499 22.102506 1
2.272972 0.042514 3.523985 1
-1.105179 2.060290 3.440082 1
5.907323 10.382348 3.522111 1
9.464163 4.155194 12.798572 1
6.032605 6.290009 12.728742 1
5.909637 2.059051 12.841612 1
4.702922 4.075212 5.931063 1
8.227537 1.988427 5.854211 1
8.435425 6.242753 5.952674 1
-2.358446 8.354612 15.287838 1
1.262059 6.136742 15.266210 1
1.230082 10.271664 15.126523 1
11.899628 0.077816 24.458632 1
8.242663 10.281596 24.571648 1
1.214818 2.084025 24.636774 1
3.074966 6.893207 23.538554 6
-0.421472 11.660889 23.510284 6
-2.707847 6.259839 23.518954 6
-3.905216 11.110578 4.824875 6
-0.404518 3.429543 4.817221 6
4.503157 10.255875 4.871984 6
10.420477 2.804488 14.009594 6
6.693737 7.585999 14.102568 6
4.427737 2.092602 14.053984 6
3.996521 5.466393 4.540887 6
7.618992 0.713673 4.558442 6
9.916263 6.136932 4.479453 6
-3.155022 9.660178 13.901589 6
0.475515 4.914847 13.816400 6
2.694749 10.253615 13.914405 6
11.127536 1.314642 23.156339 6
7.503283 8.943438 23.257284 6
2.795119 2.078701 23.288571 6
4.112402 6.235001 22.521197 6
6.870089 0.427473 22.496973 6
10.543996 5.778806 22.422705 6
-2.968180 10.434108 3.852864 6
-0.248564 4.562010 3.797114 6
3.491360 9.750030 3.925468 6
11.160528 2.083723 13.072176 6
6.755480 8.596211 13.195234 6
3.442005 1.548068 13.140053 6
2.976972 6.109294 5.400854 6
0.344293 11.963253 5.526048 6
-3.463307 6.647387 5.462728 6
-4.188448 10.161680 14.880366 6
0.258663 3.732709 14.904794 6
3.840757 10.728145 14.838650 6
10.182390 2.062954 24.122830 6
7.559569 7.926990 24.135776 6
3.696807 2.554941 24.180884 6
4.687287 5.745971 23.099819 1
6.961384 1.241560 23.068471 1
9.753870 5.352043 23.048689 1
-2.366463 9.967204 4.388572 1
-0.293932 5.306714 4.390660 1
2.682091 9.576454 4.240231 1
12.017901 1.653040 13.644012 1
6.912812 9.460141 13.730663 1
2.565098 1.220845 13.761271 1
2.356854 6.639480 5.063218 1
0.325281 11.083227 4.931059 1
-2.591828 7.103988 4.923587 1
-4.764876 10.751846 14.356409 1
0.344712 2.937042 14.274113 1
4.449218 11.141418 14.255810 1
9.447292 2.531390 23.592218 1
7.444361 6.999588 23.574756 1
4.556419 2.927156 23.708436 1
4.502169 6.935212 21.867668 1
6.083509 0.496132 21.999953 1
11.036776 5.071287 22.028173 1
-2.597687 11.137862 3.342679 1
-1.131840 4.463749 3.219008 1
3.741323 9.170784 3.225721 1
11.655567 2.874868 12.719273 1
5.955335 8.591967 12.681685 1
3.705334 0.824784 12.581345 1
2.545532 5.463929 6.129441 1
1.126986 11.910496 6.046803 1
-3.846570 7.422592 6.107257 1
-4.545326 9.451483 15.293852 1
1.197045 3.808769 15.398905 1
3.359189 11.636137 15.363460 1
9.726964 1.294265 24.667440 1
8.286252 7.937679 24.754534 1
3.320791 3.235139 24.696613 1
3.634826 5.609312 22.020882 1
7.553324 0.309673 21.919344 1
10.345848 6.418524 21.998466 1
-3.653185 9.866244 3.197151 1
0.355149 4.449350 3.275954 1
3.146802 10.610550 3.215934 1
10.847614 1.644348 12.644551 1
7.560829 8.557420 12.578293 1
3.157434 2.339063 12.688817 1
3.505290 6.815874 6.108483 1
-0.360177 12.196560 6.087863 1
-3.128656 5.997410 5.991783 1
-3.654562 10.838265 15.419072 1
-0.491719 3.947569 15.365527 1
4.119950 10.158861 15.460431 1
10.757554 2.515229 24.720627 1
6.719500 7.940883 24.635689 1
4.135445 1.796163 24.737930 1
3.359411 6.754437 24.553769 8
-0.389844 11.830251 24.552593 8
-2.854149 6.082739 24.651000 8
-3.858453 10.904115 5.920574 8
-0.285157 3.551485 5.981407 8
4.190304 10.316648 5.951213 8
10.529303 2.692888 15.292170 8
6.701575 7.669353 15.360969 8
4.294183 1.932254 15.272690 8
3.834345 5.578480 3.417284 8
7.500199 0.476144 3.411228 8
9.991533 6.280403 3.379741 8
-3.230499 9.741740 12.638891 8
0.327188 4.637004 12.748973 8
2.996302 10.350358 12.606821 8
11.061571 1.535442 22.088933 8
7.472457 8.775527 22.023224 8
2.865205 2.095937 22.066567 8
13.424714 0.644556 27.917967 8
6.907036 11.329050 27.932402 8
0.978333 0.377302 27.942450 8
6.292959 4.925925 9.251346 8
6.912738 3.114883 9.360658 8
8.118935 4.421575 9.291237 8
-0.895892 9.006563 18.703690 8
-0.117690 7.156937 18.723438 8
1.081718 8.664981 18.567244 8
-6.348321 11.631548 0.076052 8
0.089719 1.127480 0.083237 8
6.201921 11.973911 0.031166 8
7.902551 3.385888 9.389576 8
7.253095 5.134781 9.385503 8
6.150523 3.846315 9.265445 8
0.821494 7.665847 18.681776 8
0.156591 9.394755 18.606554 8
-0.977435 7.831538 18.583631 8
