2.852628 7.332360 0.782680 8
7.462300 0.217283 12.910801 8
3.238032 8.694167 4.604934 8
7.087931 -1.015011 9.138910 8
1.664003 7.303277 1.090846 7
8.725043 0.425984 12.579479 7
2.177946 8.722745 4.582506 7
8.016246 -1.064352 9.218364 7
8.370574 7.234632 2.636502 6
1.985766 0.360751 11.155536 6
7.459028 6.579637 1.898274 6
2.981622 1.061243 11.829373 6
7.659285 5.997886 1.087722 1
2.593877 1.647073 12.625667 1
5.999863 6.835259 1.991532 6
4.338243 0.794676 11.685315 6
5.359882 6.307043 1.408811 1
4.867614 1.256120 12.212913 1
5.566524 7.731604 3.071456 6
4.832173 0.078070 10.627475 6
4.657597 7.679189 3.156213 1
5.639166 -0.180381 10.535442 1
6.039803 9.153906 4.795409 6
4.245121 -1.594127 8.834955 6
5.054044 9.185118 5.002137 1
5.206986 -1.606338 8.685254 1
6.938845 9.841755 5.562618 6
3.386473 -2.139129 7.940655 6
6.757544 -1.810155 6.244128 1
3.465718 9.476180 7.285550 1
8.221674 9.850503 5.351018 6
2.036690 -2.195347 8.344471 6
8.866692 10.249504 6.007923 1
1.203331 9.584529 7.618144 1
8.881678 8.901031 4.482128 6
1.523897 -1.231695 9.198507 6
7.931982 8.288714 3.644682 6
2.454955 -0.572211 10.139078 6
6.490029 8.358799 3.768775 6
3.748500 -0.687723 9.910766 6
9.668537 7.202950 2.125359 6
0.663378 0.353257 11.662134 6
10.525990 5.427640 3.646346 6
-0.113624 2.072019 9.932930 6
9.568295 5.499301 4.069460 1
0.810449 2.322320 9.687631 1
0.685992 4.780549 4.238256 6
9.785756 2.947911 9.441860 6
0.298946 4.038076 5.065684 1
9.903281 3.466313 8.649245 1
2.002664 4.758904 3.785406 6
8.461265 2.956838 9.930758 6
2.178820 5.603292 2.824554 6
8.052733 2.120879 10.928176 6
3.091699 5.742062 2.500845 1
7.189238 2.064741 11.306990 1
0.813428 4.022943 13.067404 6
9.601051 3.575298 0.675117 6
1.745965 4.113671 12.697859 1
8.644973 3.660636 0.986820 1
0.005733 4.760186 12.380403 6
10.386939 2.970854 1.344956 6
0.124503 5.078955 11.553753 1
10.213811 2.433266 2.253851 1
9.439490 4.716929 12.621446 6
0.882482 2.993976 1.035640 6
8.788922 5.276627 12.225980 1
1.471710 2.443140 1.385285 1
9.220375 8.768758 0.198900 6
1.063726 -1.140278 13.572529 6
8.402344 8.766179 0.522961 1
1.941107 -1.174282 13.244816 1
10.249441 8.027227 1.014086 6
0.214938 -0.352351 12.830677 6
0.650107 7.860704 0.459574 6
9.783837 -0.213821 13.286368 6
1.246182 6.492840 2.123916 6
9.138992 1.312188 11.406700 6
-0.039211 6.461832 2.567198 6
10.534422 1.259079 11.093543 6
3.064497 3.907762 4.497850 6
7.243408 3.626097 9.380645 6
4.313410 4.471812 4.558653 6
6.064749 3.139262 9.036554 6
4.473522 5.440287 4.320494 1
5.828539 2.236165 9.327569 1
5.349011 3.787578 5.122524 6
4.931911 3.942835 8.661677 6
5.121513 2.348682 5.406292 6
5.256504 5.356550 8.308338 6
5.832525 1.762630 5.669177 1
4.573689 5.875892 8.028725 1
3.881990 1.896260 5.306386 6
6.515758 5.910305 8.388358 6
2.785919 2.605388 4.752957 6
7.502856 5.028008 8.920177 6
2.027182 2.313328 4.748265 1
8.495407 5.446014 9.009697 1
6.761820 4.237196 5.180549 6
3.651135 3.277988 8.550953 6
7.266757 3.999200 4.356109 1
3.016875 3.564166 9.242928 1
7.187580 3.905294 5.877515 1
3.258451 3.657416 7.697725 1
6.639189 5.196920 5.114642 1
3.640933 2.299196 8.484417 1
3.717452 0.403459 5.590921 6
6.754184 7.331974 8.040736 6
4.511038 -0.067603 5.989439 1
5.919531 7.612936 7.834825 1
3.309714 -0.227068 4.807599 1
7.009359 7.855447 8.983126 1
2.864010 0.268476 6.253843 1
7.453370 7.432067 7.357040 1
2.644640 0.172828 5.488985 1
7.631837 7.539643 8.340056 1
3.767025 0.131972 6.534729 1
6.493187 7.491979 7.097053 1
4.122264 -0.299056 5.101561 1
6.073324 7.950983 8.577544 1
10.214048 8.984444 4.429270 6
0.050608 -1.263531 9.323689 6
10.495734 10.509687 2.690986 6
-0.170566 -2.977840 11.024674 6
9.477141 10.679849 2.631038 1
0.792370 -3.035792 11.137409 1
0.377042 11.416066 1.840552 6
9.934305 -3.803789 11.772553 6
0.284564 -0.337438 1.171772 1
10.400175 -4.210581 12.486662 1
1.816778 11.289368 1.921315 6
8.481841 -3.576339 11.685083 6
2.438563 10.437160 2.761808 6
7.883565 -2.824069 10.927255 6
3.286996 10.296015 2.784340 1
7.005993 -2.699639 10.782269 1
2.153055 7.266576 6.277543 6
8.085505 0.404235 7.451809 6
3.146204 7.074286 6.309722 1
7.140751 0.457209 7.484463 1
1.467841 6.455970 7.318089 6
8.907594 1.051642 6.462630 6
1.903848 6.042546 7.785929 1
8.433938 1.745905 5.885855 1
0.133026 6.577442 7.343088 6
10.157874 1.001142 6.301856 6
-0.318231 6.085359 8.022163 1
-0.092558 1.430130 5.685424 1
10.229284 7.269033 6.464023 6
0.113775 0.319699 7.157340 6
9.411741 7.303801 6.566202 1
0.963403 0.285731 7.124729 1
0.182747 8.104970 5.504623 6
10.169965 -0.452109 8.249224 6
1.524872 8.007458 5.358201 6
8.804045 -0.306302 8.411321 6
1.555825 9.597997 3.660770 6
8.811428 -1.889202 10.019336 6
0.113751 9.608067 3.554007 6
10.177414 -2.033636 10.106586 6
3.025723 -0.047000 0.966394 6
7.438282 7.802374 12.658961 6
2.338404 7.371453 13.329799 6
7.975334 0.313970 0.442863 6
1.790815 6.794793 12.879388 1
8.656607 0.912955 0.694792 1
3.356774 -4.218791 12.527869 6
6.956202 11.734122 1.171907 6
4.300725 -3.189543 13.077632 6
6.132124 10.892636 0.746269 6
4.667419 -2.638003 12.403254 1
5.543832 10.223748 1.278944 1
4.596591 1.653689 0.765315 6
5.710141 6.035955 12.967318 6
3.786854 0.944176 1.465704 6
6.581611 6.754154 12.240219 6
3.956929 0.995645 2.441512 1
6.550877 6.698124 11.249512 1
3.112448 7.934759 10.865827 6
7.325120 -0.123168 2.645110 6
2.987847 8.661947 10.478482 1
7.286088 -0.980514 3.232325 1
2.313095 7.330654 10.733890 1
8.109160 0.398504 2.872744 1
3.872817 7.394043 10.678361 1
6.493705 0.340002 2.891078 1
5.290079 2.873007 1.175344 6
5.046520 4.827152 12.557122 6
5.301856 2.933345 2.281564 1
5.119065 4.784683 11.503375 1
4.993528 3.658263 0.948471 1
5.357887 3.929772 12.907438 1
6.363844 2.682486 0.982247 1
4.094019 4.902701 12.708988 1
5.696809 3.424255 0.433203 1
4.569962 4.357598 13.174506 1
6.128391 2.419285 1.774048 1
4.289047 5.232023 11.908060 1
4.762408 3.371779 1.771484 1
5.606300 4.161418 11.865793 1
