8.587725 7.734387 5.581937 14
6.470563 8.245421 14.082165 14
1.692458 15.644116 5.484812 14
-0.328483 0.177296 14.157919 14
3.526560 8.084517 4.527312 8
1.426606 7.881915 13.025442 8
10.354793 0.134592 4.579566 8
8.262244 15.876386 13.002608 8
2.046281 7.896680 6.192735 8
-0.108640 7.992115 14.776888 8
8.898887 15.846859 6.269654 8
6.902226 0.091936 14.755751 8
2.401651 5.396476 8.229942 8
0.493711 10.481548 16.572469 8
9.227571 13.347383 8.144446 8
7.267426 2.605749 16.662152 8
2.926436 7.535677 9.106359 8
5.038401 8.505976 0.465352 8
9.727255 15.353823 9.005114 8
11.787792 0.514392 0.633006 8
5.125363 4.579946 7.947636 8
3.196061 11.383012 16.396278 8
-1.568537 12.653407 7.921382 8
-3.736888 3.387258 16.470498 8
7.254341 6.826539 5.199488 8
5.192004 9.078266 13.722842 8
0.304888 14.693701 5.070984 8
-1.704275 1.194305 13.687146 8
4.237709 6.373987 1.990753 8
2.317778 9.619529 10.491655 8
11.130235 14.334554 2.104705 8
8.996195 1.728969 10.634648 8
5.393675 2.356734 7.604240 8
3.337084 13.612800 16.206398 8
-1.492582 10.355826 7.600667 8
-3.526901 5.534477 16.221352 8
7.076729 4.722642 2.543504 7
5.009727 11.227784 11.010384 7
0.311057 12.513053 2.535320 7
-1.750565 3.387363 11.002464 7
3.893544 4.433688 4.054100 7
1.858644 11.521739 12.508750 7
10.660929 12.293546 4.156173 7
8.742282 3.529120 12.556234 7
2.994695 4.183412 3.141839 7
1.024428 11.775893 11.832952 7
9.871480 12.185026 3.162229 7
7.742747 3.720194 11.752027 7
2.270968 3.895927 2.448889 7
0.039427 12.093869 11.055062 7
9.098337 11.801930 2.573968 7
6.883252 4.112525 11.069930 7
3.167210 6.641164 4.671707 6
1.168012 9.230089 13.179245 6
10.027955 14.525800 4.641201 6
7.938446 1.401962 13.228783 6
2.539593 6.583760 6.059352 6
0.363069 9.337570 14.473586 6
9.423700 14.483022 6.094653 6
7.250371 1.373677 14.588466 6
3.397594 6.093140 7.150290 6
1.398515 9.869250 15.759563 6
10.282010 13.984607 7.275384 6
8.055599 1.784081 15.654711 6
3.953628 7.183492 8.070883 6
1.845254 8.730134 16.537236 6
10.836656 15.177684 8.167986 6
8.641367 0.843215 16.611993 6
4.437525 5.040506 6.815294 6
2.400796 10.889385 15.219716 6
11.148850 12.933811 6.814043 6
9.178518 2.935991 15.215984 6
5.229509 5.497812 5.636060 6
3.235944 10.523433 14.103380 6
12.048023 13.574200 5.520125 6
10.084294 2.532588 14.025942 6
6.143944 6.625858 6.003553 6
4.153808 9.237929 14.448598 6
-0.735033 14.614500 6.002478 6
-2.731235 1.271197 14.476873 6
4.411229 5.821516 4.359479 6
2.372797 10.303776 12.801308 6
11.220255 13.715348 4.419934 6
9.180151 2.214103 12.830506 6
5.207933 6.267584 3.075885 6
3.068313 9.692568 11.585522 6
12.010788 14.141534 3.110081 6
10.023108 1.717571 11.665595 6
6.305110 5.234800 2.742775 6
4.344565 10.618850 11.387362 6
-0.469874 13.374937 2.793429 6
-2.631455 2.714417 11.319580 6
2.413225 8.654155 5.087098 6
0.451065 7.234429 13.727477 6
9.265938 0.797925 5.072030 6
7.156900 15.162702 13.736211 6
3.075390 9.933957 5.754587 6
0.948074 5.932825 14.331582 6
9.917475 2.120515 5.686847 6
7.901302 13.854018 14.199135 6
1.351415 8.979362 4.227841 6
-0.781426 7.006270 12.687619 6
8.125118 0.978821 4.251380 6
6.199671 14.925185 12.757665 6
2.111185 6.238001 9.199823 6
4.284766 9.689512 0.722596 6
8.976979 14.162134 9.359230 6
11.170278 1.812886 0.773859 6
0.650926 6.520796 9.419958 6
2.826451 9.363285 0.726660 6
7.604543 14.580783 9.318021 6
9.588516 1.468400 0.741939 6
2.734251 5.479647 10.549194 6
4.773551 10.405632 2.000408 6
9.508621 13.499221 10.464542 6
11.586226 2.339290 2.080708 6
4.854993 3.368018 8.465215 6
2.802822 12.657957 16.943657 6
-1.965001 11.433759 8.391392 6
9.513167 4.559042 16.850328 6
6.661265 2.182007 7.736995 6
4.583624 13.722395 16.215782 6
-0.071392 10.094786 7.781145 6
-2.252786 5.821966 16.352707 6
9.650964 7.616575 4.064157 6
7.704049 8.253305 12.716464 6
2.827012 15.714159 4.107288 6
0.795126 0.167242 12.641525 6
9.024445 7.997638 2.818029 6
6.956509 7.946523 11.261621 6
2.162123 0.037034 2.870869 6
0.165826 15.889151 11.374381 6
10.818446 8.763003 4.469999 6
8.928551 7.333620 12.916963 6
4.048650 0.717802 4.410483 6
1.959220 15.231142 12.896859 6
10.194191 6.286044 3.988812 6
8.273054 9.708083 12.553907 6
3.462159 14.291049 4.018507 6
1.484804 1.767068 12.410435 6
9.323081 6.959835 7.071258 6
7.227827 8.860979 15.654448 6
2.526600 15.016436 7.054067 6
0.452564 0.877220 15.592862 6
10.154284 7.764361 7.930494 6
8.054451 8.198599 16.434035 6
3.362787 15.668194 7.870231 6
1.317670 0.285784 16.493799 6
10.752818 7.295685 9.016923 6
12.883497 8.751643 0.427995 6
3.871089 15.139796 9.030963 6
5.959004 0.658391 0.512496 6
10.593666 5.841090 9.341540 6
12.556363 10.099985 0.839621 6
3.667124 13.895177 9.386475 6
5.753740 2.013774 0.773798 6
9.700872 5.059740 8.546646 6
7.742642 10.714359 17.004709 6
2.839266 13.207857 8.639657 6
4.963906 2.907842 0.023926 6
9.186744 5.679653 7.402392 6
7.072135 10.282400 15.906671 6
2.233318 13.622769 7.489940 6
0.161448 2.272468 15.981942 6
7.835633 9.521353 6.021614 6
5.809365 6.611559 14.542953 6
1.004664 1.389250 5.949013 6
-1.072603 14.416466 14.444440 6
7.567025 9.648798 7.297187 6
5.507223 6.272247 15.894044 6
0.650191 1.717593 7.378295 6
-1.463189 14.238147 15.898222 6
6.795030 10.982319 7.733936 6
4.797258 5.086073 16.218312 6
0.007856 2.891555 7.616781 6
-2.161165 12.963937 16.125424 6
6.433638 11.759946 6.750313 6
4.420367 4.279405 15.131464 6
-0.398874 3.878973 6.613064 6
-2.494882 12.211135 15.305042 6
6.740598 11.549291 5.399943 6
4.514196 4.441840 13.832428 6
-0.168298 3.559511 5.406433 6
-2.142831 12.508673 13.898979 6
7.421799 10.289824 5.152786 6
5.306145 5.606382 13.662207 6
0.596148 2.367410 5.106957 6
-1.474120 13.646651 13.619682 6
4.524961 7.027871 1.515973 1
2.577579 8.800622 9.933273 1
11.344511 15.036154 1.457090 1
9.290878 0.913135 9.974926 1
5.637201 7.456333 5.939497 1
3.518269 8.375646 14.522941 1
-1.229818 15.439218 6.035769 1
-3.219027 0.506663 14.367562 1
6.367426 6.645402 6.875042 1
4.339533 9.374523 15.345558 1
-0.342297 14.583901 6.953358 1
-2.467379 1.373855 15.462060 1
5.397069 7.127062 3.362557 1
3.450782 8.932500 11.776538 1
12.286369 15.005082 3.244733 1
10.326964 0.766428 11.806765 1
2.589402 6.397833 3.881446 1
0.417973 9.405632 12.498330 1
9.434757 14.357931 4.037817 1
7.404850 1.460702 12.559799 1
5.846175 4.820351 5.433921 1
3.877852 11.062076 13.831076 1
-0.976206 12.663795 5.375319 1
-3.044858 3.212429 13.904468 1
3.786150 4.268206 6.508956 1
1.842902 11.659977 14.904213 1
10.702894 12.196950 6.545004 1
8.657688 3.741342 14.938913 1
1.797351 5.921174 5.977771 1
-0.313119 9.905593 14.436233 1
8.636016 14.049752 5.998988 1
6.525207 2.006005 14.525009 1
4.644143 6.939718 8.449001 1
6.769994 8.974022 0.083810 1
-2.037664 14.863320 8.599910 1
9.511450 1.140512 16.977311 1
4.059263 8.029257 7.502099 1
2.068162 8.015377 16.097409 1
10.878265 0.093625 7.558086 1
8.987717 0.075772 15.981722 1
7.620862 10.049808 4.120619 1
5.509126 5.807814 12.613773 1
0.788276 2.258142 4.211185 1
-1.320053 13.711513 12.652583 1
5.122878 3.337909 9.327456 1
7.151596 12.605132 0.711465 1
-1.609224 11.191759 9.397065 1
0.368860 4.765483 0.737458 1
3.769067 3.312460 8.506426 1
1.810651 12.643777 16.991651 1
10.710154 11.270769 8.362244 1
8.634378 4.648742 16.960350 1
11.381149 8.383839 5.268734 1
9.162334 7.404607 13.756488 1
4.502653 0.544074 5.170007 1
2.438479 15.518611 13.700014 1
10.467538 9.605859 4.436868 1
8.600242 6.341797 12.938782 1
3.694654 1.547495 4.550968 1
1.642358 14.367538 12.894273 1
1.345322 9.774542 3.825671 1
-0.679973 6.150487 12.260865 1
8.197047 1.857513 3.780935 1
6.138483 13.985642 12.383858 1
0.424488 8.925351 4.773865 1
-1.630668 6.980798 13.159193 1
7.428915 0.903090 4.745740 1
5.231576 14.971639 13.269838 1
0.665368 7.253130 9.972425 1
2.675004 8.616489 1.378396 1
7.383764 15.287058 9.902228 1
9.454778 0.633139 1.420272 1
0.189469 5.825604 9.636862 1
2.199902 10.238007 1.013006 1
7.072424 13.858127 9.550099 1
9.042572 2.202411 1.058973 1
8.524195 5.211688 6.990203 1
6.469657 10.792671 15.542610 1
1.618718 13.061249 7.003980 1
-0.394304 2.809070 15.402282 1
10.922406 5.565956 10.108561 1
13.017260 10.420339 1.526969 1
4.144087 13.545710 10.068187 1
6.094170 2.370107 1.634656 1
9.697024 7.993436 2.089233 1
7.704328 8.025561 10.629156 1
2.824731 15.890836 2.045688 1
0.857094 15.878836 10.510424 1
8.728226 9.034207 2.854077 1
6.688183 6.993510 11.222832 1
2.049287 1.126227 2.787920 1
-0.110669 14.992585 11.353768 1
9.458625 5.589809 4.022412 1
7.531504 10.340397 12.529151 1
2.675895 13.550526 3.965219 1
0.672660 2.236146 12.575779 1
2.686203 10.226748 6.676762 1
0.714192 5.761631 15.174335 1
9.521242 2.105323 6.658669 1
7.549555 13.877886 15.060838 1
3.704214 5.751899 10.650519 1
5.663452 10.186145 1.982302 1
10.559241 13.672030 10.545434 1
12.561399 2.379537 1.974597 1
0.437040 6.982074 8.435517 1
2.461930 9.128646 0.022234 1
7.394175 14.785095 8.539585 1
9.345041 1.084347 0.000089 1
9.620161 4.327078 8.852764 1
11.579232 11.719485 0.273858 1
2.654456 12.184984 8.728542 1
4.770484 3.815114 0.221274 1
6.991490 1.232287 7.544299 1
4.829846 14.551084 16.154055 1
0.197714 9.223999 7.500020 1
-1.985028 6.710167 16.007107 1
11.542572 8.593570 3.603615 1
9.557979 7.277382 12.181221 1
4.602213 0.683386 3.757330 1
2.650535 15.353835 12.294849 1
7.804500 9.107778 8.021915 1
5.611299 6.725777 16.621874 1
0.890757 1.183857 7.963283 1
-1.174190 14.842703 16.473209 1
6.309297 12.017761 4.793813 1
4.268996 3.751844 13.141207 1
-0.415106 4.123361 4.777818 1
-2.519272 11.719766 13.230284 1
6.614141 11.166882 8.645254 1
8.611843 4.752676 0.113302 1
-0.173620 3.189315 8.593378 1
1.692491 12.812915 0.026604 1
11.231808 7.744853 9.482037 1
13.374538 8.229250 1.075758 1
4.467738 15.776703 9.559317 1
6.604994 0.250808 1.112312 1
2.628176 10.833119 5.178753 1
0.662382 5.173956 13.668775 1
9.479944 2.800045 5.183992 1
7.566260 13.237714 13.684967 1
5.791695 12.622978 6.978538 1
3.778594 3.494200 15.390547 1
-0.873282 4.555906 6.862220 1
-2.979563 11.445461 15.390779 1
10.340438 8.734948 7.755372 1
8.370912 7.280644 16.216459 1
3.441989 0.632930 7.685099 1
1.490787 15.231618 16.224234 1
1.300476 8.271697 3.451329 1
-0.725565 7.565220 11.979299 1
8.271874 0.377756 3.512190 1
6.241206 15.596734 12.069541 1
3.934967 9.934258 5.765054 1
1.985704 5.902589 14.192383 1
10.790989 2.018625 5.690652 1
8.788427 13.991272 14.125961 1
6.982136 2.429835 8.627431 1
9.114127 13.609794 0.260641 1
0.138751 10.467941 8.675687 1
2.258192 5.652144 0.123449 1
7.065254 2.736455 7.111104 1
5.123823 13.056961 15.744959 1
0.350586 10.691428 7.162902 1
-1.756001 5.230199 15.764774 1
8.211947 7.480100 2.730393 1
6.240143 8.415704 11.173165 1
1.461772 15.561320 2.620289 1
-0.674619 0.439246 11.132250 1
10.959390 6.115583 4.787541 1
8.839043 9.887583 13.191203 1
3.969813 14.132707 4.766905 1
1.998809 1.838567 13.251304 1
10.691463 6.192741 3.068903 1
8.770156 9.718977 11.629202 1
3.984135 14.243983 3.174020 1
1.823240 1.821728 11.740540 1
2.467725 4.703852 10.519005 1
4.625893 11.394503 1.963304 1
9.290899 12.496860 10.510761 1
11.482548 3.337788 1.996566 1
2.200497 5.871979 11.264784 1
4.253488 9.998297 2.767233 1
9.055109 13.805674 11.288662 1
11.149250 2.090739 2.725296 1
