-1.359253 6.547372 1.762649 53
6.731731 -0.369328 9.117640 53
1.881528 1.720906 1.648914 53
3.625227 4.476498 9.316955 53
6.952493 2.485295 3.662243 8
-1.543035 3.745825 7.319708 8
7.405506 4.355402 4.499940 8
-1.845543 1.707381 6.452336 8
9.925667 3.409292 0.763703 8
-4.524129 2.656274 10.119085 8
7.881434 2.564921 0.991851 8
-2.421634 3.758265 9.997758 8
5.765638 5.301112 1.747770 8
-0.426244 0.805321 9.163130 8
5.087979 3.916007 0.325691 8
0.225905 2.300562 10.843134 8
2.094303 4.703372 3.801295 8
3.346211 1.617352 7.312467 8
4.434885 4.529197 4.141286 8
1.141995 1.619433 6.836183 8
9.037036 5.273658 3.168780 6
7.406983 0.895836 7.771608 6
-1.123499 4.086060 3.736875 6
6.625155 2.149411 7.251636 6
-1.108315 3.828595 4.645889 1
6.671091 2.248722 6.380675 1
-0.254346 4.003606 3.184102 1
5.731892 2.218496 7.696328 1
8.668724 3.853641 2.824086 6
-3.405513 2.400829 8.110520 6
7.630116 3.305185 3.657691 6
-2.173654 2.808848 7.367452 6
7.925072 5.731120 4.077578 6
-2.446368 0.563691 6.917919 6
7.369101 6.137540 3.739964 1
-1.988375 0.061400 7.404669 1
-2.777516 6.409381 5.450776 6
8.207981 -0.188331 5.639662 6
-2.087309 5.833747 5.889183 1
7.521101 0.247102 5.087452 1
-2.267896 7.178838 5.166138 1
7.662384 -1.026321 5.925066 1
7.273353 6.871133 6.267114 6
-1.941032 -0.600589 4.721936 6
6.334666 7.611119 5.896442 6
-0.855215 -1.603956 5.208769 6
6.324341 8.049207 4.851786 1
-0.916628 -1.844798 6.121181 1
5.256723 7.942301 6.645253 6
0.145048 -1.826571 4.298939 6
5.982391 -3.044944 6.333751 1
-0.578291 9.191338 4.569940 1
5.238465 7.478874 7.952187 6
0.319721 -1.309244 3.070728 6
6.014205 -3.935860 8.404430 1
-0.442775 10.023416 2.475244 1
6.063612 6.611164 8.390198 6
-0.716258 -0.423910 2.680417 6
5.992546 6.360788 9.173659 1
-0.693910 -0.249223 1.729703 1
-3.895734 6.361076 7.541939 6
9.365067 -0.084831 3.469362 6
-3.252063 5.764058 7.817614 1
8.731647 0.411558 3.054195 1
8.982327 3.181718 1.545744 6
-3.514236 2.920730 9.577237 6
3.741289 -3.593175 10.696087 6
1.617711 9.744614 0.282981 6
4.042549 -2.828908 10.101264 1
1.432246 9.029618 0.867524 1
3.026632 -4.011760 10.491315 1
2.390972 10.143454 0.458950 1
4.450038 -4.171815 10.606795 1
1.048603 10.440962 0.306178 1
3.041887 3.220117 1.027207 6
2.470250 2.905905 9.897323 6
2.494461 4.706346 0.828376 6
2.885905 1.572616 10.142005 6
1.641140 4.790427 1.118161 1
3.723359 1.305515 9.850128 1
2.701017 5.120888 0.014338 1
6.907702 6.512251 0.032361 1
3.607898 4.419291 1.881420 6
1.868443 1.714497 9.181968 6
4.942090 4.704534 1.434782 6
0.395858 1.618398 9.719616 6
-0.018478 -2.578021 10.973135 6
1.292996 3.227979 10.840329 6
4.579609 1.992349 0.340119 1
0.952012 4.199793 10.707327 1
-0.492260 -2.791216 9.572032 6
5.901240 8.928716 1.420185 6
-1.131447 -3.327878 9.555992 1
6.724698 9.477360 1.422775 1
-0.741177 -1.795109 9.197038 1
6.096810 7.946390 1.724917 1
0.709912 -3.143487 8.772832 6
4.746711 9.296706 2.298610 6
1.506791 -2.277768 8.065555 6
3.916225 8.558028 2.868982 6
1.261973 -1.367509 8.279487 1
4.107108 7.605343 2.670267 1
2.459576 -2.684909 7.296499 6
2.872336 8.872765 3.622209 6
3.092709 -2.162437 6.884417 1
2.319913 8.254129 4.004111 1
1.249169 7.678390 7.093426 6
4.119193 -1.606085 3.822266 6
2.014966 7.498605 6.598862 1
3.440179 -1.323268 4.327938 1
0.465414 6.752818 7.637086 6
5.056942 -0.669398 3.369106 6
0.616296 5.839418 7.416870 1
4.865776 0.312927 3.440965 1
-0.668581 7.167286 8.387445 6
6.072657 -1.012328 2.508534 6
-1.117033 6.640322 8.918210 1
6.603468 -0.414739 2.077670 1
3.384190 4.454203 3.420813 6
2.189891 1.729175 7.656085 6
4.241857 4.508635 5.464133 6
1.300692 1.554794 5.435100 6
3.208436 4.878003 5.586091 1
2.107038 1.219960 5.227865 1
4.881981 5.050171 5.865285 1
0.612406 1.044054 5.038514 1
4.312823 3.606578 5.854576 1
1.122486 2.458120 5.141882 1
