9.118822 4.703959 3.359611 16
7.239809 6.603929 10.955857 16
1.690217 10.231762 4.217730 16
3.711137 1.084445 11.708617 16
5.473496 2.132676 4.141423 8
10.739967 9.144295 11.658934 8
5.267166 7.750297 3.376909 8
0.100783 3.549449 10.848506 8
6.617436 3.928577 3.224080 7
9.682116 7.301670 10.577694 7
4.190619 9.492777 4.287939 7
1.145486 1.737221 11.953366 7
8.599034 3.660458 1.930498 6
7.404718 7.722999 9.562492 6
2.165444 9.114297 5.614944 6
3.236488 2.039340 13.168083 6
8.867842 4.114913 1.165655 1
7.345194 7.204120 8.651848 1
1.897458 9.658754 6.380770 1
3.523459 1.442122 13.856693 1
9.277878 2.698754 1.874239 1
6.884956 8.352369 9.398386 1
1.574112 8.371760 5.586516 1
3.965580 2.784580 13.150271 1
7.262274 3.127771 2.036975 6
8.943414 8.095268 9.480040 6
3.518853 8.838047 5.429931 6
1.779498 2.519185 13.025837 6
7.109025 2.099061 2.293937 1
8.994173 9.124728 9.802715 1
3.604648 7.764575 5.388090 1
1.798541 3.408638 12.923837 1
4.901457 4.268364 6.170210 7
0.572881 6.997140 13.777436 7
5.942724 9.940706 1.413006 7
10.249092 1.441606 8.829160 7
5.872913 2.533979 0.131925 8
10.308176 8.523737 7.652730 8
4.924533 8.226965 7.552154 8
0.571493 3.056805 15.000649 8
6.418632 4.743815 0.549673 8
9.728033 6.478737 7.907628 8
4.239829 10.312828 7.066354 8
1.159589 0.860870 14.535718 8
5.955576 3.310527 4.211412 6
10.254043 8.077045 11.794819 6
4.749440 8.911666 3.295534 6
0.644429 2.286337 10.835279 6
6.184316 4.051381 5.504362 6
10.034954 7.096459 13.039266 6
4.691864 9.727393 2.098152 6
0.735866 1.453136 9.645403 6
2.653791 4.908761 6.097372 8
2.625971 6.352588 13.619055 8
8.068458 10.579445 1.419443 8
8.017730 0.699884 9.001496 8
3.983634 4.658665 4.194986 8
1.532662 6.619136 11.797709 8
6.954296 10.159155 3.238056 8
9.361128 1.095526 10.854882 8
6.859852 5.474850 4.951609 6
9.384779 5.877882 12.463642 6
3.941383 11.078056 2.633310 6
1.440282 0.179647 10.043804 6
6.065895 6.188411 4.991698 1
10.143606 5.130106 12.539291 1
4.693108 0.592092 2.541630 1
0.631531 10.622916 10.197327 1
7.549770 5.605991 5.572357 1
8.613346 5.513749 13.046064 1
3.182897 11.176477 1.932866 1
2.112883 0.040554 9.548829 1
7.274479 5.072731 3.498832 6
8.834295 6.099260 11.027975 6
3.505886 10.785064 4.068388 6
1.968839 0.603766 11.463590 6
7.139605 5.873419 2.954483 1
9.048959 5.362368 10.373918 1
3.774385 0.187762 4.658191 1
1.640057 10.975967 12.173102 1
5.018805 4.602895 7.561332 6
0.494333 6.637848 15.029357 6
5.916042 10.341699 14.951112 6
10.330379 1.026947 7.400585 6
4.049774 4.543322 7.932698 1
1.273572 6.552908 0.532341 1
6.797647 10.165137 14.560041 1
9.453251 0.911609 7.073519 1
5.247538 5.513547 7.694997 1
0.171086 5.558582 0.174848 1
5.445763 0.096664 14.913622 1
10.571060 0.026951 7.421855 1
5.891335 3.833601 8.410511 6
10.251493 7.427552 0.832528 6
4.820147 9.462279 14.095940 6
0.451571 1.811103 6.598398 6
5.596871 2.878928 8.352582 1
10.580736 8.270138 1.002909 1
5.182004 8.450649 14.120601 1
0.255143 2.780133 6.695609 1
5.916025 4.145587 9.252426 1
10.215589 7.103618 1.788860 1
4.749697 9.815067 13.175739 1
0.558712 1.380291 5.736663 1
7.290265 3.838181 7.759736 6
8.916448 7.344322 0.135803 6
3.549837 9.302584 14.862486 6
1.891362 1.736854 7.419737 6
7.933022 3.223747 8.183383 1
8.285530 7.968861 0.745844 1
2.949537 8.740208 14.240850 1
2.489043 2.442409 6.904632 1
7.753614 4.712114 7.749553 1
8.462461 6.523344 0.179492 1
3.042209 10.317397 14.875305 1
2.177639 0.932896 7.407403 1
7.114780 3.269347 6.274184 6
9.101744 7.925495 13.890679 6
3.754336 8.902319 1.311771 6
1.705435 2.390575 8.678794 6
6.760514 2.286635 6.392756 1
9.334641 8.887582 13.900401 1
4.051046 7.905405 1.184788 1
1.479126 3.389700 8.635701 1
8.091037 3.267573 5.781202 1
8.228414 7.971082 13.369229 1
2.745422 8.831876 1.718907 1
2.550671 2.291143 9.147841 1
6.519743 3.378753 0.820860 6
9.784024 7.696846 8.159907 6
4.385519 9.137641 6.748067 6
0.999231 2.116906 14.264844 6
5.797588 5.171941 14.360259 6
10.338649 6.008195 6.794704 6
5.062992 10.814632 8.274887 6
0.457182 0.525694 0.739490 6
5.869350 6.100842 14.063952 1
10.368574 5.179625 6.706241 1
4.778810 0.449903 8.465257 1
0.493549 10.741633 0.937678 1
4.749098 4.974802 14.455064 1
0.488965 6.145893 6.920214 1
6.055055 10.556344 8.110694 1
10.209682 0.509809 0.665931 1
6.079114 4.668566 13.515895 1
10.131268 6.496520 6.110226 1
4.617762 10.185735 9.037849 1
0.644154 0.875838 1.523180 1
3.767933 4.693951 5.537600 6
1.667020 6.536607 12.966770 6
7.114682 10.220880 1.956187 6
9.182691 0.963505 9.509322 6
2.779130 4.639260 3.367351 6
2.779638 6.626126 10.827815 6
8.008642 10.128054 4.198994 6
8.131474 0.968619 11.662674 6
3.413868 4.561265 1.918076 6
1.954305 6.694667 9.393026 6
7.457817 10.051317 5.588711 6
8.835133 1.233310 13.121539 6
4.061807 5.114627 1.736415 1
1.351953 5.937807 9.414030 1
6.880412 10.765077 5.703729 1
9.298916 0.379067 13.329494 1
2.600687 4.513138 1.195958 1
2.767335 6.758529 8.788183 1
8.054293 10.009658 6.326488 1
8.083079 1.052474 13.790623 1
3.872591 3.569118 1.937657 1
1.476213 7.648371 9.401692 1
7.032414 9.144693 5.563550 1
9.198382 2.011200 13.050992 1
1.781961 3.482735 3.645098 6
3.642871 7.808954 11.127442 6
8.964202 8.930817 3.985160 6
7.178538 2.146705 11.409569 6
1.408937 3.459802 4.546210 1
3.948212 7.640953 11.973797 1
9.368146 9.062220 3.105944 1
6.822756 2.135187 10.632522 1
2.437310 2.662215 3.712559 1
3.047479 8.696953 11.218042 1
8.479433 8.258940 3.811518 1
7.790282 3.020047 11.482589 1
1.081030 3.354069 2.894860 1
4.208346 7.897441 10.418845 1
9.611441 8.969421 4.586898 1
6.537952 2.222513 12.196179 1
1.939584 5.974673 3.449725 6
3.418936 5.392251 11.006139 6
8.803520 0.208166 4.157037 6
7.446248 11.001408 11.668410 6
1.650756 6.004409 4.261460 1
3.812731 5.297230 11.774723 1
9.191217 0.457589 3.217754 1
7.024531 10.911433 10.759768 1
1.291746 5.972777 2.726419 1
4.077598 5.285646 10.262725 1
9.560936 0.349711 4.837807 1
6.634775 10.920665 12.237446 1
2.613807 6.584431 3.269254 1
2.759895 4.529762 10.847911 1
8.173169 1.013480 4.242774 1
8.048170 10.128828 11.770598 1
