3.906480 -1.456119 4.747150 26
4.050029 5.485775 3.562396 6
4.344746 5.457657 4.953604 6
-1.600582 -2.296867 5.303488 6
-1.076912 -2.142034 6.247812 1
-1.351029 -1.497029 4.214661 6
-0.743252 -0.783423 4.139278 1
4.690259 6.644390 3.001187 6
4.664498 6.977855 2.198804 1
3.189994 4.651543 2.711232 6
3.713985 3.520708 2.273651 6
5.027188 3.038440 2.500163 6
5.644898 3.665439 3.001901 1
5.564037 1.950213 2.067034 6
-0.767557 1.819689 2.237943 1
4.916853 1.219434 1.012825 6
5.316043 0.311579 0.758581 1
3.630622 1.381475 0.790589 6
3.014350 0.959594 0.226543 1
2.904941 2.675620 1.407678 6
1.571668 2.893635 1.043124 6
1.217556 2.363486 0.337195 1
1.025830 4.077614 1.443547 6
0.275777 4.435508 1.363107 1
1.756410 4.962986 2.321453 6
1.441217 5.760872 2.742756 1
3.729055 4.299721 5.967797 6
-2.700462 4.185242 6.973685 7
-3.338639 3.259388 8.027331 6
0.747305 7.401132 0.641052 1
2.755621 2.642594 7.901626 6
6.051965 6.243065 0.374168 1
2.079218 2.786351 6.599602 6
0.915626 2.175835 6.428563 7
2.603991 3.693277 5.653164 6
2.150908 4.065985 5.017552 1
0.033378 2.648719 5.345530 6
-0.274217 3.519164 5.443824 1
-0.600089 1.912902 5.117108 1
0.656414 2.451194 4.400387 1
0.274376 1.412954 7.339117 6
0.903143 0.746267 7.631459 1
-0.526709 0.912100 6.984080 1
3.578170 6.005044 0.113329 1
1.961470 -1.257338 5.159193 6
1.291013 -2.077111 5.045766 1
2.732594 -1.032492 6.223177 6
2.693482 -1.476361 7.079411 1
3.621212 0.033070 5.956565 6
-3.034882 0.472207 6.561298 1
3.377676 0.537613 4.728348 6
3.866521 1.319182 4.279170 1
2.399713 -0.253812 4.190703 6
1.946501 -0.303254 3.127917 1
