-1.910894 9.258720 4.728790 6
6.360364 -0.551533 10.999083 6
-1.589956 8.944323 3.670574 1
5.975079 -0.359226 11.982231 1
-0.767491 8.973403 5.668539 6
5.387644 -0.189992 9.902918 6
0.355902 9.427993 5.773569 6
4.028524 -0.786700 9.849346 6
0.796484 10.175754 5.334242 1
3.833311 -1.419764 10.242183 1
1.320363 8.885547 6.884219 6
3.218178 -0.270945 8.726314 6
2.125546 9.186015 7.112900 1
2.398150 -0.658557 8.559660 1
0.703743 7.969588 7.820090 6
3.726877 0.748487 7.821094 6
1.391564 7.582018 8.477388 1
3.100473 0.950968 7.240839 1
-0.433372 7.372167 7.616221 6
4.987644 1.273506 8.019489 6
-1.014198 6.341759 8.220407 6
5.603157 2.401558 7.419718 6
-0.730402 5.813956 9.015226 1
5.248686 2.788856 6.537457 1
5.106052 5.806238 7.989158 6
-0.625378 2.825069 7.743632 6
4.764462 5.118509 8.542653 1
-0.201469 3.434948 7.177996 1
4.403689 6.389291 6.991823 6
0.035374 2.254181 8.790644 6
3.624197 6.013323 6.772376 1
0.911032 2.470810 9.022168 1
5.094002 7.263509 6.098329 6
-0.502784 1.382063 9.593102 6
-1.231175 7.751531 6.478070 6
5.718438 0.708069 9.112048 6
4.530009 8.117030 4.993393 6
-0.031608 0.549341 10.679623 6
3.597238 8.655512 5.288719 1
0.942578 0.007173 10.469412 1
4.195500 7.334571 3.743129 6
0.330978 1.465731 11.948124 6
3.859451 7.738177 3.034506 1
0.778556 0.814295 12.659792 1
3.066911 6.183188 4.114348 6
1.541881 2.393943 11.639714 6
1.728765 6.287562 4.541440 6
2.813313 2.374589 11.065628 6
1.494840 7.220637 4.627020 1
3.168119 1.434537 11.145972 1
0.988766 5.144820 4.751014 6
3.507434 3.580639 10.793656 6
0.264564 5.139624 5.189156 1
4.229722 3.454125 10.547146 1
1.603268 3.890155 4.635668 6
2.815941 4.824376 10.982161 6
1.292179 3.043489 5.085452 1
3.323316 5.460017 10.747919 1
2.929129 3.761806 4.278477 6
1.520737 4.836631 11.364883 6
3.749332 2.536468 3.937908 6
0.845806 6.018812 11.691498 6
3.301529 1.706038 4.242877 1
1.252654 6.847218 11.397749 1
4.951662 2.506293 3.493995 6
-0.448229 6.075944 12.117037 6
5.389056 1.702512 3.298272 1
-0.922054 6.791349 12.329561 1
5.564538 3.813711 3.173458 6
-1.218463 4.890314 12.528625 6
-0.941277 3.817950 2.810339 1
-1.957522 4.839372 12.817091 1
4.927823 4.976582 3.372464 6
-0.408542 3.662151 12.331028 6
3.657428 4.937573 3.810822 6
0.792565 3.772953 11.692598 6
5.403436 6.436421 3.168240 6
-0.759831 2.137788 12.449303 6
-1.241455 6.715775 3.540680 1
5.881870 1.909137 12.092899 1
5.662597 6.673532 1.619124 6
-1.119885 2.030440 14.049858 6
6.149362 5.913861 1.210228 1
-1.634701 2.833358 14.367464 1
-1.154691 7.859973 1.219040 6
5.659613 0.662135 14.457651 6
-0.067952 8.357997 1.537177 6
4.502202 0.104084 13.989755 6
0.683392 7.956526 2.093953 1
4.000695 0.628865 13.569044 1
0.379275 9.733870 1.157959 6
4.222019 -1.026574 14.534989 6
1.120173 10.069716 1.391502 1
3.370449 -1.377856 14.369190 1
-0.450109 10.464691 0.159608 6
4.893061 -1.687065 15.343676 6
-0.644129 7.940608 15.617942 1
5.217723 0.820041 0.151635 1
-2.209757 6.531530 15.471010 6
6.744765 2.074341 0.125049 6
4.270416 7.191513 14.755115 6
0.135040 1.471094 0.922273 6
4.430783 7.998493 14.287172 1
0.048158 0.726166 1.294828 1
3.179433 6.455603 14.336107 6
1.326479 2.114155 1.162705 6
2.518650 6.785356 13.896744 1
1.979623 1.719427 1.795347 1
2.876602 5.202764 14.842514 6
1.645989 3.546024 0.690768 6
2.010023 4.789672 14.743661 1
2.460927 3.808626 1.019864 1
4.161257 7.906240 0.134833 6
0.273841 0.740662 15.492094 6
5.444346 8.676461 0.421961 6
-0.804643 -0.079127 15.252230 6
4.259861 6.673103 0.751377 6
0.233280 2.029137 14.797416 6
4.290451 5.837474 0.029388 1
0.249311 2.779703 15.625354 1
3.492892 6.563445 1.263414 1
0.945089 2.232364 14.273190 1
-2.366150 10.637485 4.779213 6
6.999415 -2.031476 10.877608 6
1.116793 -0.455806 4.173863 6
3.320409 9.062223 11.590072 6
1.430862 -0.687549 3.253799 1
3.187896 9.197139 12.409938 1
1.974614 -0.330214 4.663828 1
2.618775 8.994797 11.042320 1
0.847166 0.470269 4.063550 1
3.662939 8.202775 11.504594 1
7.154057 -1.008803 6.193067 6
4.728387 9.652822 9.584418 6
6.831514 -0.063270 5.990871 1
-2.335993 8.677678 9.521883 1
0.425002 -0.957192 6.614502 1
4.082937 9.533256 9.010058 1
3.967413 10.436897 6.371479 1
0.548659 -1.879657 9.187058 1
3.829795 10.692580 3.848475 6
0.678320 -2.145339 11.857090 6
2.991079 10.903524 3.165517 7
1.517451 -2.248002 12.343063 7
