17.085672 1.789985 15.929209 6
0.789149 1.894521 2.922530 6
8.221801 5.995363 6.495663 6
9.671980 6.111892 12.253172 6
17.518076 2.233335 16.772918 1
0.075864 2.041839 2.036204 1
8.748326 6.282167 7.371717 1
9.115037 6.415860 11.564739 1
17.987486 1.330393 14.833611 6
-0.076530 1.401082 3.951390 6
9.019124 5.515840 5.384669 6
8.743958 5.627579 13.376836 6
18.534282 2.174005 14.562223 1
-0.704449 2.186646 4.307406 1
9.675082 6.227255 5.074852 1
8.165982 6.188210 13.777493 1
17.376328 1.112703 13.971426 1
0.418362 1.194115 4.724004 1
8.527263 5.321559 4.714096 1
9.243180 5.364256 14.249321 1
-3.510516 6.241421 16.251751 6
21.292452 6.201739 2.473423 6
9.626590 2.103958 6.825730 6
8.011274 1.967191 12.032003 6
-3.013021 5.890292 15.508388 1
20.769885 5.848428 3.221767 1
10.298934 1.772117 6.156176 1
7.433033 1.760987 12.758040 1
18.040301 5.638688 16.542351 1
-0.214535 5.655825 2.233375 1
9.098120 1.374997 7.100712 1
8.574560 1.474926 11.557284 1
-2.897094 6.453567 17.009845 1
20.717013 6.485765 1.849314 1
10.297470 2.416752 7.551357 1
7.477132 2.294638 11.284113 1
-3.428367 0.098254 15.217941 6
21.128527 0.220897 3.673102 6
9.833274 4.286436 5.729571 6
7.934052 4.441369 13.111900 6
-2.769576 0.436546 15.853639 1
20.415895 0.376868 2.850368 1
10.535413 4.668594 6.536933 1
7.282697 4.612703 12.373894 1
17.800955 7.431902 15.828253 6
-0.012284 7.357216 3.091599 6
8.971333 3.329671 6.413217 6
8.805701 3.286235 12.457474 6
17.153024 7.121146 15.060835 1
0.448319 7.211445 3.753507 1
8.310116 3.051225 5.652311 1
9.340721 2.875361 13.246151 1
16.995284 8.101582 16.967243 6
0.827731 8.063666 1.852883 6
8.031950 3.851333 7.382610 6
9.614709 3.963973 11.320048 6
17.491100 8.359832 17.706561 1
0.195746 0.022452 1.239154 1
8.618150 4.073545 8.299730 1
9.050716 4.144866 10.532680 1
15.894776 7.035806 17.301155 6
1.814174 7.003969 1.453675 6
7.043638 2.817481 7.942700 6
10.739761 2.937751 10.913131 6
15.349374 6.691070 16.648397 1
2.435158 6.711879 2.183976 1
6.576540 2.421948 7.273987 1
11.176794 2.543280 11.543255 1
16.366734 6.436609 17.840293 1
1.469285 6.456594 0.883117 1
7.381978 2.277057 8.457137 1
10.391592 2.251357 10.435169 1
14.817112 7.765582 18.356539 6
2.822542 7.678903 0.587346 6
5.961307 3.521210 8.823811 6
11.709666 3.477273 9.958961 6
15.213015 3.630208 16.790358 6
2.577970 3.465066 2.142516 6
6.385893 7.723106 7.288622 6
11.298620 7.825752 11.466370 6
14.014620 4.152936 16.318924 6
3.903593 4.171754 2.530030 6
5.128072 0.007713 6.962271 6
12.787577 8.355705 11.893452 6
13.481322 4.562660 17.079283 1
4.241717 4.634590 1.675533 1
4.605163 0.460861 7.780380 1
13.101702 0.322049 11.052355 1
12.822206 3.130711 15.854377 6
4.847579 3.063063 3.073399 6
4.136673 7.347528 6.361548 6
13.676605 7.199993 12.442414 6
13.316969 2.649211 15.044068 1
4.376542 2.545453 3.826785 1
4.512410 6.753531 5.757968 1
13.273317 6.726494 13.116317 1
12.682642 2.005335 17.039016 6
4.964913 2.100764 1.831224 6
3.799031 6.276794 7.461780 6
13.861664 6.190466 11.343789 6
12.318251 2.467659 17.652222 1
5.559123 2.478292 1.214464 1
3.507628 6.659337 8.343187 1
14.360002 6.594762 10.468813 1
13.556429 1.717256 17.319405 1
4.197219 1.792295 1.502351 1
4.797170 5.924666 7.845516 1
13.078428 6.007682 10.953707 1
11.918080 0.935186 16.594162 6
5.786063 0.922309 2.235578 6
3.051416 4.939672 7.070960 6
14.768927 4.936601 11.608612 6
11.111923 1.281349 16.142286 1
6.605109 1.113225 2.767140 1
2.144006 5.303663 6.723224 1
15.495472 5.411546 12.146898 1
11.302830 8.372750 17.688728 6
6.309809 0.007185 1.058494 6
2.450290 4.221326 8.231506 6
15.263122 4.133801 10.523032 6
12.557572 8.066838 18.747316 6
5.251349 7.937056 0.051882 6
3.628844 3.856060 9.364375 6
14.132999 3.774457 9.581194 6
17.159585 0.579033 0.397315 1
0.628463 0.490025 18.567125 1
3.917023 4.741276 9.714587 1
13.749105 4.658229 9.068444 1
16.506277 7.096056 1.088954 6
1.312493 7.031064 17.882603 6
3.293528 2.972195 10.401470 6
14.420973 2.979022 8.463371 6
15.808144 7.327687 1.654807 1
1.896010 7.406571 17.278915 1
2.575434 3.117755 11.037283 1
15.118275 3.172338 7.928121 1
17.079388 5.971672 1.191626 6
0.743663 5.958650 17.682451 6
3.892321 1.828331 10.698408 6
13.852665 1.826625 8.183979 6
17.792350 5.627868 0.777166 1
-0.080882 5.641907 18.153551 1
4.472050 1.411361 10.122573 1
13.234294 1.345752 8.769852 1
16.788872 5.400616 1.928450 1
1.111045 5.435861 16.817586 1
3.543967 1.190659 11.362928 1
14.280073 1.214651 7.546651 1
-0.045940 0.410783 14.781325 6
17.757533 0.376223 4.147399 6
13.203153 4.546342 5.238238 6
4.686355 4.658565 13.497653 6
-0.316760 8.124156 15.385904 1
17.965549 8.114652 3.293648 1
12.920081 3.927887 5.975498 1
4.828549 3.900460 12.855012 1
-0.253275 1.903476 15.276415 6
17.939770 1.872137 3.456060 6
12.981069 5.972956 5.916742 6
4.742301 6.078158 12.893332 6
-1.079433 2.021869 15.581211 1
18.821924 1.986038 3.170491 1
12.190412 6.231938 6.243321 1
5.534367 6.209727 12.651786 1
-0.027465 2.531801 14.629699 1
17.818057 2.380738 4.233169 1
13.255407 6.676810 5.315822 1
4.594859 6.651670 13.578137 1
0.465490 1.888586 16.091139 1
17.355208 1.914853 2.708396 1
13.573904 6.102799 6.621673 1
4.212848 6.031760 12.185630 1
-0.713524 6.708338 12.503815 6
18.469790 6.759735 6.244783 6
12.416735 2.631442 3.144014 6
5.393939 2.661734 15.817684 6
-0.005937 6.935912 12.010206 1
17.705938 7.007756 6.693257 1
13.186162 2.809330 2.695332 1
4.450018 2.837415 16.177690 1
-1.619045 1.401185 12.274676 6
19.254027 1.342514 6.609185 6
11.785871 5.553324 2.869310 6
6.011161 5.660998 15.957381 6
-1.581249 2.168258 12.848180 1
19.342578 2.167057 6.037844 1
11.619685 6.404724 3.468638 1
6.238314 6.327490 15.358690 1
1.452928 0.199517 14.350613 6
16.261403 0.165682 4.483994 6
14.685358 4.398077 4.778977 6
3.050749 4.364616 14.015635 6
1.543406 7.636947 13.845784 1
16.321741 7.745755 4.928405 1
14.644521 3.592165 4.581902 1
2.968186 3.567894 14.331735 1
1.911692 0.202064 14.974567 1
15.795066 0.195237 3.708438 1
15.151033 4.503034 5.604994 1
2.599674 4.468157 13.229178 1
1.589381 0.801965 13.599238 1
16.084800 0.860468 5.203162 1
14.864264 5.047536 4.145841 1
2.955369 5.150697 14.587529 1
-0.570612 5.562933 13.562242 6
18.219743 5.657284 5.386530 6
12.806131 1.526110 4.128867 6
5.122770 1.475900 14.757655 6
0.115084 5.955986 14.210212 1
17.677465 5.944476 4.721249 1
13.277862 1.680062 4.764503 1
4.440074 1.852353 14.098005 1
-0.228176 4.824382 13.153728 1
17.878278 4.882447 5.799349 1
13.087368 0.655775 3.636929 1
4.781481 0.601798 15.184435 1
-1.342129 5.343529 14.036465 1
19.139911 5.505097 4.788969 1
11.887013 1.282569 4.542854 1
5.906759 1.197513 14.274113 1
-1.826706 6.369904 11.434576 6
19.578714 6.257941 7.370774 6
11.468255 2.190766 1.993534 6
6.207501 2.198623 16.764331 6
-1.875597 7.128956 10.818800 1
19.758074 7.128294 7.989864 1
11.310186 2.804197 1.458144 1
6.530883 2.894990 17.358854 1
-2.590607 6.091341 11.892648 1
20.319450 6.102478 6.998177 1
10.684696 1.921697 2.408256 1
7.058387 1.987389 16.357073 1
-1.367135 5.582900 10.890532 1
19.251125 5.498603 7.846515 1
11.888187 1.395865 1.518698 1
5.925200 1.467760 17.230378 1
-0.237749 1.794442 11.347202 6
18.095766 1.668500 7.513119 6
12.868788 5.942167 1.863997 6
4.824216 5.896565 16.774325 6
0.505355 1.822278 12.036183 1
17.237855 1.784031 6.806086 1
13.701894 6.035748 2.562175 1
4.099536 5.888332 16.245373 1
-0.294532 2.553486 10.919736 1
18.150786 2.690386 7.845819 1
12.918188 6.757536 1.556591 1
4.822289 6.720941 17.381974 1
-0.176557 0.966329 10.663918 1
17.817259 1.060316 8.039825 1
13.020223 5.289272 1.226391 1
4.586912 5.174291 17.595190 1
19.471442 1.432664 11.378442 6
-1.639559 1.331885 7.444401 6
10.455940 5.601959 1.891919 6
7.336632 5.628591 16.930708 6
18.517751 1.182515 11.842803 1
-0.781924 1.297531 6.863740 1
9.689670 5.416365 2.538891 1
7.986491 5.403858 16.336500 1
19.460482 0.697382 10.738354 1
-1.714253 0.797084 8.070423 1
10.663998 4.945911 1.269852 1
7.172369 4.848625 17.562374 1
19.338996 2.204501 10.958906 1
-1.520525 2.179459 7.855341 1
10.459333 6.508155 1.559638 1
7.428409 6.356701 17.259267 1
11.578443 3.721438 15.446779 6
6.047750 3.776407 3.427856 6
2.672059 7.910499 6.013130 6
14.916805 7.840157 12.827095 6
11.704248 4.409701 14.739607 1
5.924547 4.336243 4.182357 1
2.937159 0.074219 5.254696 1
14.859072 0.047183 13.650802 1
11.117460 4.095358 16.198395 1
6.580979 4.143933 2.642519 1
2.374998 0.071114 6.747984 1
15.403456 0.080771 12.073441 1
11.045796 3.079348 15.130259 1
6.687057 3.107170 3.765188 1
2.161137 7.296110 5.709770 1
15.529993 7.139395 13.160185 1
10.886266 7.135176 17.093584 6
6.897596 7.062231 1.636756 6
1.898462 2.861880 7.693418 6
15.745482 2.775453 11.042233 6
10.438307 6.423404 17.903870 1
7.267723 6.430088 0.976912 1
1.644204 2.349988 8.534980 1
16.111238 2.217314 10.405121 1
11.538936 6.523804 16.684147 1
6.357263 6.637793 2.088780 1
2.562134 2.431447 7.268965 1
15.121960 2.479772 11.650560 1
10.080987 7.339630 16.571014 1
7.779790 7.188790 2.177674 1
1.238668 3.099604 7.285113 1
16.642666 3.114124 11.635283 1
10.254302 0.678203 18.533278 6
7.386567 0.678324 0.250979 6
1.339524 4.907023 9.126245 6
16.296411 4.956261 9.627442 6
14.958136 1.635897 0.115522 1
2.721170 1.544697 18.735537 1
1.881484 5.733179 9.518023 1
15.978718 5.705959 9.445090 1
14.340952 0.271324 0.398521 1
3.354791 0.273082 18.356350 1
1.014935 4.458945 9.751080 1
16.572379 4.310563 9.091102 1
9.497429 0.862410 17.904126 1
8.140110 0.928049 0.861331 1
0.789644 5.061708 8.471428 1
17.115751 5.224803 10.237689 1
16.117444 0.825419 16.449098 8
1.541921 0.794666 2.423485 8
7.243093 5.071618 6.926735 8
10.440249 4.941305 11.876224 8
-2.813557 7.957767 13.984517 8
20.550290 7.924786 4.717298 8
10.411564 3.778750 4.636112 8
7.269616 3.762473 14.254962 8
16.207101 3.103603 15.561128 6
1.582027 3.088902 3.278128 6
7.230446 7.208331 6.130326 6
10.502163 7.189562 12.732225 6
15.576694 2.717647 14.802039 1
2.257685 2.747158 4.037866 1
6.580409 6.862026 5.451039 1
10.999788 6.944224 13.402973 1
16.601550 3.701870 15.308862 1
1.115408 3.660497 3.578145 1
7.728098 7.897100 5.825014 1
10.032518 7.938259 13.071846 1
15.554494 3.563396 17.942193 6
2.088430 3.614213 0.788002 6
6.661313 7.614912 8.504298 6
10.971826 7.725231 10.297959 6
15.076067 3.878128 18.544855 1
2.759601 3.763176 0.196452 1
6.118050 8.050697 9.168834 1
11.549775 8.101547 9.622712 1
16.344546 3.161879 18.220454 1
1.336772 3.098602 0.600909 1
7.559874 7.351921 8.873891 1
10.212035 7.436359 10.077936 1
14.022123 5.211417 15.387678 8
3.625713 5.117734 3.475152 8
5.217126 1.060034 5.928265 8
12.547559 0.912336 12.992283 8
14.099004 4.828182 14.543465 1
3.728270 4.759535 4.305221 1
5.148793 0.625857 5.133134 1
12.545953 0.640876 13.667658 1
12.621635 0.064701 15.478747 8
5.277996 0.091690 3.276372 8
3.619814 4.310673 6.121673 8
14.150877 4.225399 12.712990 8
13.278301 8.157470 15.912928 1
4.546932 8.191422 2.905890 1
4.328317 4.052469 6.442335 1
13.304214 4.039219 12.482068 1
13.679762 7.563500 17.908009 8
4.150975 7.557571 0.876028 8
4.772051 3.192963 8.559745 8
12.959655 3.284947 10.229481 8
19.559519 8.367539 0.483211 8
-1.833822 0.067472 18.322406 8
6.349580 4.245134 9.761759 8
11.467356 4.315666 8.886648 8
-1.354294 0.061350 13.285359 14
19.059429 8.337755 5.422293 14
11.886693 4.136346 3.936354 14
5.750745 4.213512 14.788081 14
