2.655556 8.456605 11.345803 45
2.670371 13.359785 26.765584 45
8.194602 19.287370 3.754742 45
8.057280 2.498289 18.992933 45
1.873696 7.946775 9.108869 45
3.554246 13.893239 24.485340 45
8.963981 18.926676 6.192159 45
7.316892 2.875406 21.415421 45
1.192958 7.577056 6.981333 8
4.141705 14.449374 22.378135 8
9.544916 18.309975 8.178441 8
6.643723 3.347121 23.389884 8
0.516737 6.894900 6.864843 1
4.865591 15.022017 22.199863 1
10.217788 17.851226 8.406460 1
6.029619 4.015055 23.642701 1
1.313129 7.073379 12.150334 8
4.067267 14.763775 27.375809 8
9.524909 17.934858 3.065328 8
6.617152 3.779040 18.446402 8
3.184014 6.475603 9.011598 8
2.274734 15.489324 24.237972 8
7.562524 17.338069 6.354361 8
8.550010 4.518884 21.631901 8
3.427493 9.187018 8.414611 8
1.995348 12.525833 23.684490 8
7.439361 20.105541 6.770951 8
8.842966 1.611378 22.098694 8
4.085718 7.109674 10.977459 7
1.363496 14.742960 26.260112 7
6.779003 18.022970 4.132898 7
9.498198 3.910630 19.507725 7
0.742329 9.604341 9.568596 7
4.791458 12.218299 24.669041 7
10.255797 20.459041 5.858690 7
6.170476 1.407082 21.106900 7
1.232285 9.879358 11.623958 8
4.131180 12.069932 26.925443 8
9.582281 20.785887 3.580243 8
6.674020 0.956196 18.716344 8
3.765896 9.735617 10.624336 7
1.647338 11.990400 25.785635 7
6.926325 20.849223 4.595211 7
9.372298 1.020574 20.001058 7
6.763277 4.029370 8.984883 8
9.575874 17.802161 24.405906 8
4.111335 14.896379 6.221510 8
1.276249 6.832138 21.341369 8
6.774780 11.675514 7.750713 8
9.446695 10.191704 23.037927 8
4.022134 0.804301 7.428649 8
1.355615 21.019318 22.582068 8
8.592364 12.032613 11.684526 8
7.753407 9.736955 26.885024 8
2.241381 1.233855 3.551440 8
3.151104 20.577403 18.815866 8
10.422676 5.486410 11.661113 7
5.825558 16.264410 26.860777 7
0.422012 16.533021 3.587448 7
5.049911 5.267384 18.778077 7
0.497634 6.680847 9.962459 7
4.836704 15.171435 25.327542 7
10.296323 17.678086 5.189943 7
6.004043 4.264847 20.599659 7
5.159057 5.448093 9.849494 7
0.291886 16.485635 25.211474 7
5.627218 16.391959 5.293470 7
10.498466 5.520558 20.640806 7
5.176397 10.702234 8.958165 7
0.301842 11.000598 24.242885 7
5.739279 21.640717 6.375826 7
10.560602 0.096295 21.559038 7
3.311844 11.898208 12.914914 8
2.121970 10.023949 28.088626 8
7.456765 1.038582 2.367738 8
8.771384 20.908846 17.535123 8
6.524786 8.422272 10.757065 8
9.750984 13.402392 26.025282 8
4.305808 19.380712 4.491270 8
1.138185 2.470193 19.745360 8
3.790433 11.962054 11.761906 6
1.744798 9.987509 27.141899 6
7.164510 0.910557 3.490022 6
9.196600 20.906429 18.665079 6
10.177030 10.934312 10.624726 7
5.993858 10.805126 25.912879 7
0.458712 0.141190 4.659578 7
4.928157 21.804775 19.863225 7
0.605792 10.054652 10.693293 6
4.898510 11.812324 25.942211 6
10.226487 21.055168 4.540590 6
5.922035 0.825372 19.931789 6
5.624751 4.836294 8.843540 6
10.496164 17.172885 24.024580 6
5.131360 15.685331 6.499880 6
0.357848 6.183345 21.688805 6
5.776483 10.885429 7.697941 6
10.517255 10.826590 23.003655 6
5.130125 0.110098 7.396872 6
0.287673 21.793735 22.690358 6
3.459514 12.705676 10.910101 8
1.879931 9.004810 26.159836 8
7.433862 1.800298 4.357905 8
8.836301 19.926033 19.694934 8
9.868993 4.898125 10.467425 6
6.364286 16.888479 25.771112 6
0.892785 15.892452 4.918153 6
4.431845 6.057226 20.049790 6
8.843805 4.945298 10.358343 1
7.345161 16.869247 25.689623 1
1.961137 15.918823 4.789888 1
3.456702 5.993630 20.113756 1
10.247541 4.025340 10.362122 1
6.075729 17.959947 25.637639 1
0.675575 14.871211 4.970753 1
4.730751 7.024235 20.161476 1
9.417689 10.897821 9.521314 6
6.793584 10.948454 24.706544 6
1.262700 0.004934 5.887359 6
4.081829 0.107552 20.974456 6
9.188713 11.772762 9.039401 1
7.023665 10.206767 24.239105 1
1.552875 0.798681 6.233609 1
3.868190 21.079730 21.447732 1
8.684931 10.200242 9.475272 1
7.430541 11.654295 24.845168 1
2.032958 21.119387 5.596486 1
3.302048 0.667437 20.882191 1
5.780925 5.408202 11.347051 6
10.471125 16.446392 26.587011 6
5.140533 16.255785 3.968570 6
0.293141 5.586309 19.166516 6
6.731769 5.199206 11.338183 1
9.516017 16.576160 26.451501 1
4.130046 16.144822 3.933080 1
1.274300 5.662383 19.197803 1
5.213929 4.487313 11.664698 1
0.048984 17.187585 27.042840 1
5.598206 15.587222 3.424006 1
10.685095 6.383255 18.826968 1
4.613624 10.840407 11.323256 6
0.819509 11.027544 26.501163 6
6.210915 21.802164 3.943701 6
10.156515 0.150024 19.229197 6
5.149709 10.380406 12.057880 1
0.139938 11.541439 27.215566 1
5.610384 21.291008 3.262990 1
10.607626 0.445172 18.510516 1
5.601655 11.275535 10.166651 6
10.468928 10.558107 25.440432 6
5.158902 0.380602 4.961033 6
0.188326 21.414921 20.360069 6
5.786717 12.242783 10.139955 1
10.499447 9.592344 25.353380 1
5.035946 1.422585 5.003948 1
0.220915 20.413471 20.350158 1
6.547096 11.028439 10.360655 1
9.700663 10.991150 25.616760 1
4.300664 21.796391 4.802071 1
1.134214 21.754379 20.230107 1
0.477320 6.528997 11.324216 6
4.802842 15.305563 26.600949 6
10.343901 17.506310 3.918282 6
5.983385 4.335565 19.239174 6
4.058133 6.417938 9.844457 6
1.433021 15.484677 25.167306 6
6.816134 17.189224 5.254803 6
9.393468 4.535745 20.556968 6
7.212387 7.602229 12.828000 8
9.110651 14.098549 27.917738 8
3.757027 18.609345 2.533175 8
1.820667 3.223779 17.721722 8
4.010852 9.805267 9.188560 6
1.398746 11.951741 24.599733 6
6.759874 20.853326 6.009252 6
9.426888 0.949573 21.329096 6
10.538465 10.204824 8.605200 6
5.571127 11.606576 23.842572 6
0.308479 21.053307 6.661544 6
5.255879 0.635388 21.940175 6
10.164736 9.528193 8.011988 1
6.115785 12.305585 23.176218 1
0.741319 20.397197 7.341294 1
4.825839 1.450346 22.451516 1
1.283755 11.793389 8.259580 8
3.995501 10.054625 23.612070 8
9.369950 1.063440 6.937926 8
6.816464 20.869482 22.208346 8
5.167489 6.619591 11.913565 6
0.262312 15.267315 27.141119 6
5.670506 17.697949 3.460761 6
10.597860 4.319432 18.723936 6
4.978063 6.638787 12.789215 1
0.514723 15.275457 28.017097 1
5.794222 17.532186 2.386037 1
10.315412 4.322256 17.726819 1
9.668754 11.690150 11.745550 6
6.494823 10.097958 26.967911 6
1.208676 0.820871 3.486080 6
4.200889 21.095287 18.861874 6
9.860769 5.171171 12.891933 6
6.243892 16.583252 28.175690 6
0.832106 16.083389 2.303883 6
4.535079 5.755655 17.738134 6
5.354971 10.458903 6.643438 6
0.131672 11.448716 21.713268 6
5.458433 21.375519 8.696718 6
10.641624 0.614132 23.928093 6
4.682349 9.598002 6.556915 1
0.796548 12.218351 21.811835 1
6.261737 20.518132 8.719826 1
10.117176 1.206938 23.943060 1
6.328965 7.636703 11.715527 6
10.000365 14.245367 26.867562 6
4.501460 18.567403 3.567088 6
0.938463 3.143911 18.770957 6
10.221951 13.344481 13.745391 6
5.996784 8.549014 28.865971 6
0.583611 2.343313 1.652165 6
4.719121 19.446514 16.750943 6
9.316291 13.672022 13.262502 1
6.843501 8.076089 28.658799 1
1.454169 2.912851 2.016366 1
4.045341 19.119613 17.169757 1
10.546342 5.817387 9.199326 6
5.687901 16.039692 24.557703 6
0.260247 16.742117 6.021254 6
5.117949 5.247759 21.277166 6
0.331116 5.140306 8.809033 1
5.023253 16.630922 24.034565 1
10.554384 15.999722 6.541456 1
5.792305 5.803653 21.632862 1
10.524485 11.977570 12.925057 6
5.697691 9.895635 28.181930 6
0.295022 1.048766 2.343667 6
5.031582 20.719986 17.488573 6
0.643069 11.599153 12.933668 1
4.704100 10.208586 28.163014 1
10.189627 0.778460 2.306463 1
6.153094 21.042195 17.610057 1
0.418847 11.195476 7.702322 6
4.902774 10.651353 22.887739 6
10.322857 0.290394 7.679178 6
5.929125 21.445800 22.954489 6
0.192829 11.490613 6.575955 8
5.384065 10.357457 21.700280 8
10.650176 0.605708 8.795108 8
5.575452 21.421215 23.914734 8
5.164845 4.890811 7.449026 6
0.211444 16.892155 22.819713 6
5.738879 15.835483 7.859927 6
10.565766 5.993291 23.094195 6
4.419649 5.544603 7.467448 1
1.059695 16.354751 22.593046 1
6.433274 16.329342 7.908368 1
9.834855 5.494872 23.109735 1
6.033321 5.588568 5.156979 6
10.223082 16.293857 20.299664 6
4.883727 16.572302 10.206696 6
0.483796 5.190526 25.322714 6
5.255935 3.628138 6.705617 6
0.128366 18.252530 21.773203 6
5.636636 14.655828 8.683581 6
10.763601 7.273170 23.844132 6
5.732654 2.890725 7.040363 1
10.610806 19.067967 22.286640 1
5.219561 13.838267 8.248559 1
0.326436 8.024796 23.503288 1
4.494232 3.538866 6.009480 1
0.943251 18.278996 21.277552 1
6.212372 14.388208 9.317655 1
10.047420 7.518397 24.557489 1
6.069604 4.740411 6.441399 6
10.041238 17.088936 21.631659 6
4.766148 15.708702 8.912449 6
0.748465 6.136937 24.162211 6
7.045700 4.765575 6.676835 1
9.222315 17.186684 21.971793 1
3.673716 15.579252 8.687924 1
1.710384 6.120760 23.872060 1
3.447762 8.785888 13.626455 8
1.905474 13.035847 28.806510 8
7.393425 19.797348 1.678656 8
8.817148 2.082224 16.944698 8
3.309275 9.658645 13.329217 1
2.065532 12.267598 28.653073 1
7.442308 20.679635 1.758873 1
8.761405 1.304799 17.016991 1
9.069305 4.322257 12.988965 8
7.153324 17.474298 28.133181 8
1.695104 15.151749 2.429182 8
3.723176 6.510296 17.610377 8
9.557516 5.735974 15.340566 6
6.702492 16.004556 30.488117 6
1.232464 16.617424 30.432720 6
4.111834 5.113610 15.155612 6
8.668992 5.235256 15.276056 1
7.547059 16.600402 30.493088 1
2.003509 16.087577 30.470103 1
3.302448 5.736633 15.352876 1
1.547588 13.706611 14.797643 6
3.859839 8.171772 30.067482 6
9.235957 2.770056 0.509932 6
6.992277 18.950909 15.668331 6
1.751858 12.914098 14.945968 1
3.833263 8.978131 30.259558 1
9.206924 1.977264 0.143138 1
7.061411 19.857283 15.495720 1
0.494925 14.246656 14.112625 6
4.914511 7.726832 29.467790 6
10.334045 3.305281 1.100792 6
5.839076 18.522481 16.339656 6
2.536155 13.700839 11.230307 6
2.975674 8.125626 26.522790 6
8.250908 2.908474 4.079163 6
7.867871 18.902826 19.352864 6
2.303273 14.453092 10.495199 1
3.003421 7.507847 25.736044 1
8.536439 3.563921 4.831821 1
7.713471 18.455732 19.966989 1
2.814920 14.349348 12.065559 1
2.629008 7.449974 27.365094 1
8.046860 3.338971 3.238110 1
8.143851 18.447395 18.491797 1
1.680043 13.278680 11.521492 1
3.679698 8.418495 26.676683 1
9.284463 2.426147 3.711175 1
7.048787 19.439814 19.034099 1
5.283321 11.207644 5.406746 6
0.116123 10.652243 20.588139 6
5.479954 0.316635 9.928017 6
10.621647 21.543663 25.128204 6
5.563524 12.222817 5.450902 1
10.604252 9.567442 20.648371 1
5.251673 1.196659 9.756603 1
0.066462 20.482639 24.961873 1
9.334027 6.972168 16.160448 6
6.952153 14.921154 1.077310 6
1.472387 17.882232 29.463667 6
3.926112 4.018594 14.224301 6
2.579813 14.566098 15.253944 6
2.949633 7.246438 0.004204 6
8.300825 3.742797 30.497800 6
8.037802 18.200629 15.251875 6
3.300800 14.313229 15.557359 1
2.044391 7.577913 0.330802 1
7.504315 3.388713 30.187329 1
8.708580 18.380403 14.897629 1
2.390022 8.821155 14.522467 6
2.972691 12.988545 29.941809 6
8.334405 19.676004 0.574292 6
7.946008 2.183770 15.826162 6
2.943137 8.999565 15.470105 1
2.464380 12.804483 0.243246 1
7.826301 19.980591 30.277229 1
8.222032 1.963177 14.989182 1
1.980696 7.984465 14.713948 1
3.408192 13.803518 29.875957 1
8.854087 18.906318 0.601659 1
7.496082 2.906682 15.951088 1
1.751055 9.454364 14.339597 1
3.595935 12.209955 29.611310 1
9.053092 20.537673 0.880291 1
7.173128 1.442771 16.120392 1
8.216172 8.489101 12.587526 6
7.969165 13.377977 27.982270 6
2.533192 19.389964 2.650435 6
2.911930 2.454952 17.797832 6
8.786301 8.391759 13.535087 1
7.294695 13.306493 28.632944 1
1.879567 19.407849 1.897146 1
3.349560 2.421978 16.999355 1
7.963933 9.505222 12.449998 1
8.125749 12.344832 27.732183 1
2.820013 20.415699 2.798140 1
2.609159 1.451463 17.905254 1
8.847349 8.353192 11.785835 1
7.448552 13.692730 27.149387 1
2.061083 19.192099 3.483149 1
3.435918 2.683076 18.691100 1
1.905305 8.127219 5.963532 6
3.592477 13.667378 21.109302 6
9.012834 19.090218 9.313816 6
7.149575 2.804639 24.549740 6
1.463685 7.768459 5.108506 1
3.898228 13.995845 20.314588 1
9.371449 18.756052 10.113926 1
6.937463 3.077766 25.315041 1
2.755996 7.932310 5.993304 1
2.547240 13.869696 21.125887 1
8.122842 18.865900 9.224067 1
8.191512 2.912496 24.523335 1
1.697843 9.087596 6.109382 1
3.747070 12.678455 21.348941 1
9.206911 20.094298 9.334081 1
7.031315 1.863672 24.537734 1
10.430750 5.992568 14.096649 6
5.937329 15.963251 29.366211 6
0.497989 16.830703 1.171902 6
4.964240 5.032108 16.350721 6
10.815332 6.876841 13.900978 1
5.431824 14.958943 29.202902 1
0.046599 17.676074 1.269746 1
5.353160 4.147563 16.530749 1
8.883801 7.373488 8.798824 8
7.401973 14.453912 24.089227 8
1.906216 18.355809 6.513386 8
3.481897 3.634144 21.815786 8
9.271081 5.705903 7.271612 8
6.943077 16.106595 22.606994 8
1.450648 16.534281 7.956572 8
3.917630 5.315562 23.290263 8
9.463453 6.201751 8.320370 6
6.605200 15.634103 23.599781 6
1.244833 17.125663 6.940832 6
4.052507 4.725370 22.133902 6
3.440095 12.339722 3.890393 6
2.047952 9.609723 19.224451 6
7.443340 1.345686 11.329701 6
8.950473 20.572589 26.558728 6
3.728820 13.062028 4.319482 1
1.683475 8.703965 19.599900 1
7.082385 2.144157 10.870683 1
9.032602 19.731010 26.103691 1
4.140524 11.105985 4.376315 6
1.181850 10.673330 19.643748 6
6.607904 0.205018 10.922748 6
9.517248 21.647481 26.241952 6
3.903119 9.819483 3.889482 6
1.486191 11.916993 18.949060 6
7.007355 20.750644 11.503250 6
9.350994 0.926788 26.760199 6
4.369823 9.040723 4.121885 1
0.997214 12.624879 19.362110 1
6.432110 20.031931 11.274630 1
9.647016 1.766403 26.490630 1
9.843953 11.848838 14.325815 6
6.352889 9.930675 29.518795 6
1.041664 1.048715 1.034705 6
4.556798 20.784420 16.180091 6
8.993367 11.668284 14.354452 1
7.235700 10.146888 29.552607 1
1.825721 0.822079 0.994271 1
3.497894 21.189700 16.267154 1
10.492321 11.591519 15.166416 1
5.781452 10.222308 30.267327 1
0.337504 0.749073 0.125116 1
5.049293 21.057866 15.444808 1
7.132311 6.140522 4.451664 6
9.275301 15.610165 19.776693 6
3.844523 17.156971 10.667703 6
1.742042 4.631833 25.951796 6
7.869024 6.106464 4.832851 1
8.245436 15.754598 20.077762 1
2.853087 17.085017 10.261067 1
2.576622 4.770623 25.498407 1
8.262823 6.682852 17.137218 6
7.946918 15.012311 1.963215 6
2.603306 17.693053 28.568894 6
2.870797 4.160859 13.389428 6
7.717944 5.970954 17.203580 1
8.461152 15.833348 1.857392 1
3.225376 16.936759 28.675147 1
2.262156 4.935952 13.369067 1
10.060644 8.071501 16.261199 6
6.271737 13.850224 1.156438 6
0.722554 18.900818 29.434573 6
4.596671 2.795714 14.172509 6
0.007386 8.076950 15.664087 1
5.405360 13.737740 0.426191 1
0.024785 19.015835 29.961299 1
5.456067 2.752455 14.859959 1
2.910611 9.864248 2.863046 6
2.643703 12.096963 18.148758 6
8.032395 20.683331 12.385714 6
8.202903 1.026762 27.645823 6
2.560124 8.906203 2.481372 1
2.906280 12.804497 17.758097 1
8.161442 19.816454 12.655315 1
8.006898 2.055066 27.987389 1
8.010155 7.860608 18.013863 6
8.283940 13.992268 2.753497 6
2.933295 18.695066 27.767704 6
2.627090 3.099420 12.423115 6
7.265387 7.634792 18.589741 1
8.997174 14.218720 3.454847 1
3.646651 18.564644 27.209786 1
1.798633 3.246136 11.788506 1
2.144719 12.951103 7.459097 6
3.412865 8.913834 22.743085 6
8.777712 2.049541 7.687107 6
7.478012 19.823161 22.903307 6
2.759277 13.246071 8.079819 1
2.540250 8.505775 23.390934 1
8.109152 2.449136 7.149369 1
8.113297 19.550874 22.395000 1
1.484153 13.537819 7.214084 1
4.025168 8.303154 22.483801 1
9.427622 2.611035 8.141633 1
6.777951 19.149553 23.234696 1
2.576998 12.417379 6.805149 1
2.823178 9.400054 22.028715 1
8.338336 1.563807 8.448510 1
7.846558 20.263508 23.851388 1
0.271162 15.489364 13.790388 6
5.123145 6.339896 29.036441 6
10.474839 4.617325 1.449365 6
5.736136 17.271674 16.684004 6
10.389787 15.802761 13.388111 1
5.906769 6.084416 28.631912 1
0.348099 4.872832 1.844399 1
4.976161 16.943659 17.086212 1
7.758046 7.835355 7.962141 6
8.433887 13.941577 23.076218 6
2.941922 18.678482 7.419424 6
2.364086 2.981325 22.650153 6
7.481933 8.706393 8.279780 1
8.854928 13.160415 23.628501 1
3.339259 19.504651 6.884209 1
1.938538 2.381023 22.252645 1
7.170166 7.135898 7.808865 1
8.986897 14.669543 22.932705 1
3.699858 18.124180 7.563038 1
1.705698 3.794774 22.688827 1
8.151082 8.188038 7.100039 1
8.019504 13.785601 22.217971 1
2.679157 19.073841 8.269207 1
2.716118 2.907167 23.406082 1
4.680357 5.883985 4.443739 6
0.714510 16.046022 19.805095 6
6.178944 16.687493 10.772505 6
10.044586 5.162322 26.053655 6
3.944507 5.491238 4.874424 1
1.478860 16.478362 20.201498 1
6.883146 16.437098 10.319910 1
9.298055 5.463468 25.659554 1
5.561963 6.935059 2.763315 6
10.665236 14.941197 17.957422 6
5.169695 17.843216 12.610822 6
0.205247 3.929056 27.839266 6
5.517616 7.438749 1.910000 1
10.612010 14.431811 17.085535 1
5.335769 18.346980 13.456885 1
0.222699 3.545818 28.603227 1
10.819628 5.056447 15.317507 6
5.406546 16.767398 30.407884 6
10.724696 16.055075 0.061486 6
5.455764 5.847005 15.243845 6
0.098829 4.015715 15.111725 1
5.410548 17.771659 30.461490 1
10.721841 15.060573 0.166108 1
5.527883 6.874615 15.432492 1
0.879278 5.449884 15.692662 1
4.590378 16.485584 0.434790 1
10.059493 16.326174 29.899547 1
6.243378 5.453727 14.731743 1
2.102978 10.830432 2.505272 6
3.388811 11.030608 17.780871 6
8.785323 21.788153 12.742471 6
7.561019 0.015661 27.942951 6
1.333805 10.779699 1.791752 1
4.006392 11.041288 17.082935 1
9.350309 21.774224 13.313651 1
6.754672 0.121801 28.687963 1
9.843043 9.054693 17.285503 6
6.428253 12.720413 2.080942 6
1.093362 19.927602 28.482903 6
4.299018 1.990303 13.280197 6
10.382011 9.762388 17.225966 1
5.839306 11.958524 1.946624 1
0.581613 20.704986 28.584019 1
4.869614 1.174974 13.302306 1
2.350828 12.188911 3.118648 6
2.980453 9.789600 18.284314 6
8.433784 1.241397 12.287765 6
7.788885 20.585221 27.388995 6
1.959706 12.937420 2.752267 1
3.453272 8.995495 18.105766 1
8.956468 2.069542 12.525144 1
7.343026 19.800804 27.812031 1
7.022049 6.843664 3.234106 6
9.231839 14.848965 18.511443 6
3.912495 17.900385 11.971191 6
1.460141 4.032477 27.264470 6
7.684819 7.360798 2.802814 1
8.487515 14.510093 18.076191 1
3.169993 18.289564 12.428526 1
2.259410 3.556401 27.603115 1
4.500162 6.515336 3.285365 6
0.816221 15.397365 18.638076 6
6.333493 17.284497 11.858124 6
9.909767 4.473915 27.146566 6
3.692226 6.610462 2.971016 1
1.777001 15.269575 18.241744 1
7.077122 17.545993 12.280904 1
9.093463 4.386011 27.526868 1
2.406711 15.983061 14.882545 6
2.874295 5.831801 30.135982 6
8.289037 5.089766 0.451774 6
7.804037 16.804120 15.699250 6
3.072899 16.589118 15.111819 1
2.256214 5.253054 30.451843 1
7.644488 5.567949 0.192544 1
8.649928 16.217311 15.310056 1
6.377039 10.349712 5.410861 6
9.920522 11.600152 20.707958 6
4.503636 21.212124 9.895470 6
0.920258 0.641691 25.022900 6
7.358758 10.625278 5.556226 1
8.873642 11.326457 20.804587 1
3.646326 21.467360 9.694571 1
1.860287 0.366985 24.834191 1
6.369994 9.497370 4.919349 1
9.932634 12.291969 20.135048 1
4.469535 20.331381 10.325042 1
0.970553 1.470904 25.725612 1
8.674601 8.861258 18.147297 6
7.463521 12.880106 2.782639 6
2.065278 19.848319 27.629853 6
3.409712 2.103710 12.487145 6
8.487616 9.474796 18.725935 1
7.755181 12.209949 3.419556 1
2.166126 20.553445 27.115213 1
3.156810 1.351287 11.781444 1
1.292011 16.448888 14.181469 6
4.173251 5.430443 29.561219 6
9.521257 5.595341 1.008532 6
6.758286 16.420566 16.247987 6
1.140421 17.404633 14.092743 1
4.083200 4.579322 29.316993 1
9.625474 6.332596 1.230899 1
6.558398 15.480160 16.505470 1
5.400009 10.282839 14.659770 8
10.687623 11.539713 29.755870 8
5.349770 21.151935 0.743122 8
10.781510 0.721312 15.871567 8
5.827977 11.078054 14.190575 1
10.460292 10.906677 29.438950 1
5.142695 0.142585 1.131657 1
0.441090 21.728465 16.292711 1
6.374837 9.904412 15.654217 6
9.848969 11.875886 0.410541 6
4.466177 20.705809 30.187574 6
0.960837 1.145526 15.009826 6
6.792969 10.741206 15.986452 1
9.392895 11.204851 0.686214 1
4.062286 21.539611 29.757391 1
1.422389 0.237172 14.684554 1
7.015207 9.157290 15.215728 1
9.243261 12.712414 30.407790 1
3.950472 20.052051 0.025815 1
1.525708 1.633087 15.259306 1
5.813566 9.531802 16.305165 1
10.389759 12.317941 0.961757 1
5.072455 20.488050 29.492787 1
0.422508 1.450968 14.141671 1
5.911644 11.257626 15.489769 8
10.388172 10.587129 0.109704 8
4.850720 0.409152 30.330373 8
0.540770 21.362531 15.123297 8
6.421153 12.016037 15.100531 1
9.785497 9.861085 30.364617 1
4.551717 1.108545 0.240338 1
0.989169 20.800640 15.537270 1
6.336086 9.942276 15.494990 6
9.954605 11.784006 0.086993 6
4.604967 20.864112 30.334244 6
0.958526 1.006902 15.110116 6
5.886233 9.584033 14.578123 1
10.455951 12.417629 29.906378 1
4.983884 20.407810 0.670499 1
0.430673 1.303209 15.862254 1
6.217904 9.432373 16.173859 1
9.922395 12.349646 0.808658 1
4.528130 20.329508 29.622082 1
0.724270 1.378105 14.444320 1
7.366338 9.972361 14.979130 1
8.852070 11.980933 30.341795 1
3.401293 20.963172 0.186183 1
1.961561 0.979814 15.513584 1
8.558464 13.703239 7.285290 8
7.601755 8.060046 22.544104 8
2.282762 2.763352 7.876981 8
3.218866 19.129841 23.235592 8
8.043153 13.142251 7.611536 1
8.045727 8.791384 22.808535 1
2.791477 2.152282 7.551312 1
2.714511 19.653806 22.811226 1
8.661789 13.785830 6.035661 6
7.745907 7.996577 21.299377 6
2.178580 2.859390 9.161178 6
3.188159 19.025503 24.488720 6
9.494442 13.634401 5.694173 1
6.774282 8.068278 21.013358 1
1.334577 2.799997 9.472812 1
4.120361 19.085899 24.897325 1
8.132092 14.606405 5.688776 1
7.941659 7.226745 21.030824 1
2.675836 3.792613 9.464545 1
2.811562 18.033489 24.778672 1
8.049844 13.103190 5.589064 1
8.151714 8.812222 20.923915 1
2.855800 2.244772 9.524946 1
2.556451 19.597604 24.902197 1
6.342110 12.552617 13.281869 8
9.798020 9.348049 28.570998 8
4.452573 1.772672 2.075940 8
1.050503 20.111082 17.310380 8
7.009861 12.496057 12.853475 1
9.074006 9.443297 27.940767 1
3.639461 1.603133 2.571438 1
1.660966 20.276698 17.760741 1
6.024843 13.979054 13.325979 6
10.210225 7.861290 28.459163 6
4.672475 3.098576 1.996709 6
0.776072 18.885043 17.191151 6
5.237919 13.993352 13.660337 1
0.188031 7.859882 28.903802 1
5.670527 3.089030 1.617435 1
10.545000 18.657277 16.801042 1
6.104361 14.303044 12.448004 1
10.194185 7.495253 27.570799 1
4.662525 3.278832 2.857612 1
0.716405 18.509296 18.155196 1
6.684937 14.375469 13.694011 1
9.456672 7.400120 29.003282 1
4.013277 3.467272 1.429577 1
1.278892 18.391393 16.641533 1
1.718834 4.974073 6.415952 8
3.636719 16.902824 21.573663 8
9.150763 15.736968 8.895806 8
7.126698 5.933892 24.225315 8
1.930191 4.467207 6.969412 1
3.570349 17.502579 22.272009 1
8.918559 15.222615 8.270385 1
7.199991 6.615426 23.597871 1
0.876389 4.382657 5.379105 6
4.452568 17.488941 20.662245 6
9.904583 15.231984 9.904669 6
6.363577 6.679901 25.042436 6
0.094246 3.758931 5.769011 1
5.323562 18.085330 21.163129 1
10.617677 14.789320 9.503926 1
5.524022 7.150639 24.713233 1
1.474000 3.672044 4.817406 1
3.969661 18.264872 20.195003 1
9.433912 14.593049 10.389396 1
6.809742 7.201975 25.590615 1
0.433982 5.039251 4.831894 1
4.940884 16.762706 20.015229 1
10.316044 15.926501 10.511346 1
5.909655 5.928357 25.683307 1
