8.238122 3.352476 2.365553 8
1.367674 8.517766 16.177617 8
6.399972 3.220517 3.588455 8
3.117128 8.393000 14.762902 8
2.622448 3.497101 1.664728 8
6.919782 8.733833 16.659526 8
4.460569 2.344806 1.588834 8
5.063877 7.391170 16.845010 8
9.704828 1.250625 6.929441 8
-0.189610 6.269930 11.610334 8
11.489822 1.661413 5.668309 8
-1.898168 6.763121 12.801265 8
2.064979 0.395112 7.436901 8
7.532514 5.426980 10.964087 8
0.080411 9.785248 7.241474 8
9.555776 4.591453 11.253947 8
4.724150 4.431519 1.601442 7
4.692084 9.505960 16.836481 7
0.243093 1.627667 7.815923 7
9.306666 6.669072 10.633729 7
10.330502 1.951305 3.234974 7
-0.792759 7.166059 15.370587 7
7.409840 2.458957 6.077272 7
2.222535 7.491155 12.470097 7
6.315042 4.416010 1.460085 6
3.371983 9.374950 16.927967 6
6.579966 5.795426 1.598586 6
2.941625 0.744074 16.917225 6
5.403686 6.499917 0.851659 6
4.072573 1.525693 17.533851 6
4.244771 5.943522 1.429822 6
5.266052 0.827762 16.906624 6
3.777562 6.500372 2.761102 6
5.724347 1.444177 15.587831 6
3.899073 5.867420 3.963372 6
5.554725 0.930968 14.363021 6
6.997532 3.675695 2.648246 6
2.542974 8.709284 15.804739 6
3.863072 3.448505 1.557440 6
5.610879 8.477680 16.774513 6
3.909420 1.026981 2.166710 6
5.707343 6.116295 16.345061 6
5.186817 0.149099 2.230035 6
4.358032 5.204640 16.152985 6
3.483808 1.461238 3.508914 6
6.032994 6.579219 14.764238 6
2.908431 0.592805 1.380596 6
6.734788 5.689654 17.127537 6
-1.130967 1.724274 7.869795 6
10.731704 6.892249 10.444841 6
-1.335488 3.282132 8.450074 6
11.000878 8.308763 10.178084 6
-0.055880 3.678454 9.059403 6
9.632477 8.632260 9.335986 6
0.987048 2.730671 8.221587 6
8.590425 7.990716 10.215084 6
1.640147 3.682733 7.253067 6
7.958656 8.792117 11.238560 6
1.396856 3.560903 5.947065 6
8.164465 8.601233 12.587910 6
10.827117 1.427544 6.608987 6
-1.305218 6.527188 11.816161 6
0.924306 0.534011 7.520122 6
8.691026 5.629638 11.008992 6
0.520316 8.436751 6.573088 6
9.048927 3.394785 11.955540 6
-0.910151 7.769416 6.302244 6
10.425995 2.687934 12.082109 6
1.259034 7.790798 7.523744 6
8.192594 2.617144 11.029785 6
1.127127 8.824566 5.224593 6
8.412773 3.769339 13.189010 6
11.598750 2.791478 2.563006 6
-2.058652 7.882644 15.808953 6
11.346285 3.011080 1.130434 6
-1.935248 8.157478 17.446825 6
12.633155 3.839583 0.492526 6
-2.932642 8.842066 17.950462 6
12.739853 5.162067 1.312864 6
-3.087296 0.073746 17.197206 6
-0.195103 5.009544 2.743844 6
9.858590 10.066950 15.711384 6
11.652143 4.224540 3.342306 6
-2.089031 9.317815 15.231244 6
10.109663 0.731107 2.607689 6
-0.484868 5.715275 15.888037 6
11.209965 10.028444 2.536081 6
-1.805064 4.900774 15.786185 6
10.952965 8.560871 2.082259 6
-1.281483 3.369612 16.414512 6
9.611796 8.054225 2.795135 6
-0.134368 2.877649 15.622365 6
8.491511 8.950898 2.796052 6
0.985819 3.774195 15.671940 6
8.853835 0.137480 3.281913 6
0.763047 5.183710 15.171069 6
6.319482 1.628528 6.550752 6
3.284977 6.673401 11.804763 6
6.395169 1.520966 8.131006 6
3.003092 6.619986 10.270517 6
5.443485 0.622947 8.737726 6
4.145547 5.603558 9.832641 6
5.300034 9.411203 8.062894 6
4.288895 4.268500 10.505700 6
5.319350 9.661306 6.590120 6
4.340994 4.516570 11.966760 6
6.432185 0.325933 5.882237 6
3.149474 5.362665 12.453759 6
7.726214 3.899881 6.657088 6
1.821581 8.945614 11.722408 6
6.431643 4.665115 6.731075 6
3.074861 9.818990 11.749262 6
6.682497 6.150158 7.113017 6
2.775138 0.972050 11.316789 6
7.763456 6.741656 6.252013 6
1.820417 1.620199 12.140277 6
9.024732 5.787930 6.413139 6
0.507681 0.807102 12.125469 6
8.710029 4.397976 5.788740 6
0.866985 9.642376 12.528344 6
6.368413 4.001446 0.646533 1
3.083843 9.164462 17.768090 1
7.489422 5.915475 0.930811 1
2.051153 0.831391 17.374160 1
6.936082 6.134860 2.434763 1
2.738044 1.149453 16.083772 1
2.026960 6.532360 18.324358 1
7.600420 1.441742 0.018494 1
5.437595 7.447367 1.019114 1
4.133324 2.377525 17.406731 1
3.545720 5.901845 0.832199 1
5.957744 0.734358 17.495532 1
3.435682 7.378662 2.788301 1
6.101611 2.274891 15.738985 1
3.640644 6.341524 4.828039 1
5.949717 1.338200 13.580143 1
4.322974 4.994694 4.089744 1
5.224959 0.057084 14.293604 1
5.327719 0.015077 1.267666 1
4.179962 5.101985 17.165704 1
5.876531 0.438417 2.758719 1
3.611177 5.559179 15.830953 1
4.791041 9.425334 2.651787 1
4.620407 4.350846 15.896955 1
4.293447 1.733987 4.128831 1
5.295940 6.775608 14.368740 1
3.213014 0.741418 4.102454 1
6.399541 5.851377 14.528722 1
2.960967 2.179127 3.654613 1
6.711862 7.135683 14.807218 1
3.096211 0.389549 0.357986 1
6.424678 5.483135 18.056495 1
2.123869 1.276117 1.228838 1
7.376860 6.374797 17.212484 1
2.428742 10.042272 1.803369 1
7.182278 4.951326 16.790564 1
11.338110 1.180370 8.731588 1
-1.782318 6.256009 9.738954 1
10.833770 3.514631 8.927775 1
-1.363288 8.540941 9.595663 1
-1.397411 3.813835 7.547306 1
-1.968517 9.020673 10.883132 1
-0.163932 3.284783 10.019994 1
9.588391 8.310804 8.330005 1
0.007536 4.574857 9.041788 1
9.382188 9.636943 9.378233 1
1.637542 2.550542 8.852513 1
7.827107 7.727751 9.508785 1
2.218996 4.327077 7.520070 1
7.339670 9.527379 10.905423 1
1.806785 4.085720 5.216589 1
7.821426 9.136782 13.170947 1
0.803603 2.730749 5.665335 1
8.677045 7.901236 12.866307 1
11.607051 7.671798 7.008309 1
-2.090151 2.488240 11.320512 1
11.495743 8.256056 5.767279 1
-1.901208 3.297833 12.744636 1
-0.626876 7.024397 5.817414 1
10.302089 1.775468 12.593107 1
0.862448 7.342822 8.192809 1
8.793767 2.275502 10.122366 1
2.171619 8.210183 7.663527 1
7.484391 3.187967 10.661467 1
1.563962 6.831163 6.981493 1
7.854444 1.858534 11.497741 1
1.871237 9.326262 5.328016 1
7.591566 4.299198 13.135790 1
0.587670 9.235838 4.731590 1
9.004646 4.297848 13.742109 1
1.457814 8.067062 4.832140 1
8.078608 2.883881 13.654250 1
11.299379 2.137281 0.573568 1
-1.734808 7.204760 17.793517 1
10.655530 3.506289 0.832736 1
-1.049638 8.598250 17.485892 1
0.389650 3.341687 0.801851 1
9.142519 8.453723 17.674469 1
9.067922 4.010975 18.040787 1
0.482237 9.057703 0.432382 1
0.535587 5.597477 0.999441 1
9.155557 0.570513 17.544089 1
12.021541 5.662760 0.977362 1
-2.423301 0.592762 17.282926 1
0.621335 4.541164 2.929749 1
8.948704 9.636298 15.510294 1
-0.087633 5.721359 3.245220 1
9.818631 0.718007 15.195343 1
11.788308 4.058894 4.296654 1
-2.137807 9.154022 14.127777 1
10.885831 4.539081 3.121172 1
-1.144204 9.814636 15.358448 1
12.427035 2.204947 2.688250 1
-2.839360 7.424655 15.637425 1
9.900104 0.721095 1.569885 1
-0.257491 5.954462 16.739735 1
12.048077 0.004059 2.217269 1
-2.440385 5.296076 16.402501 1
11.502769 9.918135 3.528826 1
-1.924091 4.795293 14.910767 1
11.661738 8.065319 2.227735 1
-2.183008 2.792692 16.289967 1
10.736662 8.634455 1.109297 1
-1.247080 3.600501 17.233085 1
9.949415 7.789103 3.692119 1
-0.339297 2.612954 14.814545 1
9.549468 7.108092 2.379800 1
-0.030403 1.949788 16.131665 1
7.725110 8.468487 3.205239 1
1.718129 3.395605 15.273181 1
8.214805 9.078695 1.910817 1
1.310540 3.864597 16.512603 1
8.103208 0.600405 3.278439 1
1.362773 5.684228 15.210547 1
9.189931 10.153822 4.306924 1
0.416557 5.055145 14.224008 1
9.655960 2.495944 2.948325 1
0.013113 7.692443 15.497586 1
10.534097 1.835732 4.031987 1
-0.867476 6.944143 14.321817 1
5.539914 2.043014 6.452094 1
4.112547 7.090569 12.018246 1
6.444022 2.377082 8.468116 1
3.013985 7.364090 9.923438 1
7.261948 0.999718 8.294030 1
2.190436 6.211856 10.116360 1
4.468871 0.905622 8.617735 1
5.053788 6.073526 9.803432 1
5.479549 0.541464 9.684343 1
4.091343 5.485562 8.735173 1
6.201995 9.033945 8.167994 1
3.340555 3.865447 10.242571 1
4.676423 8.914372 8.382766 1
4.954381 3.787401 10.110981 1
5.199597 8.620183 6.156062 1
4.261520 3.522575 12.428478 1
4.279682 10.018066 6.237878 1
5.114914 4.813696 12.062678 1
6.296449 0.364624 5.047752 1
3.393674 5.384090 13.422748 1
7.136299 10.068135 6.173832 1
2.388290 4.911392 12.310115 1
7.929283 3.747420 7.471500 1
1.658664 8.713814 10.953516 1
5.714187 4.291092 7.211307 1
3.802094 9.264689 11.315172 1
6.006849 4.700615 5.819521 1
3.536831 9.900363 12.680168 1
5.971218 6.671749 7.177901 1
3.720024 1.567074 11.223061 1
7.055987 5.935271 8.113647 1
2.506229 0.971730 10.385167 1
7.456530 6.715570 5.390234 1
2.074160 1.770853 12.942987 1
7.916947 7.560216 6.620393 1
1.461673 2.469075 11.716228 1
9.677881 6.320253 5.854426 1
-0.129545 1.165428 12.683371 1
9.333256 5.874988 7.239460 1
0.105207 0.642184 11.091409 1
9.684391 3.894044 5.932540 1
-0.088841 8.933653 12.465553 1
8.582425 4.472203 4.965718 1
1.034352 9.676283 13.461252 1
7.252352 2.536482 5.174263 1
2.365132 7.729724 13.337726 1
8.273592 1.927916 6.256929 1
1.358135 6.982695 12.328288 1
