6.933640 4.729008 3.717247 6
3.973505 4.120237 8.623095 6
7.463368 5.830230 3.198586 7
3.371156 2.895909 9.182488 7
8.605620 6.262331 3.667391 6
2.266509 2.406629 8.618451 6
9.336396 7.206459 3.421483 8
1.539529 1.545768 9.042436 8
8.910688 5.416487 4.840687 7
1.902793 3.349073 7.482556 7
7.829172 4.484774 4.888402 6
2.868012 4.295837 7.555513 6
7.886176 3.588516 5.718358 8
2.941910 5.265323 6.731085 8
7.003030 3.480315 2.646493 6
3.996493 5.222245 9.658796 6
5.709225 2.701737 2.881504 6
5.149717 5.981955 9.431907 6
5.232330 1.889160 1.705183 6
5.661921 6.787051 10.567036 6
4.075299 1.146250 1.978745 8
6.878879 7.541935 10.418692 8
3.202391 1.062941 0.963927 6
7.608068 7.710879 11.239176 6
3.705130 2.526474 12.222918 8
7.221725 6.233254 0.099354 8
1.793104 0.305547 1.452221 6
8.950086 8.444488 10.940479 6
4.559564 3.752626 3.438595 6
6.121409 4.911671 9.022361 6
4.141683 4.542895 2.189109 8
6.631848 4.253611 10.164772 8
2.788789 4.426824 1.793592 6
7.888777 4.433642 10.440875 6
2.034925 3.650942 2.530308 8
8.676323 5.076386 9.893689 8
2.392674 5.260372 0.678503 6
8.318415 3.437286 11.710804 6
5.495828 4.628159 4.145138 6
5.393292 3.935827 8.123900 6
4.899907 6.027003 4.181340 8
5.925295 2.756974 8.153770 8
5.351804 6.874431 5.314152 6
5.536290 1.885612 7.036042 6
6.025428 6.533950 6.067648 8
4.708538 2.200182 6.317631 8
1.970162 0.426297 5.236945 6
6.258694 0.668102 7.058997 6
7.316006 6.206068 2.365484 1
3.689356 2.479003 10.041399 1
9.555424 5.560228 5.359803 1
1.322233 3.333068 7.096022 1
7.653479 2.966142 2.736461 1
3.061034 5.846710 9.690973 1
6.925758 3.812808 1.718179 1
3.912001 4.921104 10.545054 1
5.814278 2.073614 3.721040 1
5.171894 6.730587 8.562271 1
6.030483 1.279883 1.614579 1
4.813261 7.555012 10.702736 1
5.114486 2.375034 0.954412 1
5.621575 6.358520 11.432744 1
1.389421 0.876602 2.170008 1
9.441596 7.826320 10.359843 1
4.654828 7.387812 1.960947 1
6.141573 1.470117 10.384240 1
1.335239 0.275736 0.685962 1
9.588937 8.512757 11.725372 1
3.802188 3.409529 3.800030 1
7.052018 5.351647 8.577973 1
2.211808 6.165905 1.270400 1
8.680330 2.647339 11.170131 1
1.836515 4.930172 0.178691 1
9.066540 3.950631 12.073624 1
3.232386 5.660356 0.286502 1
7.493524 3.123113 12.064295 1
5.530943 4.269899 5.196346 1
5.412179 4.392417 7.277210 1
3.626888 7.962042 4.780290 1
7.145626 0.607281 7.462047 1
2.627915 1.041125 4.984709 1
8.399733 7.750488 7.485097 1
1.865177 0.574904 6.251533 1
8.985511 8.048891 6.258489 1
