-0.838193 7.179960 9.534195 6
3.612383 15.051235 11.269990 6
4.718045 8.379237 4.322737 6
0.201055 0.559034 2.760306 6
4.115726 7.570368 9.127192 6
-1.254013 15.326441 11.714303 6
-0.112628 7.918704 4.697981 6
5.257916 0.095836 2.331836 6
3.791260 8.930815 9.293669 6
-0.932085 1.138258 11.469231 6
0.116831 6.525943 4.626892 6
4.886815 14.269160 2.393744 6
2.777415 9.133894 9.012626 1
0.027586 1.400558 11.822396 1
1.171202 6.212898 4.793095 1
3.963437 14.072092 2.058243 1
-1.583019 9.827336 9.906123 6
4.311159 2.180107 11.110752 6
5.537171 5.627333 3.987544 6
-0.394323 13.487693 2.923303 6
4.389664 10.760855 9.956940 1
-1.614686 3.100756 10.935490 1
-0.484594 4.656248 4.037219 1
5.486668 12.547919 3.059401 1
-0.299627 9.488923 10.204233 6
3.105308 1.830005 10.633767 6
4.171948 6.096133 3.560068 6
0.704893 13.761758 3.317759 6
0.325041 10.124714 10.675814 1
2.453328 2.321656 10.169600 1
3.668714 5.452485 3.277726 1
1.461067 13.188404 3.715602 1
-0.017840 8.224495 10.215166 6
2.667373 0.414360 10.655875 6
3.790994 7.263037 3.678110 6
1.112031 15.044353 3.250659 6
0.974061 7.878258 10.356859 1
1.795801 0.085436 10.496348 1
3.063606 7.540807 3.378843 1
1.985135 15.300674 3.456555 1
3.003614 6.673352 8.606526 6
-0.360242 14.302409 12.317595 6
0.744280 8.990946 5.328954 6
4.222875 1.200160 1.664335 6
2.249601 7.057753 8.448999 1
0.448340 14.746902 12.396228 1
1.754298 8.557947 5.390555 1
3.451968 0.699763 1.580453 1
2.901776 5.860430 9.323609 1
-0.084854 13.640725 11.590954 1
1.055652 9.652985 4.497660 1
4.018127 1.945307 2.391465 1
3.542078 5.796778 7.279918 6
-0.684445 13.661716 13.550386 6
0.465459 9.545064 6.614359 6
4.745838 1.915793 0.384950 6
2.670060 5.458844 6.858908 1
0.099619 13.213882 13.899756 1
1.182687 10.089898 6.951470 1
1.616563 2.202962 13.893248 1
3.784193 6.623477 6.736091 1
1.211885 14.325235 0.294707 1
0.043004 8.881902 7.166081 1
2.686446 1.188132 13.680106 1
4.580468 4.772388 7.570708 6
-1.847278 12.529226 13.416709 6
-0.651940 10.686330 6.273895 6
5.697724 2.905705 0.503551 6
4.352557 4.186852 8.134460 1
-1.482084 11.870080 12.605610 1
-0.257466 11.362237 5.714718 1
5.432647 3.531908 1.119324 1
4.691914 4.419978 6.753358 1
0.220657 12.208268 0.196099 1
-0.815773 11.077182 7.237452 1
3.729720 3.282135 13.706550 1
-0.268512 5.339044 8.114019 6
2.988597 13.055587 12.728346 6
4.217842 10.231769 5.905292 6
0.799224 2.436390 1.077600 6
0.421435 4.648199 8.091505 1
2.381319 12.358588 12.753654 1
3.535750 10.873043 5.863335 1
1.547746 3.126948 1.133335 1
-0.039312 6.177960 7.564799 1
2.778871 13.849396 13.323911 1
3.902039 9.372648 6.307104 1
1.174752 1.615702 0.533575 1
0.228370 5.234838 10.547349 6
2.543101 12.835365 10.360066 6
3.795439 10.374081 3.432816 6
1.338654 2.554073 3.431847 6
-0.066043 5.488569 11.843100 6
2.791507 13.379372 8.957016 6
4.107609 10.032660 2.107957 6
1.081243 2.174107 4.906308 6
-1.360796 5.867037 12.293747 6
4.167688 13.672028 8.622400 6
5.200605 9.549258 1.618800 6
-0.311298 1.862222 5.393712 6
4.043469 6.176911 11.678539 1
-1.447847 13.904227 9.126056 1
-0.282028 9.517177 2.170752 1
5.217584 1.754618 4.732737 1
-1.594563 6.111745 13.607217 6
4.388062 13.892298 7.091444 6
5.546166 9.235985 0.310577 6
-0.489299 1.598089 6.797836 6
6.099512 6.360619 0.163500 1
-0.876564 14.222963 6.979457 1
-2.168336 9.134775 13.888141 1
4.911984 1.370960 7.049366 1
1.748742 5.959873 0.777743 6
3.410617 13.819689 6.289716 6
2.246576 9.396088 13.146378 6
0.594385 1.781746 7.619801 6
1.654975 6.160425 1.662661 1
3.391509 14.060888 5.321347 1
2.242397 9.365390 12.300360 1
0.437796 1.462705 8.560048 1
2.993922 5.731059 0.162354 6
2.166287 13.334466 6.706150 6
0.900445 9.944686 13.709460 6
1.906510 2.017474 7.261011 6
3.692916 5.534944 0.872895 1
1.359141 13.357721 5.994275 1
0.207038 10.047246 13.027688 1
2.553554 2.114412 7.857723 1
0.846287 5.367205 12.745425 6
1.773311 13.142276 8.074433 6
2.955588 10.225198 1.016782 6
2.002859 2.354705 5.924391 6
1.734046 5.074895 12.516106 1
0.900641 12.907369 8.264736 1
2.111794 10.527564 1.409575 1
3.014845 2.746698 5.492488 1
-0.312446 5.945437 9.531636 7
3.141929 13.602562 11.449751 7
4.314474 9.689007 4.400422 7
0.818375 1.958609 2.412649 7
0.846979 4.230133 10.325612 8
1.875119 11.874853 10.593592 8
3.130207 11.278787 3.730017 8
1.934238 3.655241 3.341731 8
