-0.667388 7.851882 9.215341 6
7.477231 3.155351 2.835834 6
-1.347656 8.555989 9.188083 1
8.146865 2.466032 2.793326 1
-0.943122 7.148470 10.673876 6
7.659172 3.829738 1.447410 6
-2.032356 6.618429 11.364358 6
8.755215 4.166609 0.699855 6
-2.777557 6.654376 10.944774 1
9.493741 4.134047 1.084415 1
1.116475 6.832425 0.482107 6
5.646943 3.975450 11.567282 6
0.460766 6.547487 0.964391 1
6.301733 4.302147 11.174797 1
2.380110 6.762466 1.120756 6
4.498871 4.176280 10.819889 6
2.343180 6.354666 2.071944 1
4.488491 4.592269 9.988457 1
3.456160 7.371475 0.521120 6
3.346127 3.707205 11.425324 6
4.782333 7.285732 1.137620 6
2.013287 3.655846 10.935251 6
4.852552 6.900427 1.822092 1
1.759985 4.005701 10.062958 1
5.846149 7.898897 0.412684 6
1.002069 3.081122 11.655519 6
6.748890 7.863220 0.630782 1
0.166359 3.018092 11.228336 1
2.580324 7.772709 11.169590 6
4.169835 3.283439 0.972142 6
3.376914 8.182906 10.596664 1
3.501697 2.800565 1.479618 1
1.388414 7.782576 10.659634 6
5.380453 3.181754 1.490383 6
0.463580 6.999261 11.217254 6
6.358746 3.807160 0.683170 6
0.903291 8.467702 9.435805 6
5.967839 2.444834 2.724310 6
1.289488 8.246888 8.680862 1
5.510752 2.755707 3.499295 1
0.768340 10.024121 9.645377 6
5.870968 1.055911 2.465122 6
1.839988 10.164557 9.753867 1
4.990284 0.726000 2.166039 1
-0.080713 10.445190 10.755566 6
6.748948 0.407701 1.403286 6
-0.271384 10.291098 11.966619 6
7.001298 0.825816 0.070359 6
3.268382 10.359241 0.443215 1
3.463427 0.536902 11.765482 1
2.014925 0.069661 0.635159 6
4.753103 10.909085 11.260276 6
1.627394 11.444847 1.561242 1
5.164252 -0.637636 10.355278 1
1.303372 0.979960 0.204683 6
5.469899 10.012183 11.797742 6
0.677203 1.395481 0.781834 1
6.068804 9.615750 11.379353 1
-1.467080 0.584659 10.886521 6
8.214375 10.439374 1.231169 6
-2.060042 1.531541 10.142728 6
8.872827 9.449262 1.807464 6
7.322678 1.955369 10.559504 1
-0.561909 8.981696 1.344187 1
-1.807363 1.867749 8.915708 6
8.485031 9.077498 3.165516 6
7.691267 2.442513 8.387324 1
-0.964134 8.457989 3.490380 1
-0.807468 1.005865 8.241693 6
7.611346 9.945718 3.836468 6
-0.716144 1.381112 7.338454 1
7.361564 9.690576 4.722508 1
-0.227234 0.045760 8.825826 6
6.964204 10.862389 3.185657 6
-0.546731 -0.226004 10.105598 6
7.278863 11.077447 1.983524 6
0.399903 10.721389 8.213494 6
6.326365 0.169438 3.738809 6
-0.123250 10.146386 7.762395 1
6.807023 0.852768 4.329194 1
1.965022 -0.504297 7.600630 6
4.899809 11.444968 4.606385 6
2.278551 10.549919 7.185918 1
4.549761 0.494285 4.745515 1
1.700986 0.104217 6.121849 6
5.174031 10.829365 5.874499 6
0.861208 -0.224664 5.233170 6
6.024201 11.200892 6.860378 6
0.055704 10.780612 5.133794 1
6.723542 0.110289 6.829736 1
0.586386 0.644968 4.080271 6
6.055230 10.286435 7.959045 6
0.086072 0.422159 3.446123 1
6.584714 10.501080 8.559464 1
1.390109 1.931454 4.039235 6
5.507257 9.110991 8.034008 6
1.214962 2.457353 3.343238 1
5.486299 8.535709 8.680051 1
2.209656 2.230074 5.083148 6
4.570162 8.681915 6.917742 6
2.946743 3.375986 5.145054 6
3.815611 7.442837 6.895444 6
2.894814 4.079313 4.393264 1
3.783470 6.934671 7.595751 1
3.683826 3.675503 6.275766 6
2.984963 7.282020 5.870897 6
4.213661 4.459034 6.282672 1
2.416605 6.421737 5.773796 1
3.811339 2.763077 7.256640 6
2.960760 8.199251 4.750093 6
4.400424 2.987607 8.047176 1
2.299998 8.103434 3.920019 1
3.014193 1.598676 7.346663 6
3.676741 9.342875 4.746871 6
2.286423 1.360305 6.053780 6
4.534413 9.478604 5.982503 6
2.789074 0.507050 8.235976 6
3.947646 10.390380 3.700958 6
2.479017 0.761611 9.139842 1
4.383650 10.053696 3.039663 1
3.825785 0.079953 8.574913 1
3.018015 10.945187 3.582462 1
-0.877533 6.817452 8.031146 6
7.687621 4.105058 3.923417 6
0.145628 5.653194 8.264310 6
6.566289 5.356410 3.787654 6
1.076264 6.044618 8.141852 1
5.700188 4.899064 3.901223 1
0.068896 5.129097 7.432832 1
6.862507 5.849325 4.677685 1
-0.029667 5.072067 8.935906 1
6.688955 5.828998 3.027214 1
-0.813880 7.497560 6.780053 6
7.617751 3.429044 5.185827 6
-0.873688 6.943430 6.023248 1
7.718106 4.049972 6.074329 1
0.072659 7.897657 6.556711 1
6.692976 2.990755 5.488498 1
-1.388631 8.274024 6.705398 1
8.107589 2.645034 5.275568 1
7.741416 6.255288 8.276548 6
8.933052 4.673544 3.764842 6
6.769839 5.657718 8.183875 7
-0.086523 5.246190 3.769891 7
