7.980974 3.307799 8.719848 17
1.834853 12.914312 4.601578 17
2.217926 16.001700 0.282147 17
8.355565 6.267728 4.238646 17
0.312948 2.129594 0.639242 17
10.065183 11.648336 3.673978 17
9.786901 17.120583 8.349407 17
-0.147889 7.572438 5.207694 17
8.508977 0.697723 0.794777 17
1.891057 10.181887 3.571813 17
1.544414 18.618049 8.202696 17
8.116329 8.931951 5.292278 17
7.998966 3.484029 2.538635 8
2.315133 13.253280 1.944869 8
1.985219 15.557710 6.403156 8
7.658044 6.045618 7.110542 8
9.014313 19.064760 5.396291 8
0.724072 9.476794 7.959113 8
1.046748 0.226609 3.621868 8
9.309644 9.739347 0.971976 8
6.847951 0.182869 6.040088 8
2.982801 9.942467 7.402636 8
3.231575 18.898109 2.890074 8
7.101032 9.364418 1.487673 8
9.778334 2.220861 3.407762 7
0.673582 11.818709 1.021859 7
0.337090 17.030709 5.503465 7
9.374616 7.420893 7.892199 7
7.161732 2.688679 5.497724 7
2.597650 12.297261 7.854820 7
2.882080 16.455754 3.438487 7
7.346835 6.915719 1.117424 7
6.157639 3.492695 5.647903 7
3.544388 13.051718 7.797220 7
3.913242 15.733370 3.227487 7
6.552594 6.195759 1.145264 7
7.964283 0.702154 5.546934 6
1.634467 10.145826 7.853665 6
1.962972 18.524668 3.357735 6
8.314128 9.047509 1.152925 6
8.218129 2.096677 5.369742 6
1.584133 11.598929 8.057132 6
2.008048 17.248702 3.658812 6
8.454222 7.556647 0.938307 6
9.471000 2.704544 4.770148 6
0.435525 12.359066 8.596234 6
0.645172 16.484834 4.130119 6
9.714844 7.012420 0.350289 6
9.238234 3.712000 4.780730 1
0.478657 13.175314 8.663242 1
0.858854 15.632399 4.298175 1
9.537846 5.948079 0.186584 1
-0.119675 2.429491 5.681810 6
9.868686 12.066068 7.813747 6
10.215636 16.664048 3.316585 6
0.208839 7.037661 1.091478 6
0.221897 1.581111 5.688818 1
9.421401 11.319896 7.752417 1
9.769697 17.598441 3.254609 1
0.564821 7.925039 1.102044 1
0.577170 3.545917 6.353337 6
9.205440 13.067350 7.114890 6
9.635189 15.817413 2.593522 6
0.788398 6.109167 1.863391 6
0.122412 4.395570 6.131656 1
9.652295 13.960740 7.131921 1
9.939927 15.009903 2.749876 1
0.391841 5.344513 1.723897 1
1.651363 3.460784 7.047226 6
8.107997 13.103051 6.285312 6
8.285113 15.771079 1.847290 6
1.966045 6.222490 2.583667 6
1.943073 4.424420 7.905277 6
7.809741 14.150906 5.374343 6
8.069277 14.724635 0.965642 6
2.421131 5.180953 3.447726 6
1.524411 5.160381 8.140376 1
8.324159 14.734491 5.328961 1
8.585092 14.112507 0.872694 1
1.718973 4.382483 3.503026 1
3.216611 4.417877 8.757438 6
6.638116 14.175181 4.722482 6
6.953959 14.850049 0.166126 6
3.469878 5.181008 4.319742 6
3.941136 5.259294 0.327604 1
6.388781 14.715387 4.119793 1
5.987223 14.104343 8.595326 1
3.694165 4.418892 4.963284 1
4.096019 3.474205 8.817190 6
5.666533 13.003543 4.750843 6
6.072579 15.773322 0.230732 6
4.398440 6.248366 4.191154 6
5.461780 3.394672 0.294725 1
5.023700 13.022880 4.249629 1
4.570304 15.827415 8.736894 1
5.185436 6.220993 4.722340 1
3.908113 2.317517 7.817173 6
5.808264 12.049278 5.675967 6
6.233500 16.749128 1.172490 6
4.136247 7.291561 3.392776 6
4.452774 1.793254 7.673922 1
5.249582 11.332251 5.623819 1
5.658544 17.557357 1.174214 1
4.789199 7.842287 3.285971 1
2.752712 2.350131 7.002250 6
7.033810 12.105708 6.436748 6
7.441037 16.845473 1.958202 6
2.964558 7.112243 2.527708 6
2.523829 1.740818 6.393285 1
7.257231 11.262984 6.868602 1
7.575557 17.472073 2.512595 1
2.795670 7.829796 2.029534 1
9.003623 2.749913 2.455668 6
1.354408 12.406891 2.023589 6
1.144325 16.549408 6.493405 6
8.678399 6.888808 6.835637 6
9.254216 2.313029 0.970238 6
1.079408 11.754844 3.428054 6
0.793933 16.972419 8.070787 6
8.871155 7.378497 5.448783 6
6.589984 18.049135 6.192153 6
3.259642 8.403937 7.304860 6
3.626126 1.105763 2.650950 6
6.768073 10.675686 1.705521 6
6.919483 17.596176 5.657595 1
2.846784 7.866691 7.851482 1
3.039422 1.671770 3.376098 1
7.360033 11.377075 1.171527 1
6.831870 17.764217 7.173176 1
2.916098 8.253335 6.407105 1
3.243267 1.377764 1.780001 1
7.061225 11.028769 2.657836 1
5.115753 17.918800 6.074757 6
4.685341 8.191325 7.401180 6
5.046576 1.346980 2.888219 6
5.490602 11.066176 1.717823 6
4.965391 16.889783 6.257800 1
4.703468 7.335259 7.221355 1
5.099543 2.395233 2.613167 1
5.289240 12.039068 1.886788 1
4.823758 18.054967 5.242594 1
4.854430 8.444924 8.143489 1
5.263464 1.227441 3.696883 1
5.190603 10.744195 0.810308 1
4.640700 18.267898 6.761501 1
5.081608 8.819568 6.574784 1
5.418390 0.972641 2.249770 1
5.021715 10.538493 2.359889 1
10.061625 1.443106 3.190067 1
0.358602 11.152445 1.187172 1
0.010748 17.615685 5.753939 1
9.749151 8.139932 7.773841 1
