2.778302 18.506932 10.672601 35
3.723375 4.747924 4.252578 35
3.891279 22.101743 9.391038 6
2.531735 8.401628 5.627615 6
3.469246 22.724139 8.709894 1
3.024039 9.172603 6.210144 1
3.223576 21.099980 9.599743 6
3.335283 7.393416 5.200502 6
2.163500 20.916086 9.474830 1
4.159814 7.304286 5.541213 1
3.823691 19.989192 10.322117 6
2.705730 6.290828 4.577991 6
5.029607 20.022403 10.632161 6
1.366645 6.470474 4.171944 6
5.441599 19.277501 11.131882 1
0.929607 5.674999 3.804568 1
5.707023 21.206237 10.315223 6
0.701797 7.543677 4.529218 6
0.193128 21.275040 10.677350 1
6.293904 7.636051 4.274183 1
5.269825 22.303487 9.705686 6
1.111317 8.738433 5.189655 6
5.892677 23.505863 9.421305 6
0.463821 9.881412 5.479494 6
5.596771 23.925807 8.580888 1
0.873156 10.205333 6.395670 1
5.775946 24.726488 10.431956 6
0.672637 11.106931 4.587998 6
6.234889 25.411967 10.186573 1
0.321591 11.934797 4.834183 1
6.229367 24.238369 11.784707 6
0.217529 10.533631 3.019136 6
0.277083 23.576659 11.929650 1
6.009135 9.889588 3.178269 1
0.072971 25.020712 12.384480 1
6.381052 11.450114 2.647845 1
4.924660 23.963257 12.638581 6
1.497659 10.215293 2.400072 6
4.781178 22.893034 12.540353 1
1.798163 9.239407 2.503526 1
5.042155 23.988126 13.623986 1
1.481707 10.456460 1.450070 1
3.700544 24.766862 11.981178 6
2.562057 11.110559 2.938029 6
3.745880 25.659841 12.592531 1
2.742264 11.938595 2.429825 1
2.868945 24.305081 12.093850 1
3.579255 10.602489 2.889764 1
4.251418 25.065225 10.675330 6
2.086430 11.328096 4.378156 6
3.509912 25.705091 9.740627 6
2.959720 12.025792 5.174212 6
2.643589 25.858872 9.978678 1
3.917691 12.174636 5.023128 1
4.927749 27.004866 8.301054 6
1.396680 13.342686 6.583972 6
4.870137 0.779299 9.212270 6
1.569704 14.339969 5.864435 6
4.193522 0.847843 9.707601 1
2.264784 14.534295 5.229632 1
5.848660 1.816350 9.084762 6
0.606413 15.455987 5.804389 6
5.857226 2.515504 9.754287 1
0.506270 16.104473 5.206948 1
0.427216 1.680138 8.365954 6
5.877550 15.225178 6.572837 6
0.499370 0.390887 7.551646 6
5.735881 14.159855 7.410740 6
1.334837 0.377947 6.819108 1
5.152277 13.936745 8.055581 1
6.145803 26.840961 7.546577 6
0.281170 13.210272 7.510085 6
6.053711 26.142429 6.966086 1
0.195560 12.324543 8.010857 1
3.196370 25.492093 7.317586 6
3.180814 11.855426 7.668298 6
3.231511 25.373938 4.946455 6
3.128100 11.764045 10.083200 6
1.781224 25.499861 4.660195 6
4.669524 11.768568 10.312877 6
1.451457 26.265897 4.689883 1
4.913257 12.733692 10.247249 1
1.365150 24.945943 5.358829 1
5.156104 11.353807 9.565539 1
1.505898 24.918960 3.705421 1
4.744753 11.356849 11.126004 1
3.806598 23.998520 5.012975 6
2.494352 10.278116 10.045427 6
3.640147 23.507205 4.129421 1
2.647656 10.000170 10.825430 1
3.568757 23.509848 5.686444 1
2.937053 9.867542 9.289819 1
4.900756 24.069030 4.975782 1
1.550110 10.385855 9.974601 1
3.966879 26.324480 3.809619 6
2.485098 12.746411 11.099113 6
3.465438 27.265442 3.907413 1
2.919828 13.636809 10.984392 1
3.946337 26.028108 2.919956 1
2.525586 12.419586 11.896369 1
4.915297 26.491578 4.221588 1
1.553994 12.721496 10.822739 1
2.410348 2.670195 7.154317 6
4.168513 16.378312 7.802258 6
2.877793 3.401308 7.267043 1
3.524821 17.035348 7.825396 1
1.745344 2.757005 6.308657 1
4.690404 16.440217 8.574931 1
2.834527 1.875379 7.061904 1
3.599484 15.479658 7.957009 1
4.003966 26.033331 8.386804 7
2.434278 12.326630 6.606084 7
0.808399 23.214536 9.362087 8
5.509594 9.652102 5.714470 8
1.192050 23.681069 8.767836 1
5.137195 10.081931 6.273208 1
1.442597 2.564762 8.325143 8
4.914783 16.233733 6.615299 8
3.601574 26.125917 6.190143 8
2.767237 12.473362 8.802345 8
2.328209 24.714982 7.551948 8
3.987383 11.002168 7.565974 8
5.982420 26.951327 0.296105 35
0.420541 13.276821 14.642087 35
0.500526 23.142514 1.715941 6
5.758695 9.664217 13.234423 6
0.187304 22.566178 2.308762 1
6.329094 8.879509 12.620449 1
6.213289 24.348599 1.414951 6
0.129023 10.621764 13.496279 6
5.470302 24.533316 1.702207 1
1.107845 10.752946 13.315630 1
0.419093 25.262697 0.599034 6
5.965295 11.617405 14.311904 6
1.822954 25.231467 0.416311 6
4.579232 11.581818 14.512631 6
2.141922 25.877021 14.885173 1
4.367252 12.269756 0.163376 1
2.482987 23.999448 0.593719 6
3.904829 10.480482 14.360515 6
3.335993 23.947700 0.315696 1
3.162105 10.290982 14.558819 1
1.890995 23.075697 1.381247 6
4.618062 9.496309 13.501889 6
2.565483 21.898660 1.767018 6
3.733392 8.185380 13.189464 6
2.314691 21.407899 2.611669 1
4.206145 7.872746 12.298039 1
2.376654 20.621428 0.785580 6
3.989414 6.941548 14.304003 6
2.873156 19.837460 1.146878 1
3.377991 6.158494 13.935868 1
2.975023 20.883497 14.233326 6
3.593826 7.262179 0.682733 6
3.632192 21.623854 14.336665 1
2.916119 8.105440 0.608252 1
3.346345 20.172572 13.852317 1
3.123659 6.434815 1.179934 1
1.615150 21.403454 13.505041 6
4.742789 7.790303 1.553933 6
1.439352 22.377256 13.522902 1
5.021836 8.674890 1.423083 1
1.782297 21.098444 12.526919 1
4.565371 7.531301 2.407798 1
0.505200 20.604074 13.964323 6
5.866110 6.955790 0.946587 6
0.486040 19.799126 13.474553 1
5.972756 6.090710 1.445416 1
6.076342 21.042261 13.995527 1
0.200753 7.449155 1.035041 1
0.894698 20.170846 0.423525 6
5.349967 6.613589 14.515108 6
0.118109 19.725415 1.344938 6
6.275068 5.991195 13.526383 6
5.799130 19.498121 1.072136 1
0.744511 5.903798 13.891582 1
1.372252 18.108905 2.838055 6
5.035547 4.472563 12.037635 6
0.972147 16.919126 2.317042 6
5.436880 3.306581 12.575348 6
0.099998 16.872790 1.819013 1
6.204766 3.361718 13.090580 1
1.795505 15.858411 2.381294 6
4.715432 2.080821 12.691874 6
1.380979 15.102392 1.990876 1
4.985074 1.261634 13.080337 1
2.996115 15.824425 2.945606 6
3.447245 2.160070 11.987747 6
3.392214 17.046853 3.557477 6
2.941092 3.387264 11.430162 6
4.240765 17.087377 3.950231 1
2.121110 3.455349 11.015340 1
2.699205 18.185889 3.478577 6
3.663169 4.428910 11.517392 6
2.922725 18.902432 3.874483 1
3.323917 5.269744 11.117051 1
6.389522 19.862256 3.828636 6
0.010959 6.204778 11.110943 6
0.006837 19.989330 6.249671 6
-0.006165 6.380280 8.828192 6
4.930861 19.938016 6.344851 6
1.380572 6.305692 8.554814 6
4.724962 18.906592 6.500538 1
1.778366 5.359347 8.474611 1
4.494412 20.417818 5.595479 1
1.843576 6.633733 9.354129 1
4.730036 20.383520 7.362148 1
1.701720 6.676769 7.755950 1
0.418681 21.417856 6.054465 6
5.974033 7.821057 8.893896 6
6.411081 21.933502 5.514653 1
-0.032997 8.186369 9.469241 1
1.478348 21.306994 5.806064 1
4.955182 7.770436 9.071702 1
0.425014 21.837049 7.003773 1
6.025419 8.093323 7.859989 1
0.740937 19.169699 7.159757 6
5.611642 5.365172 7.714315 6
0.376877 18.167634 7.299420 1
5.977697 4.576727 7.626525 1
0.713176 19.531307 8.028501 1
5.728292 5.920101 6.870498 1
1.744607 19.114314 6.913833 1
4.707584 5.396594 8.045892 1
4.997269 14.545083 3.255549 6
1.400175 0.892275 11.575146 6
5.367756 13.663316 3.078065 1
1.073677 27.256973 11.886155 1
5.041418 14.704711 4.303949 1
1.416813 1.049101 10.597683 1
5.651522 15.233670 2.959085 1
0.880056 1.614477 11.950905 1
0.594198 19.224466 2.758423 7
5.889235 5.587898 12.250755 7
4.067814 22.062165 1.824910 8
2.338210 8.554001 13.125468 8
4.290254 21.631641 2.413038 1
2.023020 7.881894 12.447998 1
3.754353 14.742725 2.781980 8
2.647396 1.032683 12.130807 8
0.367898 19.333669 4.883846 8
6.105476 5.560584 10.041123 8
5.591916 20.685673 3.557436 8
0.828389 7.092815 11.209370 8
4.726431 16.147032 13.398458 6
1.802628 2.588294 1.652679 6
4.328415 17.396173 14.281153 6
2.180876 3.697689 0.757416 6
5.031353 18.041396 14.352310 1
1.413937 4.276576 0.562444 1
3.982949 17.021476 0.151963 1
2.396116 3.248014 14.811000 1
3.568158 17.829754 13.839364 1
2.922065 4.074514 1.162447 1
5.620666 15.431643 11.425671 6
0.684483 1.781945 3.521146 6
4.715903 15.680123 10.999558 1
1.630468 2.005074 3.959951 1
5.678972 14.564854 11.826376 1
0.583772 0.806291 3.221616 1
0.327609 15.784542 10.532114 6
6.045338 2.152240 4.377063 6
0.275404 15.345378 9.650229 1
6.312801 1.635642 5.286168 1
1.108191 15.551460 10.862649 1
5.199533 1.845501 4.074518 1
0.355997 16.856834 10.415011 1
6.169037 3.171257 4.673178 1
5.838828 16.340568 12.594310 8
0.749387 2.584290 2.264731 8
3.889059 15.152645 13.296849 8
2.571030 1.460927 1.760011 8
5.583094 16.287544 12.496015 6
0.869243 2.680895 2.496546 6
0.304000 15.737416 11.882216 6
6.112243 2.062728 2.892816 6
0.367799 15.818266 10.942282 1
6.011801 2.173613 4.011291 1
0.398221 14.709034 12.234278 1
6.164701 1.125787 2.740616 1
1.038308 16.220490 12.385015 1
5.314262 2.407791 2.655220 1
4.288247 16.801564 14.254077 6
2.159755 3.056206 0.562710 6
4.692958 17.760620 14.098069 1
1.705117 4.065463 0.911174 1
4.640834 16.747471 0.404424 1
1.866886 2.954592 14.652143 1
2.753223 16.785456 14.053524 6
3.594282 3.086329 0.778385 6
2.500663 17.339715 14.753834 1
4.017452 3.687003 0.185485 1
2.484210 15.859460 14.250410 1
3.824535 2.159438 0.834185 1
2.593510 17.136915 13.332797 1
3.845043 3.458081 1.660360 1
4.883311 15.678996 13.624899 8
1.498561 2.017246 1.287004 8
5.087768 17.318187 11.924145 8
1.333084 3.694818 2.890462 8
1.578774 18.184104 2.859360 6
4.887663 4.631318 12.165719 6
2.742794 18.431451 3.616340 6
3.722468 4.797308 11.350215 6
2.674581 19.261424 4.141702 1
3.679604 5.738644 10.843807 1
3.653822 17.496634 3.748632 6
2.816827 3.868080 11.183803 6
4.319263 17.702093 4.356493 1
1.991518 4.133909 10.604191 1
3.603929 16.370802 3.040316 6
2.803253 2.710278 11.931621 6
2.610781 16.191595 2.230048 6
3.960534 2.521250 12.663004 6
2.394896 15.429396 1.697493 1
3.924677 1.654245 13.211732 1
1.593458 17.135178 2.186952 6
4.912538 3.359151 12.878805 6
0.785439 16.855341 1.430148 1
5.610348 3.193126 13.371318 1
4.630055 14.178450 2.540652 6
1.870518 0.542207 12.430950 6
5.460493 13.737951 2.708506 1
1.025678 27.272965 12.372770 1
4.502742 14.373089 1.415859 1
1.841022 0.748803 13.474847 1
3.800482 13.625887 2.783754 1
2.573725 27.292009 12.271680 1
4.602486 15.398010 3.207598 8
1.831052 1.773204 11.751137 8
4.861587 27.176775 8.335195 6
1.708258 13.470409 6.633333 6
4.603316 1.158703 8.739597 6
1.859727 14.877003 6.057060 6
3.852385 1.424371 9.325408 1
2.685417 15.174007 5.711371 1
5.732924 2.098264 8.671917 6
0.860295 15.782899 6.374396 6
5.519840 2.919544 9.020383 1
0.786369 16.629421 6.077462 1
0.308216 1.597044 7.908516 6
6.140891 15.347394 6.988215 6
0.469951 0.331236 7.588660 6
6.028331 14.066636 7.351863 6
1.338764 0.093754 6.997203 1
5.191249 13.804596 7.909056 1
5.958177 26.839786 7.689598 6
0.542387 13.051403 7.143554 6
6.059218 25.845964 7.340473 1
0.482768 12.274972 7.435732 1
2.683126 2.580117 7.637900 6
3.886558 16.280449 7.392355 6
3.075955 3.438521 7.658582 1
3.403141 16.983314 7.241652 1
2.710898 2.228415 6.689912 1
3.767529 15.864132 8.284193 1
3.018095 1.843480 8.108206 1
3.509915 15.522795 6.833604 1
1.226338 2.872187 7.871561 8
5.301297 16.363658 7.087009 8
