0.233177 1.460870 5.575574 17
9.246234 1.537784 9.783775 17
6.359786 5.687258 5.545250 17
3.109419 5.576693 9.819268 17
6.561283 6.596961 25.302911 17
-2.335582 6.626920 21.036841 17
0.428032 2.641763 25.248674 17
3.799583 2.509637 21.145136 17
11.187650 1.931329 1.102822 8
-1.651698 1.879880 14.316374 8
5.001088 5.911160 1.117515 8
4.506232 5.982447 14.300022 8
-4.392243 6.330134 29.670442 8
8.565033 6.344477 16.597361 8
1.850056 2.224175 29.549866 8
2.423778 2.234003 16.522498 8
9.429815 3.062197 1.519616 7
0.245003 3.137134 13.916236 7
3.233665 7.274188 1.387520 7
6.301095 7.235995 14.031402 7
-2.391849 5.151701 29.513250 7
6.801967 5.124111 16.772491 7
3.795619 0.949702 29.361114 7
0.497064 0.962128 16.939149 7
8.878921 1.941869 3.959150 7
0.786456 1.923456 11.424055 7
2.672852 6.094681 3.940080 7
6.841263 6.109245 11.463164 7
-1.949337 6.250353 27.020409 7
6.177680 6.158245 19.233249 7
4.182644 2.138328 27.001568 7
0.086957 2.012359 19.261081 7
9.285238 4.129485 5.517626 7
0.444831 4.136220 9.745239 7
3.060755 8.167830 5.628908 7
6.496674 0.035189 9.790691 7
-2.359583 4.097317 25.177793 7
6.620905 3.960794 21.048700 7
3.797447 8.104313 25.170784 7
0.344920 8.090474 20.986995 7
10.533686 5.158385 3.417123 7
-0.981833 5.154513 12.127294 7
4.367944 1.007949 3.253329 7
5.158549 1.032796 12.030693 7
-3.637974 2.986059 27.542512 7
7.998469 3.047059 18.845615 7
2.491768 7.153405 27.424630 7
1.797124 7.105677 18.715553 7
10.205101 2.203516 1.862444 6
-0.546166 2.058728 13.537453 6
4.031632 6.288010 1.888687 6
5.632318 6.163027 13.577052 6
-3.259046 6.037451 28.983009 6
7.585267 6.054052 17.179562 6
2.849191 1.941766 29.001134 6
1.308143 2.063331 17.259857 6
9.807908 1.386041 3.082592 6
-0.259706 1.255645 12.460869 6
3.588118 5.480873 2.995739 6
6.021096 5.392233 12.305962 6
-2.900343 6.795038 27.866775 6
7.232088 6.873431 18.497181 6
3.333487 2.833602 27.714275 6
1.077884 2.730307 18.476272 6
8.521963 1.122895 5.172616 6
0.984817 1.203135 10.253242 6
2.392419 5.369487 5.164118 6
7.170250 5.246212 10.289378 6
-1.620453 6.945710 25.701011 6
5.925125 7.035171 20.474632 6
4.531413 2.924703 25.804258 6
-0.255883 2.923280 20.534252 6
8.154342 2.041293 6.296610 6
1.544533 1.988602 9.114321 6
1.934533 6.155057 6.225245 6
7.715167 6.249499 9.207119 6
-1.140724 6.119277 24.669164 6
5.471931 6.124561 21.591117 6
5.046000 1.948186 24.540550 6
-0.774568 2.000214 21.607545 6
9.230210 3.069215 6.658070 6
0.449535 3.180979 8.720179 6
3.053657 7.140215 6.742976 6
6.656869 7.121269 8.843736 6
-2.235053 4.995213 24.120767 6
6.392606 4.970455 22.130676 6
3.892005 0.943156 24.155379 6
0.388345 0.893525 22.081175 6
10.441520 5.183882 5.778586 6
-0.708133 5.103408 9.601623 6
4.120555 0.989501 5.727290 6
5.381530 0.996044 9.717375 6
-3.389670 3.045677 24.992613 6
7.678965 3.044180 21.085403 6
2.765129 7.149895 25.109194 6
1.527387 7.083464 21.241866 6
10.353666 5.968267 4.430219 6
-0.745318 5.958327 10.854093 6
4.255707 1.861108 4.455819 6
5.423978 1.991083 10.993389 6
-3.446579 2.246088 26.416785 6
7.672949 2.221633 19.914727 6
2.762309 6.201246 26.409918 6
1.555737 6.319280 19.909002 6
10.548488 5.844781 2.039299 6
-0.888245 5.996507 13.272222 6
4.320581 1.828469 2.015966 6
5.307535 1.873489 13.356512 6
-3.684604 2.268719 28.851784 6
7.752549 2.287957 17.487132 6
2.589133 6.297376 28.765886 6
1.771265 6.419615 17.536774 6
10.929698 5.103910 0.880651 6
-1.284769 4.962661 14.457064 6
4.774039 0.892915 0.866315 6
4.830128 0.972905 14.575236 6
-3.938057 3.099419 29.994110 6
8.241922 3.233202 16.364308 6
2.256026 7.312537 29.981278 6
2.071110 7.295213 16.218923 6
9.919330 4.036627 0.483987 6
-0.287330 3.972669 15.004097 6
3.771510 0.017823 0.484135 6
5.913065 8.149786 15.059026 6
-2.927790 4.051259 30.354131 6
7.092168 4.187309 15.801772 6
3.292083 0.088404 30.380674 6
0.941277 0.087077 15.812276 6
8.147246 3.394049 2.076886 6
1.600295 3.508719 13.402254 6
2.055675 7.550504 2.111655 6
7.710312 7.461538 13.368358 6
-1.181724 4.788327 28.646021 6
5.410633 4.758769 17.466032 6
4.876429 0.577262 28.767173 6
-0.628825 0.720984 17.418823 6
7.704614 2.365017 3.142847 6
1.843032 2.388030 12.407481 6
1.654564 6.489449 3.011300 6
8.084509 6.503387 12.391118 6
-0.704923 5.772960 27.749898 6
4.971407 5.703212 18.541959 6
5.355530 1.610055 27.642691 6
-1.069320 1.769470 18.496190 6
9.330077 3.733472 4.711663 1
0.179219 3.659898 10.605179 1
3.193064 7.663796 4.856285 1
6.494934 7.819770 10.727946 1
-2.373451 4.513149 26.005508 1
6.616222 4.469999 20.177841 1
3.741241 0.355545 26.052731 1
0.561792 0.367808 20.187606 1
8.487774 4.625614 5.421237 1
1.206185 4.639884 9.923174 1
2.338791 0.644796 5.569876 1
7.368589 0.577993 9.849745 1
-1.398863 3.442972 25.234764 1
5.707729 3.542303 20.892176 1
4.631368 7.637859 25.403446 1
-0.406957 7.526471 20.850312 1
11.580049 4.707824 3.271015 1
-1.850962 4.784283 11.982550 1
5.422834 0.604034 3.407055 1
4.217976 0.712081 12.009729 1
-4.461771 3.458113 27.537070 1
8.747587 3.406054 18.841171 1
1.629316 7.496002 27.432581 1
2.675130 7.511541 18.834488 1
10.665861 1.059714 3.436812 1
-1.030269 1.008505 11.911917 1
4.455067 5.170446 3.517549 1
5.085377 5.229135 11.807979 1
-3.746980 7.150133 27.244117 1
7.980071 7.190859 18.934520 1
2.382355 3.095157 27.321338 1
1.833113 2.940924 18.985647 1
9.470102 0.432566 2.590586 1
0.188746 0.393308 12.712072 1
3.316364 4.490065 2.697146 1
6.365776 4.464438 12.839720 1
-2.395089 7.766409 28.188578 1
6.804814 7.723490 18.032571 1
3.643560 3.614962 28.191314 1
0.589723 3.693822 18.113174 1
7.860528 0.525955 4.842305 1
1.718500 0.485574 10.650950 1
1.637116 4.610076 4.823026 1
7.907139 4.489932 10.591534 1
-0.821852 7.641121 25.987688 1
5.041595 7.645112 20.381701 1
5.277288 3.491702 25.908646 1
-0.967743 3.567779 20.369214 1
9.387329 0.717500 5.318973 1
0.155819 0.753046 10.024351 1
3.242459 4.929355 5.254232 1
6.334935 4.964799 10.149317 1
-2.461668 7.439517 25.464497 1
6.686935 7.409890 20.761751 1
3.726244 3.245189 25.433628 1
0.600585 3.316090 20.738554 1
7.172105 2.514920 6.034283 1
2.542003 2.603188 9.318622 1
1.015581 6.747213 6.033334 1
8.657502 6.666434 9.334432 1
-0.222270 5.678084 24.802229 1
4.437262 5.583419 21.494415 1
5.990630 1.525707 24.849647 1
-1.670227 1.543547 21.504002 1
7.965539 1.587721 7.098974 1
1.596175 1.426822 8.300344 1
1.711070 5.605283 7.021059 1
7.879867 5.627350 8.441119 1
-0.914310 6.623859 23.712755 1
5.297003 6.600741 22.500110 1
5.218034 2.558331 23.746520 1
-0.799186 2.624184 22.509135 1
8.921404 3.604960 7.466345 1
0.793936 3.571072 7.889829 1
2.742561 7.702661 7.546346 1
6.835507 7.756042 7.848419 1
-2.014201 4.552232 23.428896 1
6.252091 4.533312 22.898722 1
4.228032 0.410855 23.343346 1
0.139937 0.540719 22.820416 1
10.145099 2.714567 6.752542 1
-0.388338 2.620519 8.746467 1
3.994974 6.701924 6.756049 1
5.650211 6.696047 8.679081 1
-3.085973 5.580062 24.059607 1
7.485020 5.563466 22.131588 1
3.115629 1.513242 24.195435 1
1.149396 1.529518 22.105794 1
10.056930 5.694356 6.483433 1
-0.588834 5.686085 8.811982 1
4.011664 1.645912 6.564377 1
5.719744 1.669506 8.864471 1
-3.190872 2.443881 24.222208 1
7.480058 2.488898 21.995235 1
2.903546 6.617814 24.286042 1
1.321177 6.572823 21.915266 1
11.147848 4.672399 5.907540 1
-1.618060 4.601252 9.550647 1
5.148520 0.582245 5.926131 1
4.577617 0.490614 9.511362 1
-4.346377 3.527851 25.018127 1
-3.711114 3.694241 21.352250 1
1.817554 7.756546 25.044830 1
2.310009 7.723175 21.233400 1
9.496306 6.497488 4.440345 1
0.131147 6.345867 11.034610 1
3.304611 2.358720 4.406695 1
6.187749 2.246934 10.921041 1
-2.532026 1.695511 26.488211 1
6.870179 1.800398 19.750769 1
3.573328 5.822203 26.345597 1
0.572131 5.779735 19.753936 1
11.068258 6.779187 4.621754 1
-1.528726 6.698230 10.826627 1
4.933562 2.579320 4.706725 1
4.727654 2.708751 10.868215 1
-4.196238 1.363575 26.203986 1
8.395358 1.462353 19.952380 1
1.896473 5.476063 26.126154 1
2.277674 5.627447 20.085693 1
9.653310 6.208872 1.968494 1
0.043719 6.202443 13.435104 1
3.376785 2.198002 2.021821 1
6.214751 2.218737 13.340069 1
-2.696014 1.945382 28.852215 1
6.873789 1.880997 17.460775 1
3.545198 6.040319 28.867814 1
0.776433 6.077905 17.341307 1
11.219279 6.809968 2.066185 1
-1.520480 6.822557 13.295624 1
5.098542 2.710540 2.163228 1
4.499479 2.757839 13.314023 1
-4.299317 1.324385 28.706986 1
8.568043 1.290803 17.539534 1
1.954364 5.516639 28.758674 1
2.451977 5.534911 17.484468 1
11.186263 5.538492 0.074819 1
-1.573599 5.586430 15.330341 1
-0.510147 1.485475 30.818353 1
4.606460 1.463406 15.279469 1
1.129155 2.502313 0.007604 1
8.398197 2.618892 15.543665 1
2.053666 6.602088 30.792576 1
2.222621 6.736809 15.469342 1
11.742904 4.393629 1.026209 1
-2.257679 4.474862 14.443622 1
5.715976 0.453907 1.058660 1
4.019050 0.471710 14.379263 1
-4.908337 3.777651 29.856854 1
9.143107 3.704871 16.538663 1
1.284958 7.723319 29.770670 1
3.019522 7.866950 16.357845 1
4.903366 3.587082 30.322992 1
-0.476503 3.525495 15.793868 1
-1.269393 7.637214 30.360850 1
5.674776 7.532783 15.797927 1
2.097516 4.619857 0.389052 1
7.545835 4.734795 15.038131 1
8.219786 0.628942 0.481412 1
1.337158 0.492141 15.046961 1
9.060646 4.583201 0.005065 1
0.674806 4.547139 15.339958 1
2.840582 0.325113 0.081896 1
6.672987 0.431886 15.278044 1
-2.144521 3.784235 30.762889 1
6.313395 3.685151 15.389226 1
3.992275 7.745880 30.764242 1
0.134037 7.734391 15.534433 1
7.472907 3.588228 1.359803 1
2.138362 3.434783 14.013527 1
1.225370 7.721688 1.285044 1
8.426389 7.575036 14.048026 1
-0.533569 4.594489 29.455146 1
4.827038 4.651344 16.866940 1
5.645350 0.494089 29.402093 1
-1.450200 0.491114 16.895760 1
8.316814 4.358402 2.493468 1
1.455087 4.463091 12.914457 1
2.085322 0.208903 2.606470 1
7.596889 0.266059 12.896428 1
-1.298637 3.873007 28.319452 1
5.568207 3.894717 18.058636 1
4.755515 7.987672 28.198379 1
-0.506067 7.823657 17.916170 1
7.246692 1.531383 2.639049 1
2.356977 1.585539 12.735824 1
1.206782 5.704625 2.668307 1
8.434341 5.599308 12.898185 1
-0.453699 6.555474 28.257697 1
4.622982 6.598982 18.014160 1
5.819165 2.508713 28.282002 1
-1.581838 2.593125 17.972852 1
6.901409 2.709846 3.827110 1
2.627734 2.784856 11.573057 1
0.801031 6.757513 3.810097 1
8.793141 6.778679 11.694728 1
0.052880 5.371259 27.140527 1
4.286567 5.415265 19.264894 1
6.216356 1.383020 27.112769 1
-1.797478 1.281479 19.226888 1
0.969512 3.070214 2.823445 8
8.704497 2.890542 12.588913 8
7.031358 7.081784 2.811729 8
2.559290 7.027013 12.567342 8
6.090092 5.109020 27.988459 8
-1.676651 5.219155 18.238746 8
-0.199052 1.155357 28.005264 8
4.378241 1.106940 18.217823 8
0.369578 2.538189 2.186305 1
9.211635 2.583805 13.244639 1
6.535966 6.569324 2.149522 1
3.119288 6.590702 13.217694 1
6.476556 5.606447 28.519799 1
-2.396763 5.712033 17.751042 1
0.345188 1.447334 28.541090 1
3.939499 1.553462 17.709540 1
0.703457 2.587869 3.743046 1
8.833162 2.475014 11.704040 1
7.028367 6.600482 3.820576 1
2.618320 6.598703 11.637821 1
6.140791 5.758881 27.203130 1
-1.860383 5.753164 19.210442 1
-0.067857 1.533120 27.030345 1
4.309663 1.492079 19.182776 1
10.877727 7.763162 7.778127 8
4.853286 3.629330 7.683915 8
-3.962425 0.377273 23.209685 8
2.144196 4.419849 23.127080 8
-0.797884 0.299369 7.222097 1
10.495455 0.320756 8.291380 1
5.315720 4.332778 7.247327 1
4.355491 4.311370 8.188292 1
7.818278 7.876214 23.607499 1
-3.480935 7.973606 22.513985 1
1.710090 3.916275 23.677424 1
2.538929 3.923629 22.586804 1
