10.149025 7.419019 2.833575 14
-1.975099 3.341817 10.168826 14
3.943545 4.953405 9.909877 8
4.189545 1.128681 3.167932 8
5.374494 3.667491 12.506031 8
2.893727 7.577202 0.539150 8
1.505082 5.523167 12.060818 8
6.733711 1.645900 1.039846 8
7.849151 1.238827 13.048489 8
-5.669557 5.188851 13.003841 8
11.257195 0.574449 2.076843 8
-2.920754 4.461337 10.939859 8
9.754146 6.238548 1.725838 8
-1.517858 2.292400 11.362811 8
2.622981 1.449570 11.456510 8
5.737072 5.410464 1.582112 8
6.842048 7.006894 10.964296 8
1.469462 3.067402 2.136052 8
3.717373 5.477920 10.945184 6
4.507116 1.657699 2.138529 6
5.854425 2.566131 12.775252 6
2.484121 6.388435 0.330860 6
2.678040 4.831384 11.800581 6
5.538341 0.801357 1.307750 6
2.649265 4.032770 11.675202 1
5.668955 0.088583 1.374683 1
13.172118 2.317361 0.343993 6
-4.858462 6.207581 12.606960 6
13.483270 3.187658 0.774241 1
-5.221314 7.029695 12.226913 1
8.393456 5.399997 0.067226 6
-0.311969 1.386792 12.994239 6
8.179172 4.832955 0.670561 1
-0.028834 0.748581 12.427734 1
13.235569 1.017628 1.231690 6
-5.009106 5.000353 11.832125 6
-0.642139 1.014144 2.074064 1
8.759702 4.871459 11.099552 1
8.976527 6.713155 0.527545 6
-0.811505 2.840707 12.459460 6
8.387609 7.163413 0.865419 1
-0.025167 3.274311 12.243152 1
12.220459 0.124271 1.191241 6
-3.923363 4.027458 11.853421 6
12.472894 7.100389 1.329031 1
-4.345437 2.985511 11.680866 1
3.794232 7.412454 12.634042 6
4.475931 3.566063 0.329192 6
5.428644 7.740482 12.816584 6
2.790930 3.883817 0.295115 6
4.287286 6.856474 11.304069 6
4.047761 2.830438 1.748744 6
5.080010 1.217085 12.193976 6
3.154812 5.183897 0.968102 6
5.243439 0.997956 10.495370 6
3.027200 5.103230 2.533435 6
5.143285 1.931177 10.199364 1
3.026849 5.785990 2.833518 1
4.050235 0.084380 10.272829 6
4.082235 3.980036 2.877839 6
4.322845 7.636671 9.264770 1
4.022975 3.612065 3.738984 1
2.860744 0.962361 10.250049 6
5.507116 4.759440 2.830475 6
2.946353 1.676965 9.572457 1
5.345073 5.573767 3.473768 1
6.623316 0.423015 10.203610 6
1.731595 4.298893 3.024961 6
6.428045 0.106762 9.216155 1
1.934288 4.002781 3.788923 1
1.567039 0.025634 9.872414 6
6.612048 4.052247 3.300472 6
1.348150 7.363728 10.502428 1
6.818780 3.425393 2.539705 1
1.522309 7.566075 9.019924 1
6.581340 3.698944 4.098822 1
0.874941 0.662262 9.839380 1
7.325671 4.580728 3.297650 1
7.787900 1.328036 10.127634 6
0.367041 5.200636 2.943303 6
7.724108 1.935587 9.418586 1
0.489693 5.804931 3.680480 1
8.499908 0.675773 10.073172 1
-0.281400 4.581211 3.164257 1
8.078128 1.600414 10.930925 1
0.100014 5.471939 2.077407 1
5.774117 6.790860 11.826616 6
2.500596 2.764111 1.340020 6
5.852789 5.769663 12.086557 1
2.457353 1.912572 0.865524 1
3.499618 1.052042 12.572641 6
4.581113 5.082268 0.524665 6
9.479995 1.489334 0.213252 1
-1.214338 5.349121 12.835231 1
8.924015 0.637133 3.536183 6
-0.705818 4.501914 9.481915 6
8.590248 1.191576 2.875596 1
-0.432924 5.054753 10.219278 1
11.165268 6.234752 4.133838 6
-3.048514 2.424577 9.048941 6
11.701440 5.863144 3.416574 1
-3.501799 1.941222 9.677371 1
9.392362 1.474334 4.804450 6
-1.121703 5.332540 8.382036 6
8.690186 2.019527 4.879364 1
-0.462058 6.088756 8.106196 1
10.096781 1.998119 4.314273 1
-1.816551 5.933178 8.612454 1
9.525345 0.987936 5.543027 1
-1.435990 4.855755 7.511565 1
11.972484 7.059528 4.949503 6
10.469894 3.006246 8.042576 6
11.450945 7.372332 5.651461 1
-3.250191 3.450300 7.377733 1
-1.687258 7.796976 4.602393 1
9.945515 3.835826 8.449701 1
-1.629895 6.432561 5.535503 1
9.977235 2.386754 7.627768 1
7.588781 7.590447 4.034820 6
0.699495 3.769565 8.963158 6
7.913548 7.076198 4.892366 1
0.317753 3.149792 8.167781 1
7.197870 7.196227 3.009801 1
1.032935 3.315699 9.966762 1
6.994976 0.503128 4.386987 1
1.282882 4.330488 8.696170 1
10.479703 4.991366 4.573321 6
-2.304408 1.184061 8.505366 6
11.172781 4.306055 4.634408 1
-3.049785 0.452585 8.328761 1
9.968840 4.817752 3.840461 1
-1.640125 0.787662 9.239935 1
9.998476 5.235730 5.329158 1
-1.859952 1.277868 7.629488 1
2.956808 2.269866 6.460979 17
5.237760 6.130968 6.741617 17
0.372807 1.805789 5.337444 17
7.935115 5.751584 7.662390 17
1.957910 7.440474 5.845424 17
6.265544 3.434353 7.271723 17
1.996358 1.223983 5.396972 6
6.244675 5.072050 7.792448 6
2.233721 0.672993 4.358735 1
5.920094 4.667497 8.726842 1
