8.024555 5.655367 1.523180 9
5.795818 2.127216 6.044775 9
1.834065 1.346568 13.375914 9
3.943129 4.997903 8.838320 9
10.537192 4.982461 2.177792 9
3.163054 1.585593 5.258324 9
-0.675911 1.956296 12.813335 9
6.466274 5.511277 9.573305 9
3.854348 4.455624 12.611383 9
1.996326 0.996305 9.659152 9
5.968112 2.422819 2.167603 9
7.878542 5.915503 5.197930 9
-0.685636 1.259236 1.450403 9
14.432131 4.761737 5.910695 9
-7.129139 5.806435 13.353773 9
-4.762929 2.319187 8.977930 9
7.096790 1.723973 14.467931 9
-1.292020 5.205384 7.712651 9
2.775632 5.211797 0.198081 9
11.145172 1.703105 7.156083 9
10.011513 2.595206 11.155402 9
-4.234579 6.048101 11.036339 9
-0.316963 4.268451 3.574133 9
13.983914 0.866870 3.843872 9
1.398686 5.126619 11.695778 7
4.429410 1.637606 10.644972 7
8.410980 1.906607 3.161458 7
5.401102 5.279204 4.151676 7
-0.683555 5.693756 13.467813 7
6.570931 2.061674 8.753686 7
10.477795 1.366127 1.279681 7
3.271863 4.891944 6.122894 7
3.251156 4.746211 14.790876 7
2.644910 1.209064 7.505132 7
6.637208 2.299356 0.031601 7
7.103506 5.767688 7.333961 7
-5.488311 1.936965 12.777423 7
11.213998 5.423550 9.589107 7
15.235868 4.885942 2.175558 7
-1.589850 1.500173 5.375422 7
2.081514 1.533060 0.632730 7
11.817395 4.893323 6.802738 7
7.801732 5.619419 14.137781 7
-1.884843 1.948647 8.136619 7
8.468455 2.320960 12.867972 7
-2.825208 5.673507 9.386163 7
1.153683 4.686967 2.004048 7
12.589214 1.229269 5.529225 7
0.142817 5.996306 11.380638 6
5.645912 2.385940 10.985272 6
9.558945 1.124591 3.515949 6
4.215347 4.479203 3.899914 6
-0.895441 5.537597 12.059316 6
6.840524 2.097228 10.127149 6
10.700867 1.448288 2.739497 6
2.967049 4.965221 4.707851 6
8.952025 5.332731 0.546335 6
4.858104 1.887564 6.894977 6
0.964868 1.670715 14.370183 6
4.985045 5.180532 7.952700 6
10.257983 4.911926 0.730140 6
3.498064 1.432508 6.669398 6
-0.361467 1.976102 14.003503 6
6.198228 5.468307 8.155026 6
2.804015 4.782730 13.562708 6
3.026556 1.176991 8.753050 6
6.885222 2.311154 1.382494 6
6.893083 5.640247 6.176822 6
1.542599 5.120877 13.014782 6
4.249639 1.542129 9.308565 6
8.246980 2.009814 1.853441 6
5.557622 5.476906 5.638669 6
0.540173 5.339798 14.013467 6
5.242681 1.785488 8.371038 6
9.197761 1.704249 0.915024 6
4.617803 5.269175 6.593537 6
1.525512 3.914638 10.852156 6
4.272034 0.341617 11.448261 6
8.270794 3.103176 3.873552 6
5.441186 6.684783 3.380732 6
-1.795440 5.613157 14.444794 6
7.721281 2.071952 7.800561 6
11.562028 1.377865 0.372770 6
2.137774 4.844044 6.980080 6
-4.622529 1.308457 13.494352 6
10.305364 4.677959 8.723670 6
14.406707 5.777250 1.264091 6
-0.618306 2.341385 6.164378 6
3.365215 1.645969 0.191312 6
10.280964 5.159665 7.396265 6
6.395803 5.422232 14.799816 6
-0.693766 1.857622 7.437036 6
17.375168 1.623551 0.198264 6
-3.595115 5.171092 7.172365 6
-7.534272 5.296540 14.697345 6
13.298482 1.859628 7.599921 6
8.332330 1.915527 14.067751 6
-2.507985 5.313849 8.074135 6
1.294613 5.172191 0.731216 6
12.383835 1.621156 6.684908 6
9.746971 2.245530 12.600433 6
-3.954597 5.755468 9.736976 6
-0.050563 4.741555 2.274651 6
13.704416 1.115238 5.197190 6
-6.818582 1.982071 13.358589 6
12.553170 5.491428 8.949490 6
16.522000 4.875797 1.488096 6
-2.897378 1.504885 5.792106 6
-7.090720 1.781713 14.606584 6
12.771686 5.212593 7.696610 6
16.794673 5.247544 0.130183 6
-2.959717 1.853253 7.202677 6
-5.035380 3.320652 12.182939 6
10.710550 6.840974 10.007948 6
14.687141 3.656296 2.521243 6
-1.080841 0.131902 4.861956 6
1.989084 1.374343 2.103354 6
11.855573 4.895980 5.240788 6
7.824797 5.603792 12.668290 6
-2.059521 2.041429 9.534896 6
0.353712 6.897036 11.537374 1
5.321062 3.437162 10.684952 1
9.450366 0.109162 3.338126 1
4.419110 3.699580 3.993561 1
0.015757 5.772423 10.335460 1
5.687914 2.455685 11.919475 1
9.664311 1.059180 4.533653 1
3.974598 4.540350 3.002296 1
-1.840222 6.079416 12.020934 1
7.441998 2.629751 10.333562 1
11.589028 1.013881 2.887929 1
2.162221 4.430368 4.574673 1
-1.296080 4.558297 11.805579 1
7.038497 1.054135 10.394901 1
11.039911 2.412573 3.050203 1
2.801730 5.916320 4.463728 1
2.322140 3.469911 11.080100 1
3.583920 6.872816 11.212791 1
7.465049 3.700109 3.807025 1
6.249179 0.167269 3.788168 1
0.709185 3.206150 11.087701 1
5.073165 6.833992 11.258465 1
9.118652 3.757434 3.881750 1
4.623504 0.148206 3.600524 1
1.653346 4.064805 10.013399 1
4.145449 0.527335 12.427696 1
8.197988 2.822314 4.888993 1
5.557706 6.314241 2.495851 1
-2.683062 5.810798 13.887479 1
8.440205 2.232064 8.334922 1
12.489064 1.142657 0.887543 1
1.336361 4.693639 6.434434 1
6.191334 6.538014 0.145096 1
7.670474 3.020964 7.190396 1
3.727941 0.424149 14.780836 1
2.202204 3.956634 7.606683 1
5.969812 4.832343 0.066116 1
7.799158 1.292125 7.251673 1
3.805502 2.221720 14.813489 1
2.010301 5.674091 7.576891 1
-3.710544 1.374546 13.174077 1
9.452264 4.927947 9.161325 1
13.455079 5.698840 1.638788 1
0.255901 2.155071 5.767594 1
-4.904623 0.202137 13.388541 1
10.601078 3.746994 8.766988 1
14.545116 6.791904 1.368454 1
-0.870374 3.179116 6.028813 1
3.656866 2.567919 0.156608 1
10.058786 6.091282 7.122580 1
6.052390 4.365101 14.719668 1
-0.278464 0.930399 7.686457 1
3.967534 1.120845 0.697606 1
9.859464 4.569880 6.771260 1
5.789870 5.956424 14.196674 1
-0.093557 2.352513 8.003696 1
-4.565705 3.892781 12.924307 1
10.531909 0.341659 9.193456 1
14.517115 3.180762 1.928964 1
-0.645320 6.578831 5.553741 1
-5.619573 3.739635 11.691788 1
11.375737 0.258164 10.560783 1
15.318011 3.136036 3.026938 1
-1.547775 6.747433 4.308567 1
-4.167024 3.202767 11.737072 1
9.899426 6.576267 10.502942 1
13.876897 3.925936 3.068375 1
-0.262939 0.426275 4.321480 1
2.726094 1.286005 2.476463 1
11.035009 4.826918 4.893087 1
6.990108 5.654362 12.443627 1
-1.232109 2.181328 9.852098 1
1.596839 0.512226 2.277239 1
12.083176 3.964614 4.974125 1
8.259083 6.509561 12.415628 1
-2.318040 2.984240 9.855938 1
1.432824 2.057216 2.530107 1
12.292485 5.533234 5.030641 1
8.481407 5.002975 12.313603 1
-2.684941 1.421556 9.950617 1
