8.866053 10.172152 1.701609 7
8.645361 0.493082 17.379055 7
2.653139 1.740904 0.544851 7
14.868765 8.945254 18.516773 7
11.794041 3.104191 8.071874 6
5.860549 7.563429 10.894819 6
11.433960 3.551871 8.797356 1
6.240530 7.020046 10.261743 1
13.052719 3.804491 7.771883 6
4.577645 6.768415 11.336520 6
13.113555 4.132759 6.453518 6
4.509016 6.372396 12.704002 6
11.932040 3.825938 5.681145 6
5.833055 6.767477 13.326221 6
10.976499 3.313485 6.745915 6
6.648278 7.260517 12.263571 6
10.554046 2.579991 6.548441 1
7.029222 8.077311 12.554642 1
10.742130 0.842055 8.725373 6
6.832867 9.812092 10.304489 6
3.627532 4.839110 5.741009 6
13.925761 5.769053 13.248584 6
3.610117 3.898129 8.511774 6
13.992451 6.633101 10.543572 6
3.661268 3.750793 9.403093 1
13.974872 6.999201 9.577363 1
14.486271 10.802499 8.038436 6
3.163368 -0.217250 11.102731 6
11.702833 4.055522 4.327751 6
5.768934 6.526154 14.553133 6
11.085376 3.870603 3.980237 1
6.568855 6.788925 15.073131 1
9.660333 4.490087 6.970699 6
7.861113 6.197660 12.006787 6
10.278363 5.651754 7.589596 6
7.220535 4.886285 11.393043 6
5.041553 10.672514 7.033906 6
12.459807 -0.176136 11.906100 6
10.862801 6.646303 8.006578 7
6.782605 4.005079 11.040415 7
13.526037 9.888822 8.140922 6
4.037521 0.789701 10.894110 6
11.992496 1.612359 8.357018 6
5.519814 8.999569 10.601285 6
12.573948 1.571406 9.072135 1
5.050097 8.955328 9.974169 1
4.705669 4.936147 6.636576 6
12.757764 5.765555 12.473286 6
5.484194 5.357061 6.087330 1
12.095565 5.302195 12.805741 1
2.341360 4.637781 3.707749 6
15.323053 5.933448 15.232475 6
2.376149 4.884981 2.789527 1
15.216886 5.762245 16.286498 1
2.165500 0.741193 7.227256 6
15.562110 9.888817 11.859600 6
2.075833 1.416445 6.293004 1
15.597011 9.335923 12.690308 1
2.955201 0.594857 7.356934 1
14.647958 9.941206 11.659451 1
3.533061 5.041759 4.414581 6
14.111238 5.672543 14.623908 6
4.265407 5.471258 3.883324 1
13.434653 5.211010 15.084779 1
4.819754 4.522866 7.785610 6
12.727960 6.117202 11.190878 6
5.493168 4.653712 8.374568 1
12.101864 5.992582 10.557000 1
8.731051 3.860003 8.172885 6
8.852581 6.757103 10.938408 6
9.135953 3.950420 8.950043 1
8.410904 6.810709 9.963990 1
8.362357 3.144750 7.797586 1
9.077162 7.563148 11.052425 1
8.098139 4.542428 8.260270 1
9.613277 6.180788 10.771895 1
9.890478 1.015459 9.594283 6
7.774654 9.591013 9.371246 6
9.856781 1.822765 10.174680 1
7.693565 8.919283 8.845609 1
12.587544 10.017422 8.938180 6
4.976781 0.691617 9.935775 6
11.941327 9.394407 9.107191 1
5.783072 1.249058 9.931266 1
8.843502 4.705173 5.692452 6
8.689224 5.945407 13.240488 6
8.171199 5.274229 6.031750 1
9.462745 5.264256 13.102287 1
8.643177 4.004369 5.420802 1
8.968196 6.653650 13.527928 1
9.424667 5.241512 5.119519 1
8.090209 5.526797 13.970603 1
13.789962 8.638387 7.294046 6
3.960903 1.893924 11.766554 6
13.066649 8.031634 7.139767 1
4.557353 2.563252 11.865157 1
8.896686 0.038224 9.882927 6
8.842846 10.577839 9.283817 6
8.164617 0.074839 10.528052 1
9.523231 10.638311 8.616617 1
5.054892 9.751459 6.175123 6
12.494372 1.000154 12.812794 6
5.783763 9.540259 5.656058 1
11.706349 1.051336 13.342954 1
4.158553 8.742799 6.209446 6
13.432760 2.027350 12.644499 6
4.251885 7.848249 5.726085 1
13.296118 2.714319 13.204080 1
5.284185 2.267958 2.633276 6
12.214985 8.519410 16.235676 6
4.940898 3.000326 2.930900 1
12.752939 7.533587 16.153309 1
5.523400 4.565592 0.578951 6
12.004882 5.987801 18.536489 6
6.342298 2.214384 1.469114 6
11.317995 8.422875 17.551503 6
5.954971 1.893029 0.700892 1
11.585629 8.849948 18.388609 1
5.369907 5.839582 1.235376 6
12.091183 4.935999 17.776366 6
6.200933 1.776748 3.869073 6
11.303140 8.934966 15.212465 6
6.466762 5.941472 2.222751 6
11.249503 4.788463 16.747379 6
4.240610 1.107246 2.366333 6
13.296069 9.563301 16.585115 6
7.425882 1.417860 3.424564 6
10.180745 9.238587 15.600998 6
6.735010 3.797378 1.175709 6
10.853379 6.885644 17.988964 6
7.398506 3.756823 0.360274 1
10.295432 6.924788 18.600375 1
7.519981 1.645189 2.004645 6
10.016737 8.951541 17.108604 6
7.972959 3.858469 18.641536 6
9.546076 6.931832 0.516979 6
8.072508 2.936462 18.135600 1
9.695241 7.694655 0.925851 1
8.573075 0.967608 4.280372 6
9.134711 9.737982 14.809138 6
4.465186 6.663529 0.932487 6
13.119743 3.808458 18.109520 6
8.278735 0.785189 5.566468 6
9.469192 9.851538 13.454650 6
8.922933 0.448612 6.177912 1
8.834869 10.206512 12.879616 1
5.894215 1.651833 5.180434 6
11.635851 8.852930 13.722450 6
5.269096 2.031726 5.671491 1
12.496826 8.601593 13.427494 1
8.629707 10.930763 2.155478 6
9.095958 -0.377493 16.940607 6
3.364669 0.996950 3.620817 6
14.368008 9.794624 15.324813 6
2.530774 0.436622 3.446092 1
15.045101 10.216106 15.655265 1
2.945954 1.718382 4.021744 1
14.665587 8.889715 15.019791 1
3.734283 0.548708 4.306197 1
13.874546 10.020092 14.657434 1
8.736100 1.364980 1.346991 6
8.770391 9.312607 17.523989 6
8.961286 1.297138 0.443501 1
8.771833 9.254245 18.473688 1
7.183005 4.729493 2.265335 6
10.288820 6.062828 16.711360 6
7.175176 4.145953 3.083986 1
10.400480 6.511594 15.872036 1
8.255719 4.829021 2.127378 1
9.383641 5.835136 16.884160 1
6.838082 5.832553 18.941412 6
10.787055 4.810944 0.136207 6
6.302956 6.489193 18.684918 1
11.413745 4.058047 0.214292 1
3.426676 1.649056 1.313306 6
14.350389 9.106543 17.806225 6
5.415188 8.081058 2.644518 6
12.040545 2.584567 16.413056 6
5.588257 8.872861 3.232911 1
12.007776 1.730679 15.831630 1
7.091603 4.765333 18.175944 6
10.572360 5.809421 0.818436 6
6.377522 4.523824 17.661164 1
11.119022 6.101101 1.437108 1
4.482473 7.965633 1.731596 6
13.080355 2.709063 17.296171 6
3.965415 8.586297 1.622543 1
13.603701 2.105705 17.304516 1
9.725020 0.578743 3.570945 6
7.924025 10.167974 15.525189 6
10.382397 0.083807 4.090339 1
7.287232 10.500109 14.928175 1
6.948274 1.306546 6.046254 6
10.539630 9.411717 12.969072 6
6.786550 1.214045 7.009025 1
10.712489 9.476392 12.119311 1
6.479109 7.074053 2.927136 6
11.136338 3.656341 16.043192 6
7.141811 7.216346 3.591006 1
10.474926 3.434397 15.470790 1
9.891307 0.800151 2.229602 6
7.854406 9.837359 16.760010 6
10.672396 0.534056 1.707105 1
6.944200 10.217870 17.162533 1
