1.789012 5.027142 0.605393 6
9.649069 10.858305 7.341666 6
7.925616 6.616469 15.192883 6
-0.024372 0.831400 8.586093 6
1.164607 4.373375 0.869634 1
10.437639 10.197556 7.235026 1
8.702189 7.298873 15.110922 1
-0.633310 1.403992 8.829243 1
-1.614104 5.852670 15.454443 6
9.608712 11.600214 8.329941 6
11.343696 5.826007 0.466758 6
0.094586 0.039054 7.421362 6
-2.416719 5.641617 14.735494 1
10.418652 11.523821 9.151902 1
12.188636 6.021848 1.216906 1
-0.701556 0.111374 6.763842 1
-0.831357 6.969339 15.204114 6
8.693439 0.960677 8.611461 6
10.444549 4.825193 0.633093 6
0.927956 10.563807 7.198923 6
3.693571 7.039419 0.244887 6
7.786485 1.062811 7.759850 6
6.070959 4.736584 15.659854 6
2.027116 10.528380 8.199121 6
-0.824598 8.079448 14.339731 6
8.856162 2.252666 9.431415 6
10.558320 3.688926 1.487817 6
0.780775 9.476743 6.429296 6
-1.439874 8.090767 13.597094 1
9.503827 2.286701 10.271658 1
11.207012 3.606889 2.211958 1
0.204505 9.471934 5.606647 1
-0.103773 9.115458 14.577546 6
8.119354 3.411660 9.243188 6
9.740392 2.426477 1.333351 6
1.566339 8.313090 6.656939 6
-0.227779 10.037319 14.105271 1
8.253173 4.112709 9.899144 1
9.916622 1.744700 1.813319 1
1.395884 7.523156 6.124755 1
0.761502 9.376574 15.778484 6
7.142171 3.559297 8.227387 6
9.024540 2.377071 0.146786 6
2.431506 8.167813 7.873478 6
4.410687 8.151642 0.516548 6
7.026573 2.270939 7.335881 6
5.355623 3.580131 15.487955 6
2.722070 9.400844 8.482324 6
4.739613 10.430360 0.470002 6
6.814822 4.675937 7.426329 6
4.946359 1.195121 15.389932 6
2.944496 7.090336 8.452117 6
4.536361 11.346276 0.115614 1
6.870959 5.540618 7.973928 1
8.607289 0.383468 0.003407 1
2.934576 6.078351 8.073205 1
5.131732 10.384001 1.926620 6
6.358323 4.704797 6.103026 6
4.535709 1.202317 14.014557 6
3.357759 7.031676 9.802177 6
5.412646 11.362556 2.252076 1
6.078635 5.516077 5.684576 1
4.360976 0.308081 13.566204 1
3.671336 6.148285 10.213790 1
5.011873 9.160042 2.614516 6
6.341014 3.419521 5.448072 6
4.534351 2.408046 13.405839 6
3.324409 8.259194 10.556087 6
4.928777 8.160988 1.913600 6
6.572419 2.216365 6.186427 6
4.817461 3.507936 14.053524 6
3.069997 9.345373 9.737133 6
5.135774 9.010848 4.062127 6
6.314798 3.175843 4.009169 6
4.558101 2.709489 11.940182 6
3.342376 8.413387 11.964242 6
5.224895 9.794285 4.677150 1
6.172933 3.989669 3.234428 1
4.339644 1.811864 11.172932 1
3.500708 7.762883 12.731818 1
4.698573 7.759029 4.622739 6
6.889719 2.070587 3.380230 6
5.120744 3.874033 11.348901 6
2.897420 9.616725 12.634043 6
4.483627 7.831592 5.511064 1
6.914643 1.923825 2.469795 1
5.260285 3.901575 10.404921 1
2.812416 9.713261 13.548804 1
4.201862 6.693258 3.834456 6
7.229058 0.885586 4.251777 6
5.558201 4.928167 12.156652 6
2.384653 10.843605 11.828641 6
4.361435 6.898610 2.436418 6
7.061753 1.100049 5.439528 6
5.278720 4.826763 13.552227 6
2.617794 10.674586 10.320904 6
3.230588 5.518804 4.041065 6
8.115158 11.471703 3.902387 6
6.365782 5.958649 11.836122 6
1.622202 0.295382 12.034226 6
3.140502 5.300386 5.098696 1
8.226677 11.318647 2.886776 1
6.613964 6.250934 10.773384 1
1.398930 0.526519 13.072987 1
2.695128 4.937017 3.224939 6
8.729081 10.673354 4.749001 6
7.059772 6.837679 12.694200 6
0.960967 0.988468 11.096371 6
1.934931 4.286377 3.539444 1
9.467709 10.033952 4.503244 1
7.739172 7.545256 12.513045 1
0.276623 1.601275 11.353231 1
2.628241 5.298330 1.764761 6
8.830547 11.192333 6.145763 6
6.979469 6.337146 14.250438 6
1.023182 0.466119 9.699443 6
3.610141 6.161036 1.483957 6
7.814980 0.272296 6.435535 6
6.052029 5.461907 14.432060 6
2.073768 11.413701 9.446002 6
8.920601 6.251429 3.235531 6
2.542277 0.419145 4.721669 6
0.931814 5.575341 12.642439 6
7.176090 11.246491 11.218456 6
8.589193 5.387387 3.679276 1
2.802905 11.187561 4.176852 1
1.145061 6.390200 12.321454 1
6.751052 0.457016 11.560604 1
8.064402 6.818847 2.368504 6
3.391021 0.902323 5.754201 6
1.705600 4.919345 13.589302 6
6.370185 10.689468 10.136907 6
7.210510 6.155498 1.899819 1
4.147678 0.327712 6.056878 1
2.429941 5.349485 13.971261 1
5.435125 11.200270 9.865706 1
8.526078 7.908422 1.472294 6
2.944950 2.148409 6.426979 6
1.234212 3.827118 14.312730 6
6.764201 9.614229 9.531880 6
9.634123 8.529597 2.020091 6
1.827741 2.609694 5.958677 6
0.114431 3.170249 14.010296 6
7.864209 9.004378 10.013043 6
7.994324 8.387974 0.261844 6
3.340956 2.433809 7.696023 6
1.715216 3.378809 15.621888 6
6.372784 9.108644 8.092024 6
3.896939 8.048235 15.741744 1
4.257227 2.209194 8.252440 1
5.938800 3.667483 0.204569 1
5.472553 9.608074 7.715974 1
5.317991 9.154968 15.279511 6
2.532029 3.380732 8.510454 6
4.334108 2.427125 0.463498 6
7.152095 8.271141 7.445594 6
5.042615 9.354282 14.549029 1
2.791285 3.606095 9.524230 1
4.583983 2.306590 1.385483 1
6.866963 8.184972 6.530606 1
6.665393 9.595836 15.888268 6
1.384485 3.922721 8.097646 6
3.129055 1.951915 0.024392 6
8.465733 7.918493 7.951534 6
10.358521 9.466515 1.244890 6
1.010330 3.579095 6.674899 6
-0.652790 2.289509 14.706090 6
8.671123 8.071377 9.175574 6
7.715597 10.118926 15.173353 6
0.292778 4.373736 8.873104 6
1.884176 1.422428 0.830953 6
9.600338 7.347684 7.130749 6
7.632271 10.548733 14.111721 1
0.277522 4.679454 9.785033 1
1.963093 1.207730 1.841039 1
9.500648 7.054698 6.222829 1
9.154293 10.147717 15.535960 6
-1.008775 4.319314 8.248050 6
0.654145 1.584897 0.432572 6
10.805850 7.395002 7.679757 6
9.862069 10.474224 14.907341 1
-1.891737 4.548317 8.884340 1
-0.087210 1.310328 0.894774 1
-1.521889 7.104047 7.126302 1
12.804663 9.637697 1.007745 6
-1.444290 3.892886 7.042292 6
-3.074086 2.086697 14.919004 6
11.104270 7.947618 8.966857 6
11.665618 9.453832 1.814961 6
-0.184479 3.591929 6.235637 6
-1.912405 2.250694 14.138214 6
9.907580 8.075109 9.677795 6
0.839855 9.103949 1.433649 6
10.542960 3.327646 6.462666 6
8.786230 2.610207 14.380942 6
-0.933990 8.312950 9.497476 6
1.681858 9.227144 1.201123 1
9.635024 3.470554 6.787489 1
7.894727 2.352672 14.726617 1
-0.024892 8.112027 9.175315 1
0.838294 8.316559 2.516313 6
10.552085 2.365215 5.335047 6
8.842274 3.369686 13.383902 6
-0.916591 9.233023 10.597331 6
1.682271 7.941966 2.979338 1
9.587464 1.948171 5.006101 1
8.038868 3.786025 13.112179 1
0.019517 9.660900 10.882963 1
-0.259449 7.779624 3.213631 6
11.724673 2.047631 4.757507 6
9.981547 3.878898 12.747535 6
-2.137799 9.760009 11.258482 6
11.778437 8.440490 2.799076 6
-0.348438 2.643122 5.047734 6
-1.882276 3.223227 12.985020 6
9.943727 8.942219 10.780456 6
-0.491116 6.648974 3.978718 6
12.013978 0.870532 4.010234 6
10.294013 4.959776 11.834697 6
-2.375381 10.864150 11.900814 6
0.140407 6.023473 4.346601 1
11.208749 0.166572 3.653188 1
9.608749 5.598739 11.564245 1
-1.632778 11.416505 12.345939 1
11.260498 6.176528 4.125935 6
0.230385 0.306299 3.806344 6
-1.623013 5.579741 11.702709 6
9.586663 11.431758 12.154619 6
11.256742 5.267710 4.671388 1
0.315160 11.168334 3.340324 1
-1.484291 6.412565 11.235300 1
9.549029 0.582020 12.588358 1
10.240424 6.720075 3.626722 6
1.346245 0.978992 4.288826 6
-0.355677 4.990574 12.273320 6
8.498333 10.818365 11.566824 6
10.457573 8.024095 3.009984 6
1.008948 2.138977 4.953830 6
-0.690217 3.679656 12.878614 6
8.696346 9.468381 10.902380 6
