3.881676 4.366708 2.016437 16
9.016091 9.508073 9.264687 16
5.373489 4.237126 1.541946 8
7.583157 9.598910 9.601604 8
3.268201 5.558619 2.142657 8
9.705875 8.346820 9.000871 8
1.204192 3.107038 1.945091 8
11.886843 10.725090 9.449524 8
6.038063 4.444273 9.375376 8
6.909044 9.429578 1.812131 8
4.035607 6.123407 11.165185 7
8.827588 7.715867 0.247139 7
3.082388 3.538852 0.660813 6
9.909315 10.423096 10.749788 6
3.340161 2.580496 0.485582 1
9.493202 11.339343 10.742018 1
1.661198 3.420705 0.761909 6
11.355772 10.386533 10.373097 6
4.632711 6.464749 9.860333 6
8.355134 7.358568 1.467471 6
5.899111 5.932070 9.491737 6
6.993176 7.951820 1.843942 6
6.281509 6.299070 8.536508 1
6.628707 7.502855 2.720268 1
6.978076 6.338882 10.574197 6
5.944531 7.513134 0.770052 6
7.046374 7.258032 10.628427 1
5.940207 6.585476 0.541720 1
7.750174 5.914678 10.391747 1
5.106171 7.803472 0.823185 1
8.259411 3.907633 0.134034 6
4.617623 10.014710 11.223031 6
11.211030 6.897438 10.978423 1
1.741248 6.925022 0.268898 1
8.117239 3.995635 0.982629 1
4.853625 10.039450 10.258950 1
10.990157 4.882036 10.764884 6
2.036485 9.009051 0.545422 6
7.598549 1.588590 0.196352 6
5.247147 12.370365 11.105863 6
8.000371 1.360241 1.108186 1
4.845353 12.359670 10.255252 1
10.420813 2.512871 10.922091 6
2.438446 11.405863 0.397748 6
7.828410 11.216892 0.124497 1
5.096930 2.614391 11.186728 1
9.848768 2.583090 9.617723 6
3.206979 11.293329 1.579914 6
10.140205 13.477645 9.417075 1
2.759124 0.388492 1.830639 1
9.719128 3.670604 9.023805 6
3.301202 10.177000 2.230289 6
9.259582 3.645760 8.210385 1
3.573319 10.147185 3.151822 1
10.312299 4.934108 9.537507 6
2.576187 9.054467 1.787971 6
10.349868 5.723894 9.167621 1
2.723502 8.142321 2.162846 1
3.790110 7.258852 8.876281 6
9.020458 6.674867 2.291832 6
11.892585 7.399309 9.215193 1
0.979869 6.357339 2.024811 1
4.239067 7.594768 7.497858 6
8.723206 6.178327 3.760749 6
3.637647 7.135788 6.428255 6
9.354293 6.726323 4.851329 6
3.054876 6.402737 6.514784 1
10.053561 7.352230 4.624389 1
4.092823 7.367927 5.163037 6
8.885505 6.302340 5.985078 6
3.731674 7.129921 4.355695 1
9.316151 6.778896 6.766922 1
4.985145 8.427231 5.058133 6
7.797172 5.468754 6.313992 6
5.244094 8.726548 4.192946 1
7.700110 5.182452 7.043348 1
5.738536 8.868818 6.055963 6
7.165567 4.876552 5.203091 6
6.296845 9.620900 5.979527 1
6.681595 4.320274 5.243482 1
5.406965 8.449051 7.462770 6
7.590448 5.305822 3.880299 6
5.697496 8.920020 8.050038 1
7.261410 4.959905 3.073193 1
5.028700 3.897021 8.479542 6
7.810841 9.941640 2.832443 6
5.166735 3.093617 8.433066 1
7.796157 10.932551 2.781961 1
5.341600 4.215398 7.592079 1
7.477638 9.481392 3.648425 1
4.292082 4.202125 8.617063 1
8.651548 9.551821 2.777996 1
3.847534 3.175915 3.384974 6
9.222140 10.610179 7.807968 6
4.706538 2.062673 3.558021 6
8.389645 11.760394 7.797818 6
5.160387 1.859177 2.901553 1
7.855731 12.036064 8.414195 1
4.614843 1.378975 4.711178 6
8.497906 12.461438 6.690624 6
5.731981 12.219144 4.775799 1
7.298935 1.668185 6.636839 1
3.623416 1.591489 5.687791 6
9.232958 12.280729 5.651583 6
2.991768 2.722642 5.616065 6
10.062718 11.021833 5.771695 6
2.356537 3.151037 6.271371 1
10.623385 10.725415 5.048120 1
3.061088 3.508521 4.330330 6
9.926862 10.342386 6.802327 6
2.518400 4.373849 4.302331 1
10.636156 9.549417 6.944567 1
4.373234 12.555499 7.011963 6
8.646775 1.286161 4.347083 6
4.814475 11.743222 6.782122 1
8.121983 2.152638 4.402587 1
3.451648 12.099587 7.116456 1
9.657612 1.686751 4.287884 1
4.582463 12.983081 7.698621 1
8.358839 0.776163 3.468543 1
