1.943148 14.190450 3.060382 1
3.106857 0.279669 10.716528 1
8.062228 6.973311 4.554106 1
6.908498 7.625202 12.041969 1
7.156223 3.329801 5.434524 1
7.983444 11.188734 12.945535 1
2.905497 10.508321 2.149284 1
2.085191 4.032666 9.772408 1
5.058144 2.546049 4.888608 8
9.906702 11.943686 12.608640 8
4.824287 9.879587 2.618596 8
0.151210 4.703813 10.243540 8
7.691236 2.850436 4.900853 8
7.340554 11.718017 12.636783 8
2.202406 10.165100 2.708147 8
2.660241 4.343726 10.172042 8
1.834559 14.136807 4.025674 8
3.166256 0.210889 11.676233 8
8.243977 6.893126 3.564977 8
6.779242 7.516423 11.330548 8
0.307138 13.775758 1.723538 7
4.629040 0.730423 9.343765 7
9.579951 6.668629 5.855628 7
5.335563 7.957285 13.439039 7
1.295090 2.459092 8.471206 7
3.655075 11.891228 0.728843 7
8.766358 9.738744 14.439948 7
6.284914 4.734753 6.771772 7
6.260376 13.819016 3.401001 6
8.764665 0.673044 11.110723 6
3.808194 6.500019 4.250597 6
1.121259 7.973748 11.770884 6
5.859412 13.030003 3.016518 1
9.088143 1.414840 10.602162 1
4.211755 5.712984 4.434457 1
0.866094 8.741300 12.147682 1
5.302461 0.231900 3.868686 6
9.774844 14.165158 11.466647 6
4.763062 7.582855 3.710810 6
0.325814 6.918562 11.402594 6
4.401964 0.295208 3.769727 1
0.645670 14.190260 11.381627 1
5.608844 7.382881 3.721373 1
9.366145 7.043718 11.424201 1
5.895591 1.532484 4.403095 6
9.195118 12.965272 12.042075 6
4.118607 8.648624 3.118764 6
0.887315 5.858593 10.834856 6
7.292761 1.598426 4.550675 6
7.743048 12.772102 12.097189 6
2.845358 8.888367 3.163982 6
2.219685 5.562403 10.756161 6
0.077252 1.717403 5.371072 6
4.855378 12.837588 12.893660 6
9.965872 8.829122 2.255841 6
5.221895 5.530532 9.921891 6
0.158467 2.485663 5.342308 1
4.905304 11.832873 12.827835 1
9.955316 9.809489 2.422593 1
5.103556 4.760384 10.016359 1
0.585230 1.021907 6.332118 6
4.424372 13.367223 14.126034 6
9.391229 8.306288 1.152832 6
5.499173 6.107860 8.701618 6
0.596274 14.066556 6.728077 6
4.286672 0.383690 14.280314 6
9.423323 6.878153 1.032892 6
5.575021 7.582724 8.577677 6
10.003524 13.851637 7.365682 1
4.884260 0.548988 15.108253 1
0.005113 6.605436 0.178943 1
5.110051 7.873616 7.889915 1
0.246857 13.232373 5.459537 6
4.781788 1.298333 13.057859 6
9.944612 6.053360 2.171496 6
5.230530 8.457933 9.855710 6
0.712037 12.369239 5.393772 1
4.470589 2.129502 12.995053 1
9.298049 5.204983 2.153710 1
5.660746 9.227379 9.718698 1
9.214042 13.033447 5.654107 1
5.894668 1.399411 13.270765 1
0.715121 5.864293 2.043132 1
4.135777 8.639215 9.735033 1
9.992131 13.197269 2.944988 6
5.169078 1.347699 10.572563 6
0.042128 5.870626 4.611823 6
4.915848 8.523563 12.342248 6
0.415288 12.303447 3.036724 1
4.518588 2.281677 10.628237 1
9.517410 4.950013 4.525742 1
5.361774 9.438812 12.214354 1
8.365868 12.868558 3.098729 6
6.588623 1.694856 10.671303 6
1.520549 5.598065 4.559382 6
3.372161 8.891344 12.258732 6
8.146458 12.483734 2.154732 1
6.876659 1.936746 9.854126 1
1.941025 5.289487 5.380385 1
3.203174 9.130863 13.062584 1
8.253863 12.147080 3.619753 1
6.781441 2.389559 11.278047 1
1.716642 4.844042 3.926341 1
3.257815 9.740587 11.642169 1
7.532200 13.909713 3.451669 6
7.456214 0.586627 11.101575 6
2.506416 6.784665 4.120487 6
2.579957 7.866157 11.641686 6
8.116965 0.698214 4.063347 6
6.915751 13.931547 11.775666 6
1.947730 7.956016 3.439731 6
3.149961 6.698974 11.146629 6
9.720108 0.815850 4.203043 6
5.358560 13.622079 11.704058 6
0.271146 8.184049 3.459971 6
4.634194 6.312454 11.082887 6
0.406772 13.940302 4.222209 6
4.692759 0.605061 11.810242 6
9.621707 6.674866 3.408597 6
5.386330 7.751365 11.182650 6
0.105972 1.487209 2.760240 6
4.984864 12.888984 10.336581 6
0.019888 8.807373 4.857662 6
4.936322 5.771402 12.437839 6
9.529607 2.479395 2.814303 1
5.446431 12.080735 10.233914 1
0.473283 9.631781 4.978368 1
4.552156 4.938284 12.495869 1
0.891859 1.812930 2.746868 1
4.045633 12.612192 10.379166 1
9.088654 8.984700 4.804622 1
5.947838 5.453922 12.403807 1
9.761792 0.595675 1.583433 6
5.227527 13.877303 9.257215 6
0.353468 7.922379 5.991956 6
4.798625 6.581536 13.596183 6
8.727854 0.512680 1.527200 1
6.216448 13.838020 9.125781 1
1.139997 7.791767 6.181523 1
3.861280 6.660269 13.644307 1
0.139761 1.122399 0.807562 1
4.822258 13.330484 8.405658 1
9.953156 8.374146 6.901911 1
5.058518 6.206218 14.355515 1
0.104644 13.088672 0.564612 6
4.810366 1.458033 8.180691 6
9.858793 5.700793 7.068814 6
5.194254 8.734537 14.729935 6
0.574840 12.079386 0.612119 1
4.506220 2.294144 8.178924 1
9.341452 4.999502 7.014988 1
5.603201 9.613434 14.622355 1
0.565494 13.431703 15.029957 1
4.511391 0.937566 7.385848 1
9.419700 6.330476 7.882708 1
5.650408 8.204775 0.171753 1
9.326530 12.883865 0.342962 1
5.823323 1.572114 7.920515 1
0.708977 5.634482 7.162874 1
4.200827 8.857515 14.849615 1
3.683316 2.438012 5.034058 6
1.229126 12.039804 12.605049 6
6.229846 9.758124 2.680479 6
8.779033 4.722259 10.284023 6
3.339547 2.440183 4.114186 1
1.636245 11.965017 11.654778 1
6.658908 9.710011 3.585863 1
8.464795 4.853877 11.238194 1
3.319422 3.135393 5.539811 1
1.596117 11.316359 13.046400 1
6.581963 10.523521 2.212415 1
8.276647 3.997699 9.688530 1
3.515968 1.574626 5.455318 1
1.497083 12.786819 13.005745 1
6.468733 8.950828 2.298234 1
8.406762 5.539310 9.816548 1
0.952158 1.994766 7.439925 6
3.987116 12.527639 15.039716 6
9.011783 9.198589 0.174659 6
5.980744 5.235654 7.703234 6
2.073780 13.730607 7.125878 6
2.943536 0.756921 14.793755 6
7.867283 6.512452 0.412145 6
7.104043 8.097064 8.079099 6
2.797297 13.721329 6.400300 1
2.309744 0.668399 13.892295 1
7.386360 6.641501 1.324933 1
7.617370 7.876886 8.795328 1
2.325254 14.290635 7.846594 1
2.629277 0.162579 0.163875 1
7.665328 6.924206 15.025803 1
7.399710 7.389304 7.461732 1
2.158612 12.174363 7.634888 6
2.904463 2.264354 15.185575 6
7.868154 4.990490 0.143390 6
7.194360 9.487897 7.697426 6
2.779079 11.178224 6.873721 6
2.167667 3.199740 14.507731 6
7.280164 4.134406 0.856872 6
7.810199 10.526094 8.407518 6
3.258380 11.588468 6.101389 1
1.814448 3.015174 13.738525 1
6.750091 4.311694 1.537072 1
8.364796 10.122554 9.211770 1
2.878640 9.964215 7.125073 6
2.129512 4.481262 14.848881 6
7.208028 2.601837 0.332289 6
7.877581 11.760991 7.992982 6
3.292957 9.377288 6.730614 1
1.798983 5.149684 14.271307 1
6.764825 1.981164 0.981482 1
8.351262 12.482234 8.458341 1
2.060550 9.500329 8.273988 6
2.805820 4.945985 0.680025 6
7.932599 2.210189 14.529142 6
7.091313 12.148731 6.804905 6
2.204488 8.611289 8.531045 1
2.841382 5.776107 0.985960 1
7.815929 1.322138 14.212354 1
7.060480 13.067962 6.667091 1
1.534547 10.416801 9.106523 6
3.604645 3.984619 1.548365 6
8.448158 3.209769 13.782062 6
6.509600 11.210381 6.114338 6
1.049693 10.247180 9.854205 1
3.948499 4.249385 2.241697 1
8.913225 3.029533 13.044862 1
5.987983 11.483586 5.372140 1
1.494164 11.725481 8.789626 6
3.527177 2.702901 1.139977 6
8.601593 4.651849 14.092779 6
6.500766 9.940002 6.506060 6
1.132058 12.417453 9.300184 1
4.037704 2.042637 1.708101 1
9.016182 5.214028 13.662848 1
6.022925 9.319582 5.943794 1
