4.591728 11.175592 2.397955 6
0.533020 0.349849 12.572141 6
5.765197 5.428730 7.874663 6
9.706645 6.174196 18.160828 6
5.518193 11.002071 1.946095 1
9.916175 0.427512 12.155919 1
4.824247 5.388784 8.237922 1
0.306613 6.173873 18.567005 1
3.934992 0.862176 2.584862 6
1.118420 10.783894 12.747339 6
6.323775 6.631071 7.692749 6
9.157306 4.844337 17.973008 6
4.338458 1.594760 2.427401 1
0.760125 9.853619 12.464132 1
5.757874 7.323503 7.926210 1
9.639609 4.163302 18.125570 1
2.069045 2.129460 3.184703 8
3.165676 9.514601 13.443947 8
8.181329 7.793114 7.003591 8
7.193210 3.693584 17.179804 8
2.659352 0.884687 3.176893 6
2.509575 10.536950 13.236313 6
7.646806 6.582434 7.073213 6
7.748611 4.809435 17.350760 6
2.633862 3.268421 2.905124 6
2.403656 8.136722 12.987340 6
7.590196 9.058126 7.337140 6
7.715581 2.388428 17.572382 6
2.078744 3.986516 3.054648 1
3.171905 7.425721 13.165548 1
8.241482 9.754924 7.287944 1
7.258611 1.763809 17.472442 1
2.805982 3.331134 1.860739 1
2.200292 8.330674 12.097600 1
7.324233 9.007137 8.240999 1
8.016685 2.416749 18.562159 1
3.429557 3.284283 3.398880 1
1.750897 8.122220 13.655954 1
6.909538 9.134504 6.809485 1
8.477815 2.282281 16.973081 1
0.844028 11.168230 3.956799 8
4.373210 0.524682 14.161425 8
9.499948 5.357991 6.291247 8
5.864351 6.280335 16.561241 8
2.156774 11.305032 3.587531 6
2.935660 0.295581 13.666903 6
8.081811 5.448832 6.706635 6
7.288230 6.118503 16.934579 6
0.512635 9.567311 3.889009 6
4.655422 1.844892 14.087608 6
9.734035 3.768798 6.193091 6
5.626803 7.627862 16.449275 6
0.052963 9.369075 4.864486 1
5.096468 2.053393 15.001582 1
10.228502 3.751470 5.322773 1
5.267239 7.824200 15.590604 1
8.730838 9.742835 2.838192 8
6.703114 1.876776 13.020695 8
1.610166 3.965855 7.563583 8
3.458143 7.468120 17.686698 8
9.863927 8.985187 2.814580 6
5.417606 2.351299 13.076678 6
0.306306 3.263105 7.321881 6
4.805662 8.143350 17.536894 6
7.972598 9.990567 4.010617 6
7.469130 1.512866 14.126134 6
2.332983 4.211138 6.349367 6
2.855265 7.362879 16.533622 6
7.089119 10.426633 3.753828 1
8.335424 1.260847 13.988212 1
3.079972 4.517925 6.558838 1
1.962350 6.834435 16.696975 1
8.535455 10.493034 4.567474 1
6.948446 1.136744 14.762926 1
1.828223 4.731172 5.760326 1
3.408051 6.821389 15.910563 1
7.820111 9.091431 4.383271 1
7.589882 2.365578 14.630656 1
2.542681 3.222176 5.819944 1
2.597103 8.148160 16.154238 1
0.259420 9.232654 1.617415 6
4.907638 2.268846 11.652625 6
10.036144 3.510326 8.594754 6
5.467875 7.903264 18.884468 6
0.479418 10.247475 1.317845 1
4.709830 1.214278 11.697954 1
9.721949 4.424849 8.745110 1
5.548246 7.098973 18.980232 1
9.919728 8.884637 0.840037 1
5.536419 2.496754 11.090096 1
0.418363 3.297862 9.340301 1
4.778332 8.274069 19.672407 1
1.702520 8.443782 1.312835 6
3.486692 3.033662 11.564689 6
8.737532 2.782687 8.791563 6
6.774063 8.669342 19.127544 6
2.347533 9.246449 1.125398 1
2.740789 2.445872 11.375246 1
8.033343 3.408657 9.063131 1
7.350815 8.086548 19.352399 1
1.484274 7.576803 0.389718 8
3.553531 3.953748 10.628190 8
8.794743 1.791767 9.754629 8
6.606999 9.662983 20.152592 8
0.824732 7.118231 0.437247 1
4.283296 4.382033 10.622253 1
9.500871 1.454536 9.928772 1
5.930554 10.014962 20.050520 1
3.422483 7.322110 2.757726 6
1.768705 4.200642 13.054266 6
6.790764 1.652760 7.432811 6
8.525505 9.789427 17.738282 6
3.538261 6.649968 2.130211 1
1.616033 4.808771 12.188533 1
6.839232 0.970861 8.152017 1
8.652111 10.528457 18.497004 1
4.439730 8.448175 2.462883 6
0.619346 3.043684 12.710625 6
5.844838 2.793968 7.854638 6
9.656954 8.819033 18.065465 6
5.214760 8.408057 2.851412 1
10.173667 3.167801 13.064822 1
4.891438 2.639367 7.318362 1
0.221735 8.955357 17.502045 1
4.570438 8.565771 1.522551 1
0.510307 3.044499 11.634169 1
5.680197 2.826082 8.743772 1
9.783671 8.853357 19.009385 1
3.931166 9.883088 2.863893 6
1.222249 1.550482 12.989537 6
6.334970 4.093046 7.349931 6
9.090725 7.246026 17.724962 6
2.781216 10.083679 3.439805 6
2.302974 1.377546 13.693048 6
7.488264 4.254961 6.876757 6
8.006787 7.109661 16.955505 6
1.930164 8.998869 3.920903 6
3.175631 2.574853 14.036893 6
8.321194 3.155859 6.337015 6
6.991754 8.327822 16.642420 6
1.982756 7.935903 2.690069 6
3.257207 3.632936 12.937034 6
8.260226 2.118058 7.477466 6
7.079157 9.301175 17.678269 6
2.253258 8.276667 5.274595 6
2.865497 3.073956 15.515776 6
7.901432 2.644535 5.099173 6
7.514880 8.935787 15.257066 6
2.435306 8.969281 5.933230 1
2.814087 2.473180 16.076657 1
7.787834 3.302581 4.262866 1
7.431888 8.136054 14.550394 1
1.641094 7.638490 5.463393 1
3.433892 3.786884 15.680416 1
8.685166 1.936350 4.793810 1
6.770194 9.574271 15.001123 1
3.680538 7.565934 5.085859 6
1.533270 3.848068 15.345885 6
6.657282 1.910998 5.031340 6
8.793225 9.556498 15.256596 6
4.396316 8.321335 5.129148 1
0.780853 3.158064 15.263324 1
5.801938 2.550045 5.288454 1
9.564618 8.951864 15.328242 1
3.789353 7.147405 6.021696 1
1.328886 4.345771 16.204653 1
6.359380 1.466406 4.347984 1
9.023213 10.035026 14.552835 1
3.658979 6.781563 3.983475 7
1.376225 4.886693 14.267651 7
6.466532 0.916383 6.122589 7
8.808002 10.606590 16.363072 7
4.864876 5.855017 3.932283 6
0.174791 5.547509 14.246286 6
5.312699 0.221301 6.122336 6
10.081999 11.392480 16.482097 6
4.939228 5.349472 3.261706 1
0.179864 6.143155 13.566681 1
5.380839 11.130746 7.001928 1
10.087093 0.334451 17.237943 1
5.000874 5.376312 4.778242 1
0.146055 6.054625 15.125553 1
5.255201 11.229691 5.338183 1
10.164297 0.366193 15.514378 1
5.671331 6.512193 3.945676 1
9.714747 4.973542 14.079332 1
4.582305 0.824942 6.347700 1
0.612078 10.759953 16.441084 1
0.967955 6.860896 2.980160 6
4.265480 4.592067 13.195158 6
9.345646 1.036208 7.080601 6
6.069222 10.450344 17.295665 6
1.177173 6.306976 3.798996 1
3.852239 5.190677 14.094392 1
9.035816 0.610730 6.444842 1
6.397016 10.997684 16.664132 1
0.883853 6.295724 2.349944 1
4.308239 5.251808 12.556017 1
9.405376 0.397778 7.924978 1
5.993575 11.075940 18.108420 1
9.728974 7.443830 3.286465 6
5.697132 3.950914 13.676345 6
0.442626 1.648475 6.817279 6
4.617127 9.810690 16.974191 6
9.643381 7.409255 4.296145 1
5.775780 3.999753 14.528812 1
0.676427 1.642068 5.856043 1
4.489719 9.835352 16.171134 1
8.714038 6.641840 2.787563 6
6.809489 4.841655 12.973277 6
1.625260 0.930464 7.483856 6
3.413613 10.519038 17.719218 6
8.590455 5.905366 3.164121 1
6.881291 5.669012 13.375807 1
1.774228 0.215725 6.967033 1
3.329879 11.339768 17.218836 1
7.852544 7.237118 2.836951 1
7.616421 4.251372 12.991569 1
2.381293 1.429684 7.419834 1
2.594718 10.081771 17.506288 1
8.836824 6.492033 1.443441 8
6.475314 5.029127 11.706756 8
1.461625 0.736347 8.764231 8
3.797228 10.788192 19.040919 8
7.919430 5.691926 0.689823 6
7.544105 5.816374 10.926973 6
2.353999 11.419894 9.452640 6
2.770564 0.132937 19.637272 6
8.027303 5.725834 20.259868 1
7.428229 5.711134 9.954740 1
2.253763 11.491865 10.473445 1
2.782120 0.052843 0.228467 1
6.922786 5.873539 1.082729 1
8.460315 5.522269 11.201714 1
3.231352 0.149722 9.145558 1
1.911545 11.282904 19.418859 1
7.822445 4.142233 1.075950 6
7.399814 7.250996 11.270891 6
2.436764 9.938919 9.203245 6
2.755355 1.556098 19.498625 6
6.762817 3.460593 0.527017 6
8.599193 8.027887 10.821229 6
3.360454 9.209332 9.743086 6
1.607448 2.270741 19.845398 6
6.134402 3.957689 0.177961 1
9.301784 7.710347 10.448765 1
4.101869 9.608344 10.043832 1
1.000603 1.840427 20.224451 1
6.785829 2.078456 0.535240 6
8.486968 9.400624 10.784853 6
3.529042 7.821567 9.654951 6
1.628544 3.663727 19.787437 6
6.055620 1.610658 0.176961 1
9.219573 9.918500 10.431755 1
4.246054 7.225000 9.897218 1
1.049602 4.133969 20.261357 1
7.903069 1.401819 1.187836 6
7.463288 10.083665 11.406199 6
2.391081 7.096497 9.088875 6
2.785887 4.278011 19.221753 6
7.868713 0.368209 1.282418 1
7.529088 11.014590 11.398225 1
2.309146 6.276022 9.054632 1
2.848041 5.284047 19.287152 1
9.030235 2.025675 1.591236 6
6.342627 9.337552 11.952629 6
1.290732 7.822985 8.569413 6
3.877954 3.701077 18.845850 6
9.660874 1.563272 2.033940 1
5.664264 9.922549 12.236842 1
0.532253 7.445984 8.206674 1
4.476925 4.087710 18.447141 1
9.033414 3.563753 1.679347 6
6.357223 8.000608 11.747641 6
1.335054 9.299407 8.708120 6
3.939453 2.218225 18.809665 6
9.698753 4.002631 2.017262 1
5.728593 7.501695 12.077155 1
0.474601 9.785239 8.192301 1
4.568134 1.796430 18.503063 1
9.848926 7.711990 2.890355 6
5.403889 3.750784 13.036527 6
0.417350 1.934102 7.375919 6
4.758037 9.561290 17.539079 6
9.510586 7.450803 3.677466 1
6.032310 3.917092 13.962903 1
0.847281 1.746386 6.444354 1
4.238497 9.661530 16.631431 1
8.789147 7.102528 1.776354 6
6.624650 4.258307 11.940684 6
1.497332 1.344497 8.412621 6
3.754304 10.149908 18.658261 6
7.942995 7.686754 1.837077 1
7.473383 3.939524 12.127057 1
2.215024 1.848902 8.260847 1
2.873160 9.632662 18.475160 1
9.207752 7.314354 0.969256 1
6.353359 4.157465 11.084605 1
1.055997 1.566401 9.290273 1
4.030515 10.013839 19.488450 1
8.658034 5.663604 2.074829 8
6.713818 5.723402 12.132902 8
1.646902 11.425748 8.215296 8
3.640208 0.008365 18.483828 8
7.695267 5.345507 1.128330 6
7.699718 6.170729 11.403806 6
2.477961 11.180858 9.116420 6
2.539737 0.363337 19.310695 6
7.854939 5.671169 0.241137 1
7.596737 5.793208 10.394211 1
2.445033 0.052554 10.005775 1
2.783479 0.040729 20.245508 1
6.916795 5.679446 1.415700 1
8.555447 5.884083 11.627774 1
3.406338 11.366820 8.853788 1
1.681873 0.041274 19.025062 1
7.824013 3.855312 1.142274 6
7.589573 7.716526 11.215886 6
2.530153 9.686767 9.223441 6
2.686786 1.834041 19.431378 6
6.769174 3.073175 0.763623 6
8.674588 8.449618 10.907682 6
3.569740 8.828182 9.522566 6
1.707043 2.734898 19.799894 6
5.856259 3.368580 0.438633 1
9.520533 8.051830 10.523869 1
4.244572 9.192768 9.921138 1
0.908382 2.358941 20.148163 1
6.949704 1.653437 0.765845 6
8.402873 9.799643 10.957921 6
3.269534 7.423401 9.492987 6
1.790168 4.064084 19.712039 6
6.219020 1.007430 0.541552 1
9.269783 10.414914 10.703297 1
4.153040 6.899994 9.656249 1
1.163614 4.624572 19.801250 1
8.037587 1.149386 1.333031 6
7.199601 10.330455 11.383300 6
2.219887 6.791863 8.991081 6
3.025029 4.708255 19.142905 6
8.258426 0.199434 1.331351 1
7.108869 11.406027 11.420320 1
2.087018 6.002149 8.887556 1
3.013701 5.468472 19.089843 1
9.222900 2.038241 1.631025 6
6.293686 9.502882 11.805064 6
1.135261 7.781005 8.650271 6
4.008029 3.733704 18.776377 6
9.913706 1.674109 1.868395 1
5.526801 9.940689 12.069319 1
0.271978 7.327763 8.354761 1
4.917906 4.201463 18.627175 1
9.072477 3.377678 1.410471 6
6.445056 8.216837 11.810520 6
1.260774 8.996709 8.683875 6
3.801629 2.462896 18.989958 6
9.725374 3.958744 1.670831 1
5.582117 7.602494 12.028582 1
0.544595 9.612346 8.422467 1
4.624942 1.809492 18.609123 1
