8.163754 2.708014 5.082304 17
9.598664 2.654662 1.719640 17
-0.232986 8.617704 8.666392 17
-1.733033 8.601196 12.114858 17
9.268691 0.712864 6.943840 17
8.347855 0.796404 0.033860 17
-1.505974 10.557010 7.030499 17
5.310670 10.570993 0.026829 17
3.147208 7.065763 1.706399 8
0.852789 7.067542 5.172937 8
4.665139 4.221003 12.163168 8
7.190985 4.256274 8.670645 8
2.801133 5.880166 1.804857 7
1.053640 5.931689 5.098594 7
4.913676 5.339972 12.138809 7
6.850652 5.338345 8.672522 7
1.919611 1.685752 2.083389 6
2.095398 1.746842 4.669511 6
5.988971 9.687351 11.658982 6
5.846366 9.663040 9.061807 6
8.763782 2.441341 6.824494 6
8.915206 2.370047 0.071076 6
-0.908389 8.973432 7.097847 6
-1.133816 8.901298 13.783391 6
9.511107 3.081730 6.972538 1
2.290729 3.001158 13.766030 1
-1.568391 8.333387 6.869175 1
5.557192 8.331005 0.047619 1
8.089671 2.474397 7.421662 1
3.734208 2.562969 13.311008 1
-0.170752 8.817211 6.458442 1
4.125773 8.809537 0.466931 1
1.809953 0.860664 0.976239 6
2.152985 1.043489 5.797784 6
6.197197 10.383693 12.785288 6
5.653979 10.298752 7.984549 6
1.742771 1.477320 0.107826 1
2.201164 1.491802 6.771680 1
6.318652 9.889219 13.548939 1
5.555554 9.916639 7.150927 1
1.706070 10.867403 1.017581 6
2.239926 10.803923 5.773862 6
6.109201 0.440245 12.696564 6
5.656272 0.498081 8.074993 6
1.607704 10.350367 0.269843 1
2.301537 10.273381 6.688474 1
6.233590 0.874795 13.640839 1
5.576015 0.983562 7.195007 1
1.769399 10.220754 2.151304 6
2.108601 10.116313 4.644887 6
6.115090 1.050917 11.577009 6
5.827243 1.081813 9.187202 6
1.901897 9.341709 2.163404 1
2.085471 9.320458 4.767727 1
6.020635 2.145834 11.514400 1
5.759174 2.134500 9.235055 1
1.916753 10.836946 3.494197 6
5.900739 0.450749 10.360448 6
1.910699 1.039741 3.525408 6
5.995598 10.328108 10.405601 6
2.231782 3.238904 2.006823 6
1.674506 3.060185 4.832328 6
5.681960 8.125919 11.792367 6
6.084083 8.141894 9.018538 6
1.215220 4.187121 1.792100 6
2.743224 4.190875 5.083175 6
6.580171 7.114780 11.907937 6
5.209044 7.300862 8.660868 6
-0.230069 3.708518 1.806577 6
4.082753 3.726045 5.208474 6
7.982870 7.452520 11.965879 6
3.813710 7.430781 8.764206 6
-0.481748 2.978868 1.703222 1
4.397062 2.959856 5.223001 1
8.279635 8.360776 11.977331 1
3.534397 8.367496 8.674893 1
12.638326 4.768935 1.753224 6
5.145493 4.793967 5.093370 6
-4.881645 6.598008 12.151035 6
2.772668 6.444418 8.725052 6
11.844670 4.517655 1.786064 1
5.928621 4.490648 5.243614 1
-3.909435 6.796342 12.085175 1
1.935994 6.725202 8.591854 1
12.996997 6.159503 1.778478 6
4.754523 6.130468 5.210964 6
-5.148207 5.097570 12.089843 6
3.204920 5.089672 8.609044 6
0.645393 6.403887 1.606785 6
3.373754 6.563254 5.216541 6
7.228399 4.830813 12.063023 6
4.578597 4.865057 8.651571 6
0.858810 7.400660 1.626486 1
3.117144 7.313875 5.259715 1
7.068955 4.016180 12.123283 1
4.742219 4.021069 8.535345 1
1.484317 5.425092 1.701212 6
2.460945 5.473179 5.245970 6
6.382134 5.830451 12.113916 6
5.523704 5.868108 8.564999 6
3.902357 4.870432 1.799253 6
0.137310 4.899376 4.943245 6
4.082263 6.343391 11.941938 6
7.917281 6.277269 8.768683 6
5.344304 5.467381 2.016800 6
-1.355684 5.306321 5.054640 6
2.656876 5.954059 11.823276 6
9.120517 5.950226 8.878048 6
5.360817 6.239326 1.863006 1
-1.547738 6.278186 5.052950 1
2.478767 4.975958 11.929660 1
9.358324 5.089107 8.784295 1
6.206752 4.412127 2.002052 6
11.581351 4.391712 4.838114 6
1.745940 6.788383 11.797600 6
-3.533664 6.764549 9.015972 6
7.091395 4.682650 2.197019 1
10.601932 4.657767 4.731156 1
0.814106 6.619063 11.777509 1
-2.687193 6.527700 8.949521 1
5.925384 3.036343 2.232251 6
-1.954533 3.010861 4.674812 6
1.988244 8.243430 11.700729 6
9.825971 8.254130 9.141518 6
6.704745 2.390260 2.297968 1
11.122801 2.480868 4.717013 1
1.302763 8.760662 11.570633 1
-3.215250 8.898374 9.049257 1
4.600319 2.560527 2.058935 6
-0.720413 2.559924 4.731810 6
3.229391 8.741527 11.687013 6
8.669037 8.749384 8.931018 6
4.502437 1.777137 2.094542 1
-0.594339 1.709582 4.843559 1
3.479974 9.683445 11.614721 1
8.440240 9.645603 9.062482 1
3.499731 3.494125 1.923033 6
0.317269 3.605190 4.969673 6
4.265743 7.823761 11.786732 6
7.620404 7.815932 9.016268 6
12.100720 7.315243 1.983798 6
5.686047 7.146759 4.946328 6
-4.106838 4.026307 11.915462 6
2.137149 4.024702 8.788022 6
12.321959 8.391842 2.381650 6
5.474311 8.562646 4.410371 6
-4.501680 2.826965 11.389885 6
2.550162 2.785971 9.344841 6
-0.616874 8.561437 2.801681 1
4.556166 8.582476 4.268190 1
8.523641 2.689072 11.106577 1
3.380696 2.684031 9.690967 1
11.451365 9.556963 2.603200 6
6.408927 9.499207 4.450511 6
-3.599591 1.721659 11.364036 6
1.541393 1.758013 9.396951 6
10.107985 9.195268 2.200658 6
7.702360 9.249690 4.760628 6
-2.274016 2.056997 11.566153 6
0.271878 2.010834 9.082816 6
9.515125 9.845393 2.206237 1
8.276301 9.907943 4.759781 1
-1.537936 1.296894 11.484422 1
-0.417207 1.327365 9.077423 1
9.701088 8.007380 1.731236 6
8.012788 7.935205 5.228243 6
-1.794806 3.377648 12.147218 6
-0.188937 3.232493 8.583912 6
10.665908 6.925899 1.513667 6
7.006716 6.922810 5.311506 6
-2.821855 4.216384 12.310371 6
0.848642 4.229242 8.367286 6
10.328772 6.209334 1.293005 1
7.373696 6.103956 5.800537 1
-2.424352 5.120568 12.602902 1
0.570646 5.204396 8.154289 1
11.878134 10.845796 3.154512 6
5.903578 10.836193 3.863550 6
-3.894217 0.527178 10.694766 6
1.992974 0.394771 9.985919 6
-1.082771 10.923384 3.412096 1
5.044629 10.733232 3.658532 1
8.889492 0.405773 10.567859 1
2.904589 0.504838 10.246414 1
11.266757 11.097445 3.981977 1
6.421836 11.094687 2.899557 1
-3.324027 0.378881 9.971240 1
1.559396 0.338003 10.760630 1
11.588019 0.276045 2.362407 1
6.142812 0.250584 4.544430 1
-3.789687 11.058239 11.446431 1
1.780371 11.043741 9.433492 1
11.065965 0.202806 3.132678 1
6.769553 0.195882 3.873923 1
-3.232873 11.215360 10.600415 1
1.122086 11.107096 10.075500 1
12.571316 11.193979 2.593664 1
5.323156 11.301917 4.305457 1
-4.562539 0.059454 11.245807 1
2.712924 0.070807 9.348173 1
-1.656234 10.802605 3.972986 1
5.504595 10.631801 2.841131 1
9.581195 0.648440 9.787241 1
2.378929 0.675515 10.871524 1
8.354749 7.779739 1.368281 6
9.575150 7.800428 5.563178 6
-0.309195 3.550118 12.357298 6
-1.644606 3.505121 8.353320 6
7.759466 8.481587 1.545620 1
10.008384 8.511561 5.383159 1
0.100140 2.777015 12.192419 1
-2.196499 2.770413 8.504013 1
7.878317 6.991980 2.024443 1
9.876142 7.107612 4.877451 1
-0.050799 4.379817 11.739646 1
-1.981002 4.352544 8.973342 1
8.061346 7.539157 0.530828 1
9.659578 7.529691 6.495392 1
-0.177890 3.788051 13.419485 1
-1.676630 3.773326 7.364539 1
8.146103 6.817330 1.111820 1
9.686145 6.759591 5.759856 1
-0.211324 4.435105 12.751688 1
-1.774102 4.541729 8.026214 1
7.998168 8.274421 0.671764 1
9.798677 8.309502 6.276970 1
-0.144417 3.071323 13.098494 1
-1.919285 2.963007 7.581849 1
7.688825 7.827860 2.151103 1
10.054792 7.863799 4.578491 1
0.162007 3.342880 11.521801 1
-2.142472 3.458161 9.116319 1
