-0.212266 14.745012 3.538960 26
6.643051 3.067358 6.396102 26
1.172774 15.628504 2.399476 6
5.283289 3.917913 7.573642 6
-0.162021 15.335073 1.661135 6
6.397123 3.696440 8.314072 6
7.823777 16.094316 2.414838 6
-1.478484 4.490487 7.430309 6
6.819320 16.080483 2.209990 1
-0.588024 4.522102 7.689300 1
-0.625024 16.760842 3.589191 6
6.764503 5.121477 6.444194 6
-1.042770 17.170572 4.284270 1
7.169724 5.633114 5.656567 1
0.944894 16.408500 3.561902 6
5.413163 4.714479 6.429089 6
1.615082 16.707128 4.040819 1
4.777654 5.016058 5.697777 1
2.365597 15.141017 1.901860 6
3.882773 3.492497 8.001874 6
2.913022 15.412067 0.546188 6
3.181308 3.636304 9.329455 6
4.191350 14.715948 0.341277 6
2.040856 3.176581 9.533328 6
1.866258 15.007857 9.354851 1
4.412115 3.203490 0.531206 1
4.939546 14.084441 1.359870 6
1.416896 2.478055 8.566965 6
5.810841 13.752611 1.127769 1
0.535060 1.979528 8.759849 1
4.387188 13.873745 2.565033 7
1.763462 2.101654 7.284265 7
3.133776 14.318649 2.743357 6
3.162154 2.730472 7.118508 6
2.786544 14.101008 3.561125 1
3.493620 2.528115 6.230030 1
-0.437155 16.141286 9.627373 7
6.714425 4.415373 0.371458 7
1.755864 17.406028 0.166868 6
4.386206 5.822737 9.704854 6
1.683300 17.431765 1.132491 1
4.608470 5.761544 8.757505 1
-1.663956 17.719418 9.562666 1
8.070736 6.035650 0.367681 1
-0.247329 18.237968 9.689792 1
6.612858 6.426401 0.060305 1
0.105494 16.250801 8.300447 6
6.092506 4.568684 1.581340 6
0.900314 16.837199 8.110326 1
5.352852 5.180377 1.637328 1
-0.618666 16.539778 7.559982 1
6.920277 4.890013 2.333127 1
0.438967 15.245213 7.935458 1
6.002260 3.690259 1.996525 1
8.565128 14.530180 0.442549 6
-2.266477 2.872214 9.556074 6
0.207356 13.446234 0.349515 6
6.007110 1.617665 9.562602 6
0.689296 13.005102 0.900955 1
5.597145 1.342371 8.793052 1
6.285101 12.650226 8.938566 6
-0.043204 0.830479 0.956181 6
-2.326872 11.731408 8.852965 1
8.473923 0.115915 0.834109 1
5.554075 12.936966 7.880962 6
0.742405 1.331833 1.882194 6
5.590988 12.474349 7.079274 1
0.714666 0.864341 2.784118 1
5.063456 14.290692 8.012210 6
1.365604 2.574603 1.950355 6
4.146785 14.744821 6.992984 6
2.095390 3.025725 3.015625 6
4.005872 14.163738 6.220714 1
2.284003 2.507906 3.805230 1
3.706771 15.955655 6.934853 6
2.561817 4.354669 2.880924 6
3.181791 16.315507 6.123745 1
3.271374 4.676361 3.606207 1
3.858300 16.841878 8.031468 6
2.468714 5.223043 1.769972 6
3.477496 17.702000 8.000509 1
2.759508 6.134256 1.759181 1
4.535716 16.384442 9.176152 6
1.633630 4.812792 0.819474 6
7.362292 16.939260 0.013975 1
-1.089285 5.358517 9.799450 1
5.126136 15.034885 9.204798 6
1.198983 3.430443 0.705347 6
-0.929358 14.081452 5.339039 6
7.235214 2.436769 4.408552 6
-1.204423 14.704686 6.118913 1
7.553293 2.916079 3.780221 1
0.270580 13.528831 5.232482 6
5.991363 1.882032 4.639282 6
1.055508 13.803334 5.645916 1
5.188359 2.122147 4.212714 1
0.267230 12.717077 3.906037 6
6.077029 1.166235 5.822371 6
1.166538 12.379622 3.599043 1
5.287310 0.630929 6.355651 1
7.940058 12.730442 3.360805 6
-1.766761 1.085633 6.448257 6
7.679813 12.388866 2.670757 1
-1.326203 0.635339 7.166305 1
7.136185 13.622609 4.307055 6
-0.985484 1.936679 5.529681 6
6.115196 13.678425 4.302784 1
0.036607 2.063899 5.723864 1
5.273740 22.021677 0.485973 26
1.158960 10.266043 9.308696 26
3.723364 21.969159 1.991090 6
2.554952 10.320458 7.998919 6
4.919907 21.549965 2.352165 6
1.240871 9.805724 7.392572 6
6.122290 22.353196 2.299353 6
0.257068 10.715431 7.573695 6
7.003962 22.342313 2.581737 1
-0.756637 10.565117 7.423452 1
5.533454 0.315120 1.698221 6
0.879605 11.949860 8.234348 6
5.938083 1.104026 1.367051 1
0.303340 12.720666 8.470166 1
3.990004 0.027889 1.410696 6
2.207891 11.573601 8.449145 6
3.419595 0.540383 1.040419 1
2.949595 12.358750 8.765479 1
2.404643 21.320156 1.968300 6
3.897469 9.678257 7.796382 6
1.909253 20.952290 3.253639 6
4.500885 9.085182 6.603948 6
0.669166 20.262486 2.955465 6
5.728918 8.426819 6.737897 6
0.295053 19.697711 3.696437 1
6.095327 8.162071 6.117669 1
0.055442 20.180872 1.738344 6
6.188521 8.403200 7.979354 6
8.160121 19.689029 1.788044 1
-1.887737 7.868681 8.143262 1
0.545499 20.623838 0.739534 7
5.733049 8.891940 9.186814 7
1.757072 21.280511 0.765166 6
4.610412 9.501619 9.050726 6
2.145804 21.631848 0.013554 1
6.995862 9.962200 0.054429 1
2.523619 21.072950 4.458145 7
3.871024 9.353145 5.472414 7
2.742747 22.422803 4.800444 6
3.407263 10.555221 5.066938 6
3.162436 22.833125 4.108811 1
3.252870 11.250362 5.667488 1
3.491766 22.270814 5.536500 1
2.673938 10.621687 4.390857 1
2.073133 22.694609 5.282939 1
4.232307 10.978336 4.606431 1
2.101817 20.081893 5.560265 6
4.220814 8.410870 4.481240 6
1.148121 20.327618 5.750074 1
5.004442 8.709519 4.118888 1
2.826306 20.176080 6.289260 1
3.559118 8.433438 3.588202 1
2.007017 19.182156 5.226668 1
4.235957 7.494934 4.808529 1
5.124484 20.174148 3.047888 6
1.213628 8.505633 6.816861 6
4.743385 18.934348 2.456538 6
1.611717 7.260274 7.440001 6
4.289026 19.024411 1.542443 1
2.064979 7.372677 8.293699 1
4.793199 17.751957 3.018477 6
1.576859 5.974076 6.771404 6
4.404273 16.957916 2.512105 1
1.943847 5.339740 7.400182 1
5.301289 17.582644 4.333101 6
1.074148 5.947176 5.666757 6
5.244942 16.755970 4.546418 1
0.898260 5.000063 5.297399 1
5.785985 18.698343 4.965306 6
0.425462 6.957534 4.963703 6
6.424040 18.510258 6.314597 6
0.022338 6.820385 3.623474 6
6.381631 17.573570 6.669905 1
-0.025262 6.023017 3.303027 1
6.731667 19.580321 6.945376 6
-0.439308 7.971032 2.917022 6
-1.863404 19.517926 7.896271 1
8.223531 7.761708 1.962580 1
6.802543 20.875514 6.333235 6
-0.473661 9.111644 3.510629 6
7.082054 21.692432 6.797819 1
-0.802992 9.949564 3.031565 1
6.189342 21.021877 5.139683 6
0.000768 9.429322 4.637127 6
6.161405 21.946815 4.682029 1
0.057929 10.208235 5.005501 1
5.777735 20.037703 4.312869 6
0.466124 8.345438 5.419713 6
3.238077 20.473173 9.359720 6
3.090823 8.776570 0.515282 6
3.459896 19.509318 9.697442 1
2.887208 7.756606 0.118380 1
1.769931 20.596419 8.978300 6
4.468747 8.997184 0.960828 6
1.102136 20.064741 8.966692 1
5.269344 8.453251 0.886596 1
1.859159 21.966862 8.393401 6
4.459963 10.248409 1.478287 6
1.076689 22.435979 7.958754 1
5.166042 10.893823 1.847261 1
3.114401 22.588945 8.519680 6
3.211220 10.935231 1.391672 6
3.517365 0.014692 8.151753 1
2.816399 11.728558 1.624388 1
3.888804 21.430774 9.034753 6
2.264325 9.905790 0.752202 6
5.002234 21.652733 9.222906 1
1.315113 9.881617 0.676095 1
