14.655668 9.951971 1.350207 8
2.748512 0.667243 4.433545 8
5.891395 6.051234 1.348301 8
11.380202 4.638881 4.383837 8
13.941520 10.361081 2.279926 6
3.284298 0.098796 5.339262 6
5.456010 5.495961 2.395415 6
11.913089 5.052766 5.187653 6
14.657057 0.876695 3.169835 6
2.493622 9.808643 0.177679 6
6.048157 4.349075 3.234549 6
11.152810 6.169095 0.302291 6
13.625042 1.602848 3.939548 6
3.676683 8.953591 1.040755 6
5.074198 3.608571 4.069821 6
12.330514 6.931950 1.129773 6
14.153581 2.176756 4.756815 1
3.126602 8.388888 1.847230 1
5.508443 3.169994 4.804435 1
11.683216 7.578691 1.765465 1
13.123395 2.537167 3.078032 8
4.288142 8.149484 0.168894 8
4.400857 2.816607 3.092961 8
12.819938 7.848442 0.221027 8
12.543274 2.979488 3.567951 1
4.770585 7.706585 0.529289 1
3.901199 2.341576 3.494870 1
13.527341 8.366112 0.641348 1
12.764234 0.740351 4.749582 6
4.647495 9.977341 1.838115 6
3.986255 4.514631 4.645894 6
13.151879 5.946952 1.717099 6
13.315941 0.039563 5.243906 1
4.096509 10.523907 2.315753 1
4.515984 5.295718 5.271757 1
12.735539 5.312039 2.268896 1
11.927536 0.059390 3.607405 6
5.284902 0.035374 0.569697 6
3.318387 5.388318 3.612704 6
14.037151 5.348476 0.616534 6
11.513875 9.925279 4.011743 1
5.776652 0.737134 1.101957 1
2.799127 6.101133 4.102198 1
14.496021 4.542101 1.010606 1
11.393317 0.587883 3.210576 1
5.943824 9.981750 0.134621 1
2.642987 4.698533 3.086113 1
14.491028 5.867609 0.144335 1
12.832614 9.915509 2.642047 8
4.467916 0.664232 5.504217 8
4.291884 6.005635 2.555283 8
12.985938 4.580736 5.550796 8
15.670202 0.162044 4.235485 6
1.590584 10.454908 1.186351 6
6.892679 5.297021 4.078462 6
10.349171 5.385551 1.215056 6
15.011200 10.184329 4.784032 1
2.133117 0.517417 1.779810 1
6.440529 5.772323 4.754566 1
10.747951 4.886792 1.848610 1
16.111391 0.732338 4.755680 1
1.211868 9.932834 1.663016 1
7.565541 4.589077 4.717306 1
9.808789 5.915599 1.679498 1
16.192631 10.077026 3.536113 1
0.961331 0.395221 0.755135 1
7.546578 5.716342 3.583840 1
9.757529 4.840754 0.711212 1
16.559350 0.395745 3.997350 1
0.678434 10.337787 1.048295 1
7.865659 4.931848 3.984040 1
9.333288 5.577824 1.139910 1
15.464641 9.826431 4.009714 1
1.712580 0.801711 0.983430 1
6.876519 6.183989 4.004264 1
10.335742 4.404718 1.094540 1
15.355923 0.321230 5.133781 1
1.877438 10.335995 2.060689 1
6.860288 5.107374 5.017746 1
10.440841 5.630586 2.143985 1
15.536691 1.701341 2.349336 6
1.774858 8.853690 5.175368 6
6.997659 3.459754 2.365271 6
10.327491 7.037417 5.249753 6
16.195508 1.209704 1.891004 1
1.174074 9.370045 4.887974 1
7.528880 4.148708 1.880838 1
9.731085 6.616560 4.778574 1
14.976697 2.112007 1.619189 1
2.309239 8.340470 4.525672 1
6.247648 3.032176 1.626272 1
10.857868 7.548003 4.506143 1
16.348816 2.839298 3.035941 6
0.886451 7.730277 0.166711 6
7.631038 2.496112 3.093454 6
9.679691 8.312850 0.023687 6
15.729235 3.613121 3.425401 1
1.711067 7.143616 0.334077 1
7.034429 1.739228 3.310607 1
10.309771 8.885130 0.501145 1
16.804628 2.498889 3.758232 1
0.504217 8.066365 0.836255 1
8.195292 2.832260 3.814134 1
9.045606 7.873930 0.797652 1
17.238955 3.589705 2.016844 6
0.045682 7.063857 5.121256 6
8.667823 1.591511 2.085445 6
8.625674 8.958256 5.066181 6
16.780985 4.009736 1.269408 1
0.595525 6.604110 4.318407 1
8.164364 1.318287 1.428031 1
9.162769 9.296755 4.325865 1
0.570509 3.005058 1.778731 1
16.612249 7.650408 4.788264 1
9.360486 2.322559 1.855353 1
7.971730 8.399674 4.733614 1
0.375320 4.261078 2.599552 1
16.972976 6.160915 5.522138 1
8.986690 0.905708 2.526288 1
8.260907 9.572876 5.602954 1
11.739993 1.404356 5.591325 6
5.488953 9.140391 2.752915 6
3.157264 3.875277 5.592739 6
14.214999 6.673546 2.665519 6
11.099772 0.726613 0.198553 1
6.128548 9.951969 3.036634 1
2.607668 4.494137 0.155550 1
14.786748 5.982418 3.184562 1
11.068556 2.006637 5.037268 1
6.238129 8.639508 2.158248 1
2.519566 3.363706 5.071496 1
14.735425 7.298356 2.045898 1
12.157711 1.844982 0.377247 1
5.160957 8.752724 3.387610 1
3.438975 3.400995 0.385736 1
13.687545 7.302852 3.280655 1
