5.244025 1.622234 1.382415 6
3.527816 5.039334 5.209231 6
12.301667 4.956970 6.325148 6
13.899444 1.697128 2.461013 6
5.888446 1.650506 0.110796 6
2.861584 4.935047 4.065873 6
11.460252 5.004081 7.546082 6
14.708002 1.638412 3.792420 6
6.755151 1.556652 0.064790 1
1.874033 4.947065 4.115590 1
10.537540 5.036947 7.629300 1
15.549841 1.590989 3.662314 1
5.170420 1.599306 6.692400 6
3.425836 4.993511 2.943229 6
12.167092 4.900213 1.108294 6
13.832342 1.592300 4.818023 6
5.579809 1.560841 5.822499 1
3.096057 5.054230 1.977843 1
11.903375 5.034575 1.802554 1
14.308144 1.620395 5.646713 1
3.879786 1.667564 6.829761 6
5.035076 5.030603 2.970068 6
13.697698 4.910541 0.928524 6
12.585206 1.646997 4.885438 6
2.981955 1.599063 5.688900 6
5.762880 4.902547 1.675813 6
14.508919 5.042698 2.047606 6
11.754295 1.750009 6.103043 6
3.346184 1.754532 4.740639 1
5.303799 4.951122 0.934889 1
14.101203 5.053330 2.916913 1
12.055571 1.668477 6.802689 1
1.564773 1.753670 5.839987 6
7.090264 4.936590 1.946641 6
15.932075 4.939667 2.065597 6
10.371091 1.711186 5.963393 6
1.013140 1.680261 4.876353 1
7.686367 4.992656 1.053684 1
16.417042 4.949503 2.719970 1
9.716180 1.659920 6.604218 1
1.073211 1.608394 6.919677 6
7.727132 5.037039 3.092082 6
16.419745 4.909392 0.737891 6
9.672805 1.643879 4.702587 6
17.401582 1.592958 7.156290 1
8.631489 5.042571 3.220375 1
17.384527 4.957511 0.613795 1
8.668979 1.585685 4.512677 1
1.716535 1.734744 0.407549 6
7.066845 4.954682 4.254214 6
15.664398 5.066386 7.308601 6
10.562416 1.724341 3.430248 6
3.160789 1.588795 0.279887 6
5.587714 4.979942 4.280309 6
14.234685 4.958142 7.474243 6
11.808971 1.683864 3.486121 6
5.870386 1.592683 2.582497 6
2.859967 4.920657 6.429952 6
11.448186 4.947255 5.090694 6
14.686509 1.705205 1.248211 6
3.872337 1.716459 1.519392 7
4.774007 4.958999 5.319789 7
13.529360 4.921089 6.371477 7
12.629193 1.631578 2.347881 7
6.389951 1.663826 3.644075 7
2.217886 4.930523 7.512156 7
10.891043 4.975431 4.188054 7
15.211126 1.728368 0.218488 7
1.032405 1.598591 1.703232 7
7.554030 5.015312 5.557586 7
16.342323 4.905184 6.060034 7
9.777327 1.616055 2.185551 7
0.841874 0.643513 2.147373 8
7.850628 6.012320 6.120480 8
16.647613 3.994323 5.476722 8
9.695719 2.704490 1.725734 8
16.552953 5.990824 5.563410 8
9.693471 0.506542 1.649760 8
0.818397 2.730994 2.237461 8
7.814036 3.852508 6.077436 8
