7.111277 6.599817 3.899138 8
5.012770 3.449197 5.631025 8
8.172510 6.399815 4.980245 15
3.918858 3.756598 4.603959 15
9.629685 7.191515 4.288733 6
2.444855 3.040629 5.387483 6
9.868228 6.458207 3.489779 1
2.199030 3.595610 6.016427 1
9.431249 8.397849 3.542187 6
2.812826 1.532570 6.033347 6
10.139750 8.800163 2.951989 1
2.002076 1.417372 6.598586 1
8.226092 8.293788 2.508817 6
4.012129 1.775349 6.938384 6
6.810033 0.572027 2.069187 1
5.538066 9.424030 7.378657 1
6.782201 7.934791 3.337147 6
5.288486 2.311417 6.302110 6
6.613427 8.515405 4.021566 1
5.526996 1.623095 5.667252 1
8.399513 4.983322 5.331273 8
3.765287 5.189442 4.198842 8
7.933671 7.391477 6.168061 8
4.199641 2.721496 3.361086 8
6.968645 7.123397 7.265872 6
5.186837 2.978974 2.462659 6
5.782053 6.609509 6.927117 6
6.389499 3.631085 2.740486 6
5.594824 6.270655 6.098250 1
6.688554 3.788388 3.509591 1
4.793896 6.328344 7.988253 6
7.429720 3.847556 1.793969 6
3.927557 5.890478 7.656042 1
8.248569 4.099291 1.913791 1
5.065227 6.611082 9.295014 6
7.190152 3.401827 0.454916 6
1.748760 5.140380 0.276022 1
10.489067 5.086211 9.229761 1
6.388637 7.255246 9.450099 6
8.672707 4.255350 9.586891 6
3.750349 6.035932 0.844518 1
8.462367 4.046123 8.709414 1
7.325868 7.401857 8.465571 6
4.921232 2.692187 1.094307 6
8.044136 7.741651 8.682835 1
4.129987 2.229248 0.847788 1
2.712647 7.152740 5.160573 8
9.498276 2.752773 4.519384 8
3.208560 6.626896 4.875005 1
9.116524 3.492647 4.555839 1
7.705867 0.740525 4.531509 8
4.458671 9.208035 5.094414 8
8.339162 1.395931 4.544733 1
3.930419 8.691174 5.182095 1
8.542543 7.241679 1.546046 7
3.620905 2.684589 8.107754 7
8.182824 7.573060 0.415707 7
4.082500 2.582314 9.259277 7
10.540643 9.133481 8.965867 7
1.621393 0.997457 0.629022 7
5.637392 7.701807 2.366374 6
6.449580 2.360431 7.256984 6
5.889751 6.957096 1.701584 1
6.211780 3.156752 7.828224 1
5.601824 8.430981 1.931363 1
6.733643 1.637442 7.758444 1
4.830324 7.508658 2.850311 1
7.267290 2.674855 6.611600 1
