6.037023 11.649756 4.478758 22
5.724838 5.512306 1.214024 22
0.168019 0.483174 6.882689 22
0.351810 6.714608 10.323607 22
5.767625 9.664892 3.726245 17
5.882561 3.472681 2.119168 17
0.315612 2.556478 7.835154 17
0.082591 8.724567 9.473017 17
-0.690814 10.770938 6.067232 17
1.248492 4.666398 11.247784 17
6.807337 1.487204 5.582371 17
4.783026 7.720048 0.142853 17
4.645011 11.533851 6.228213 17
4.513962 5.318311 10.910668 17
1.434119 0.761617 5.142526 17
1.588682 6.968661 0.445657 17
4.520977 0.624810 3.262978 17
7.033455 6.685216 2.570734 17
1.622331 11.672701 8.241550 17
-1.007298 5.502001 8.909632 17
7.478101 12.094106 3.195875 8
4.153369 5.989276 2.506876 8
-1.402683 0.295183 8.366118 8
1.856047 6.304485 8.997795 8
1.602807 11.655227 1.183289 6
1.269950 5.671412 4.634487 6
4.356900 0.477547 10.336749 6
4.783296 6.697535 6.922466 6
0.689644 0.258662 1.709089 6
2.461761 6.388891 4.149210 6
5.394684 12.120252 9.815811 6
3.607432 5.901619 7.465800 6
0.328556 1.612920 1.236578 6
2.588197 7.712367 4.439220 6
5.676747 10.710753 10.190879 6
3.470934 4.656466 6.943173 6
-0.263747 1.942419 1.648487 1
3.300787 8.086123 4.118424 1
6.286539 10.256038 9.810582 1
2.828839 4.079412 7.313557 1
1.299298 2.115185 0.247894 6
1.733224 8.109618 5.336342 6
4.724847 10.154737 11.198332 6
4.213267 4.112240 6.124950 6
1.153372 2.859489 0.074480 1
1.911149 9.095034 5.692402 1
7.407567 9.362896 0.025063 1
4.181353 3.149361 5.760705 1
-0.251020 1.333874 11.405937 6
0.781666 7.407619 6.008480 6
6.244326 10.903355 0.155303 6
5.434254 4.886741 5.548990 6
0.438116 1.689547 10.746130 1
0.204394 7.806496 6.649851 1
5.707434 10.558676 0.828917 1
6.018203 4.503503 4.924141 1
2.407916 0.035948 0.242927 6
0.575329 6.158079 5.611576 6
3.515688 0.057399 11.380552 6
5.527350 6.045156 5.911971 6
0.751735 11.806833 11.347366 1
-0.182511 5.705717 5.991096 1
5.405393 0.591896 0.224491 1
6.139379 6.646552 5.553485 1
1.689049 10.355324 1.780413 6
1.310587 4.223996 3.896894 6
4.280741 1.820099 9.662065 6
4.813601 8.069323 7.639224 6
2.651809 10.165685 2.239084 1
0.508901 4.172842 3.466214 1
3.519059 2.017484 9.184057 1
5.692005 8.261980 8.081175 1
1.651416 9.593323 1.086565 1
1.422599 3.579246 4.612702 1
4.363900 2.715240 10.326580 1
4.773363 8.828722 6.830626 1
0.524324 10.245653 2.747234 6
2.544763 4.265135 3.046326 6
5.563662 1.962441 8.816260 6
3.627294 7.964563 8.417801 6
-0.074215 9.711619 2.523208 1
3.161295 3.495707 3.192383 1
6.145674 2.606593 8.998773 1
2.908225 8.792977 8.297616 1
0.915811 10.222928 3.747569 1
2.128881 4.060331 2.055657 1
5.283641 2.014545 7.903996 1
3.880017 8.169067 9.462565 1
-0.001197 11.767710 2.546730 6
3.110348 5.489936 3.178564 6
6.193710 0.585294 8.844201 6
2.972848 6.811951 8.327243 6
