3.897750 7.177203 5.019991 8
7.089266 2.680021 7.633558 8
3.186238 8.410564 7.673482 8
7.983302 4.026284 4.877822 8
5.702502 6.881391 10.533837 8
5.273978 2.240106 2.053593 8
6.078152 6.555618 7.719151 7
4.959222 2.098294 5.088681 7
4.782329 7.607357 6.131465 6
6.315513 3.159402 6.539380 6
3.960126 7.388551 7.300604 6
7.081209 2.902117 5.357545 6
5.222542 7.314820 8.429149 6
5.892406 2.834454 4.308479 6
7.458887 6.949038 7.948122 6
3.507842 2.247938 4.659341 6
8.057197 7.746539 7.049731 6
2.975204 3.229220 5.719391 6
5.995567 6.960270 6.088382 6
4.908879 2.475625 6.440662 6
7.298532 7.679547 5.760480 6
3.698193 3.202385 6.916203 6
4.657158 6.633026 9.602924 6
6.395449 2.237747 3.030164 6
5.291296 6.288660 11.774131 6
5.663753 1.787181 0.726908 6
6.512423 6.497353 0.097361 6
4.368032 1.974057 12.501862 6
7.506731 7.607995 0.034947 6
3.576406 3.054392 0.037638 6
8.448345 7.783763 0.894596 6
2.492477 3.195721 11.674477 6
8.609748 7.032212 2.065015 6
2.417463 2.344819 10.559135 6
7.561793 5.971589 2.227827 6
3.301321 1.480164 10.468325 6
6.691883 5.785697 1.314535 6
4.361877 1.330088 11.416938 6
1.713542 8.298171 7.194906 6
9.163405 3.801636 5.487318 6
1.122393 7.273623 7.971050 6
9.922899 2.792474 4.844231 6
0.412436 7.462989 9.124110 6
10.491257 2.934203 3.466163 6
10.922991 6.306959 9.683528 6
0.025472 1.902951 2.852017 6
10.912007 5.257350 9.258513 6
0.129775 0.697670 3.542331 6
0.374078 4.891087 8.012020 6
10.709285 0.534634 4.830162 6
0.944220 6.004580 7.360336 6
10.131994 1.533790 5.387690 6
4.293984 7.569882 3.723153 6
6.635205 3.065679 8.969582 6
3.189708 7.386194 2.727408 6
7.769852 2.773834 10.072199 6
2.981422 8.328839 1.694262 6
8.040507 3.766153 11.061809 6
2.160149 7.957594 0.645422 6
8.922613 3.519544 12.030870 6
1.349218 6.958867 0.647902 6
9.601113 2.304861 11.935995 6
1.595366 5.908246 1.807817 6
9.350417 1.435261 10.896583 6
2.550399 6.244196 2.789385 6
8.584664 1.803642 9.927286 6
4.869986 8.563501 5.961132 1
6.177081 4.114008 6.835887 1
3.448524 6.687266 7.285206 1
7.388909 2.027914 5.382180 1
5.498228 8.245594 8.473450 1
5.591899 3.811955 4.063668 1
7.922047 5.943466 8.121741 1
3.113614 1.536656 4.647118 1
7.583116 7.291884 8.903327 1
3.437676 2.715540 3.821215 1
9.073543 7.228176 6.770241 1
2.152097 2.789618 5.904152 1
8.241825 8.580337 7.419304 1
2.736966 4.084599 5.269736 1
7.810909 7.314531 5.174057 1
3.211969 2.681991 7.488012 1
7.061312 8.590881 5.535481 1
3.843785 3.979640 7.169524 1
6.049251 6.112744 5.687466 1
5.013170 1.594641 6.937355 1
4.450929 5.814613 9.537376 1
6.564623 1.190463 3.119601 1
4.010675 7.225277 10.041618 1
7.135305 2.524603 2.680336 1
5.141632 5.536101 11.884538 1
5.793115 1.008544 0.819651 1
4.695818 6.798336 12.102865 1
6.413603 2.280527 0.523603 1
7.427063 8.117108 11.967219 1
3.566379 3.581252 0.823615 1
9.280429 8.416164 0.864598 1
1.862975 3.890396 11.863499 1
9.224115 7.073284 2.751626 1
1.655744 2.534966 10.032659 1
7.742464 5.409929 3.005496 1
3.381179 0.894013 9.686929 1
6.069402 5.171213 1.410603 1
5.015198 0.560561 11.233743 1
1.911348 8.127407 6.278727 1
9.228473 3.526199 6.343991 1
1.383204 9.043743 7.167809 1
9.800644 4.498325 5.448599 1
0.547031 8.267377 9.556020 1
10.486172 3.718347 3.151417 1
10.577504 6.615094 10.652074 1
0.629278 2.031531 2.052378 1
10.472698 4.540234 9.534020 1
0.627881 9.032519 2.977426 1
0.318401 4.134188 7.476993 1
10.812842 8.653870 5.139986 1
1.286569 5.816405 6.326919 1
9.701244 1.263209 6.171613 1
5.102007 7.222491 3.430195 1
5.919857 2.565686 9.109672 1
4.584044 8.647410 3.747201 1
6.492669 4.053581 8.971131 1
3.579957 0.038834 1.736171 1
7.468309 4.578718 11.059514 1
2.057889 8.700550 0.049689 1
9.090733 4.096969 12.593176 1
0.673833 6.725362 0.154545 1
10.273255 2.085873 12.585463 1
1.196013 5.218443 1.689818 1
9.978071 0.582938 10.940276 1
2.639169 5.563392 3.433428 1
8.380762 1.194074 9.163781 1
