3.130330 5.410916 11.585226 7
0.099744 5.031053 23.569765 7
6.258424 10.353561 12.448157 7
3.177861 0.128430 0.403819 7
3.735687 5.464219 10.432552 6
5.899883 4.870069 22.396908 6
0.493284 10.138083 13.606289 6
2.663609 0.262961 1.725438 6
4.457780 6.526372 10.102877 8
5.075789 4.068964 22.040774 8
1.242951 9.358204 13.900571 8
1.769852 1.202841 1.922340 8
3.028614 4.755981 9.510023 8
0.047535 5.693463 21.544930 8
6.241051 0.477870 14.594801 8
3.273074 9.915745 2.559575 8
3.657574 4.690601 8.080885 6
5.944213 5.647964 20.076336 6
0.516064 0.540085 16.084227 6
2.707777 10.012753 3.921271 6
2.843945 3.534600 7.470373 6
0.257071 6.931410 19.536622 6
5.942405 1.655118 16.522770 6
3.528092 8.764105 4.639249 6
3.145665 2.777314 7.909353 1
6.313748 7.674080 19.936572 1
6.252249 2.566328 16.084202 1
3.173762 8.058995 4.146959 1
3.043128 3.595874 6.421100 1
0.028484 6.881294 18.565742 1
6.223817 1.766851 17.570930 1
3.219812 8.723362 5.477238 1
1.781229 3.744439 7.603839 1
1.368956 6.699310 19.527268 1
5.017764 1.615629 16.551348 1
4.500816 9.048009 4.470921 1
3.195139 6.127449 7.332642 6
6.271955 4.410302 19.463836 6
6.323696 9.613570 16.703442 6
3.194627 0.800903 4.592988 6
2.329580 6.106875 7.447493 1
0.950088 4.356656 19.531012 1
5.431482 9.541602 16.577069 1
4.141189 0.941940 4.652794 1
3.442182 6.032866 6.348420 1
5.990949 4.500977 18.562068 1
0.361691 9.623828 17.633359 1
2.790954 0.885080 5.662450 1
3.740240 6.715754 7.826127 1
5.744721 3.733736 19.947301 1
0.455152 8.945815 16.276659 1
2.640798 1.604322 4.284930 1
5.180573 4.532599 7.952600 6
4.395658 6.056127 20.096949 6
1.949401 0.806281 15.971772 6
1.260598 9.677700 4.042103 6
5.342551 3.671811 8.514282 1
4.228612 6.949073 20.467385 1
2.038784 1.625448 15.509292 1
0.960155 8.840063 3.613368 1
5.550454 5.157407 8.417441 1
3.838898 5.371368 20.464931 1
2.463959 0.031405 15.626206 1
0.807371 10.382273 3.491611 1
5.413871 4.492718 7.115693 1
4.026829 6.179649 19.085751 1
2.279010 0.843008 17.013929 1
0.916136 9.598062 4.994298 1
2.024120 4.354977 11.934483 6
0.980494 6.152682 23.822872 6
5.310302 0.931242 12.241265 6
4.141195 9.598017 0.042437 6
2.308464 3.405101 11.478800 1
0.755397 6.897309 23.434648 1
5.418058 1.839587 12.547521 1
3.876621 8.707000 0.620182 1
0.715391 4.753818 11.539101 6
2.334538 5.625802 23.569645 6
3.795689 0.415547 12.620251 6
5.556545 10.024160 0.485359 6
0.705026 6.125694 10.974643 8
2.583455 4.479624 23.067943 8
3.766192 9.768825 12.934834 8
5.785478 0.861521 1.043887 8
6.047567 6.101750 10.764145 1
3.357555 4.395914 22.793040 1
2.925574 9.567331 13.170668 1
0.144750 0.852033 1.262079 1
6.102546 3.994014 11.447922 8
3.382579 6.487673 23.522090 8
2.909487 1.229471 12.554164 8
0.211961 9.260572 0.481970 8
2.107840 4.235060 13.446486 6
0.914778 6.170962 1.483774 6
5.276826 0.904551 10.598139 6
4.109120 9.604742 22.620459 6
2.759312 3.697987 13.647182 1
0.235037 6.970053 1.712346 1
6.055047 1.666192 10.408880 1
3.495692 8.767597 22.402426 1
1.323410 4.075177 13.812111 1
1.786155 6.372944 1.704105 1
4.555766 1.199425 10.259519 1
4.938324 9.357686 22.196453 1
2.704557 5.603819 13.785354 6
0.582834 4.805329 1.924759 6
5.749956 10.002784 10.158485 6
3.600399 0.361422 22.220675 6
1.740590 6.352970 13.806269 1
1.271174 4.142410 1.732067 1
4.953321 9.547206 10.277109 1
4.446349 1.118857 22.213620 1
3.299197 5.704406 15.358233 6
6.299950 4.620632 3.349770 6
0.021782 9.878286 8.698083 6
3.140618 0.499331 20.793707 6
2.076168 5.458363 16.250095 6
1.100949 5.098983 4.303781 6
5.311028 10.346145 7.680170 6
4.125031 0.245959 19.744739 6
1.319216 5.966326 16.107047 1
1.767587 4.489241 4.204866 1
4.601194 9.824931 7.864709 1
4.894695 0.800910 19.806191 1
2.545910 5.558775 17.285315 1
0.563661 5.048146 5.150836 1
5.769874 10.287192 6.936681 1
3.762247 0.218223 18.944088 1
1.849774 4.473353 16.104827 1
1.208134 5.945316 4.070001 1
5.038650 0.732115 7.827350 1
4.394211 9.736203 19.993355 1
3.663847 7.156109 15.643678 6
5.898863 3.362749 3.571591 6
0.600992 8.579626 8.431831 6
2.597343 1.905166 20.587692 6
2.936575 7.909511 15.481899 1
0.185607 2.658662 3.404717 1
6.153801 7.841602 8.684502 1
3.440618 2.483937 20.628417 1
4.483241 7.480939 14.973962 1
5.073647 3.069145 2.894078 1
1.202199 8.212778 9.076546 1
1.927918 2.267798 21.227784 1
4.093407 7.341020 16.406746 1
5.456030 3.283355 4.447629 1
0.839668 8.449807 7.531347 1
2.265571 1.961730 19.674687 1
4.480954 4.841931 15.498086 6
5.041900 5.617370 3.454557 6
1.339667 0.467653 8.609040 6
1.861198 10.059148 20.543360 6
5.215880 5.173059 14.856181 1
4.332314 5.480385 2.867380 1
1.889919 0.110307 9.306326 1
1.252553 10.395884 21.276049 1
4.165151 3.970121 15.378381 1
5.279622 6.579858 3.327069 1
1.058694 1.284621 8.804655 1
2.082356 9.082062 20.774693 1
4.693413 5.022942 16.418074 1
4.802383 5.531889 4.348940 1
1.640462 0.311698 7.639332 1
1.566995 10.121338 19.606780 1
3.527540 6.154271 12.668541 6
5.833947 4.248089 0.749211 6
0.355306 9.669706 11.299576 6
2.795034 0.991447 23.351343 6
3.478109 7.087229 12.582884 1
6.030156 3.439751 0.443347 1
0.365844 8.650393 11.389417 1
2.819103 1.898295 23.470622 1
4.490140 5.990746 12.876291 1
4.963215 4.545147 1.005582 1
1.341407 9.807651 11.140749 1
1.719081 0.684359 23.157431 1
