0.180266 1.900011 2.277282 35
1.570771 13.928187 5.962717 35
3.400959 22.428314 14.017578 35
1.793911 10.303298 10.535236 35
2.933276 4.633758 2.028181 6
4.787287 16.918389 6.209023 6
0.374482 19.506923 14.461568 6
-1.417368 7.442610 10.285568 6
3.834227 4.910157 2.262540 1
4.024350 17.019180 5.960575 1
-0.381632 19.325241 14.012802 1
-0.556282 7.272476 10.427289 1
2.246214 3.656709 2.280685 6
-0.542522 15.752356 5.818282 6
1.185095 20.678510 13.984686 6
3.996736 8.570273 10.531387 6
2.822222 2.915661 2.821332 1
5.176587 15.070027 5.223892 1
0.705806 21.290415 13.502993 1
-1.678930 9.135815 11.181027 1
1.057618 3.385840 1.810083 6
0.747366 15.462406 6.384811 6
2.359448 20.959435 14.536095 6
2.699329 8.693752 9.987031 6
0.351532 4.380092 1.052439 6
1.326737 16.481497 7.065419 6
3.101774 19.823802 15.263410 6
2.267745 7.825429 9.249626 6
5.677198 4.183200 0.704462 1
2.116715 16.309554 7.316515 1
-2.282270 20.048344 15.610437 1
1.374394 7.911312 9.043859 1
1.080809 5.466671 0.671642 6
0.632656 17.666734 7.367128 6
2.364633 18.830939 15.724746 6
2.837467 6.590771 8.878395 6
0.635693 6.063524 0.267986 1
0.972375 18.184473 8.025069 1
2.757511 18.130617 16.144013 1
2.402906 5.929780 8.401800 1
2.518209 5.726873 1.179107 6
-0.715436 17.855640 7.065895 6
0.941251 18.485479 15.136432 6
4.098725 6.393520 9.383941 6
3.105994 6.959642 0.723647 6
4.784029 19.171221 7.357470 6
0.231053 17.383859 15.645054 6
-1.172020 5.284932 9.060168 6
2.609583 7.523210 0.232324 1
-0.914526 19.651825 8.080839 1
0.821978 16.857231 16.194437 1
4.374569 4.740343 8.350971 1
3.741241 7.868525 2.051619 6
4.289324 19.946126 6.198913 6
-0.248596 16.365541 14.442134 6
-0.757096 4.240039 10.124137 6
4.491108 7.287397 2.479053 1
3.416987 19.574646 5.731587 1
-0.904512 16.894942 14.009798 1
0.060158 4.809538 10.648240 1
4.072145 9.148084 1.452413 6
3.682706 21.270724 6.724497 6
-0.771065 15.095021 14.824077 6
-0.252022 3.003073 9.690411 6
4.548497 9.726662 2.167028 1
3.321045 21.731125 6.018196 1
-1.169308 14.540667 14.078106 1
0.184104 2.523538 10.430528 1
4.739133 8.992906 0.688409 1
3.058165 21.231616 7.363906 1
-1.313905 15.180218 15.569595 1
0.459974 3.024794 9.000060 1
3.043402 10.137191 1.034420 6
4.878601 22.168309 7.182864 6
0.465617 14.083805 15.334815 6
-1.336759 2.027493 9.255937 6
3.321006 10.990099 0.705730 1
4.613803 23.211147 7.338124 1
0.112375 13.213619 15.616215 1
-1.117635 1.169977 8.880915 1
2.721642 9.769202 0.094179 1
-0.862776 21.799090 8.049005 1
0.730319 14.652172 16.254354 1
4.295871 2.452755 8.345412 1
1.986605 10.187843 1.923615 6
-0.196769 22.297783 6.155122 6
1.661445 14.139043 14.355717 6
3.705169 1.861943 10.217253 6
1.156610 10.706408 1.605248 1
0.558895 22.896189 6.506488 1
2.277759 13.645735 14.859549 1
2.953905 1.451973 9.744133 1
2.166812 10.763571 2.858000 1
-0.411422 22.811475 5.405526 1
1.277199 13.549472 13.566593 1
3.862845 1.378887 11.018966 1
1.388049 8.800227 2.432456 6
0.373483 20.979007 5.826107 6
2.130984 15.418727 13.929575 6
3.117030 3.400992 10.725051 6
0.773609 8.976455 3.245831 1
1.085079 21.099552 4.918512 1
2.737078 15.347266 13.103407 1
2.463246 3.226747 11.323420 1
0.924287 8.408713 1.735627 1
0.764479 20.388514 6.505793 1
2.486862 15.827246 14.748399 1
2.766652 3.873566 9.819448 1
2.569271 8.063538 2.921720 6
-0.753585 20.243430 5.276958 6
0.847029 16.155801 13.408808 6
-1.823930 4.190812 11.233053 6
2.599651 7.764430 4.300273 6
5.156729 19.864566 4.019399 6
0.798769 16.573909 12.092062 6
-1.733507 4.465777 12.541848 6
2.002615 8.041248 4.876059 1
-0.276883 20.138889 3.307333 1
1.552585 16.348251 11.662126 1
3.613439 4.066099 12.991092 1
3.622014 5.750310 5.248866 6
4.267264 17.835522 2.916968 6
-0.130221 18.630432 11.147101 6
-0.643903 6.466977 13.405113 6
4.819734 4.869889 4.979876 6
3.206689 16.971015 3.297951 6
-1.195073 19.362636 11.314872 6
0.305572 7.311403 13.280196 6
-0.507830 5.142425 4.703224 1
2.330025 17.356122 3.599334 1
4.055231 19.059962 11.688304 1
1.199223 6.817803 12.766985 1
4.631444 3.473232 5.276723 6
3.259782 15.647857 2.939084 6
-1.244792 20.816246 11.145602 6
0.263520 8.617028 13.479292 6
-0.704505 2.928438 5.038973 1
2.604216 15.131895 3.109128 1
4.151815 21.277599 11.190003 1
0.895755 9.178606 13.335293 1
3.390756 3.103792 5.833468 6
4.423996 15.158130 2.495717 6
0.130139 21.263097 10.678364 6
-0.943964 9.161079 13.967978 6
2.327823 3.759310 5.890586 6
5.510837 16.013587 2.295256 6
1.153062 20.454260 10.480742 6
-2.088344 8.190522 14.190220 6
1.575925 3.449358 6.247264 1
0.110365 15.636497 1.997438 1
1.924465 20.805816 10.000867 1
3.296888 8.652051 14.412821 1
2.428558 5.308850 5.765837 6
5.277434 17.283018 2.526743 6
1.027689 19.033658 10.789643 6
-1.837840 6.834070 13.853987 6
1.704390 5.840279 5.813436 1
0.015345 18.001419 2.327574 1
1.701566 18.543252 10.607661 1
3.570042 6.351566 14.090146 1
2.233903 1.170119 6.346081 6
5.595586 13.249373 1.812864 6
1.316634 23.223895 10.016258 6
-2.155397 11.042739 14.489575 6
1.945650 1.499228 7.233112 1
-0.078587 13.582630 1.030584 1
1.654590 22.656829 9.234958 1
3.567196 10.702881 15.359431 1
2.312983 0.149726 6.497016 1
5.512947 12.197639 1.612489 1
1.117337 24.084260 9.809542 1
-1.975750 12.087280 14.743517 1
1.431734 1.097696 5.744724 1
0.282679 13.402307 2.592232 1
1.885242 22.970535 10.799687 1
3.304721 10.975014 13.956502 1
4.763154 7.895124 5.599721 6
3.076599 20.106914 2.736490 6
-1.372998 16.474472 10.817073 6
0.278842 4.296763 13.645893 6
5.109332 10.327509 6.004921 6
2.735228 22.310329 2.217103 6
-1.584334 13.918879 10.258777 6
0.649408 1.881899 14.135393 6
0.402898 10.243007 6.057994 6
1.328485 22.399677 2.004428 6
3.050092 13.985625 10.262526 6
2.257342 1.875571 14.288796 6
0.714847 9.545535 6.573218 1
0.969241 21.523711 1.645793 1
2.636479 14.746073 9.781122 1
2.434410 2.769687 14.770894 1
0.695989 11.048998 6.571125 1
1.005648 23.228223 1.608682 1
2.706109 13.191149 9.728986 1
2.450405 1.031096 14.906252 1
0.814011 10.321361 5.289407 1
0.900659 22.553028 2.958541 1
2.546608 13.831330 11.231114 1
2.661491 1.844483 13.370749 1
4.612720 11.528252 5.268008 6
3.283393 23.569438 2.818000 6
-1.068595 12.720017 10.974588 6
0.126917 0.732990 13.607974 6
4.956877 11.621289 4.394958 1
2.966011 23.787959 3.736654 1
-1.487409 12.689100 11.959745 1
0.496278 0.533539 12.699645 1
4.813642 12.304340 5.789487 1
3.035276 0.193084 2.377679 1
-1.419028 12.018671 10.484841 1
0.410424 24.063526 14.163642 1
3.547560 11.461092 5.278578 1
4.332895 23.588595 2.987552 1
-0.201237 12.912154 11.046695 1
-0.820630 0.620519 13.534476 1
4.409349 10.025365 7.369374 6
3.471522 22.134617 0.887518 6
-1.053448 14.248946 9.044783 6
0.144675 2.017092 15.634704 6
3.603332 10.108989 7.228314 1
4.464534 22.322891 0.809671 1
-0.010361 14.121713 9.010478 1
-0.965496 1.954057 15.595656 1
4.772995 10.891186 8.063259 1
3.128253 22.903486 0.184389 1
-1.208160 13.411325 8.432861 1
0.267694 1.392510 16.241919 1
4.843827 9.287538 7.709755 1
3.208313 21.293804 0.398450 1
-1.281105 15.046625 8.547055 1
0.325020 2.907129 16.074599 1
3.755900 7.032091 4.856444 7
4.003564 19.276060 3.254824 7
-0.297334 17.050868 11.435846 7
-0.685095 4.990518 13.075822 7
4.349248 6.671646 0.127234 8
3.552138 18.676482 8.159309 8
-0.933004 17.621181 16.366787 8
0.045075 5.492018 8.196865 8
1.594346 6.109648 15.738308 1
3.676622 18.300023 8.776011 1
1.988016 18.081507 0.539200 1
-0.282252 6.017098 7.606302 1
3.494518 1.689930 6.021152 8
4.398996 13.734435 2.259871 8
-0.027107 22.676667 10.378292 8
-1.072742 10.468976 14.097060 8
4.692945 9.216297 5.076641 8
3.326440 21.218903 3.088624 8
-1.071765 15.034337 11.324621 8
0.126233 2.875358 13.435088 8
-0.554825 7.492777 6.334232 8
2.236686 19.584030 2.042847 8
3.951872 16.776956 10.179378 8
1.215525 4.660107 14.432017 8
