1.635004 9.725462 0.314258 7
1.272511 4.640867 4.022357 7
4.143342 0.671859 8.473828 7
4.583349 5.713864 4.766071 7
5.701160 9.919216 7.110297 7
3.014951 4.881296 6.225530 7
0.055444 0.412738 1.865683 7
2.737315 5.613116 2.610248 7
0.651344 8.949667 8.020386 6
1.034460 3.899157 5.275548 6
5.192781 1.374275 0.947962 6
4.790962 6.507663 3.587418 6
0.012455 9.588817 6.801495 6
1.642693 4.395819 6.400076 6
5.854469 0.679022 2.014425 6
4.192569 5.830519 2.322644 6
5.102253 0.234454 5.779906 6
3.679064 5.359187 7.338704 6
0.843629 10.181053 2.997992 6
2.107807 4.975529 1.473022 6
3.644017 0.442364 6.096893 6
5.091550 5.619575 7.164931 6
2.213100 9.957239 2.635357 6
0.665639 4.755197 1.687702 6
3.483759 1.253375 7.442767 6
5.445629 6.320611 5.851539 6
2.422047 9.275457 1.497839 6
0.520425 4.038802 2.932179 6
5.635900 0.511488 8.163722 6
3.207120 5.662766 4.921151 6
0.183783 10.058218 0.675009 6
2.731533 4.795515 3.732252 6
-0.733278 1.790293 8.130351 6
2.484057 6.904443 5.205672 6
6.631812 8.629900 0.726461 6
3.341584 3.512632 3.627703 6
0.343535 8.066675 7.973627 1
1.396755 2.780499 5.229163 1
5.585201 2.268438 0.785363 1
4.419732 7.522711 3.554127 1
1.693317 8.848864 7.785283 1
-0.111191 3.776141 5.447055 1
4.044470 1.374791 0.959038 1
5.938957 6.581093 3.436754 1
0.530390 0.160346 6.496683 1
0.996752 5.377619 6.724635 1
5.297879 10.371075 2.312617 1
4.853641 5.070447 2.028409 1
0.017214 9.017763 5.962697 1
1.714055 3.717602 7.352464 1
5.779963 1.376302 2.877119 1
4.201563 6.499049 1.557892 1
5.429667 0.999332 5.462655 1
3.307374 6.205118 7.651443 1
0.258590 9.286119 3.332903 1
2.534848 4.112176 1.091721 1
5.263448 9.852954 5.038098 1
3.606001 4.690868 8.188908 1
0.710468 0.473512 3.707116 1
2.350896 5.565993 0.639341 1
3.177331 9.903622 6.207187 1
5.508256 4.788535 6.972786 1
2.684064 0.404019 2.552199 1
0.298884 5.710622 1.928764 1
3.099522 0.784332 5.247403 1
5.549027 5.964388 7.803038 1
2.649448 9.629304 3.386035 1
0.156458 4.289072 0.960275 1
3.670363 2.116654 7.212317 1
5.074121 7.366596 6.025497 1
2.187883 8.342974 1.506443 1
0.881286 3.105658 2.879693 1
2.375368 1.310998 7.554829 1
-0.786501 6.455851 5.668442 1
3.483730 9.124681 1.176281 1
6.526932 4.019392 3.124155 1
5.749676 2.482494 7.602854 1
2.975167 7.557231 5.594640 1
-0.001397 7.894227 1.269087 1
2.816954 2.797563 3.206989 1
0.870058 2.188709 0.150199 1
2.082372 7.269712 4.263629 1
4.913180 8.230102 8.645713 1
3.659337 3.075247 4.519281 1
-0.051633 1.773984 7.594340 1
1.701227 6.892635 5.612626 1
5.885144 8.745723 1.234711 1
4.159974 3.441970 3.091273 1
