-3.621953 4.186660 6.745941 6
-0.756177 11.619882 11.452225 6
4.002944 10.643172 5.484101 6
0.923533 3.299126 0.569975 6
-3.057364 5.551481 6.975626 6
-1.435367 12.999794 11.080405 6
3.188254 9.337552 5.143714 6
1.610006 1.909009 1.017556 6
-2.677929 5.821234 8.390506 6
-1.721549 13.238412 9.816644 6
2.924545 9.056106 3.781506 6
1.843368 1.757478 2.313591 6
-2.912427 5.148117 9.132822 1
-1.594417 12.529656 9.190921 1
3.054099 9.852427 2.998655 1
1.736146 2.215453 2.994653 1
-2.087205 6.870201 8.732417 6
-2.299838 14.436347 9.545097 6
2.255241 7.883924 3.317635 6
2.631437 0.570977 2.701115 6
-1.630352 7.945502 7.735172 6
-2.802312 0.352879 10.448615 6
1.937335 7.012833 4.304375 6
2.861524 14.409218 1.787483 6
-1.272029 8.749794 8.153733 1
-3.097831 1.187524 10.026368 1
1.521553 6.265819 3.980911 1
3.376229 13.781189 2.073191 1
-1.957830 7.703946 6.432955 6
-2.447600 0.245501 11.737217 6
2.098997 7.300537 5.675787 6
2.673269 14.862557 0.316156 6
-1.615708 8.343236 5.919160 1
6.473329 0.793158 0.202795 1
1.826102 6.667764 6.304510 1
-6.251826 14.033790 11.958406 1
-2.670161 6.493600 6.142918 6
7.408300 13.864937 0.074149 6
2.821958 8.539167 5.964309 6
1.985454 0.968456 0.003392 6
-2.893695 6.273443 4.634652 6
7.651745 13.654664 1.531620 6
3.115217 8.664457 7.467980 6
-7.583670 1.257809 10.662641 6
-1.934914 5.931977 4.420979 1
6.889031 13.495865 1.640518 1
2.190196 9.029450 7.699091 1
-6.605336 1.444625 10.307891 1
6.447190 7.207593 3.749018 6
-1.701549 14.658370 2.328027 6
-6.213822 7.701884 8.411128 6
1.789281 0.120072 9.793909 6
-2.350402 7.989900 3.924800 1
7.186102 0.435486 2.099909 1
2.640969 6.951005 8.051259 1
-6.940729 14.405970 10.056310 1
5.652896 7.671595 3.848435 1
-0.659345 0.158942 2.217899 1
-5.289694 7.380472 8.467971 1
1.020767 14.843378 9.729642 1
6.677432 6.870320 2.240384 6
-1.839285 14.474898 3.879093 6
-6.457219 7.930043 9.900938 6
2.222434 0.534152 8.163012 6
6.107403 5.490285 1.933735 6
-1.409454 13.031994 4.261416 6
-6.028472 9.375860 10.261284 6
1.580731 1.915489 7.984108 6
5.893082 5.305821 0.437833 6
-1.118051 12.657177 5.630305 6
-5.677710 9.732668 11.531484 6
1.328000 2.301796 6.580212 6
-3.042561 5.838538 12.042704 1
-1.342434 13.393463 6.179132 1
3.326783 9.068266 0.204819 1
1.556519 1.715823 5.818416 1
5.455058 4.013331 0.224138 6
-0.521236 11.378528 5.828002 6
-5.308035 10.914926 11.938410 6
0.818797 3.558230 6.287861 6
5.121147 3.159065 1.189189 6
-0.211192 10.575409 4.967606 6
-4.823907 11.884555 10.977108 6
0.354603 4.381451 7.081369 6
4.750477 2.243303 0.864962 1
0.146303 9.781142 5.205878 1
-4.392365 12.764766 11.270562 1
0.084973 5.288881 6.925692 1
5.243668 3.356995 2.347931 6
-0.331878 10.877724 3.701560 6
-4.931328 11.528975 9.602873 6
0.681652 4.165784 8.553006 6
4.941425 2.859982 3.031978 1
-0.084746 10.175923 3.017971 1
-4.712598 12.234893 9.093598 1
0.381774 4.794625 9.227563 1
5.820215 4.611812 2.757774 6
-0.998586 12.161772 3.187564 6
-5.526018 10.254034 9.187377 6
1.223818 2.859858 8.978813 6
5.878895 4.923340 4.352713 6
-1.056468 12.357410 1.735662 6
-5.822687 9.916101 7.838035 6
1.401661 2.556433 10.342767 6
-2.776498 4.302648 4.513111 1
7.614712 11.777945 1.625080 1
2.929243 10.644089 7.726324 1
-7.342651 3.097486 10.571324 1
5.099875 4.283264 5.224188 6
-0.258734 11.856495 0.752479 6
-4.869727 10.685401 6.863789 6
0.462919 3.152539 11.389729 6
4.933020 3.419002 4.828479 1
0.043593 10.921107 1.070459 1
-4.541106 11.597947 7.137899 1
0.282590 4.013628 10.978782 1
4.284508 4.756642 5.313588 1
0.506557 12.310045 0.859784 1
-4.114184 10.012095 6.920560 1
-0.373333 2.687672 11.392948 1
-3.036596 3.112163 7.340418 6
-1.488507 10.548603 10.891917 6
3.169925 12.002935 4.858741 6
1.634386 4.461539 1.194297 6
-2.903580 3.062145 8.298667 1
-1.468585 10.455424 9.889064 1
3.144437 11.832791 3.939467 1
1.762460 4.302327 2.157813 1
-1.999894 2.990925 6.856470 1
-2.265275 10.539835 11.378812 1
2.207034 11.929341 5.262333 1
2.610920 4.395058 0.775831 1
-3.439798 2.225164 6.883762 1
-0.903589 9.568560 11.198494 1
3.670475 12.815071 5.235988 1
1.122977 5.345098 0.823739 1
-4.995456 4.184927 7.299913 6
0.736387 11.643851 10.746146 6
5.201106 10.635098 4.658889 6
-0.519020 3.281445 1.377567 6
3.810519 3.416836 7.088619 1
-8.386457 10.890076 11.016468 1
-3.671721 11.502817 5.050170 1
8.412218 3.970267 0.936356 1
3.858323 4.977360 7.133185 1
-8.283207 12.457302 11.047856 1
-3.634409 9.816291 5.081550 1
8.446877 2.479252 1.110920 1
-4.955786 4.286605 8.458502 1
0.479117 11.686521 9.824415 1
5.183525 10.727184 3.729419 1
-0.299935 3.171961 2.257451 1
5.902858 8.029679 1.676590 6
-0.977492 0.603468 4.460464 6
-5.700897 6.978761 10.407849 6
1.274558 14.339749 7.631890 6
6.116474 8.910833 1.937269 1
-1.354903 1.513048 3.983988 1
-5.974280 6.070110 10.041076 1
1.455444 13.606231 8.094837 1
4.868266 7.758875 1.894144 1
-0.182386 0.459733 4.006206 1
-4.783415 7.060016 10.173570 1
0.348169 14.505200 8.074598 1
5.896525 7.983759 0.646681 1
-0.972368 0.516661 5.390619 1
-5.675484 6.822033 11.428301 1
1.228650 14.368877 6.791174 1
8.079232 7.063289 1.594397 6
-3.321606 14.606903 4.593853 6
-7.871505 7.851129 10.584405 6
3.585182 0.450822 7.649790 6
8.100342 7.064303 0.561113 1
-3.211861 14.391873 5.502415 1
-7.744921 8.035189 11.546522 1
3.318454 0.533570 6.704450 1
-0.750167 6.416624 1.833490 1
5.643563 13.791298 4.265033 1
0.901754 8.598950 10.221226 1
-5.308765 1.125849 7.989956 1
-1.019569 8.068529 1.664672 1
5.881199 0.434881 4.275327 1
1.202217 6.924769 10.303362 1
-5.537013 14.407474 7.722932 1
-2.124785 6.849110 3.689827 6
6.887008 14.354414 2.525519 6
2.226737 8.057481 8.498844 6
-6.661060 0.515904 9.745133 6
-1.169870 6.545926 3.528498 1
6.028951 14.056346 2.483617 1
1.414100 8.502299 8.474301 1
-5.841132 0.989974 9.646451 1
-1.898211 7.773626 3.830164 1
6.924484 0.333031 2.231939 1
2.118938 7.116741 8.146544 1
-6.610625 14.455754 9.913085 1
-3.413539 3.695403 5.197927 6
8.290272 11.260510 0.839969 6
3.555982 11.048294 6.839642 6
-8.094443 3.775874 11.352612 6
-2.570470 3.338702 5.294480 1
7.352434 10.815516 0.821146 1
2.747775 11.591559 6.911189 1
-7.154130 4.034202 11.299235 1
5.367119 3.040993 4.924106 1
-0.554832 10.605413 1.067585 1
-5.314353 11.937319 7.225325 1
0.888752 4.367535 11.027608 1
-1.751079 7.129981 10.117619 9
-2.753724 14.717455 8.087971 9
1.915859 7.814954 2.071307 9
2.885741 0.291036 3.939313 9
-4.052423 3.752902 10.979395 9
-0.473021 11.259366 7.166342 9
4.106714 11.257880 1.086627 9
0.728934 3.748379 5.004383 9
