8.319046 -1.234841 7.614984 16
1.052508 12.627488 13.950434 16
8.852783 9.437170 0.862928 16
0.502036 1.774148 20.564764 16
8.217996 4.495434 10.200158 14
1.240642 6.787807 11.200701 14
7.682466 15.332340 1.928970 14
1.506733 -4.096359 19.451641 14
6.597836 -1.904286 9.395069 9
2.718020 13.203569 11.983232 9
2.549286 15.012733 7.486261 9
6.788202 -3.676518 13.842079 9
4.076984 14.181702 8.725056 9
5.087226 -2.854015 12.737211 9
6.388971 9.744758 1.315436 9
2.964491 1.692260 20.273652 9
7.177013 7.888750 2.067853 9
2.134033 3.385023 19.540918 9
6.787838 1.801529 21.322091 9
2.637128 9.596080 0.097402 9
7.389628 0.056416 7.270535 8
1.902541 11.240395 14.116073 8
9.084417 -0.888190 8.554685 8
0.283441 12.262974 12.967590 8
8.549072 -1.900822 6.466459 8
0.717954 13.214076 14.988482 8
5.280840 2.195734 8.011059 8
4.092764 9.089763 13.421747 8
7.920100 2.950241 6.364756 8
1.365668 8.243064 15.118798 8
8.911491 10.242615 2.390349 8
0.368715 1.021827 19.284980 8
8.456275 3.999518 21.482582 8
0.730246 7.231952 0.152540 8
9.845850 8.472195 0.926188 8
-0.478401 2.879664 20.719681 8
7.711987 12.246032 4.446985 8
1.517728 -0.939821 16.860452 8
-2.299151 12.640853 2.939209 8
11.642528 -1.347401 18.519195 8
7.523436 0.501284 4.884267 6
1.976428 10.926565 16.532426 6
6.629050 0.023789 6.061024 6
2.599949 11.252571 15.346508 6
5.322545 0.037004 5.985603 6
3.995146 11.279339 15.374779 6
4.638522 0.052637 4.814186 6
4.603228 11.213401 16.777805 6
5.306402 0.319547 3.647295 6
3.879423 10.966370 17.879709 6
6.812181 0.454253 3.714634 6
2.575611 10.663599 17.735633 6
4.434275 -0.203338 7.254216 6
4.835872 11.433183 14.118340 6
3.526681 0.849278 7.290409 6
5.843009 10.307413 14.019039 6
3.951356 2.226258 7.676502 6
5.439022 9.168704 13.759460 6
3.030712 3.255677 7.758230 6
6.240414 8.020685 13.767823 6
1.720757 3.099873 7.389389 6
7.739350 8.328036 14.122976 6
1.130759 1.820117 7.061521 6
8.125369 9.501939 14.375603 6
2.167302 0.675242 7.163886 6
7.207924 10.463879 14.481751 6
3.491556 4.723755 7.909302 6
5.816963 6.552356 13.599519 6
4.182027 5.222194 6.751562 6
4.998628 6.215131 14.832019 6
5.699931 5.415799 6.611117 6
3.632801 5.913795 14.784313 6
6.331627 5.672462 5.413296 6
2.986265 5.679875 16.028648 6
5.523843 5.813333 4.281418 6
3.878142 5.520049 17.233945 6
4.047706 5.636627 4.359071 6
5.155378 5.689922 17.166489 6
3.559084 5.317054 5.507382 6
5.832286 5.954150 15.985491 6
7.728567 5.725091 5.353870 6
1.583587 5.504864 16.115005 6
8.414813 4.513806 4.550816 6
0.801500 6.697625 16.907034 6
8.462177 3.362906 5.038703 6
0.928456 8.028365 16.441834 6
9.010220 2.260950 4.425572 6
0.222629 9.015949 17.097144 6
9.607884 2.486501 3.170024 6
-0.319848 8.865925 18.199940 6
9.566381 3.671421 2.683675 6
-0.338062 7.569654 18.810028 6
8.999602 4.787457 3.389220 6
0.216469 6.481891 18.077323 6
8.940999 0.867012 5.025785 6
0.419961 10.344726 16.527238 6
4.766633 0.486228 2.177140 6
4.608950 10.714465 19.294467 6
3.276619 0.395012 2.261752 6
6.123830 10.994556 19.043756 6
1.715943 17.125773 1.328258 6
7.666537 -5.700929 20.016650 6
5.038144 1.755186 1.738001 6
4.153885 9.536385 19.822662 6
-0.212777 1.606546 6.780951 6
9.636761 9.686163 14.748397 6
12.383775 0.458236 7.736916 6
-2.976972 10.846678 13.896796 6
12.017314 2.746859 6.694766 6
-2.796265 8.580565 14.707798 6
-0.273143 1.020011 5.229196 6
9.739396 10.446675 16.109144 6
3.229048 5.946943 3.087546 6
6.003746 5.361646 18.367432 6
2.167908 4.833476 2.816791 6
7.165463 6.342465 18.534628 6
2.450325 7.178096 3.312933 6
6.741316 3.984970 18.137567 6
4.008552 5.889765 1.843355 6
5.300918 5.409210 19.761940 6
10.332642 4.041060 1.339213 6
-0.998225 7.132503 20.198979 6
10.857311 2.814598 0.651153 6
-1.564137 8.450672 20.816408 6
11.323226 5.130052 1.361527 6
-2.043928 6.184136 20.082000 6
9.156180 4.590686 0.264174 6
0.102248 6.713753 21.156761 6
7.046478 -2.421192 8.334996 6
5.784470 -3.920793 13.127399 6
6.339743 5.202369 7.851451 6
2.865803 6.030490 13.701702 6
7.196492 4.915797 8.745831 6
2.264256 6.289501 12.674055 6
8.881998 5.980389 11.011599 6
0.435328 5.192189 10.553926 6
9.564587 3.404545 9.497684 6
-0.124459 7.949003 11.838542 6
7.108592 3.565315 11.316263 6
2.195025 7.849920 10.048229 6
-2.157398 9.665294 3.308109 6
-1.668759 1.721090 18.053529 6
9.672912 9.759201 3.424235 6
-0.390680 1.627788 18.043618 6
8.880700 9.240083 4.429001 6
0.413771 2.019984 17.065614 6
9.680671 8.683792 5.660783 6
-0.194398 2.573518 16.015561 6
10.875209 8.521558 5.525707 6
-1.690123 2.779181 15.921039 6
-1.631987 8.925965 4.524583 6
10.775753 2.292362 16.929434 6
7.381544 9.593660 4.543757 6
1.977517 1.850618 16.952359 6
7.204439 10.361447 5.875776 6
2.091173 0.932693 15.703291 6
7.362374 11.817023 5.796660 6
1.914674 -0.405529 15.679220 6
7.328939 12.535418 6.985682 6
1.956867 -1.208461 14.589469 6
6.933166 11.911732 7.993344 6
2.464318 -0.668797 13.401179 6
6.640942 10.617524 8.198056 6
2.735755 0.642694 13.367438 6
6.797710 9.730684 7.126573 6
2.668795 1.464994 14.369864 6
7.778379 14.032532 6.836914 6
1.725318 -2.631247 14.680870 6
9.165099 14.154822 6.987022 6
0.054748 -2.759760 14.492919 6
-3.351588 14.571043 5.819809 6
12.543051 -3.219912 15.809968 6
-1.942059 14.478082 5.797676 6
11.273830 -3.131085 15.750402 6
-1.172891 14.020259 6.921634 6
10.494952 -2.830523 14.508390 6
-1.871445 13.663102 8.134585 6
11.268679 -2.339386 13.360519 6
-3.396707 13.808060 7.951832 6
12.651443 -2.429617 13.364653 6
-1.064940 14.714642 4.525825 6
10.427232 -3.504095 16.990956 6
-0.442463 13.543784 4.092970 6
9.582527 -2.221420 17.499932 6
-1.113685 12.498106 3.318100 6
10.405596 -1.315935 18.122094 6
-0.380279 11.393293 3.022415 6
9.705487 -0.020277 18.512467 6
0.892745 11.150799 3.129331 6
8.325240 0.111863 18.373195 6
1.681905 12.204447 3.887068 6
7.711098 -0.841225 17.572143 6
0.980277 13.269647 4.323145 6
8.377021 -2.026625 17.271121 6
-1.265818 10.274254 2.235008 6
10.508256 1.128674 19.130949 6
-1.480782 7.798143 6.807317 6
10.765115 3.489022 14.705668 6
10.948329 6.581390 7.246853 6
-1.621000 4.616531 14.203119 6
10.694730 7.626143 7.850735 6
-1.403252 3.572035 13.569334 6
-1.519175 8.707503 7.904371 6
10.857898 2.431004 13.580206 6
-0.290506 8.641058 7.053016 6
9.615129 2.534119 14.286816 6
-0.155716 7.238742 6.411422 6
9.491482 3.962997 15.015109 6
-1.182788 6.527769 6.213489 6
10.390749 4.861661 15.202813 6
6.193432 9.926104 9.647238 6
3.108138 1.376794 11.892412 6
5.981713 8.441652 9.530710 6
3.406375 2.696590 11.966542 6
4.965411 10.685020 10.045824 6
4.272605 0.636629 11.317851 6
7.423045 10.146716 10.546624 6
1.987978 1.181754 10.974983 6
-1.201901 13.294126 9.343084 6
10.605242 -2.044189 11.978282 6
-1.967486 12.420385 10.100254 6
11.352838 -0.965485 11.257675 6
-0.970632 14.567230 10.157107 6
10.361247 -3.180768 11.263017 6
0.130555 12.767159 9.164661 6
9.300735 -1.466255 12.288919 6
3.181503 11.876409 4.226506 6
6.201920 -0.577443 17.297411 6
3.152827 10.780877 5.281601 6
6.069935 0.351230 16.210616 6
3.817946 13.281156 4.592294 6
5.492499 -1.891362 16.796187 6
3.943767 11.332120 3.063613 6
5.496633 -0.165414 18.390895 6
7.275597 8.696004 1.061565 6
2.164882 2.485675 20.543370 6
9.158856 14.952447 4.490228 6
0.157102 -3.643156 16.877406 6
8.602474 15.193819 3.504704 6
0.693985 -3.817015 18.032375 6
5.998746 15.844418 2.225556 6
3.271423 -4.473379 19.128685 6
8.704786 16.809568 1.089594 6
0.633916 -5.563562 20.420766 6
7.848290 13.789037 1.042528 6
1.412156 -2.644509 20.505818 6
5.534407 3.068865 8.271610 1
3.752258 8.137910 13.271553 1
7.675164 3.680623 6.844270 1
1.529531 7.510742 14.586111 1
7.927980 13.214672 4.607980 1
1.305865 -1.975610 16.949494 1
-2.666724 13.448277 3.265957 1
11.958175 -2.200157 18.305142 1
3.638230 -0.069735 4.835098 1
5.596207 11.210410 16.704874 1
7.319909 0.738991 2.878870 1
2.027027 10.555075 18.429975 1
4.039690 -1.063560 7.205194 1
5.343060 12.405773 14.354691 1
4.954992 -0.299510 8.016779 1
4.408005 11.511308 13.443681 1
1.106652 3.668797 7.369866 1
8.322347 7.547339 14.068505 1
1.884113 -0.196656 6.788558 1
7.514631 11.505908 14.597573 1
2.705574 5.337822 8.061745 1
6.636486 5.961958 13.410417 1
4.029919 4.689606 8.659747 1
5.179365 6.652617 12.892230 1
6.036023 5.898840 3.457688 1
3.475110 5.285232 17.997347 1
2.664529 5.298755 5.477240 1
6.742579 6.056885 16.035417 1
8.079244 6.554665 4.937096 1
1.411857 4.801171 16.577253 1
8.091266 5.770376 6.124644 1
1.183402 5.505927 15.197324 1
9.919695 1.842871 2.672608 1
-0.572397 9.488527 18.760116 1
8.963158 5.563549 2.985290 1
0.376138 5.721296 18.414738 1
9.232265 0.818275 5.963300 1
0.168776 10.463924 15.562280 1
9.486356 0.193487 4.528584 1
-0.033236 11.087337 16.925194 1
2.977904 0.098258 3.268454 1
6.407984 11.151824 18.351066 1
2.896607 1.189150 2.166551 1
6.562148 9.970157 19.286440 1
2.796008 -0.303341 1.650823 1
6.462483 11.509529 19.796414 1
1.779511 16.236600 1.973336 1
7.452299 -4.935630 19.591605 1
0.912422 16.864991 0.696021 1
8.455456 -5.474733 20.728809 1
2.477970 17.321161 1.018856 1
6.987546 -6.050804 20.590054 1
5.326358 2.426405 2.309853 1
4.015176 8.793036 19.069131 1
5.820307 1.814625 1.035652 1
3.577059 9.522478 20.420628 1
4.268843 2.154185 1.187471 1
4.916596 9.141244 20.376465 1
-0.480650 0.672489 8.529122 1
9.918400 10.602014 12.991006 1
11.380222 0.626048 7.645127 1
-1.988727 10.745682 13.902112 1
12.594715 -0.425623 7.487333 1
-3.306656 11.640909 14.058917 1
11.867256 2.898410 7.495741 1
-2.449866 8.366740 13.835657 1
-0.644973 3.431483 6.321085 1
9.979126 7.755576 15.029851 1
11.275984 2.714031 6.038627 1
-1.987623 8.611044 15.386703 1
12.738175 -0.068952 5.286421 1
9.680542 11.400445 16.143345 1
12.163190 1.236280 4.877255 1
-2.774501 10.067895 16.707074 1
0.419161 1.169066 4.742215 1
8.851028 10.081342 16.657133 1
2.026412 4.496343 3.647373 1
7.324917 6.939330 17.792976 1
1.421462 5.228692 2.551159 1
7.929359 6.022636 18.934562 1
2.478405 4.091095 2.249628 1
6.775983 7.071043 19.169962 1
2.393871 7.397093 4.132466 1
7.073302 3.875747 17.186158 1
3.081253 7.955100 2.927107 1
6.354258 3.382269 18.592515 1
1.625603 7.209493 2.862650 1
7.537333 4.048462 18.739248 1
4.930486 5.535921 1.884294 1
4.372550 5.727983 19.576981 1
3.468875 5.459251 1.023227 1
5.697181 5.832356 20.493022 1
4.224660 6.964461 1.597306 1
5.056747 4.353442 20.016017 1
11.011567 2.179719 1.324100 1
-1.727406 9.095258 20.277898 1
10.261378 2.462800 0.045391 1
-0.689467 15.167235 0.038058 1
11.630644 3.033867 0.196799 1
-2.424030 8.289754 21.200447 1
11.612750 5.093078 2.245938 1
-2.268116 6.033664 19.202098 1
12.036901 5.012309 0.850592 1
-2.682419 6.296212 20.756658 1
10.912781 5.908597 1.126002 1
-1.655194 5.218654 20.274423 1
8.286523 4.509697 0.836361 1
0.985256 6.718305 20.784063 1
9.281915 5.360949 0.087912 1
0.293211 12.252251 0.097962 1
8.721237 -2.446884 20.968253 1
0.643169 13.690272 0.374849 1
8.810929 5.812391 12.040352 1
0.448004 5.474019 9.535529 1
9.622845 6.185204 10.675539 1
-0.438268 5.103230 10.804068 1
8.339213 6.744095 10.824449 1
1.178824 4.534560 10.746809 1
9.854620 2.927418 10.329580 1
-0.626069 8.440647 11.226698 1
9.120873 2.841208 8.819941 1
0.162667 8.384522 12.616795 1
10.183669 4.011179 9.224462 1
-0.878989 7.262863 12.177620 1
7.565096 3.547401 12.305308 1
1.799380 7.851028 9.338322 1
6.264989 3.927792 11.430069 1
3.134496 7.254624 10.045045 1
6.920172 2.676262 11.165991 1
2.347827 8.670375 10.458909 1
9.078004 8.345663 6.398274 1
0.206008 2.841876 15.087173 1
-0.650526 8.969551 4.369352 1
9.911228 2.470364 17.001340 1
7.007910 9.914609 3.913347 1
2.165933 1.286860 17.581725 1
6.991598 8.633036 4.621810 1
2.257890 2.505213 16.738429 1
6.685032 12.402060 8.780109 1
2.532725 -1.283789 12.697542 1
6.512723 8.879720 7.138806 1
2.683897 2.333644 14.326754 1
7.351233 14.354792 6.019432 1
2.053140 -3.067497 15.358929 1
7.394541 14.512107 7.606107 1
1.920658 -3.069095 13.874746 1
-0.364830 13.964459 7.012267 1
9.618748 -2.711134 14.487867 1
9.380550 13.544255 8.779118 1
-0.021047 -2.126876 12.758629 1
-1.522101 15.132234 3.880870 1
10.962329 -3.794134 17.640501 1
-0.465738 15.459277 4.786503 1
9.692205 -4.051459 16.623988 1
1.419492 10.433350 2.881433 1
8.068769 0.841807 18.507602 1
1.403399 14.030874 4.786673 1
7.856620 -2.747394 16.773160 1
-0.606765 9.499869 1.931411 1
9.946080 1.633717 19.457235 1
-1.715370 10.565616 1.557742 1
11.143469 0.766218 19.886295 1
4.978289 8.315217 9.471152 1
4.371868 2.845697 11.948122 1
6.379648 8.083710 8.719314 1
3.022749 3.056407 12.821199 1
6.214560 7.988447 10.293432 1
3.114387 3.289042 11.177242 1
5.109965 11.023754 11.100761 1
4.241440 0.357501 10.539259 1
4.808374 11.442426 9.533668 1
4.589022 -0.126693 11.876085 1
4.344581 10.182776 10.162747 1
5.099625 1.175623 11.306771 1
8.258119 9.754509 10.305062 1
1.158244 1.527933 11.371099 1
7.585401 11.059120 10.661962 1
1.779609 0.182770 10.958623 1
7.159879 9.776912 11.305042 1
2.156661 1.419817 10.106173 1
-2.952976 12.588683 10.345851 1
12.325369 -1.370706 11.309785 1
-1.986840 11.390824 9.836895 1
11.495676 -0.152693 11.755053 1
-1.664510 12.332361 10.987059 1
10.929715 -1.025426 10.343545 1
-0.705374 14.318518 11.154053 1
9.990788 -3.103142 10.489344 1
3.173027 -2.767369 9.896494 1
6.019091 14.018732 11.730168 1
1.662523 -2.781952 10.275798 1
7.659921 13.984226 11.172628 1
0.037029 11.701317 8.824379 1
9.302024 -0.387314 12.523410 1
0.628432 13.212419 8.522991 1
8.673802 -1.838922 12.859994 1
0.542093 12.652259 9.931739 1
8.682321 -1.356858 11.415186 1
2.489795 10.776590 5.850591 1
6.842120 0.435542 15.796822 1
3.366993 10.060503 4.775456 1
5.864627 1.303661 16.647030 1
4.060724 11.000764 5.774970 1
5.435308 0.177377 15.620040 1
4.176091 12.996829 5.591023 1
5.196218 -1.749365 16.036290 1
4.470530 13.374993 4.104511 1
4.832957 -2.083132 17.510190 1
3.152709 13.812389 4.666364 1
6.188449 -2.619554 16.978318 1
3.673133 10.490271 2.934514 1
5.675598 0.811382 18.598349 1
3.579036 11.794954 2.196685 1
5.733697 -0.558529 19.129918 1
4.839222 11.403838 3.250625 1
4.451553 -0.144424 18.308370 1
5.812923 16.010152 3.137611 1
3.504890 -4.617137 18.169126 1
5.836255 16.585305 1.861306 1
3.488650 -5.324163 19.727702 1
5.503398 15.097802 2.090008 1
3.782360 -3.711645 19.477435 1
12.899914 -0.550266 1.841816 1
-0.029075 -5.869990 19.659763 1
8.935308 16.437238 0.297775 1
0.349940 -5.127280 21.054348 1
11.571757 -0.283793 0.973427 1
-2.361823 11.461463 20.435722 1
6.955104 13.571180 0.790473 1
2.231247 -2.337424 20.718378 1
8.486400 13.973519 0.160727 1
0.808547 -2.661900 21.173862 1
8.419780 13.104593 1.480143 1
0.947147 -1.876322 19.970059 1
