2.044000 4.625089 0.361952 8
0.395433 5.802784 0.672124 8
1.279173 1.707321 0.214190 8
1.391670 2.115468 0.913030 1
5.224480 4.915976 4.214039 8
0.411894 3.485919 3.987676 8
-0.136695 -0.939666 4.267882 8
4.343077 -0.101727 4.081151 8
-0.083889 0.570504 6.750207 6
0.102580 1.250627 5.998586 1
-0.983405 0.646074 6.753913 1
0.581388 1.323348 8.104418 6
1.490021 1.299800 7.950029 1
0.192097 2.239150 8.036334 1
0.213504 0.543999 9.196955 6
-0.779860 0.541693 9.290995 1
0.703836 -1.019285 9.295586 6
-0.017824 -1.674809 7.884995 6
-0.949415 -1.467805 8.065780 1
-0.076620 5.350794 7.670840 6
-0.244910 4.868836 8.609867 1
0.778322 5.233905 7.622070 1
-0.858427 4.600703 6.647015 6
-0.634237 3.725280 6.628269 1
-0.523716 5.516913 5.343661 6
0.315639 5.297046 5.175962 1
-0.504721 -1.436373 5.580563 6
5.104156 -1.310672 5.710332 1
0.421626 -0.747165 6.519277 6
4.155305 4.616096 6.990467 6
3.823174 5.475821 7.006146 1
3.856449 3.977156 8.336290 6
4.275124 4.553608 9.076569 1
4.128073 3.173752 8.399963 1
2.913093 4.000188 8.483167 1
3.351394 3.750829 5.950613 6
3.519298 3.977487 5.057154 1
2.509776 3.753480 6.084642 1
3.694746 2.846967 6.128023 1
1.882882 -0.912124 6.196379 6
2.022703 -1.727290 5.945613 1
2.404486 -0.449375 6.925565 1
1.928770 -0.306270 5.406371 1
2.169007 -1.283727 9.460394 6
2.405714 -2.027145 9.305131 1
3.578660 2.612263 0.225192 1
2.635050 -0.813297 8.693434 1
1.320569 5.474084 0.924574 6
2.094625 6.087714 2.067045 6
3.017752 5.586541 2.111070 1
1.764769 5.980065 2.973475 1
2.273722 7.002018 1.947396 1
5.831258 4.049059 3.504955 6
5.107707 3.597245 2.254173 6
4.434447 4.170762 2.213956 1
4.836458 2.705633 2.255644 1
5.690597 3.676519 1.466313 1
5.371176 -0.208823 3.537020 6
5.656781 -0.054407 2.210666 6
0.032143 -0.227545 1.900133 1
5.682172 0.862754 1.975912 1
5.082195 -0.445053 1.515437 1
2.247410 1.793903 2.749250 8
2.780724 1.426771 3.362857 1
1.751789 2.269803 3.105777 1
