-1.155974 0.735325 7.638930 16
3.316461 5.266128 1.685007 16
0.464952 0.638251 6.329129 16
1.826836 5.114783 2.929252 16
6.823902 0.039093 5.621704 7
5.121405 5.704014 3.726793 7
7.302699 -0.368642 4.272608 7
-4.983189 6.071171 5.034887 7
6.389932 0.360648 3.431342 7
-4.256666 5.462052 5.897760 7
-3.090406 -1.170374 7.569222 7
5.426594 7.025049 1.722262 7
-3.638231 -0.287523 8.780023 7
5.736458 6.162413 0.552182 7
-1.156746 2.400514 0.099814 7
3.366662 3.490433 9.199487 7
-2.247257 -0.569940 6.754074 6
4.458114 6.334029 2.685039 6
-1.701007 -1.191130 6.304952 1
3.861593 7.064359 3.019709 1
1.541142 -0.749177 7.082627 6
0.889738 6.633648 2.202003 6
0.900142 -1.566020 7.251104 1
1.348416 7.380953 2.054437 1
2.448656 -1.163324 5.964564 6
-0.147619 6.971443 3.268811 6
3.124770 -1.937335 6.325705 1
-0.774732 7.827425 2.964434 1
3.044307 -0.332799 5.894917 1
-0.783329 6.184909 3.323724 1
2.024131 -1.459405 5.266969 1
0.276684 7.258955 4.106314 1
2.149260 -0.376337 8.346561 6
0.176940 6.297917 0.860035 6
2.473441 -1.258288 8.681259 1
-0.192610 7.050873 0.545784 1
1.351128 -0.205017 8.995885 1
0.845786 6.068925 0.144274 1
2.664146 0.335304 8.335150 1
-0.482523 5.614680 0.889446 1
5.894843 0.923020 5.500254 6
-3.579465 4.957690 3.752755 6
5.602957 1.136689 4.249083 6
-3.315960 4.790061 5.206921 6
4.553202 1.887596 3.626694 6
-2.235004 3.949379 5.655273 6
4.380344 1.885571 2.759153 1
-2.034607 3.940067 6.511046 1
3.765113 2.622691 4.727613 6
-1.481972 3.241618 4.649614 6
2.996732 3.183568 4.401847 1
-0.736623 2.796018 4.846782 1
4.024412 2.500141 5.986057 6
-1.819958 3.491342 3.183989 6
3.601842 2.977058 6.648451 1
-1.214464 2.901058 2.709870 1
5.054183 1.569253 6.486593 6
-2.809266 4.224719 2.690039 6
-4.448512 1.534015 7.460274 1
-3.011588 4.233835 1.924308 1
6.093146 -2.356218 7.597575 6
-3.868023 8.161242 1.637235 6
5.242056 -2.275377 8.791102 6
-3.003194 8.205918 0.494730 6
0.138954 5.714574 9.211818 6
2.176558 0.042816 0.104601 6
7.159231 -0.081052 0.614065 1
-5.031181 5.807952 8.655349 1
0.319434 4.749252 8.320608 6
2.025521 1.178562 0.978567 6
-0.223212 3.975184 8.538175 1
2.547206 1.958648 0.759871 1
0.935022 4.662080 7.243076 6
1.161676 1.039340 2.084475 6
0.919820 3.867799 6.594516 1
1.161226 1.947290 2.752670 1
1.844965 5.724826 6.820015 6
0.511343 -0.058391 2.566452 6
2.360621 5.852461 6.003671 1
-0.038101 -0.062782 3.311095 1
