6.599864 3.346570 2.851952 6
11.397591 0.292394 2.632523 6
11.168427 2.851899 7.999695 6
6.395047 5.976313 8.379870 6
4.146874 2.324869 2.492954 6
13.618662 5.455468 2.873631 6
13.478185 3.778132 8.245266 6
4.028479 0.815826 7.858415 6
3.476305 1.830401 2.958344 1
14.352106 4.957441 2.394839 1
14.115387 4.472564 7.771514 1
3.482035 1.374869 8.432132 1
4.397539 1.868306 1.691028 1
13.381825 5.064962 3.804284 1
13.230464 4.148616 9.085804 1
4.385306 1.166307 7.113023 1
4.726402 4.618815 1.678382 6
13.069665 1.596474 3.796318 6
13.068831 1.610896 9.076596 6
4.541492 4.533854 7.163546 6
5.063633 4.317207 0.767555 1
12.877149 1.280416 4.610063 1
12.741648 1.813771 10.037126 1
4.882865 4.856697 6.147788 1
4.382588 5.656710 1.681769 1
13.550910 2.397513 3.810976 1
13.404133 0.723673 9.144966 1
4.187527 3.792715 6.998791 1
3.669463 3.851510 2.187994 6
14.260490 0.635464 3.127051 6
14.122706 2.459516 8.658027 6
3.566889 5.477372 7.605606 6
3.467782 4.170413 3.128953 1
14.441479 0.981072 2.316496 1
14.423382 2.146308 7.632317 1
3.310866 5.128948 8.463333 1
5.502844 2.509689 3.512348 6
12.416889 5.594609 2.036917 6
12.292123 3.777621 7.415336 6
5.334876 0.647200 8.841332 6
5.889351 1.592464 3.543188 1
12.063954 4.555162 1.948847 1
11.998444 4.679745 7.308134 1
5.624746 1.484621 8.961216 1
5.175711 2.774901 4.358328 1
12.784561 5.837724 1.128074 1
12.628504 3.502790 6.597743 1
5.129221 0.401257 9.780953 1
5.903612 4.677790 2.546276 6
11.896392 1.537779 2.784117 6
11.747916 1.450488 8.262336 6
5.848057 4.520180 7.943970 6
5.726661 5.116130 3.438969 1
12.118681 2.031765 1.947461 1
11.928798 1.057169 7.429184 1
5.568774 4.074021 8.778601 1
6.628890 5.332335 2.079444 1
11.212425 2.215541 3.157833 1
11.183908 0.914313 8.697458 1
6.419645 4.040700 7.486085 1
7.850688 3.416763 3.904247 6
10.113161 0.417203 1.543367 6
9.968935 2.815684 6.919555 6
7.687866 5.843745 9.182791 6
8.284903 4.075454 3.574825 1
9.473760 1.144346 1.876554 1
9.443531 2.062682 7.300742 1
8.290545 5.088518 8.990018 1
7.444895 3.694338 4.638053 1
10.385489 0.558054 0.639258 1
10.204730 2.433270 6.112217 1
7.240389 5.555114 10.156029 1
2.294568 3.743278 1.490709 6
15.505797 0.503337 3.974792 6
15.356509 2.582515 9.343747 6
2.133667 5.603196 6.810329 6
7.014806 2.801053 1.507385 6
10.830229 5.841550 3.794832 6
10.748147 3.416377 9.273196 6
6.964054 0.365187 7.021031 6
1.934342 5.109041 1.072225 6
16.022659 1.953747 4.250500 6
15.972537 0.994620 9.673336 6
1.779450 4.175084 6.404746 6
1.856109 5.681328 1.880854 1
16.203393 2.506084 3.473776 1
15.941389 0.604153 8.978940 1
1.654452 3.651670 7.245615 1
0.906337 4.972284 0.585302 1
16.932683 1.977909 4.789791 1
16.743274 1.195980 10.107410 1
0.732776 4.305535 6.146529 1
2.475095 5.519071 0.409297 1
15.356368 2.369015 4.937488 1
15.369707 0.752565 10.421333 1
2.241640 3.743506 5.817362 1
1.263333 2.911032 2.182399 6
16.717620 5.970220 3.167831 6
16.538667 3.340684 8.668044 6
1.093323 0.172613 7.616739 6
1.435883 2.096258 2.256855 1
16.345450 5.168905 3.087425 1
16.273269 4.147760 8.580771 1
1.271273 1.026841 7.748773 1
0.457937 3.014680 1.625721 1
17.482073 6.028470 3.819111 1
17.216338 3.270901 9.145228 1
0.326772 0.221715 7.143245 1
1.106979 3.332210 2.934945 1
16.740580 0.336473 2.370970 1
16.629992 2.740434 7.777081 1
0.938485 5.924209 8.320922 1
2.607906 3.030365 0.058848 6
15.354925 6.155384 5.274052 6
15.142929 3.236016 10.719859 6
2.381535 0.218209 5.557390 6
3.109500 3.313667 10.342986 1
14.531298 0.242492 5.851292 1
14.746177 2.797180 0.375180 1
3.155038 5.929346 4.938940 1
1.465583 2.994840 10.419219 1
16.005500 6.191097 5.976405 1
16.221108 3.188091 0.459303 1
1.718172 0.076117 4.870172 1
2.774750 2.134171 0.110836 1
15.048561 5.139324 5.177165 1
15.002875 4.092426 10.639928 1
2.630371 0.994313 5.683942 1
7.416599 2.363214 0.626878 7
10.464451 5.476389 4.888037 7
10.288041 3.918405 10.153480 7
7.142342 0.702576 6.075544 7
8.579013 2.260545 3.985032 8
9.436931 5.252466 1.506441 8
9.318949 4.006049 6.874157 8
8.422012 0.778746 9.402648 8
8.155656 1.778856 4.453264 1
9.684931 4.916295 0.979222 1
9.528830 4.468416 6.337412 1
8.044066 1.296183 9.949613 1
