-0.549733 6.405224 6.933005 8
0.407778 8.865311 1.701501 8
2.136712 14.077170 6.928715 8
3.052231 1.354598 1.702057 8
4.192635 8.245923 8.009577 8
5.019720 7.171431 2.696382 8
1.500205 0.538198 8.027351 8
2.187686 14.891244 2.714164 8
-0.565240 7.780893 7.261592 6
0.320507 7.596596 2.034400 6
2.112997 0.002298 7.218207 6
2.942049 15.232659 1.917709 6
0.467645 8.533748 6.290409 6
1.191894 6.818906 1.032438 6
3.094143 0.746014 6.333342 6
3.972765 14.586018 0.946736 6
-0.083254 8.547787 5.362313 1
0.744635 6.796112 0.104693 1
2.741875 0.862038 5.347496 1
3.463068 14.479848 0.091576 1
1.270482 9.779455 6.712412 6
2.091993 5.664294 1.383366 6
3.925538 2.133272 6.635935 6
4.736496 13.328467 1.457424 6
1.831975 9.444035 7.401074 1
2.755841 5.914623 2.087569 1
-0.866213 1.836906 7.339345 1
-0.042947 13.583989 2.010563 1
1.945871 10.290768 5.297535 6
2.754615 5.218542 0.182661 6
-0.736664 2.563240 5.349377 6
0.058265 12.919752 0.089252 6
2.683095 10.732299 5.608504 1
3.557416 4.490544 0.445199 1
-0.093168 3.137591 5.649378 1
0.789454 12.296448 0.368882 1
2.619778 9.073173 4.709639 6
1.813373 6.424050 9.940614 6
-0.131306 1.408563 4.631685 6
-1.042678 14.015622 9.799923 6
3.204331 9.252636 3.953573 1
2.443189 6.035745 9.227673 1
0.510202 1.473926 4.003528 1
-0.324514 13.819749 9.291718 1
2.427160 7.776999 4.799449 6
1.621839 7.669894 10.103256 6
-0.321212 15.342625 4.931270 6
-1.188164 15.247301 10.083420 6
2.782672 7.131902 4.447656 1
2.051376 8.217383 9.556616 1
0.149542 14.787701 4.384406 1
-0.717275 0.688474 9.532056 1
1.546347 7.398952 5.908356 6
2.355419 8.107634 0.682031 6
4.261057 14.971160 5.972729 6
4.970798 0.250523 0.655990 6
2.115820 7.291097 6.875978 1
2.773750 8.237093 1.475513 1
-0.715966 14.945083 6.899195 1
0.017320 0.510228 1.528569 1
0.458701 6.185313 5.822415 6
1.351723 9.143787 0.680225 6
3.227076 13.940382 5.814666 6
4.084405 1.566993 0.553400 6
0.159315 6.052127 4.998328 1
-0.700146 9.140290 10.313122 1
2.806047 13.903449 4.969733 1
1.996081 1.513076 10.202903 1
0.889946 5.295486 5.933000 1
1.734315 10.110326 0.741274 1
3.768317 12.985869 5.937503 1
4.446796 2.303640 0.677879 1
0.383016 10.746411 7.281290 6
1.098634 4.521385 2.019328 6
3.028229 3.143692 7.153361 6
3.833321 12.246097 2.032998 6
-0.465579 10.910912 6.768764 1
0.391758 4.378183 1.354928 1
2.265154 3.197256 6.691167 1
3.060712 12.094400 1.350365 1
0.786398 11.748674 7.376480 1
1.596531 3.716243 2.049638 1
3.492425 3.942288 7.220019 1
4.329235 11.284888 2.067394 1
0.011030 10.590124 8.166651 1
0.797246 4.740747 2.858553 1
2.734221 2.948546 8.080198 1
3.567417 12.416602 2.815972 1
0.966420 11.024146 4.438972 6
0.162999 4.469118 9.714221 6
3.775269 3.281342 4.443148 6
2.902050 12.055503 9.743836 6
1.433540 11.252476 3.583317 1
0.661335 4.242825 8.780691 1
4.162341 3.451815 3.554275 1
3.519639 11.909783 8.817495 1
0.810388 11.763833 4.710923 1
-0.009793 3.463116 10.052771 1
3.390713 4.066914 4.877261 1
2.667463 11.215962 9.979573 1
0.239272 10.411239 4.170337 1
-0.569068 5.004265 9.435285 1
2.973009 2.698170 4.148409 1
2.207322 12.650115 9.487658 1
