8.278231 8.285055 5.160833 7
5.717648 3.370081 5.430234 7
9.770595 5.800964 1.049026 6
4.215577 5.876583 9.557226 6
10.041269 6.993185 0.638472 6
3.994036 4.685639 9.909018 6
10.765487 7.498149 0.956644 1
3.248931 4.148003 9.523740 1
11.207065 10.490841 10.313227 6
2.820553 1.016243 0.256498 6
11.434147 11.503529 10.155174 1
5.681517 8.951575 0.458388 1
9.941670 10.054863 9.746793 6
4.010029 1.611381 0.857070 6
9.545382 10.410381 9.219456 1
4.537567 1.121930 1.476974 1
9.742856 8.832543 10.027336 6
4.356723 2.863408 0.516205 6
8.956178 8.340611 9.664749 1
5.170854 3.341699 0.973080 1
8.514870 5.040855 0.361256 6
5.395533 6.508495 10.249149 6
8.298699 3.882823 0.782118 6
5.690244 7.853611 9.846445 6
7.568504 3.376441 0.302944 1
6.580094 8.155081 10.327702 1
8.944615 2.963651 1.546777 6
4.985370 8.582184 8.929448 6
8.694390 1.735499 2.022615 6
5.296249 9.899982 8.666118 6
8.004757 1.354461 1.594192 1
6.075015 10.424877 9.063428 1
9.413811 0.975897 2.726788 6
4.651890 10.615764 7.711306 6
12.167408 8.960849 3.067533 1
1.813828 2.616988 7.561272 1
1.260048 1.527091 3.309114 6
12.653484 10.152466 7.114075 6
4.739321 9.851238 3.955698 1
9.319277 1.845745 6.617105 1
1.682980 2.795408 3.226084 6
12.384619 8.830071 7.384941 6
2.394092 3.220615 3.464029 1
11.604554 8.530091 7.073499 1
10.108337 3.583275 2.259667 6
3.864331 7.936320 8.424413 6
10.599639 4.960487 1.912958 6
3.445458 6.658420 8.590555 6
2.420580 5.619535 2.549811 6
11.614952 6.207959 8.153088 6
3.564901 5.975946 2.937814 6
10.545398 5.689518 7.557567 6
4.757430 6.462932 3.594015 6
9.350765 5.132201 6.974759 6
4.850037 6.955050 4.873041 6
9.338783 4.728348 5.743110 6
3.945462 6.837911 5.460753 1
9.937276 4.915548 5.229316 1
5.854468 7.432900 5.312120 6
8.134961 4.162346 5.128129 6
5.942809 7.702102 6.360434 1
8.041259 3.885490 4.323808 1
7.102168 7.747684 4.614515 6
7.016371 3.955672 5.928042 6
6.946542 7.312304 3.204777 6
6.999409 4.489682 7.232829 6
7.733147 7.453365 2.753600 1
6.309565 4.208952 7.912071 1
5.822965 6.654953 2.782956 6
8.124045 4.857751 7.902114 6
5.728195 6.409938 1.780804 1
8.300795 5.086268 8.751363 1
8.383784 8.496917 6.395950 6
5.742378 3.037614 4.078119 6
9.204048 8.966617 6.598781 1
4.770635 2.779185 3.967579 1
8.292431 7.777888 7.091420 1
5.816230 3.930298 3.484496 1
7.673469 9.258340 6.665843 1
6.406328 2.450793 3.778253 1
9.414738 8.289542 4.272235 6
4.628764 3.445446 6.297834 6
10.079552 8.726953 4.866389 1
3.878003 3.087972 5.780585 1
9.300003 8.567299 3.581761 1
4.789553 2.915291 7.073680 1
9.598695 7.249350 4.104876 1
4.334867 4.420613 6.367099 1
