5.691865 7.269071 12.637644 6
3.462396 3.123150 3.324721 6
0.321061 2.194279 15.530468 6
2.686965 8.206923 6.141037 6
5.967053 7.965820 12.031401 1
3.319276 2.407774 2.612698 1
0.238399 2.728815 16.196884 1
2.853652 7.550217 6.901325 1
0.374974 5.983552 12.801137 6
2.772876 4.439894 3.428527 6
5.785056 0.739780 15.464839 6
3.275884 9.505578 6.124765 6
0.830694 5.754482 11.938778 1
2.119052 4.520369 2.588815 1
5.192798 0.533304 16.164475 1
3.940556 9.886046 6.857613 1
0.481685 5.679604 13.705584 1
2.504513 4.840226 4.184317 1
5.636873 0.458455 14.489730 1
3.690717 10.018397 5.187240 1
5.187610 7.853177 13.969233 6
3.985675 2.500078 4.569563 6
0.874777 2.717162 14.210197 6
2.114979 7.715801 4.754272 6
4.772440 8.814500 13.937280 1
4.417063 1.595390 4.582298 1
1.371608 3.523195 14.289868 1
1.619368 6.789179 4.976520 1
0.074024 7.995971 14.977870 8
3.009160 2.315453 5.527410 8
5.972530 2.825695 13.301298 8
3.147546 7.546973 3.885312 8
4.246775 6.847065 14.600185 6
4.813163 3.536780 5.194690 6
1.739039 1.647812 13.674962 6
1.340518 8.821579 4.125211 6
3.635893 7.206397 14.989608 1
5.635701 3.175755 5.629726 1
2.584109 1.871475 13.121663 1
0.507228 8.448782 3.861149 1
5.208712 6.079585 15.552424 8
3.984937 4.289170 6.163500 8
0.959924 1.045812 12.590501 8
2.116714 9.382938 3.187932 8
4.002844 5.862039 13.433880 6
5.272772 4.602675 3.963821 6
2.241672 0.539384 14.683722 6
0.896196 9.725615 5.246345 6
3.054670 6.210587 13.271480 1
0.073160 4.287054 3.813288 1
3.012801 0.825106 15.080004 1
0.004655 9.451378 5.689584 1
4.414764 4.159282 13.693337 1
4.687049 6.384960 4.231673 1
1.626049 9.254769 14.464420 1
1.431309 1.042430 5.082274 1
3.884213 4.579329 13.815868 8
5.392328 6.007196 4.530020 8
2.402266 9.734627 14.404209 8
0.638061 0.734157 4.887457 8
4.972897 6.018787 12.460022 6
4.157670 4.367504 2.957806 6
1.204169 0.855594 15.828709 6
1.965937 9.566860 6.524207 6
4.534167 5.826313 10.903147 6
4.695697 4.775636 1.523903 6
1.558215 0.609043 17.274378 6
1.508326 9.864012 7.866881 6
3.699511 5.116098 10.766589 8
5.583845 5.312733 1.372890 8
2.486117 10.247361 17.533501 8
0.632279 0.038717 8.063789 8
5.173169 5.950174 8.644190 6
4.094078 4.511197 18.100391 6
0.980564 0.804146 0.683756 6
2.076843 9.703569 10.067670 6
4.183412 6.164083 8.465832 1
5.006695 4.298862 17.968902 1
1.864673 0.873328 0.899378 1
1.179549 9.474521 10.344866 1
5.441944 5.104308 8.549930 1
3.855910 5.352977 17.827596 1
0.807174 10.263281 0.946360 1
2.252047 0.143924 10.306173 1
5.439915 6.281914 10.169230 8
3.778740 4.158228 0.724339 8
0.644901 1.037080 18.050160 8
2.424024 9.429778 8.735266 8
5.856384 7.023869 7.889166 6
3.244643 3.386370 17.236654 6
0.304432 1.749390 1.625583 6
2.905866 8.619866 10.943783 6
5.705574 7.808797 8.152128 1
3.554147 2.625170 17.527406 1
0.400984 2.704936 1.429168 1
2.643212 7.722528 10.698285 1
0.730642 7.001209 7.970187 1
2.379368 3.462835 17.468003 1
5.415110 1.667276 1.287990 1
3.782983 8.801016 10.684293 1
5.714368 6.703185 6.867191 1
3.429277 3.597827 16.227236 1
0.318833 1.513803 2.436172 1
2.713781 8.880615 11.807227 1
5.911497 7.204088 16.204344 6
3.270342 3.125129 6.652779 6
0.143514 1.947998 12.094002 6
2.984677 8.356190 2.586117 6
5.209520 8.019558 17.144611 6
3.883006 2.430018 7.782611 6
0.965635 2.749718 11.035613 6
2.143888 7.651768 1.700191 6
5.854376 8.841994 17.412828 1
3.317040 1.572679 8.201436 1
0.358353 3.556008 10.791226 1
2.694675 6.805859 1.374340 1
5.049707 7.402715 17.837778 1
4.150735 2.966357 8.507965 1
1.183130 2.365814 10.191544 1
2.044493 8.187219 0.897470 1
4.447330 8.385850 16.800038 1
4.704914 2.072680 7.451720 1
1.636422 3.216936 11.334820 1
1.483804 7.299521 2.033939 1
1.199055 6.678308 16.718219 6
1.876526 3.849877 7.324330 6
4.982486 1.327888 11.463616 6
4.093774 9.086211 2.145472 6
1.536906 5.961498 16.027512 1
1.543132 4.459992 6.578655 1
4.682427 0.771287 12.240613 1
4.619371 9.550359 2.734965 1
1.792215 7.241551 16.847861 1
1.368782 3.149074 7.491536 1
4.357809 2.065163 11.355610 1
4.720146 8.428533 1.957756 1
0.941410 5.993042 17.387343 1
2.124271 4.297807 8.060525 1
5.254080 0.900436 10.634790 1
3.866150 9.539280 1.277614 1
