8.052563 6.623766 13.221635 6
6.365219 7.155628 3.127410 6
1.451015 13.636855 16.837241 6
3.335825 0.331631 6.764850 6
8.234453 5.222844 12.764344 6
6.081554 8.614944 2.860562 6
1.339634 12.054423 17.279905 6
3.583782 1.788769 7.197756 6
8.494922 5.131449 11.945734 1
5.973253 8.701795 1.880502 1
1.200437 12.026329 18.102147 1
3.645704 1.874259 8.094614 1
9.023664 4.964062 13.201491 1
5.260401 8.906009 3.267459 1
0.391345 11.756882 16.742885 1
4.422418 1.941203 6.711512 1
6.021096 4.832582 12.825769 6
8.329830 9.202874 2.688384 6
3.592364 11.567789 17.388915 6
1.185739 2.221038 7.214914 6
5.217306 4.044119 12.914719 1
9.067580 9.800177 2.929871 1
4.376691 11.111389 17.015561 1
0.532882 2.807912 7.053057 1
5.717600 6.066213 13.305670 6
8.625983 7.734497 3.393739 6
3.915809 12.956622 16.680860 6
0.853477 0.915556 6.765051 6
5.730468 6.091715 14.380639 1
8.691875 7.828112 4.373248 1
3.763999 12.930601 15.629561 1
0.886278 0.982773 5.795610 1
3.920645 7.850909 13.565223 6
0.794071 5.996002 3.471500 6
5.645598 0.893269 16.433964 6
8.858444 12.876659 6.487736 6
5.138446 8.846169 13.073324 6
9.215921 4.899774 3.028388 6
4.569814 1.893893 16.903271 6
0.371989 11.900450 7.008143 6
6.744558 7.158655 12.849319 6
7.629791 6.773905 2.878694 6
2.956185 0.210247 17.213820 6
1.880056 13.597719 7.199725 6
6.680299 7.082722 11.899092 1
7.781864 6.589275 1.855045 1
3.044691 0.337659 18.219209 1
1.799266 13.567995 8.174026 1
2.498954 8.248998 13.036240 6
2.202023 5.690974 3.140789 6
6.867929 1.295310 17.045656 6
7.399508 12.706376 6.897703 6
2.023723 7.553002 13.374003 1
2.708019 6.447887 3.340894 1
7.533627 0.505836 16.747993 1
6.681310 13.341284 6.698142 1
2.475355 8.156362 12.008024 1
2.221454 5.691222 2.148065 1
7.017219 1.347505 17.988318 1
7.391085 12.639680 7.924679 1
2.385940 9.053095 13.463587 1
2.467268 4.920186 3.321373 1
7.237895 2.080219 16.547953 1
7.148390 11.823139 6.633466 1
4.921571 10.192919 13.785890 6
9.405354 3.545450 3.809760 6
4.629889 3.302714 16.182140 6
0.236935 10.481233 6.330757 6
5.569668 10.769964 13.360719 1
8.745967 3.081486 3.397227 1
3.965434 3.835258 16.500790 1
0.922789 10.022384 6.546123 1
4.982841 10.040956 14.745367 1
9.369106 3.822960 4.612864 1
4.504106 3.186676 15.336237 1
0.334774 10.743305 5.310938 1
4.137872 10.667704 13.671357 1
0.794498 3.212998 3.626451 1
5.528355 3.749488 16.525103 1
8.885074 10.232259 6.357471 1
5.926407 3.527951 10.670618 6
8.317559 10.277452 0.681079 6
3.553115 10.591239 19.364673 6
1.285877 3.247597 9.340973 6
5.179103 3.160636 10.809217 1
9.062340 10.829595 0.819449 1
4.317527 10.014473 19.128528 1
0.449316 3.887491 9.151151 1
6.717095 3.042986 10.963123 1
7.529715 10.766404 1.038548 1
2.771009 10.093179 19.073494 1
2.037245 3.774109 9.034686 1
6.189859 3.809885 9.127700 6
8.252345 9.969885 19.153560 6
3.525659 10.718083 0.884209 6
1.424959 2.989522 10.819772 6
5.459215 4.755556 8.536457 6
8.854879 9.026987 18.481951 6
4.156085 11.784696 1.402675 6
0.542488 2.168661 11.420316 6
4.901429 5.457760 9.121136 1
9.490056 8.545831 19.002623 1
4.799614 12.226848 0.897840 1
0.107530 1.519769 10.876151 1
5.391996 5.047542 7.170927 6
8.828001 8.754729 17.106849 6
3.987274 12.034286 2.929736 6
0.787538 1.933349 12.809561 6
5.084272 5.773872 6.765414 1
9.250426 8.144454 16.690427 1
4.568107 12.520377 3.252506 1
0.143224 1.163779 13.355335 1
6.323468 4.310284 6.458921 6
8.082914 9.681202 16.523587 6
3.292399 11.145020 3.549574 6
1.458319 2.719227 13.668889 6
6.302890 4.325725 5.543183 1
7.997141 9.516453 15.465287 1
3.106656 11.261881 4.510019 1
1.599993 2.506804 14.580213 1
7.071407 3.304367 7.109479 6
7.278014 10.545056 17.023621 6
2.593960 10.155727 3.016220 6
2.212617 3.792653 12.920379 6
7.459164 2.573453 6.445590 1
6.747772 11.244050 16.632106 1
1.963713 9.642262 3.468639 1
2.713486 4.250872 13.469940 1
6.981360 2.984732 8.454477 6
7.476061 10.877793 18.360107 6
2.689229 9.941840 1.634535 6
2.196759 3.954590 11.659939 6
7.376498 2.340124 8.828750 1
6.811628 11.503229 18.785434 1
2.189198 9.234899 1.238038 1
2.738384 4.627558 11.177425 1
3.084660 7.112086 15.672841 6
1.655463 6.787122 5.686696 6
6.428941 0.121342 14.301206 6
7.874126 13.735939 4.260556 6
3.154238 6.142818 15.316673 1
1.673012 7.744195 5.218936 1
6.427189 12.987033 14.657358 1
7.924050 0.801671 4.700499 1
2.267577 7.413912 15.570838 1
2.442118 6.374347 5.511928 1
7.334547 0.551219 14.411705 1
6.953527 13.270076 4.381571 1
3.454440 6.955821 17.155651 6
1.330360 6.726992 7.215775 6
6.069429 0.198910 12.814329 6
8.236608 13.685667 2.876990 6
4.830996 7.444858 17.503738 6
0.014196 6.534294 7.528707 6
4.870798 0.546792 12.472954 6
9.450304 13.363126 2.425565 6
5.370837 7.745923 17.039190 1
8.982191 6.161879 6.959862 1
4.236164 0.708088 12.973303 1
0.585220 13.160667 2.923034 1
5.001952 7.268484 18.991865 6
9.293950 6.499956 8.965049 6
4.549408 0.471839 10.994753 6
0.221694 13.500725 0.958612 6
5.872360 7.599908 19.333119 1
8.516061 6.219391 9.274711 1
3.779453 0.556048 10.770560 1
1.074561 13.228372 0.729995 1
4.041740 6.849176 19.814725 6
0.699380 6.849569 9.768062 6
5.502802 13.758708 10.123238 6
8.884878 0.077421 0.113660 6
4.126325 6.853725 0.793980 1
0.608511 7.010051 10.769420 1
5.387160 13.754373 9.174155 1
9.051096 0.014981 19.362780 1
2.834730 6.595415 19.396565 6
2.070918 7.338592 9.386207 6
6.798076 13.394917 10.652150 6
7.661995 0.299233 0.588031 6
2.200920 6.311825 19.960208 1
2.575723 7.527262 10.033825 1
7.343522 13.147293 10.066647 1
6.932938 0.576334 0.033483 1
2.519376 6.563675 17.951571 6
2.170268 7.194344 7.991784 6
6.942876 13.498913 12.048351 6
7.268580 0.212371 2.086067 6
1.608763 6.452148 17.653865 1
3.046678 7.395383 7.624707 1
7.902317 13.271930 12.222851 1
6.411634 0.448578 2.247290 1
5.542724 10.007208 10.985246 6
8.838565 3.884652 1.001771 6
4.048544 3.129776 19.076386 6
0.863779 10.823580 9.028698 6
6.494584 9.978102 11.371073 1
7.802490 3.798977 1.312340 1
3.051713 3.129113 18.683573 1
1.653615 10.795917 8.671889 1
5.237945 10.906419 11.190817 1
9.141812 2.996424 1.172740 1
4.324723 3.909834 18.820799 1
0.460619 10.003431 8.749962 1
5.517495 9.681733 9.595318 6
8.916564 4.048194 19.514927 6
4.019875 2.889457 0.527480 6
0.775608 11.073662 10.519323 6
4.662422 10.505474 8.777729 6
0.162914 3.359029 18.696744 6
4.872006 3.636704 1.322054 6
9.381361 10.247263 11.383179 6
4.039217 11.209766 9.070594 1
0.675986 2.690197 19.196773 1
5.381905 4.236087 0.826252 1
8.906793 9.611265 10.834371 1
4.573141 10.342860 7.426620 6
0.264466 3.506707 17.458933 6
5.002400 3.268164 2.638197 6
9.324439 10.495800 12.706205 6
4.035460 10.783162 6.850790 1
0.745063 3.130783 16.814720 1
5.535338 3.813705 3.111775 1
8.721287 9.993333 13.254871 1
5.344120 9.308193 6.683522 6
9.082129 4.621013 16.697595 6
4.211470 2.467801 3.315214 6
0.550378 11.488969 13.352281 6
5.373048 9.117296 5.868940 1
9.063515 4.694045 15.783560 1
4.358572 2.156136 4.252580 1
0.443377 11.595728 14.165117 1
6.153782 8.615601 7.549982 6
8.033307 5.202420 17.579581 6
3.280904 1.652973 2.537132 6
1.526608 12.124349 12.529816 6
6.796090 7.962870 7.124914 1
7.571793 5.906349 17.242617 1
2.780291 1.116883 2.849046 1
2.073615 12.730974 12.831869 1
6.321272 8.747655 8.892831 6
8.137618 5.139446 18.936341 6
3.182710 1.940343 1.076596 6
1.459038 12.050231 11.083433 6
6.848329 8.372302 9.397917 1
7.391160 5.495706 19.496328 1
2.687333 1.309265 0.657529 1
2.109721 12.492378 10.668912 1
8.766659 7.285449 13.746777 8
5.444612 6.633772 3.788403 8
0.608942 0.310843 16.177372 8
4.005162 13.451178 6.140066 8
7.111693 4.225852 13.285097 8
7.209718 9.574256 3.301073 8
2.325602 11.258952 16.818940 8
2.470012 2.525843 6.714862 8
4.275549 6.527474 12.921901 8
0.472307 7.287162 2.901029 8
5.291976 13.526965 17.106623 8
9.062664 0.359225 6.991762 8
6.478525 8.363243 13.297615 8
7.956045 5.491683 3.375960 8
3.076795 1.501834 16.544087 8
1.614135 12.295295 6.656437 8
5.848254 4.808437 11.393927 8
8.351339 8.953962 1.305984 8
3.682155 11.746970 18.773093 8
1.232513 2.125040 8.621462 8
4.046387 7.865284 14.910142 8
0.690622 6.122747 4.936641 8
5.412886 0.855393 15.061110 8
8.956566 12.989160 5.121700 8
4.933614 8.920094 11.659719 8
9.428047 4.973570 1.663671 8
4.624589 1.932832 18.394404 8
0.058893 11.800630 8.406099 8
