2.532213 12.300229 4.191636 6
7.993959 3.533974 8.280854 6
7.731132 11.228773 4.160497 6
2.697034 4.380012 0.006097 6
3.398191 12.589550 3.127164 6
7.137066 3.064823 7.400460 6
8.818124 10.997364 3.220742 6
1.863142 4.699368 7.271327 6
3.744839 11.510145 2.368882 6
6.655086 4.220522 6.579279 6
9.189501 12.089932 2.351575 6
1.505555 3.786396 6.483063 6
4.445554 11.706592 1.617780 1
6.146492 3.948779 5.775272 1
9.783688 11.888091 1.699089 1
0.924606 3.771289 5.874221 1
3.269887 10.344180 2.435711 6
7.259182 5.536024 6.666354 6
8.579609 13.353313 2.413313 6
1.911226 2.372451 6.589555 6
3.660204 9.599336 1.882545 1
7.062210 6.112543 6.097231 1
8.955842 14.023790 1.801049 1
1.595004 1.745477 5.961547 1
2.433540 9.987200 3.437235 6
8.170814 5.694553 7.544391 6
7.726341 13.662972 3.388069 6
2.971868 2.233808 7.569953 6
2.121441 9.126254 3.607939 1
8.429685 6.697036 7.765266 1
7.366380 14.529068 3.636162 1
3.191153 1.301710 7.673693 1
2.017602 11.020803 4.327340 6
8.490837 4.617377 0.073959 6
7.358323 12.673017 4.224351 6
3.373099 3.199187 0.194774 6
1.364990 10.816374 5.063581 1
9.168345 4.885172 0.808983 1
6.588384 12.842091 4.899089 1
3.968285 3.044952 0.808121 1
3.932876 13.987994 2.901838 6
6.740736 1.787140 7.154816 6
9.219575 9.520167 2.968247 6
1.357747 6.158637 7.094169 6
4.770926 14.052828 2.543151 1
5.826838 1.751973 6.822096 1
10.208882 9.714390 2.576086 1
0.465009 6.161565 6.796541 1
3.816101 14.480706 3.699116 1
6.724023 1.220869 7.866950 1
9.215230 9.107304 3.664540 1
1.377508 6.704290 8.007092 1
3.004852 14.633663 1.980988 6
7.527263 0.983324 6.113744 6
8.181057 8.974666 1.985511 6
2.268609 6.958191 6.108032 6
3.208771 0.023839 1.843496 1
7.279832 15.741459 6.071913 1
8.468295 7.876118 1.829295 1
2.133859 7.813953 5.961185 1
3.176906 14.316605 0.923146 1
7.392574 1.363981 5.236562 1
8.460229 9.165600 1.074211 1
2.065526 6.456395 5.120630 1
1.502329 14.656901 2.197587 6
9.017315 1.158725 6.377076 6
6.717210 8.945964 2.181352 6
3.748098 6.787793 6.273275 6
1.168389 13.689651 1.956505 1
9.331795 2.007645 6.148579 1
6.500957 9.915009 2.039416 1
3.997508 5.869116 6.236104 1
1.090230 15.190197 1.368877 1
9.572748 0.696846 5.547742 1
6.268031 8.492044 1.365887 1
4.235638 7.346233 5.562738 1
0.968902 15.146728 3.557498 6
9.479277 0.626743 7.776373 6
6.337119 8.530990 3.587808 6
4.309336 7.251108 7.624019 6
1.592900 15.723498 3.957648 1
8.861598 15.613753 8.047281 1
7.033032 7.809100 3.839825 1
3.616196 7.985097 8.097476 1
0.060204 15.606472 3.352555 1
10.469072 0.219894 7.569317 1
5.501717 8.120553 3.388361 1
5.061603 7.752794 7.620586 1
0.886162 13.967522 4.517268 6
9.728420 1.743583 0.465635 6
6.004903 9.554123 4.566571 6
4.403226 6.186120 0.366152 6
0.291258 14.505507 5.369336 1
10.200143 1.237306 1.113623 1
5.618678 9.231783 5.461890 1
4.920353 6.587868 1.172359 1
0.136590 13.430624 4.262274 1
10.417863 2.478551 0.103308 1
5.532199 10.196719 4.211072 1
5.175561 5.443376 0.106382 1
2.764795 13.969791 6.042228 6
7.892330 1.760401 1.917813 6
7.982760 9.783049 6.027028 6
2.573900 6.104037 1.835867 6
3.926674 13.229350 6.622116 6
6.526948 2.451756 2.332982 6
9.216026 10.413277 6.666372 6
1.373292 5.429414 2.346295 6
5.030996 14.001677 7.051877 6
5.693698 1.648212 2.864088 6
10.173653 9.429177 7.140866 6
0.275139 6.274729 3.008020 6
4.915290 15.049008 6.963759 1
5.782481 0.770899 2.782407 1
10.202499 8.679817 7.030988 1
0.421588 7.080599 2.808184 1
5.992114 13.589196 7.758586 6
4.493588 2.130967 3.638233 6
0.750476 10.011769 7.747860 6
9.748739 5.778313 3.633311 6
6.739657 14.214585 8.202259 1
3.893111 1.461476 3.938669 1
1.344866 9.452581 8.066420 1
9.058574 6.344335 3.950293 1
6.242178 12.149160 7.861247 6
4.293405 3.431433 3.685832 6
0.905763 11.362601 7.902251 6
9.694244 4.309074 3.833193 6
6.971522 11.912699 0.121500 1
3.642086 3.926964 4.273395 1
1.713422 11.812686 0.105386 1
8.841729 4.080417 4.320628 1
5.319512 11.462730 7.443032 6
5.366416 4.288318 3.141337 6
0.066028 12.321229 7.388808 6
10.518616 3.466853 3.137775 6
5.374780 10.475708 7.540401 1
5.120260 5.355356 3.387401 1
0.182415 13.258641 7.472696 1
10.428806 2.614804 3.359198 1
4.149196 11.943780 6.708304 6
6.481993 3.938345 2.525176 6
9.456442 11.744375 6.798900 6
1.151401 3.896258 2.518782 6
3.436280 11.216517 6.458280 1
7.039676 4.526488 2.243430 1
8.750511 12.415702 6.350399 1
1.827307 3.317321 2.165742 1
2.122747 13.382678 5.016602 7
8.461128 2.370613 0.902594 7
7.387221 10.334991 5.049737 7
3.142821 5.413824 0.896427 7
2.342565 14.984433 6.634698 8
8.275805 0.856585 2.369346 8
7.542664 8.650745 6.577543 8
2.898357 7.148571 2.374903 8
