8.857842 6.687242 2.330277 8
3.233131 13.476351 1.934494 8
2.393477 6.918508 6.167240 8
8.230539 0.089383 6.525165 8
11.038321 5.145948 5.153584 6
-0.418468 12.031359 7.805610 6
0.442380 8.430327 3.509066 6
11.837320 1.610944 0.789602 6
9.868733 6.261095 0.394807 8
2.411940 12.976011 3.839619 8
1.453317 7.530408 8.016001 8
8.975251 0.543237 4.731557 8
9.275349 6.067006 6.448189 8
1.352163 12.716170 6.399290 8
2.061396 7.558146 2.050971 8
10.123805 0.757636 2.215792 8
9.145327 6.093017 7.167840 1
1.461192 12.871566 5.485624 1
2.437774 7.577136 1.321017 1
9.900094 0.902879 3.016668 1
10.550301 5.435929 6.367581 6
-0.052612 12.429061 6.392452 6
0.882632 8.124576 2.163317 6
11.289164 1.223176 2.117137 6
9.864757 6.205403 1.586494 6
2.267776 12.896722 2.702300 6
1.540307 7.592810 6.879877 6
9.008588 0.634446 5.907137 6
11.414373 5.251345 7.424370 6
-0.807870 12.126479 5.410469 6
0.016676 8.368382 1.091281 6
12.259288 1.416080 3.106722 6
11.112471 5.604717 8.310483 1
-0.415856 12.380841 4.511422 1
0.422222 8.123920 0.111073 1
11.970084 1.246074 3.976613 1
10.934356 5.431465 2.580208 6
1.239621 12.240176 1.845481 6
0.591093 8.215094 5.971371 6
10.071445 1.319340 6.676983 6
11.796039 5.877093 2.654078 1
0.591663 12.850251 1.609621 1
-0.362208 7.741932 5.957071 1
10.855806 0.807586 6.815094 1
11.101466 4.537720 2.171695 1
1.006098 11.384203 2.025891 1
0.233947 9.171433 6.282594 1
10.301664 2.236488 6.411504 1
-0.407513 4.855956 7.316088 6
10.993712 11.690735 5.496692 6
11.717991 8.820424 1.253474 6
0.367910 1.964895 3.025286 6
0.158165 4.722604 8.044168 1
10.409795 11.578217 4.650609 1
11.301912 9.043731 0.413765 1
1.005316 2.174329 3.865190 1
10.192036 5.359935 3.938472 6
2.095361 12.143813 0.475933 6
1.180019 8.443095 4.648644 6
9.242901 1.475388 8.142429 6
9.250670 4.121131 3.733051 6
3.002115 10.771158 0.486325 6
2.204132 9.670320 4.606663 6
8.351825 2.856264 8.000324 6
8.658096 3.883656 4.603757 1
1.826030 10.718303 8.039269 1
2.619745 9.629373 3.840646 1
9.651142 2.921773 0.366797 1
9.689653 3.250168 3.645028 1
2.498972 10.066719 0.634248 1
1.632506 10.321569 4.726300 1
9.055213 3.561864 7.877655 1
8.503880 4.102349 3.108705 1
3.641195 10.867774 1.259458 1
2.791766 9.555004 5.488126 1
7.664585 2.797583 7.327255 1
9.299584 6.534391 3.764957 6
2.967389 13.402335 0.572992 6
2.184616 7.137309 4.684991 6
8.324534 0.200214 7.975661 6
8.295968 6.374584 4.251860 1
3.785028 13.234558 0.067077 1
3.099308 7.201035 4.261936 1
9.277222 0.483709 0.076194 1
9.729946 7.402644 4.061779 1
2.443848 0.485101 0.063218 1
1.695155 6.397464 4.405842 1
8.955002 13.141758 8.418031 1
0.105558 4.469169 6.026209 6
10.462071 11.274635 6.718988 6
11.373344 9.205772 2.420778 6
0.992386 2.261028 1.865890 6
-0.694727 4.659117 5.013084 6
11.379115 11.615763 7.791288 6
12.186684 8.863938 3.615476 6
0.039238 2.071242 0.683350 6
-0.356174 4.524712 4.152166 1
12.539288 11.298692 0.264445 1
11.830284 9.183006 4.501565 1
-1.276405 2.240582 8.413669 1
1.403359 3.995760 5.852923 8
9.206328 10.820253 6.992462 8
10.060237 9.665809 2.735659 8
2.123432 2.777543 1.551491 8
2.286223 3.556009 6.833925 6
8.310186 10.483845 5.921914 6
9.251529 9.979676 1.566203 6
3.076371 3.255058 2.715467 6
1.818586 2.931055 7.400465 1
8.754217 9.683951 5.304174 1
9.579624 10.620297 1.076774 1
2.513439 3.874241 3.127486 1
2.328676 4.374157 7.465748 1
8.210431 11.310720 5.400378 1
8.999396 9.233191 1.182165 1
3.096532 2.409954 3.260919 1
3.459334 3.228204 6.228773 6
7.182240 9.865852 6.411974 6
7.968577 10.435749 2.149646 6
4.385868 3.623274 2.084019 6
3.652644 1.860753 6.204810 6
6.874477 8.557708 6.606132 6
7.596991 11.768778 2.412363 6
4.630091 5.081438 1.983143 6
3.112248 1.114123 6.393234 1
7.521239 7.943073 6.261761 1
8.355006 12.416685 2.003813 1
3.904209 5.767352 2.177283 1
4.982788 1.344209 5.471476 6
5.600914 8.155645 7.308836 6
6.575086 12.219898 2.882084 6
5.685093 5.555394 1.312668 6
5.142480 0.444243 5.513758 1
5.479745 7.266111 7.295971 1
6.340651 13.230495 3.015078 1
5.986689 6.351910 1.308459 1
5.939135 2.143095 5.038917 6
4.705321 9.118254 7.627528 6
5.586707 11.316753 3.330866 6
6.759413 4.643511 0.942740 6
6.642594 1.957660 4.636479 1
3.980114 8.711822 8.080623 1
4.693149 11.793598 3.782895 1
7.550054 4.959506 0.504721 1
5.599749 3.642246 5.243842 6
5.001625 10.477889 7.573707 6
5.870640 10.012996 3.357292 6
6.478130 3.285121 1.007360 6
6.282902 4.197178 4.918969 1
4.256497 11.101722 7.820272 1
5.169443 9.395304 3.570028 1
7.110097 2.591218 0.710775 1
4.418948 3.990486 5.757135 6
6.214127 10.953217 6.969787 6
6.852612 9.595345 2.765469 6
5.244157 2.841746 1.641468 6
4.340432 5.040437 5.847745 1
6.246706 11.890023 6.869969 1
7.113489 8.583820 2.496994 1
5.123156 1.897561 1.575251 1
