3.884223 0.280734 1.722041 15
5.443080 8.899786 12.172686 15
1.599500 17.182867 12.210784 15
0.093761 8.411335 1.739007 15
1.767055 0.392734 3.571718 15
-0.033774 8.975495 10.495138 15
3.640393 16.966560 10.373995 15
5.517213 8.342363 3.416495 15
3.460952 0.548464 3.431598 7
5.905942 9.298667 10.653289 7
2.113154 16.690772 10.569851 7
-0.413374 8.120920 3.357053 7
5.079457 1.350713 1.672275 7
4.035342 10.106080 12.392620 7
0.400562 15.861837 12.412202 7
1.320039 7.332328 1.486846 7
4.887643 16.178741 1.959735 7
4.293308 7.637768 12.029128 7
0.542827 1.212638 11.966158 7
1.080351 9.717104 1.851374 7
1.265267 1.743777 4.613573 7
0.416258 10.331650 9.456736 7
4.169992 15.627784 9.440479 7
4.943216 6.922025 4.602736 7
1.744203 16.518172 4.751980 7
0.047101 7.834121 9.193781 7
3.837354 0.921321 9.279539 7
5.459055 9.631651 4.599323 7
4.382809 0.938624 4.523609 6
5.048735 9.429322 9.529121 6
1.256963 16.401374 9.427931 6
0.414061 7.720801 4.449962 6
4.974221 2.805737 1.892238 6
4.382818 11.446100 12.172461 6
0.618970 14.651587 12.106789 6
1.028259 5.832956 1.898675 6
5.828018 3.516414 1.106914 6
3.382813 12.146373 12.795305 6
-0.342446 13.882197 12.857938 6
2.000966 5.111294 1.150989 6
6.623658 2.520910 0.463563 6
2.523965 11.276165 13.412428 6
-1.193467 14.845873 13.384650 6
2.942973 6.168124 0.430385 6
6.246718 1.447721 0.721358 6
3.154568 10.108865 13.227019 6
-0.815679 16.089273 13.306194 6
2.367890 7.225528 0.673856 6
6.092840 15.985297 2.674937 6
3.105476 7.376910 11.241376 6
-0.689931 1.343494 11.277437 6
2.288581 10.019342 2.682915 6
6.250446 14.621022 2.830155 6
2.985031 5.996918 11.279630 6
-0.955858 2.652505 11.135327 6
2.594444 11.220242 2.771908 6
5.348546 14.145944 1.948269 6
3.963755 5.303154 12.001977 6
0.110225 3.262837 11.886890 6
1.588889 12.070554 1.894203 6
4.489441 14.918421 1.428127 6
4.732673 6.318151 12.482503 6
0.898522 2.427861 12.368967 6
0.689446 11.145495 1.445864 6
0.288805 2.598326 4.130550 6
1.327797 11.140951 9.929509 6
5.220328 14.795103 9.810697 6
4.078812 6.103750 4.052853 6
-0.025368 3.296382 5.092064 6
1.677331 12.060291 8.721605 6
5.418261 14.000559 8.711003 6
3.644308 5.367561 5.211367 6
0.673810 3.030382 6.189185 6
0.903604 11.695504 7.696735 6
4.790444 14.379326 7.776832 6
4.561883 5.702235 6.238110 6
1.369942 1.920530 5.882257 6
0.195033 10.506364 7.952400 6
4.045719 15.487312 8.004565 6
5.201354 6.748094 5.962629 6
2.449645 15.242516 4.499112 6
-0.819110 6.693979 9.477791 6
3.134032 2.130950 9.515448 6
6.226005 10.643327 4.582336 6
1.939020 14.403966 5.273569 6
-0.141524 5.669378 8.620946 6
3.692842 3.020961 8.699374 6
5.703127 11.695113 5.385762 6
0.761315 14.955724 5.932678 6
0.900324 6.244494 7.950185 6
4.666200 2.376946 7.914344 6
4.508675 10.990435 5.953308 6
0.748163 16.139790 5.649004 6
0.965578 7.446862 8.252864 6
4.812259 1.192469 8.404248 6
4.382640 9.776333 5.581200 6
3.902749 1.704513 4.943078 1
5.356767 10.263941 8.983417 1
1.422471 15.760675 8.843815 1
0.252823 6.959957 5.028461 1
5.099827 1.106561 4.078944 1
4.061990 9.770421 9.869861 1
0.227303 16.368347 9.798715 1
1.247567 7.612789 4.226929 1
4.420168 0.069866 5.063580 1
4.943963 8.822273 8.933989 1
1.156784 17.157784 8.876733 1
0.487290 8.625102 5.008001 1
4.148522 3.101904 2.350487 1
4.979777 11.629767 11.651019 1
1.372432 14.364154 11.624788 1
0.368776 5.563620 2.386742 1
5.991528 4.453452 1.132610 1
3.272517 13.186199 12.666824 1
-0.527905 12.954678 12.833900 1
2.017088 4.289885 1.092399 1
5.270160 2.772240 13.729265 1
4.044831 11.439818 0.063524 1
0.252266 14.671335 0.177547 1
1.531316 5.886703 13.889683 1
6.481212 0.470175 0.467401 1
2.782614 9.202467 13.586549 1
-1.029825 16.910634 13.425692 1
2.641535 8.116403 0.414392 1
6.535787 16.737662 3.169309 1
2.740319 8.112309 10.776061 1
-1.012699 0.565147 10.836640 1
2.735893 9.343409 3.019413 1
-0.453229 14.379738 3.274141 1
2.176880 5.728997 10.627741 1
5.925353 2.956996 10.637054 1
3.212376 11.613969 3.165940 1
5.343817 13.086160 1.871223 1
3.941293 4.468510 12.034831 1
0.048021 4.344885 12.088859 1
1.614953 13.015634 1.759912 1
3.764837 14.781995 0.885336 1
-1.989257 6.278627 13.006298 1
1.809959 2.514557 13.042429 1
-0.101977 11.232919 0.872550 1
0.066159 2.519578 3.251674 1
1.604718 11.276431 10.711470 1
5.538144 14.759283 10.729934 1
3.752962 6.159123 3.174363 1
-0.492939 4.171909 5.053488 1
2.150314 12.744818 8.793789 1
6.080845 13.327429 8.860125 1
3.128078 4.498142 5.193414 1
0.737353 3.243001 7.159424 1
0.825936 11.896051 6.797247 1
4.646939 13.969991 6.719755 1
4.552316 5.474850 7.147519 1
2.178876 1.424355 6.422678 1
-0.377066 9.992627 7.433380 1
3.444648 15.955612 7.461244 1
5.856165 7.301244 6.419337 1
3.136575 15.158330 3.832120 1
-1.452164 6.512964 10.138086 1
2.427226 2.181601 10.085151 1
6.940056 10.888250 3.948768 1
2.161564 13.325913 5.325687 1
-0.618889 4.757141 8.592754 1
3.260962 4.013933 8.451818 1
6.053457 12.554589 5.348204 1
0.278302 14.614228 6.663710 1
1.381944 5.826569 7.385083 1
5.264824 2.852992 7.289439 1
4.020107 11.448204 6.551798 1
0.033529 16.980152 5.769021 1
1.469654 8.306562 8.080775 1
5.308493 0.386292 8.199580 1
3.958881 9.041545 5.881087 1
