5.690220 7.796710 14.506927 7
6.395645 7.841919 14.108771 1
13.553035 10.383703 15.438786 6
10.965605 1.930389 14.696964 1
13.100648 9.754351 15.128180 1
10.260948 4.129234 15.908901 8
8.816924 3.270074 14.424160 8
5.158863 9.974983 16.873965 6
2.319013 2.195639 17.051705 1
6.279533 1.947310 9.832839 7
5.654190 1.459359 10.153759 1
13.904965 9.627951 19.089176 8
13.250559 9.881582 17.895670 6
12.662880 9.025080 17.672399 1
7.265246 9.157852 15.967121 8
9.053993 2.504172 18.125067 6
11.752433 10.952901 18.607270 1
9.557897 3.274866 18.335896 1
8.346802 2.937601 16.738260 6
8.008413 3.810901 16.889760 1
7.690664 2.179551 16.530227 1
4.387796 3.821612 21.139260 8
9.473418 3.139063 15.661734 6
12.631121 7.146784 13.805644 8
6.496691 7.787984 12.013468 8
10.187472 5.088723 14.791654 6
11.031320 5.251265 14.513202 1
9.871079 5.924279 14.912591 1
11.021245 4.849565 8.354598 8
9.360151 4.454487 13.731037 6
8.772706 4.912917 13.364699 1
9.941720 3.965623 13.090499 1
3.321842 5.901797 10.021380 8
6.039098 8.869527 16.704792 6
6.294015 8.429249 17.641285 1
8.259674 9.885947 16.788921 6
7.693355 10.443401 17.263551 1
8.923884 10.180894 16.167392 1
1.118511 1.853958 3.180158 8
5.015281 3.484073 5.275376 8
8.920854 8.889002 17.703535 6
7.680429 9.551659 8.295880 8
8.830424 8.887806 19.058399 6
8.326210 9.655961 19.484626 1
9.504170 7.917040 19.962245 6
9.292421 7.933351 20.829160 1
7.635266 3.471130 10.618460 8
10.121329 7.034939 19.260235 6
10.518626 6.371072 19.870210 1
9.233648 9.665958 12.298388 8
10.346819 7.019860 18.059041 6
10.817829 6.301357 17.694545 1
9.579811 7.765655 17.275298 6
9.667539 7.785693 16.372327 1
10.410823 6.580196 0.482956 6
9.542778 7.100653 0.350907 1
10.960300 6.624416 1.733459 6
10.667691 7.082499 2.479473 1
3.036570 6.015636 1.916138 6
3.561285 6.077698 2.796941 1
3.868247 5.455131 0.876345 6
4.569659 4.931059 1.198799 1
6.007219 8.165518 21.475392 6
6.336127 7.795440 20.850076 1
13.876149 8.682796 21.325738 6
13.155816 8.679828 19.988979 6
13.186496 7.934723 19.639812 1
12.378082 9.119081 20.167772 1
5.568697 7.601965 15.885198 6
4.423847 7.617386 16.023841 1
6.167715 6.276034 16.198265 6
5.926823 5.581140 15.466759 1
7.049616 6.354222 16.389827 1
4.459520 5.159420 17.569280 6
3.981657 5.195623 16.906690 1
4.063879 4.491758 18.837021 6
3.159759 4.239726 18.771829 1
4.729191 4.557364 19.795006 6
6.091182 4.949263 19.689130 6
6.553036 4.949007 20.588742 1
6.432711 5.660167 18.645194 6
7.385845 6.003051 18.650884 1
5.633285 5.709582 17.464430 6
3.267101 3.270099 21.148200 6
0.463108 0.214400 0.144286 1
6.558872 11.189335 20.608324 1
11.679648 3.880456 20.972972 1
4.747708 7.532281 13.510391 6
5.174892 7.797823 12.173922 6
4.782935 6.943508 11.546802 1
4.349853 8.979683 11.579727 6
12.486562 8.942977 11.696756 1
13.767410 9.981429 11.051903 6
2.347901 1.397144 10.911632 1
10.067667 1.980907 10.713605 1
7.042362 7.070990 11.072415 6
8.004241 7.152745 11.144887 1
6.824255 7.283445 10.220209 1
6.893774 6.049020 11.209796 1
3.922967 6.136139 7.598406 6
4.823869 6.434808 8.066877 1
3.309379 6.937948 7.643715 1
4.128432 5.449193 6.325735 6
3.127649 5.218401 6.044217 1
4.433521 5.908421 5.796676 1
4.846925 4.112999 6.536694 6
5.903589 4.355785 6.822146 1
4.284817 3.171291 7.613026 6
3.362302 2.978906 7.190631 1
4.246943 3.993208 8.898338 6
4.939930 4.107464 9.192742 1
3.778397 3.357429 9.579948 1
3.319484 5.180977 8.650184 6
11.186925 5.781992 10.602685 6
10.782681 6.635914 10.913335 1
11.196768 5.080407 11.260775 1
10.406235 5.146322 9.463258 6
9.885000 4.378849 9.842978 1
9.633186 5.874282 9.263257 1
5.071578 1.973164 7.758720 6
5.416458 1.548630 6.862565 1
6.668413 8.947203 7.635182 6
2.913580 1.007831 7.057352 1
6.077276 8.292029 8.057381 1
8.089252 6.998508 6.920631 6
8.141455 6.871199 7.845827 1
8.752881 6.023334 6.027752 6
9.124557 5.446023 6.459570 1
8.531517 6.334962 4.810277 6
9.046299 5.871377 4.180980 1
7.823873 7.216760 4.260862 6
7.637991 7.533587 3.309864 1
7.140156 8.168102 5.172817 6
6.501902 8.767364 4.862406 1
7.247104 7.910664 6.487714 6
6.496441 1.962157 8.588687 6
6.876450 2.917542 8.293754 1
10.810944 9.485143 8.175845 6
11.431968 9.432722 8.797150 1
10.311298 8.786178 8.022674 1
9.114138 2.292557 6.703296 6
9.403857 2.710652 7.542249 1
9.805192 2.602123 5.595140 6
10.417185 3.254037 5.586918 1
9.613333 1.786736 4.596521 6
8.690580 0.775797 4.427351 6
11.859087 8.886413 3.720864 1
11.262297 9.177401 5.596410 6
10.570854 8.552105 5.657446 1
8.273506 1.298635 6.890846 6
1.660864 2.661018 3.342234 6
2.118632 2.940379 2.476723 1
2.136124 2.584546 3.980542 1
10.055359 3.325657 3.451449 1
5.966523 3.895907 4.553984 6
6.842708 3.616907 4.896977 1
6.081822 4.801041 4.402847 1
6.989226 3.504651 2.229597 6
7.738103 4.001841 2.483013 1
7.156197 2.908378 1.148894 6
7.902768 3.022822 0.402943 1
6.246055 1.918931 0.758208 6
9.013738 4.222964 21.858229 1
5.286152 1.502429 1.606429 6
4.624981 0.884840 1.300259 1
5.297025 2.203846 2.883049 6
4.473284 1.986209 3.537827 1
6.016360 3.172189 3.102776 6
6.794151 2.703403 10.880272 6
6.433501 2.256548 12.298815 6
7.343908 2.345505 12.729162 1
5.640385 3.437682 12.830783 6
5.938852 4.237394 12.765552 1
4.567477 3.492950 13.457250 6
4.020912 2.689357 13.580324 1
4.169273 4.366899 13.647877 1
9.652302 8.815531 13.310635 6
9.142668 7.891626 13.144844 1
9.497195 9.119554 14.052492 1
10.479973 8.503858 13.096652 1
