7.256273 2.433639 10.351401 6
0.500700 7.325864 15.418293 6
0.759973 7.472931 6.919338 6
7.481526 2.667050 1.741031 6
6.360716 2.536860 11.614460 6
1.385622 7.448792 14.307341 6
1.734923 7.264127 5.696242 6
6.612461 2.374554 3.028067 6
6.589809 3.513680 11.949399 1
1.271465 8.416175 13.772730 1
1.425130 6.393037 5.274135 1
6.866461 1.588846 3.279487 1
5.573402 2.637095 11.203829 1
2.331981 7.502474 14.496965 1
2.537112 7.213453 5.893098 1
5.589285 2.344142 2.622945 1
6.719409 1.442711 12.490798 6
1.266227 6.471895 13.153849 6
1.516017 8.441011 4.542785 6
6.912166 3.524591 3.988120 6
6.556827 0.527537 11.983896 1
1.350295 5.548590 13.779961 1
1.516374 9.271308 5.196942 1
6.662243 4.462474 3.450754 1
8.066932 1.492828 13.108313 6
-0.129691 6.420391 12.601843 6
0.102469 8.431374 4.094858 6
8.177137 3.421898 4.623710 6
-0.160844 0.603854 13.595483 1
8.131409 5.601041 12.207349 1
8.302612 9.282286 3.503156 1
-0.092282 4.233131 5.067778 1
0.689514 1.589784 12.031551 6
7.367144 6.572936 13.779028 6
7.519186 8.329485 5.304712 6
0.687230 3.366318 3.328799 6
1.931201 1.228504 12.311633 6
5.907127 6.212979 13.441151 6
6.261221 8.659448 4.930864 6
2.141726 3.737326 3.694256 6
2.239178 0.939752 13.202538 1
5.767157 5.953303 12.584649 1
6.024021 8.908194 3.987660 1
2.310599 3.911790 4.614706 1
2.900229 1.118262 11.200338 6
5.045089 6.170680 14.442543 6
5.278486 8.710386 5.907578 6
2.997587 3.844387 2.768055 6
3.820730 0.897154 11.440671 1
4.116769 5.874173 14.251147 1
4.325184 9.076027 5.635784 1
3.937972 4.124506 2.790952 1
2.518800 1.543819 10.030399 6
5.405210 6.389176 15.709204 6
5.504319 8.375403 7.316040 6
2.651602 3.363534 1.344433 6
3.223524 1.534418 9.202130 1
4.701607 6.466016 16.415183 1
4.909397 8.443995 7.985978 1
3.430522 3.493237 0.769523 1
1.332806 1.814519 9.626794 6
6.678146 6.815196 16.066069 6
6.786809 8.073440 7.514692 6
1.502446 2.976073 1.062014 6
1.044989 2.165121 8.870196 1
6.894875 7.085397 16.973859 1
7.121548 7.688499 8.311925 1
1.312228 2.787322 0.221461 1
0.197075 1.876968 10.585887 6
7.746362 6.823933 15.066655 6
7.807687 8.024609 6.528559 6
0.382904 3.059832 2.071915 6
7.365795 3.697310 9.370982 6
0.594833 8.555886 16.210083 6
0.719256 6.184273 7.728838 6
7.502705 1.231116 0.951156 6
7.754828 4.364824 9.924742 1
0.229387 9.359172 15.739396 1
0.367560 5.602836 7.261523 1
7.908069 0.510897 1.394424 1
6.357130 3.971936 9.349223 1
1.441813 8.807702 16.491952 1
1.665557 5.919941 7.937221 1
6.655377 0.947945 0.791818 1
7.717825 3.552919 8.554124 1
0.574566 8.534785 0.063132 1
0.254936 6.393637 8.597526 1
8.028612 1.534187 0.085892 1
6.696049 1.310922 9.445555 6
1.270956 6.126804 16.284348 6
1.404117 8.684534 7.730515 6
6.961097 3.665569 0.893663 6
7.201333 1.086291 8.675253 1
0.638213 5.983467 17.150950 1
0.898476 8.776270 8.665092 1
7.445786 3.927200 0.081784 1
5.763258 1.455080 9.161374 1
2.113424 6.326648 16.590947 1
2.309261 8.459834 8.101851 1
5.972656 3.438165 0.628988 1
6.668456 0.439567 9.926984 1
1.166956 5.405900 15.916064 1
1.464482 9.479207 7.296633 1
6.824373 4.591486 1.255336 1
-0.143480 2.603415 14.145346 6
8.095326 7.629939 11.678663 6
8.326137 7.199270 3.009380 6
0.060213 2.275078 5.468571 6
0.665266 2.733448 14.395536 1
7.084245 7.662022 11.342307 1
7.415893 7.188471 2.848792 1
0.889516 2.279482 5.760568 1
7.732028 2.668497 14.940166 1
0.297592 7.493728 10.872005 1
0.323608 7.272450 2.239770 1
7.904163 2.281641 6.220341 1
-0.307591 3.524500 13.649716 1
-0.191429 8.404554 12.205857 1
0.075414 6.359589 3.483728 1
8.314457 1.461233 5.010931 1
5.594230 1.414964 13.663035 6
2.328405 6.291119 12.202004 6
2.469317 8.414147 3.600340 6
5.788614 3.446947 5.149217 6
5.197964 0.158493 14.217660 6
2.712598 5.182812 11.396271 6
2.857104 9.677141 2.869103 6
5.408812 4.674723 5.712843 6
5.653552 9.307767 13.962411 1
2.223544 4.453528 11.822128 1
2.430441 0.487414 3.144816 1
5.943072 5.470232 5.345915 1
4.291355 0.139862 15.226112 6
3.592950 5.031486 10.565797 6
3.829433 9.749593 1.811723 6
4.439155 4.790178 6.740589 6
4.115030 9.274824 15.642349 1
3.934372 4.305271 10.104644 1
4.096807 0.604064 1.595698 1
4.290638 5.654563 7.045504 1
3.653474 1.299708 15.588553 6
4.312749 6.262107 10.097416 6
4.514110 8.616493 1.436931 6
3.788321 3.577257 7.181123 6
2.931122 1.328518 16.303101 1
4.975397 6.223888 9.505761 1
5.238195 8.539229 0.802436 1
3.229920 3.737491 7.767582 1
3.941811 2.507710 15.109168 6
3.977504 7.537078 10.777949 6
4.252581 7.302116 2.174225 6
4.114928 2.350703 6.401779 6
3.440564 3.309080 15.383031 1
4.439344 8.351889 10.351824 1
4.655613 6.670383 1.803758 1
3.752357 1.608991 6.704426 1
4.893552 2.532168 14.078975 6
2.916178 7.559897 11.787789 6
3.161706 7.406170 3.024154 6
5.176584 2.325210 5.411718 6
5.154973 3.444757 13.694694 1
2.679350 8.366025 11.999915 1
3.009372 6.460960 3.416168 1
5.250277 1.485819 5.152505 1
