14.709513 9.098019 6.108928 17
2.948480 16.610311 13.129283 17
5.905307 13.255575 7.989459 9
11.734371 12.388906 11.281294 9
3.728821 14.876495 7.896199 9
14.094033 10.685669 11.282767 9
14.252761 15.551107 4.950644 9
3.352201 10.138005 14.415834 9
13.413920 14.219421 2.419734 9
4.199699 11.261443 16.901901 9
16.140587 19.540396 19.004719 9
1.621376 6.023384 0.196131 9
4.852174 17.867963 19.165969 9
12.863847 7.708511 0.163920 9
6.534641 9.238909 2.445944 9
11.238261 16.304330 16.636159 9
7.329079 10.474347 5.071123 9
10.405454 15.043822 14.146289 9
2.983207 11.702721 7.048428 7
14.749613 14.039679 12.030384 7
13.927186 12.047059 5.152648 7
3.877998 13.484054 14.149159 7
1.573763 9.702425 2.950329 7
16.100343 15.927316 16.304183 7
4.188095 9.059533 5.013102 7
13.601392 16.553943 14.120359 7
2.485891 10.956236 6.996670 1
15.298021 14.573268 12.403175 1
14.092452 11.304810 5.379340 1
3.739671 14.463393 13.705498 1
15.002263 9.388765 3.790458 1
2.757692 16.133945 15.458642 1
3.452787 8.944937 5.528789 1
14.459225 16.600824 13.782336 1
4.303794 11.522278 7.426558 6
13.440828 14.041069 11.833509 6
4.745580 12.766145 7.569130 6
13.017201 12.810262 11.607219 6
3.609674 13.669908 7.640526 6
14.090418 11.943691 11.646269 6
2.397337 13.008900 7.314370 6
15.141994 12.637496 11.890857 6
14.605249 13.358465 7.244510 6
3.165363 12.329902 12.026709 6
14.284619 13.298504 5.667961 6
3.488512 12.473018 13.499690 6
14.116584 14.271068 4.808124 6
3.658293 11.439600 14.528105 6
13.607307 13.610173 3.530551 6
4.067116 11.954605 15.601531 6
13.546051 12.312380 3.683602 6
4.086716 13.321786 15.505008 6
13.234922 11.157781 2.739094 6
4.574744 14.530547 16.436352 6
14.378893 10.446848 2.250303 6
3.407754 15.163157 17.092560 6
14.807675 10.516452 0.868996 6
2.741884 15.193546 18.253860 6
2.396386 9.605015 0.963540 6
15.439140 16.044826 18.324862 6
2.594060 9.135027 2.256474 6
15.085764 16.415256 17.086198 6
3.668339 8.093503 2.850702 6
14.062491 17.538930 16.357849 6
4.583278 8.854856 3.856765 6
13.163895 16.825344 15.445415 6
5.764329 9.287325 3.742882 6
12.009807 16.155590 15.603914 6
6.191025 9.993076 4.763569 6
11.452285 15.637542 14.404926 6
5.244003 9.750214 5.826212 6
12.624616 15.801621 13.520445 6
5.018341 10.234742 7.175484 6
12.704613 15.467503 12.095756 6
14.310152 14.739122 7.816779 6
3.417504 10.971151 11.564698 6
14.972507 15.217402 7.152662 1
2.877988 10.215722 11.932648 1
13.487475 14.919280 7.614200 1
4.349322 10.709106 11.580255 1
14.583433 14.785718 8.598130 1
3.088595 10.976990 10.610821 1
13.743704 12.185359 7.971652 6
3.847955 13.269673 11.145015 6
13.931567 11.450229 7.651783 1
3.794826 14.261957 11.564342 1
14.193789 12.329772 8.855414 1
3.690775 13.279477 10.365200 1
12.815986 12.435871 7.958585 1
4.854160 13.176966 11.238747 1
12.272860 10.181081 3.493693 6
5.425325 15.476533 15.649844 6
12.898399 9.646449 4.185300 1
5.007989 15.907789 14.957477 1
11.465168 10.571831 3.925845 1
6.164626 15.167909 15.264364 1
11.970911 9.337250 2.903802 1
5.722572 16.274716 16.276639 1
12.366398 11.732736 1.583959 6
5.369818 13.876946 17.515548 6
12.776922 12.399537 1.263144 1
4.971325 13.217696 17.967390 1
12.037868 10.994790 1.029336 1
5.658991 14.632127 18.216690 1
11.425946 12.215803 2.122411 1
6.248540 13.545643 17.165643 1
4.479752 7.558210 1.653632 6
13.314693 17.984503 17.569367 6
4.996450 8.315375 1.186847 1
12.814318 17.389237 17.951218 1
5.008484 6.938986 2.021960 1
12.694472 18.648626 17.243405 1
3.950539 7.134224 1.078733 1
13.916974 18.583291 18.140000 1
2.885848 7.064129 3.487372 6
14.919970 18.514176 15.735663 6
2.236839 7.350351 4.140741 1
15.383700 18.292484 14.930414 1
2.214250 6.594631 2.791184 1
15.519634 19.096982 16.328660 1
3.559211 6.383116 3.784569 1
14.262529 19.147856 15.386295 1
4.253800 9.178381 8.034492 6
13.440644 16.502817 11.323725 6
3.495630 9.083489 7.552713 1
14.257923 16.510037 11.697065 1
4.693317 8.372083 7.984812 1
12.963008 17.250061 11.294878 1
4.193853 9.340968 8.924310 1
13.423870 16.234621 10.274261 1
6.465748 10.448774 7.835900 6
11.335313 15.324604 11.416932 6
7.023026 11.027413 7.260065 1
10.804741 14.613025 11.944918 1
6.370510 10.535389 8.681963 1
11.331661 14.913695 10.532366 1
6.998318 9.607034 7.895589 1
10.891227 16.064324 11.420966 1
6.544908 17.221495 10.087960 7
11.292538 8.409507 9.197389 7
7.068091 17.460899 8.639190 6
10.732817 8.138887 10.564920 6
8.017660 17.202081 8.661904 1
9.896116 8.475059 10.602266 1
6.994931 18.450581 8.467870 1
10.627336 7.228502 10.672664 1
6.242975 16.733207 7.522856 6
11.374036 8.919002 11.757344 6
5.328633 16.920220 7.665853 1
12.470832 8.613199 11.464653 1
6.534482 15.846668 7.473511 1
11.302037 9.714542 11.740268 1
6.687660 17.284145 6.185073 6
11.028682 8.249756 13.089059 6
7.625697 17.313307 6.110156 1
10.179080 8.266397 13.156083 1
6.566397 18.201768 6.146766 1
11.246821 7.227764 13.097672 1
5.929296 16.747336 5.027006 6
11.743405 9.009369 14.240210 6
6.320875 16.983616 4.254649 1
11.448580 8.474905 15.025555 1
6.138832 15.774248 5.029570 1
11.587374 9.812711 14.246866 1
5.122312 16.822537 5.158912 1
12.624467 8.874700 13.990432 1
4.974906 17.529100 10.245814 6
12.770836 7.975283 9.065825 6
4.766599 17.421791 11.168286 1
12.920332 8.091706 8.096284 1
4.564496 16.954277 9.688910 1
13.271429 8.572244 9.500067 1
4.617898 18.965923 9.849731 6
12.955273 6.690943 9.447249 6
4.879257 19.150555 8.870206 1
12.874910 6.529187 10.384116 1
5.139597 19.529440 10.267006 1
12.618913 5.897543 9.055474 1
3.155178 19.304368 9.865134 6
14.518111 6.388001 9.265463 6
3.103883 20.153339 9.891024 1
1.027068 5.442433 9.397604 1
16.472993 19.020888 10.845673 1
14.749680 6.571144 8.422348 1
16.093180 18.451074 8.938212 6
1.752209 7.147859 10.299447 6
15.024374 18.753232 8.961726 1
2.653755 6.869986 10.171628 1
16.327141 18.914292 7.918573 1
1.443664 6.695044 11.167858 1
16.167453 17.535859 8.949380 1
1.666231 7.931589 10.289584 1
7.395605 17.820839 11.051405 6
10.433674 7.801907 8.109634 6
7.171692 18.840588 10.850135 1
10.600920 6.676126 8.243885 1
8.340300 17.760223 10.817489 1
9.456198 7.902083 8.432279 1
7.065341 17.544842 12.527747 6
10.669674 7.908446 6.767676 6
7.321633 16.604019 12.797971 1
10.577278 8.964926 6.444765 1
6.270815 17.881141 12.742618 1
11.396531 7.684095 6.513207 1
8.234172 18.418802 13.349692 6
9.462499 7.216091 5.907852 6
8.133951 19.273869 13.216826 1
9.572372 6.234565 6.034425 1
9.036208 18.057769 13.105693 1
8.754422 7.416079 6.253772 1
8.240516 18.050616 14.905783 6
9.645437 7.592891 4.326156 6
8.889127 18.661754 15.205894 1
8.938542 7.027998 3.897141 1
7.335667 18.325748 15.197186 1
10.418730 7.336004 4.158145 1
8.367102 17.169772 15.083559 1
9.397731 8.489567 4.205411 1
6.566001 15.731866 10.406156 6
11.241715 9.978804 8.848140 6
5.895341 15.251914 9.709809 1
11.867366 10.335370 9.420163 1
6.142273 15.511211 11.298896 1
11.639529 9.999318 7.900919 1
7.746802 14.955536 10.449363 6
9.900951 10.604341 8.937006 6
8.504800 15.452235 10.929778 1
9.228671 10.115144 8.307827 1
8.190743 14.940637 9.552181 1
9.553511 10.659771 9.717046 1
7.699881 13.563486 11.109394 6
9.967627 12.021773 8.177179 6
8.494127 13.174691 10.884664 1
9.064717 12.568842 8.457088 1
7.056775 12.992042 10.477106 1
10.655332 12.478993 8.581048 1
7.518629 13.562093 12.495218 6
10.306941 12.010570 6.678084 6
7.368404 12.753593 12.888854 1
10.363116 12.991818 6.335690 1
8.201145 14.057728 13.041954 1
9.650056 11.603962 6.352399 1
6.574909 14.000048 12.581892 1
11.070329 11.611528 6.629318 1
7.848097 3.460011 3.614569 17
9.809777 22.246908 15.620845 17
7.428082 14.986423 1.165828 9
10.406581 10.478734 17.996566 9
5.420605 17.029600 0.739738 9
12.244969 8.388523 18.494202 9
1.534939 2.588149 4.068414 9
16.268932 23.070736 15.232733 9
2.127023 3.700011 6.631781 9
15.625919 22.077128 12.613521 9
7.840733 21.024423 9.812204 9
9.761670 4.513418 9.449749 9
10.046929 19.313482 9.990248 9
7.553055 6.363602 9.251017 9
9.972819 15.694744 7.828964 9
7.791147 9.954498 11.560403 9
9.042462 14.460765 5.201792 9
8.652298 11.154971 13.964471 9
8.338897 18.148761 2.491792 7
9.385709 7.418315 16.801783 7
4.790584 3.749016 4.373543 7
13.043834 21.737378 14.964884 7
7.030686 2.978235 6.699664 7
10.659920 22.634488 12.549863 7
10.697326 17.595622 4.800625 7
6.939047 8.012058 14.374717 7
6.300538 1.737658 2.837353 1
11.401505 23.883650 16.391764 1
5.421649 3.863423 4.071063 1
12.324769 21.698815 15.243345 1
7.298474 3.088734 5.793432 1
10.517770 22.446817 13.334716 1
10.846043 18.297330 4.337461 1
6.776826 7.233147 14.861060 1
8.549663 16.838175 2.253840 6
9.190832 8.760321 16.985748 6
7.474574 16.360353 1.686109 6
10.289349 9.269095 17.638358 6
6.550225 17.435683 1.375683 6
11.224658 8.236676 17.776056 6
4.681096 1.300351 1.944160 6
13.071000 24.253485 17.224973 6
3.951263 2.815270 2.034088 6
13.691409 22.851175 17.165513 6
3.778411 3.262822 3.428235 6
13.944929 22.394790 15.723300 6
2.728615 3.109491 4.242277 6
15.100157 22.478705 14.844343 6
2.927063 3.646877 5.477800 6
14.630373 21.965069 13.736097 6
4.331403 4.070725 5.463060 6
13.340816 21.631736 13.751871 6
5.234780 4.795629 6.655226 6
12.642899 20.813839 12.670136 6
6.147913 3.745884 7.449085 6
11.717431 21.902151 11.976587 6
8.566307 20.698420 8.699938 6
9.023834 4.932702 10.464801 6
9.635939 19.720823 8.898240 6
8.060005 5.967346 10.518516 6
10.140049 19.535669 7.608206 6
7.524315 6.101192 11.638563 6
11.411161 18.489155 7.070812 6
6.460848 7.024702 12.025433 6
10.758142 17.553759 6.220037 6
6.895258 8.208069 12.973737 6
10.187141 16.300466 6.553721 6
7.581173 9.354678 12.721892 6
9.727766 15.659858 5.288961 6
8.080885 9.889706 13.928775 6
10.167730 16.487702 4.168048 6
7.688041 9.129514 15.048228 6
9.861255 16.279551 2.846897 6
7.892885 9.309671 16.378479 6
5.045652 3.732060 1.364859 6
12.745550 21.756693 17.814647 6
5.893926 3.799608 1.838889 1
11.850089 21.897034 17.509119 1
5.189536 3.383427 0.467879 1
12.672639 22.205265 18.853350 1
4.569673 4.738001 1.395121 1
13.171858 20.984584 17.935614 1
2.732491 2.742332 1.223140 6
15.034571 22.710971 18.047035 6
2.038397 2.245740 1.662649 1
15.626428 23.298206 17.627052 1
2.279393 3.680308 1.268663 1
15.376195 21.796351 17.890179 1
2.904436 2.463548 0.285622 1
14.867233 23.103442 18.888087 1
6.072669 5.899083 5.942661 6
11.680807 19.753884 13.206380 6
6.565903 5.384587 5.259790 1
11.055005 20.246769 14.006873 1
5.439203 6.389077 5.578157 1
12.296676 19.121362 13.676733 1
6.511806 6.342043 6.675619 1
11.226188 19.261283 12.674014 1
4.164080 5.427242 7.705624 6
13.430742 20.145729 11.646205 6
3.578579 4.774235 8.096424 1
14.026982 20.801533 11.215701 1
4.705779 5.787558 8.242673 1
12.966731 19.654775 11.007988 1
3.692645 6.077229 7.131576 1
14.040228 19.452729 12.005104 1
12.073409 17.814523 8.249799 6
5.639107 7.616515 10.814109 6
11.296346 17.400745 8.804381 1
6.407892 8.185482 10.469783 1
12.644325 17.360054 7.991756 1
4.977954 8.356401 11.130262 1
12.277782 18.664910 8.841202 1
5.355504 7.073073 10.351720 1
12.476487 19.336658 6.351726 6
5.333813 6.184416 12.910678 6
9.631018 2.756978 5.706126 1
8.193976 22.849983 13.604200 1
12.796486 20.020801 7.096559 1
4.895827 5.646292 12.342938 1
13.069424 18.747191 6.064403 1
4.606717 6.737183 13.081348 1
10.097236 14.794645 2.490036 6
7.744349 10.780183 16.815218 6
9.355535 14.459470 2.933769 1
8.494487 11.159836 16.444403 1
9.921012 14.702178 1.505291 1
7.805969 10.825602 17.701159 1
10.821103 14.442952 2.651470 1
6.846889 11.014689 16.516390 1
10.980034 17.023164 2.005754 6
6.788562 8.474439 17.164043 6
8.487517 0.971871 2.207411 1
6.692855 7.625499 16.986756 1
11.904961 16.753425 2.261878 1
5.798743 8.952295 17.033243 1
10.833097 16.996955 1.003031 1
6.779155 8.667938 18.138964 1
11.524687 4.123396 1.023499 7
6.146578 21.512548 18.162752 7
11.323189 2.641062 1.384894 6
6.266127 23.101502 17.804412 6
10.879554 2.119929 0.688649 1
6.792459 23.341502 18.459567 1
10.801572 2.561130 2.308836 1
6.792688 23.017333 17.096209 1
12.744590 1.880414 1.528465 6
5.109076 23.696198 17.679520 6
13.260013 2.303609 2.108652 1
4.437744 23.361667 17.056091 1
13.208965 1.840765 0.734079 1
4.629945 23.797097 18.545178 1
14.843431 17.669189 2.088081 6
2.925081 8.119962 17.080184 6
14.289280 17.167353 1.500708 1
3.441436 8.503954 17.767770 1
14.456142 17.704888 2.967270 1
3.444116 7.884959 16.282722 1
2.549170 16.689361 2.244561 6
1.708053 8.910144 16.868336 6
15.857081 15.978008 2.565454 1
1.918081 9.768235 16.526308 1
2.965275 16.765102 1.417818 1
14.740090 8.881296 17.861396 1
2.987296 17.242427 2.858187 1
14.600345 8.390809 16.390078 1
12.332815 4.861703 2.230111 6
5.304114 20.930271 17.028419 6
12.304426 5.783325 1.925504 1
5.365784 19.962440 17.287852 1
13.207003 4.442043 1.955816 1
4.528142 21.167899 17.230467 1
11.951813 4.596218 3.675445 6
5.667146 21.039015 15.622767 6
12.171491 3.512657 3.747747 1
5.710208 21.962869 15.536515 1
11.160862 4.853486 3.709373 1
6.639228 20.881472 15.561196 1
12.969564 5.240938 4.438251 6
4.826761 20.285990 14.745189 6
12.809731 6.201294 4.346738 1
4.960185 19.456390 14.801289 1
13.810966 5.132181 4.188313 1
3.801623 20.544955 15.059186 1
12.780159 4.944797 5.902821 6
4.928858 20.733831 13.333594 6
13.444222 5.538734 6.574395 1
4.236260 20.106916 12.709371 1
11.925949 5.183107 6.269037 1
5.742813 20.331289 13.052948 1
12.881374 4.095296 6.171531 1
4.849121 21.469547 13.187297 1
10.169251 4.569313 1.060426 6
7.585930 20.887262 18.099464 6
9.727815 4.567710 2.039449 1
7.903585 21.012363 17.330810 1
9.530522 4.016979 0.449250 1
8.103301 21.455952 18.696198 1
9.919296 6.103071 0.567029 6
7.767588 19.412312 18.633511 6
11.914082 14.737723 18.951138 1
5.777996 11.007667 0.254283 1
10.572861 6.677249 1.200512 1
7.340351 18.971252 17.944393 1
8.486013 6.461662 0.614592 6
9.308867 19.076115 18.641059 6
8.345158 7.360382 0.600922 1
9.401578 18.241559 18.742082 1
8.233846 6.160073 1.501867 1
9.510497 19.265078 17.810507 1
9.338460 14.333847 18.908715 6
8.437803 11.381116 0.413857 6
8.405426 14.574160 18.855700 1
9.298287 11.020217 0.386095 1
9.706104 14.454642 17.925975 1
8.147420 11.058669 1.150731 1
9.397730 13.319517 18.966631 1
8.265863 12.299757 0.236765 1
13.916530 12.657539 19.109277 6
3.894858 12.819160 0.200632 6
14.842690 12.316846 19.101867 1
2.990552 13.241491 0.072559 1
14.027076 13.687920 18.995442 1
3.679983 11.949161 0.227192 1
13.196431 12.185702 17.788262 6
4.433312 13.295035 1.524133 6
12.359663 12.582280 17.696213 1
5.378672 13.123644 1.528659 1
13.150217 11.367942 17.749856 1
4.491226 14.270604 1.546823 1
13.924963 12.660984 16.549734 6
3.689611 12.948762 2.778382 6
14.858019 12.531169 16.564577 1
2.817113 13.147928 2.589422 1
14.083502 13.676741 16.527567 1
3.727837 11.890398 2.712475 1
13.419105 12.352087 15.270017 6
4.328412 13.260211 3.940459 6
13.965011 12.608451 14.514640 1
3.805841 12.939165 4.761126 1
13.412727 11.224059 15.322478 1
4.349714 14.287811 4.087462 1
12.495629 12.622171 15.211664 1
5.281020 12.983454 3.992175 1
