23.009626 0.256741 2.452023 8
11.787253 5.511854 1.926841 8
11.340976 10.015756 6.292331 8
22.565149 4.816548 6.773070 8
20.784207 2.447560 1.695352 8
14.015180 7.526982 2.761738 8
13.672133 8.019615 7.156138 8
20.214937 2.907490 5.944241 8
22.935058 9.925211 5.244048 8
10.950917 4.699016 7.968983 8
11.353456 0.555248 3.658933 8
23.376396 5.616356 0.691992 8
23.500706 0.060607 7.181545 8
10.421789 5.178598 5.841686 8
10.925399 0.028759 1.533909 8
23.899085 5.067365 2.834977 8
22.394550 1.171894 3.530632 6
12.339018 6.399649 0.933171 6
11.865385 9.296969 5.201197 6
21.968759 4.057603 7.708862 6
22.425967 2.096372 3.220658 1
12.416938 7.208152 1.088831 1
11.879688 8.237452 5.613714 1
22.021682 3.080199 7.491022 1
23.221087 0.957990 4.835607 6
10.679704 6.206216 8.344786 6
11.327817 9.427971 3.885015 6
23.701323 4.340002 0.456591 6
22.751560 1.522344 5.395581 1
11.242118 6.745699 7.554100 1
11.694644 8.929267 3.217189 1
23.308259 3.603264 1.000711 1
24.628851 1.186519 4.554921 6
9.229207 6.490227 8.386412 6
9.769632 9.100716 4.083943 6
25.128708 3.910261 0.158997 6
25.083649 1.081386 5.350909 1
8.776517 6.215893 7.744305 1
9.315345 9.455332 3.352739 1
25.525303 4.278637 0.977875 1
24.700673 2.170176 4.519633 1
9.243940 7.476545 8.704951 1
9.572625 8.209187 4.235117 1
25.266605 2.979550 0.053785 1
25.180111 0.559040 3.461263 6
9.712840 5.751703 0.836129 6
9.109338 9.883927 5.239660 6
24.838076 4.813519 7.728211 6
25.167153 9.862826 3.540663 1
9.673894 4.726832 0.753589 1
9.148135 0.439836 5.049099 1
24.762902 5.776383 8.064887 1
26.237220 0.877422 3.182965 1
8.752612 6.030779 1.136593 1
8.233986 9.553918 5.445027 1
25.601331 4.360535 7.616451 1
24.318094 0.767044 2.231777 6
10.395351 5.879918 2.137791 6
10.093509 9.596573 6.561306 6
23.857128 4.407924 6.575545 6
24.343995 1.583402 1.932420 1
10.440511 6.761445 2.415858 1
9.926532 8.767713 6.797867 1
24.019921 3.467681 6.275649 1
24.726219 0.170925 1.381272 1
10.001536 5.369322 2.977566 1
9.696144 10.187982 7.354395 1
24.243531 4.956309 5.721296 1
20.939489 0.854568 3.512011 6
13.975572 5.891964 0.862179 6
13.363400 9.660311 5.222580 6
20.465172 4.359788 7.758482 6
20.545031 1.112422 4.228820 1
14.328029 6.354047 0.169813 1
13.851487 9.244154 4.410338 1
20.119619 4.191392 8.590968 1
20.793151 10.173495 3.397356 1
14.041845 5.017191 0.910654 1
13.559983 0.124369 5.390286 1
20.362868 5.349780 7.632258 1
20.204344 1.368748 2.314747 6
14.647345 6.723968 2.146455 6
14.187118 9.042727 6.389548 6
19.671315 3.764128 6.694057 6
23.322845 9.695207 6.346254 6
10.685159 4.316670 6.622875 6
11.159390 0.778618 2.212068 6
23.746416 5.891671 2.040858 6
23.195251 8.057275 6.738399 6
10.608792 2.910446 6.368849 6
11.241429 2.315113 2.042377 6
23.613155 7.463472 2.387488 6
24.043532 7.865375 6.836295 1
9.816474 2.588480 6.253470 1
10.170184 2.512147 1.875304 1
24.666456 7.781151 2.334514 1
22.887559 7.660687 5.842051 1
11.204860 2.426378 7.131153 1
11.504294 2.638565 2.920614 1
23.357450 7.836731 1.450248 1
22.655125 7.918953 7.490762 1
11.223091 2.791658 5.641231 1
11.722507 2.368195 1.260282 1
23.152985 7.673916 3.046753 1
18.804685 1.076860 2.058372 6
16.105966 6.335149 2.345842 6
15.495646 9.231124 6.652231 6
18.406901 4.056528 6.366177 6
18.105072 0.048106 2.667022 6
16.681245 5.323823 1.714343 6
16.247422 10.344937 6.027892 6
17.603330 5.105926 7.171664 6
18.468588 10.006895 3.383874 1
16.250635 4.854611 0.907268 1
15.936815 0.289668 5.295677 1
18.141729 5.624213 7.764844 1
16.752995 10.279927 2.526747 6
18.111584 5.147107 1.993762 6
17.614357 0.101449 6.225992 6
16.266262 5.256300 6.719530 6
16.240585 9.581760 2.873004 1
18.498098 4.349648 1.444999 1
18.142944 0.793210 5.810124 1
15.810327 6.044157 7.242830 1
16.123297 0.558881 1.436606 6
18.680389 5.641681 3.033460 6
18.199933 9.993438 7.305404 6
15.638915 4.762549 5.690678 6
14.796063 0.333709 1.031097 6
20.150005 5.507438 3.282348 6
19.627268 10.175753 7.671739 6
14.322064 4.966076 5.525072 6
14.220517 9.952704 1.608511 1
20.675642 4.828393 2.723598 1
20.138167 0.421588 7.182887 1
13.895493 5.521023 6.032715 1
14.137783 0.828194 0.081935 6
20.627775 6.023451 4.305141 6
20.278729 9.434419 8.716531 6
13.694885 4.194236 4.364813 6
12.346321 0.718768 8.594433 1
21.559826 6.029862 4.447834 1
22.049627 9.727818 0.196588 1
12.771024 4.449451 4.179361 1
14.016496 1.913652 7.970064 6
20.045963 7.003492 5.055543 6
20.392589 8.518877 0.755097 6
14.309906 3.366808 3.723177 6
13.560211 2.294051 7.321076 1
20.403889 7.502692 5.792671 1
20.865252 8.146367 1.359884 1
13.884555 2.913784 3.009143 1
15.201494 2.202867 8.283716 6
18.692947 7.252052 4.864834 6
19.075050 8.354612 0.347606 6
15.753090 3.012721 3.948581 6
15.741628 2.771806 7.789636 1
18.263011 7.975178 5.273591 1
18.765949 7.732174 0.855129 1
16.251862 2.510348 3.386038 1
16.812657 1.448889 0.701585 6
18.107439 6.744093 3.757718 6
17.611598 8.982979 8.155848 6
16.270757 3.838290 5.029491 6
18.119404 1.747931 0.844616 6
16.713310 6.973852 3.403769 6
16.283402 8.693492 7.811306 6
17.781916 3.579627 5.274355 6
18.675586 2.241921 0.340565 1
16.242747 7.540981 3.912894 1
15.685742 8.169237 8.322484 1
18.219000 2.829431 4.849719 1
31.884717 4.206066 4.977087 8
2.181814 9.368379 8.020356 8
2.587707 6.156659 3.784701 8
32.191568 0.955436 0.682067 8
29.080054 4.021001 1.852754 8
5.748492 9.280158 2.606261 8
5.213911 6.225839 7.024712 8
28.739208 1.178363 6.089070 8
32.992332 4.284485 2.427817 8
1.926199 9.545586 2.034821 8
1.421768 6.150082 6.467060 8
32.448263 0.859965 6.620878 8
33.051937 5.322859 0.302908 8
1.852846 0.030496 3.992210 8
1.502584 5.059597 8.359502 8
32.412205 10.352157 4.652212 8
31.077765 4.404083 3.697388 6
3.732955 9.671446 0.533105 6
3.326922 5.970443 4.940636 6
30.560915 0.845703 8.130065 6
30.255966 4.922718 4.042874 1
4.718749 10.109989 0.401023 1
4.182874 5.435046 4.727434 1
29.842721 0.260114 8.258882 1
31.779145 5.116985 2.772632 6
3.040140 0.010280 1.639453 6
2.569102 5.295733 5.964621 6
31.425775 0.011715 7.093420 6
31.369218 5.312000 1.940055 1
3.671349 0.111489 2.435311 1
3.111039 5.038400 6.735950 1
30.910961 10.276045 6.307165 1
32.307175 6.531113 3.402707 6
2.526890 1.284885 1.063626 6
1.974948 3.848042 5.460169 6
31.827282 9.053086 7.624692 6
31.669563 7.126869 3.404788 1
3.115633 1.900235 0.942840 1
2.804894 3.228723 5.271796 1
31.091407 8.390292 7.673660 1
33.001321 6.848828 2.608336 1
1.869368 1.590470 1.623258 1
1.272059 3.423033 5.993274 1
32.532112 8.689851 7.022545 1
33.093401 6.314909 4.598554 6
0.829345 1.071479 8.439836 6
1.268411 4.045776 4.052394 6
33.545835 9.243068 0.233545 6
33.857824 5.847602 4.617123 1
0.067441 0.585518 8.602019 1
0.429908 4.643813 4.103663 1
34.437744 9.854198 0.261812 1
33.193412 7.201620 5.149556 1
0.717845 2.006303 8.114220 1
1.161371 3.260855 3.672282 1
33.651688 8.527717 0.796640 1
32.054595 5.449722 5.636165 6
1.867861 0.295569 7.606767 6
2.314606 4.871003 3.180555 6
32.543966 10.015546 1.133477 6
32.679307 5.331437 6.507155 1
1.340918 0.159689 6.651859 1
1.785150 5.012115 2.369576 1
33.116697 10.174890 2.106441 1
31.320856 6.116709 5.833660 1
2.603806 0.867924 7.417821 1
2.989405 4.332873 3.074346 1
31.846605 9.502759 1.425762 1
30.692658 2.973496 3.390381 6
4.249115 8.330920 1.112708 6
3.798470 7.280705 5.463092 6
30.221612 2.134738 7.635179 6
31.491772 2.680835 2.890660 1
3.364235 7.771890 1.358903 1
3.018575 7.877569 5.661515 1
30.943244 2.547366 7.388062 1
30.351114 2.476777 4.178497 1
4.482705 7.810194 0.164561 1
4.068995 7.867127 4.524463 1
29.792343 2.622721 8.469902 1
29.493487 3.074245 2.219347 6
5.347567 8.226025 2.069921 6
4.788930 7.277878 6.354556 6
28.969974 2.253899 6.590330 6
33.493347 4.413157 1.100720 6
1.411734 9.568212 3.255151 6
1.050846 5.960469 7.681150 6
32.892200 0.640636 5.352230 6
34.527621 3.421296 0.808240 6
0.442835 8.735547 3.578849 6
-0.031108 6.871530 8.013358 6
33.945321 1.702832 5.173424 6
34.035921 2.665460 0.213582 1
0.821579 7.886907 4.101114 1
0.327332 7.682458 8.439597 1
33.615762 2.371195 4.719214 1
34.857717 3.133347 1.699830 1
-0.037127 8.311239 2.786419 1
-0.394694 7.253197 7.107404 1
34.349527 2.069953 6.071812 1
35.244229 3.978412 0.195556 1
-0.246505 9.160730 3.996463 1
-0.728201 6.490095 8.431415 1
34.759730 1.197581 4.656263 1
28.863364 1.676422 1.891659 6
5.877855 6.945394 2.462153 6
5.362041 8.715721 6.916408 6
28.494748 3.431978 6.320622 6
28.047330 1.683736 0.880346 6
6.908169 6.910773 3.434268 6
6.346123 8.704511 7.952352 6
27.588907 3.557561 5.117907 6
27.805990 2.513815 0.455051 1
7.171579 7.664427 3.975634 1
6.703693 7.889111 8.294397 1
27.364932 2.657299 4.736300 1
27.421584 0.622467 0.443321 6
7.358375 5.787276 3.917505 6
6.935738 9.814605 8.192858 6
26.934310 4.714652 4.805212 6
25.930822 0.663714 8.369519 1
8.134892 5.719649 4.683210 1
8.485225 9.888782 0.219615 1
26.414106 4.558433 4.126640 1
27.763594 9.814697 1.004430 6
7.147817 4.500875 3.276382 6
6.600072 0.726996 7.628160 6
27.345959 5.798305 5.374288 6
27.222104 8.521181 0.760876 6
7.768866 3.301843 3.639002 6
7.250323 1.819460 7.949522 6
26.676982 7.191689 5.107467 6
25.547321 8.497606 8.685218 1
8.425379 3.219811 4.328107 1
7.883115 1.907791 8.607429 1
26.059719 7.206733 4.358220 1
27.619361 7.392708 1.191169 6
7.235652 2.114265 3.030944 6
6.794057 3.094934 7.471848 6
27.016555 8.165933 5.581515 6
27.118386 6.424002 1.029625 1
7.666571 1.422187 3.325490 1
7.228707 3.788959 7.609682 1
26.804045 9.050435 5.305881 1
28.511841 7.385811 2.252770 6
6.331018 2.195375 2.015918 6
5.806894 3.135911 6.433305 6
28.157453 8.351182 6.656262 6
28.786948 6.579030 2.644529 1
6.008740 1.429283 1.580434 1
5.529958 3.855192 5.936035 1
28.256008 9.037413 6.958065 1
29.102657 8.540544 2.624254 6
5.763152 3.350593 1.638690 6
5.236146 1.892876 5.999854 6
28.565693 7.114913 7.023245 6
29.751372 8.459708 3.336645 1
5.103263 3.219696 0.943250 1
4.695609 1.799306 5.297804 1
29.261623 7.091762 7.870413 1
28.701856 9.812539 2.180768 6
6.226356 4.516057 2.347659 6
5.740301 0.580908 6.522186 6
28.298659 5.841108 6.397292 6
29.275798 0.564083 2.578339 6
5.494398 5.864061 1.841152 6
5.138552 9.887722 6.186175 6
28.823224 4.685982 6.797400 6
29.833157 0.637367 3.196444 1
4.916453 5.696012 1.124867 1
4.538011 9.749871 5.482673 1
29.356977 4.572758 7.648983 1
