1.079980 1.213752 6.934357 8
3.871979 9.170074 40.724024 8
9.012152 6.222165 26.788250 8
6.289686 4.058753 60.346224 8
4.243574 8.045318 6.067780 8
0.796784 2.093298 39.816931 8
5.936178 2.883962 27.553394 8
9.457385 7.198130 61.325166 8
5.663542 1.144723 7.284954 8
9.671223 9.179585 40.796498 8
4.513180 6.134217 26.580277 8
0.487207 3.967497 60.204051 8
4.603876 10.146770 10.320382 8
0.503294 10.187716 43.979798 8
5.610167 4.953984 23.451170 8
9.616808 5.232473 57.119733 8
1.002141 6.584862 8.785723 8
4.038083 3.621432 42.473662 8
9.040801 1.486872 24.818100 8
6.185103 8.721697 58.586727 8
1.924227 7.840549 4.628873 8
3.172311 2.387261 38.312663 8
8.122831 2.753856 29.158862 8
6.946408 7.592625 62.796286 8
1.759869 7.662843 3.825398 1
3.175202 2.489264 37.431235 1
8.264920 2.639421 29.963404 1
6.877160 7.641716 63.633003 1
8.584731 7.645306 5.333030 8
6.750376 2.444496 38.982701 8
1.613952 2.717180 28.401411 8
3.466122 7.541345 62.055633 8
8.708441 9.949233 7.562899 8
6.499441 0.345968 41.388038 8
1.526315 4.819873 26.088141 8
3.590930 5.459249 59.666058 8
1.679051 10.019833 6.641249 6
3.359343 0.274896 40.231390 6
8.555080 4.946255 27.200056 6
6.650040 5.293167 60.832826 6
1.646682 9.827147 5.670781 1
3.356542 0.311043 39.338069 1
8.615755 4.850475 28.025200 1
6.792866 5.297933 61.745659 1
3.066562 9.800010 7.063087 6
1.933276 0.282746 40.824445 6
7.041319 4.743891 26.601949 6
8.111619 5.518006 60.373838 6
4.152562 9.559932 6.139276 6
0.870570 0.687923 39.882994 6
5.854671 4.506990 27.503067 6
9.352064 5.818902 61.222970 6
4.136318 9.841457 5.256971 1
0.945832 0.181010 39.054480 1
6.056920 4.916760 28.460422 1
9.123249 5.422398 62.000256 1
5.619614 9.949127 6.787669 6
9.618810 0.328708 40.447387 6
4.575128 4.875601 26.962200 6
0.442189 5.434302 60.639759 6
6.449904 9.585700 6.386279 1
8.859290 0.661202 39.935795 1
3.804896 4.370524 27.313557 1
1.224002 5.796216 60.945398 1
5.675285 0.095321 8.259864 6
9.508117 10.131652 41.820863 6
4.564611 5.141500 25.426292 6
0.584449 5.139529 59.210056 6
6.587144 10.068527 8.741649 1
8.753799 0.219492 42.301389 1
3.563161 4.940614 25.108411 1
1.441953 5.125842 58.643720 1
4.500822 0.023736 9.097736 6
0.696548 10.176573 42.841342 6
5.668806 5.125582 24.655394 6
9.527688 5.101458 58.251790 6
3.233843 0.001912 8.436120 6
1.908905 0.004353 42.023943 6
7.080409 5.085642 25.245279 6
8.330773 5.146700 58.972353 6
1.726703 0.068203 9.030251 6
3.365297 10.153874 42.812218 6
8.421102 5.275210 24.530243 6
6.982792 4.941487 58.302708 6
1.886818 0.179415 10.088491 1
3.257750 10.030888 43.660817 1
8.141973 5.279850 23.666197 1
7.003164 4.944678 57.407613 1
1.114501 1.293915 8.431543 6
4.045018 8.895194 41.976893 6
9.052182 6.419895 25.398140 6
6.280374 3.842610 58.922370 6
0.115070 1.241081 8.595330 1
5.000530 8.834807 42.325375 1
9.952990 6.378731 24.971441 1
5.220047 3.834671 58.765466 1
1.690337 2.661389 8.720111 6
3.234244 7.477241 42.429053 6
8.490845 7.634258 25.010758 6
6.876565 2.529026 58.737958 6
1.182310 3.349806 8.298796 1
3.797404 6.787468 41.844454 1
8.875540 8.452174 25.504740 1
6.315381 1.726320 59.193832 1
2.699887 2.530395 8.481582 1
2.392099 7.501255 42.065769 1
7.432744 7.801040 25.251066 1
7.844176 2.555341 58.901977 1
1.778498 2.859146 9.713007 1
3.321810 7.390522 43.330346 1
8.427126 7.881480 23.972905 1
6.874478 2.313360 57.591637 1
0.948859 6.421978 7.525866 6
4.201467 3.684627 41.167825 6
9.162706 1.438745 26.253808 6
5.987668 8.798870 59.792202 6
0.938490 5.601952 7.180361 1
4.198116 4.538985 40.732645 1
9.137665 0.484392 26.676408 1
6.124291 9.621745 60.326378 1
0.905955 7.476004 6.666889 6
4.157220 2.642544 40.326260 6
9.277599 2.496749 27.047841 6
6.031631 7.765349 60.746716 6
0.739172 7.202223 5.154202 6
4.379010 2.823431 38.875545 6
9.494747 2.233673 28.335099 6
5.803911 8.096353 62.143816 6
0.651882 6.247237 5.134659 1
4.316083 3.884958 38.778487 1
9.483897 1.124348 28.628137 1
5.849339 9.068417 62.252469 1
9.684321 8.078664 4.581627 6
5.544425 2.072611 38.344154 6
0.501247 2.943959 28.949691 6
4.649658 7.266046 62.671532 6
9.661022 8.052360 3.765315 1
5.498583 2.089269 37.449324 1
0.446569 3.035434 30.098244 1
4.645153 7.222267 63.689781 1
9.130016 9.162270 5.463392 6
6.250895 1.197831 39.218490 6
1.026262 3.908194 28.289538 6
3.953391 6.224244 61.919531 6
8.616840 9.861642 5.028370 1
6.599240 0.416784 38.684803 1
1.508352 4.770028 28.646355 1
3.538697 5.433764 62.408892 1
9.505387 9.380929 6.990722 6
5.818920 0.858517 40.592363 6
0.709363 4.186927 26.766912 6
4.457351 5.934142 60.414795 6
0.763048 8.903788 7.287810 6
4.340913 1.225291 41.023355 6
9.433064 3.890843 26.321532 6
5.892680 6.446904 60.145666 6
0.910055 8.998550 8.867373 6
4.154972 1.208910 42.520909 6
9.208099 3.953543 24.862884 6
6.129671 6.349575 58.677205 6
0.110854 9.208900 9.192294 1
4.925421 1.023826 43.010929 1
10.038992 4.046334 24.512462 1
5.117784 6.135335 58.235355 1
1.713775 7.691902 9.310655 6
3.421429 2.352844 42.982766 6
8.581723 2.653005 24.318976 6
6.772252 7.505172 57.974620 6
2.553545 7.821963 9.184713 1
2.421049 2.474951 42.740999 1
7.592112 2.784906 24.597239 1
7.727295 7.514456 58.207234 1
1.686245 7.831349 10.828109 6
3.556987 2.528579 44.511181 6
8.630902 2.679624 22.774660 6
6.788742 7.588526 56.410054 6
2.020336 6.913778 11.137332 1
3.030097 3.345913 44.971631 1
8.063825 1.904052 22.491755 1
7.219483 8.421669 56.176846 1
0.643414 7.844397 11.265145 1
4.435288 2.463714 44.910082 1
9.404137 2.599736 22.527553 1
5.867373 7.490934 56.160115 1
2.035599 8.471339 11.182010 1
2.933810 1.678785 44.990497 1
8.019100 3.445117 22.461696 1
7.111966 6.705755 56.119302 1
5.005841 0.817929 15.326619 8
10.148666 9.349739 49.011503 8
4.969938 5.892357 18.348933 8
0.108264 4.211590 51.918793 8
8.369841 7.958352 16.624208 8
6.966642 2.267277 50.271267 8
1.946047 2.810227 17.147821 8
3.239269 7.429753 50.812824 8
5.220408 6.750826 15.089962 8
0.025413 3.467409 48.798752 8
4.982720 1.531833 18.422247 8
0.034006 8.534449 52.103954 8
6.715487 7.716146 12.139869 8
8.637161 2.453818 45.802095 8
3.547974 2.503865 21.562977 8
1.546872 7.534815 55.276619 8
9.973361 1.081498 13.701438 8
5.365808 9.036876 47.401746 8
0.348575 6.215860 20.064804 8
4.924261 4.037397 53.700217 8
8.599119 0.161985 17.778978 8
6.791214 10.038711 51.496726 8
1.652349 5.198401 15.735257 8
3.438170 5.035420 49.463352 8
8.669412 3.754832 17.224295 8
6.681167 6.440799 50.878411 8
1.473794 8.914625 16.474812 8
3.605431 1.360397 50.119525 8
6.475911 3.559714 14.874525 8
8.774653 6.744493 48.401972 8
3.676000 8.534461 18.834804 8
1.359377 1.510611 52.598223 8
6.384731 0.493817 15.834157 6
8.906333 9.762120 49.586707 6
3.764397 5.602723 17.863621 6
1.392627 4.576406 51.418706 6
6.375027 0.512437 16.798124 1
8.854514 9.715700 50.503774 1
3.611158 5.646870 16.828543 1
1.405846 4.686467 50.456983 1
6.480990 9.166802 15.455566 6
8.647919 0.913536 49.090034 6
3.571621 4.128285 18.241932 6
1.483849 6.120554 52.017229 6
6.939504 8.046006 16.371689 6
8.465855 2.233305 50.060309 6
3.298989 2.907118 17.321257 6
1.802557 7.232556 51.015101 6
6.344679 8.234752 17.233097 1
8.956524 2.112239 50.959251 1
3.885820 3.057373 16.557244 1
1.280599 7.160269 50.223627 1
6.452875 6.802868 15.635278 6
8.720822 3.531539 49.414958 6
3.754809 1.657521 18.098464 6
1.437975 8.574579 51.604421 6
6.742194 5.861020 16.066676 1
8.354281 4.208011 49.782073 1
3.258129 0.905367 17.610441 1
1.645108 9.306059 51.271111 1
6.305754 6.581556 14.194512 6
8.996185 3.541074 48.037598 6
3.851537 1.608854 19.428050 6
1.281738 8.604212 53.089742 6
6.445876 5.800751 13.788058 1
8.743417 4.479909 47.555753 1
3.713307 0.667702 19.747536 1
1.410134 9.590925 53.511188 1
6.518443 7.900701 13.394943 6
8.678202 2.350205 47.115704 6
3.732787 2.700727 20.276729 6
1.458421 7.496561 53.935797 6
6.494300 9.040774 14.105910 6
8.800374 1.058056 47.654648 6
3.832964 4.085602 19.589333 6
1.342453 6.152958 53.268432 6
6.233073 0.288378 13.352853 6
9.144907 10.092723 46.936180 6
4.031065 5.365404 20.271673 6
1.176264 4.814748 54.117248 6
6.065285 0.047716 12.347528 1
9.204652 10.179762 46.022900 1
4.167780 5.172180 21.248867 1
1.071634 5.089959 55.095912 1
5.064988 0.880112 13.906363 6
0.212678 9.333439 47.718228 6
5.112566 6.023679 19.655878 6
10.007043 4.199457 53.444204 6
4.917954 1.897293 13.573569 1
0.243094 8.417548 47.388424 1
5.260897 6.810780 20.012657 1
9.972986 3.266769 53.785792 1
3.608449 0.237912 13.552570 6
1.354217 10.039054 47.340027 6
6.416440 5.243293 20.029672 6
8.796281 4.846693 53.803214 6
2.989588 0.568666 14.074429 1
2.225373 9.596050 47.756192 1
7.211589 5.714588 19.656560 1
8.013446 4.448552 53.383696 1
3.729121 9.539987 13.901637 1
1.384267 0.774496 47.705651 1
6.387349 4.268912 19.729841 1
8.791257 5.866884 53.429905 1
3.502309 0.150405 12.614311 1
1.531762 10.032449 46.386314 1
6.644380 5.237755 21.072970 1
8.605394 4.922185 54.679854 1
9.839279 1.054096 15.045493 6
5.323378 9.094780 48.600407 6
0.309148 6.173524 18.807054 6
4.837617 3.945562 52.436013 6
0.546185 1.138055 15.286129 1
4.417336 8.976185 49.008581 1
9.604704 6.267171 18.339617 1
5.747499 3.900583 51.963357 1
8.887639 1.124356 15.858337 6
6.266408 9.036496 49.371044 6
1.286800 6.309537 17.848326 6
3.846128 3.888980 51.623369 6
9.039291 1.393908 17.300523 6
6.268906 8.925558 50.995054 6
1.086242 6.454843 16.480076 6
3.978073 3.689414 50.141470 6
9.987027 1.339458 17.409353 1
5.280147 8.746732 51.072865 1
0.058059 6.483822 16.304103 1
4.983816 3.761847 49.927165 1
8.220322 2.443004 17.879924 6
6.858609 7.796432 51.561348 6
1.940310 7.693317 15.925133 6
3.185168 2.508344 49.614312 6
8.173175 2.496714 18.825685 1
7.148183 7.690778 52.411888 1
1.940419 7.700490 14.970574 1
3.113516 2.671039 48.625445 1
7.290706 3.098554 17.070406 6
8.006599 6.931228 50.752071 6
2.859932 8.260469 16.617271 6
2.266088 1.990602 50.449454 6
6.571794 3.688183 17.549258 1
8.785734 6.612724 51.147146 1
3.664945 8.693332 16.134773 1
1.435268 1.461750 49.828154 1
7.005914 2.786535 15.496742 6
8.180058 7.357748 49.284292 6
3.129451 7.927195 18.002767 6
2.059035 2.438188 51.876166 6
7.583628 1.367765 15.154887 6
7.819175 8.915840 48.765831 6
2.568301 6.424152 18.441937 6
2.333114 3.672749 52.211618 6
7.455424 0.984263 13.640486 6
7.803739 9.159136 47.270126 6
2.773259 6.178305 20.020532 6
2.375761 3.927429 53.742231 6
7.260497 1.874829 13.177129 1
7.837211 8.186770 46.914163 1
2.859390 7.012041 20.583052 1
2.271429 3.208933 54.258423 1
8.780556 0.442745 13.217067 6
6.447740 9.850001 46.909992 6
1.491451 5.446816 20.472935 6
3.688926 4.765286 54.237021 6
8.664041 9.620499 13.325252 1
6.428368 0.511526 47.153680 1
1.520458 4.473255 20.241902 1
3.682819 5.563174 53.967173 1
8.782845 0.426279 11.671583 6
6.358283 9.663622 45.307361 6
1.320834 5.641432 21.964410 6
3.753439 4.595215 55.703128 6
9.603807 0.089588 11.256122 1
5.632921 10.126942 45.084074 1
0.604070 5.104426 22.280331 1
4.569185 5.106002 55.937360 1
8.749621 1.396488 11.437148 1
6.435127 8.837969 45.040453 1
1.260977 6.617792 22.376941 1
3.719634 3.751799 56.095656 1
8.014009 0.099854 11.252510 1
7.132228 10.093430 44.856065 1
2.104312 5.088767 22.363552 1
2.989993 5.004190 56.138963 1
6.502368 0.881812 3.922248 8
8.717843 9.197677 37.636576 8
3.674093 5.907671 29.624480 8
1.422627 4.262992 63.280228 8
9.399004 4.158764 5.220640 8
5.842227 5.972788 38.920124 8
0.698993 9.340941 28.477468 8
4.298519 1.010262 62.245238 8
8.881967 4.429193 5.707168 1
6.378224 5.771231 39.234060 1
1.289603 9.441287 28.145578 1
3.677503 0.754434 61.796236 1
0.488908 1.176016 3.596251 8
4.494096 9.084396 37.230090 8
9.755170 6.320540 30.113192 8
5.614653 3.909383 63.829075 8
9.651781 2.660639 0.596278 8
5.655293 7.655184 34.417201 8
0.561251 7.717292 33.042191 8
4.466581 2.387410 66.705525 8
6.783012 5.398949 1.966835 8
8.348663 4.837232 35.790085 8
3.352299 0.183257 31.644609 8
1.734568 10.026558 65.322755 8
7.108159 4.384990 6.526936 8
8.238424 5.779067 40.230216 8
3.198787 9.591566 27.093890 8
2.008773 0.594426 60.899737 8
6.800416 4.560814 7.408793 1
8.345837 5.525296 40.955090 1
3.341878 9.735015 26.348375 1
1.763685 0.558386 60.137501 1
3.521277 5.084082 5.394251 8
1.587977 5.201684 39.066386 8
6.621877 10.116642 28.323161 8
8.658784 0.071555 61.931774 8
3.592110 2.057742 3.965853 8
1.472658 8.075988 37.562971 8
6.404765 7.214353 29.634989 8
8.787301 2.995626 63.337330 8
6.753149 2.257454 4.448985 6
8.577498 7.951100 38.177066 6
3.374372 7.390133 29.262796 6
1.589505 2.902463 62.940439 6
6.725751 2.293382 5.434944 1
8.581492 7.950885 39.053874 1
3.407050 7.325297 28.210472 1
1.717902 2.693655 62.005406 1
8.188449 2.472973 3.973625 6
7.038230 7.739536 37.485039 6
2.092233 7.733618 29.815143 6
3.091767 2.618216 63.574211 6
9.236470 2.718853 4.822454 6
5.853053 7.410109 38.474586 6
0.887249 7.959505 28.843869 6
4.211189 2.382132 62.647668 6
9.307056 2.255773 5.641838 1
6.134794 8.037727 39.341792 1
0.964160 7.278286 28.130947 1
4.062071 2.936413 61.649372 1
0.470167 2.461143 4.091572 6
4.557324 7.784070 37.827065 6
9.750420 7.467435 29.571286 6
5.476619 2.745199 63.127292 6
1.360374 2.663413 4.569010 1
3.759897 7.529194 38.345217 1
8.920950 7.935608 28.988668 1
6.417537 2.439435 62.793814 1
0.567968 2.312082 2.778070 6
4.610673 7.898328 36.469115 6
9.658195 7.311762 30.938898 6
5.697059 2.723933 64.625309 6
1.366059 2.444449 2.277095 1
3.611956 7.702946 35.891397 1
8.820325 7.584558 31.463090 1
6.538091 2.496844 65.146480 1
9.566119 2.586479 1.947520 6
5.772836 7.618498 35.567937 6
0.661397 7.645994 31.716537 6
4.496102 2.584109 65.506944 6
8.219606 2.388774 2.514214 6
6.984749 7.830478 36.350525 6
2.061726 7.490435 31.212291 6
3.106318 2.554938 64.889287 6
6.856895 1.994279 2.009216 6
8.409947 8.099558 35.595560 6
3.278572 7.087870 31.811104 6
1.738925 3.139717 65.475352 6
7.035301 1.899893 0.906813 1
8.253840 8.255984 34.685641 1
3.211127 6.981766 32.676764 1
1.983774 3.225769 66.457740 1
6.526198 0.771118 2.526927 6
8.858275 9.385449 36.219892 6
3.712837 5.912853 31.174849 6
1.450860 4.396540 64.807733 6
5.565768 0.536916 2.267825 1
9.698122 9.711845 35.896553 1
4.685875 5.602608 31.419124 1
0.487371 4.574144 65.102215 1
7.411333 9.724718 2.202631 6
7.929877 0.464014 35.926974 6
2.804184 4.661752 31.416251 6
2.255192 5.632429 65.123734 6
7.029230 8.865521 2.671268 1
8.237817 1.187042 36.349451 1
3.102724 3.813862 30.947655 1
1.970815 6.248491 64.735080 1
8.382535 10.009122 2.471259 1
6.952977 0.202616 36.123966 1
1.879035 4.783804 31.190341 1
3.221433 5.419197 64.873468 1
7.456203 9.544359 1.256616 1
7.797760 0.585650 34.962509 1
2.775760 4.593804 32.355133 1
2.318711 5.637786 66.062145 1
6.764497 5.529938 3.380352 6
8.609338 4.608725 36.975806 6
3.501420 0.499342 30.407008 6
1.616104 9.719516 63.911424 6
7.064743 6.221957 3.817594 1
8.190027 3.869150 37.481209 1
3.168282 1.169214 30.041026 1
1.972253 8.988023 63.588158 1
6.170905 4.603049 4.175268 6
9.114224 5.516570 38.014643 6
3.977975 9.752105 29.445198 6
1.085412 0.433287 63.125375 6
6.087572 5.069218 5.640089 6
9.221735 5.079855 39.288119 6
4.101441 0.077799 27.968443 6
1.042772 10.125894 61.693486 6
6.145574 6.020996 5.799602 1
9.188302 4.074166 39.400556 1
4.083832 1.031506 27.914232 1
1.161907 9.306557 61.715929 1
4.629575 4.727539 6.161580 6
0.497986 5.426852 39.849191 6
5.531283 9.730094 27.512384 6
9.676203 0.430692 61.076293 6
4.476334 4.782333 7.247559 1
0.508392 5.409193 40.853469 1
5.593756 10.001746 26.443179 1
9.629368 0.147908 60.259004 1
3.874558 3.703143 5.628234 6
1.102299 6.544241 39.232068 6
6.239983 8.744176 28.114074 6
9.036570 1.549484 61.695305 6
3.190061 3.109289 6.221600 1
1.821683 7.051262 39.931620 1
6.948674 8.221886 27.442111 1
8.425843 1.939022 61.098859 1
4.475299 2.885591 4.312601 6
0.764524 7.185443 38.160876 6
5.854697 7.998497 29.327789 6
9.424208 2.108545 62.958441 6
5.712543 3.352149 3.818786 6
9.577011 6.906011 37.499899 6
4.456490 8.278043 29.940697 6
0.738791 1.862933 63.463600 6
5.875499 3.045349 2.304670 6
9.467190 7.068059 35.958990 6
4.451679 8.250259 31.319395 6
0.647682 1.949880 64.992509 6
5.003450 2.687366 2.011792 1
0.189367 7.580688 35.688714 1
5.146918 7.717698 31.615338 1
10.056535 2.374956 65.278213 1
5.854719 4.395689 1.504069 6
9.499350 5.825511 35.230758 6
4.257146 9.377369 32.184672 6
0.802098 0.679931 65.774690 6
6.105634 4.246406 0.546911 1
9.089638 5.967659 34.242393 1
4.159455 9.265485 33.011305 1
0.988260 0.919806 66.751176 1
4.410064 5.132959 1.501274 6
0.579349 5.090749 35.255505 6
5.786109 0.031084 32.195770 6
9.550146 0.047181 65.943985 6
4.524597 5.911151 0.974199 1
0.510608 4.255585 34.597456 1
5.605521 0.876272 32.699954 1
9.520263 9.458847 66.389775 1
4.249552 5.193465 2.437291 1
0.844598 4.892656 36.151663 1
5.929116 0.280669 31.145039 1
9.356318 9.991052 64.930150 1
3.868649 4.459663 1.218864 1
1.204141 5.749820 34.890998 1
6.435780 9.587369 32.583528 1
8.941206 0.588620 66.319706 1
0.203607 5.780549 1.771069 6
4.864971 4.596463 35.292239 6
10.007480 0.519060 31.973763 6
5.359641 9.673985 65.699882 6
9.721982 5.313883 1.205500 1
5.620165 5.041643 34.978568 1
0.395909 0.233770 32.493547 1
4.593866 10.083636 66.024422 1
0.101593 5.815666 2.694899 1
5.061424 4.518869 36.379156 1
10.042304 0.628005 31.013888 1
5.258030 9.474413 64.765170 1
1.160348 5.240544 1.491497 1
4.092195 5.014388 35.245706 1
8.999389 0.065679 32.095064 1
6.097232 10.092762 65.803487 1
0.392251 7.117598 1.128562 6
4.734375 3.201807 34.879102 6
9.789212 1.955384 32.569935 6
5.440674 8.219245 66.278003 6
9.721141 7.655042 1.273637 1
5.409727 2.717250 35.048450 1
0.468463 2.486977 32.428246 1
4.701842 7.825324 66.103207 1
0.570854 6.900388 0.115300 1
4.443893 3.249907 33.816356 1
9.549932 1.797638 33.569135 1
5.697986 8.270559 67.151785 1
1.586834 7.709347 1.774901 8
3.607361 2.462343 35.481440 8
8.646376 2.623551 31.796507 8
6.643140 7.558421 65.625278 8
1.820917 8.908825 1.296717 6
3.352448 1.354637 34.895228 6
8.311633 3.886296 32.517394 6
6.840379 6.372526 66.224861 6
1.143277 9.524066 1.403488 1
3.964889 0.715929 34.952972 1
9.138716 4.363093 32.249645 1
6.142261 5.712115 65.975904 1
1.937263 8.728392 0.144519 1
3.057268 1.418326 33.900752 1
8.231144 3.725325 33.372146 1
6.976928 6.466929 67.245141 1
2.994216 9.407336 1.765859 6
2.110249 0.710646 35.592020 6
7.194742 4.425655 31.924816 6
8.099112 5.842286 65.546201 6
3.282608 0.245123 1.355227 1
1.819136 9.946165 35.094121 1
6.999838 5.218301 32.328324 1
8.358104 4.848125 65.916313 1
3.759045 8.936651 1.655697 1
1.253874 1.274321 35.380624 1
6.333144 3.828388 32.048707 1
8.952705 6.440204 65.717614 1
2.842764 9.644471 2.728169 1
2.258388 0.568762 36.445047 1
7.270081 4.511233 30.912587 1
8.077283 5.580118 64.578205 1
9.198313 5.218251 13.199188 6
6.059207 4.989743 46.843988 6
0.825889 0.119129 20.514674 6
4.160072 10.009799 54.245891 6
8.475719 4.897564 12.837695 1
6.897090 5.320216 46.563792 1
1.814950 10.019915 20.805600 1
3.337991 0.144479 54.618133 1
9.486682 6.069816 13.234096 1
5.787336 3.974898 46.943444 1
0.850747 0.968076 20.516845 1
4.324477 9.117946 54.231799 1
9.261394 4.931867 14.196479 1
5.965258 5.338757 47.777626 1
0.907845 10.051822 19.595840 1
4.128943 0.165053 53.139633 1
0.143042 4.512052 12.500620 6
4.840504 5.628777 46.104698 6
9.956279 9.617812 21.121856 6
5.156760 0.495830 54.971456 6
0.156105 4.685407 11.496945 1
4.912909 5.447289 45.217692 1
9.983974 9.824401 22.089351 1
5.201439 0.412413 55.846664 1
0.021716 3.540697 12.656425 1
4.945503 6.654313 46.210650 1
10.113151 8.605861 21.225164 1
5.203486 1.646640 54.736044 1
1.476908 4.813442 13.136349 8
3.748876 5.379478 46.738098 8
8.687905 10.038717 20.537798 8
6.423690 0.242473 54.360441 8
2.376330 4.129451 12.421038 6
2.636975 5.991925 46.072227 6
7.730828 9.317859 21.319833 6
7.611324 0.958514 54.847053 6
2.419427 3.169067 12.523559 1
2.828861 6.958491 46.354824 1
7.734257 8.373113 21.063003 1
7.509007 1.912034 54.688993 1
2.385122 4.368910 11.512153 1
2.660320 5.854390 45.135144 1
7.727413 9.532080 22.197996 1
7.556123 0.780336 55.828912 1
3.693862 4.552719 12.980072 6
1.524937 5.651260 46.763025 6
6.488929 9.798381 20.679037 6
8.745703 0.579361 54.382468 6
4.417456 4.185764 12.675627 1
0.677262 6.048409 46.257993 1
5.832284 9.310373 20.991994 1
9.519612 0.984568 54.700736 1
3.654084 4.499924 14.117231 1
1.503744 5.739553 47.780306 1
6.569722 9.488380 19.662442 1
8.728715 0.636620 53.360401 1
3.845196 5.637833 12.927786 1
1.404768 4.607787 46.506695 1
6.339733 0.577166 20.835072 1
8.915980 9.785823 54.455914 1
7.447696 7.192274 9.029142 6
7.954690 3.006671 42.730511 6
2.851757 2.041970 24.703763 6
2.177866 8.103079 58.403162 6
7.903719 7.749818 9.212074 1
7.331172 2.285020 42.999250 1
2.108919 2.705160 24.421156 1
2.813408 7.462130 58.201449 1
6.380110 7.255495 9.236775 1
8.852557 2.842429 42.799677 1
3.748807 2.166472 24.420543 1
1.288317 7.980621 58.141142 1
7.489438 7.025014 7.990903 1
7.856822 3.320461 41.744031 1
2.709282 1.928058 25.646610 1
2.466678 8.446717 59.273036 1
7.568586 6.139693 9.586261 6
7.588184 3.992751 43.137980 6
2.464138 1.079406 24.122098 6
2.627213 9.084087 57.789938 6
7.508233 6.371405 10.505372 1
7.776738 3.800444 44.205931 1
2.585423 1.177054 23.150568 1
2.432746 8.975010 56.858918 1
8.512020 5.825081 9.297205 1
6.676307 4.248760 42.923761 1
1.655228 0.830021 24.310682 1
3.446107 9.468350 58.178107 1
6.485365 5.166777 9.089163 8
8.784431 5.094429 42.699785 8
3.653469 10.178918 24.702173 8
1.343282 10.144235 58.228177 8
6.462643 4.070645 9.870132 6
8.720029 6.122932 43.615106 6
3.590302 9.224129 23.762845 6
1.417164 0.911050 57.406315 6
7.482769 3.786751 9.951925 1
7.770581 6.351075 43.620376 1
2.722584 8.924099 23.767276 1
2.344190 1.270542 57.380031 1
6.274615 4.723212 10.897579 1
8.884621 5.480743 44.555843 1
3.870748 9.736010 22.979961 1
1.243194 0.506337 56.512310 1
5.945181 3.144896 10.107241 6
9.383846 7.094062 43.804863 6
4.378844 8.148565 23.702265 6
0.738524 2.022928 57.399553 6
6.117291 2.595172 10.813407 1
9.173160 7.534864 44.622651 1
3.971823 7.681140 22.750622 1
1.077791 2.454548 56.503356 1
6.110993 2.596312 9.254179 1
9.254489 7.583005 43.008758 1
4.157717 7.570004 24.420678 1
0.992827 2.620063 58.072016 1
4.985407 3.317936 10.090897 1
0.100904 6.802599 43.842133 1
5.308467 8.393822 23.655661 1
10.053002 1.865571 57.333341 1
8.670437 0.065129 18.525854 1
6.539390 10.006812 52.347136 1
1.432290 5.152493 15.055033 1
3.713488 5.024717 48.782436 1
3.390612 7.926920 5.588527 1
1.760792 2.267894 39.210237 1
6.825291 2.784728 28.078254 1
8.482904 7.406174 61.710000 1
8.169685 8.611046 17.250783 1
6.898804 1.533405 50.973762 1
1.939910 3.548131 16.470611 1
3.108560 6.732139 50.023580 1
