9.785011 9.696422 18.187484 6
9.169652 7.117985 5.128950 6
3.576990 15.507544 8.153468 6
2.784019 1.322366 21.288472 6
11.202622 10.032581 18.719983 7
7.865761 6.845240 5.544625 7
4.843825 15.393317 7.444310 7
1.476482 1.578265 20.681939 7
12.305783 10.905403 18.302131 6
6.790868 6.043434 5.091467 6
5.808771 14.452532 8.076336 6
0.557165 2.564685 21.148138 6
12.442142 11.975508 19.244378 6
6.583912 4.773270 5.981633 6
6.177143 13.262436 7.061869 6
0.097902 3.651031 20.079802 6
1.101244 12.683703 19.086205 6
5.279876 4.252721 6.001030 6
7.432685 12.612671 7.060729 6
11.684056 4.209100 20.215035 6
1.330154 13.771041 19.935216 6
5.038324 3.048186 6.864358 6
7.581749 11.550200 6.315303 6
11.350666 5.341390 19.457158 6
0.390358 14.186973 20.830012 6
5.863328 2.754065 7.796865 6
6.724653 11.096323 5.371165 6
12.284904 5.739726 18.592359 6
11.827206 13.529754 20.952400 6
7.099622 3.240684 7.897703 6
5.615485 11.672110 5.183646 6
0.836749 5.028312 18.475129 6
11.597620 12.449084 20.125399 6
7.438124 4.317690 7.065525 6
5.283294 12.935784 6.089193 6
1.014316 3.961703 19.296738 6
11.337592 9.333500 19.830016 6
7.593619 7.528767 6.659557 6
5.082533 16.125065 6.341999 6
1.310578 0.775408 19.456534 6
12.374632 9.177504 20.507809 8
6.665173 7.600469 7.358992 8
6.111011 16.005370 5.688848 8
0.347137 0.808643 18.719167 8
10.231404 8.691380 20.178882 7
8.826459 8.299292 7.165796 7
3.869483 16.707995 6.037544 7
2.364350 0.279417 19.066577 7
10.086207 8.041558 21.557043 6
9.027697 8.848549 8.377305 6
3.754183 0.326167 4.751058 6
2.711922 16.470668 17.760957 6
9.518577 9.061008 22.569820 6
9.549395 7.798175 9.338237 6
3.282427 16.353139 3.785252 6
3.183765 0.575545 16.797161 6
8.242644 9.008027 22.870439 6
10.886654 7.833230 9.750639 6
1.936896 16.316678 3.220763 6
4.406658 0.484673 16.329780 6
7.744105 9.932311 23.895944 6
11.255352 6.909902 10.778421 6
1.360560 15.306859 2.373698 6
4.865771 1.480429 15.434060 6
8.611887 10.736335 24.502399 6
10.497194 6.014896 11.249389 6
2.306418 14.485057 1.812326 6
4.099746 2.451166 14.867583 6
9.907854 10.772718 24.159725 6
9.125954 6.061076 10.914261 6
3.671916 14.550259 2.109116 6
2.676222 2.355563 15.350894 6
10.473074 9.842262 23.164623 6
8.565685 7.041205 10.100439 6
4.024220 15.390351 3.034065 6
2.230548 1.457954 16.269973 6
9.081113 8.861472 19.345217 6
9.830255 7.982952 6.244779 6
2.852618 16.439820 6.914539 6
3.429012 0.440220 20.046230 6
8.603945 7.607996 18.846119 8
10.462416 9.121374 5.759756 8
2.405059 0.771426 7.346097 8
3.950003 16.216933 20.553667 8
9.097860 10.996036 17.890073 6
9.933296 5.812679 4.760827 6
2.756479 14.265316 8.396065 6
3.641741 2.683684 21.536026 6
7.918919 10.505879 16.991432 6
11.164830 6.434136 3.953789 6
1.551456 14.870703 9.147951 6
4.829224 2.155708 22.318266 6
7.139775 11.625684 16.180035 6
11.825891 5.270045 3.132754 6
0.885773 13.686051 9.965819 6
5.474294 3.131380 23.086700 6
7.436592 12.700725 16.170053 8
11.505596 4.210526 3.103995 8
1.095796 12.591895 10.055878 8
5.335613 4.377323 23.106245 8
6.206150 11.046018 15.650200 8
0.295603 5.901083 2.557305 8
12.399211 14.303016 10.716655 8
6.524010 2.580135 23.802150 8
5.445462 11.916871 14.796408 6
0.991166 4.974882 1.545529 6
11.779253 13.448144 11.436709 6
7.220539 3.538194 24.652420 6
4.352398 11.082929 14.054382 6
1.995236 5.794453 0.958441 6
10.734602 14.192797 12.214058 6
8.384684 2.554632 25.283931 6
8.527552 9.444895 16.208879 6
10.458055 7.435345 3.040894 6
2.251242 15.885084 10.067365 6
4.164782 1.019743 23.200254 6
8.936786 9.982790 14.975667 8
10.138199 6.864932 1.802580 8
2.596199 15.243967 11.351252 8
3.836368 1.676683 24.383169 8
9.836658 8.973733 16.757256 6
9.207241 7.900449 3.589659 6
3.487778 16.262447 9.497931 6
2.900491 0.594221 22.564645 6
10.963155 9.578701 15.983752 8
8.168736 7.265908 2.801519 8
4.581585 15.708787 10.211989 8
1.864640 1.107254 23.485418 8
10.339177 9.674950 14.622038 6
8.734478 7.249131 1.612899 6
3.902552 15.724826 11.617303 6
2.327795 1.244660 24.633186 6
10.235199 8.322459 13.933788 6
8.720858 8.586653 0.682944 6
3.986740 0.118962 12.339735 6
2.472727 16.836171 25.551250 6
10.910814 10.709955 14.038104 6
8.076810 6.073973 0.916407 6
4.755560 14.602382 12.243012 6
1.778190 2.282506 25.311660 6
9.189427 16.123992 18.611892 6
9.894943 0.687573 5.416337 6
2.848844 9.073916 7.796212 6
3.523734 7.799163 20.859180 6
7.756398 16.068090 19.084810 7
11.181182 0.916633 6.008538 7
1.402148 9.239199 7.159787 7
4.861930 7.548839 20.216650 7
6.831239 15.024156 18.463984 6
12.306919 1.802131 5.538705 6
0.364699 10.171238 7.669436 6
5.872256 6.648153 20.777957 6
6.631741 13.707329 19.367760 6
12.459043 3.082777 6.226463 6
0.286953 11.467119 6.829252 6
6.149493 5.425607 19.973337 6
5.521220 12.881536 19.080917 6
0.799736 3.969833 5.928786 6
11.865787 12.363244 7.110058 6
7.267518 4.493531 20.352652 6
5.241890 11.737886 19.832062 6
1.102995 5.098345 6.663963 6
11.664366 13.631955 6.517050 6
7.411662 3.373404 19.661533 6
6.309753 11.376820 20.785824 6
0.212392 5.553787 7.690845 6
12.562513 13.865778 5.438132 6
6.447502 2.876163 18.571611 6
7.248315 12.122681 21.068226 6
11.652277 4.639981 7.827293 6
0.905570 13.245212 5.188559 6
5.364760 3.611803 18.429600 6
7.499175 13.348374 20.281242 6
11.469754 3.479959 7.186963 6
1.211547 11.907303 5.815937 6
5.222026 4.826094 18.972821 6
7.634627 16.441609 20.257331 6
11.441462 0.395828 7.246319 6
1.321883 8.820233 5.963089 6
5.118107 8.163816 19.036212 6
6.523781 16.449510 20.950201 8
12.318806 0.366735 7.802027 8
0.321023 8.734601 5.220432 8
6.072241 8.140358 18.299804 8
8.761287 0.227933 20.738465 7
10.144453 16.740920 7.624953 7
2.435102 8.237666 5.506289 7
3.876149 8.584864 18.571493 7
9.111652 0.660091 22.105780 6
9.924924 16.230994 8.879503 6
2.810059 7.787719 4.221645 6
3.710722 9.077125 17.250416 6
9.684593 16.641459 22.915296 6
9.343971 0.337950 9.699705 6
3.334040 8.677783 3.402036 6
2.997124 8.123950 16.455986 6
11.110667 16.612700 23.127372 6
8.037557 0.320658 10.143966 6
4.662755 8.711163 3.036807 6
1.623542 8.153471 16.200509 6
11.625446 15.599251 23.903147 6
7.352884 1.203223 10.760817 6
5.299711 9.667749 2.337250 6
1.085398 7.114878 15.291960 6
10.938591 14.601651 24.412768 6
8.136902 2.352201 11.222867 6
4.534505 10.779395 1.890778 6
1.822917 6.071608 15.016421 6
9.497992 14.388609 24.018338 6
9.517901 2.512406 11.053446 6
3.237942 10.927259 2.210827 6
3.018865 6.059634 15.220422 6
9.039891 15.465358 23.379649 6
10.065973 1.425635 10.271991 6
2.704136 9.817372 2.822048 6
3.706107 7.115496 15.985604 6
9.784307 16.866276 19.783344 6
9.134667 16.841194 6.698918 6
3.537214 8.380560 6.484225 6
2.753804 8.489555 19.661805 6
10.414269 1.306758 19.308744 8
8.637604 15.595324 6.205174 8
4.163351 7.073629 6.881125 8
2.202596 9.738311 19.903089 8
9.835165 14.813107 18.098903 6
9.138785 1.934486 4.865766 6
3.516833 10.484310 8.207904 6
2.843382 6.431452 21.211413 6
11.061540 15.575976 17.322224 6
7.971124 1.310985 4.286377 6
4.723398 9.821673 9.019335 6
1.564456 7.095869 21.993435 6
11.795554 14.575123 16.326901 6
7.399797 2.307669 3.209887 6
5.271121 10.774778 9.828329 6
0.950058 6.109686 23.044688 6
11.309941 13.372530 16.150474 8
7.678347 3.407815 3.006402 8
4.924517 11.899658 10.017725 8
1.313003 4.990702 23.126972 8
0.072025 15.197619 15.730154 8
6.195974 1.700055 2.708465 8
6.434700 10.196782 10.490384 8
0.000060 6.711783 23.619144 8
0.847736 14.414292 14.748303 6
5.510296 2.603811 1.730048 6
7.148570 10.947367 11.427481 6
11.997390 5.804320 24.618276 6
1.812467 13.570963 15.261206 6
4.539051 3.341475 2.292161 6
8.242459 11.710370 10.953725 6
10.774750 5.160079 23.889378 6
0.046040 14.831998 16.098354 8
6.295763 2.083003 2.935251 8
6.540434 10.528609 10.165229 8
12.582827 6.342115 23.248390 8
0.794565 13.737995 15.144617 6
5.557210 3.014078 2.175478 6
7.217842 11.598820 11.082444 6
11.920447 5.296180 24.098899 6
1.979116 14.628195 14.600115 6
4.412477 2.368990 1.389698 6
8.226542 10.698124 11.651354 6
10.669537 6.111416 24.858083 6
10.472727 16.631544 16.524058 6
8.529266 0.255978 3.485974 6
4.065890 8.683655 9.635062 6
2.212700 8.331914 22.731848 6
10.068115 16.123095 15.232860 8
9.067600 0.752467 2.190145 8
3.713413 9.009792 11.068162 8
2.629930 7.806578 24.098656 8
9.167342 0.298551 17.217448 6
9.848454 16.688776 4.114817 6
2.721197 8.248806 8.943610 6
3.495464 8.709401 22.140145 6
8.034659 16.680540 16.289154 8
10.886364 0.210700 3.309141 8
1.758942 8.659542 9.825728 8
4.529879 8.342120 23.056574 8
8.596533 16.739568 15.063435 6
10.403221 0.203983 1.856102 6
2.282015 8.481054 11.242768 6
3.957658 8.399438 24.197119 6
8.804256 1.282627 14.544871 6
10.214864 15.581792 1.442959 6
2.505220 7.229336 11.709013 6
3.916891 9.640481 24.807125 6
7.828884 15.887236 14.123682 6
11.258042 1.026425 1.079010 6
1.491027 9.565041 11.915292 6
4.871450 7.297735 25.152061 6
6.376577 7.531273 13.270959 6
12.649806 9.424918 0.141269 6
12.686721 1.030054 12.938993 6
6.385298 15.812560 26.120810 6
6.287566 5.031758 13.358285 8
0.185519 11.720805 0.178288 8
12.523366 3.331034 12.813576 8
6.527798 13.575376 26.002625 8
6.651363 6.040240 13.740143 6
12.392927 10.784496 0.607178 6
0.177401 2.309014 12.530569 6
6.056919 14.498802 25.652081 6
7.328175 6.121417 14.911106 8
11.767437 10.710585 1.741278 8
1.063477 2.140770 11.266896 8
5.421846 14.563003 24.462368 8
7.699514 5.007712 15.433208 6
11.439790 11.863524 2.277921 6
1.441026 3.468524 10.770571 6
4.903710 13.343249 23.841463 6
8.813257 5.085780 16.314858 6
10.251115 11.916745 3.290578 6
2.305069 3.444874 9.972061 6
3.914349 13.440232 23.068900 6
11.863354 11.263515 17.289159 1
7.225586 5.643197 4.286288 1
5.472615 14.131400 8.931429 1
0.754414 2.689146 21.934983 1
0.292589 10.311547 18.101382 1
6.087098 6.432430 5.034813 1
6.680493 14.875563 8.084564 1
12.250151 1.879715 21.338470 1
1.614930 12.445687 18.408333 1
4.692338 4.622039 5.446511 1
7.978869 12.913956 7.825441 1
11.012193 3.935993 20.853794 1
2.211754 14.246203 19.941296 1
4.159413 2.526966 6.766441 1
8.485617 11.113928 6.390491 1
10.606201 5.727253 19.591268 1
0.482316 14.942756 21.354977 1
5.768808 1.815129 8.308586 1
6.921382 10.407680 4.940988 1
12.215677 6.464057 17.958367 1
11.134432 13.847268 21.653509 1
7.795883 3.086575 8.533369 1
4.892882 11.534126 4.637071 1
1.479418 5.444924 17.800856 1
10.798827 12.028782 20.220740 1
8.328810 4.902559 7.019650 1
4.352123 13.322736 5.918329 1
1.978431 3.437094 19.034337 1
10.758421 7.716809 21.807105 1
8.206984 9.212146 8.659613 1
4.425203 0.850977 4.548443 1
1.867481 16.155795 17.670929 1
9.375973 7.306287 21.456297 1
9.571222 9.547291 8.202872 1
3.136674 1.109606 4.849840 1
3.248059 15.743577 18.037347 1
7.579658 8.510248 22.473692 1
11.426946 8.406841 9.418623 1
1.307025 0.098417 3.686151 1
5.069196 16.855578 16.897895 1
6.629796 9.941689 24.023309 1
12.339244 6.865059 10.934137 1
0.283117 15.344918 2.179193 1
6.118405 1.436271 15.383886 1
8.376036 11.442837 25.031316 1
10.745610 5.328310 11.984070 1
2.085116 13.777560 1.235392 1
4.244492 3.023725 14.314803 1
10.524298 11.494598 24.325035 1
8.506589 5.461093 11.279190 1
4.214942 13.800776 1.805513 1
2.131122 2.961416 14.881334 1
11.196580 9.748936 22.953584 1
7.741971 7.070548 9.685622 1
4.961647 15.451713 3.290969 1
1.468809 1.467447 16.453756 1
8.401602 9.480586 19.676404 1
10.524701 7.332612 6.636050 1
2.062851 15.858172 6.494660 1
4.178364 0.967024 19.698808 1
7.755130 7.776925 18.750409 1
11.260063 9.063395 5.512544 1
1.554264 0.778801 7.531746 1
4.802276 16.211581 20.628817 1
9.715599 11.599231 17.386941 1
9.302694 5.267923 4.133013 1
3.348759 13.685152 8.970893 1
3.089770 3.251311 21.987310 1
8.778859 11.426190 18.616584 1
10.137934 5.314038 5.583559 1
2.600073 13.844555 7.605507 1
3.763866 2.991585 20.657575 1
7.292180 10.182899 17.563105 1
11.712179 6.763856 4.546626 1
0.918208 15.123138 8.602729 1
5.314107 1.717931 21.818209 1
5.855096 12.463410 14.089027 1
0.474419 4.460676 1.099071 1
12.303389 13.011294 12.052866 1
6.887147 4.025336 25.146605 1
4.902315 12.584936 15.225871 1
1.319835 4.261582 2.246444 1
11.306323 12.842814 10.962161 1
7.723813 4.003156 24.061726 1
3.823455 11.615379 13.368061 1
2.377730 5.358271 0.245336 1
10.276142 13.718287 12.896423 1
8.715225 3.172989 25.877871 1
3.595375 10.520859 14.517168 1
2.565437 6.373905 1.388707 1
9.929453 14.758093 11.702412 1
8.995532 2.102508 24.732790 1
4.747571 10.184982 13.330705 1
1.553395 6.602821 0.221453 1
11.243260 15.107191 12.784361 1
7.876002 1.824562 26.028246 1
7.994361 8.702895 15.877790 1
11.079839 8.215834 2.925043 1
1.564700 16.612336 10.258969 1
4.678047 0.354112 23.333745 1
9.871904 8.085223 16.910980 1
9.105358 8.882530 3.680809 1
3.598472 0.438717 9.386403 1
2.689843 16.614126 22.557591 1
10.072631 7.554604 14.366841 1
8.939168 9.181009 1.167794 1
3.627487 0.843289 11.959783 1
2.659581 16.111723 24.963624 1
11.271644 8.172173 13.793695 1
7.828435 8.724533 0.559725 1
4.882040 0.235747 12.541312 1
1.463746 16.509143 25.606230 1
10.001112 8.547975 13.000391 1
9.120639 8.451580 25.989297 1
3.534253 16.720989 13.355893 1
2.725940 0.139077 0.227007 1
10.948647 11.526410 14.320101 1
8.121486 5.340324 1.267153 1
4.578344 13.772994 11.845574 1
1.771822 3.240480 24.971655 1
10.702230 10.944778 13.125740 1
8.300673 6.044650 26.166649 1
4.271435 14.438559 13.143599 1
1.970640 2.443274 0.166399 1
11.864011 10.598660 14.055738 1
7.155661 6.391982 0.919748 1
5.533721 14.827554 12.257948 1
0.664343 2.102115 25.368016 1
7.076037 14.816264 17.655067 1
12.033938 2.054463 4.607866 1
0.607269 10.410138 8.679495 1
5.728490 6.476819 21.638875 1
5.806737 15.490383 18.635531 1
0.394315 1.284576 5.491313 1
12.126188 9.709310 7.735127 1
6.906218 7.079559 20.764508 1
4.916966 13.206751 18.337871 1
1.512119 3.701094 5.246548 1
11.247180 12.123152 7.818060 1
7.691573 4.696500 20.909218 1
4.553269 11.213023 19.447859 1
1.835074 5.684839 6.379166 1
10.923279 14.024487 6.621486 1
8.168036 2.878689 19.887454 1
6.011089 10.618902 21.227403 1
0.368831 6.246823 8.001168 1
12.405851 14.766935 5.137048 1
6.645881 2.124097 18.218959 1
7.881968 11.960899 21.663791 1
10.984424 4.919497 8.581343 1
1.649438 13.390117 4.485503 1
4.817155 3.489167 17.749096 1
8.374518 13.967976 20.421143 1
10.756358 2.961026 7.471085 1
2.020894 11.330196 5.707457 1
4.369960 5.403775 18.898870 1
8.180741 0.943968 22.374190 1
10.765327 15.907383 9.268547 1
1.938897 7.529001 3.755747 1
4.453513 9.402628 17.007790 1
9.580430 1.467990 21.902313 1
9.453070 15.335297 8.907891 1
3.331079 6.928792 4.347040 1
3.016194 9.980553 17.382633 1
11.592102 0.453673 22.940088 1
7.299646 16.327180 9.821593 1
5.435660 7.943465 3.249982 1
1.056780 8.911837 16.346150 1
0.079997 15.527942 24.109370 1
6.270723 1.250890 10.975519 1
6.418857 9.613731 2.034574 1
0.076499 7.181316 15.215462 1
11.325365 13.634775 24.828690 1
7.667083 3.242638 11.868314 1
4.960901 11.548596 1.330734 1
1.346513 5.174062 14.333118 1
9.205074 13.631074 24.276781 1
9.800911 3.176200 11.310030 1
2.731857 11.743643 1.945448 1
3.459905 5.235166 15.054860 1
7.881582 15.449999 23.007492 1
11.041757 1.399019 9.892382 1
1.615325 9.820411 3.228820 1
4.812517 7.034548 16.185943 1
10.609333 16.404933 20.029590 1
8.484191 0.640892 7.090940 1
4.288013 9.025409 6.136732 1
2.038068 7.981449 19.151535 1
11.266079 1.135563 19.182175 1
7.778997 15.842644 6.047424 1
4.911320 7.291107 6.887815 1
1.424334 9.563470 20.117171 1
9.323799 14.379066 17.534789 1
9.658462 2.479476 4.259780 1
2.915116 10.930655 8.843508 1
3.417773 6.057029 21.844898 1
10.073645 14.359420 18.758114 1
9.004265 2.511226 5.717730 1
3.682141 10.919336 7.442795 1
2.696397 5.831326 20.567253 1
11.543018 15.862057 17.911129 1
7.444339 1.153958 4.822209 1
5.240868 9.565160 8.344080 1
0.969242 7.386801 21.444828 1
1.212640 14.968552 14.159917 1
5.267344 1.917438 0.985585 1
7.493283 10.391071 12.180371 1
11.490092 6.409522 25.233621 1
0.170587 13.787466 14.309235 1
6.251877 3.114944 1.222364 1
6.408864 11.503156 11.812909 1
12.603730 5.294562 25.006688 1
2.388426 13.076254 14.688888 1
3.986702 3.895359 1.614736 1
8.672194 12.194295 11.535723 1
10.297307 4.621332 24.698155 1
1.457538 12.868948 16.051005 1
4.761453 3.821090 2.861174 1
7.877243 12.396643 10.157890 1
11.201303 4.445131 23.297149 1
2.490653 14.205891 15.788240 1
3.923786 2.795876 2.727691 1
8.751498 11.103679 10.506357 1
10.098479 5.795942 23.610955 1
0.239589 13.480263 14.568307 1
6.107964 3.424986 1.487532 1
6.657585 11.931068 11.710272 1
12.341792 4.946292 24.823294 1
1.200528 13.123305 15.690275 1
5.096301 3.885986 2.670416 1
7.618350 12.216589 10.519853 1
11.511748 4.686391 23.531410 1
2.502093 13.983218 13.906201 1
3.802321 2.797939 0.774167 1
8.731018 11.395028 12.193557 1
10.184729 5.648015 25.459829 1
2.513398 14.913788 15.174010 1
3.698089 1.900486 2.127755 1
8.983855 10.308476 11.013266 1
10.037883 6.520496 24.061294 1
1.642562 15.194376 13.933778 1
4.839646 1.595848 0.892269 1
7.930656 10.091217 12.168518 1
11.183283 6.766778 25.386947 1
11.096856 0.549636 16.344553 1
7.897671 16.431512 3.219321 1
4.793090 7.947732 9.885959 1
1.554734 8.875922 23.000784 1
9.082886 1.080128 17.496216 1
9.800922 15.679679 4.388949 1
2.873278 7.316608 8.701568 1
3.606239 9.575672 21.914716 1
9.311112 1.916533 15.058919 1
9.779351 14.921547 1.920923 1
2.875092 6.514844 11.017231 1
3.337819 10.380346 24.188303 1
7.950877 1.608485 14.300780 1
11.108952 15.215549 1.288444 1
1.589052 6.774011 12.007708 1
4.740534 10.038854 25.116001 1
9.196871 1.276308 13.742139 1
9.871407 15.577038 0.624839 1
2.800008 7.181916 12.478307 1
3.388743 9.590254 25.762386 1
7.923797 14.938394 14.548807 1
11.078328 1.817805 1.377075 1
1.517378 10.283617 11.740776 1
4.841472 6.486126 24.861361 1
8.392412 15.712483 13.255152 1
10.757925 1.116390 0.261002 1
1.906460 9.502662 12.857490 1
4.415497 7.378668 26.092287 1
6.886351 16.149988 14.257284 1
12.199672 0.677079 1.055785 1
0.595226 9.188736 11.990637 1
5.844628 7.702670 25.187837 1
5.924783 7.432540 12.363644 1
0.519259 9.535460 25.432752 1
12.282607 0.977954 13.971262 1
6.877476 15.786749 0.808929 1
5.676301 7.892672 13.803145 1
0.671704 8.865759 0.743125 1
12.117756 0.449108 12.371927 1
6.907013 16.277606 25.449688 1
7.167183 8.013767 13.149669 1
11.984299 8.870221 26.221273 1
0.841954 0.476239 13.050192 1
5.536082 16.324899 0.017722 1
7.021250 4.572318 16.004228 1
12.084845 12.258702 2.799374 1
0.657373 3.911599 10.312876 1
5.668054 13.090883 23.389633 1
7.814442 4.254364 14.889794 1
11.131245 12.595928 1.624497 1
1.535614 4.098594 11.373616 1
4.887359 12.672717 24.605183 1
9.038641 4.174430 16.743665 1
10.031733 12.753918 3.536186 1
2.563582 4.175044 9.629158 1
3.787512 12.556769 22.758984 1
8.418237 5.561722 16.967667 1
10.527895 11.278420 3.924524 1
2.243104 2.790275 9.131545 1
4.244989 14.131710 22.308010 1
9.409875 5.356611 15.928747 1
9.586401 11.503017 2.785449 1
3.200035 2.948100 10.406188 1
3.197358 13.964388 23.401897 1
