0.794066 11.153376 6.972286 6
5.016484 2.992790 14.266545 6
10.714295 3.933982 0.255716 6
6.596505 10.105258 7.555382 6
0.143979 10.352370 6.667499 1
5.669664 3.698292 14.000668 1
11.273239 3.385899 0.649736 1
5.923430 10.822899 7.991775 1
0.194313 11.890906 8.163056 6
5.448551 2.277633 0.936550 6
11.274233 4.719318 13.708203 6
6.021792 9.223060 6.361690 6
0.456390 11.338689 8.979143 1
5.259606 2.754261 1.633199 1
11.105818 4.269872 12.819360 1
6.212662 9.815764 5.671556 1
10.800527 11.900221 8.163587 1
6.442173 2.078293 0.776361 1
0.698631 4.885887 13.857765 1
4.980095 9.193466 6.501399 1
1.101686 13.431860 8.184965 16
4.649806 0.697063 0.934479 16
10.531136 6.322097 13.639401 16
6.734518 7.759712 6.397380 16
1.587022 13.307040 6.393669 6
4.102144 0.786651 13.797216 6
9.911014 6.261249 0.933203 6
7.328924 7.814520 8.174311 6
2.670573 13.315055 6.330390 1
3.148212 0.881276 13.822277 1
8.948605 6.296172 0.933659 1
8.292901 7.817336 8.278367 1
0.982561 0.163123 5.538741 6
4.622877 13.976727 12.817062 6
10.380360 7.370862 1.782246 6
6.803778 6.773194 9.207871 6
1.686014 0.921776 5.285615 1
4.070056 13.094358 12.621097 1
9.831434 8.034144 2.000248 1
7.333405 6.188585 9.281065 1
0.097274 0.543066 5.797675 1
5.465075 13.503939 13.006337 1
11.210871 7.662910 1.520629 1
5.947759 6.331244 8.828561 1
1.064718 12.121149 6.037247 7
4.685177 2.018427 13.303686 7
10.490545 5.046827 1.389411 7
6.734788 9.037299 8.587017 7
0.167766 10.356162 6.727076 1
5.594181 3.702613 13.987693 1
11.474713 3.366337 0.615740 1
5.914908 10.674356 7.816568 1
0.381611 11.780319 8.320395 6
5.300281 2.247271 0.870256 6
11.040413 4.862145 13.596645 6
6.116880 9.405069 6.428015 6
1.081445 11.728310 8.972090 1
4.586142 2.432409 1.635425 1
10.441725 4.717028 12.973710 1
6.859878 9.447709 5.717727 1
11.010841 11.517386 8.614824 1
6.195524 2.678632 1.326366 1
0.542924 4.286943 13.369698 1
5.353402 9.658697 5.915098 1
0.149344 13.658036 7.800460 16
5.574460 0.538449 0.614350 16
11.461901 6.580647 14.092714 16
5.819856 7.514579 6.694140 16
1.435895 13.346372 6.552494 6
4.397677 0.826505 13.884207 6
10.067144 6.275247 0.713645 6
7.178431 7.765254 8.095815 6
2.250620 13.507522 6.893618 1
3.456142 0.643514 14.141059 1
9.062197 6.379747 0.472467 1
7.998696 7.761314 7.757196 1
1.702737 0.863053 5.385071 1
3.911005 13.236450 12.609839 1
9.683458 7.957812 1.977224 1
7.423229 6.175684 9.243056 1
0.211457 0.686290 5.676131 1
5.540679 13.310671 13.017566 1
11.276922 7.754008 1.580882 1
5.882171 6.244105 8.922022 1
3.191391 10.704978 6.968507 8
2.620757 3.391465 14.264074 8
8.353933 3.674545 0.228520 8
8.906385 10.431344 7.606765 8
11.299589 11.204837 4.240517 8
5.897540 2.883039 11.546757 8
0.081358 4.126037 3.070217 8
5.577439 9.930631 10.307690 8
9.643744 13.577046 4.861412 8
7.474166 0.555866 12.322114 8
1.763297 6.380654 2.282380 8
3.874654 7.687890 9.730657 8
6.017116 12.423503 3.313361 8
11.113429 1.569964 10.617127 8
5.358108 5.375640 4.109231 8
0.357501 8.725650 11.409385 8
8.145542 12.491820 2.162661 8
9.066765 1.671609 9.482245 8
3.419177 5.414854 5.105547 8
2.255765 8.663174 12.385818 8
4.942522 12.424006 5.865506 8
0.884582 1.552578 13.033022 8
6.550781 5.460336 1.486733 8
10.635622 8.559799 8.871411 8
4.263226 11.834574 6.007830 1
1.301072 2.113310 13.302502 1
7.122268 4.811663 1.355197 1
10.195488 9.251842 8.730349 1
4.908665 12.394384 5.054927 1
0.704681 1.611764 12.334105 1
6.418712 5.331718 2.340480 1
10.728802 8.578098 9.587039 1
1.989459 9.259630 8.208338 7
3.790967 4.936090 0.789541 7
9.467854 2.160987 13.753151 7
7.735208 11.900427 6.515455 7
2.650870 8.884028 8.622988 1
3.205597 5.347290 1.116331 1
8.805301 1.751276 13.364544 1
8.305104 12.349635 6.181746 1
1.002165 9.069946 8.291256 1
4.730330 5.062303 0.961949 1
10.429677 1.994420 13.653469 1
6.871952 12.115791 6.338949 1
11.155480 0.010615 3.387507 7
6.075915 0.028904 10.710441 7
0.224950 7.002798 3.959129 7
5.462043 7.051068 11.229221 7
7.576151 0.174154 3.505456 7
9.716893 13.979314 10.666978 7
4.055719 7.165746 3.990204 7
1.874676 7.019349 11.266879 7
2.112814 10.221918 7.329019 6
3.588737 3.787501 0.120271 6
9.324804 3.342761 14.550393 6
7.859779 10.798259 7.262892 6
0.378385 12.168432 4.837299 6
5.225931 2.007335 12.176367 6
11.071301 4.949816 2.544071 6
6.211288 9.042030 9.840832 6
0.805951 13.404142 4.168948 6
4.954115 0.581177 11.446851 6
10.682961 6.327861 3.092103 6
6.552692 7.725864 10.428062 6
2.121360 13.315401 3.382066 6
3.593998 0.742718 10.616081 6
9.326552 6.340538 4.021651 6
7.754611 7.819677 11.242526 6
2.523981 0.127541 3.240424 1
3.168922 13.904751 10.466676 1
8.914828 7.243374 4.110635 1
8.177973 6.891026 11.453077 1
2.673480 12.642763 3.791009 1
2.958624 1.368112 11.088699 1
8.744545 5.721543 3.455251 1
8.479995 8.449158 10.727700 1
1.808011 12.716730 1.956640 6
4.084261 1.358451 9.273278 6
9.762684 5.742666 5.219951 6
7.464738 8.442675 12.599394 6
1.398084 11.869426 2.056963 1
4.374735 2.128003 9.327833 1
10.154732 4.746548 5.253269 1
7.073199 9.187132 12.543700 1
2.657136 12.616754 1.533318 1
3.218338 1.470952 8.886052 1
8.869987 5.648251 5.821193 1
8.285173 8.453596 13.231528 1
0.731455 13.654115 1.217672 6
4.873778 0.320744 8.446204 6
10.633421 6.720269 6.084285 6
6.572586 7.376619 13.336057 6
1.331281 0.066027 0.529685 1
4.390742 14.006250 7.815845 1
10.060710 7.216575 6.675537 1
7.059101 6.923756 14.108524 1
0.069718 13.176926 0.770414 1
5.623536 0.835695 8.107526 1
11.363902 6.051564 6.580847 1
5.780596 7.927764 13.980575 1
0.223519 0.569445 2.119618 6
5.528694 13.439334 9.409168 6
11.430084 7.614652 5.182633 6
5.922081 6.429261 12.497175 6
0.727192 1.408706 2.404610 1
5.073371 12.766861 9.663460 1
10.631503 8.294005 4.874027 1
6.586937 5.763018 12.299764 1
10.826611 1.011229 1.668471 1
6.368167 13.062098 8.947732 1
0.711251 8.069764 5.706890 1
5.148821 6.083580 13.011320 1
9.950701 13.989511 3.949831 6
7.232300 0.129571 11.139260 6
1.533279 6.941744 3.396210 6
4.239455 7.148831 10.823565 6
8.828449 0.590649 3.103587 6
8.323168 13.521977 10.456469 6
2.560014 7.683748 4.269691 6
3.029476 6.464402 11.592938 6
8.919238 0.507244 2.203723 1
8.271395 13.556394 9.376287 1
2.416224 7.663518 5.120595 1
3.330620 6.580409 12.546084 1
8.645294 2.187384 3.473997 6
8.574250 12.004999 10.711138 6
2.771899 9.263591 3.839252 6
2.830005 5.019187 11.268086 6
9.443078 2.609856 3.689973 1
7.718007 11.642940 10.976644 1
1.934063 9.546765 3.583437 1
3.684561 4.576944 10.889128 1
8.300000 2.601498 2.647095 1
8.995407 11.489803 10.008627 1
3.205395 9.759670 4.589808 1
2.550108 4.380224 12.004772 1
7.749362 1.942181 4.542897 6
9.524462 11.987231 11.984448 6
3.854552 9.174322 2.723829 6
1.958080 5.089082 10.077872 6
8.295046 1.774500 5.498625 1
9.066958 12.228347 12.742346 1
3.234135 8.892016 1.788867 1
2.502543 5.139183 9.171067 1
7.333695 2.847281 4.815378 1
10.016508 11.160547 12.023143 1
4.204937 9.936836 2.561474 1
1.508743 4.148043 9.994976 1
6.638110 0.980805 4.314098 6
10.435658 13.148841 11.601068 6
4.779065 8.090807 3.059638 6
1.052714 6.129452 10.332411 6
6.444611 0.453100 5.004421 1
10.717252 13.694958 12.365132 1
5.095234 7.466543 2.129131 1
0.713582 6.656139 9.609778 1
6.017041 1.242296 3.775559 1
11.212802 12.899135 11.115583 1
5.522185 8.347502 3.522376 1
0.119045 5.685034 10.814435 1
8.915450 0.809804 2.132480 1
8.151333 13.440572 9.403370 1
2.523140 7.819116 5.210281 1
3.242887 6.402237 12.517818 1
8.786477 2.000770 3.903425 6
8.273011 12.028749 11.170539 6
2.622090 8.999163 3.474304 6
3.112830 5.019565 10.646342 6
9.262730 1.829647 4.867386 1
7.884983 12.138169 12.166625 1
2.199755 8.935386 2.618400 1
3.607880 5.175596 9.822357 1
9.308764 2.677130 3.467374 1
7.898872 11.433206 10.712054 1
2.116332 9.827324 3.798732 1
3.478116 4.236906 11.260161 1
7.324488 2.260133 4.180073 6
9.883209 11.742936 11.497831 6
4.023769 9.318191 3.176095 6
1.693354 4.757546 10.471754 6
6.949292 2.750345 3.493671 1
10.202713 11.179240 10.628120 1
4.410092 9.968067 3.870119 1
1.364124 4.166768 11.149306 1
7.341969 2.840229 4.942730 1
9.890803 11.288350 12.241340 1
4.286194 9.864480 2.250341 1
1.483671 4.164107 9.717502 1
6.724942 0.537890 5.296048 1
10.535920 13.454598 12.484257 1
4.792160 7.667979 2.178372 1
1.053846 6.479142 9.414599 1
5.746930 1.074447 3.944176 1
11.328934 13.102334 11.244825 1
5.606485 8.112392 3.325492 1
0.069326 6.105243 10.561767 1
7.049691 13.024799 2.929850 6
10.141196 1.155280 10.303706 6
4.389558 5.906504 4.318924 6
1.464026 8.231185 11.620461 6
7.965871 11.033298 1.734939 6
9.237950 2.985704 9.058922 6
3.610477 4.049795 5.560709 6
2.136689 10.142383 12.902172 6
7.771697 10.143751 2.890173 6
9.445674 3.917485 10.219073 6
3.707251 2.986530 4.564915 6
2.034796 11.040938 11.848871 6
8.590104 10.134689 3.397775 1
8.589667 3.861174 10.806942 1
2.979484 3.171840 3.822316 1
2.903774 11.053505 11.143316 1
7.774475 9.229399 2.401011 1
9.350383 4.820040 9.786672 1
3.651281 2.213973 4.866839 1
2.052202 11.963998 12.143120 1
6.980735 10.360423 3.360898 1
10.153157 3.802585 10.717906 1
4.580581 3.194148 3.889477 1
1.246023 10.844513 11.385372 1
9.280042 10.955455 1.096363 6
7.956319 3.232401 8.399317 6
2.229245 3.892235 6.218293 6
3.630468 10.225649 13.583879 6
9.961838 11.054257 1.738059 1
7.121830 3.101374 8.907197 1
1.374892 3.831105 5.745075 1
4.255280 10.098833 12.889780 1
9.476034 11.616041 0.373193 1
7.727550 2.460600 7.677326 1
2.075801 4.596489 7.021267 1
3.699332 9.655847 14.266446 1
9.362680 10.017949 0.525061 1
7.788263 4.120055 7.942772 1
2.078375 3.009976 6.631988 1
3.600822 11.123108 13.939972 1
6.856326 10.951097 0.762084 6
10.509664 3.006985 8.091785 6
4.643072 4.059347 6.644605 6
1.059717 10.213891 13.835478 6
5.990319 11.230145 1.304827 1
11.186407 2.949484 8.549817 1
5.543868 4.234137 6.131176 1
0.155628 9.923535 13.432855 1
6.810455 10.118891 0.348487 1
10.523953 4.058999 7.614403 1
4.735441 3.017003 6.885305 1
0.955707 11.001023 14.335446 1
6.998827 11.606360 0.089987 1
10.296793 2.340849 7.296994 1
4.562211 4.566277 7.335986 1
1.147548 9.510129 14.608279 1
