3.318496 5.149460 0.260119 16
2.641236 14.539400 10.002020 16
8.575014 13.430581 20.382936 16
9.335923 4.062510 10.613602 16
1.081060 5.255224 19.698163 6
1.624997 14.691065 11.282869 6
10.920309 13.542062 1.012203 6
10.288383 4.169269 9.372115 6
1.133010 6.489042 19.094128 6
1.546581 15.951891 11.885973 6
10.727704 12.129008 1.412470 6
10.372925 2.879018 8.895586 6
1.619013 6.854771 18.367438 1
0.995676 16.122480 12.645856 1
10.167616 11.986806 2.148855 1
10.938934 2.589138 8.044458 1
0.364398 7.531491 20.010644 6
2.234305 16.832639 11.090008 6
11.631224 11.168594 0.713237 6
9.652049 1.945420 9.648327 6
0.386633 8.412920 19.758897 1
2.412995 17.688020 11.186099 1
11.679909 10.363224 0.914177 1
9.523474 0.969001 9.440135 1
2.971164 6.836219 0.405354 6
3.005519 16.160180 9.918519 6
8.849065 11.802926 20.288349 6
9.007208 2.488631 10.626713 6
4.280784 6.010137 0.214583 16
1.742619 15.289745 10.096733 16
7.727837 12.756576 20.463071 16
10.252336 3.278292 10.586550 16
2.724623 6.840203 0.245586 6
3.253048 16.172068 10.027216 6
9.123333 11.771038 20.340863 6
8.649260 2.565505 10.479604 6
-1.573158 5.705184 20.141904 6
4.124495 15.043918 10.823135 6
13.505826 13.014994 0.380104 6
7.701164 3.669814 9.831307 6
-2.392121 5.623767 20.477290 1
5.167588 14.949482 10.596128 1
14.374472 13.028232 0.326821 1
6.783988 3.635977 10.047175 1
-0.714846 4.684901 19.372645 6
3.402915 14.061516 11.589243 6
12.686324 13.906995 1.287008 6
8.531265 4.635517 9.157202 6
-1.138677 4.239993 18.856264 1
3.901652 13.605005 12.141880 1
13.085926 14.565202 1.888526 1
7.991125 5.111333 8.524886 1
0.588367 4.820249 19.693138 6
2.196374 14.276206 11.213886 6
11.256279 13.800376 0.949919 6
9.884409 4.495332 9.431237 6
10.298018 7.457700 4.413642 16
10.806337 16.852002 5.910867 16
1.687550 11.070091 16.217219 16
1.010182 1.856646 14.706105 16
4.660535 7.156701 20.134405 17
13.283740 16.487532 10.847781 17
7.324750 11.689684 0.467330 17
-1.362611 2.217340 9.898033 17
6.028536 8.980168 1.520559 8
-0.204753 18.354146 8.726534 8
5.817532 9.648148 19.164175 8
11.975320 0.349217 11.950741 8
3.782514 7.851060 3.078588 7
2.172022 17.319117 7.115501 7
8.149761 10.835102 17.426391 7
9.827812 1.549768 13.512174 7
4.510750 8.334192 2.577035 1
1.530130 17.727026 7.648924 1
7.526306 10.339766 17.931771 1
10.487811 0.904951 13.032146 1
6.313303 8.697612 4.650113 7
-0.343149 18.086662 5.730393 7
5.628801 10.093979 16.082761 7
12.394396 0.735629 14.881908 7
6.464044 8.855581 3.770857 1
-0.369777 18.187893 6.674455 1
5.526236 9.862201 17.002589 1
12.471233 0.462497 14.018974 1
9.529243 4.799374 1.216664 7
11.725038 14.066479 9.090397 7
2.460385 13.832596 19.413646 7
0.175593 4.574254 11.654833 7
9.217099 5.453018 0.729034 1
11.999290 14.791754 9.497840 1
2.742160 13.191563 19.946169 1
0.002890 3.788857 11.116039 1
3.662300 3.930080 20.459725 7
-0.926793 13.424569 10.449635 7
8.360190 14.672340 0.136898 7
12.900632 5.333755 10.119233 7
3.839196 4.870397 20.285485 1
-1.142210 14.176075 10.580222 1
8.106228 13.828283 0.237147 1
12.985504 4.479608 10.061072 1
2.644170 7.321943 2.789362 6
3.371240 16.660167 7.571989 6
9.327962 11.358213 17.902443 6
8.507091 1.873045 13.139080 6
2.122966 6.819132 3.805559 6
3.857944 16.160064 6.428930 6
9.800945 12.016526 16.764883 6
8.134604 2.619529 14.268381 6
1.301933 6.335711 3.954007 1
4.631922 15.700689 6.312941 1
10.655402 12.388756 16.693717 1
7.270696 3.011129 14.347514 1
3.007035 6.980775 4.923399 6
2.876336 16.315834 5.443941 6
8.811527 11.848651 15.764328 6
9.014653 2.507649 15.227552 6
2.875035 6.507108 5.738327 1
3.125358 15.937971 4.596101 1
8.974308 12.169122 14.746171 1
8.910671 2.692773 16.086570 1
4.087955 7.625886 4.535972 6
1.772166 16.893761 5.860165 6
7.785106 11.024748 16.141300 6
10.044624 1.744775 14.737949 6
5.240766 7.967841 5.128664 6
0.725818 17.464525 5.206972 6
6.575802 10.707539 15.490820 6
11.353543 1.218624 15.487583 6
5.573943 7.876936 6.454420 6
0.340047 17.377411 3.767180 6
6.404005 10.844918 14.046633 6
11.509654 1.409530 16.795041 6
5.060144 7.454064 7.291822 1
0.941308 16.885037 3.195577 1
6.936672 11.154296 13.431578 1
11.052980 1.756715 17.475624 1
6.937383 8.526760 6.771634 6
14.164729 17.790607 3.682559 6
5.047056 10.227039 14.010532 6
-2.325641 0.750788 16.996564 6
7.368933 8.687888 7.584019 1
13.719249 17.908021 2.847014 1
4.609776 10.050078 13.135886 1
-1.919647 0.806490 17.859703 1
7.357051 8.965222 5.586467 6
13.905397 18.246620 4.728707 6
4.676207 9.674854 15.159981 6
-1.965616 0.437341 15.866247 6
8.536660 9.735942 5.197286 6
12.602242 0.382772 5.245986 6
3.283447 9.068658 15.613799 6
-0.581758 18.430477 15.504521 6
9.354107 8.861920 3.956403 6
11.869097 18.328305 6.303363 6
2.691977 9.750743 16.574258 6
0.118042 0.422245 14.347017 6
9.299221 9.189231 2.678558 6
11.880727 18.415425 7.605619 6
2.687562 9.592992 18.036235 6
0.061443 0.235365 12.993142 6
8.813207 9.894528 2.257365 1
12.273565 0.476494 8.101700 1
3.001925 8.779111 18.337771 1
-0.314553 18.210324 12.617264 1
10.100879 8.299431 1.882347 6
11.124170 17.658660 8.367013 6
1.884345 10.481298 18.693214 6
0.758866 1.143480 12.175582 6
10.036802 8.355977 0.907625 1
10.976383 17.694862 9.317559 1
1.828054 10.501033 19.712240 1
0.954830 1.075302 11.282134 1
10.627242 7.330107 2.757854 6
10.438304 16.602738 7.525532 6
1.307121 11.414865 17.989949 6
1.400233 1.988271 13.088804 6
11.541310 5.985976 2.302214 6
9.700696 15.401071 8.084806 6
0.439182 12.620186 18.442078 6
2.149560 3.342454 12.549556 6
10.492682 4.964681 2.045212 6
10.554898 14.249884 8.117542 6
1.353334 13.801128 18.506628 6
1.293262 4.486496 12.384628 6
10.616214 3.734934 2.763666 6
10.535928 12.939913 7.402590 6
1.321379 15.085367 17.801395 6
1.268996 5.765410 13.127965 6
11.121650 3.490295 3.580090 1
9.951399 12.710530 6.823701 1
0.749326 15.254645 17.109061 1
1.966161 5.950288 13.796682 1
9.569165 2.872540 2.279579 6
11.666401 12.201504 7.965306 6
2.471966 15.742721 18.384722 6
0.329289 6.478280 12.735891 6
9.387875 2.056755 2.725445 1
11.831099 11.282785 7.784466 1
2.518795 16.750512 17.985865 1
0.094942 7.416246 12.880178 1
8.787451 3.555779 1.335746 6
12.308565 12.947095 8.868214 6
3.188266 15.073421 19.194069 6
-0.362986 5.793835 11.740374 6
7.743034 3.175566 0.668573 6
13.493942 12.499437 9.629813 6
4.286009 15.468926 20.002471 6
-1.601222 6.197817 10.900217 6
7.028496 2.037309 0.577804 6
-1.102937 11.297583 9.821498 6
4.737501 16.660150 20.043761 6
13.073661 7.450527 10.883497 6
7.348524 1.149048 1.125026 1
-1.394021 10.486134 9.261436 1
4.597987 17.527959 19.681315 1
13.311143 8.161394 11.256959 1
2.706325 2.064540 20.368527 6
0.065474 11.482364 10.546018 6
9.306664 16.560598 0.274344 6
11.988856 7.218797 10.060568 6
1.986257 1.246146 20.170626 1
0.597752 10.738574 10.657932 1
9.874518 17.292054 0.339055 1
11.356233 8.001266 9.865944 1
2.604731 3.335840 19.947721 6
0.160898 12.698509 11.091228 6
9.356632 15.364104 0.746619 6
11.742997 6.049668 9.666311 6
1.539594 4.013766 19.031676 6
1.010173 13.249968 12.010546 6
10.403829 14.700004 1.582248 6
10.832686 5.336190 8.646106 6
2.047064 7.506209 1.300056 6
3.877787 17.023997 8.954433 6
9.798734 11.072531 19.325372 6
8.160914 1.674874 11.797228 6
8.312715 11.186131 4.581434 6
12.852993 1.758673 5.660011 6
3.638232 7.569296 16.036739 6
-0.964567 16.954303 14.933105 6
7.713130 11.131546 3.813005 1
13.564467 1.705993 6.347615 1
4.263392 7.687909 16.773083 1
-1.639415 17.050808 14.223686 1
8.988767 11.614939 4.470947 1
12.047164 2.197017 5.857521 1
2.949865 7.026322 16.235813 1
-0.252221 16.362104 14.849098 1
7.848322 11.615196 5.441033 1
13.296663 2.128849 4.991793 1
4.199107 7.198280 15.322709 1
-1.555504 16.441402 15.602102 1
9.573705 9.817560 6.432215 6
11.667347 0.478403 3.971705 6
2.500393 8.889758 14.257558 6
0.310582 18.147873 16.663659 6
9.670094 8.966672 6.753949 1
11.475382 18.201192 3.562341 1
2.099069 9.818454 13.936875 1
0.442394 0.445572 17.019375 1
8.982363 10.202860 7.006694 1
12.032334 0.990970 3.157306 1
2.811908 8.352870 13.631450 1
-0.220715 17.681648 17.405831 1
10.274560 10.335595 6.191447 1
10.892152 0.922484 4.142769 1
1.555677 8.424540 14.524897 1
1.154969 17.697565 16.515438 1
12.508081 5.826663 3.230586 6
8.539125 15.125745 7.161027 6
-0.763625 12.823952 17.377195 6
3.459040 3.581869 13.475270 6
12.172116 5.639769 4.021293 1
8.933551 15.003436 6.226348 1
-0.288778 13.066455 16.625292 1
2.927005 3.694778 14.529379 1
13.255567 6.551916 3.228204 1
7.910052 15.967135 7.119406 1
-1.315267 12.078401 17.279028 1
4.048034 2.684114 13.698736 1
13.107968 5.108796 2.959451 1
8.111145 14.337034 7.463956 1
-1.099158 13.612890 17.673310 1
3.948842 4.375088 13.247152 1
12.024756 6.431731 0.828179 6
9.101951 15.674050 9.546049 6
-0.160965 12.388980 19.848580 6
2.927373 2.899147 11.201418 6
11.370196 6.429735 0.244717 1
9.681591 15.880214 10.190095 1
0.646876 12.129967 20.409140 1
2.236218 2.786645 10.547417 1
12.532260 5.671811 0.638293 1
8.509975 14.996557 9.779129 1
-0.729399 13.018578 20.010198 1
3.287694 3.776458 10.918241 1
12.676138 7.103352 0.880507 1
8.542625 16.451006 9.342391 1
-0.669670 11.504682 19.798171 1
3.429056 2.147390 11.248617 1
2.362322 4.460617 17.736221 6
0.278791 13.856916 13.206024 6
9.421519 14.275163 2.958084 6
11.623115 4.956334 7.311429 6
3.000660 3.827818 17.412234 1
-0.389025 13.126478 13.440931 1
8.845607 14.917082 3.171877 1
12.284213 5.608484 7.208101 1
2.914640 5.142287 17.863306 1
-0.225497 14.485457 13.137046 1
9.086294 13.498547 2.676488 1
12.078285 4.172747 7.603539 1
1.811532 4.558260 17.056833 1
0.905782 13.927462 13.949734 1
10.092975 14.008552 3.695359 1
10.955865 4.745707 6.605475 1
0.648874 3.013028 18.565556 6
2.172477 12.392675 12.427344 6
11.302268 15.692121 2.026237 6
9.855599 6.422651 8.222447 6
0.044159 2.612754 19.269383 1
2.627333 12.116117 11.546129 1
11.757259 16.057254 1.286909 1
9.224165 6.770124 8.977964 1
0.996593 2.312747 18.112107 1
1.741965 11.522815 12.896858 1
10.942122 16.522294 2.421323 1
10.284054 7.030940 7.743749 1
0.043457 3.304414 17.958443 1
2.729297 12.808072 12.958154 1
11.974312 15.204651 2.673536 1
9.135305 5.940339 7.557740 1
2.094266 9.038587 0.970312 6
3.764984 18.339688 9.324759 6
9.789531 9.556950 19.578412 6
8.128633 0.238901 11.425546 6
2.935563 9.332829 1.040366 1
3.050892 0.128314 9.196513 1
8.909759 9.371268 19.476543 1
9.013915 18.690328 11.383088 1
1.534499 9.530647 1.726436 1
4.429489 0.170771 8.611365 1
10.310728 9.060133 18.913616 1
7.428745 18.560082 11.979167 1
1.857714 9.239972 0.059611 1
4.093561 18.586501 10.173143 1
10.159742 9.583834 20.591498 1
7.763760 0.113664 10.469729 1
0.634649 7.030083 1.360096 6
5.316489 16.411065 8.984747 6
11.213265 11.534306 19.348249 6
6.601962 2.302195 11.559378 6
0.554875 6.120286 1.484040 1
5.392120 15.513052 8.800362 1
11.335767 12.490702 19.078578 1
6.559491 3.216286 11.923833 1
0.283674 7.234060 0.408726 1
5.589958 16.641702 9.935946 1
11.693178 11.535662 20.306127 1
6.253939 2.208531 10.814824 1
0.169636 7.546088 1.867227 1
5.841653 16.881963 8.283596 1
11.805718 11.113143 18.659739 1
6.009413 1.809523 12.293699 1
3.510760 2.213165 4.005106 7
2.408441 11.653167 6.286909 7
8.492327 16.474236 16.530844 7
9.498476 6.998079 14.345629 7
2.528843 1.728296 3.083688 6
3.485423 11.024165 7.203727 6
9.457913 16.979956 17.499439 6
8.472449 7.712028 13.535766 6
1.993191 1.104311 3.621959 1
4.023622 10.290757 6.793278 1
10.038534 17.734125 17.099915 1
7.960992 8.294001 13.856831 1
2.852766 1.284795 2.409881 1
3.092938 10.751377 8.001646 1
9.035280 17.298223 18.369562 1
8.830778 8.029179 12.746874 1
1.338252 2.638854 2.558689 6
4.521971 12.084651 7.778774 6
10.426917 15.922928 18.030577 6
7.395544 6.757945 13.002726 6
1.853223 3.408752 2.084995 1
4.032058 12.765170 8.250755 1
10.118432 15.263771 18.632475 1
7.787424 6.081384 12.444333 1
0.987362 3.157899 3.273612 1
4.924339 12.394509 6.950481 1
10.885880 15.588950 17.193511 1
7.015138 6.218532 13.601320 1
1.823194 3.520809 2.410693 1
4.081772 12.776595 7.858169 1
10.140800 15.098370 18.335148 1
7.871546 5.750929 12.721672 1
0.818625 2.907721 3.357438 1
5.246979 12.187198 6.961032 1
11.181944 15.881677 17.439550 1
6.775471 6.549538 13.551125 1
0.731136 2.064478 1.377017 6
5.273892 11.483723 9.020807 6
11.231981 16.523233 19.356531 6
6.741476 7.289342 11.596849 6
0.519315 1.105241 1.519791 1
5.460083 10.484917 8.879968 1
11.413495 17.514291 19.109650 1
6.501264 8.180544 11.806013 1
1.305275 2.160260 0.517835 1
4.548067 11.465902 9.645963 1
10.571400 16.562094 20.090545 1
7.269758 7.320741 11.002414 1
14.755276 2.682374 0.935705 6
6.389988 12.200480 9.214268 6
-2.758262 15.975158 19.600720 6
5.600822 6.531865 11.428674 6
14.397260 2.391704 0.342577 1
6.774861 11.802998 10.094024 1
-2.413029 16.321392 20.439447 1
5.122885 7.054720 10.560612 1
14.245491 2.806742 1.883563 1
6.949649 12.156202 8.513887 1
-2.185237 16.064585 18.788627 1
5.008333 6.667804 12.080239 1
15.025141 3.594793 0.749407 1
6.240594 13.012572 9.504275 1
-3.045333 15.068640 19.903093 1
5.720368 5.684133 11.150645 1
0.310698 2.023532 1.806881 6
5.669936 11.288887 8.588156 6
11.561710 16.635750 18.855672 6
6.288599 7.226394 12.134939 6
14.818006 2.586740 1.777152 1
6.365058 12.041388 8.653789 1
-2.742326 16.046546 19.010848 1
5.411015 6.812969 11.980361 1
0.072863 1.202211 2.380251 1
5.852344 10.693781 7.949903 1
11.889807 17.527181 18.355250 1
6.040720 8.166953 12.659645 1
0.640240 1.640413 0.508031 6
5.279942 10.866213 9.823466 6
11.271188 17.186745 20.082020 6
6.691553 7.846863 10.883507 6
0.061537 1.153087 0.038217 1
5.934053 10.402000 10.291251 1
-3.195994 17.634487 20.636041 1
6.024748 8.271034 10.458074 1
1.004058 2.432917 0.013570 1
4.977946 11.741662 10.150855 1
11.039488 16.265775 20.609364 1
6.940766 6.916762 10.308668 1
1.389648 1.084775 0.583629 1
4.585539 10.247194 9.616205 1
10.569404 17.665378 20.058803 1
7.319298 8.302993 11.056662 1
4.307518 1.176933 4.623066 6
1.670090 10.422079 5.712515 6
7.616756 17.547260 16.067356 6
10.292192 8.181770 14.976859 6
4.922465 1.549101 5.172849 1
1.125672 10.829817 5.040156 1
7.050115 17.261368 15.347001 1
10.944926 7.903430 15.677897 1
3.661622 0.515310 4.976166 1
2.193625 9.909664 5.442395 1
8.198424 18.259816 15.747722 1
9.688562 8.856571 15.192298 1
5.204858 0.465623 3.590004 6
0.726636 9.773823 6.775261 6
6.787080 18.254310 17.187904 6
11.140074 8.898049 13.909856 6
4.594199 0.101936 2.902393 1
1.251467 9.337809 7.438494 1
7.332196 18.652141 17.761389 1
10.698845 9.193329 13.198092 1
5.809045 1.123802 3.204740 1
0.155051 10.577103 7.276710 1
6.196026 17.500046 17.436640 1
11.618786 8.168540 13.353732 1
6.132688 18.199117 4.062305 6
-0.098261 8.812041 6.124224 6
5.959799 0.498798 16.531625 6
11.951533 9.876207 14.394944 6
5.547403 17.548972 4.583272 1
0.547624 8.192879 5.694500 1
6.435003 1.132785 16.038922 1
11.508880 10.649219 14.819352 1
6.560151 18.562063 4.839890 1
-0.556326 9.278609 5.400995 1
5.307802 0.200227 15.839753 1
12.600952 9.436419 15.144918 1
7.082145 17.388626 3.176860 6
-1.051012 7.977432 7.070428 6
4.807338 1.384098 17.417367 6
12.950323 10.721922 13.492692 6
7.498837 16.678489 3.851223 1
13.571896 7.455504 6.609308 1
4.429111 1.860539 16.830797 1
-1.772519 11.328493 14.117963 1
7.545317 17.990438 2.847064 1
13.516002 8.721440 7.414553 1
4.220355 0.595583 17.890943 1
-1.694855 9.909516 13.257421 1
6.516452 16.925419 2.543871 1
-0.605535 7.556910 7.713607 1
5.374766 1.676916 18.088161 1
12.526784 11.015015 12.931426 1
4.347358 3.334856 3.263734 6
1.737580 12.649778 6.971903 6
7.577136 15.291578 17.303199 6
10.286476 6.005541 13.767100 6
4.545658 3.014646 2.576570 1
1.290982 12.294583 7.759647 1
7.359381 15.652415 18.169284 1
10.538480 6.312419 12.875517 1
3.753211 3.981352 3.190401 1
2.125653 13.388552 7.230855 1
8.219565 14.652960 17.623088 1
9.766397 5.199359 13.376272 1
5.462904 3.827900 4.136539 6
0.565570 13.138595 6.281566 6
6.401561 14.782685 16.643724 6
11.399946 5.435293 14.291896 6
6.134743 3.080162 4.254541 1
-0.221405 12.510544 6.142224 1
5.849901 15.592854 16.481148 1
11.990693 6.108281 14.456940 1
5.179279 4.310269 5.010576 1
0.689438 13.587971 5.432181 1
6.788440 14.515262 15.679210 1
11.187946 5.086872 15.268586 1
6.210865 4.974510 3.306098 6
-0.250448 14.355921 7.130092 6
5.824962 13.802296 17.367817 6
12.190095 4.429887 13.694342 6
5.523351 5.621586 3.239174 1
0.494618 15.060112 7.157734 1
6.398490 13.001049 17.466670 1
11.409033 3.666277 13.433780 1
6.308076 4.532716 2.382597 1
-0.402785 13.993428 7.857315 1
5.627222 14.048005 18.316668 1
12.321739 4.769443 12.668852 1
7.427538 5.621404 3.889335 6
13.825872 14.885081 6.370991 6
4.495723 13.192299 16.802248 6
-1.769410 3.727209 14.294704 6
7.828155 6.226735 3.421296 1
13.308677 15.609944 6.981664 1
4.193418 12.492712 17.217035 1
-1.405615 3.096265 13.652721 1
8.017240 4.841471 3.965722 1
13.082713 14.095045 6.304841 1
3.897053 13.804719 16.605486 1
-1.216275 4.513729 14.394290 1
7.213258 5.818264 4.791958 1
14.007700 15.213788 5.609015 1
4.856989 12.865299 15.788289 1
-1.985819 3.525556 15.065131 1
2.816276 2.875408 5.183007 6
3.098741 12.372789 5.160678 6
9.187216 15.718965 15.436100 6
8.782896 6.316739 15.668219 6
2.398806 3.712439 4.887263 1
3.532686 13.027291 5.480244 1
9.584562 14.847593 15.749557 1
8.209218 5.512428 15.235576 1
3.450378 3.184303 5.885161 1
2.437612 12.635538 4.515170 1
8.485722 15.447339 14.717042 1
9.378384 6.142284 16.221147 1
1.864936 2.154376 5.990387 6
4.224218 11.507436 4.341309 6
10.157757 16.604136 14.628404 6
7.728530 7.172354 16.427067 6
2.285976 1.345626 6.429976 1
3.804071 10.739296 3.937701 1
9.767760 17.418228 14.270946 1
8.239074 7.907415 16.664205 1
1.106478 1.893214 5.512766 1
4.979412 11.286302 4.936400 1
10.854527 16.773972 15.220069 1
7.059808 7.472446 15.754742 1
1.289036 2.999464 7.223664 6
4.685937 12.265410 3.140214 6
10.580332 15.733294 13.520206 6
7.210308 6.377140 17.454267 6
2.084917 3.141719 7.829141 1
3.931838 12.663015 2.500644 1
9.897767 15.560309 12.881927 1
7.910477 6.110036 18.091467 1
0.673446 2.366883 7.744617 1
5.312720 11.808822 2.497620 1
11.095588 16.376254 12.857667 1
6.748903 7.058582 18.192981 1
0.434163 4.152003 6.750597 6
5.440666 13.519396 3.583923 6
11.526250 14.478773 13.788914 6
6.338221 5.219433 17.111044 6
0.276961 4.729571 7.675870 1
5.798464 13.966550 2.795771 1
11.755517 13.966570 12.976284 1
6.053965 4.698609 18.043520 1
-0.328359 3.806359 6.355332 1
6.245735 13.261829 3.983103 1
12.157012 14.862613 14.246030 1
5.655721 5.507361 16.660401 1
1.025896 4.662841 6.349356 1
4.943230 14.124114 4.044870 1
11.016399 13.920157 14.347288 1
6.980555 4.654405 16.547975 1
6.054659 9.810289 1.496909 1
-0.142654 0.430430 8.893989 1
5.748489 8.906609 19.107765 1
12.000559 18.294871 11.812234 1
6.730239 8.606561 1.301980 1
-0.700781 17.949537 9.025737 1
5.333732 10.142762 19.337313 1
12.693074 0.643461 11.600669 1
