3.871610 7.215803 12.147024 8
9.585993 6.237464 5.977458 8
2.756849 5.312867 5.698493 8
8.565420 8.010648 12.030270 8
3.592630 5.007816 1.264034 8
9.365440 8.274281 7.501127 8
5.174295 7.140326 9.924980 8
11.033627 6.131962 3.792799 8
3.452822 2.966529 8.413328 6
9.329048 10.406870 2.134058 6
3.153266 2.583440 9.070300 1
8.825771 10.778150 2.887325 1
2.738260 3.824261 7.499733 6
8.468500 9.472865 1.316673 6
3.414247 4.400707 6.558688 6
9.244194 8.862886 0.261242 6
4.816556 4.093566 6.228899 6
10.552034 9.225856 12.393939 6
5.217335 4.506779 5.434402 1
10.822168 8.867388 11.550670 1
5.488612 3.250215 7.054693 6
11.210199 10.099486 0.861703 6
4.913401 2.662662 8.024702 6
10.547332 10.673299 1.928854 6
5.585314 1.815374 9.101885 6
11.367882 11.372661 2.896124 6
5.873034 2.248013 10.269423 6
0.141604 11.053133 4.126715 6
5.409227 3.568633 10.886131 6
11.276326 9.655943 4.642676 6
4.871599 3.617122 12.192635 6
10.517092 9.789252 5.882922 6
4.251692 4.742940 0.075309 6
10.016399 8.581168 6.337711 6
4.413620 5.907831 11.825783 6
10.050314 7.309689 5.474194 6
5.013287 5.922624 10.543316 6
10.902962 7.507586 4.258816 6
5.557026 4.646330 10.166109 6
11.403459 8.538113 3.952702 6
6.060412 4.737957 9.316958 1
0.300646 8.562029 3.202657 1
2.382309 7.160417 12.155338 6
8.016620 6.136181 5.913711 6
2.051605 7.897201 12.410409 1
7.805202 5.264963 6.279215 1
2.047697 6.316232 0.148520 1
7.766068 6.797380 6.490430 1
1.836478 7.062758 10.727111 6
7.472372 6.349468 4.498794 6
1.959537 8.169512 9.733494 6
7.640434 5.156042 3.544792 6
1.499592 7.906382 8.423210 6
7.342069 5.425387 2.062545 6
2.483454 6.892324 7.718275 6
8.317069 6.437698 1.467895 6
1.879974 6.226389 6.498332 6
7.685294 7.141775 0.118093 6
3.575075 3.760621 2.289157 6
9.428899 9.548976 8.438261 6
5.968919 7.153131 8.748543 6
0.437571 6.094365 2.554824 6
5.851534 0.457663 0.990346 8
0.142039 12.887201 7.102760 8
6.801780 11.993608 7.343086 8
1.089928 1.152737 1.029761 8
5.918528 11.660487 11.731201 8
0.325000 1.675603 5.495597 8
4.409095 0.533921 3.173984 8
10.125567 12.790355 9.352753 8
6.156617 9.443042 4.769837 6
0.287193 3.756126 11.044802 6
6.524494 9.016733 4.059835 1
0.696231 4.252294 10.322397 1
6.797433 10.415604 5.428482 6
1.077716 3.005160 11.694159 6
7.695557 10.490800 5.417857 1
1.887862 2.681020 11.515875 1
6.116546 11.005597 6.509866 6
0.509574 2.274157 0.320577 6
4.901491 10.770631 6.780631 6
10.646313 2.604805 0.560988 6
4.552716 11.161297 7.677242 1
10.240645 2.270636 1.429124 1
4.175144 9.856530 6.089738 6
9.951540 3.501980 12.260516 6
3.384107 9.692116 6.370303 1
9.049257 3.608425 0.121662 1
4.820496 9.205307 5.001217 6
10.472313 3.950277 11.150740 6
3.993525 8.485074 3.923980 6
9.661439 4.874098 10.296304 6
3.675174 8.927626 2.774747 6
9.558278 4.461354 9.105769 6
4.284837 10.214775 2.160609 6
9.873649 3.089122 8.479421 6
4.917964 10.161327 0.970096 6
10.540510 3.087157 7.245125 6
4.924622 9.418248 0.422248 1
10.647131 3.739746 6.538529 1
5.445147 11.367684 0.442207 6
11.005450 1.941039 6.832139 6
5.368941 12.479723 1.343160 6
10.931292 0.708088 7.453489 6
4.561139 12.629699 2.556436 6
10.277371 0.666412 8.723943 6
4.108211 11.431754 2.829526 6
9.722971 2.012413 9.167387 6
3.569902 11.396392 3.676937 1
9.246348 1.902844 10.012173 1
7.325032 0.493090 0.892153 6
1.480635 12.830518 7.096404 6
7.891600 0.302611 2.308643 6
2.152176 12.899787 8.645001 6
8.770421 0.163159 2.284917 1
3.131084 13.190913 8.449849 1
7.370347 12.763352 2.793227 1
1.591946 0.391959 8.921238 1
7.716474 1.438978 3.209919 6
1.920330 11.807451 9.527740 6
8.090506 1.197979 4.659465 6
2.320208 12.163820 10.990286 6
7.181290 0.349741 5.503488 6
1.405160 12.958067 11.601518 6
7.717890 12.776723 6.584958 6
2.120070 0.478040 0.339324 6
6.052590 10.609055 10.796514 6
0.250895 2.811208 4.537755 6
3.537989 0.514897 4.355092 6
9.334639 12.837005 10.517488 6
1.894275 3.913697 7.684753 1
7.592585 9.326010 1.582146 1
6.498880 3.042637 6.977854 1
0.705571 10.287147 0.599726 1
5.962994 1.141961 8.928596 1
0.223519 12.102377 2.848150 1
6.262834 1.442785 11.076350 1
0.496324 11.802561 4.853698 1
4.666064 2.836830 0.247902 1
10.511179 10.549576 6.396770 1
2.067730 6.077246 10.384757 1
7.703454 7.206330 3.992762 1
0.870705 6.772501 10.685844 1
6.504347 6.468234 4.520924 1
2.883889 8.426902 9.590978 1
8.734341 4.847618 3.350540 1
1.318002 8.889171 10.096552 1
6.996412 4.285892 3.839408 1
1.435819 8.784716 7.914278 1
7.287425 4.568605 1.604995 1
0.513754 7.504862 8.619115 1
6.347181 5.892833 2.365403 1
3.020588 6.387230 8.361255 1
8.665639 6.921322 2.078948 1
3.382345 7.285047 7.206038 1
8.963846 5.926134 1.044515 1
1.365873 6.557772 5.701216 1
7.104923 6.713835 12.043806 1
1.254633 5.817856 6.692421 1
6.853150 7.398165 0.631650 1
4.536466 3.512589 2.350436 1
10.300845 9.784428 8.548390 1
3.533872 2.955273 1.823234 1
9.227168 10.422003 8.032398 1
3.527419 4.279942 3.057305 1
9.175194 8.950162 9.356362 1
6.068919 6.352360 8.027628 1
0.293996 6.904583 1.806297 1
5.768316 8.087738 8.351968 1
0.126628 5.262789 1.965277 1
6.951802 7.080939 9.305474 1
1.227096 6.254434 3.121303 1
3.647613 7.301869 4.376207 1
9.385369 5.870840 10.736612 1
3.213304 8.733477 2.228578 1
9.017355 4.607578 8.455142 1
7.697596 13.187005 0.249085 1
1.852344 0.138915 6.375896 1
7.346552 1.562713 0.626983 1
1.575739 11.780695 6.923090 1
6.760494 1.747123 3.103220 1
1.002784 11.667640 9.289672 1
8.241789 2.298584 3.001818 1
2.357855 11.071109 9.135230 1
8.991004 0.664820 4.782955 1
3.338786 12.753160 11.026269 1
8.517827 1.581102 5.117481 1
2.805462 11.660063 11.423433 1
6.284704 0.753433 5.658574 1
0.691423 12.423658 11.879178 1
6.946275 12.852815 4.896859 1
1.125803 0.509467 11.016392 1
8.532908 12.232388 6.429519 1
2.817233 1.125867 0.249316 1
8.065806 0.428240 7.331515 1
2.301909 12.891044 1.023367 1
5.120908 10.571983 10.280173 1
10.838227 2.759303 4.185839 1
6.779452 9.812267 11.136059 1
1.014686 3.368151 4.949711 1
6.575648 10.866037 10.172902 1
0.807928 2.583482 3.946270 1
3.483427 1.557206 4.280164 1
9.153145 11.760552 10.618156 1
4.057845 0.011404 4.965568 1
9.812326 0.112977 11.212083 1
2.728056 0.233573 4.205805 1
8.557842 13.131186 10.369294 1
