17.296840 6.578613 0.167176 17
13.336950 6.491391 11.217710 17
1.368116 3.202469 0.001813 17
29.074551 3.155867 11.255117 17
21.012564 5.812964 9.547027 8
9.565266 5.801923 1.865976 8
5.101972 2.381653 9.500723 8
25.418027 2.374115 1.744579 8
22.237943 1.891045 0.924339 8
8.350327 2.034165 10.322134 8
6.376179 5.338946 0.960483 8
24.215615 5.497752 10.381615 8
17.230660 2.037491 2.572092 8
13.416178 2.097009 8.583946 8
1.448699 5.497831 2.567147 8
29.121529 5.605469 8.584769 8
20.549732 3.761721 10.267433 7
10.020925 3.739365 1.041964 7
4.660438 0.310792 10.092409 7
25.900423 0.323861 1.136162 7
20.438569 2.238829 9.948610 6
10.066708 2.309223 1.235052 6
4.834221 5.702591 9.846734 6
25.861982 5.765088 1.242930 6
20.748234 2.170702 8.896997 1
9.859453 2.096799 2.347701 1
4.955700 5.697739 8.913645 1
25.555138 5.673808 2.228917 1
21.555832 1.744943 10.783555 6
8.953308 1.682780 0.450328 6
5.884304 5.203384 10.840226 6
24.786462 5.166538 0.426562 6
21.687985 0.672786 10.756802 1
9.057706 0.672536 0.639013 1
5.786454 4.236410 10.631089 1
24.837414 4.274734 0.507432 1
22.527979 2.069799 10.604220 1
8.191907 2.080757 0.718994 1
6.599785 5.639152 10.511388 1
23.823556 5.537332 0.713206 1
21.730832 3.106569 1.282820 6
8.891261 3.297225 10.033942 6
6.122036 6.711654 1.333201 6
24.493815 6.736365 10.005360 6
21.777150 3.607965 2.559238 6
8.769612 3.501429 8.635598 6
6.057347 0.095689 2.650469 6
24.630962 0.154576 8.592385 6
22.096308 2.893118 3.154701 1
8.627480 2.969457 7.989480 1
6.375493 6.348290 3.310427 1
24.296045 6.371713 7.999905 1
21.291218 4.782644 3.055827 6
9.441941 4.802182 8.199671 6
5.430170 1.240433 2.938419 6
25.185414 1.358235 8.201524 6
21.295908 4.959344 3.818434 1
9.467470 5.000762 7.285464 1
5.513952 1.541523 3.941854 1
25.268260 1.491993 7.352095 1
20.862570 5.616142 2.049342 6
9.784330 5.694275 9.109950 6
4.977789 2.187110 1.977127 6
25.700060 2.078896 9.238550 6
20.380056 6.515380 2.234008 1
10.101821 6.355783 8.975774 1
4.671366 2.933874 2.238115 1
26.066572 2.960848 8.997643 1
20.843934 5.392929 0.743380 6
9.724260 5.294387 10.511380 6
5.059112 1.854816 0.694274 6
25.508195 1.878903 10.426934 6
20.454780 5.921158 0.040657 1
10.088704 5.814776 11.159636 1
4.705228 2.444432 0.126503 1
25.803990 2.363572 11.068289 1
21.335795 4.126790 0.350942 6
9.186312 4.020837 10.962209 6
5.669887 0.583078 0.378400 6
25.012998 0.716459 10.978664 6
19.213948 1.733228 10.108061 6
11.380342 1.638855 1.150132 6
3.365459 5.132644 10.220179 6
27.134220 5.146573 1.008290 6
18.794592 1.799247 11.161508 1
11.779668 1.921126 0.095407 1
3.199005 5.271114 11.004941 1
27.553647 5.281684 0.242546 1
19.289710 0.825363 10.090484 1
11.483839 0.769829 1.151278 1
3.413330 4.136033 9.994939 1
27.244146 4.296434 1.152072 1
18.017673 2.260647 9.211827 6
12.607512 2.183531 1.937214 6
2.334312 5.800299 9.251587 6
28.280793 5.655516 2.009883 6
17.382137 3.381650 9.543731 6
13.272706 3.454284 1.815728 6
1.667817 6.871278 9.506092 6
28.965488 6.830774 1.685770 6
17.672876 3.770080 10.373046 1
13.124615 3.747729 1.009235 1
1.748616 0.457058 10.262214 1
28.884125 0.438619 0.972595 1
16.424340 3.839531 8.643468 6
14.211131 3.774650 2.640252 6
0.669269 0.303995 8.618421 6
29.995324 0.372110 2.613850 6
15.971970 4.581211 8.855049 1
14.666114 4.676048 2.428359 1
0.158908 1.117924 8.887807 1
30.414115 1.186647 2.399549 1
16.068134 3.087482 7.495136 6
14.503815 3.179655 3.864046 6
0.381058 6.702408 7.509581 6
30.144196 6.638066 3.752927 6
15.577262 3.391814 7.003515 1
15.188289 3.395732 4.375833 1
-0.268678 0.037284 6.962435 1
30.789553 6.954709 4.425944 1
16.772711 1.994646 7.239418 6
13.803060 2.072137 4.152249 6
1.029331 5.543123 7.170841 6
29.631558 5.582939 4.119829 6
16.732962 1.520802 6.394653 1
13.824856 1.688891 4.932182 1
0.878761 5.060993 6.474409 1
29.771992 5.121083 4.813766 1
17.829960 1.590326 8.095233 6
12.849362 1.466068 3.246390 6
1.953082 5.047928 8.131394 6
28.677284 5.047068 3.085864 6
18.175667 0.833167 7.871144 1
12.319394 0.687127 3.298688 1
2.462804 4.253870 7.792963 1
28.250735 4.330482 3.334728 1
20.874554 4.617120 9.282690 6
9.844086 4.691097 2.048470 6
4.937608 1.288790 9.131696 6
25.584816 1.170139 2.049109 6
20.787378 4.163023 7.724354 6
9.833581 4.116226 3.606840 6
5.129631 0.787767 7.696400 6
25.612274 0.655775 3.506824 6
20.317111 3.497020 7.686107 1
10.349792 3.508607 3.633220 1
4.439205 6.846875 7.712116 1
26.175024 6.865707 3.562821 1
20.369438 5.272350 6.767945 6
10.303176 5.274957 4.355708 6
4.526405 1.780162 6.880812 6
25.965253 1.793081 4.334476 6
21.046264 6.410425 6.667778 6
9.571271 6.458114 4.681274 6
5.376822 3.113832 6.599794 6
25.374303 3.075576 4.713094 6
21.893013 6.533223 6.998302 1
8.765931 6.560483 4.182924 1
6.214656 3.226185 6.982539 1
24.548193 3.227978 4.205916 1
20.613693 0.524218 5.742203 6
9.917582 0.570495 5.494849 6
4.843573 4.023337 5.650694 6
25.683393 3.980628 5.460014 6
21.134222 1.216932 5.533848 1
9.429533 1.299588 5.639440 1
5.463862 4.704786 5.501887 1
25.186545 4.670504 5.572035 1
19.471862 0.339034 5.124423 6
11.227424 0.346191 6.123727 6
3.734585 3.748932 5.132960 6
26.972068 3.908125 6.235720 6
18.614539 6.227757 5.365731 6
11.917529 6.209038 5.990250 6
2.891104 2.683000 5.400928 6
27.784684 2.622802 5.955297 6
19.137650 5.218668 6.222492 6
11.454942 5.269127 5.084409 6
3.281539 1.748626 6.243071 6
27.262179 1.661640 5.139930 6
18.622943 4.375344 6.339433 1
11.917954 4.474768 4.894616 1
2.947063 1.031875 6.327636 1
27.810430 0.994620 4.878981 1
17.311580 6.131439 4.623097 6
13.133172 6.000810 6.501887 6
1.674622 2.671182 4.612787 6
29.075593 2.549710 6.626070 6
16.855567 5.283880 4.945711 1
13.737749 5.248266 6.331986 1
1.151979 1.881177 4.773134 1
29.583122 1.823723 6.501706 1
16.890153 0.018238 3.782238 6
13.554876 0.145501 7.387470 6
1.219284 3.515654 3.884280 6
29.435380 3.478916 7.363357 6
16.056350 0.054554 3.378668 1
14.483232 6.924422 7.936501 1
0.350800 3.424304 3.372374 1
30.218165 3.482375 7.846752 1
17.678760 1.095524 3.496810 6
12.834084 1.181665 7.630736 6
2.043723 4.761839 3.460336 6
28.621583 4.649247 7.754494 6
18.969012 1.259169 4.222024 6
11.698511 1.359964 7.189169 6
3.249831 4.838158 4.201115 6
27.378009 4.788712 7.058160 6
19.465462 2.088993 4.008746 1
11.053147 2.027868 7.336353 1
3.737159 5.636027 4.039576 1
26.907944 5.645031 7.242597 1
22.262087 3.751039 7.379751 6
8.384458 3.695709 3.866261 6
6.392840 0.263356 7.404697 6
24.138429 0.284845 3.755265 6
22.179922 3.207751 6.539157 1
8.283716 3.203986 4.710426 1
6.392741 6.826565 6.475782 1
24.122448 6.860008 4.684238 1
22.671978 3.116201 8.112969 1
8.110584 3.272832 3.213406 1
6.853422 6.760558 8.013910 1
23.743129 6.685510 3.243165 1
22.906820 4.618864 7.436338 1
7.848054 4.560155 3.877770 1
6.979204 0.971478 7.368062 1
23.471741 0.961876 3.938230 1
17.950904 3.191551 2.306878 6
12.624286 3.226907 8.943399 6
2.222348 6.802948 2.271658 6
28.414380 6.717176 8.933129 6
18.145910 3.778109 3.054192 1
12.366892 3.727347 8.122230 1
2.411447 0.193098 3.045748 1
28.259527 0.271275 8.174070 1
17.432163 3.717188 1.695844 1
13.176687 3.786118 9.415090 1
1.604445 0.224173 1.825570 1
28.882187 0.258431 9.523542 1
18.749807 2.998519 1.871153 1
11.786785 3.002310 9.315240 1
3.062853 6.395423 1.897718 1
27.692239 6.526531 9.347002 1
14.847994 0.528024 11.178654 6
0.049131 4.120927 0.005436 6
14.878652 1.125272 10.513543 1
15.798002 1.100618 0.844674 1
30.576590 4.608174 10.507545 1
-0.011927 4.497803 0.835809 1
