0.354396 7.438374 15.123211 8
16.198253 2.921652 7.666687 8
16.545867 1.629261 0.163170 8
0.721839 6.296748 7.541113 8
1.881122 0.308183 8.570180 8
14.485205 4.709952 14.203019 8
15.026623 8.932680 6.640947 8
2.259313 4.414194 0.941457 8
3.879054 1.374320 0.417154 8
13.421105 5.881367 7.293114 8
12.916188 7.747807 14.894153 8
3.602170 3.177862 8.013974 8
5.424679 1.090340 10.833843 8
11.209570 5.750453 12.095808 8
11.545374 8.024844 4.372781 8
5.657150 3.461758 3.125728 8
6.225472 3.091980 14.324959 8
10.259458 7.605651 8.455461 8
10.643644 6.005899 0.877783 8
6.736272 1.456961 6.739631 8
4.477115 2.607610 12.995240 8
11.951256 7.353312 9.715981 8
12.252984 6.390249 2.149887 8
5.009303 1.965661 5.388648 8
8.069991 7.456392 3.605371 8
9.138881 2.895983 3.973216 8
8.755390 1.740161 11.704593 8
7.659594 6.211262 11.218690 8
2.230552 8.548196 14.671210 7
14.256935 3.986426 8.077402 7
14.473667 0.599580 0.618854 7
2.685461 5.229618 7.120936 7
3.035221 0.929402 10.444541 7
13.507506 5.518560 12.475745 7
13.714244 8.170351 4.712157 7
3.378416 3.643157 2.813878 7
1.594756 0.222632 1.444985 6
15.563269 4.732041 6.230072 6
15.316677 9.050618 13.941631 6
1.146735 4.503100 9.031038 6
0.779249 9.079325 1.810705 1
16.504369 4.575460 5.908626 1
16.073555 0.043327 13.543817 1
0.383094 4.629349 9.433515 1
1.562953 1.068232 0.937116 1
15.748844 5.687816 6.631179 1
15.270416 8.020618 14.203643 1
1.171687 3.613504 8.666169 1
2.273901 9.143620 2.055990 1
14.938138 4.558984 5.722791 1
14.524605 9.038223 13.264176 1
1.960516 4.565656 9.624349 1
1.874776 8.391114 0.148388 6
15.444276 3.776511 7.312167 6
14.906186 0.841625 15.083082 6
1.581324 5.401042 7.838573 6
2.700522 7.659865 13.686250 6
13.758458 3.066537 9.200490 6
14.178810 1.424172 1.482093 6
3.179938 6.033586 6.047498 6
2.153842 6.363142 13.243085 6
14.158689 1.768002 9.441335 6
14.705146 2.769739 1.860846 6
2.622275 7.344549 5.807046 6
1.441570 6.074084 13.847688 1
15.089098 1.500081 9.038799 1
15.372035 3.189382 1.390038 1
1.888147 7.593411 6.210798 1
2.988048 5.780594 12.442127 6
13.504127 1.131737 10.481983 6
14.008451 3.380602 2.850545 6
3.235378 7.960021 4.741532 6
2.516391 4.828652 12.164408 1
13.932253 0.236002 10.794555 1
14.272595 4.291737 3.226839 1
2.960931 8.935136 4.439978 1
4.028301 6.250289 11.759714 6
12.448483 1.688549 11.176616 6
12.930426 2.918838 3.528618 6
4.343494 7.534748 4.094676 6
4.420810 5.732401 11.065896 1
12.018275 1.022821 11.857693 1
12.348014 3.451904 4.183915 1
4.881896 7.936171 3.368875 1
4.461969 7.482298 12.178558 6
12.038211 2.853766 10.871415 6
12.341403 1.640708 3.172424 6
4.999702 6.300772 4.549572 6
5.388793 7.816988 11.692473 1
11.214306 3.288615 11.133531 1
11.491527 1.461871 3.643219 1
5.679422 5.931509 3.987834 1
3.788672 8.200366 13.146449 6
12.674422 3.576978 9.874652 6
13.030277 0.979497 2.198649 6
4.322221 5.647694 5.372175 6
3.214489 0.432974 14.698097 6
13.269042 5.136349 8.121029 6
13.665874 8.573816 0.495855 6
3.492403 4.182166 7.076970 6
4.165673 0.372345 13.615468 6
12.368932 4.969656 9.180687 6
12.774247 8.857094 1.661373 6
4.573092 4.123782 5.897784 6
5.586484 0.718712 14.032900 6
10.817909 5.355254 8.758397 6
11.305582 8.335071 1.238491 6
5.855395 3.740301 6.466347 6
6.080680 0.451439 13.352319 1
10.365324 5.055562 9.470029 1
10.620344 8.658998 2.024106 1
6.467860 4.063733 5.736904 1
6.822141 0.145964 0.061141 6
10.483191 4.684936 7.513831 6
10.058384 8.955776 15.140635 6
6.412012 4.398362 7.698999 6
7.279083 7.966015 0.104428 6
9.972813 3.479721 7.456538 6
9.723241 1.107742 15.134624 6
6.792493 5.675306 7.781412 6
6.433659 7.460880 14.584821 1
10.087803 2.940327 8.304688 1
10.460403 1.631449 0.722090 1
6.897222 6.290122 6.883453 1
7.523885 7.471621 1.265115 6
9.585383 2.870421 6.285123 6
9.323508 1.766838 13.875504 6
7.267599 6.350100 8.934673 6
7.762078 6.483683 1.341597 1
9.387231 1.965506 6.379087 1
9.027058 2.606817 13.940556 1
7.523418 7.164220 8.900332 1
7.602549 8.227089 2.489155 6
9.620593 3.601057 5.082248 6
9.183834 0.994775 12.719398 6
7.247483 5.457880 10.051317 6
8.279111 8.233972 4.775984 6
8.999725 3.661721 2.813071 6
8.724872 0.919803 10.369387 6
7.820423 5.413985 12.434896 6
8.595208 7.631036 5.591885 1
8.757669 3.040609 2.119934 1
8.315210 1.379079 9.716309 1
8.103094 6.053792 13.092529 1
7.297627 8.531691 4.958059 1
9.930290 3.987527 2.510372 1
9.487510 0.592291 10.207906 1
6.968445 5.218549 12.738334 1
8.866771 8.945270 4.736198 1
8.510390 4.478618 2.874103 1
7.949317 0.231810 10.456266 1
8.454857 4.669479 12.296736 1
7.226566 0.402746 2.379628 6
9.904033 4.842877 5.116988 6
9.567755 8.862907 12.797868 6
6.838329 4.142803 9.981969 6
7.249278 0.920449 3.322713 1
9.892639 5.448035 4.426197 1
9.600964 8.324216 12.079907 1
6.942916 3.628886 10.930426 1
6.819706 0.823202 1.304999 6
10.303162 5.554953 6.270481 6
9.997620 8.188685 13.985394 6
6.429620 3.627239 8.890224 6
6.650385 1.840313 1.200963 1
10.695282 6.346253 6.286334 1
10.393277 7.364845 13.911235 1
6.163064 2.716886 8.817055 1
5.523348 2.263940 13.919698 6
10.948248 6.883282 8.887304 6
11.377236 6.935625 1.311602 6
6.029744 2.317478 6.334042 6
3.705498 1.506473 12.619454 6
12.739710 6.237939 10.245680 6
13.050692 7.488297 2.590731 6
4.238810 3.043394 4.928214 6
2.407402 1.908178 12.437652 6
14.219733 6.411450 10.514005 6
14.543164 7.196541 2.765388 6
2.708357 2.685441 4.761903 6
1.365860 2.555916 13.236137 6
15.025447 7.055408 9.619160 6
15.382047 6.537881 2.083113 6
1.742629 2.051119 5.648379 6
1.710875 2.828899 14.034853 1
14.767252 7.426106 8.874131 1
15.185999 6.252525 1.129282 1
2.119074 1.797438 6.449496 1
0.087346 2.693368 12.777939 6
16.313130 7.150851 10.092413 6
16.727541 6.472570 2.502984 6
0.398161 1.870160 5.174079 6
-0.561974 3.043767 13.380791 1
17.069154 7.624155 9.480730 1
17.373360 6.038975 1.813205 1
-0.050421 1.508375 5.817149 1
-0.341280 2.200131 11.619387 6
16.794773 6.834316 11.295349 6
17.049176 6.870232 3.705940 6
0.190320 2.346964 3.938648 6
16.521953 2.366654 11.275648 1
-0.012854 6.909758 11.463835 1
0.333819 6.815170 3.896340 1
16.931186 2.249636 3.627716 1
0.589481 1.644151 10.799918 6
15.933257 6.210811 12.151077 6
16.332363 7.577100 4.544727 6
1.011530 3.028744 3.105951 6
0.309214 1.313257 9.923317 1
16.175853 5.831905 12.902669 1
16.478580 7.926048 5.329221 1
0.667989 3.411358 2.322941 1
1.921072 1.487163 11.180569 6
14.580455 6.091087 11.616806 6
15.021488 7.751438 4.054654 6
2.329743 3.113612 3.535559 6
3.028297 0.285624 9.061202 6
13.481033 4.822235 13.728951 6
13.888559 8.748258 6.055697 6
3.393970 4.244774 1.485111 6
4.309258 8.955835 8.532127 6
12.228723 4.377968 14.379920 6
12.500643 0.236374 6.719771 6
4.723983 4.830228 0.906588 6
4.146802 8.611714 7.673493 1
12.374916 4.032883 15.131744 1
12.695287 0.590551 7.569676 1
4.392833 5.224670 0.071428 1
4.671456 8.229427 9.231943 1
11.806619 3.761881 13.673254 1
12.239749 0.873640 6.153968 1
4.988029 5.432872 1.498009 1
4.969188 0.453412 8.437450 1
11.645215 5.023282 14.318516 1
12.018290 8.618945 6.750391 1
5.286292 4.123593 0.836910 1
4.243224 1.119137 11.261142 6
12.181526 5.809600 11.738068 6
12.662651 8.005017 4.118519 6
4.695768 3.320848 3.501288 6
