4.207510 1.557044 7.102359 8
-3.227831 1.574304 8.918849 8
9.150520 5.220577 15.070202 8
9.247603 5.151913 0.844989 8
5.319670 5.866147 9.047025 8
12.855261 5.880038 7.096136 8
0.589229 2.080308 0.847135 8
0.526906 2.082921 15.023653 8
4.851762 1.478053 7.957493 1
-3.794762 1.510666 8.164826 1
9.559675 5.222197 15.976819 1
8.611848 5.255448 0.176556 1
4.897406 5.762011 8.076086 1
13.440627 5.789828 7.948928 1
-0.020715 2.123184 0.045313 1
0.901222 2.060732 15.930718 1
3.883849 0.608777 6.913284 1
-3.018626 0.690456 9.140539 1
8.846528 4.395400 14.801540 1
9.520527 4.446922 1.261429 1
5.666544 6.745584 9.245148 1
12.641462 6.742311 6.875620 1
0.848510 3.054901 1.234913 1
0.183423 2.931442 14.786273 1
5.870943 1.488604 9.744441 17
12.296469 1.409075 6.321281 17
1.052777 5.211931 1.706805 17
-0.143660 5.139116 14.220608 17
3.594172 5.900202 6.191471 17
-2.683005 5.844259 9.782458 17
8.580455 2.239305 14.255722 17
9.758368 2.174967 1.712771 17
7.078982 3.412484 5.125677 7
11.285866 3.357196 10.941291 7
-5.447258 7.067420 13.190695 7
6.428148 7.177105 2.899343 7
2.536089 3.894367 10.896959 7
-1.514038 3.861937 5.278257 7
15.066649 0.247995 2.857098 7
3.311926 0.272583 13.143780 7
8.460966 3.032631 5.007332 6
9.942038 2.976262 10.933964 6
-4.017181 6.663152 13.137478 6
5.097377 6.800256 2.853133 6
1.266429 4.218689 11.027220 6
-0.341802 4.370618 5.108560 6
13.699793 0.653661 2.993852 6
4.471860 0.525192 13.173434 6
8.778462 2.695421 4.304464 1
9.641210 2.677371 11.721702 1
-3.766151 6.528179 12.335856 1
4.700528 6.485527 3.685981 1
0.972539 4.552016 11.877017 1
0.129961 4.623504 4.248206 1
13.449494 0.872492 3.680900 1
4.862251 0.840484 12.339137 1
9.151829 3.037910 6.145397 6
9.158713 3.048076 9.897529 6
-3.286786 6.778565 14.285906 6
4.224481 6.700569 1.944945 6
0.363725 4.365609 9.786982 6
0.605329 4.281217 6.251630 6
12.864399 0.573653 1.935309 6
5.455609 0.673510 14.166433 6
10.131688 2.867758 6.135494 1
8.175652 2.871977 9.977107 1
-2.275975 6.415524 14.106562 1
3.423005 6.445882 1.970203 1
-0.526152 4.534034 9.921169 1
1.453116 4.626417 6.174954 1
11.978828 0.945441 1.943520 1
6.209902 0.925867 14.136345 1
8.743085 3.360079 7.498059 6
9.568020 3.505549 8.553226 6
-3.701093 7.224938 15.532004 6
4.705042 7.220543 0.594984 6
0.867130 3.884541 8.680542 6
0.091193 3.969929 7.373081 6
13.390871 0.206661 0.534297 6
4.977851 0.301852 15.529872 6
7.427673 3.745002 7.598318 6
10.850828 3.788417 8.631141 6
-5.111200 0.075008 15.522137 6
6.035879 0.119469 0.573154 6
2.198324 3.479668 8.496000 6
-1.231097 3.503297 7.596242 6
14.787503 7.150932 0.596069 6
3.647528 7.107657 15.598873 6
7.004281 4.145250 8.424179 1
11.335606 4.189045 7.656728 1
2.135801 0.507973 0.266915 1
-1.172982 0.517166 15.735940 1
2.705249 3.274357 7.711253 1
-1.583323 3.203913 8.284115 1
7.465347 6.963930 15.756510 1
10.845891 7.018363 0.233393 1
6.665785 3.927939 6.372630 6
11.643276 3.809391 9.738249 6
-5.791307 0.237564 14.438504 6
6.867652 0.130604 1.664916 6
3.063615 3.485347 9.730169 6
-1.953473 3.497334 6.406980 6
15.550593 7.223817 1.596149 6
2.706080 7.213476 14.361800 6
5.720616 4.260550 6.493862 1
12.632750 4.080215 9.587735 1
-6.769948 0.580715 14.519597 1
7.686327 0.484134 1.661095 1
3.958359 3.201321 9.542642 1
-2.975794 3.150741 6.467418 1
16.300589 6.960528 1.535886 1
1.814349 6.856416 14.530868 1
6.092074 3.446295 4.116074 6
-5.205761 3.403148 11.979562 6
10.968612 7.044893 12.128579 6
7.236906 7.097804 3.938321 6
3.369980 3.912562 11.912040 6
14.794125 4.045614 4.023279 6
-1.343493 0.277204 4.025708 6
2.443847 0.235525 12.076688 6
6.716867 3.714881 2.794348 6
-5.593284 3.777328 13.244667 6
11.543651 0.142786 10.733235 6
6.807045 0.113426 5.287498 6
3.005592 3.729640 13.218676 6
15.362774 3.596986 2.884100 6
-1.842735 7.333124 5.244964 6
2.905924 7.278990 10.740541 6
7.624849 3.931093 2.686288 1
10.648696 3.915522 13.312860 1
-4.792959 0.235114 10.787017 1
5.880589 0.244485 5.250892 1
2.011078 3.478972 13.447501 1
-1.123447 3.381840 2.622138 1
14.592576 7.013851 5.401480 1
3.758996 7.033217 10.754403 1
5.752222 3.588581 1.618551 6
-4.729950 3.743020 14.381554 6
10.636977 7.325338 9.766815 6
7.547466 0.022401 6.325198 6
3.791352 3.768703 14.357327 6
14.475070 3.596810 1.698461 6
-0.935297 7.360505 6.396201 6
2.086275 7.284395 9.741990 6
6.222027 3.801092 0.870722 1
-5.138565 3.781253 15.112769 1
10.924618 0.131579 8.788808 1
7.365203 0.259404 7.154263 1
3.574481 3.502709 15.218031 1
14.849999 3.538026 0.850714 1
-1.385143 7.083326 7.259699 1
2.253386 7.198223 8.813729 1
4.420798 3.241703 1.934119 6
-3.500486 3.414188 14.241266 6
9.305147 6.915106 9.899753 6
8.903446 6.966769 6.062267 6
5.072105 4.107385 14.134610 6
13.185258 3.952982 1.887599 6
0.366417 0.369243 6.178790 6
0.713935 0.282517 9.853599 6
3.998599 3.273080 1.066342 1
-2.852317 3.222562 14.915819 1
8.847213 7.059644 9.077430 1
9.614562 7.017320 6.986706 1
5.756411 4.080507 14.989592 1
12.636767 3.991757 1.155286 1
0.956806 0.379528 6.841823 1
0.045962 0.370491 9.160786 1
4.067955 2.908099 3.151722 6
-3.113677 3.012034 12.978544 6
8.758443 6.633515 11.149702 6
9.374902 6.641713 4.843871 6
5.558748 4.424590 12.942027 6
12.585209 4.369756 3.168159 6
0.840759 0.767533 4.864410 6
0.121863 0.683090 11.178490 6
3.123252 2.859659 3.167187 1
-2.089015 2.721791 12.726726 1
8.029377 6.363950 11.251692 1
10.296145 6.422671 4.780508 1
6.605880 4.605291 12.881601 1
11.690312 4.616225 3.272774 1
1.701727 0.840263 4.713250 1
-0.622212 0.916905 11.200142 1
4.812515 3.039902 4.130406 6
-3.796936 3.116514 11.726744 6
9.603796 6.764086 12.241131 6
8.624156 6.627616 3.869305 6
4.691980 4.271702 11.899150 6
13.453425 4.333698 4.197688 6
-0.078332 0.626539 3.740463 6
0.989896 0.569815 12.168417 6
4.622566 2.824706 5.085937 1
-3.567881 2.852022 11.022950 1
9.299322 6.485273 13.167419 1
8.925967 6.515912 2.895356 1
5.081446 4.628055 10.927325 1
13.214994 4.480624 5.011466 1
0.321808 0.928686 3.022295 1
0.731454 0.799100 13.022569 1
